10000 21.1
20000 16.6422
30000 14.8706
40000 13.1245
50000 12.0876
60000 10.9851
70000 10.263
80000 9.45785
90000 8.89494
100000 8.3167
110000 7.86992
120000 7.43789
130000 7.11297
140000 6.77418
150000 7.72123
160000 6.31599
170000 6.26003
180000 5.91584
190000 6.03845
200000 5.77066
210000 5.64928
220000 5.4777
230000 5.46674
240000 5.31614
250000 5.31676
260000 5.23119
270000 5.17452
280000 5.06604
290000 5.06783
300000 5.45871
310000 5.00847
320000 4.93947
330000 4.90401
340000 4.87156
350000 4.83847
360000 4.82022
370000 4.79205
380000 4.77368
390000 4.73967
400000 4.72725
410000 4.69531
420000 4.67968
430000 4.6576
440000 4.64693
450000 4.62627
460000 4.61319
470000 4.59045
480000 4.58489
490000 4.5648
500000 4.5625
510000 4.53381
520000 4.54584
530000 4.51681
540000 4.52935
550000 4.50048
560000 4.51649
570000 4.49113
580000 4.51845
590000 4.68882
600000 5.14128
610000 4.47889
620000 4.61003
630000 4.86131
640000 4.60024
650000 4.46912
660000 4.55604
670000 4.45853
680000 4.55645
690000 4.45796
700000 4.59115
710000 4.77767
720000 4.51784
730000 4.45457
740000 4.95327
750000 4.64013
760000 4.51729
770000 4.49921
780000 4.49199
790000 4.49576
800000 4.48735
810000 4.49518
820000 4.48519
830000 4.49002
840000 4.47473
850000 4.4779
860000 4.47242
870000 4.47557
880000 4.47133
890000 4.47452
900000 4.46415
910000 4.4682
920000 4.4585
930000 4.46476
940000 4.45458
950000 4.46718
960000 4.4461
970000 4.46786
980000 4.44711
990000 4.47035
1000000 4.44995
1010000 4.48688
1020000 4.4969
1030000 4.48324
1040000 4.69539
1050000 4.694
1060000 4.46695
1070000 4.58971
1080000 4.86324
1090000 4.57085
1100000 4.47652
1110000 4.57357
1120000 4.48029
1130000 4.57664
1140000 4.5475
1150000 4.58026
1160000 4.50441
1170000 4.55889
1180000 5.03749
1190000 6.19757
1200000 4.58811
1210000 4.5527
1220000 4.55527
1230000 4.55249
1240000 4.5595
1250000 4.55407
1260000 4.56461
1270000 4.55369
1280000 4.5639
1290000 4.55028
1300000 4.55751
1310000 4.55383
1320000 4.55895
1330000 4.55816
1340000 4.55716
1350000 4.55269
1360000 4.5615
1370000 4.5518
1380000 4.56256
1390000 4.54966
1400000 4.56885
1410000 4.54899
1420000 4.57238
1430000 4.55483
1440000 4.5784
1450000 4.55861
1460000 4.59746
1470000 4.57176
1480000 6.17686
1490000 4.63618
1500000 4.7169
1510000 4.5816
1520000 4.89053
1530000 4.71842
1540000 4.6893
1550000 4.59977
1560000 4.69412
1570000 4.60502
1580000 4.70178
1590000 4.92935
1600000 4.68822
1610000 4.62648
1620000 4.68785
1630000 4.81366
1640000 4.71984
1650000 4.69093
1660000 4.68503
1670000 4.69001
1680000 4.68543
1690000 4.69627
1700000 4.69291
1710000 4.7016
1720000 4.68728
1730000 4.70188
1740000 4.69176
1750000 4.69763
1760000 4.69638
1770000 4.70203
1780000 4.69939
1790000 4.70219
1800000 4.69662
1810000 4.70462
1820000 4.69789
1830000 4.71042
1840000 4.69455
1850000 4.71612
1860000 4.69952
1870000 4.72305
1880000 4.70605
1890000 4.73034
1900000 4.71474
1910000 4.74351
1920000 4.92103
1930000 5.35994
1940000 4.73588
1950000 4.85192
1960000 5.11307
1970000 4.87201
1980000 4.75424
1990000 4.84354
2000000 4.75723
2010000 4.85468
2020000 4.76781
2030000 4.89838
2040000 4.78633
2050000 4.83945
2060000 4.78545
2070000 5.25745
2080000 4.87102
2090000 4.85774
2100000 4.84478
2110000 4.84278
2120000 4.84937
2130000 4.84609
2140000 4.85673
2150000 4.85192
2160000 4.85962
2170000 4.84768
2180000 4.85532
2190000 4.8539
2200000 4.85995
2210000 4.8594
2220000 4.86406
2230000 4.85929
2240000 4.86539
2250000 4.85764
2260000 4.86819
2270000 4.85752
2280000 4.87575
2290000 4.85963
2300000 4.88151
2310000 4.86583
2320000 4.88897
2330000 4.87155
2340000 4.90911
2350000 4.92068
2360000 6.41298
2370000 4.94755
2380000 5.1075
2390000 4.90213
2400000 5.18885
2410000 5.02771
2420000 5.00288
2430000 4.91888
2440000 5.00936
2450000 4.92464
2460000 5.01588
2470000 4.991
2480000 5.02268
2490000 4.94765
2500000 5.00587
2510000 5.44749
2520000 6.53652
2530000 5.01061
2540000 5.00753
2550000 5.01122
2560000 5.0103
2570000 5.01784
2580000 5.0148
2590000 5.0243
2600000 5.01729
2610000 5.02772
2620000 5.01705
2630000 5.02472
2640000 5.0228
2650000 5.02846
2660000 5.02951
2670000 5.02948
2680000 5.0252
2690000 5.03593
2700000 5.02745
2710000 5.03937
2720000 5.02532
2730000 5.04736
2740000 5.03105
2750000 5.05318
2760000 5.03841
2770000 5.0605
2780000 5.04694
2790000 5.07977
2800000 5.05777
2810000 5.84145
2820000 5.06853
2830000 5.19201
2840000 5.07052
2850000 5.35205
2860000 5.08749
2870000 5.17087
2880000 5.09066
2890000 5.17705
2900000 5.10178
2910000 5.22454
2920000 5.3936
2930000 5.17516
2940000 5.12044
2950000 5.56405
2960000 5.29133
2970000 5.2071
2980000 5.17672
2990000 5.17546
3000000 5.18208
3010000 5.17897
3020000 5.18963
3030000 5.18721
3040000 5.19293
3050000 5.18364
3060000 5.18968
3070000 5.18897
3080000 5.19468
3090000 5.19464
3100000 5.20029
3110000 5.1951
3120000 5.20163
3130000 5.19664
3140000 5.2053
3150000 5.19911
3160000 5.21184
3170000 5.19738
3180000 5.2182
3190000 5.20417
3200000 5.22555
3210000 5.21116
3220000 5.23345
3230000 5.25616
3240000 5.2465
3250000 5.40817
3260000 5.81081
3270000 5.2398
3280000 5.34691
3290000 5.58552
3300000 5.3662
3310000 5.25659
3320000 5.34162
3330000 5.26372
3340000 5.35257
3350000 5.27445
3360000 5.35514
3370000 5.29212
3380000 5.34071
3390000 5.29225
3400000 6.79608
3410000 5.37063
3420000 5.35909
3430000 5.34642
3440000 5.3454
3450000 5.35268
3460000 5.35037
3470000 5.36019
3480000 5.3565
3490000 5.36265
3500000 5.35344
3510000 5.36032
3520000 5.35995
3530000 5.36452
3540000 5.36543
3550000 5.37036
3560000 5.36377
3570000 5.37229
3580000 5.366
3590000 5.37562
3600000 5.36667
3610000 5.38326
3620000 5.36863
3630000 5.3892
3640000 5.37569
3650000 5.39664
3660000 5.38142
3670000 5.41563
3680000 5.39465
3690000 6.80904
3700000 5.45156
3710000 5.59748
3720000 5.40736
3730000 5.67246
3740000 5.52568
3750000 5.50351
3760000 5.42691
3770000 5.50824
3780000 5.4334
3790000 5.51663
3800000 5.49421
3810000 5.50712
3820000 5.45549
3830000 5.50871
3840000 5.91309
3850000 5.53769
3860000 5.51377
3870000 5.51136
3880000 5.51499
3890000 5.51183
3900000 5.52135
3910000 5.5199
3920000 5.5278
3930000 5.52176
3940000 5.52964
3950000 5.52213
3960000 5.52776
3970000 5.5278
3980000 5.53327
3990000 5.53171
4000000 5.53464
4010000 5.53137
4020000 5.53839
4030000 5.53389
4040000 5.54471
4050000 5.53243
4060000 5.55245
4070000 5.53787
4080000 5.55823
4090000 5.54509
4100000 5.56584
4110000 5.55326
4120000 5.58332
4130000 5.73073
4140000 6.11227
4150000 5.57376
4160000 5.6865
4170000 5.89876
4180000 5.69174
4190000 5.59172
4200000 5.66806
4210000 5.59502
4220000 5.67927
4230000 5.60561
4240000 5.71781
4250000 5.87283
4260000 5.6685
4270000 5.62291
4280000 6.03042
4290000 5.77977
4300000 5.68619
4310000 5.67554
4320000 5.67446
4330000 5.68081
4340000 5.67833
4350000 5.68784
4360000 5.68433
4370000 5.69121
4380000 5.68296
4390000 5.68861
4400000 5.68807
4410000 5.69351
4420000 5.69353
4430000 5.69905
4440000 5.69455
4450000 5.69994
4460000 5.69643
4470000 5.70335
4480000 5.69893
4490000 5.71074
4500000 5.6977
4510000 5.71668
4520000 5.70376
4530000 5.72372
4540000 5.7108
4550000 5.74169
4560000 5.75206
4570000 5.74343
4580000 5.77613
4590000 5.91382
4600000 5.73771
4610000 5.83586
4620000 6.05533
4630000 5.8253
4640000 5.75353
4650000 5.83157
4660000 5.76034
4670000 5.83789
4680000 5.81674
4690000 5.84448
4700000 5.78685
4710000 5.83132
4720000 6.21426
4730000 7.18838
4740000 5.8592
4750000 5.83341
4760000 5.83678
4770000 5.83649
4780000 5.84315
4790000 5.84097
4800000 5.85029
4810000 5.84374
4820000 5.85284
4830000 5.84411
4840000 5.85097
4850000 5.84966
4860000 5.85501
4870000 5.85594
4880000 5.8562
4890000 5.85477
4900000 5.86236
4910000 5.85709
4920000 5.86601
4930000 5.85787
4940000 5.87342
4950000 5.85985
4960000 5.87868
4970000 5.86665
4980000 5.88578
4990000 5.87192
5000000 5.90293
5010000 5.88424
5020000 7.20318
5030000 5.93667
5040000 6.00087
5050000 5.8962
5060000 6.14041
5070000 6.00515
5080000 5.9835
5090000 5.91447
5100000 5.98939
5110000 5.92057
5120000 5.99728
5130000 6.17805
5140000 5.98867
5150000 5.94124
5160000 5.99026
5170000 6.08993
5180000 6.01709
5190000 5.99511
5200000 5.99002
5210000 5.99596
5220000 5.99361
5230000 6.00294
5240000 6.00111
5250000 6.00847
5260000 5.99843
5270000 6.01037
5280000 6.00341
5290000 6.00878
5300000 6.00871
5310000 6.01387
5320000 6.01258
5330000 6.01532
5340000 6.01269
5350000 6.01895
5360000 6.01512
5370000 6.02502
5380000 6.01387
5390000 6.0309
5400000 6.01896
5410000 6.03774
5420000 6.02541
5430000 6.04479
5440000 6.03331
5450000 6.05644
5460000 6.19716
5470000 6.55165
5480000 6.05243
5490000 6.14433
5500000 6.35318
5510000 6.16149
5520000 6.06918
5530000 6.1404
5540000 6.07275
5550000 6.15022
5560000 6.08223
5570000 6.1859
5580000 6.09803
5590000 6.1405
5600000 6.09844
5610000 6.47613
5620000 6.16688
5630000 6.15703
5640000 6.14719
5650000 6.14716
5660000 6.15173
5670000 6.14992
5680000 6.15858
5690000 6.15557
5700000 6.16193
5710000 6.15316
5720000 6.15963
5730000 6.15899
5740000 6.1643
5750000 6.16436
5760000 6.16859
5770000 6.16546
5780000 6.17041
5790000 6.16539
5800000 6.17369
5810000 6.16613
5820000 6.18058
5830000 6.16866
5840000 6.18604
5850000 6.17435
5860000 6.19282
5870000 6.17959
5880000 6.20952
5890000 6.2191
5900000 7.45619
5910000 6.24122
5920000 6.3692
5930000 6.20601
5940000 6.43544
5950000 6.30636
5960000 6.28724
5970000 6.22077
5980000 6.29325
5990000 6.22609
6000000 6.29907
6010000 6.27941
6020000 6.3052
6030000 6.24582
6040000 6.29255
6050000 6.64948
6060000 7.56785
6070000 6.29722
6080000 6.29516
6090000 6.29832
6100000 6.29806
6110000 6.30412
6120000 6.30227
6130000 6.31
6140000 6.30489
6150000 6.31341
6160000 6.3053
6170000 6.31172
6180000 6.31051
6190000 6.31538
6200000 6.31647
6210000 6.3167
6220000 6.31419
6230000 6.32246
6240000 6.31653
6250000 6.32591
6260000 6.31532
6270000 6.33286
6280000 6.32037
6290000 6.33812
6300000 6.3267
6310000 6.34451
6320000 6.33391
6330000 6.3604
6340000 6.34308
6350000 6.82953
6360000 6.35219
6370000 6.45154
6380000 6.35425
6390000 6.58149
6400000 6.36822
6410000 6.43554
6420000 6.3713
6430000 6.44101
6440000 6.38065
6450000 6.47962
6460000 6.6168
6470000 6.44038
6480000 6.39688
6490000 6.75732
6500000 6.53469
6510000 6.46696
6520000 6.44263
6530000 6.4419
6540000 6.44728
6550000 6.4453
6560000 6.45377
6570000 6.45217
6580000 6.45691
6590000 6.44972
6600000 6.45475
6610000 6.45435
6620000 6.45922
6630000 6.45938
6640000 6.46415
6650000 6.46032
6660000 6.4655
6670000 6.46218
6680000 6.469
6690000 6.46444
6700000 6.47469
6710000 6.46343
6720000 6.4802
6730000 6.4692
6740000 6.48649
6750000 6.47514
6760000 6.49321
6770000 6.5116
6780000 6.50407
6790000 6.63529
6800000 6.96759
6810000 6.4991
6820000 6.58606
6830000 6.78129
6840000 6.60211
6850000 6.51322
6860000 6.58243
6870000 6.51933
6880000 6.59162
6890000 6.52809
6900000 6.59398
6910000 6.54297
6920000 6.58259
6930000 6.5433
6940000 7.8101
6950000 6.60725
6960000 6.59804
6970000 6.58744
6980000 6.5872
6990000 6.59312
7000000 6.59139
7010000 6.5995
7020000 6.59673
7030000 6.60182
7040000 6.59446
7050000 6.60025
7060000 6.60001
7070000 6.60395
7080000 6.60475
7090000 6.60899
7100000 6.60394
7110000 6.61067
7120000 6.60608
7130000 6.61377
7140000 6.60679
7150000 6.62026
7160000 6.60858
7170000 6.62533
7180000 6.61449
7190000 6.63163
7200000 6.61932
7210000 6.64729
7220000 6.63029
7230000 7.8245
7240000 6.67689
7250000 6.79674
7260000 6.64103
7270000 6.85883
7280000 6.73788
7290000 6.72001
7300000 6.65741
7310000 6.72407
7320000 6.66281
7330000 6.73111
7340000 6.7127
7350000 6.72352
7360000 6.68129
7370000 6.72502
7380000 7.0601
7390000 6.74893
7400000 6.7294
7410000 6.72749
7420000 6.73092
7430000 6.72804
7440000 6.73582
7450000 6.7348
7460000 6.74136
7470000 6.73648
7480000 6.74305
7490000 6.73695
7500000 6.74171
7510000 6.7418
7520000 6.74642
7530000 6.74516
7540000 6.74764
7550000 6.74541
7560000 6.75094
7570000 6.7476
7580000 6.75633
7590000 6.74646
7600000 6.76282
7610000 6.75101
7620000 6.76775
7630000 6.75705
7640000 6.77412
7650000 6.76377
7660000 6.78861
7670000 6.91037
7680000 7.23006
7690000 6.78093
7700000 6.87407
7710000 7.05067
7720000 6.87852
7730000 6.79589
7740000 6.85908
7750000 6.79874
7760000 6.86843
7770000 6.80756
7780000 6.9004
7790000 7.02937
7800000 6.8597
7810000 6.8221
7820000 7.16184
7830000 6.95212
7840000 6.87456
7850000 6.86579
7860000 6.86495
7870000 6.86985
7880000 6.8682
7890000 6.8761
7900000 6.87331
7910000 6.87903
7920000 6.87225
7930000 6.87701
7940000 6.8765
7950000 6.88118
7960000 6.8812
7970000 6.88586
7980000 6.88227
7990000 6.88661
8000000 6.88405
8010000 6.88961
8020000 6.88616
8030000 6.89583
8040000 6.8852
8050000 6.90086
8060000 6.89023
8070000 6.90681
8080000 6.89614
8090000 6.92174
8100000 6.93031
8110000 6.92327
8120000 6.95037
8130000 7.06538
8140000 6.91857
8150000 7.00032
8160000 7.18414
8170000 6.9916
8180000 6.93179
8190000 6.9969
8200000 6.93751
8210000 7.00222
8220000 6.98447
8230000 7.00772
8240000 6.95972
8250000 6.99756
8260000 7.31903
8270000 8.16242
8280000 7.02017
8290000 6.99865
8300000 7.0015
8310000 7.00125
8320000 7.00673
8330000 7.00501
8340000 7.01281
8350000 7.00737
8360000 7.01502
8370000 7.00773
8380000 7.01352
8390000 7.01241
8400000 7.01697
8410000 7.01771
8420000 7.01794
8430000 7.01698
8440000 7.02311
8450000 7.019
8460000 7.02629
8470000 7.01962
8480000 7.03251
8490000 7.02128
8500000 7.03697
8510000 7.02692
8520000 7.04295
8530000 7.03131
8540000 7.05729
8550000 7.04164
8560000 8.17597
8570000 7.08571
8580000 7.13951
8590000 7.05167
8600000 7.25719
8610000 7.14303
8620000 7.125
8630000 7.06697
8640000 7.12992
8650000 7.0721
8660000 7.13649
8670000 7.28904
8680000 7.12934
8690000 7.08949
8700000 7.13069
8710000 7.21463
8720000 7.15325
8730000 7.1348
8740000 7.13045
8750000 7.13547
8760000 7.13349
8770000 7.14126
8780000 7.13981
8790000 7.14602
8800000 7.13756
8810000 7.14764
8820000 7.14172
8830000 7.14633
8840000 7.14623
8850000 7.15062
8860000 7.14949
8870000 7.15176
8880000 7.14984
8890000 7.1549
8900000 7.15163
8910000 7.16003
8920000 7.15075
8930000 7.16498
8940000 7.15498
8950000 7.17075
8960000 7.16037
8970000 7.1767
8980000 7.16694
8990000 7.18647
9000000 7.30543
9010000 7.6085
9020000 7.18306
9030000 7.26072
9040000 7.43826
9050000 7.27525
9060000 7.19712
9070000 7.2574
9080000 7.20011
9090000 7.26567
9100000 7.2081
9110000 7.29582
9120000 7.22149
9130000 7.25741
9140000 7.2218
9150000 7.54352
9160000 7.27976
9170000 7.27135
9180000 7.26304
9190000 7.26147
9200000 7.26682
9210000 7.26523
9220000 7.27258
9230000 7.27002
9240000 7.27544
9250000 7.26793
9260000 7.2735
9270000 7.27286
9280000 7.2774
9290000 7.2774
9300000 7.28105
9310000 7.27842
9320000 7.28247
9330000 7.27845
9340000 7.28531
9350000 7.27899
9360000 7.29114
9370000 7.2811
9380000 7.29574
9390000 7.28584
9400000 7.3015
9410000 7.2902
9420000 7.31559
9430000 7.32365
9440000 8.39964
9450000 7.34245
9460000 7.45156
9470000 7.31249
9480000 7.50821
9490000 7.39779
9500000 7.38158
9510000 7.32491
9520000 7.38662
9530000 7.32939
9540000 7.39155
9550000 7.3747
9560000 7.39673
9570000 7.34617
9580000 7.38592
9590000 7.69226
9600000 8.49868
9610000 7.38988
9620000 7.38804
9630000 7.39074
9640000 7.38911
9650000 7.39558
9660000 7.39397
9670000 7.40057
9680000 7.39616
9690000 7.40346
9700000 7.39646
9710000 7.40195
9720000 7.40087
9730000 7.40506
9740000 7.40592
9750000 7.40609
9760000 7.40415
9770000 7.41095
9780000 7.40609
9790000 7.4139
9800000 7.40495
9810000 7.41977
9820000 7.40918
9830000 7.42423
9840000 7.41447
9850000 7.42964
9860000 7.4205
9870000 7.44314
9880000 7.42831
9890000 7.84784
9900000 7.43605
9910000 7.5211
9920000 7.43773
9930000 7.63276
9940000 7.44958
9950000 7.50727
9960000 7.45215
9970000 7.51189
9980000 7.46013
9990000 7.54493
10000000 7.663
10010000 7.51121
10020000 7.47372
10030000 7.78464
10040000 7.59218
10050000 7.53389
10060000 7.51304
10070000 7.51232
10080000 7.51692
10090000 7.51511
10100000 7.52239
10110000 7.52097
10120000 7.52504
10130000 7.5188
10140000 7.52315
10150000 7.52269
10160000 7.52692
10170000 7.52698
10180000 7.53109
10190000 7.52783
10200000 7.53211
10210000 7.52942
10220000 7.53511
10230000 7.53127
10240000 7.53994
10250000 7.53032
10260000 7.5446
10270000 7.53517
10280000 7.54996
10290000 7.54016
10300000 7.55564
10310000 7.57137
10320000 7.56489
10330000 7.67796
10340000 7.96687
10350000 7.5605
10360000 7.63538
10370000 7.80437
10380000 7.64918
10390000 7.57247
10400000 7.63211
10410000 7.57764
10420000 7.63995
10430000 7.58521
10440000 7.64189
10450000 7.59788
10460000 7.632
10470000 7.59813
10480000 8.71284
10490000 7.6532
10500000 7.64516
10510000 7.63602
10520000 7.63572
10530000 7.64081
10540000 7.63907
10550000 7.64623
10560000 7.64376
10570000 7.64816
10580000 7.64172
10590000 7.64674
10600000 7.64642
10610000 7.64987
10620000 7.65047
10630000 7.65415
10640000 7.64982
10650000 7.65541
10660000 7.65163
10670000 7.65817
10680000 7.65211
10690000 7.66361
10700000 7.65355
10710000 7.66791
10720000 7.65852
10730000 7.67328
10740000 7.66259
10750000 7.68672
10760000 7.67197
10770000 8.7247
10780000 7.71221
10790000 7.81616
10800000 7.68106
10810000 7.87013
10820000 7.76485
10830000 7.74937
10840000 7.69493
10850000 7.75279
10860000 7.69962
10870000 7.7588
10880000 7.74273
10890000 7.75213
10900000 7.71547
10910000 7.75334
10920000 8.04568
10930000 7.77399
10940000 7.75706
10950000 7.75528
10960000 7.75751
10970000 7.75565
10980000 7.76238
10990000 7.76137
11000000 7.76711
11010000 7.76279
11020000 7.7685
11030000 7.76309
11040000 7.76725
11050000 7.76718
11060000 7.77125
11070000 7.77005
11080000 7.77245
11090000 7.77037
11100000 7.77495
11110000 7.77216
11120000 7.77958
11130000 7.77103
11140000 7.78509
11150000 7.77486
11160000 7.7893
11170000 7.77996
11180000 7.79472
11190000 7.78566
11200000 7.80721
11210000 7.91328
11220000 8.19389
11230000 7.80041
11240000 7.88148
11250000 8.03598
11260000 7.88526
11270000 7.81317
11280000 7.86821
11290000 7.81555
11300000 7.87624
11310000 7.82312
11320000 7.90402
11330000 8.0168
11340000 7.86843
11350000 7.83561
11360000 8.13309
11370000 7.94903
11380000 7.88118
11390000 7.87354
11400000 7.87269
11410000 7.87693
11420000 7.87538
11430000 7.88227
11440000 7.87975
11450000 7.88474
11460000 7.87874
11470000 7.8829
11480000 7.88231
11490000 7.88643
11500000 7.88634
11510000 7.89041
11520000 7.88726
11530000 7.89089
11540000 7.88876
11550000 7.89346
11560000 7.89049
11570000 7.89879
11580000 7.88953
11590000 7.90308
11600000 7.89378
11610000 7.90816
11620000 7.89884
11630000 7.9211
11640000 7.92852
11650000 7.92231
11660000 7.94599
11670000 8.04673
11680000 7.91807
11690000 7.98954
11700000 8.15112
11710000 7.98182
11720000 7.92936
11730000 7.98635
11740000 7.93425
11750000 7.9909
11760000 7.97524
11770000 7.99558
11780000 7.95351
11790000 7.9859
11800000 8.26966
11810000 9.02459
11820000 8.00629
11830000 7.9873
11840000 7.98981
11850000 7.98946
11860000 7.99421
11870000 7.99263
11880000 7.99946
11890000 7.99458
11900000 8.0013
11910000 7.9948
11920000 7.99989
11930000 7.9988
11940000 8.0028
11950000 8.00335
11960000 8.00351
11970000 8.00271
11980000 8.0079
11990000 8.0044
12000000 8.01063
12010000 8.00479
12020000 8.01596
12030000 8.00613
12040000 8.01976
12050000 8.01092
12060000 8.0249
12070000 8.01464
12080000 8.03736
12090000 8.02359
12100000 9.0354
12110000 8.06218
12120000 8.10946
12130000 8.03215
12140000 8.21312
12150000 8.11236
12160000 8.09646
12170000 8.04532
12180000 8.10066
12190000 8.04972
12200000 8.17153
12210000 8.24087
12220000 8.09991
12230000 8.06481
12240000 8.10099
12250000 8.17495
12260000 8.12073
12270000 8.10448
12280000 8.10054
12290000 8.10493
12300000 8.10306
12310000 8.1099
12320000 8.10852
12330000 8.11398
12340000 8.10642
12350000 8.11529
12360000 8.10996
12370000 8.11403
12380000 8.11383
12390000 8.11769
12400000 8.11659
12410000 8.11853
12420000 8.11694
12430000 8.12122
12440000 8.11822
12450000 8.12562
12460000 8.11746
12470000 8.12985
12480000 8.12103
12490000 8.13482
12500000 8.12565
12510000 8.13995
12520000 8.13129
12530000 8.14844
12540000 8.2535
12550000 8.52286
12560000 8.14526
12570000 8.21375
12580000 8.37109
12590000 8.2265
12600000 8.1574
12610000 8.21058
12620000 8.15991
12630000 8.21779
12640000 8.16684
12650000 8.24428
12660000 8.17857
12670000 8.21023
12680000 8.17872
12690000 8.4641
12700000 8.22988
12710000 8.22231
12720000 8.21497
12730000 8.21343
12740000 8.21817
12750000 8.21662
12760000 8.22313
12770000 8.22075
12780000 8.22554
12790000 8.21877
12800000 8.2237
12810000 8.22301
12820000 8.22703
12830000 8.22692
12840000 8.23015
12850000 8.22735
12860000 8.23121
12870000 8.22775
12880000 8.23365
12890000 8.22808
12900000 8.23869
12910000 8.22981
12920000 8.24263
12930000 8.23384
12940000 8.2476
12950000 8.23757
12960000 8.25994
12970000 8.26704
12980000 9.23369
12990000 8.28358
13000000 8.38038
13010000 8.25691
13020000 8.43067
13030000 8.3324
13040000 8.31797
13050000 8.26763
13060000 8.32235
13070000 8.27147
13080000 8.32657
13090000 8.31153
13100000 8.33104
13110000 8.28615
13120000 8.32131
13130000 8.59436
13140000 9.32299
13150000 8.32472
13160000 8.32294
13170000 8.32535
13180000 8.32332
13190000 8.32948
13200000 8.32793
13210000 8.33379
13220000 8.32975
13230000 8.3362
13240000 8.32989
13250000 8.33478
13260000 8.3337
13270000 8.33741
13280000 8.33806
13290000 8.33817
13300000 8.3365
13310000 8.34233
13320000 8.3381
13330000 8.34488
13340000 8.33693
13350000 8.34995
13360000 8.34054
13370000 8.35379
13380000 8.34509
13390000 8.35845
13400000 8.35029
13410000 8.37033
13420000 8.35711
13430000 8.73205
13440000 8.36387
13450000 8.4395
13460000 8.36522
13470000 8.53903
13480000 8.37561
13490000 8.42692
13500000 8.37776
13510000 8.4309
13520000 8.38473
13530000 8.46022
13540000 8.56562
13550000 8.43004
13560000 8.39627
13570000 8.67445
13580000 8.50213
13590000 8.45
13600000 8.43141
13610000 8.43063
13620000 8.43473
13630000 8.43301
13640000 8.43946
13650000 8.43807
13660000 8.4417
13670000 8.43601
13680000 8.4399
13690000 8.43934
13700000 8.44312
13710000 8.44305
13720000 8.44672
13730000 8.44376
13740000 8.44744
13750000 8.4451
13760000 8.45002
13770000 8.44662
13780000 8.45419
13790000 8.44562
13800000 8.45822
13810000 8.44978
13820000 8.46287
13830000 8.45411
13840000 8.4678
13850000 8.48179
13860000 8.47592
13870000 8.57696
13880000 8.83641
13890000 8.47184
13900000 8.53865
13910000 8.69007
13920000 8.55087
13930000 8.48223
13940000 8.53549
13950000 8.48672
13960000 8.54236
13970000 8.52584
13980000 8.54396
13990000 8.50458
14000000 8.53499
14010000 8.50466
14020000 9.51367
14030000 8.55381
14040000 8.54649
14050000 8.53834
14060000 8.53791
14070000 8.54245
14080000 8.54073
14090000 8.54715
14100000 8.54482
14110000 8.54877
14120000 8.54287
14130000 8.54737
14140000 8.54694
14150000 8.55003
14160000 8.55045
14170000 8.55374
14180000 8.54984
14190000 8.55457
14200000 8.55134
14210000 8.55709
14220000 8.55163
14230000 8.56179
14240000 8.55278
14250000 8.56551
14260000 8.55707
14270000 8.57017
14280000 8.56057
14290000 8.58206
14300000 8.56883
14310000 9.52285
14320000 8.60476
14330000 8.69795
14340000 8.5767
14350000 8.74635
14360000 8.65168
14370000 8.63774
14380000 8.58882
14390000 8.64066
14400000 8.5929
14410000 8.64591
14420000 8.63142
14430000 8.6398
14440000 8.60688
14450000 8.64075
14460000 8.904
14470000 8.65915
14480000 8.64396
14490000 8.64223
14500000 8.64433
14510000 8.64241
14520000 8.64844
14530000 8.64742
14540000 8.65257
14550000 8.64856
14560000 8.65368
14570000 8.6487
14580000 8.65243
14590000 8.65224
14600000 8.65589
14610000 8.65471
14620000 8.65651
14630000 8.65498
14640000 8.65893
14650000 8.65647
14660000 8.66296
14670000 8.65529
14680000 8.66776
14690000 8.65857
14700000 8.67141
14710000 8.663
14720000 8.67615
14730000 8.66797
14740000 8.68724
14750000 8.78265
14760000 9.03622
14770000 8.68097
14780000 8.7538
14790000 8.89314
14800000 8.75707
14810000 8.69213
14820000 8.74159
14830000 8.69411
14840000 8.74869
14850000 8.70081
14860000 8.77356
14870000 8.87525
14880000 8.7414
14890000 8.71181
14900000 8.98024
14910000 8.81386
14920000 8.7526
14930000 8.74572
14940000 8.74481
14950000 8.74862
14960000 8.74709
14970000 8.75329
14980000 8.7509
14990000 8.75539
15000000 8.74996
15010000 8.75361
15020000 8.75285
15030000 8.75664
15040000 8.75644
15050000 8.7601
15060000 8.75722
15070000 8.76035
15080000 8.75847
15090000 8.76257
15100000 8.7599
15110000 8.76722
15120000 8.75889
15130000 8.77099
15140000 8.76256
15150000 8.7754
15160000 8.76697
15170000 8.78692
15180000 8.79358
15190000 8.78788
15200000 8.80918
15210000 8.90009
15220000 8.78389
15230000 8.84828
15240000 8.99451
15250000 8.84119
15260000 8.79379
15270000 8.84516
15280000 8.79808
15290000 8.84911
15300000 8.83491
15310000 8.85322
15320000 8.8152
15330000 8.84399
15340000 9.10136
15350000 9.79228
15360000 8.86262
15370000 8.84534
15380000 8.84761
15390000 8.84716
15400000 8.85141
15410000 8.84987
15420000 8.85604
15430000 8.85151
15440000 8.85757
15450000 8.85157
15460000 8.85616
15470000 8.85506
15480000 8.85867
15490000 8.85905
15500000 8.85914
15510000 8.85842
15520000 8.86297
15530000 8.85984
15540000 8.86533
15550000 8.86005
15560000 8.86999
15570000 8.86112
15580000 8.87332
15590000 8.8653
15600000 8.87781
15610000 8.86851
15620000 8.88893
15630000 8.87646
15640000 9.80053
15650000 8.91121
15660000 8.95394
15670000 8.88392
15680000 9.04779
15690000 8.95636
15700000 8.94191
15710000 8.89556
15720000 8.94557
15730000 8.89941
15740000 8.97313
15750000 9.07254
15760000 8.94463
15770000 8.91281
15780000 8.94552
15790000 9.0125
15800000 8.96323
15810000 8.94851
15820000 8.94485
15830000 8.94877
15840000 8.94695
15850000 8.95312
15860000 8.95175
15870000 8.9567
15880000 8.94972
15890000 8.95775
15900000 8.95279
15910000 8.95647
15920000 8.95617
15930000 8.95966
15940000 8.95856
15950000 8.96023
15960000 8.95885
15970000 8.96258
15980000 8.95961
15990000 8.96643
16000000 8.95904
16010000 8.97013
16020000 8.96213
16030000 8.97451
16040000 8.96617
16050000 8.97901
16060000 8.97114
16070000 8.98657
16080000 9.08191
16090000 9.32729
16100000 8.98356
16110000 9.04559
16120000 9.18866
16130000 9.05704
16140000 8.99425
16150000 9.04245
16160000 8.99639
16170000 9.04886
16180000 9.00255
16190000 9.07276
16200000 9.01309
16210000 9.04174
16220000 9.01309
16230000 9.27275
16240000 9.05944
16250000 9.05243
16260000 9.04578
16270000 9.0442
16280000 9.04854
16290000 9.04698
16300000 9.0529
16310000 9.05061
16320000 9.05497
16330000 9.0487
16340000 9.05316
16350000 9.05242
16360000 9.05603
16370000 9.05584
16380000 9.05877
16390000 9.05511
16400000 9.05955
16410000 9.05644
16420000 9.06167
16430000 9.0566
16440000 9.06609
16450000 9.05804
16460000 9.06955
16470000 9.06155
16480000 9.07391
16490000 9.06479
16500000 9.08502
16510000 9.09144
16520000 9.97846
16530000 9.10636
16540000 9.1944
16550000 9.08197
16560000 9.24014
16570000 9.15051
16580000 9.13731
16590000 9.09143
16600000 9.14116
16610000 9.09479
16620000 9.14487
16630000 9.13112
16640000 9.1488
16650000 9.10788
16660000 9.13981
16670000 9.38908
16680000 10.0602
16690000 9.1428
16700000 9.14103
16710000 9.14323
16720000 9.14122
16730000 9.14685
16740000 9.1453
16750000 9.15065
16760000 9.14683
16770000 9.15248
16780000 9.14685
16790000 9.15039
16800000 9.15019
16810000 9.15356
16820000 9.15404
16830000 9.15409
16840000 9.15258
16850000 9.15774
16860000 9.15393
16870000 9.15994
16880000 9.15271
16890000 9.16442
16900000 9.15589
16910000 9.16781
16920000 9.15986
16930000 9.17186
16940000 9.16444
16950000 9.18261
16960000 9.17054
16970000 9.51335
16980000 9.17658
16990000 9.24546
17000000 9.17765
17010000 9.34848
17020000 9.18698
17030000 9.23372
17040000 9.18881
17050000 9.23721
17060000 9.19501
17070000 9.26384
17080000 9.36017
17090000 9.23618
17100000 9.2053
17110000 9.45966
17120000 9.30188
17130000 9.25414
17140000 9.23721
17150000 9.23631
17160000 9.24006
17170000 9.23836
17180000 9.24424
17190000 9.24285
17200000 9.24615
17210000 9.24084
17220000 9.2444
17230000 9.24375
17240000 9.24719
17250000 9.24701
17260000 9.25035
17270000 9.2476
17280000 9.25085
17290000 9.24872
17300000 9.25308
17310000 9.24999
17320000 9.25677
17330000 9.24895
17340000 9.26031
17350000 9.25256
17360000 9.26443
17370000 9.25641
17380000 9.26881
17390000 9.28156
17400000 9.27608
17410000 9.36847
17420000 9.60651
17430000 9.27221
17440000 9.33319
17450000 9.4719
17460000 9.34427
17470000 9.28142
17480000 9.33006
17490000 9.2854
17500000 9.33621
17510000 9.32046
17520000 9.33754
17530000 9.30149
17540000 9.32921
17550000 9.30135
17560000 10.2321
17570000 9.3463
17580000 9.33948
17590000 9.33202
17600000 9.33149
17610000 9.33565
17620000 9.33393
17630000 9.33982
17640000 9.33756
17650000 9.34117
17660000 9.33564
17670000 9.33977
17680000 9.33924
17690000 9.34207
17700000 9.34234
17710000 9.34533
17720000 9.34173
17730000 9.34594
17740000 9.343
17750000 9.34812
17760000 9.34312
17770000 9.3523
17780000 9.34405
17790000 9.35557
17800000 9.34805
17810000 9.3597
17820000 9.3509
17830000 9.37046
17840000 9.35833
17850000 10.239
17860000 9.39112
17870000 9.47647
17880000 9.36527
17890000 9.52079
17900000 9.43385
17910000 9.421
17920000 9.37609
17930000 9.42355
17940000 9.37972
17950000 9.42823
17960000 9.4149
17970000 9.42251
17980000 9.39229
17990000 9.42325
18000000 9.66518
18010000 9.44
18020000 9.42607
18030000 9.42435
18040000 9.42628
18050000 9.42437
18060000 9.42991
18070000 9.42885
18080000 9.43357
18090000 9.42978
18100000 9.43446
18110000 9.42977
18120000 9.43319
18130000 9.43281
18140000 9.43623
18150000 9.43506
18160000 9.43663
18170000 9.43526
18180000 9.43875
18190000 9.43651
18200000 9.44233
18210000 9.43529
18220000 9.4466
18230000 9.43817
18240000 9.44981
18250000 9.44196
18260000 9.45404
18270000 9.44651
18280000 9.46409
18290000 9.55173
18300000 9.78529
18310000 9.45819
18320000 9.52498
18330000 9.65316
18340000 9.52787
18350000 9.46816
18360000 9.51352
18370000 9.46986
18380000 9.51992
18390000 9.47588
18400000 9.54264
18410000 9.63619
18420000 9.51297
18430000 9.48575
18440000 9.73278
18450000 9.57948
18460000 9.52301
18470000 9.51669
18480000 9.51572
18490000 9.51922
18500000 9.51768
18510000 9.52338
18520000 9.52107
18530000 9.52519
18540000 9.51988
18550000 9.52343
18560000 9.5226
18570000 9.52609
18580000 9.5258
18590000 9.52914
18600000 9.52645
18610000 9.52921
18620000 9.52749
18630000 9.53116
18640000 9.5287
18650000 9.53529
18660000 9.52764
18670000 9.53861
18680000 9.53088
18690000 9.54256
18700000 9.53479
18710000 9.55303
18720000 9.55913
18730000 9.55378
18740000 9.57335
18750000 9.65699
18760000 9.54998
18770000 9.60914
18780000 9.68464
18790000 9.60248
18800000 9.55881
18810000 9.60602
18820000 9.56264
18830000 9.6095
18840000 9.59641
18850000 9.61319
18860000 9.57817
18870000 9.60461
18880000 9.84206
18890000 10.4842
18900000 9.62161
18910000 9.60556
18920000 9.60767
18930000 9.60711
18940000 9.61101
18950000 9.60948
18960000 9.61517
18970000 9.61088
18980000 9.61646
18990000 9.61082
19000000 9.61504
19010000 9.61392
19020000 9.61723
19030000 9.61746
19040000 9.61751
19050000 9.61683
19060000 9.6209
19070000 9.61804
19080000 9.62298
19090000 9.6181
19100000 9.62714
19110000 9.61896
19120000 9.6301
19130000 9.62268
19140000 9.63408
19150000 9.6255
19160000 9.64421
19170000 9.63271
19180000 10.4903
19190000 9.66427
19200000 9.70393
19210000 9.63933
19220000 9.79048
19230000 9.70599
19240000 9.69261
19250000 9.6498
19260000 9.69585
19270000 9.65323
19280000 9.72115
19290000 9.81296
19300000 9.69474
19310000 9.66536
19320000 9.69544
19330000 9.75726
19340000 9.71166
19350000 9.69808
19360000 9.69459
19370000 9.6982
19380000 9.69638
19390000 9.70208
19400000 9.70069
19410000 9.70526
19420000 9.69871
19430000 9.70611
19440000 9.70142
19450000 9.70481
19460000 9.70443
19470000 9.70763
19480000 9.70652
19490000 9.708
19500000 9.70651
19510000 9.71006
19520000 9.70716
19530000 9.71349
19540000 9.70667
19550000 9.71678
19560000 9.7094
19570000 9.7209
19580000 9.71299
19590000 9.72474
19600000 9.71743
19610000 9.73158
19620000 9.81968
19630000 10.047
19640000 9.72868
19650000 9.78589
19660000 9.91828
19670000 9.79636
19680000 9.73829
19690000 9.78275
19700000 9.74015
19710000 9.78857
19720000 9.74572
19730000 9.81055
19740000 9.75536
19750000 9.78174
19760000 9.75523
19770000 9.99554
19780000 9.79798
19790000 9.79139
19800000 9.78523
19810000 9.78368
19820000 9.78767
19830000 9.7861
19840000 9.79158
19850000 9.78933
19860000 9.79337
19870000 9.78745
19880000 9.79158
19890000 9.79077
19900000 9.79349
19910000 9.79383
19920000 9.79652
19930000 9.79308
19940000 9.79708
19950000 9.79423
19960000 9.79894
19970000 9.79425
19980000 9.80291
19990000 9.79546
20000000 9.80599
20010000 9.79858
20020000 9.80984
20030000 9.80145
20040000 9.82005
20050000 9.82598
20060000 10.6519
20070000 9.83967
20080000 9.92111
20090000 9.81697
20100000 9.96337
20110000 9.88029
20120000 9.86799
20130000 9.82548
20140000 9.87141
20150000 9.82847
20160000 9.87475
20170000 9.86197
20180000 9.87828
20190000 9.84035
20200000 9.86984
20210000 10.1011
20220000 10.7277
20230000 9.87248
20240000 9.87072
20250000 9.87277
20260000 9.87072
20270000 9.87599
20280000 9.87444
20290000 9.87939
20300000 9.87575
20310000 9.88053
20320000 9.87565
20330000 9.87891
20340000 9.87862
20350000 9.88173
20360000 9.88207
20370000 9.88209
20380000 9.88069
20390000 9.88534
20400000 9.88183
20410000 9.88728
20420000 9.88058
20430000 9.8913
20440000 9.88344
20450000 9.89432
20460000 9.88695
20470000 9.89801
20480000 9.89106
20490000 9.9078
20500000 9.8966
20510000 10.215
20520000 9.90208
20530000 9.96585
20540000 9.90295
20550000 9.96836
20560000 9.91146
20570000 9.95474
20580000 9.91305
20590000 9.95786
20600000 9.91868
20610000 9.98245
20620000 10.0719
20630000 9.95667
20640000 9.92798
20650000 10.1642
20660000 10.0175
20670000 9.9731
20680000 9.9574
20690000 9.95644
20700000 9.95992
20710000 9.95821
20720000 9.96367
20730000 9.96226
20740000 9.96534
20750000 9.9603
20760000 9.96359
20770000 9.96289
20780000 9.96607
20790000 9.96581
20800000 9.96888
20810000 9.96629
20820000 9.9692
20830000 9.96723
20840000 9.97116
20850000 9.9683
20860000 9.97446
20870000 9.96721
20880000 9.97764
20890000 9.97045
20900000 9.98135
20910000 9.9739
20920000 9.98529
20930000 9.99711
20940000 9.99192
20950000 10.0777
20960000 10.1901
20970000 9.9882
20980000 10.0447
20990000 10.1737
21000000 10.0549
21010000 9.99651
21020000 10.0416
21030000 10.0001
21040000 10.0472
21050000 10.0324
21060000 10.0483
21070000 10.0148
21080000 10.0405
21090000 10.0144
21100000 10.8844
21110000 10.0562
21120000 10.0498
21130000 10.0429
21140000 10.0423
21150000 10.0461
21160000 10.0444
21170000 10.0499
21180000 10.0477
21190000 10.051
21200000 10.0458
21210000 10.0496
21220000 10.049
21230000 10.0516
21240000 10.0518
21250000 10.0545
21260000 10.0512
21270000 10.0549
21280000 10.0522
21290000 10.0569
21300000 10.0522
21310000 10.0607
21320000 10.053
21330000 10.0636
21340000 10.0566
21350000 10.0673
21360000 10.0591
21370000 10.0772
21380000 10.0659
21390000 10.8894
21400000 10.0963
21410000 10.1756
21420000 10.0721
21430000 10.2168
21440000 10.1358
21450000 10.1238
21460000 10.082
21470000 10.126
21480000 10.0852
21490000 10.1303
21500000 10.1178
21510000 10.1248
21520000 10.0967
21530000 10.1254
21540000 10.3509
21550000 10.1409
21560000 10.1279
21570000 10.1262
21580000 10.128
21590000 10.1261
21600000 10.1313
21610000 10.1302
21620000 10.1346
21630000 10.1309
21640000 10.1353
21650000 10.1308
21660000 10.134
21670000 10.1335
21680000 10.1367
21690000 10.1355
21700000 10.1369
21710000 10.1357
21720000 10.1388
21730000 10.1367
21740000 10.142
21750000 10.1355
21760000 10.1459
21770000 10.138
21780000 10.1488
21790000 10.1415
21800000 10.1526
21810000 10.1456
21820000 10.1618
21830000 10.2435
21840000 10.4615
21850000 10.1562
21860000 10.2184
21870000 10.3379
21880000 10.2209
21890000 10.1653
21900000 10.2075
21910000 10.1668
21920000 10.2133
21930000 10.1722
21940000 10.2344
21950000 10.3216
21960000 10.2066
21970000 10.1812
21980000 10.4117
21990000 10.2685
22000000 10.2158
22010000 10.2099
22020000 10.2088
22030000 10.2121
22040000 10.2106
22050000 10.2159
22060000 10.2136
22070000 10.2174
22080000 10.2117
22090000 10.2157
22100000 10.2148
22110000 10.2181
22120000 10.2177
22130000 10.2208
22140000 10.2182
22150000 10.2207
22160000 10.2191
22170000 10.2224
22180000 10.2201
22190000 10.2262
22200000 10.219
22210000 10.2292
22220000 10.2219
22230000 10.2327
22240000 10.2254
22250000 10.2424
22260000 10.2481
22270000 10.243
22280000 10.2612
22290000 10.3392
22300000 10.2393
22310000 10.2944
22320000 10.3
22330000 10.2881
22340000 10.2473
22350000 10.2913
22360000 10.2508
22370000 10.2944
22380000 10.2822
22390000 10.2978
22400000 10.2651
22410000 10.2896
22420000 10.5116
22430000 11.1151
22440000 10.3054
22450000 10.2903
22460000 10.2923
22470000 10.2917
22480000 10.2953
22490000 10.2938
22500000 10.2991
22510000 10.295
22520000 10.3002
22530000 10.2948
22540000 10.2987
22550000 10.2976
22560000 10.3007
22570000 10.3008
22580000 10.3008
22590000 10.3002
22600000 10.3038
22610000 10.3012
22620000 10.3057
22630000 10.3011
22640000 10.3095
22650000 10.3018
22660000 10.3122
22670000 10.3052
22680000 10.3157
22690000 10.3077
22700000 10.3251
22710000 10.3143
22720000 11.1194
22730000 10.3257
22740000 10.3807
22750000 10.3203
22760000 10.4615
22770000 10.3824
22780000 10.3699
22790000 10.3298
22800000 10.3728
22810000 10.3329
22820000 10.3964
22830000 10.4822
22840000 10.3715
22850000 10.3441
22860000 10.3721
22870000 10.4299
22880000 10.3872
22890000 10.3745
22900000 10.3711
22910000 10.3745
22920000 10.3727
22930000 10.378
22940000 10.3766
22950000 10.3808
22960000 10.3746
22970000 10.3815
22980000 10.3771
22990000 10.3802
23000000 10.3798
23010000 10.3827
23020000 10.3816
23030000 10.383
23040000 10.3811
23050000 10.3848
23060000 10.3821
23070000 10.3879
23080000 10.3815
23090000 10.3908
23100000 10.3839
23110000 10.3945
23120000 10.3872
23130000 10.3981
23140000 10.3912
23150000 10.4044
23160000 10.4868
23170000 10.6999
23180000 10.4015
23190000 10.455
23200000 10.579
23210000 10.4647
23220000 10.4103
23230000 10.4518
23240000 10.4119
23250000 10.4572
23260000 10.417
23270000 10.4776
23280000 10.426
23290000 10.4506
23300000 10.4257
23310000 10.6509
23320000 10.4657
23330000 10.4594
23340000 10.4536
23350000 10.4521
23360000 10.4558
23370000 10.4542
23380000 10.4594
23390000 10.4572
23400000 10.4609
23410000 10.4553
23420000 10.4591
23430000 10.4583
23440000 10.4608
23450000 10.4611
23460000 10.4636
23470000 10.4603
23480000 10.464
23490000 10.4613
23500000 10.4656
23510000 10.4612
23520000 10.4692
23530000 10.4623
23540000 10.472
23550000 10.465
23560000 10.4755
23570000 10.4676
23580000 10.4849
23590000 10.4905
23600000 11.2677
23610000 10.5032
23620000 10.5795
23630000 10.4818
23640000 10.619
23650000 10.541
23660000 10.5295
23670000 10.4896
23680000 10.5324
23690000 10.4923
23700000 10.5356
23710000 10.5236
23720000 10.5388
23730000 10.5032
23740000 10.5308
23750000 10.7478
23760000 11.3386
23770000 10.5331
23780000 10.5314
23790000 10.5333
23800000 10.5313
23810000 10.5362
23820000 10.5347
23830000 10.5393
23840000 10.5358
23850000 10.54
23860000 10.5356
23870000 10.5386
23880000 10.5383
23890000 10.5412
23900000 10.5414
23910000 10.5414
23920000 10.5401
23930000 10.5443
23940000 10.5411
23950000 10.5461
23960000 10.5398
23970000 10.5497
23980000 10.5423
23990000 10.5524
24000000 10.5455
24010000 10.5558
24020000 10.5493
24030000 10.5649
24040000 10.5544
24050000 10.8534
24060000 10.5594
24070000 10.6191
24080000 10.5601
24090000 10.6215
24100000 10.568
24110000 10.6085
24120000 10.5694
24130000 10.6113
24140000 10.5746
24150000 10.6343
24160000 10.7183
24170000 10.61
24180000 10.5831
24190000 10.8049
24200000 10.667
24210000 10.6252
24220000 10.6105
24230000 10.6095
24240000 10.6128
24250000 10.6111
24260000 10.6162
24270000 10.6148
24280000 10.6176
24290000 10.6128
24300000 10.6159
24310000 10.6152
24320000 10.6181
24330000 10.6178
24340000 10.6207
24350000 10.6182
24360000 10.6208
24370000 10.619
24380000 10.6226
24390000 10.6199
24400000 10.6256
24410000 10.6188
24420000 10.6285
24430000 10.6216
24440000 10.6318
24450000 10.6248
24460000 10.6354
24470000 10.6465
24480000 10.6416
24490000 10.7222
24500000 10.7349
24510000 10.638
24520000 10.691
24530000 10.8123
24540000 10.7005
24550000 10.6455
24560000 10.6878
24570000 10.6488
24580000 10.693
24590000 10.6791
24600000 10.694
24610000 10.6625
24620000 10.6865
24630000 10.662
24640000 11.483
24650000 10.7012
24660000 10.695
24670000 10.6885
24680000 10.6878
24690000 10.6915
24700000 10.6898
24710000 10.6949
24720000 10.6927
24730000 10.6959
24740000 10.6909
24750000 10.6944
24760000 10.6938
24770000 10.6962
24780000 10.6963
24790000 10.6989
24800000 10.6957
24810000 10.6991
24820000 10.6966
24830000 10.7009
24840000 10.6965
24850000 10.7043
24860000 10.6971
24870000 10.707
24880000 10.7003
24890000 10.7104
24900000 10.7026
24910000 10.7196
24920000 10.7089
24930000 11.4863
24940000 10.7374
24950000 10.812
24960000 10.7146
24970000 10.8506
24980000 10.7743
24990000 10.763
25000000 10.7236
25010000 10.765
25020000 10.7266
25030000 10.7689
25040000 10.7572
25050000 10.7637
25060000 10.7372
25070000 10.7641
25080000 10.9765
25090000 10.7786
25100000 10.7664
25110000 10.7647
25120000 10.7663
25130000 10.7645
25140000 10.7693
25150000 10.7682
25160000 10.7723
25170000 10.7688
25180000 10.7729
25190000 10.7686
25200000 10.7716
25210000 10.7711
25220000 10.774
25230000 10.7729
25240000 10.7741
25250000 10.7729
25260000 10.7758
25270000 10.7739
25280000 10.7787
25290000 10.7726
25300000 10.7823
25310000 10.7749
25320000 10.7849
25330000 10.7782
25340000 10.7884
25350000 10.7817
25360000 10.797
25370000 10.8738
25380000 11.0794
25390000 10.7916
25400000 10.85
25410000 10.9627
25420000 10.8523
25430000 10.7999
25440000 10.8395
25450000 10.8012
25460000 10.845
25470000 10.8062
25480000 10.8647
25490000 10.9469
25500000 10.8385
25510000 10.8145
25520000 11.0317
25530000 10.8967
25540000 10.8469
25550000 10.8413
25560000 10.8403
25570000 10.8433
25580000 10.8418
25590000 10.8468
25600000 10.8446
25610000 10.8482
25620000 10.8427
25630000 10.8464
25640000 10.8455
25650000 10.8485
25660000 10.8481
25670000 10.851
25680000 10.8486
25690000 10.8508
25700000 10.8493
25710000 10.8524
25720000 10.8502
25730000 10.8558
25740000 10.8491
25750000 10.8587
25760000 10.8517
25770000 10.8618
25780000 10.8549
25790000 10.8708
25800000 10.8761
25810000 10.8712
25820000 10.8883
25830000 10.9619
25840000 10.8677
25850000 10.9195
25860000 10.9248
25870000 10.9135
25880000 10.875
25890000 10.9164
25900000 10.8782
25910000 10.9193
25920000 10.9077
25930000 10.9223
25940000 10.8914
25950000 10.9146
25960000 11.1241
25970000 11.6959
25980000 10.9293
25990000 10.915
26000000 10.9169
26010000 10.9162
26020000 10.9196
26030000 10.918
26040000 10.923
26050000 10.9191
26060000 10.924
26070000 10.9188
26080000 10.9225
26090000 10.9214
26100000 10.9243
26110000 10.9243
26120000 10.9243
26130000 10.9236
26140000 10.927
26150000 10.9246
26160000 10.9287
26170000 10.9244
26180000 10.9322
26190000 10.925
26200000 10.9346
26210000 10.928
26220000 10.9379
26230000 10.9303
26240000 10.9466
26250000 10.9364
26260000 11.6987
26270000 10.9413
26280000 10.9989
26290000 10.9419
26300000 11.0751
26310000 11.0004
26320000 10.9885
26330000 10.9507
26340000 10.9912
26350000 10.9535
26360000 11.0133
26370000 11.0944
26380000 10.9898
26390000 10.9638
26400000 10.9902
26410000 11.0448
26420000 11.0043
26430000 10.9924
26440000 10.9891
26450000 10.9922
26460000 10.9904
26470000 10.9955
26480000 10.9941
26490000 10.9981
26500000 10.9921
26510000 10.9986
26520000 10.9943
26530000 10.9973
26540000 10.9968
26550000 10.9996
26560000 10.9985
26570000 10.9997
26580000 10.9979
26590000 11.0013
26600000 10.9987
26610000 11.0041
26620000 10.9981
26630000 11.0068
26640000 11.0003
26650000 11.0101
26660000 11.0033
26670000 11.0135
26680000 11.007
26690000 11.0193
26700000 11.0972
26710000 11.2987
26720000 11.0165
26730000 11.0669
26740000 11.1841
26750000 11.076
26760000 11.0246
26770000 11.0638
26780000 11.0261
26790000 11.0687
26800000 11.0308
26810000 11.0879
26820000 11.0391
26830000 11.0623
26840000 11.0388
26850000 11.2517
26860000 11.0765
26870000 11.0705
26880000 11.065
26890000 11.0635
26900000 11.067
26910000 11.0654
26920000 11.0702
26930000 11.0681
26940000 11.0716
26950000 11.0662
26960000 11.0699
26970000 11.069
26980000 11.0714
26990000 11.0715
27000000 11.0738
27010000 11.0707
27020000 11.0741
27030000 11.0716
27040000 11.0756
27050000 11.0714
27060000 11.0789
27070000 11.0723
27080000 11.0814
27090000 11.0748
27100000 11.0846
27110000 11.0772
27120000 11.0935
27130000 11.0987
27140000 11.836
27150000 11.1106
27160000 11.1827
27170000 11.0903
27180000 11.22
27190000 11.1462
27200000 11.1352
27210000 11.0975
27220000 11.1373
27230000 11.0999
27240000 11.1408
27250000 11.1294
27260000 11.1438
27270000 11.1101
27280000 11.1361
27290000 11.3415
27300000 11.9028
27310000 11.1382
27320000 11.1365
27330000 11.1383
27340000 11.1363
27350000 11.1409
27360000 11.1394
27370000 11.1438
27380000 11.1404
27390000 11.1443
27400000 11.1401
27410000 11.1429
27420000 11.1426
27430000 11.1453
27440000 11.1454
27450000 11.1454
27460000 11.1441
27470000 11.148
27480000 11.145
27490000 11.1496
27500000 11.1437
27510000 11.153
27520000 11.1459
27530000 11.1554
27540000 11.1489
27550000 11.1587
27560000 11.1523
27570000 11.167
27580000 11.1571
27590000 11.4403
27600000 11.1617
27610000 11.2182
27620000 11.1623
27630000 11.2204
27640000 11.1697
27650000 11.208
27660000 11.1709
27670000 11.2105
27680000 11.1757
27690000 11.2322
27700000 11.3117
27710000 11.2091
27720000 11.1836
27730000 11.3937
27740000 11.263
27750000 11.2234
27760000 11.2094
27770000 11.2084
27780000 11.2115
27790000 11.2098
27800000 11.2146
27810000 11.2132
27820000 11.2159
27830000 11.2112
27840000 11.2141
27850000 11.2134
27860000 11.2161
27870000 11.2158
27880000 11.2185
27890000 11.2161
27900000 11.2185
27910000 11.2168
27920000 11.2201
27930000 11.2175
27940000 11.2228
27950000 11.2164
27960000 11.2255
27970000 11.2189
27980000 11.2286
27990000 11.2219
28000000 11.2319
28010000 11.2424
28020000 11.2376
28030000 11.3139
28040000 11.3252
28050000 11.2341
28060000 11.2842
28070000 11.3992
28080000 11.2931
28090000 11.2411
28100000 11.2811
28110000 11.2441
28120000 11.2859
28130000 11.2727
28140000 11.2867
28150000 11.2568
28160000 11.2795
28170000 11.5941
28180000 12.0368
28190000 11.2934
28200000 11.2875
28210000 11.2813
28220000 11.2806
28230000 11.284
28240000 11.2823
28250000 11.2871
28260000 11.285
28270000 11.288
28280000 11.2832
28290000 11.2865
28300000 11.2859
28310000 11.2881
28320000 11.2881
28330000 11.2906
28340000 11.2875
28350000 11.2907
28360000 11.2883
28370000 11.2923
28380000 11.2881
28390000 11.2954
28400000 11.2886
28410000 11.2978
28420000 11.2915
28430000 11.301
28440000 11.2937
28450000 11.3096
28460000 11.2995
28470000 12.0387
28480000 11.3264
28490000 11.397
28500000 11.3047
28510000 11.4336
28520000 11.3613
28530000 11.3504
28540000 11.3131
28550000 11.3523
28560000 11.3158
28570000 11.3558
28580000 11.3447
28590000 11.3508
28600000 11.3257
28610000 11.3512
28620000 11.5528
28630000 11.3648
28640000 11.3532
28650000 11.3515
28660000 11.3531
28670000 11.3512
28680000 11.3558
28690000 11.3547
28700000 11.3586
28710000 11.3552
28720000 11.359
28730000 11.3549
28740000 11.3577
28750000 11.3572
28760000 11.3599
28770000 11.3588
28780000 11.3599
28790000 11.3588
28800000 11.3614
28810000 11.3596
28820000 11.3641
28830000 11.3583
28840000 11.3674
28850000 11.3604
28860000 11.3697
28870000 11.3632
28880000 11.373
28890000 11.3667
28900000 11.3811
28910000 11.454
28920000 11.6493
28930000 11.3758
28940000 11.4312
28950000 11.5382
28960000 11.4333
28970000 11.3835
28980000 11.4211
28990000 11.3848
29000000 11.4262
29010000 11.3894
29020000 11.4448
29030000 11.5228
29040000 11.4199
29050000 11.3971
29060000 11.6033
29070000 11.475
29080000 11.4277
29090000 11.4224
29100000 11.4213
29110000 11.4242
29120000 11.4226
29130000 11.4274
29140000 11.4252
29150000 11.4286
29160000 11.4233
29170000 11.4269
29180000 11.426
29190000 11.4288
29200000 11.4283
29210000 11.431
29220000 11.4287
29230000 11.4308
29240000 11.4293
29250000 11.4322
29260000 11.4301
29270000 11.4353
29280000 11.4289
29290000 11.4377
29300000 11.4313
29310000 11.4408
29320000 11.4344
29330000 11.4493
29340000 11.4543
29350000 11.4496
29360000 11.4658
29370000 11.5356
29380000 11.4461
29390000 11.4953
29400000 11.5003
29410000 11.4895
29420000 11.4529
29430000 11.4922
29440000 11.4559
29450000 11.4948
29460000 11.4838
29470000 11.4976
29480000 11.4683
29490000 11.4902
29500000 11.6894
29510000 12.2347
29520000 11.5041
29530000 11.4904
29540000 11.4922
29550000 11.4914
29560000 11.4947
29570000 11.4931
29580000 11.4979
29590000 11.494
29600000 11.4987
29610000 11.4937
29620000 11.4972
29630000 11.4961
29640000 11.4988
29650000 11.4988
29660000 11.4987
29670000 11.4981
29680000 11.5012
29690000 11.4989
29700000 11.5027
29710000 11.4986
29720000 11.5059
29730000 11.4991
29740000 11.5081
29750000 11.5019
29760000 11.5112
29770000 11.504
29780000 11.5194
29790000 11.5097
29800000 12.2362
29810000 11.5141
29820000 11.5689
29830000 11.5147
29840000 11.6413
29850000 11.5703
29860000 11.5589
29870000 11.5229
29880000 11.5613
29890000 11.5255
29900000 11.5823
29910000 11.6594
29920000 11.5599
29930000 11.5352
29940000 11.7392
29950000 11.6121
29960000 11.5735
29970000 11.5621
29980000 11.5589
29990000 11.5619
30000000 11.5601
