10000 622.909
20000 536.851
30000 510.24
40000 453.648
50000 427.773
60000 384.699
70000 363.316
80000 331.738
90000 313.372
100000 293.462
110000 276.337
120000 260.463
130000 245.405
140000 232.572
150000 220.919
160000 210.536
170000 203.862
180000 195.131
190000 190.252
200000 182.741
210000 175.299
220000 169.743
230000 160.342
240000 156.889
250000 147.946
260000 144.3
270000 137.222
280000 132.29
290000 127.493
300000 121.308
310000 118.677
320000 112.288
330000 110.397
340000 105.651
350000 102.355
360000 99.2537
370000 94.7499
380000 92.4778
390000 87.978
400000 85.5171
410000 82.458
420000 79.2037
430000 77.7857
440000 73.9345
450000 72.9981
460000 69.3913
470000 68.0573
480000 65.0701
490000 63.4502
500000 61.2479
510000 59.0471
520000 57.8054
530000 55.3458
540000 54.7289
550000 52.1997
560000 51.6733
570000 49.4577
580000 48.8279
590000 47.3223
600000 45.9652
610000 44.9456
620000 43.5726
630000 43.1868
640000 42.9727
650000 40.9397
660000 39.8025
670000 38.8045
680000 38.092
690000 36.8515
700000 36.2422
710000 35.2917
720000 34.4407
730000 33.6718
740000 32.6077
750000 32.3554
760000 31.0553
770000 30.5794
780000 29.4866
790000 28.9544
800000 28.2761
810000 27.4646
820000 26.979
830000 26.072
840000 25.7216
850000 24.9267
860000 24.3922
870000 23.8626
880000 23.2128
890000 22.8155
900000 22.0786
910000 21.7297
920000 21.065
930000 20.7117
940000 20.1432
950000 19.6258
960000 19.2745
970000 18.7335
980000 18.3819
990000 17.8677
1000000 17.5991
1010000 17.0769
1020000 16.785
1030000 16.3347
1040000 16.6171
1050000 15.651
1060000 15.2635
1070000 14.9576
1080000 14.9156
1090000 14.6696
1100000 13.9083
1110000 13.6866
1120000 13.3212
1130000 12.9718
1140000 12.7505
1150000 12.6782
1160000 12.1806
1170000 11.8742
1180000 11.7509
1190000 11.6307
1200000 11.0259
1210000 10.7919
1220000 10.5746
1230000 10.3259
1240000 10.0796
1250000 9.84351
1260000 9.6687
1270000 9.41291
1280000 9.27112
1290000 8.99246
1300000 8.8517
1310000 8.63417
1320000 8.45258
1330000 8.23771
1340000 8.07066
1350000 7.92035
1360000 7.73033
1370000 7.58567
1380000 7.40707
1390000 7.27127
1400000 7.11786
1410000 6.93973
1420000 6.80086
1430000 6.73558
1440000 6.61707
1450000 6.44227
1460000 6.47995
1470000 6.19906
1480000 6.47516
1490000 6.64328
1500000 5.91695
1510000 5.83904
1520000 6.70072
1530000 10.4694
1540000 5.55445
1550000 5.37784
1560000 5.21383
1570000 5.11555
1580000 5.15551
1590000 6.02888
1600000 4.97454
1610000 4.82462
1620000 4.73661
1630000 6.15706
1640000 4.48226
1650000 4.46066
1660000 4.41878
1670000 4.30702
1680000 4.16753
1690000 4.11485
1700000 4.0643
1710000 3.95935
1720000 3.89876
1730000 3.8652
1740000 3.8148
1750000 3.73206
1760000 3.621
1770000 3.58657
1780000 3.54837
1790000 3.5184
1800000 3.40698
1810000 3.39514
1820000 3.35702
1830000 3.32859
1840000 3.25136
1850000 3.21918
1860000 3.21401
1870000 3.24606
1880000 3.08354
1890000 3.07082
1900000 3.04221
1910000 3.16756
1920000 4.99207
1930000 4.25507
1940000 3.18176
1950000 2.99384
1960000 4.2764
1970000 10.9608
1980000 3.68832
1990000 2.98564
2000000 2.76152
2010000 2.80093
2020000 2.90016
2030000 3.7397
2040000 2.78305
2050000 2.84364
2060000 2.61831
2070000 2.77895
2080000 2.68941
2090000 2.71055
2100000 3.20293
2110000 2.49277
2120000 2.62567
2130000 2.50708
2140000 2.4628
2150000 2.43259
2160000 2.41474
2170000 2.37329
2180000 2.38647
2190000 2.32055
2200000 2.35012
2210000 2.31303
2220000 2.29542
2230000 2.2669
2240000 2.31602
2250000 2.23838
2260000 2.2696
2270000 2.26623
2280000 2.26231
2290000 2.26878
2300000 2.27072
2310000 2.23962
2320000 2.23505
2330000 2.25626
2340000 2.33949
2350000 2.21125
2360000 3.10469
2370000 3.59844
2380000 2.299
2390000 2.40644
2400000 4.24687
2410000 9.17337
2420000 3.58381
2430000 2.24839
2440000 2.21193
2450000 2.15049
2460000 2.1954
2470000 2.34034
2480000 3.31707
2490000 2.17049
2500000 2.1965
2510000 2.96935
2520000 3.37221
2530000 2.132
2540000 2.2213
2550000 2.18916
2560000 2.13772
2570000 2.28034
2580000 2.15507
2590000 2.09183
2600000 2.04922
2610000 2.08315
2620000 2.09333
2630000 2.05096
2640000 2.00344
2650000 1.99309
2660000 1.97808
2670000 2.0256
2680000 1.98311
2690000 2.00653
2700000 2.02794
2710000 2.00336
2720000 2.01901
2730000 2.09294
2740000 2.00518
2750000 2.03284
2760000 1.99401
2770000 2.02939
2780000 2.02987
2790000 2.609
2800000 1.99216
2810000 3.89919
2820000 2.43194
2830000 2.15389
2840000 2.20262
2850000 4.15274
2860000 3.11151
2870000 2.17302
2880000 2.09331
2890000 2.10017
2900000 2.14285
2910000 3.34184
2920000 3.89045
2930000 2.35989
2940000 2.03108
2950000 2.24563
2960000 4.58565
2970000 2.02109
2980000 2.79142
2990000 2.03656
3000000 2.10451
3010000 2.00796
3020000 1.99493
3030000 1.98098
3040000 2.00317
3050000 1.94149
3060000 1.99163
3070000 1.97924
3080000 1.93149
3090000 1.8851
3100000 1.89363
3110000 1.88489
3120000 1.93757
3130000 1.89996
3140000 1.91068
3150000 1.94892
3160000 1.93317
3170000 1.9366
3180000 1.89542
3190000 1.95604
3200000 1.93935
3210000 1.89005
3220000 1.92457
3230000 1.9489
3240000 2.08229
3250000 4.44009
3260000 3.59585
3270000 2.17757
3280000 2.06838
3290000 3.70639
3300000 10.7528
3310000 2.00574
3320000 2.0564
3330000 1.94208
3340000 1.9993
3350000 2.14394
3360000 3.19459
3370000 2.05753
3380000 2.1608
3390000 1.94525
3400000 3.2505
3410000 2.03347
3420000 2.10188
3430000 1.94688
3440000 1.92304
3450000 1.95535
3460000 1.94892
3470000 1.92433
3480000 1.9154
3490000 1.8845
3500000 1.85938
3510000 1.89535
3520000 1.85312
3530000 1.84028
3540000 1.83059
3550000 1.84013
3560000 1.83066
3570000 1.87761
3580000 1.83139
3590000 1.86316
3600000 1.93366
3610000 1.88578
3620000 1.82879
3630000 1.87615
3640000 1.85487
3650000 1.8895
3660000 1.97904
3670000 1.9819
3680000 1.86045
3690000 2.89708
3700000 3.40332
3710000 1.94791
3720000 2.06792
3730000 4.09049
3740000 9.11879
3750000 3.28772
3760000 1.99053
3770000 1.96159
3780000 1.89097
3790000 1.95123
3800000 2.04461
3810000 2.25585
3820000 1.89035
3830000 1.94701
3840000 2.75691
3850000 1.93255
3860000 1.89065
3870000 2.00454
3880000 1.88482
3890000 1.92936
3900000 1.9846
3910000 1.90644
3920000 1.84387
3930000 1.83569
3940000 1.87965
3950000 1.93189
3960000 1.84899
3970000 1.78365
3980000 1.79406
3990000 1.79538
4000000 1.82485
4010000 1.77607
4020000 1.79488
4030000 1.84368
4040000 1.80926
4050000 1.80118
4060000 1.90554
4070000 1.87734
4080000 1.84085
4090000 1.80416
4100000 1.82846
4110000 1.8124
4120000 2.48347
4130000 4.3958
4140000 3.51071
4150000 2.22199
4160000 2.00571
4170000 3.66957
4180000 10.7309
4190000 2.99028
4200000 2.01327
4210000 1.92406
4220000 1.92838
4230000 2.0027
4240000 3.22029
4250000 3.78424
4260000 2.1088
4270000 1.82412
4280000 2.10588
4290000 4.51527
4300000 2.00868
4310000 2.68322
4320000 1.86868
4330000 1.96675
4340000 1.85498
4350000 1.84017
4360000 1.82233
4370000 1.85104
4380000 1.79663
4390000 1.81987
4400000 1.82172
4410000 1.79995
4420000 1.75084
4430000 1.7622
4440000 1.74177
4450000 1.79639
4460000 1.76464
4470000 1.7895
4480000 1.81
4490000 1.82353
4500000 1.81758
4510000 1.78927
4520000 1.78226
4530000 1.81371
4540000 1.75571
4550000 1.90157
4560000 1.80822
4570000 1.96944
4580000 3.35897
4590000 1.97084
4600000 2.0759
4610000 1.9502
4620000 3.65139
4630000 3.29634
4640000 1.90601
4650000 1.90337
4660000 1.82473
4670000 1.84164
4680000 1.91177
4690000 3.10729
4700000 1.93201
4710000 2.04379
4720000 2.696
4730000 3.17596
4740000 1.84921
4750000 1.91817
4760000 1.8298
4770000 1.81086
4780000 2.05573
4790000 1.86926
4800000 1.81176
4810000 1.77416
4820000 1.80624
4830000 1.83444
4840000 1.77185
4850000 1.72912
4860000 1.72917
4870000 1.71645
4880000 1.73935
4890000 1.731
4900000 1.777
4910000 1.74105
4920000 1.73567
4930000 1.81625
4940000 1.79401
4950000 1.74283
4960000 1.76833
4970000 1.74291
4980000 1.80366
4990000 1.83464
5000000 2.4223
5010000 1.75691
5020000 2.79131
5030000 3.31899
5040000 1.90782
5050000 1.9857
5060000 4.03677
5070000 9.08604
5080000 1.9106
5090000 1.90068
5100000 1.87597
5110000 1.78219
5120000 1.82846
5130000 3.80098
5140000 2.16951
5150000 1.797
5160000 1.84878
5170000 4.49019
5180000 1.82904
5190000 1.82067
5200000 1.84949
5210000 1.77905
5220000 1.83522
5230000 1.7944
5240000 1.82325
5250000 1.73779
5260000 1.7505
5270000 1.82053
5280000 1.8131
5290000 1.76055
5300000 1.69384
5310000 1.70862
5320000 1.70861
5330000 1.75505
5340000 1.68817
5350000 1.71169
5360000 1.76079
5370000 1.71469
5380000 1.71371
5390000 1.72742
5400000 1.77847
5410000 1.75783
5420000 1.72174
5430000 1.721
5440000 1.72355
5450000 1.91191
5460000 4.35749
5470000 3.45177
5480000 2.14215
5490000 1.92124
5500000 3.62547
5510000 10.7129
5520000 2.9374
5530000 1.94109
5540000 1.77305
5550000 1.84068
5560000 1.91447
5570000 3.20533
5580000 1.87579
5590000 2.03087
5600000 1.76382
5610000 2.03656
5620000 1.8732
5630000 1.94449
5640000 2.60903
5650000 1.75838
5660000 1.87474
5670000 1.7732
5680000 1.76126
5690000 1.75395
5700000 1.77647
5710000 1.70422
5720000 1.71499
5730000 1.69124
5740000 1.72156
5750000 1.69315
5760000 1.68424
5770000 1.6646
5780000 1.74938
5790000 1.66289
5800000 1.69633
5810000 1.72537
5820000 1.73832
5830000 1.74366
5840000 1.71069
5850000 1.71356
5860000 1.74179
5870000 1.75412
5880000 1.83503
5890000 1.72767
5900000 2.76005
5910000 3.2951
5920000 1.80715
5930000 2.0116
5940000 4.00976
5950000 9.077
5960000 3.19972
5970000 1.82808
5980000 1.77844
5990000 1.74601
6000000 1.77056
6010000 1.88505
6020000 3.08971
6030000 1.77636
6040000 1.80764
6050000 2.65699
6060000 3.13484
6070000 1.74885
6080000 1.85288
6090000 1.75432
6100000 1.75995
6110000 1.92569
6120000 1.80611
6130000 1.73905
6140000 1.70614
6150000 1.72743
6160000 1.77839
6170000 1.71135
6180000 1.66025
6190000 1.6524
6200000 1.64759
6210000 1.70612
6220000 1.65186
6230000 1.68448
6240000 1.7171
6250000 1.67545
6260000 1.71212
6270000 1.75848
6280000 1.68529
6290000 1.71458
6300000 1.66727
6310000 1.69926
6320000 1.70115
6330000 2.37953
6340000 1.69021
6350000 3.42026
6360000 2.12447
6370000 1.87856
6380000 1.931
6390000 4.00485
6400000 2.9129
6410000 1.82378
6420000 1.8141
6430000 1.82422
6440000 1.86958
6450000 3.14179
6460000 3.74216
6470000 2.12854
6480000 1.7259
6490000 1.99559
6500000 4.46208
6510000 1.7579
6520000 2.58662
6530000 1.78239
6540000 1.81292
6550000 1.75107
6560000 1.76128
6570000 1.72709
6580000 1.75395
6590000 1.68794
6600000 1.72536
6610000 1.75113
6620000 1.69107
6630000 1.6362
6640000 1.64043
6650000 1.63362
6660000 1.70189
6670000 1.65301
6680000 1.6539
6690000 1.71102
6700000 1.66981
6710000 1.71938
6720000 1.64554
6730000 1.71305
6740000 1.65814
6750000 1.66511
6760000 1.67985
6770000 1.70772
6780000 1.82943
6790000 4.34362
6800000 3.42094
6810000 1.97597
6820000 1.85003
6830000 3.59423
6840000 10.7067
6850000 1.77869
6860000 1.8038
6870000 1.71856
6880000 1.78929
6890000 1.90632
6900000 3.07736
6910000 1.83183
6920000 1.969
6930000 1.71925
6940000 3.11585
6950000 1.79425
6960000 1.90783
6970000 1.73267
6980000 1.71597
6990000 1.75246
7000000 1.76263
7010000 1.71079
7020000 1.71363
7030000 1.67835
7040000 1.65194
7050000 1.68611
7060000 1.65203
7070000 1.63635
7080000 1.62813
7090000 1.63699
7100000 1.62814
7110000 1.67745
7120000 1.63405
7130000 1.65307
7140000 1.73612
7150000 1.66853
7160000 1.63556
7170000 1.67562
7180000 1.65691
7190000 1.69468
7200000 1.76347
7210000 1.77373
7220000 1.66777
7230000 2.74338
7240000 3.26739
7250000 1.76506
7260000 1.89472
7270000 3.99579
7280000 9.06971
7290000 3.15795
7300000 1.82928
7310000 1.78805
7320000 1.69797
7330000 1.7288
7340000 1.81286
7350000 2.11894
7360000 1.70946
7370000 1.76424
7380000 2.6192
7390000 1.75458
7400000 1.69938
7410000 1.83292
7420000 1.69208
7430000 1.75016
7440000 1.77208
7450000 1.7466
7460000 1.66565
7470000 1.66071
7480000 1.70554
7490000 1.75423
7500000 1.67734
7510000 1.61141
7520000 1.61848
7530000 1.62451
7540000 1.65865
7550000 1.60301
7560000 1.62034
7570000 1.68788
7580000 1.63443
7590000 1.6441
7600000 1.71126
7610000 1.70845
7620000 1.65896
7630000 1.63839
7640000 1.65727
7650000 1.63591
7660000 2.33993
7670000 4.3354
7680000 3.40117
7690000 2.07721
7700000 1.84745
7710000 3.5897
7720000 10.7046
7730000 2.89132
7740000 1.79789
7750000 1.77263
7760000 1.76727
7770000 1.84324
7780000 3.12634
7790000 3.70153
7800000 1.96565
7810000 1.6823
7820000 1.9704
7830000 4.44966
7840000 1.87601
7850000 2.56683
7860000 1.72938
7870000 1.76382
7880000 1.69001
7890000 1.69879
7900000 1.67852
7910000 1.70255
7920000 1.64306
7930000 1.65568
7940000 1.66998
7950000 1.65668
7960000 1.6036
7970000 1.60788
7980000 1.59111
7990000 1.65576
8000000 1.61876
8010000 1.62746
8020000 1.66612
8030000 1.66182
8040000 1.6889
8050000 1.63156
8060000 1.64181
8070000 1.64873
8080000 1.62162
8090000 1.75917
8100000 1.6539
8110000 1.82587
8120000 3.23451
8130000 1.7899
8140000 1.95516
8150000 1.80586
8160000 3.58019
8170000 3.15351
8180000 1.76637
8190000 1.75406
8200000 1.68678
8210000 1.71402
8220000 1.75505
8230000 3.03561
8240000 1.793
8250000 1.80562
8260000 2.60213
8270000 3.09901
8280000 1.72117
8290000 1.78779
8300000 1.68623
8310000 1.69291
8320000 1.87353
8330000 1.74347
8340000 1.67393
8350000 1.64139
8360000 1.68151
8370000 1.71698
8380000 1.64187
8390000 1.59786
8400000 1.60014
8410000 1.58874
8420000 1.61007
8430000 1.60602
8440000 1.64466
8450000 1.6213
8460000 1.60192
8470000 1.69279
8480000 1.65581
8490000 1.61395
8500000 1.65304
8510000 1.61235
8520000 1.66292
8530000 1.69599
8540000 2.31803
8550000 1.64037
8560000 2.69784
8570000 3.24813
8580000 1.79194
8590000 1.87351
8600000 3.98033
8610000 9.0528
8620000 1.76436
8630000 1.78458
8640000 1.76137
8650000 1.6664
8660000 1.69176
8670000 3.71713
8680000 2.08553
8690000 1.6859
8700000 1.73712
8710000 4.43478
8720000 1.71761
8730000 1.69476
8740000 1.73389
8750000 1.65718
8760000 1.71477
8770000 1.70418
8780000 1.71702
8790000 1.62083
8800000 1.63619
8810000 1.69851
8820000 1.71123
8830000 1.65141
8840000 1.58028
8850000 1.59565
8860000 1.59715
8870000 1.64719
8880000 1.57404
8890000 1.60401
8900000 1.64613
8910000 1.5924
8920000 1.612
8930000 1.60789
8940000 1.66207
8950000 1.63445
8960000 1.60849
8970000 1.62226
8980000 1.60504
8990000 1.77729
9000000 4.32154
9010000 3.37044
9020000 2.05398
9030000 1.80812
9040000 3.57052
9050000 10.7008
9060000 2.87297
9070000 1.75343
9080000 1.67133
9090000 1.73914
9100000 1.81359
9110000 3.13359
9120000 1.77148
9130000 1.935
9140000 1.65458
9150000 1.94447
9160000 1.76295
9170000 1.84965
9180000 2.53427
9190000 1.66812
9200000 1.73846
9210000 1.6773
9220000 1.65088
9230000 1.66093
9240000 1.67995
9250000 1.60287
9260000 1.60784
9270000 1.5974
9280000 1.62464
9290000 1.59493
9300000 1.58405
9310000 1.56604
9320000 1.65468
9330000 1.56378
9340000 1.59243
9350000 1.62918
9360000 1.62917
9370000 1.65412
9380000 1.60799
9390000 1.61235
9400000 1.617
9410000 1.66493
9420000 1.72279
9430000 1.62996
9440000 2.70139
9450000 3.24085
9460000 1.71851
9470000 1.9348
9480000 3.97064
9490000 9.0524
9500000 3.12016
9510000 1.73739
9520000 1.69354
9530000 1.65228
9540000 1.69189
9550000 1.75174
9560000 3.04321
9570000 1.66205
9580000 1.72713
9590000 2.58526
9600000 3.08203
9610000 1.65901
9620000 1.76271
9630000 1.65296
9640000 1.71219
9650000 1.80161
9660000 1.72359
9670000 1.63554
9680000 1.62216
9690000 1.62735
9700000 1.69557
9710000 1.61468
9720000 1.57124
9730000 1.56372
9740000 1.55888
9750000 1.6147
9760000 1.56242
9770000 1.58866
9780000 1.62917
9790000 1.58741
9800000 1.62123
9810000 1.65688
9820000 1.59574
9830000 1.62565
9840000 1.57925
9850000 1.60854
9860000 1.61384
9870000 2.30535
9880000 1.60953
9890000 3.36661
9900000 2.04662
9910000 1.79289
9920000 1.85324
9930000 3.96738
9940000 2.85837
9950000 1.71806
9960000 1.73292
9970000 1.74336
9980000 1.79729
9990000 3.09061
10000000 3.69797
10010000 2.06171
10020000 1.65515
10030000 1.92933
10040000 4.42679
10050000 1.68182
10060000 2.53764
10070000 1.71079
10080000 1.70623
10090000 1.65616
10100000 1.68364
10110000 1.64995
10120000 1.67808
10130000 1.60881
10140000 1.62225
10150000 1.67859
10160000 1.61547
10170000 1.55619
10180000 1.56064
10190000 1.55078
10200000 1.6371
10210000 1.57237
10220000 1.57135
10230000 1.63371
10240000 1.58007
10250000 1.65314
10260000 1.56732
10270000 1.63011
10280000 1.56881
10290000 1.59761
10300000 1.61197
10310000 1.62357
10320000 1.76512
10330000 4.31933
10340000 3.36265
10350000 1.90875
10360000 1.77218
10370000 3.56094
10380000 10.7131
10390000 1.70057
10400000 1.70937
10410000 1.64892
10420000 1.72506
10430000 1.77008
10440000 3.02582
10450000 1.75493
10460000 1.90822
10470000 1.62147
10480000 3.07363
10490000 1.71623
10500000 1.83509
10510000 1.6346
10520000 1.64841
10530000 1.69671
10540000 1.72519
10550000 1.63294
10560000 1.64791
10570000 1.60382
10580000 1.58052
10590000 1.61116
10600000 1.57921
10610000 1.56315
10620000 1.55691
10630000 1.56579
10640000 1.55805
10650000 1.60709
10660000 1.56498
10670000 1.55828
10680000 1.65309
10690000 1.59235
10700000 1.56819
10710000 1.60613
10720000 1.57494
10730000 1.61301
10740000 1.68908
10750000 1.69665
10760000 1.59869
10770000 2.68728
10780000 3.22784
10790000 1.70197
10800000 1.83437
10810000 3.96491
10820000 9.04916
10830000 3.1096
10840000 1.72841
10850000 1.72984
10860000 1.6313
10870000 1.66151
10880000 1.71392
10890000 2.05913
10900000 1.64354
10910000 1.70261
10920000 2.57307
10930000 1.68347
10940000 1.63653
10950000 1.76118
10960000 1.62558
10970000 1.69057
10980000 1.68743
10990000 1.694
11000000 1.59568
11010000 1.59294
11020000 1.63827
11030000 1.69246
11040000 1.61149
11050000 1.54621
11060000 1.55024
11070000 1.55992
11080000 1.60984
11090000 1.53629
11100000 1.55654
11110000 1.63636
11120000 1.56291
11130000 1.58813
11140000 1.62742
11150000 1.63624
11160000 1.5995
11170000 1.57262
11180000 1.59825
11190000 1.57047
11200000 2.29139
11210000 4.31935
11220000 3.36195
11230000 2.02828
11240000 1.77858
11250000 3.55843
11260000 10.697
11270000 2.85576
11280000 1.71021
11290000 1.73117
11300000 1.70714
11310000 1.78025
11320000 3.08584
11330000 3.67137
11340000 1.91202
11350000 1.62624
11360000 1.91936
11370000 4.42551
11380000 1.81714
11390000 2.51715
11400000 1.67939
11410000 1.69837
11420000 1.62716
11430000 1.63704
11440000 1.62094
11450000 1.64261
11460000 1.58387
11470000 1.59227
11480000 1.5997
11490000 1.5961
11500000 1.54896
11510000 1.5386
11520000 1.52933
11530000 1.59923
11540000 1.55833
11550000 1.56401
11560000 1.60977
11570000 1.59231
11580000 1.65172
11590000 1.56508
11600000 1.58389
11610000 1.56551
11620000 1.57293
11630000 1.70538
11640000 1.59457
11650000 1.7746
11660000 3.21475
11670000 1.71688
11680000 1.90448
11690000 1.74656
11700000 3.55498
11710000 3.10591
11720000 1.70595
11730000 1.69226
11740000 1.63397
11750000 1.65053
11760000 1.69483
11770000 2.99989
11780000 1.7387
11790000 1.7309
11800000 2.56332
11810000 3.06735
11820000 1.67412
11830000 1.73064
11840000 1.62048
11850000 1.64055
11860000 1.82107
11870000 1.68946
11880000 1.61246
11890000 1.58855
11900000 1.61404
11910000 1.67159
11920000 1.58419
11930000 1.54237
11940000 1.5407
11950000 1.53508
11960000 1.55631
11970000 1.55299
11980000 1.59032
11990000 1.56877
12000000 1.54405
12010000 1.63798
12020000 1.58955
12030000 1.5595
12040000 1.60128
12050000 1.55447
12060000 1.59843
12070000 1.6435
12080000 2.2751
12090000 1.58778
12100000 2.6648
12110000 3.20813
12120000 1.74236
12130000 1.82499
12140000 3.95755
12150000 9.04169
12160000 1.70523
12170000 1.72355
12180000 1.71331
12190000 1.61836
12200000 4.87992
12210000 3.68136
12220000 2.03832
12230000 1.63891
12240000 1.70146
12250000 4.41563
12260000 1.66667
12270000 1.64001
12280000 1.68781
12290000 1.61507
12300000 1.65804
12310000 1.65253
12320000 1.66218
12330000 1.57087
12340000 1.58787
12350000 1.64371
12360000 1.66198
12370000 1.59705
12380000 1.53019
12390000 1.54809
12400000 1.54673
12410000 1.59991
12420000 1.52758
12430000 1.56269
12440000 1.58724
12450000 1.53874
12460000 1.56919
12470000 1.55448
12480000 1.60773
12490000 1.57732
12500000 1.5567
12510000 1.58591
12520000 1.54941
12530000 1.7284
12540000 4.30825
12550000 3.33644
12560000 2.01176
12570000 1.75298
12580000 3.54624
12590000 10.6989
12600000 2.84627
12610000 1.69202
12620000 1.63091
12630000 1.69156
12640000 1.77104
12650000 3.09418
12660000 1.72603
12670000 1.88629
12680000 1.60214
12690000 1.905
12700000 1.69793
12710000 1.80268
12720000 2.50033
12730000 1.62633
12740000 1.66869
12750000 1.64346
12760000 1.60919
12770000 1.61909
12780000 1.63721
12790000 1.55691
12800000 1.55887
12810000 1.55297
12820000 1.58001
12830000 1.5505
12840000 1.53815
12850000 1.52178
12860000 1.6106
12870000 1.5176
12880000 1.54574
12890000 1.58694
12900000 1.5732
12910000 1.61397
12920000 1.56125
12930000 1.5628
12940000 1.54485
12950000 1.61902
12960000 1.6731
12970000 1.58156
12980000 2.67374
12990000 3.21679
13000000 1.67904
13010000 1.89325
13020000 3.94971
13030000 9.04286
13040000 3.08798
13050000 1.6878
13060000 1.64954
13070000 1.61526
13080000 1.66194
13090000 1.68988
13100000 3.00765
13110000 1.61847
13120000 1.6882
13130000 2.55501
13140000 3.05696
13150000 1.61862
13160000 1.72131
13170000 1.60543
13180000 1.66789
13190000 1.73864
13200000 1.68833
13210000 1.58473
13220000 1.58219
13230000 1.58463
13240000 1.65868
13250000 1.56935
13260000 1.52652
13270000 1.51681
13280000 1.51939
13290000 1.56848
13300000 1.52011
13310000 1.54266
13320000 1.59232
13330000 1.54512
13340000 1.58114
13350000 1.60267
13360000 1.55158
13370000 1.58355
13380000 1.53538
13390000 1.57191
13400000 1.57322
13410000 2.26992
13420000 1.56897
13430000 3.34237
13440000 2.01299
13450000 1.75457
13460000 1.81476
13470000 3.94955
13480000 2.83786
13490000 1.67434
13500000 1.69485
13510000 1.7051
13520000 1.76118
13530000 3.06815
13540000 3.67511
13550000 2.02329
13560000 1.59797
13570000 1.89839
13580000 4.41166
13590000 1.64377
13600000 2.50645
13610000 1.67554
13620000 1.65478
13630000 1.61224
13640000 1.64038
13650000 1.61238
13660000 1.63532
13670000 1.57212
13680000 1.57409
13690000 1.62781
13700000 1.57687
13710000 1.5178
13720000 1.52439
13730000 1.50825
13740000 1.60387
13750000 1.5326
13760000 1.53109
13770000 1.59486
13780000 1.53107
13790000 1.62316
13800000 1.52644
13810000 1.61147
13820000 1.5255
13830000 1.5628
13840000 1.57676
13850000 1.5824
13860000 1.74593
13870000 4.30939
13880000 3.34613
13890000 1.87629
13900000 1.73022
13910000 3.5443
13920000 10.7197
13930000 1.6619
13940000 1.66754
13950000 1.62349
13960000 1.69385
13970000 1.65956
13980000 2.99484
13990000 1.71887
14000000 1.87301
14010000 1.57668
14020000 3.05189
14030000 1.6707
14040000 1.79487
14050000 1.59225
14060000 1.61228
14070000 1.67121
14080000 1.66904
14090000 1.59357
14100000 1.6134
14110000 1.5649
14120000 1.54748
14130000 1.57165
14140000 1.54409
14150000 1.52618
14160000 1.51968
14170000 1.535
14180000 1.5213
14190000 1.56923
14200000 1.53087
14210000 1.52469
14220000 1.60515
14230000 1.54814
14240000 1.53533
14250000 1.5686
14260000 1.5409
14270000 1.56135
14280000 1.64984
14290000 1.65772
14300000 1.56203
14310000 2.66196
14320000 3.2079
14330000 1.67038
14340000 1.80513
14350000 3.94799
14360000 9.04076
14370000 3.0855
14380000 1.69964
14390000 1.7037
14400000 1.60289
14410000 1.63094
14420000 1.65612
14430000 2.01688
14440000 1.60857
14450000 1.67538
14460000 2.54791
14470000 1.64675
14480000 1.60322
14490000 1.72382
14500000 1.57413
14510000 1.65438
14520000 1.64216
14530000 1.66774
14540000 1.55619
14550000 1.55699
14560000 1.60397
14570000 1.65944
14580000 1.57611
14590000 1.51182
14600000 1.51651
14610000 1.52601
14620000 1.60148
14630000 1.5018
14640000 1.51954
14650000 1.59713
14660000 1.52513
14670000 1.55471
14680000 1.58091
14690000 1.59491
14700000 1.56974
14710000 1.53598
14720000 1.559
14730000 1.53357
14740000 2.26677
14750000 4.30886
14760000 3.34129
14770000 2.00461
14780000 1.74191
14790000 3.54323
14800000 10.6942
14810000 2.8389
14820000 1.67378
14830000 1.69388
14840000 1.67547
14850000 1.74779
14860000 3.06548
14870000 3.65555
14880000 1.87774
14890000 1.59435
14900000 1.89122
14910000 4.41487
14920000 1.78428
14930000 2.49021
14940000 1.6539
14950000 1.6526
14960000 1.59236
14970000 1.60206
14980000 1.58957
14990000 1.61093
15000000 1.55927
15010000 1.5546
15020000 1.56784
15030000 1.56151
15040000 1.5167
15050000 1.49907
15060000 1.49557
15070000 1.56945
15080000 1.52629
15090000 1.53156
15100000 1.57787
15110000 1.55746
15120000 1.63375
15130000 1.53545
15140000 1.54816
15150000 1.51727
15160000 1.5445
15170000 1.67763
15180000 1.56443
15190000 1.74958
15200000 3.19971
15210000 1.68162
15220000 1.87675
15230000 1.71366
15240000 3.53574
15250000 3.07885
15260000 1.67047
15270000 1.65377
15280000 1.61054
15290000 1.62671
15300000 1.66276
15310000 2.97926
15320000 1.709
15330000 1.67004
15340000 2.54579
15350000 3.04792
15360000 1.6453
15370000 1.69693
15380000 1.58423
15390000 1.61009
15400000 1.76989
15410000 1.66267
15420000 1.57912
15430000 1.56031
15440000 1.56842
15450000 1.64259
15460000 1.55126
15470000 1.51071
15480000 1.50968
15490000 1.50318
15500000 1.5264
15510000 1.52476
15520000 1.56207
15530000 1.53923
15540000 1.51176
15550000 1.60714
15560000 1.55158
15570000 1.52975
15580000 1.59297
15590000 1.52084
15600000 1.5603
15610000 1.6192
15620000 2.25189
15630000 1.55551
15640000 2.65093
15650000 3.18748
15660000 1.71523
15670000 1.79827
15680000 3.94368
15690000 9.02823
15700000 1.67831
15710000 1.68787
15720000 1.68635
15730000 1.59525
15740000 3.07242
15750000 3.6597
15760000 2.00122
15770000 1.61183
15780000 1.65788
15790000 4.40742
15800000 1.6382
15810000 1.60684
15820000 1.66274
15830000 1.60212
15840000 1.6215
15850000 1.62657
15860000 1.63053
15870000 1.54526
15880000 1.5614
15890000 1.61357
15900000 1.62526
15910000 1.56365
15920000 1.50448
15930000 1.50863
15940000 1.51829
15950000 1.57259
15960000 1.51264
15970000 1.53437
15980000 1.56463
15990000 1.50887
16000000 1.55286
16010000 1.525
16020000 1.57643
16030000 1.54056
16040000 1.53307
16050000 1.5621
16060000 1.51781
16070000 1.70206
16080000 4.30181
16090000 3.32046
16100000 1.99035
16110000 1.72238
16120000 3.53289
16130000 10.6982
16140000 2.83275
16150000 1.66014
16160000 1.61259
16170000 1.66605
16180000 1.74978
16190000 3.06973
16200000 1.70028
16210000 1.85799
16220000 1.57262
16230000 1.88302
16240000 1.66115
16250000 1.77538
16260000 2.47815
16270000 1.59225
16280000 1.62641
16290000 1.6218
16300000 1.58516
16310000 1.59554
16320000 1.61077
16330000 1.53208
16340000 1.53145
16350000 1.52442
16360000 1.55325
16370000 1.51992
16380000 1.51123
16390000 1.50488
16400000 1.58726
16410000 1.49175
16420000 1.51924
16430000 1.563
16440000 1.54078
16450000 1.59063
16460000 1.53494
16470000 1.53417
16480000 1.50876
16490000 1.59295
16500000 1.64368
16510000 1.55548
16520000 2.65854
16530000 3.20267
16540000 1.65702
16550000 1.86884
16560000 3.93889
16570000 9.03903
16580000 3.07012
16590000 1.65776
16600000 1.6262
16610000 1.59574
16620000 1.64629
16630000 1.6517
16640000 2.98216
16650000 1.59245
16660000 1.66379
16670000 2.53998
16680000 3.04211
16690000 1.59161
16700000 1.69522
16710000 1.57717
16720000 1.64464
16730000 1.69722
16740000 1.6754
16750000 1.55038
16760000 1.55578
16770000 1.57136
16780000 1.63731
16790000 1.56645
16800000 1.50065
16810000 1.48991
16820000 1.49346
16830000 1.55104
16840000 1.49593
16850000 1.52396
16860000 1.56666
16870000 1.5166
16880000 1.55268
16890000 1.57197
16900000 1.52614
16910000 1.55981
16920000 1.51054
16930000 1.55202
16940000 1.5479
16950000 2.24948
16960000 1.54451
16970000 3.33132
16980000 1.9959
16990000 1.73388
17000000 1.79201
17010000 11.31
17020000 2.82909
17030000 1.65071
17040000 1.67246
17050000 1.68266
17060000 1.73931
17070000 3.0552
17080000 3.65746
17090000 1.99673
17100000 1.61246
17110000 1.8804
17120000 4.40426
17130000 1.62021
17140000 2.48712
17150000 1.65494
17160000 1.63002
17170000 1.58797
17180000 1.61304
17190000 1.59462
17200000 1.61202
17210000 1.55225
17220000 1.55463
17230000 1.60114
17240000 1.55238
17250000 1.49286
17260000 1.4924
17270000 1.48263
17280000 1.58081
17290000 1.50962
17300000 1.50823
17310000 1.57188
17320000 1.50707
17330000 1.60728
17340000 1.5019
17350000 1.58973
17360000 1.49788
17370000 1.54641
17380000 1.55197
17390000 1.55748
17400000 1.73404
17410000 4.30506
17420000 3.29566
17430000 1.857
17440000 1.7039
17450000 3.53384
17460000 10.7084
17470000 1.64115
17480000 1.6429
17490000 1.61281
17500000 1.67205
17510000 1.6276
17520000 2.97645
17530000 1.69747
17540000 1.85307
17550000 1.552
17560000 3.039
17570000 1.63844
17580000 1.77105
17590000 1.56407
17600000 1.58611
17610000 1.65473
17620000 1.64484
17630000 1.57051
17640000 1.59221
17650000 1.54115
17660000 1.53045
17670000 1.54713
17680000 1.52354
17690000 1.50279
17700000 1.497
17710000 1.51462
17720000 1.49893
17730000 1.5471
17740000 1.5096
17750000 1.49926
17760000 1.57905
17770000 1.5221
17780000 1.52103
17790000 1.54595
17800000 1.50925
17810000 1.53036
17820000 1.6264
17830000 1.63864
17840000 1.54089
17850000 2.65041
17860000 3.19508
17870000 1.64605
17880000 1.78843
17890000 3.93695
17900000 9.03764
17910000 3.06756
17920000 1.67583
17930000 1.68875
17940000 1.58959
17950000 1.61174
17960000 1.62931
17970000 1.989
17980000 1.587
17990000 1.65997
18000000 2.53618
18010000 1.62703
18020000 1.58183
18030000 1.70191
18040000 1.55064
18050000 1.63431
18060000 1.61181
18070000 1.65336
18080000 1.53209
18090000 1.53598
18100000 1.57564
18110000 1.6371
18120000 1.55324
18130000 1.48359
18140000 1.49711
18150000 1.50735
18160000 1.59257
18170000 1.48212
18180000 1.49567
18190000 1.56617
18200000 1.50348
18210000 1.54215
18220000 1.5515
18230000 1.57148
18240000 1.54609
18250000 1.52391
18260000 1.52936
18270000 1.50746
18280000 2.25162
18290000 4.30312
18300000 3.33176
18310000 1.99257
18320000 1.71824
18330000 3.53345
18340000 10.6925
18350000 2.8296
18360000 1.65362
18370000 1.66534
18380000 1.65705
18390000 1.72926
18400000 3.05294
18410000 3.64778
18420000 1.85768
18430000 1.57363
18440000 1.87468
18450000 4.40786
18460000 1.76342
18470000 2.47214
18480000 1.6339
18490000 1.62898
18500000 1.57206
18510000 1.58232
18520000 1.57057
18530000 1.59124
18540000 1.52867
18550000 1.53175
18560000 1.52192
18570000 1.54084
18580000 1.49925
18590000 1.47817
18600000 1.47473
18610000 1.55074
18620000 1.50652
18630000 1.50967
18640000 1.55778
18650000 1.53008
18660000 1.61282
18670000 1.51237
18680000 1.52288
18690000 1.48883
18700000 1.5316
18710000 1.65676
18720000 1.54316
18730000 1.73247
18740000 3.19392
18750000 1.66107
18760000 1.85955
18770000 1.69224
18780000 9.37683
18790000 3.06548
18800000 1.64948
18810000 1.6292
18820000 1.59698
18830000 1.61794
18840000 1.64342
18850000 2.96379
18860000 1.68977
18870000 1.65254
18880000 2.53576
18890000 3.03638
18900000 1.62589
18910000 1.67804
18920000 1.56043
18930000 1.5949
18940000 1.76788
18950000 1.65337
18960000 1.55705
18970000 1.5413
18980000 1.54445
18990000 1.62773
19000000 1.53009
19010000 1.49071
19020000 1.49118
19030000 1.48433
19040000 1.50768
19050000 1.50731
19060000 1.5404
19070000 1.53016
19080000 1.49112
19090000 1.58913
19100000 1.52418
19110000 1.51204
19120000 1.57054
19130000 1.49973
19140000 1.53515
19150000 1.6033
19160000 2.23952
19170000 1.53449
19180000 2.64426
19190000 3.13242
19200000 1.70074
19210000 1.78173
19220000 3.93448
19230000 9.0308
19240000 1.64857
19250000 1.66762
19260000 1.67055
19270000 1.5837
19280000 3.05906
19290000 3.64452
19300000 1.9796
19310000 1.59313
19320000 1.6431
19330000 4.40362
19340000 1.62113
19350000 1.58837
19360000 1.64737
19370000 1.60243
19380000 1.59929
19390000 1.60779
19400000 1.61319
19410000 1.52724
19420000 1.54527
19430000 1.59575
19440000 1.60517
19450000 1.54286
19460000 1.48908
19470000 1.49039
19480000 1.49986
19490000 1.55435
19500000 1.49824
19510000 1.51085
19520000 1.55226
19530000 1.4891
19540000 1.54298
19550000 1.5042
19560000 1.55557
19570000 1.5162
19580000 1.52085
19590000 1.54554
19600000 1.49834
19610000 1.68382
19620000 4.29828
19630000 3.31252
19640000 1.97961
19650000 1.70257
19660000 3.52449
19670000 10.697
19680000 2.82664
19690000 1.63461
19700000 1.60391
19710000 1.65076
19720000 1.73813
19730000 3.05511
19740000 1.68424
19750000 1.84194
19760000 1.55458
19770000 1.8672
19780000 1.63641
19790000 1.7578
19800000 2.46487
19810000 1.57092
19820000 1.60738
19830000 1.60174
19840000 1.56852
19850000 1.58019
19860000 1.59376
19870000 1.5159
19880000 1.50918
19890000 1.50796
19900000 1.49711
19910000 1.51069
19920000 1.49408
19930000 1.48669
19940000 1.57039
19950000 1.47551
19960000 1.4993
19970000 1.54616
19980000 1.51977
19990000 1.57698
20000000 1.51722
20010000 1.51641
20020000 1.4912
20030000 1.57595
20040000 1.62517
20050000 1.53814
20060000 2.65295
20070000 3.19333
20080000 1.64582
20090000 1.85452
20100000 3.92887
20110000 9.03732
20120000 3.059
20130000 1.64019
20140000 1.65464
20150000 1.58733
20160000 1.63401
20170000 1.62915
20180000 2.97355
20190000 1.57555
20200000 1.64759
20210000 2.53162
20220000 3.03205
20230000 1.57268
20240000 1.67844
20250000 1.55834
20260000 1.62208
20270000 1.66813
20280000 1.66698
20290000 1.52894
20300000 1.53482
20310000 1.5563
20320000 1.62225
20330000 1.54584
20340000 1.48459
20350000 1.47372
20360000 1.47706
20370000 1.53681
20380000 1.48016
20390000 1.51
20400000 1.54767
20410000 1.49993
20420000 1.53291
20430000 1.54676
20440000 1.50701
20450000 1.54066
20460000 1.50018
20470000 1.53932
20480000 1.53097
20490000 2.23666
20500000 1.53159
20510000 3.32516
20520000 1.98529
20530000 1.71882
20540000 1.77811
20550000 10.7076
20560000 2.8237
20570000 1.63478
20580000 1.65759
20590000 1.6665
20600000 1.7317
20610000 3.04636
20620000 3.64422
20630000 1.97686
20640000 1.56893
20650000 1.86914
20660000 4.40109
20670000 1.60232
20680000 2.4751
20690000 1.64176
20700000 1.61692
20710000 1.57381
20720000 1.59509
20730000 1.58385
20740000 1.59467
20750000 1.53695
20760000 1.53497
20770000 1.58348
20780000 1.53643
20790000 1.47651
20800000 1.47368
20810000 1.46378
20820000 1.56694
20830000 1.49487
20840000 1.48631
20850000 1.55647
20860000 1.49398
20870000 1.59849
20880000 1.48643
20890000 1.52588
20900000 1.48049
20910000 1.53338
20920000 1.53631
20930000 1.54119
20940000 1.71909
20950000 4.3028
20960000 1.81763
20970000 1.84417
20980000 1.68635
20990000 3.52646
21000000 10.6948
21010000 1.62869
21020000 1.62565
21030000 1.60642
21040000 1.65733
21050000 1.61988
21060000 2.96529
21070000 1.68172
21080000 1.84048
21090000 1.55347
21100000 3.03116
21110000 1.61675
21120000 1.75531
21130000 1.54712
21140000 1.56738
21150000 1.64886
21160000 1.63251
21170000 1.55564
21180000 1.57839
21190000 1.52657
21200000 1.51784
21210000 1.53069
21220000 1.50841
21230000 1.48488
21240000 1.48373
21250000 1.49706
21260000 1.4859
21270000 1.53972
21280000 1.49477
21290000 1.48347
21300000 1.56493
21310000 1.50307
21320000 1.51373
21330000 1.53471
21340000 1.48333
21350000 1.51664
21360000 1.61986
21370000 1.61867
21380000 1.52632
21390000 2.64473
21400000 3.18721
21410000 1.63368
21420000 1.77919
21430000 3.92947
21440000 9.0368
21450000 3.05307
21460000 1.69352
21470000 1.68034
21480000 1.58254
21490000 1.59736
21500000 1.60852
21510000 1.97096
21520000 1.57351
21530000 1.64725
21540000 2.5291
21550000 1.61348
21560000 1.56993
21570000 1.68801
21580000 1.53375
21590000 1.62035
21600000 1.58564
21610000 1.6466
21620000 1.51722
21630000 1.52368
21640000 1.56206
21650000 1.62103
21660000 1.53514
21670000 1.46924
21680000 1.48818
21690000 1.49335
21700000 1.57844
21710000 1.46891
21720000 1.48307
21730000 1.54615
21740000 1.49163
21750000 1.5379
21760000 1.5317
21770000 1.55943
21780000 1.53006
21790000 1.51377
21800000 1.50977
21810000 1.4907
21820000 2.2367
21830000 4.29675
21840000 3.32938
21850000 1.98819
21860000 1.70365
21870000 3.52514
21880000 10.6913
21890000 2.82567
21900000 1.63948
21910000 1.62379
21920000 1.64536
21930000 1.71892
21940000 3.04416
21950000 3.63814
21960000 1.84164
21970000 1.55927
21980000 1.86434
21990000 4.40582
22000000 1.74938
22010000 2.45996
22020000 1.61833
22030000 1.61953
22040000 1.56122
22050000 1.57487
22060000 1.55928
22070000 1.57773
22080000 1.50821
22090000 1.5105
22100000 1.50853
22110000 1.52623
22120000 1.4964
22130000 1.46313
22140000 1.46152
22150000 1.539
22160000 1.49277
22170000 1.49524
22180000 1.54456
22190000 1.50716
22200000 1.59904
22210000 1.49416
22220000 1.5068
22230000 1.47275
22240000 1.52029
22250000 1.64051
22260000 1.53111
22270000 1.71918
22280000 3.18542
22290000 1.64693
22300000 1.84953
22310000 1.67882
22320000 9.03564
22330000 3.05488
22340000 1.63336
22350000 1.61212
22360000 1.58964
22370000 1.61698
22380000 1.63143
22390000 2.95319
22400000 1.67749
22410000 1.64114
22420000 2.52919
22430000 3.03006
22440000 1.60975
22450000 1.66743
22460000 1.54459
22470000 1.58123
22480000 1.74201
22490000 1.65322
22500000 1.54283
22510000 1.52741
22520000 1.52539
22530000 1.61764
22540000 1.51856
22550000 1.47748
22560000 1.47822
22570000 1.472
22580000 1.49501
22590000 1.49588
22600000 1.52056
22610000 1.51451
22620000 1.47775
22630000 1.57459
22640000 1.50932
22650000 1.50079
22660000 1.57705
22670000 1.48622
22680000 1.51815
22690000 1.59415
22700000 2.23117
22710000 1.52113
22720000 2.64147
22730000 2.37372
22740000 1.69166
22750000 1.77109
22760000 3.92838
22770000 9.02226
22780000 1.63215
22790000 1.65405
22800000 1.66121
22810000 1.57786
22820000 3.0545
22830000 3.63459
22840000 1.96712
22850000 1.58027
22860000 1.62531
22870000 4.40216
22880000 1.61035
22890000 1.57648
22900000 1.63682
22910000 1.60453
22920000 1.58543
22930000 1.59449
22940000 1.60391
22950000 1.51645
22960000 1.53479
22970000 1.5857
22980000 1.59328
22990000 1.52945
23000000 1.47483
23010000 1.48106
23020000 1.48865
23030000 1.54131
23040000 1.48356
23050000 1.49483
23060000 1.54719
23070000 1.47531
23080000 1.53429
23090000 1.48771
23100000 1.54125
23110000 1.46376
23120000 1.51272
23130000 1.53168
23140000 1.48534
23150000 1.67176
23160000 4.29696
23170000 3.3067
23180000 1.97123
23190000 1.68959
23200000 3.51897
23210000 10.6949
23220000 2.82504
23230000 1.6155
23240000 1.59745
23250000 1.64293
23260000 1.7309
23270000 3.04472
23280000 1.67423
23290000 1.8337
23300000 1.54403
23310000 1.85997
23320000 1.62105
23330000 1.74662
23340000 2.4586
23350000 1.5563
23360000 1.6059
23370000 1.58597
23380000 1.54837
23390000 1.57127
23400000 1.58282
23410000 1.50517
23420000 1.49597
23430000 1.49704
23440000 1.48189
23450000 1.49971
23460000 1.48275
23470000 1.47415
23480000 1.5669
23490000 1.4653
23500000 1.48629
23510000 1.53528
23520000 1.50549
23530000 1.5779
23540000 1.50845
23550000 1.50507
23560000 1.49252
23570000 1.56449
23580000 1.61351
23590000 1.52721
23600000 2.64382
23610000 3.18708
23620000 1.63851
23630000 1.84722
23640000 3.92143
23650000 9.03675
23660000 3.05205
23670000 1.62816
23680000 1.64964
23690000 1.58266
23700000 1.6206
23710000 1.61755
23720000 2.95929
23730000 1.56477
23740000 1.6369
23750000 2.52715
23760000 3.027
23770000 1.55975
23780000 1.66811
23790000 1.54806
23800000 1.60802
23810000 1.64976
23820000 1.65579
23830000 1.51581
23840000 1.52135
23850000 1.54262
23860000 1.61379
23870000 1.53332
23880000 1.47257
23890000 1.46313
23900000 1.46436
23910000 1.52125
23920000 1.47023
23930000 1.49995
23940000 1.53605
23950000 1.48701
23960000 1.51717
23970000 1.52308
23980000 1.51183
23990000 1.52967
24000000 1.49864
24010000 1.5306
24020000 1.52356
24030000 2.22865
24040000 1.52106
24050000 3.32675
24060000 1.97931
24070000 1.70436
24080000 1.76888
24090000 10.6874
24100000 2.81985
24110000 1.6228
24120000 1.64718
24130000 1.66332
24140000 1.72405
24150000 3.03928
24160000 3.63529
24170000 1.96412
24180000 1.55303
24190000 1.86108
24200000 4.3995
24210000 1.5911
24220000 2.46732
24230000 1.63433
24240000 1.60734
24250000 1.56554
24260000 1.58365
24270000 1.57777
24280000 1.57998
24290000 1.52708
24300000 1.52462
24310000 1.57187
24320000 1.52714
24330000 1.46974
24340000 1.46241
24350000 1.45286
24360000 1.56005
24370000 1.48479
24380000 1.47604
24390000 1.54652
24400000 1.48017
24410000 1.59374
24420000 1.4771
24430000 1.51767
24440000 1.47026
24450000 1.51582
24460000 1.52776
24470000 1.53163
24480000 1.70543
24490000 4.30211
24500000 1.66506
24510000 1.83734
24520000 1.67511
24530000 3.52162
24540000 10.6968
24550000 1.6211
24560000 1.61399
24570000 1.60124
24580000 1.64718
24590000 1.60544
24600000 2.95788
24610000 1.67124
24620000 1.82994
24630000 1.52644
24640000 3.02621
24650000 1.60236
24660000 1.74475
24670000 1.53531
24680000 1.55407
24690000 1.6548
24700000 1.62661
24710000 1.54408
24720000 1.5686
24730000 1.51507
24740000 1.51026
24750000 1.51991
24760000 1.49729
24770000 1.47141
24780000 1.4767
24790000 1.48606
24800000 1.47672
24810000 1.51992
24820000 1.48977
24830000 1.47221
24840000 1.55305
24850000 1.4837
24860000 1.50923
24870000 1.52991
24880000 1.47664
24890000 1.51105
24900000 1.61097
24910000 1.60432
24920000 1.51718
24930000 2.64211
24940000 3.1826
24950000 1.63043
24960000 1.77343
24970000 3.92449
24980000 9.03686
24990000 3.04472
25000000 1.67748
25010000 1.67279
25020000 1.57777
25030000 1.59106
25040000 1.59881
25050000 1.95985
25060000 1.56667
25070000 1.63747
25080000 2.52515
25090000 1.60517
25100000 1.56202
25110000 1.67933
25120000 1.52417
25130000 1.60712
25140000 1.56347
25150000 1.65288
25160000 1.50887
25170000 1.51381
25180000 1.55066
25190000 1.61034
25200000 1.52406
25210000 1.4589
25220000 1.48135
25230000 1.48018
25240000 1.56542
25250000 1.46584
25260000 1.47477
25270000 1.53596
25280000 1.47976
25290000 1.52246
25300000 1.52053
25310000 1.54986
25320000 1.52115
25330000 1.48423
25340000 1.49543
25350000 1.4803
25360000 2.22884
25370000 4.29958
25380000 3.32528
25390000 1.98154
25400000 1.69631
25410000 3.52147
25420000 10.6903
25430000 2.82354
25440000 1.63075
25450000 1.60519
25460000 1.6386
25470000 1.71347
25480000 3.03912
25490000 3.63405
25500000 1.83179
25510000 1.54854
25520000 1.85754
25530000 4.40821
25540000 1.74013
25550000 2.45248
25560000 1.6091
25570000 1.61303
25580000 1.55576
25590000 1.57031
25600000 1.552
25610000 1.5655
25620000 1.50381
25630000 1.4927
25640000 1.50039
25650000 1.51801
25660000 1.4852
25670000 1.45349
25680000 1.45223
25690000 1.53231
25700000 1.48299
25710000 1.48556
25720000 1.53567
25730000 1.49438
25740000 1.59026
25750000 1.47506
25760000 1.49814
25770000 1.46343
25780000 1.51576
25790000 1.62813
25800000 1.52296
25810000 1.70981
25820000 3.17891
25830000 1.63578
25840000 1.84365
25850000 1.67082
25860000 9.0361
25870000 3.04885
25880000 1.62252
25890000 1.60132
25900000 1.58939
25910000 1.60476
25920000 1.62389
25930000 2.94568
25940000 1.66975
25950000 1.63564
25960000 2.5248
25970000 3.02507
25980000 1.59844
25990000 1.65969
26000000 1.53353
26010000 1.56897
26020000 1.73642
26030000 1.65747
26040000 1.53311
26050000 1.51728
26060000 1.50914
26070000 1.61063
26080000 1.5166
26090000 1.46959
26100000 1.46982
26110000 1.46171
26120000 1.4855
26130000 1.48867
26140000 1.50466
26150000 1.50152
26160000 1.46968
26170000 1.56117
26180000 1.50185
26190000 1.49362
26200000 1.56896
26210000 1.47679
26220000 1.50449
26230000 1.59561
26240000 2.22495
26250000 1.51241
26260000 2.64046
26270000 2.00996
26280000 1.68347
26290000 1.76413
26300000 3.92375
26310000 9.01481
26320000 1.62358
26330000 1.6468
26340000 1.6553
26350000 1.57389
26360000 3.04928
26370000 3.6281
26380000 1.95913
26390000 1.57259
26400000 1.62116
26410000 4.40138
26420000 1.60256
26430000 1.56928
26440000 1.6278
26450000 1.59744
26460000 1.57655
26470000 1.58525
26480000 1.59286
26490000 1.50916
26500000 1.52797
26510000 1.58038
26520000 1.58619
26530000 1.51953
26540000 1.46376
26550000 1.46503
26560000 1.48209
26570000 1.53543
26580000 1.47608
26590000 1.48652
26600000 1.53165
26610000 1.4659
26620000 1.52879
26630000 1.47728
26640000 1.53078
26650000 1.46534
26660000 1.50243
26670000 1.51779
26680000 1.47756
26690000 1.6619
26700000 4.29628
26710000 3.30517
26720000 1.96732
26730000 1.68292
26740000 3.51534
26750000 10.6935
26760000 2.82646
26770000 1.61068
26780000 1.59478
26790000 1.63892
26800000 1.72455
26810000 3.03944
26820000 1.66883
26830000 1.82884
26840000 1.53631
26850000 1.85688
26860000 1.61067
26870000 1.73839
26880000 2.45335
26890000 1.55228
26900000 1.61124
26910000 1.57767
26920000 1.53582
26930000 1.56358
26940000 1.57466
26950000 1.50131
26960000 1.48655
26970000 1.48947
26980000 1.47357
26990000 1.47977
27000000 1.47508
27010000 1.46739
27020000 1.56604
27030000 1.4589
27040000 1.47769
27050000 1.52701
27060000 1.49798
27070000 1.54985
27080000 1.50589
27090000 1.49853
27100000 1.4908
27110000 1.56261
27120000 1.60521
27130000 1.52137
27140000 2.63841
27150000 3.18331
27160000 1.63281
27170000 1.8409
27180000 3.91773
27190000 9.03678
27200000 3.04807
27210000 1.62034
27220000 1.63869
27230000 1.57906
27240000 1.6076
27250000 1.61123
27260000 2.94798
27270000 1.5604
27280000 1.62998
27290000 2.52393
27300000 3.02277
27310000 1.55047
27320000 1.6602
27330000 1.53815
27340000 1.59625
27350000 1.6443
27360000 1.64914
27370000 1.50227
27380000 1.51439
27390000 1.52352
27400000 1.60734
27410000 1.52681
27420000 1.46428
27430000 1.45542
27440000 1.45765
27450000 1.52237
27460000 1.46318
27470000 1.49755
27480000 1.53152
27490000 1.4747
27500000 1.50737
27510000 1.507
27520000 1.51318
27530000 1.52507
27540000 1.49289
27550000 1.49931
27560000 1.51723
27570000 2.22286
27580000 1.5119
27590000 3.31977
27600000 1.97579
27610000 1.69489
27620000 1.76296
27630000 10.6843
27640000 2.81798
27650000 1.61471
27660000 1.64019
27670000 1.66316
27680000 1.71947
27690000 3.03463
27700000 3.62918
27710000 1.955
27720000 1.54689
27730000 1.85566
27740000 4.39847
27750000 1.58548
27760000 2.46231
27770000 1.62645
27780000 1.59848
27790000 1.5572
27800000 1.57669
27810000 1.57179
27820000 1.57
27830000 1.52165
27840000 1.51999
27850000 1.56505
27860000 1.52113
27870000 1.46282
27880000 1.45482
27890000 1.44509
27900000 1.55361
27910000 1.47748
27920000 1.46518
27930000 1.54002
27940000 1.46998
27950000 1.58785
27960000 1.47247
27970000 1.49227
27980000 1.46265
27990000 1.50127
28000000 1.50605
28010000 1.52654
28020000 1.69818
28030000 4.30321
28040000 1.6426
28050000 1.83265
28060000 1.66678
28070000 3.51846
28080000 10.684
28090000 1.61985
28100000 1.60459
28110000 1.59778
28120000 1.64011
28130000 1.60087
28140000 2.95286
28150000 1.66565
28160000 1.82444
28170000 3.54701
28180000 3.02328
28190000 1.59557
28200000 1.73754
28210000 1.52581
28220000 1.54522
28230000 1.65939
28240000 1.62455
28250000 1.5329
28260000 1.5613
28270000 1.50638
28280000 1.50534
28290000 1.51169
28300000 1.49068
28310000 1.46435
28320000 1.47246
28330000 1.48139
28340000 1.47093
28350000 1.50585
28360000 1.49352
28370000 1.46499
28380000 1.53983
28390000 1.47058
28400000 1.50788
28410000 1.52133
28420000 1.47529
28430000 1.51131
28440000 1.60255
28450000 1.59981
28460000 1.51114
28470000 2.64251
28480000 3.17892
28490000 1.62224
28500000 1.76981
28510000 3.92099
28520000 9.03707
28530000 3.03991
28540000 1.67749
28550000 1.66721
28560000 1.57573
28570000 1.58471
28580000 1.59808
28590000 1.95312
28600000 1.56243
28610000 1.63002
28620000 2.52049
28630000 1.59888
28640000 1.55558
28650000 1.67434
28660000 1.51703
28670000 1.59394
28680000 1.5496
28690000 1.66512
28700000 1.50663
28710000 1.50555
28720000 1.54597
28730000 1.61089
28740000 1.51589
28750000 1.45287
28760000 1.47132
28770000 1.47278
28780000 1.55829
28790000 1.46519
28800000 1.46712
28810000 1.52515
28820000 1.4704
28830000 1.51291
28840000 1.50904
28850000 1.53862
28860000 1.51358
28870000 1.48385
28880000 1.48544
28890000 1.47364
28900000 2.22622
28910000 4.30134
28920000 3.32095
28930000 1.97817
28940000 1.69384
28950000 3.51908
28960000 10.6896
28970000 2.82317
28980000 1.61948
28990000 1.57625
29000000 1.63302
29010000 1.71045
29020000 3.03578
29030000 3.62967
29040000 1.82617
29050000 1.5408
29060000 1.85308
29070000 4.40873
29080000 1.73357
29090000 2.44668
29100000 1.60398
29110000 1.61398
29120000 1.55295
29130000 1.55483
29140000 1.54638
29150000 1.55833
29160000 1.49627
29170000 1.48208
29180000 1.49674
29190000 1.51276
29200000 1.47562
29210000 1.44768
29220000 1.44464
29230000 1.52207
29240000 1.47704
29250000 1.47878
29260000 1.52988
29270000 1.48981
29280000 1.58563
29290000 1.47988
29300000 1.49297
29310000 1.45804
29320000 1.54261
29330000 1.61892
29340000 1.51703
29350000 1.70193
29360000 3.17846
29370000 1.62849
29380000 1.83923
29390000 1.66736
29400000 9.03592
29410000 3.04474
29420000 1.61542
29430000 1.59365
29440000 1.58727
29450000 1.59346
29460000 1.61911
29470000 2.94064
29480000 1.66522
29490000 1.63068
29500000 2.52177
29510000 3.02148
29520000 1.58814
29530000 1.65661
29540000 1.52585
29550000 1.55956
29560000 1.72603
29570000 1.66695
29580000 1.52591
29590000 1.51109
29600000 1.4999
29610000 1.60628
29620000 1.5066
29630000 1.46355
29640000 1.46521
29650000 1.45454
29660000 1.47974
29670000 1.48567
29680000 1.4947
29690000 1.49032
29700000 1.46172
29710000 1.54887
29720000 1.49344
29730000 1.49046
29740000 1.56374
29750000 1.47054
29760000 1.49979
29770000 1.58696
29780000 2.22066
29790000 1.50589
29800000 2.64073
29810000 1.97733
29820000 1.67731
29830000 1.75955
29840000 3.92012
29850000 9.02186
29860000 1.61755
29870000 1.64108
29880000 1.65227
29890000 1.57308
29900000 3.04657
29910000 3.6239
29920000 1.95394
29930000 1.56783
29940000 1.91204
29950000 4.40079
29960000 1.59582
29970000 1.56488
29980000 1.6201
29990000 1.59576
30000000 1.57126
