10000 622.96
20000 537.017
30000 510.419
40000 454.122
50000 428.205
60000 384.819
70000 363.584
80000 331.914
90000 313.592
100000 293.73
110000 276.649
120000 261.069
130000 245.868
140000 232.896
150000 231.989
160000 215.596
170000 205.599
180000 196.544
190000 191.863
200000 185.726
210000 176.91
220000 170.916
230000 161.643
240000 158.107
250000 149.367
260000 146.847
270000 140.011
280000 133.337
290000 129.454
300000 128.675
310000 120.304
320000 114.335
330000 112.138
340000 107.363
350000 103.976
360000 100.868
370000 96.5108
380000 94.315
390000 89.7946
400000 87.4057
410000 84.0012
420000 81.1158
430000 79.7723
440000 75.6437
450000 74.7307
460000 71.2923
470000 70.136
480000 67.0345
490000 65.315
500000 63.5773
510000 61.3804
520000 59.8632
530000 57.4325
540000 56.783
550000 54.5882
560000 54.4334
570000 52.6926
580000 51.7767
590000 89.7781
600000 104.507
610000 54.0081
620000 49.3446
630000 49.8727
640000 64.9441
650000 47.0341
660000 45.0939
670000 44.1342
680000 43.4913
690000 42.4738
700000 47.7055
710000 47.48
720000 42.2986
730000 38.2653
740000 41.2724
750000 92.1511
760000 36.6543
770000 38.0369
780000 35.2645
790000 34.4091
800000 34.183
810000 33.3642
820000 33.1445
830000 32.5625
840000 31.389
850000 30.3002
860000 29.8074
870000 29.7688
880000 28.4066
890000 28.2252
900000 28.0746
910000 27.1802
920000 26.7617
930000 26.5378
940000 26.172
950000 25.8377
960000 25.1007
970000 24.6493
980000 24.7102
990000 23.9866
1000000 23.9247
1010000 23.6447
1020000 24.8198
1030000 23.2776
1040000 82.7078
1050000 31.5146
1060000 29.7562
1070000 27.7255
1080000 28.968
1090000 29.005
1100000 25.3101
1110000 25.3042
1120000 24.9745
1130000 25.5112
1140000 30.207
1150000 66.0396
1160000 22.1267
1170000 27.445
1180000 43.9989
1190000 105.279
1200000 23.1532
1210000 23.1349
1220000 21.5837
1230000 21.7189
1240000 21.4739
1250000 21.5781
1260000 21.5049
1270000 21.5141
1280000 20.8711
1290000 19.8872
1300000 19.181
1310000 19.5084
1320000 18.5815
1330000 18.7406
1340000 18.2696
1350000 18.9224
1360000 18.2519
1370000 18.2118
1380000 18.0463
1390000 17.9038
1400000 17.6529
1410000 17.8713
1420000 17.4144
1430000 17.4244
1440000 17.1489
1450000 17.8819
1460000 18.3792
1470000 18.1565
1480000 71.2992
1490000 47.5522
1500000 23.841
1510000 25.4979
1520000 27.9373
1530000 36.2259
1540000 22.0388
1550000 21.8217
1560000 21.8205
1570000 21.6892
1580000 22.5323
1590000 32.5017
1600000 28.7164
1610000 18.6988
1620000 23.7691
1630000 86.3186
1640000 20.206
1650000 22.0952
1660000 19.9513
1670000 19.3042
1680000 19.3983
1690000 19.3253
1700000 19.6167
1710000 19.3293
1720000 18.399
1730000 18.622
1740000 17.3868
1750000 18.1725
1760000 17.1411
1770000 16.7957
1780000 17.3743
1790000 16.7121
1800000 17.1197
1810000 16.6487
1820000 16.7335
1830000 16.7293
1840000 16.6662
1850000 16.2769
1860000 16.5695
1870000 16.4086
1880000 16.5971
1890000 16.7122
1900000 18.5504
1910000 16.5275
1920000 76.287
1930000 94.3532
1940000 30.3866
1950000 23.5213
1960000 25.336
1970000 49.8976
1980000 23.6726
1990000 21.5116
2000000 21.3045
2010000 21.1612
2020000 21.3259
2030000 31.4171
2040000 18.5872
2050000 24.8809
2060000 18.2897
2070000 25.4581
2080000 20.4384
2090000 19.5463
2100000 22.5306
2110000 19.6447
2120000 19.1854
2130000 19.4024
2140000 19.1919
2150000 19.2968
2160000 19.3691
2170000 18.6405
2180000 17.3576
2190000 17.4437
2200000 17.8836
2210000 16.9185
2220000 16.66
2230000 16.9151
2240000 16.5091
2250000 16.6182
2260000 16.8444
2270000 16.5085
2280000 16.526
2290000 16.1201
2300000 16.1031
2310000 16.5563
2320000 16.0378
2330000 16.6918
2340000 16.603
2350000 18.3864
2360000 71.1762
2370000 47.2591
2380000 27.3896
2390000 25.6243
2400000 27.4265
2410000 35.7971
2420000 25.0744
2430000 21.2719
2440000 21.4262
2450000 21.2409
2460000 22.1028
2470000 27.516
2480000 64.9208
2490000 18.3918
2500000 23.4277
2510000 42.6463
2520000 104.721
2530000 21.6942
2540000 20.4052
2550000 18.8573
2560000 19.1048
2570000 19.0242
2580000 19.3353
2590000 18.9487
2600000 19.3621
2610000 18.306
2620000 17.1021
2630000 17.1041
2640000 17.6207
2650000 16.5245
2660000 16.7019
2670000 16.6006
2680000 16.9674
2690000 16.5813
2700000 16.5649
2710000 16.4556
2720000 16.4133
2730000 16.1509
2740000 16.421
2750000 16.2202
2760000 16.177
2770000 15.9399
2780000 18.3568
2790000 17.3337
2800000 17.1336
2810000 103.048
2820000 30.3589
2830000 23.1225
2840000 24.9495
2850000 27.3866
2860000 23.6372
2870000 21.4836
2880000 21.247
2890000 21.2741
2900000 21.3436
2910000 31.3178
2920000 32.1347
2930000 28.305
2940000 18.134
2950000 25.3424
2960000 86.1958
2970000 19.6884
2980000 22.4784
2990000 19.0926
3000000 18.6912
3010000 19.0133
3020000 19.0059
3030000 19.2756
3040000 19.3257
3050000 17.9561
3060000 17.1703
3070000 17.045
3080000 18.0368
3090000 16.8003
3100000 16.4932
3110000 16.7672
3120000 16.3409
3130000 16.9334
3140000 16.3581
3150000 16.6062
3160000 16.3636
3170000 16.2093
3180000 15.995
3190000 16.4152
3200000 16.0059
3210000 16.4578
3220000 16.451
3230000 18.3463
3240000 16.3758
3250000 76.2663
3260000 94.4077
3270000 25.6274
3280000 23.379
3290000 25.3243
3300000 49.8049
3310000 21.2696
3320000 21.2093
3330000 21.2267
3340000 21.0385
3350000 21.2018
3360000 64.8832
3370000 18.4291
3380000 24.7479
3390000 18.3517
3400000 104.644
3410000 20.2671
3420000 19.2969
3430000 18.9748
3440000 19.5567
3450000 19.1888
3460000 19.2578
3470000 19.0615
3480000 19.2429
3490000 18.2385
3500000 18.7911
3510000 17.096
3520000 17.3512
3530000 16.5581
3540000 16.7296
3550000 16.6162
3560000 17.3451
3570000 16.2857
3580000 16.5429
3590000 16.7691
3600000 16.4224
3610000 16.4042
3620000 16.3644
3630000 16.1403
3640000 16.2715
3650000 15.8983
3660000 16.6435
3670000 16.5017
3680000 17.0876
3690000 71.0917
3700000 47.2719
3710000 27.3293
3720000 24.901
3730000 27.3655
3740000 35.7912
3750000 24.996
3760000 21.3767
3770000 21.2504
3780000 21.1837
3790000 22.0075
3800000 27.4892
3810000 28.2572
3820000 18.2061
3830000 23.321
3840000 42.5933
3850000 19.6005
3860000 21.5637
3870000 20.3754
3880000 18.7652
3890000 19.0012
3900000 19.0279
3910000 19.2191
3920000 18.8774
3930000 19.1264
3940000 18.2033
3950000 17.0183
3960000 17.5408
3970000 17.5989
3980000 16.4871
3990000 17.0256
4000000 16.5152
4010000 16.7825
4020000 16.4669
4030000 16.5142
4040000 16.5128
4050000 16.4689
4060000 16.0941
4070000 16.2726
4080000 16.127
4090000 16.2247
4100000 16.3632
4110000 18.3454
4120000 17.3165
4130000 76.2786
4140000 94.329
4150000 30.3791
4160000 23.1117
4170000 25.2692
4180000 49.808
4190000 23.6479
4200000 21.3835
4210000 21.1653
4220000 20.9949
4230000 21.2246
4240000 31.2354
4250000 32.1628
4260000 24.6856
4270000 18.1796
4280000 25.3199
4290000 86.1679
4300000 19.4978
4310000 22.4856
4320000 19.3792
4330000 18.7087
4340000 19.2218
4350000 18.9283
4360000 19.1381
4370000 19.1712
4380000 17.8327
4390000 17.1404
4400000 16.9355
4410000 17.8228
4420000 16.7464
4430000 16.4075
4440000 16.712
4450000 16.3465
4460000 16.8245
4470000 16.6466
4480000 16.5892
4490000 16.3262
4500000 16.2126
4510000 15.9418
4520000 16.4427
4530000 15.9552
4540000 16.3829
4550000 16.5794
4560000 18.2897
4570000 16.3709
4580000 47.4328
4590000 27.3162
4600000 25.5783
4610000 23.3596
4620000 25.2414
4630000 25.171
4640000 21.2445
4650000 21.1939
4660000 21.1966
4670000 21.9973
4680000 27.4879
4690000 64.8859
4700000 18.3707
4710000 24.4975
4720000 42.6146
4730000 104.689
4740000 20.2077
4750000 20.3549
4760000 18.6745
4770000 19.0847
4780000 18.9589
4790000 19.1866
4800000 19.1008
4810000 19.1765
4820000 18.4615
4830000 17.4677
4840000 17.0197
4850000 17.5604
4860000 16.4927
4870000 16.6297
4880000 16.3986
4890000 17.2903
4900000 16.5116
4910000 16.4922
4920000 16.3918
4930000 16.4105
4940000 16.1045
4950000 16.388
4960000 16.0667
4970000 16.1262
4980000 15.906
4990000 16.6534
5000000 17.3303
5010000 17.1607
5020000 71.068
5030000 47.1236
5040000 23.1325
5050000 24.9732
5060000 27.5868
5070000 35.8442
5080000 21.3819
5090000 21.2082
5100000 21.1893
5110000 21.1932
5120000 21.9114
5130000 32.0701
5140000 28.2359
5150000 18.217
5160000 23.2336
5170000 86.1529
5180000 19.6171
5190000 21.5575
5200000 18.9525
5210000 18.6879
5220000 18.925
5230000 18.905
5240000 19.2192
5250000 18.89
5260000 17.8931
5270000 18.1241
5280000 16.9233
5290000 17.6799
5300000 16.6519
5310000 16.3915
5320000 16.9896
5330000 16.3331
5340000 16.7607
5350000 16.2846
5360000 16.4367
5370000 16.3627
5380000 16.3556
5390000 15.9589
5400000 16.4023
5410000 16.0544
5420000 16.3702
5430000 16.3958
5440000 18.3103
5450000 16.2053
5460000 76.2881
5470000 94.3989
5480000 30.3744
5490000 23.2242
5500000 25.2676
5510000 49.8622
5520000 23.523
5530000 21.3719
5540000 21.2053
5550000 20.9411
5560000 21.2262
5570000 31.2528
5580000 18.3366
5590000 24.6527
5600000 18.2647
5610000 25.3307
5620000 20.2367
5630000 19.3662
5640000 22.353
5650000 19.5318
5660000 19.0506
5670000 19.1734
5680000 19.0466
5690000 19.1362
5700000 19.1953
5710000 18.555
5720000 17.1815
5730000 17.2501
5740000 17.7525
5750000 16.7172
5760000 16.4601
5770000 16.6966
5780000 16.3827
5790000 16.4804
5800000 16.6957
5810000 16.3976
5820000 16.3466
5830000 16.0233
5840000 15.9762
5850000 16.4598
5860000 15.9221
5870000 16.6874
5880000 16.5176
5890000 18.3
5900000 71.1357
5910000 47.2373
5920000 27.307
5930000 25.5736
5940000 27.2547
5950000 35.7963
5960000 25.0412
5970000 21.2393
5980000 21.2746
5990000 21.1805
6000000 22.0106
6010000 27.458
6020000 64.9007
6030000 18.3562
6040000 23.2973
6050000 42.6813
6060000 104.743
6070000 21.4911
6080000 20.2507
6090000 18.6396
6100000 18.8102
6110000 18.9311
6120000 19.2544
6130000 18.899
6140000 19.2119
6150000 18.1345
6160000 16.9812
6170000 16.9615
6180000 17.5229
6190000 16.3927
6200000 16.5561
6210000 16.4636
6220000 16.8886
6230000 16.4776
6240000 16.4772
6250000 16.3513
6260000 16.3438
6270000 16.0621
6280000 16.3714
6290000 16.0925
6300000 16.0925
6310000 15.8242
6320000 18.3227
6330000 17.311
6340000 17.0546
6350000 94.3757
6360000 30.3521
6370000 23.0988
6380000 24.9505
6390000 27.33
6400000 23.6041
6410000 21.4764
6420000 21.2393
6430000 21.151
6440000 21.3016
6450000 31.2273
6460000 32.0449
6470000 28.1966
6480000 18.4161
6490000 25.2857
6500000 86.154
6510000 19.6257
6520000 22.3071
6530000 18.9806
6540000 18.5804
6550000 18.9066
6560000 18.9364
6570000 19.1941
6580000 19.233
6590000 17.8466
6600000 17.0716
6610000 16.9407
6620000 17.9313
6630000 16.7024
6640000 16.3834
6650000 16.66
6660000 16.2545
6670000 16.856
6680000 16.2708
6690000 16.5485
6700000 16.2592
6710000 16.1507
6720000 15.9262
6730000 16.4413
6740000 15.9652
6750000 16.4396
6760000 16.3624
6770000 18.2287
6780000 16.2463
6790000 76.296
6800000 94.4642
6810000 25.6187
6820000 23.1683
6830000 25.3366
6840000 49.7944
6850000 21.2213
6860000 21.123
6870000 21.2194
6880000 20.9506
6890000 21.2162
6900000 64.8858
6910000 18.3285
6920000 24.626
6930000 18.3931
6940000 104.655
6950000 20.1869
6960000 19.2114
6970000 18.8099
6980000 19.5009
6990000 19.1164
7000000 19.2941
7010000 19.0175
7020000 19.1315
7030000 18.1202
7040000 18.6656
7050000 17.0122
7060000 17.2788
7070000 16.4743
7080000 16.6287
7090000 16.533
7100000 17.2344
7110000 16.2395
7120000 16.4719
7130000 16.703
7140000 16.3754
7150000 16.3144
7160000 16.3342
7170000 16.0742
7180000 16.2678
7190000 15.8709
7200000 16.6542
7210000 16.4845
7220000 17.1075
7230000 71.0709
7240000 47.2638
7250000 27.3186
7260000 24.87
7270000 27.2802
7280000 35.8077
7290000 24.9441
7300000 21.3965
7310000 21.1399
7320000 21.1714
7330000 21.9573
7340000 27.4773
7350000 28.1857
7360000 18.2121
7370000 23.2368
7380000 42.641
7390000 19.492
7400000 21.4419
7410000 20.2521
7420000 18.5636
7430000 18.8955
7440000 19.0199
7450000 19.2479
7460000 18.836
7470000 19.0584
7480000 18.0919
7490000 16.9316
7500000 17.4417
7510000 17.5486
7520000 16.4147
7530000 16.9296
7540000 16.4395
7550000 16.7424
7560000 16.4502
7570000 16.4922
7580000 16.4727
7590000 16.408
7600000 16.0547
7610000 16.2878
7620000 16.0501
7630000 16.1885
7640000 16.313
7650000 18.3251
7660000 17.3305
7670000 76.3027
7680000 94.3554
7690000 30.404
7700000 23.0331
7710000 25.3257
7720000 49.8335
7730000 23.649
7740000 21.361
7750000 21.2381
7760000 20.9155
7770000 21.2319
7780000 31.18
7790000 32.0889
7800000 24.5954
7810000 18.1881
7820000 25.305
7830000 86.1652
7840000 19.3854
7850000 22.3465
7860000 19.3053
7870000 18.7519
7880000 19.1028
7890000 18.8985
7900000 19.1073
7910000 19.1084
7920000 17.7179
7930000 17.0894
7940000 16.8549
7950000 17.8103
7960000 16.6587
7970000 16.3449
7980000 16.6163
7990000 16.3041
8000000 16.7979
8010000 16.6047
8020000 16.5778
8030000 16.2631
8040000 16.1256
8050000 15.922
8060000 16.4857
8070000 15.9601
8080000 16.3872
8090000 16.5651
8100000 18.2624
8110000 16.3236
8120000 47.379
8130000 27.3158
8140000 25.5725
8150000 23.1921
8160000 25.2787
8170000 25.0827
8180000 21.2533
8190000 21.1245
8200000 21.2033
8210000 22.0549
8220000 27.4757
8230000 64.8851
8240000 18.3371
8250000 24.3341
8260000 42.6421
8270000 104.686
8280000 20.1374
8290000 20.2018
8300000 18.6207
8310000 19.028
8320000 18.9668
8330000 19.1716
8340000 19.1049
8350000 19.1369
8360000 18.3161
8370000 17.415
8380000 16.9691
8390000 17.5074
8400000 16.452
8410000 16.5825
8420000 16.3354
8430000 17.2077
8440000 16.4931
8450000 16.4377
8460000 16.3999
8470000 16.3864
8480000 16.0779
8490000 16.3673
8500000 16.0489
8510000 16.1293
8520000 15.9041
8530000 16.6802
8540000 17.3309
8550000 17.176
8560000 71.073
8570000 47.1268
8580000 23.2038
8590000 24.9661
8600000 27.5386
8610000 35.8668
8620000 21.4091
8630000 21.2185
8640000 21.1303
8650000 21.2163
8660000 21.6504
8670000 32.0355
8680000 28.1753
8690000 18.2338
8700000 23.1893
8710000 86.1471
8720000 19.5215
8730000 21.4932
8740000 18.9511
8750000 18.6331
8760000 18.8928
8770000 19.0392
8780000 19.1965
8790000 18.8659
8800000 17.8249
8810000 18.0501
8820000 16.8786
8830000 17.6141
8840000 16.6093
8850000 16.3244
8860000 16.9277
8870000 16.3127
8880000 16.7519
8890000 16.2679
8900000 16.4629
8910000 16.3409
8920000 16.3393
8930000 15.9529
8940000 16.4603
8950000 16.0095
8960000 16.3705
8970000 16.4737
8980000 18.3317
8990000 16.1883
9000000 76.3193
9010000 94.4411
9020000 30.4042
9030000 23.102
9040000 25.2984
9050000 49.8679
9060000 23.5124
9070000 21.4367
9080000 21.2287
9090000 20.8805
9100000 21.2484
9110000 31.2518
9120000 18.3245
9130000 24.5885
9140000 18.319
9150000 25.3174
9160000 20.2216
9170000 19.3431
9180000 22.2916
9190000 19.5161
9200000 19.0527
9210000 19.1054
9220000 19.074
9230000 19.1123
9240000 19.1822
9250000 18.5827
9260000 17.171
9270000 17.2003
9280000 17.7249
9290000 16.6653
9300000 16.4264
9310000 16.6564
9320000 16.4026
9330000 16.4526
9340000 16.6813
9350000 16.3904
9360000 16.3202
9370000 16.0351
9380000 15.9775
9390000 16.4727
9400000 15.9569
9410000 16.769
9420000 16.5136
9430000 18.3455
9440000 71.1205
9450000 47.2575
9460000 27.303
9470000 25.5857
9480000 27.2395
9490000 35.8181
9500000 25.0072
9510000 21.2444
9520000 21.1968
9530000 21.1831
9540000 21.9577
9550000 27.4713
9560000 64.8987
9570000 18.2658
9580000 23.2567
9590000 42.725
9600000 104.75
9610000 21.4639
9620000 20.2257
9630000 18.5938
9640000 18.8038
9650000 18.9382
9660000 19.2488
9670000 18.8911
9680000 19.1958
9690000 18.0857
9700000 16.9724
9710000 16.9069
9720000 17.4947
9730000 16.3708
9740000 16.5164
9750000 16.4313
9760000 16.855
9770000 16.4789
9780000 16.4747
9790000 16.3452
9800000 16.3415
9810000 16.0592
9820000 16.4938
9830000 16.0894
9840000 16.1084
9850000 15.8554
9860000 18.374
9870000 17.3761
9880000 17.1093
9890000 94.3429
9900000 30.3712
9910000 23.1357
9920000 24.9402
9930000 27.2899
9940000 23.6374
9950000 21.4929
9960000 21.271
9970000 21.1241
9980000 21.3055
9990000 31.1986
10000000 32.0135
10010000 28.1557
10020000 18.5466
10030000 25.2893
10040000 86.1495
10050000 19.5849
10060000 22.2673
10070000 18.9354
10080000 18.5755
10090000 18.7951
10100000 18.9513
10110000 19.1797
10120000 19.2163
10130000 17.8124
10140000 17.0551
10150000 16.909
10160000 17.9271
10170000 16.6465
10180000 16.3793
10190000 16.6396
10200000 16.25
10210000 16.8297
10220000 16.2741
10230000 16.5492
10240000 16.2494
10250000 16.1612
10260000 15.9355
10270000 16.4708
10280000 15.9823
10290000 16.4793
10300000 16.377
10310000 18.2172
10320000 16.221
10330000 76.3212
10340000 94.4915
10350000 25.6264
10360000 23.0638
10370000 25.361
10380000 49.7862
10390000 21.2204
10400000 21.0757
10410000 21.2402
10420000 20.9179
10430000 21.6447
10440000 64.8816
10450000 18.3282
10460000 24.5797
10470000 18.533
10480000 104.65
10490000 20.1871
10500000 19.2282
10510000 18.7433
10520000 19.4944
10530000 19.1068
10540000 19.2539
10550000 19.0467
10560000 19.0856
10570000 18.0679
10580000 18.607
10590000 17.0014
10600000 17.2387
10610000 16.4618
10620000 16.5974
10630000 16.529
10640000 17.1987
10650000 16.2523
10660000 16.4779
10670000 16.3836
10680000 16.3845
10690000 16.3009
10700000 16.352
10710000 16.0858
10720000 16.3353
10730000 15.8934
10740000 16.7214
10750000 16.5171
10760000 17.1716
10770000 71.0719
10780000 47.2746
10790000 27.3302
10800000 24.8744
10810000 27.258
10820000 35.8269
10830000 24.9049
10840000 21.4243
10850000 21.1123
10860000 21.2033
10870000 21.9494
10880000 27.4882
10890000 28.1625
10900000 18.2366
10910000 23.219
10920000 42.7298
10930000 19.4553
10940000 21.4238
10950000 20.2081
10960000 18.5646
10970000 18.8505
10980000 19.0536
10990000 19.2203
11000000 18.8435
11010000 19.0447
11020000 18.0557
11030000 16.8937
11040000 17.4144
11050000 17.542
11060000 16.4063
11070000 16.8966
11080000 16.3322
11090000 16.7423
11100000 16.4489
11110000 16.4957
11120000 16.4927
11130000 16.4015
11140000 16.0694
11150000 16.3231
11160000 16.0617
11170000 16.1892
11180000 16.3692
11190000 18.3638
11200000 17.4218
11210000 76.3321
11220000 94.3669
11230000 30.4242
11240000 23.0274
11250000 25.3329
11260000 49.8275
11270000 23.674
11280000 21.3637
11290000 21.3596
11300000 20.8931
11310000 21.252
11320000 31.1701
11330000 32.071
11340000 24.5621
11350000 18.2092
11360000 25.34
11370000 86.1823
11380000 19.3552
11390000 22.2786
11400000 19.2857
11410000 18.827
11420000 19.0422
11430000 18.9195
11440000 19.1209
11450000 19.1002
11460000 17.7484
11470000 17.0908
11480000 16.7879
11490000 17.8154
11500000 16.6529
11510000 16.3419
11520000 16.588
11530000 16.3138
11540000 16.7904
11550000 16.6212
11560000 16.5943
11570000 16.2575
11580000 16.1195
11590000 15.948
11600000 16.5575
11610000 16.0171
11620000 16.4451
11630000 16.6187
11640000 18.2884
11650000 16.3165
11660000 47.3902
11670000 27.3449
11680000 25.5932
11690000 23.1334
11700000 25.3502
11710000 25.0166
11720000 21.2624
11730000 21.1035
11740000 21.2209
11750000 21.977
11760000 27.4797
11770000 64.8731
11780000 18.3549
11790000 23.2806
11800000 42.6679
11810000 104.678
11820000 20.1483
11830000 20.1908
11840000 18.6053
11850000 19.0311
11860000 19.0092
11870000 19.1915
11880000 19.0744
11890000 19.1237
11900000 18.2589
11910000 17.3224
11920000 16.9672
11930000 17.5124
11940000 16.441
11950000 16.5782
11960000 16.3242
11970000 17.1895
11980000 16.5153
11990000 16.4352
12000000 16.4492
12010000 16.3912
12020000 16.1088
12030000 16.3914
12040000 16.1479
12050000 16.1648
12060000 15.9289
12070000 16.7305
12080000 17.3744
12090000 17.2112
12100000 71.0782
12110000 47.2112
12120000 23.2919
12130000 24.9635
12140000 27.4618
12150000 35.8528
12160000 21.4301
12170000 21.2408
12180000 21.1044
12190000 21.2426
12200000 43.3281
12210000 32.0228
12220000 28.1532
12230000 18.2521
12240000 23.1778
12250000 86.1466
12260000 19.4662
12270000 21.4563
12280000 18.9877
12290000 18.6213
12300000 18.8721
12310000 19.0197
12320000 19.1904
12330000 18.874
12340000 17.8109
12350000 18.0195
12360000 16.8729
12370000 17.599
12380000 16.5973
12390000 16.3178
12400000 16.9067
12410000 16.3284
12420000 16.6958
12430000 16.2867
12440000 16.5805
12450000 16.3361
12460000 16.3451
12470000 15.9748
12480000 16.5031
12490000 16.1192
12500000 16.3958
12510000 16.6073
12520000 18.3823
12530000 16.2471
12540000 76.3482
12550000 94.4533
12560000 30.4266
12570000 23.0384
12580000 25.3293
12590000 49.8674
12600000 23.5281
12610000 21.4514
12620000 21.2609
12630000 20.8625
12640000 21.2679
12650000 31.254
12660000 18.3137
12670000 24.5735
12680000 18.3557
12690000 25.3344
12700000 20.2203
12710000 19.3582
12720000 22.2685
12730000 19.5077
12740000 19.0706
12750000 19.0759
12760000 19.0729
12770000 19.1093
12780000 19.1631
12790000 18.5636
12800000 17.1626
12810000 17.1862
12820000 17.6917
12830000 16.6607
12840000 16.4295
12850000 16.614
12860000 16.4129
12870000 16.4452
12880000 16.7166
12890000 16.4027
12900000 16.3235
12910000 16.0749
12920000 16.011
12930000 16.5314
12940000 15.9414
12950000 16.8473
12960000 16.5611
12970000 18.3917
12980000 71.1034
12990000 47.2771
13000000 27.3141
13010000 25.614
13020000 27.1738
13030000 35.8381
13040000 24.9613
13050000 21.2614
13060000 21.1582
13070000 21.1975
13080000 21.9343
13090000 27.4964
13100000 64.8939
13110000 18.2797
13120000 23.2407
13130000 42.7423
13140000 104.746
13150000 21.4745
13160000 20.2378
13170000 18.5858
13180000 18.857
13190000 18.9609
13200000 19.2565
13210000 18.909
13220000 19.1791
13230000 18.0901
13240000 16.9895
13250000 16.86
13260000 17.4792
13270000 16.3726
13280000 16.5062
13290000 16.412
13300000 16.8944
13310000 16.4943
13320000 16.4795
13330000 16.3995
13340000 16.3457
13350000 16.0749
13360000 16.5186
13370000 16.1277
13380000 16.1665
13390000 15.9305
13400000 18.4503
13410000 17.486
13420000 17.1789
13430000 94.3329
13440000 30.3953
13450000 23.1663
13460000 24.9375
13470000 27.1022
13480000 23.673
13490000 21.4903
13500000 21.2861
13510000 21.0879
13520000 21.3105
13530000 31.1882
13540000 32.0043
13550000 28.1425
13560000 18.4514
13570000 25.3063
13580000 86.1466
13590000 19.5761
13600000 22.2327
13610000 18.9229
13620000 18.5957
13630000 18.8306
13640000 18.9674
13650000 19.1968
13660000 19.2287
13670000 17.8024
13680000 17.0622
13690000 16.9092
13700000 17.9646
13710000 16.6302
13720000 16.4181
13730000 16.6308
13740000 16.2742
13750000 16.8237
13760000 16.287
13770000 16.5744
13780000 16.264
13790000 16.1918
13800000 15.9574
13810000 16.5032
13820000 16.0045
13830000 16.5219
13840000 16.4592
13850000 18.2338
13860000 16.2174
13870000 76.3421
13880000 94.3598
13890000 25.643
13900000 23.0168
13910000 25.3839
13920000 49.8035
13930000 21.2476
13940000 21.0509
13950000 21.2605
13960000 20.8889
13970000 29.1965
13980000 64.8715
13990000 18.3347
14000000 24.5654
14010000 18.5496
14020000 104.637
14030000 20.1777
14040000 19.2683
14050000 18.6984
14060000 19.5499
14070000 19.1219
14080000 19.2494
14090000 19.0872
14100000 19.0812
14110000 18.0568
14120000 18.5694
14130000 17.0157
14140000 17.2282
14150000 16.4676
14160000 16.606
14170000 16.5392
14180000 17.1835
14190000 16.3692
14200000 16.4682
14210000 16.408
14220000 16.4023
14230000 16.3011
14240000 16.3819
14250000 16.1049
14260000 16.38
14270000 15.9334
14280000 16.8018
14290000 16.5754
14300000 17.2323
14310000 71.0797
14320000 47.2844
14330000 27.3696
14340000 24.8764
14350000 27.2562
14360000 35.8451
14370000 24.8714
14380000 21.4082
14390000 21.1025
14400000 21.2356
14410000 21.9514
14420000 27.5024
14430000 28.1513
14440000 18.2636
14450000 23.218
14460000 42.8008
14470000 19.4537
14480000 21.428
14490000 20.1796
14500000 18.57
14510000 18.8272
14520000 19.0927
14530000 19.2079
14540000 18.8585
14550000 19.0431
14560000 18.0475
14570000 16.9096
14580000 17.4103
14590000 17.514
14600000 16.404
14610000 16.8821
14620000 16.3803
14630000 16.7499
14640000 16.4955
14650000 16.5022
14660000 16.4961
14670000 16.4252
14680000 16.0903
14690000 16.377
14700000 16.0954
14710000 16.2433
14720000 16.4449
14730000 18.4042
14740000 17.5156
14750000 76.3515
14760000 94.3668
14770000 30.4406
14780000 23.0443
14790000 25.3918
14800000 49.8271
14810000 23.7034
14820000 21.3689
14830000 21.4074
14840000 20.8872
14850000 21.2672
14860000 31.1692
14870000 32.0679
14880000 24.5463
14890000 18.2258
14900000 25.3787
14910000 86.1802
14920000 19.3488
14930000 22.2469
14940000 19.2911
14950000 18.9999
14960000 19.0096
14970000 18.943
14980000 19.1411
14990000 19.0973
15000000 17.6704
15010000 17.1051
15020000 17.2144
15030000 17.8014
15040000 16.6615
15050000 16.3444
15060000 16.5846
15070000 16.3314
15080000 16.799
15090000 16.6486
15100000 16.61
15110000 16.2782
15120000 16.127
15130000 15.9786
15140000 16.584
15150000 16.0512
15160000 16.5018
15170000 16.7
15180000 18.317
15190000 16.3067
15200000 47.3408
15210000 27.3561
15220000 25.619
15230000 23.1007
15240000 25.3706
15250000 24.9635
15260000 21.269
15270000 21.0954
15280000 21.2509
15290000 21.9394
15300000 27.4888
15310000 64.8645
15320000 18.3839
15330000 23.2291
15340000 42.6878
15350000 104.674
15360000 20.1717
15370000 20.1779
15380000 18.5982
15390000 19.0405
15400000 19.1103
15410000 19.2105
15420000 19.0598
15430000 19.1007
15440000 18.2515
15450000 17.2933
15460000 16.9507
15470000 17.5531
15480000 16.4412
15490000 16.6001
15500000 16.321
15510000 17.1716
15520000 16.5397
15530000 16.4457
15540000 16.4695
15550000 16.4062
15560000 16.1056
15570000 16.4289
15580000 16.2054
15590000 16.1887
15600000 15.9495
15610000 16.7933
15620000 17.437
15630000 17.2454
15640000 71.083
15650000 47.1881
15660000 23.3479
15670000 24.9648
15680000 27.3929
15690000 35.8562
15700000 21.4609
15710000 21.2592
15720000 21.0914
15730000 21.2717
15740000 31.1226
15750000 32.0198
15760000 28.1458
15770000 18.2759
15780000 23.1808
15790000 86.1432
15800000 19.4293
15810000 21.4345
15820000 18.9777
15830000 18.6329
15840000 18.8771
15850000 19.0299
15860000 19.183
15870000 18.89
15880000 17.8019
15890000 18.003
15900000 16.8884
15910000 17.599
15920000 16.5995
15930000 16.3274
15940000 16.8917
15950000 16.3331
15960000 16.7744
15970000 16.3126
15980000 16.7379
15990000 16.3342
16000000 16.3544
16010000 15.9963
16020000 16.5238
16030000 16.0542
16040000 16.4256
16050000 16.6883
16060000 18.4354
16070000 16.2921
16080000 76.3734
16090000 94.4496
16100000 30.44
16110000 22.9857
16120000 25.3575
16130000 49.8639
16140000 23.5473
16150000 21.2907
16160000 21.2848
16170000 20.8596
16180000 21.28
16190000 31.2607
16200000 18.3149
16210000 24.5671
16220000 18.4028
16230000 25.3659
16240000 20.2175
16250000 19.3839
16260000 22.2567
16270000 19.4982
16280000 19.0894
16290000 19.0665
16300000 19.1119
16310000 19.1219
16320000 19.1423
16330000 18.5408
16340000 17.1448
16350000 17.181
16360000 17.693
16370000 16.6774
16380000 16.4127
16390000 17.1882
16400000 16.4034
16410000 16.4463
16420000 16.7557
16430000 16.4218
16440000 16.325
16450000 16.0953
16460000 16.0359
16470000 16.5968
16480000 15.9525
16490000 16.8977
16500000 16.6286
16510000 18.4427
16520000 71.0843
16530000 47.2952
16540000 27.3288
16550000 25.6482
16560000 27.1632
16570000 35.8548
16580000 24.9366
16590000 21.2696
16600000 21.1482
16610000 21.2066
16620000 21.9286
16630000 27.5163
16640000 64.8886
16650000 18.3223
16660000 23.2382
16670000 42.7715
16680000 104.722
16690000 21.4852
16700000 20.2316
16710000 18.5786
16720000 18.8398
16730000 18.9718
16740000 19.2478
16750000 18.9226
16760000 19.1673
16770000 18.1125
16780000 17.0058
16790000 17.4974
16800000 17.4828
16810000 16.3683
16820000 16.5024
16830000 16.4058
16840000 16.8963
16850000 16.517
16860000 16.4885
16870000 16.4879
16880000 16.3581
16890000 16.0933
16900000 16.5481
16910000 16.1759
16920000 16.2415
16930000 16.0462
16940000 18.519
16950000 17.5733
16960000 17.2412
16970000 94.3129
16980000 30.4173
16990000 23.1947
17000000 24.9401
17010000 52.2325
17020000 23.6991
17030000 21.4924
17040000 21.2825
17050000 21.0895
17060000 21.2759
17070000 31.1855
17080000 32.0027
17090000 28.1308
17100000 18.3608
17110000 25.3243
17120000 86.142
17130000 19.5819
17140000 22.2147
17150000 18.9371
17160000 18.6213
17170000 18.8502
17180000 18.9875
17190000 19.2157
17200000 19.2426
17210000 17.8108
17220000 17.0792
17230000 16.8791
17240000 17.9921
17250000 16.6134
17260000 16.414
17270000 16.6271
17280000 16.308
17290000 16.8213
17300000 16.3114
17310000 16.5993
17320000 16.3009
17330000 16.2151
17340000 15.9795
17350000 16.7301
17360000 16.0331
17370000 16.5407
17380000 16.4834
17390000 18.2555
17400000 16.224
17410000 76.362
17420000 94.2618
17430000 25.6613
17440000 22.9978
17450000 25.4106
17460000 49.794
17470000 21.2693
17480000 21.043
17490000 21.2843
17500000 20.8759
17510000 27.4986
17520000 64.8648
17530000 18.3446
17540000 24.5592
17550000 18.6
17560000 104.622
17570000 20.1656
17580000 19.2866
17590000 18.7036
17600000 19.5998
17610000 19.1491
17620000 19.2173
17630000 19.1052
17640000 19.0771
17650000 18.0662
17660000 18.5468
17670000 17.0329
17680000 17.2239
17690000 16.4774
17700000 16.6096
17710000 16.5423
17720000 17.1656
17730000 16.5002
17740000 16.4598
17750000 16.4523
17760000 16.4261
17770000 16.3075
17780000 16.4112
17790000 16.135
17800000 16.3045
17810000 15.9405
17820000 16.8798
17830000 16.6365
17840000 17.2685
17850000 71.0877
17860000 47.2925
17870000 27.4214
17880000 24.9092
17890000 27.2644
17900000 35.8586
17910000 24.8475
17920000 21.3986
17930000 21.0963
17940000 21.2647
17950000 21.9582
17960000 27.5127
17970000 28.1429
17980000 18.2871
17990000 23.2219
18000000 42.8459
18010000 19.458
18020000 21.4297
18030000 20.1618
18040000 18.6043
18050000 18.8161
18060000 19.1434
18070000 19.2026
18080000 18.8785
18090000 19.0466
18100000 18.0462
18110000 16.9147
18120000 17.408
18130000 16.8654
18140000 16.4112
18150000 16.8755
18160000 16.3949
18170000 16.7697
18180000 16.5277
18190000 16.5037
18200000 16.5223
18210000 16.4464
18220000 16.1016
18230000 16.4674
18240000 16.1301
18250000 16.3264
18260000 16.5152
18270000 18.4485
18280000 17.5931
18290000 76.3693
18300000 94.3544
18310000 30.4589
18320000 23.064
18330000 25.4088
18340000 49.8315
18350000 23.719
18360000 21.3721
18370000 21.4384
18380000 20.8898
18390000 21.2786
18400000 31.173
18410000 32.0752
18420000 24.543
18430000 18.2407
18440000 25.396
18450000 86.1654
18460000 19.33
18470000 22.233
18480000 19.3341
18490000 18.9743
18500000 18.9901
18510000 18.9639
18520000 19.1353
18530000 19.0964
18540000 17.6145
18550000 17.1194
18560000 17.205
18570000 17.8058
18580000 16.6574
18590000 16.3346
18600000 16.5826
18610000 16.3481
18620000 16.7868
18630000 16.6708
18640000 16.6266
18650000 16.3189
18660000 16.1331
18670000 16.0107
18680000 16.6052
18690000 16.0717
18700000 16.5472
18710000 16.7898
18720000 18.3425
18730000 16.3042
18740000 47.3435
18750000 27.3395
18760000 25.6476
18770000 23.0688
18780000 38.5537
18790000 24.9256
18800000 21.2751
18810000 21.0849
18820000 21.2852
18830000 21.9508
18840000 27.4994
18850000 64.8552
18860000 18.4047
18870000 23.2395
18880000 42.7029
18890000 104.669
18900000 20.1845
18910000 20.202
18920000 18.5967
18930000 19.0609
18940000 19.0477
18950000 19.224
18960000 19.0715
18970000 19.0935
18980000 18.2474
18990000 17.3044
19000000 16.9495
19010000 17.5589
19020000 16.4491
19030000 16.5769
19040000 16.3208
19050000 17.1653
19060000 16.5654
19070000 16.4905
19080000 16.4888
19090000 16.4249
19100000 16.1153
19110000 16.4446
19120000 16.2065
19130000 16.2058
19140000 15.9601
19150000 16.8607
19160000 17.501
19170000 17.2681
19180000 71.0878
19190000 47.0611
19200000 23.3766
19210000 24.9691
19220000 27.3539
19230000 35.822
19240000 21.4517
19250000 21.2692
19260000 21.0967
19270000 21.2971
19280000 31.2295
19290000 32.0203
19300000 28.1346
19310000 18.2807
19320000 23.2232
19330000 86.1388
19340000 19.4199
19350000 21.4244
19360000 18.9144
19370000 18.6647
19380000 18.881
19390000 19.0661
19400000 19.1782
19410000 18.9041
19420000 17.7976
19430000 17.995
19440000 16.8973
19450000 17.5724
19460000 16.6024
19470000 16.3102
19480000 16.8836
19490000 16.2982
19500000 17.0078
19510000 16.3299
19520000 16.6991
19530000 16.3334
19540000 16.3759
19550000 16.0155
19560000 16.5364
19570000 16.0383
19580000 16.4513
19590000 16.7458
19600000 18.4915
19610000 16.3536
19620000 76.393
19630000 94.4324
19640000 30.4656
19650000 22.9579
19660000 25.3916
19670000 49.8615
19680000 23.5647
19690000 21.3831
19700000 21.313
19710000 20.8622
19720000 21.2895
19730000 31.2581
19740000 18.3197
19750000 24.5613
19760000 18.4383
19770000 25.4001
19780000 20.2194
19790000 19.43
19800000 22.2395
19810000 19.5082
19820000 19.1167
19830000 19.0724
19840000 19.1296
19850000 19.1456
19860000 19.1011
19870000 18.5499
19880000 17.1728
19890000 17.1853
19900000 16.5094
19910000 16.6925
19920000 16.4104
19930000 17.1722
19940000 16.3932
19950000 16.4683
19960000 16.7874
19970000 16.4404
19980000 16.3287
19990000 16.1132
20000000 16.0648
20010000 16.6475
20020000 15.9813
20030000 16.9402
20040000 16.6673
20050000 18.4248
20060000 71.087
20070000 47.3104
20080000 27.3334
20090000 25.6725
20100000 27.204
20110000 35.8694
20120000 24.9126
20130000 21.2666
20140000 21.1212
20150000 21.2185
20160000 21.9245
20170000 27.5318
20180000 64.8995
20190000 18.3412
20200000 23.2395
20210000 42.7988
20220000 104.729
20230000 21.4919
20240000 20.2187
20250000 18.5707
20260000 18.8196
20270000 18.9916
20280000 19.2672
20290000 18.9388
20300000 19.181
20310000 18.5638
20320000 17.0228
20330000 17.4437
20340000 17.4889
20350000 16.3827
20360000 16.5017
20370000 16.403
20380000 16.8467
20390000 16.5415
20400000 16.5028
20410000 16.6043
20420000 16.373
20430000 16.1169
20440000 16.5061
20450000 16.2246
20460000 16.2655
20470000 16.1984
20480000 18.5553
20490000 17.6223
20500000 17.2821
20510000 94.2931
20520000 30.4359
20530000 23.2094
20540000 24.9462
20550000 49.81
20560000 23.7233
20570000 21.5071
20580000 21.2762
20590000 21.0402
20600000 21.3059
20610000 31.186
20620000 32.01
20630000 28.1296
20640000 18.269
20650000 25.3386
20660000 86.1378
20670000 19.5238
20680000 22.2211
20690000 18.9363
20700000 18.6472
20710000 18.8745
20720000 19.0157
20730000 19.2341
20740000 19.2517
20750000 17.8204
20760000 17.0918
20770000 16.8669
20780000 17.9882
20790000 16.6149
20800000 16.4049
20810000 16.6024
20820000 16.3031
20830000 16.8328
20840000 16.3304
20850000 16.6231
20860000 16.3478
20870000 16.2441
20880000 15.9913
20890000 16.728
20900000 16.0643
20910000 16.5579
20920000 16.5074
20930000 18.2744
20940000 16.2364
20950000 76.3813
20960000 34.5193
20970000 25.6784
20980000 22.983
20990000 25.4328
21000000 49.7789
21010000 21.2768
21020000 21.0442
21030000 21.3042
21040000 20.8736
21050000 27.5751
21060000 64.865
21070000 18.3552
21080000 24.5592
21090000 18.5925
21100000 104.609
21110000 20.1663
21120000 19.2925
21130000 18.6519
21140000 19.6083
21150000 19.1952
21160000 19.2211
21170000 19.0949
21180000 19.0697
21190000 18.1101
21200000 18.5147
21210000 17.0458
21220000 17.2239
21230000 16.4835
21240000 16.6
21250000 16.554
21260000 17.1573
21270000 16.4914
21280000 16.461
21290000 16.4436
21300000 16.4542
21310000 16.3099
21320000 16.4676
21330000 16.1649
21340000 16.4233
21350000 15.9668
21360000 16.9489
21370000 16.711
21380000 17.2948
21390000 71.0965
21400000 47.3053
21410000 27.3964
21420000 24.9434
21430000 27.2842
21440000 35.8704
21450000 24.8376
21460000 21.4178
21470000 21.0948
21480000 21.2829
21490000 21.9668
21500000 27.5401
21510000 28.1346
21520000 18.3131
21530000 23.227
21540000 42.833
21550000 19.4678
21560000 21.4368
21570000 20.1567
21580000 18.5854
21590000 18.8084
21600000 19.1884
21610000 19.2058
21620000 18.9047
21630000 19.0496
21640000 18.0507
21650000 16.934
21660000 17.4133
21670000 16.6899
21680000 16.4218
21690000 16.8702
21700000 16.4003
21710000 16.7856
21720000 16.53
21730000 16.515
21740000 16.5508
21750000 16.4444
21760000 16.1196
21770000 16.5234
21780000 16.1685
21790000 16.3365
21800000 16.5935
21810000 18.4963
21820000 17.6511
21830000 76.3911
21840000 94.3283
21850000 30.4762
21860000 23.0824
21870000 25.4352
21880000 49.8141
21890000 23.7118
21900000 21.381
21910000 21.2617
21920000 20.8911
21930000 21.2897
21940000 31.1812
21950000 32.0738
21960000 24.5643
21970000 18.2623
21980000 25.4119
21990000 86.1758
22000000 19.3401
22010000 22.2251
22020000 19.35
22030000 19.0626
22040000 18.9718
22050000 18.99
22060000 19.1347
22070000 19.0946
22080000 17.9923
22090000 17.1383
22100000 17.1942
22110000 17.7829
22120000 16.6668
22130000 16.3401
22140000 16.5863
22150000 16.3643
22160000 16.7929
22170000 16.6982
22180000 16.6434
22190000 16.3584
22200000 16.1412
22210000 16.0636
22220000 16.6464
22230000 16.0986
22240000 16.6303
22250000 16.8476
22260000 18.3664
22270000 16.3192
22280000 47.3524
22290000 27.3333
22300000 25.6747
22310000 23.0576
22320000 35.9736
22330000 24.8964
22340000 21.2801
22350000 21.0792
22360000 21.2984
22370000 21.9413
22380000 27.5096
22390000 64.8506
22400000 18.4047
22410000 23.2195
22420000 42.7177
22430000 104.654
22440000 20.1918
22450000 20.1967
22460000 18.5918
22470000 19.0687
22480000 19.067
22490000 19.2357
22500000 19.0772
22510000 19.0838
22520000 18.2507
22530000 17.2749
22540000 16.9847
22550000 17.5218
22560000 16.4551
22570000 16.5536
22580000 16.3292
22590000 17.1636
22600000 16.601
22610000 16.508
22620000 16.5262
22630000 16.4356
22640000 16.1331
22650000 16.4593
22660000 16.2864
22670000 16.2433
22680000 15.994
22690000 16.9392
22700000 17.5797
22710000 17.2872
22720000 71.0985
22730000 38.7696
22740000 23.3915
22750000 24.9696
22760000 27.3334
22770000 35.8629
22780000 21.4459
22790000 21.2791
22800000 21.1122
22810000 21.3198
22820000 31.1978
22830000 32.0211
22840000 28.1291
22850000 18.2912
22860000 23.1734
22870000 86.1367
22880000 19.4371
22890000 21.4259
22900000 18.8852
22910000 18.691
22920000 18.8877
22930000 19.0813
22940000 19.1793
22950000 18.9116
22960000 17.7959
22970000 17.9914
22980000 16.8774
22990000 17.5684
23000000 16.6065
23010000 16.3171
23020000 16.8754
23030000 16.3058
23040000 16.8481
23050000 16.3487
23060000 16.7388
23070000 16.3463
23080000 16.3786
23090000 16.0345
23100000 16.5442
23110000 16.0727
23120000 16.4744
23130000 16.8314
23140000 18.5272
23150000 16.3968
23160000 76.4078
23170000 94.4184
23180000 30.4865
23190000 22.9433
23200000 25.4174
23210000 49.8511
23220000 23.5797
23230000 21.3404
23240000 21.3237
23250000 20.869
23260000 21.2992
23270000 31.2239
23280000 18.3275
23290000 24.5614
23300000 18.4874
23310000 25.4229
23320000 20.1991
23330000 19.469
23340000 22.2361
23350000 19.4407
23360000 19.1373
23370000 19.0542
23380000 19.1158
23390000 19.1476
23400000 19.0743
23410000 18.5731
23420000 17.1719
23430000 17.1916
23440000 16.5217
23450000 16.7143
23460000 16.4215
23470000 17.1618
23480000 16.4165
23490000 16.4844
23500000 16.8155
23510000 16.4591
23520000 16.3327
23530000 16.127
23540000 16.0938
23550000 16.6718
23560000 16.0049
23570000 17.0048
23580000 16.6931
23590000 18.4395
23600000 71.093
23610000 47.3228
23620000 27.3439
23630000 25.7014
23640000 27.1961
23650000 35.8832
23660000 24.9031
23670000 21.2725
23680000 21.0964
23690000 21.2273
23700000 21.924
23710000 27.5524
23720000 64.9207
23730000 18.3511
23740000 23.2394
23750000 42.7966
23760000 104.726
23770000 21.499
23780000 20.2274
23790000 18.5691
23800000 18.8216
23810000 19.011
23820000 19.2879
23830000 18.9552
23840000 19.18
23850000 18.4632
23860000 17.037
23870000 17.4477
23880000 17.5017
23890000 16.3842
23900000 16.4971
23910000 16.4066
23920000 16.8191
23930000 16.5627
23940000 16.512
23950000 16.6879
23960000 16.3905
23970000 16.1421
23980000 16.5357
23990000 16.2591
24000000 16.2665
24010000 16.3469
24020000 18.5994
24030000 17.6746
24040000 17.3363
24050000 94.2717
24060000 30.4581
24070000 23.2349
24080000 24.9537
24090000 49.7459
24100000 23.7387
24110000 21.5105
24120000 21.2791
24130000 21.0413
24140000 21.3284
24150000 31.1888
24160000 32.0133
24170000 28.1303
24180000 18.2926
24190000 25.35
24200000 86.1354
24210000 19.5206
24220000 22.2043
24230000 18.9467
24240000 18.6738
24250000 18.8726
24260000 19.0368
24270000 19.2459
24280000 19.2253
24290000 17.829
24300000 17.1056
24310000 16.8671
24320000 18.0616
24330000 16.6238
24340000 16.3925
24350000 16.5929
24360000 16.319
24370000 16.8542
24380000 16.3457
24390000 16.652
24400000 16.3978
24410000 16.2599
24420000 16.013
24430000 16.8113
24440000 16.0744
24450000 16.5798
24460000 16.476
24470000 18.2967
24480000 16.2516
24490000 76.3988
24500000 27.951
24510000 25.6991
24520000 22.9731
24530000 25.4494
24540000 49.6794
24550000 21.2861
24560000 21.0526
24570000 21.3223
24580000 20.8751
24590000 27.5718
24600000 64.8701
24610000 18.3654
24620000 24.5659
24630000 18.2659
24640000 104.599
24650000 20.1809
24660000 19.3063
24670000 18.6296
24680000 19.59
24690000 19.2321
24700000 19.246
24710000 19.0846
24720000 19.0715
24730000 18.144
24740000 18.5031
24750000 17.0605
24760000 17.2235
24770000 16.4976
24780000 16.5777
24790000 16.543
24800000 17.1505
24810000 16.5092
24820000 16.4566
24830000 16.4781
24840000 16.4684
24850000 16.3081
24860000 16.5332
24870000 16.2031
24880000 16.2487
24890000 15.9729
24900000 17.0061
24910000 16.7129
24920000 17.3104
24930000 71.1022
24940000 47.3162
24950000 27.4039
24960000 24.9674
24970000 27.2982
24980000 35.8827
24990000 24.8329
25000000 21.3474
25010000 21.1037
25020000 21.3043
25030000 21.9733
25040000 27.4839
25050000 28.1279
25060000 18.334
25070000 23.2316
25080000 42.8714
25090000 19.4718
25100000 21.4362
25110000 20.1657
25120000 18.6058
25130000 18.7988
25140000 19.2169
25150000 19.204
25160000 18.9222
25170000 19.0551
25180000 18.0627
25190000 16.9909
25200000 17.4272
25210000 16.7309
25220000 16.4255
25230000 16.8672
25240000 16.4128
25250000 16.7754
25260000 16.5233
25270000 16.5378
25280000 16.6122
25290000 16.4351
25300000 16.131
25310000 16.5447
25320000 16.1999
25330000 16.4325
25340000 16.7008
25350000 18.5384
25360000 17.6975
25370000 76.4085
25380000 94.3121
25390000 30.4936
25400000 23.1004
25410000 25.4537
25420000 49.8018
25430000 23.7164
25440000 21.3799
25450000 21.2681
25460000 20.8954
25470000 21.3005
25480000 31.1934
25490000 32.0694
25500000 24.5645
25510000 18.3102
25520000 25.417
25530000 86.1733
25540000 19.3647
25550000 22.222
25560000 19.2972
25570000 19.1051
25580000 18.962
25590000 19.034
25600000 19.1569
25610000 19.0885
25620000 17.9144
25630000 17.1503
25640000 17.1959
25650000 17.8163
25660000 16.6568
25670000 16.3439
25680000 16.6056
25690000 16.381
25700000 16.791
25710000 16.7521
25720000 16.6606
25730000 16.3871
25740000 16.1566
25750000 16.1728
25760000 16.681
25770000 16.1294
25780000 16.7532
25790000 16.8852
25800000 18.3935
25810000 16.3197
25820000 47.3614
25830000 27.3396
25840000 25.6986
25850000 23.0449
25860000 36.0088
25870000 24.8839
25880000 21.2865
25890000 21.0816
25900000 21.3189
25910000 21.9466
25920000 27.516
25930000 64.8504
25940000 18.4225
25950000 23.2271
25960000 42.7359
25970000 104.645
25980000 20.2046
25990000 20.216
26000000 18.5978
26010000 19.07
26020000 19.1285
26030000 19.2493
26040000 19.0872
26050000 19.0764
26060000 18.3223
26070000 17.2112
26080000 16.9875
26090000 17.5164
26100000 16.4674
26110000 16.5504
26120000 16.3272
26130000 17.1668
26140000 16.6205
26150000 16.4542
26160000 16.5703
26170000 16.4366
26180000 16.1508
26190000 16.4914
26200000 16.3061
26210000 16.2785
26220000 16.0272
26230000 16.9459
26240000 17.626
26250000 17.3151
26260000 71.1061
26270000 30.5679
26280000 23.4067
26290000 24.975
26300000 27.3423
26310000 35.8945
26320000 21.4713
26330000 21.2855
26340000 21.125
26350000 21.3388
26360000 31.1924
26370000 32.022
26380000 28.1271
26390000 18.2966
26400000 23.3755
26410000 86.1365
26420000 19.4687
26430000 21.434
26440000 18.8917
26450000 18.7104
26460000 18.8775
26470000 19.0953
26480000 19.1849
26490000 18.9215
26500000 17.7965
26510000 17.9989
26520000 16.8669
26530000 17.5906
26540000 16.6126
26550000 16.3242
26560000 16.8736
26570000 16.3199
26580000 16.8236
26590000 16.3687
26600000 16.7179
26610000 16.3652
26620000 16.3794
26630000 16.0499
26640000 16.5551
26650000 16.1211
26660000 16.489
26670000 16.8865
26680000 18.5731
26690000 16.4192
26700000 76.4217
26710000 94.3981
26720000 30.5163
26730000 22.9489
26740000 25.4425
26750000 49.8416
26760000 23.5954
26770000 21.4074
26780000 21.3358
26790000 20.8721
26800000 21.3102
26810000 31.1864
26820000 18.3412
26830000 24.564
26840000 18.5091
26850000 25.5384
26860000 20.2055
26870000 19.5149
26880000 22.2382
26890000 19.4712
26900000 19.1503
26910000 19.0433
26920000 19.1167
26930000 19.1396
26940000 19.0926
26950000 18.603
26960000 17.1766
26970000 17.1968
26980000 16.5259
26990000 16.725
27000000 16.4694
27010000 17.1676
27020000 16.4375
27030000 16.4672
27040000 16.8453
27050000 16.4715
27060000 16.3405
27070000 16.1618
27080000 16.1202
27090000 16.7067
27100000 15.9444
27110000 17.0736
27120000 16.7377
27130000 18.4774
27140000 71.1026
27150000 47.3438
27160000 27.3546
27170000 25.7209
27180000 27.2264
27190000 35.8952
27200000 24.8951
27210000 21.2799
27220000 21.1289
27230000 21.2393
27240000 21.9259
27250000 27.5664
27260000 64.9753
27270000 18.3605
27280000 23.2443
27290000 42.7987
27300000 104.697
27310000 21.4984
27320000 20.2394
27330000 18.5717
27340000 18.8115
27350000 19.0253
27360000 19.2848
27370000 18.984
27380000 19.1441
27390000 18.2393
27400000 17.0568
27410000 17.4605
27420000 17.5116
27430000 16.3983
27440000 16.5063
27450000 16.4093
27460000 16.8212
27470000 16.5946
27480000 16.5164
27490000 16.72
27500000 16.4109
27510000 16.1567
27520000 16.4779
27530000 16.294
27540000 16.2975
27550000 16.6566
27560000 18.6631
27570000 17.7203
27580000 17.3683
27590000 94.255
27600000 30.4781
27610000 23.2576
27620000 24.9591
27630000 49.7552
27640000 23.7515
27650000 21.511
27660000 21.2872
27670000 21.0451
27680000 21.3318
27690000 31.1905
27700000 32.0138
27710000 28.126
27720000 18.3134
27730000 25.3607
27740000 86.1341
27750000 19.5234
27760000 22.1972
27770000 18.9438
27780000 18.694
27790000 18.8782
27800000 19.0719
27810000 19.2628
27820000 19.2204
27830000 17.8847
27840000 17.1191
27850000 16.8708
27860000 18.14
27870000 16.6352
27880000 16.3786
27890000 16.5945
27900000 16.3682
27910000 16.8771
27920000 16.3735
27930000 16.6777
27940000 16.4261
27950000 16.2484
27960000 16.0258
27970000 16.9415
27980000 16.0902
27990000 16.603
28000000 16.4685
28010000 18.3161
28020000 16.268
28030000 76.4081
28040000 27.3279
28050000 25.716
28060000 22.968
28070000 25.4687
28080000 49.6692
28090000 21.2959
28100000 21.062
28110000 21.3371
28120000 20.8829
28130000 27.5071
28140000 64.8731
28150000 18.3715
28160000 24.5766
28170000 64.2896
28180000 104.592
28190000 20.1942
28200000 19.3473
28210000 18.6318
28220000 19.5466
28230000 19.2443
28240000 19.2394
28250000 19.0891
28260000 19.0671
28270000 18.2001
28280000 18.498
28290000 17.0417
28300000 17.2293
28310000 16.5033
28320000 16.5842
28330000 16.5353
28340000 17.1461
28350000 16.5327
28360000 16.459
28370000 16.5055
28380000 16.4856
28390000 16.2997
28400000 16.5408
28410000 16.2452
28420000 16.352
28430000 15.9641
28440000 17.0555
28450000 16.7633
28460000 17.3173
28470000 71.1084
28480000 47.3187
28490000 27.4049
28500000 24.9775
28510000 27.2894
28520000 35.8932
28530000 24.8079
28540000 21.3231
28550000 21.1235
28560000 21.3267
28570000 21.9761
28580000 27.4377
28590000 28.1223
28600000 18.3591
28610000 23.2368
28620000 42.8647
28630000 19.4802
28640000 21.4383
28650000 20.1844
28660000 18.6283
28670000 18.8122
28680000 19.2226
28690000 19.2061
28700000 18.9371
28710000 19.0624
28720000 18.0797
28730000 16.9873
28740000 17.4447
28750000 16.6616
28760000 16.4315
28770000 16.8676
28780000 16.4461
28790000 16.7845
28800000 16.5323
28810000 16.5591
28820000 16.653
28830000 16.4278
28840000 16.1772
28850000 16.5869
28860000 16.2284
28870000 16.4798
28880000 16.7682
28890000 18.5744
28900000 17.74
28910000 76.4244
28920000 94.3042
28930000 30.5107
28940000 23.1119
28950000 25.4719
28960000 49.8004
28970000 23.7332
28980000 21.3676
28990000 21.2716
29000000 20.9041
29010000 21.3149
29020000 31.2054
29030000 32.0688
29040000 24.5729
29050000 18.3559
29060000 25.4211
29070000 86.2045
29080000 19.3686
29090000 22.2209
29100000 19.255
29110000 19.1673
29120000 18.961
29130000 19.0485
29140000 19.2182
29150000 19.0868
29160000 17.9367
29170000 17.1638
29180000 17.2005
29190000 17.8385
29200000 16.658
29210000 16.3676
29220000 16.6244
29230000 16.3952
29240000 16.8051
29250000 16.8064
29260000 16.6804
29270000 16.3609
29280000 16.17
29290000 16.1751
29300000 16.7137
29310000 16.1495
29320000 16.8779
29330000 16.9374
29340000 18.413
29350000 16.3494
29360000 47.3529
29370000 27.3469
29380000 25.7141
29390000 23.0253
29400000 35.9687
29410000 24.88
29420000 21.2931
29430000 21.0889
29440000 21.352
29450000 21.9384
29460000 27.5237
29470000 64.8486
29480000 18.4429
29490000 23.2322
29500000 42.7442
29510000 104.645
29520000 20.2091
29530000 20.2436
29540000 18.6018
29550000 19.0769
29560000 19.0832
29570000 19.2684
29580000 19.1015
29590000 19.0727
29600000 18.3899
29610000 17.1727
29620000 16.9827
29630000 17.5265
29640000 16.4839
29650000 16.5546
29660000 16.3315
29670000 17.192
29680000 16.6357
29690000 16.3964
29700000 16.6202
29710000 16.4556
29720000 16.151
29730000 16.5052
29740000 16.378
29750000 16.2832
29760000 16.0632
29770000 16.9925
29780000 17.6936
29790000 17.332
29800000 71.1082
29810000 30.5969
29820000 23.4076
29830000 24.9844
29840000 27.3563
29850000 35.8405
29860000 21.447
29870000 21.2948
29880000 21.132
29890000 21.3521
29900000 31.1813
29910000 32.0235
29920000 28.1272
29930000 18.2984
29940000 26.769
29950000 86.1364
29960000 19.4738
29970000 21.4404
29980000 18.919
29990000 18.7293
30000000 18.8671
30010000 19.1094
30020000 19.1904
30030000 18.9281
30040000 17.8126
30050000 18.0045
30060000 16.8641
30070000 17.6417
30080000 16.6236
30090000 16.3342
30100000 16.8772
30110000 16.3255
30120000 16.8323
30130000 16.3865
30140000 16.7402
30150000 16.378
30160000 16.3912
30170000 16.0738
30180000 16.5655
30190000 16.1582
30200000 16.5046
30210000 16.9124
30220000 18.5694
30230000 16.4463
30240000 76.4318
30250000 94.38
30260000 30.664
30270000 22.9504
30280000 25.459
30290000 49.8515
30300000 23.6058
30310000 21.3827
30320000 21.3446
30330000 20.8763
30340000 21.3225
30350000 31.1589
30360000 18.3637
30370000 24.5676
30380000 18.512
30390000 25.6223
30400000 20.2112
30410000 19.5587
30420000 22.2428
30430000 19.4483
30440000 19.1659
30450000 19.0462
30460000 19.1388
30470000 19.1324
30480000 19.0848
30490000 18.6518
30500000 17.1922
30510000 17.2057
30520000 16.5512
30530000 16.6761
30540000 16.4823
30550000 17.1463
30560000 16.4417
30570000 16.4656
30580000 16.8719
30590000 16.4859
30600000 16.3498
30610000 16.1802
30620000 16.1412
30630000 16.7229
30640000 15.9675
30650000 17.1073
30660000 16.7943
30670000 18.5084
30680000 71.1016
30690000 47.3682
30700000 27.3722
30710000 25.734
30720000 27.2139
30730000 35.9085
30740000 24.8797
30750000 21.2866
30760000 20.8953
30770000 21.2536
30780000 21.9298
30790000 27.5667
30800000 64.9598
30810000 18.3701
30820000 23.2529
30830000 42.822
30840000 104.677
30850000 21.5051
30860000 20.2412
30870000 18.5779
30880000 18.8141
30890000 19.0412
30900000 19.2726
30910000 19.0164
30920000 19.1172
30930000 18.1802
30940000 17.0684
30950000 17.462
30960000 17.5165
30970000 16.4182
30980000 16.845
30990000 16.4135
31000000 16.831
31010000 16.6383
31020000 16.5254
31030000 16.7483
31040000 16.4326
31050000 16.1551
31060000 16.6138
31070000 16.3275
31080000 16.3238
31090000 16.8523
31100000 18.7095
31110000 17.761
31120000 17.4194
31130000 94.2425
31140000 30.4979
31150000 23.2664
31160000 24.9685
31170000 49.7578
31180000 23.7665
31190000 21.5138
31200000 21.2978
31210000 21.0531
31220000 21.343
31230000 31.1952
31240000 32.0187
31250000 28.124
31260000 18.3062
31270000 25.3729
31280000 86.1351
31290000 19.532
31300000 22.2009
31310000 18.9655
31320000 18.7136
31330000 18.8857
31340000 19.1078
31350000 19.3047
31360000 19.2326
31370000 17.9429
31380000 17.1132
31390000 16.8764
31400000 18.1638
31410000 16.6401
31420000 16.3914
31430000 16.5943
31440000 16.4065
31450000 16.8491
31460000 16.4206
31470000 16.6909
31480000 16.4418
31490000 16.2509
31500000 16.0355
31510000 16.9023
31520000 16.1051
31530000 16.6285
31540000 16.534
31550000 18.3453
31560000 16.2899
31570000 76.4088
31580000 27.4058
31590000 25.7302
31600000 22.964
31610000 25.492
31620000 49.5669
31630000 21.3021
31640000 21.0735
31650000 21.3506
31660000 20.9033
31670000 27.5097
31680000 64.8753
31690000 18.3791
31700000 24.5868
31710000 42.8282
31720000 104.589
31730000 20.2073
31740000 19.3449
31750000 18.6511
31760000 19.5442
31770000 19.2485
31780000 19.2399
31790000 19.0985
31800000 19.0628
31810000 18.2054
31820000 18.495
31830000 17.0309
31840000 17.2357
31850000 16.5159
31860000 16.5627
31870000 16.5559
31880000 17.1462
31890000 16.5659
31900000 16.4754
31910000 16.5059
31920000 16.5046
31930000 16.2903
31940000 16.5364
31950000 16.2622
31960000 16.4088
31970000 15.9777
31980000 17.1031
31990000 16.8117
32000000 17.3229
32010000 71.1139
32020000 47.3246
32030000 27.4226
32040000 24.9962
32050000 27.2813
32060000 35.9061
32070000 24.8191
32080000 21.3161
32090000 21.1345
32100000 21.348
32110000 21.9817
32120000 27.4642
32130000 28.1195
32140000 18.3923
32150000 23.2429
32160000 42.864
32170000 19.4921
32180000 21.4458
32190000 20.228
32200000 18.6858
32210000 18.8293
32220000 19.2355
32230000 19.2129
32240000 18.9522
32250000 19.0765
32260000 18.0894
32270000 17.0166
32280000 17.4587
32290000 16.6864
32300000 16.4406
32310000 16.8708
32320000 16.4476
32330000 16.8028
32340000 16.5752
32350000 16.5776
32360000 16.5893
32370000 16.426
32380000 16.1837
32390000 16.6372
32400000 16.2564
32410000 16.4615
32420000 16.8246
32430000 18.6091
32440000 17.78
32450000 76.4332
32460000 94.3019
32470000 30.5246
32480000 23.1254
32490000 25.526
32500000 49.8026
32510000 23.7425
32520000 21.3691
32530000 21.2938
32540000 20.9124
32550000 21.3312
32560000 31.2161
32570000 32.0646
32580000 24.5845
32590000 18.342
32600000 25.4272
32610000 86.2668
32620000 19.3913
32630000 22.2223
32640000 19.2455
32650000 19.1261
32660000 18.9627
32670000 19.0722
32680000 19.2604
32690000 19.0884
32700000 17.9784
32710000 17.1803
32720000 17.2086
32730000 17.8228
32740000 16.6727
32750000 16.3968
32760000 16.6544
32770000 16.4049
32780000 16.8325
32790000 16.8541
32800000 16.6964
32810000 16.3679
32820000 16.1786
32830000 16.1447
32840000 16.7487
32850000 16.1612
32860000 17.014
32870000 16.989
32880000 18.4275
32890000 16.3646
32900000 47.3523
32910000 27.3581
32920000 25.727
32930000 23.0212
32940000 35.9878
32950000 24.8874
32960000 21.3023
32970000 21.0929
32980000 21.2723
32990000 21.9375
33000000 27.532
33010000 64.8524
33020000 18.4435
33030000 23.2441
33040000 42.7471
33050000 104.639
33060000 20.212
33070000 20.258
33080000 18.608
33090000 19.031
33100000 19.0434
33110000 19.2891
33120000 19.1217
33130000 19.0724
33140000 18.4533
33150000 17.1449
33160000 16.988
33170000 17.5344
33180000 16.5005
33190000 16.5666
33200000 16.338
33210000 17.1812
33220000 16.6609
33230000 16.3964
33240000 16.6916
33250000 16.4823
33260000 16.15
33270000 16.5245
33280000 16.3251
33290000 16.2949
33300000 16.0954
33310000 16.9763
33320000 17.7594
33330000 17.337
33340000 71.1113
33350000 30.6163
33360000 23.4133
33370000 24.9915
33380000 27.3651
33390000 35.8071
33400000 21.4488
33410000 21.3041
33420000 21.1428
33430000 21.3698
33440000 31.1777
33450000 32.0241
33460000 28.1288
33470000 18.3108
33480000 25.3733
33490000 86.1375
33500000 19.471
33510000 21.4434
33520000 18.92
33530000 18.7466
33540000 18.8692
33550000 19.1481
33560000 19.2182
33570000 18.9323
33580000 17.8069
33590000 18.0071
33600000 16.8829
33610000 17.6609
33620000 16.6255
33630000 16.3422
33640000 16.8743
33650000 16.3338
33660000 16.8419
33670000 16.4056
33680000 16.75
33690000 16.3954
33700000 16.3885
33710000 16.1142
33720000 16.5788
33730000 16.0913
33740000 16.5133
33750000 16.9571
33760000 18.6856
33770000 16.4844
33780000 76.4386
33790000 94.3627
33800000 30.6052
33810000 22.9472
33820000 25.471
33830000 49.835
33840000 23.6173
33850000 21.3789
33860000 21.356
33870000 20.8806
33880000 21.3347
33890000 31.3394
33900000 18.3798
33910000 24.5778
33920000 18.5263
33930000 25.619
33940000 20.211
33950000 19.5574
33960000 22.2426
33970000 19.4628
33980000 19.1865
33990000 19.0385
34000000 19.1618
34010000 19.1267
34020000 19.086
34030000 18.6879
34040000 17.2073
34050000 17.2155
34060000 16.5675
34070000 16.6741
34080000 16.4701
34090000 17.1375
34100000 16.431
34110000 16.4781
34120000 16.9037
34130000 16.5028
34140000 16.3603
34150000 16.1629
34160000 16.1635
34170000 16.7124
34180000 15.973
34190000 17.1598
34200000 16.8279
34210000 18.5057
34220000 71.1034
34230000 47.3753
34240000 27.3866
34250000 25.7271
34260000 27.2213
34270000 35.9218
34280000 24.8705
34290000 21.2996
34300000 20.9028
34310000 21.2702
34320000 21.9352
34330000 27.5716
34340000 64.9967
34350000 18.3743
34360000 23.2616
34370000 42.831
34380000 104.712
34390000 21.5107
34400000 20.2556
34410000 18.5843
34420000 18.8156
34430000 19.0579
34440000 19.2407
34450000 19.0431
34460000 19.1018
34470000 18.2201
34480000 17.0742
34490000 17.4616
34500000 17.5216
34510000 16.4336
34520000 16.922
34530000 16.4279
34540000 16.8068
34550000 16.6738
34560000 16.5376
34570000 16.7973
34580000 16.4888
34590000 16.1887
34600000 16.5663
34610000 16.3567
34620000 16.3797
34630000 16.9225
34640000 18.7251
34650000 17.83
34660000 17.4144
34670000 94.2339
34680000 30.5205
34690000 23.2789
34700000 24.9731
34710000 49.7606
34720000 23.7695
34730000 21.5215
34740000 21.308
34750000 21.0597
34760000 21.354
34770000 31.1992
34780000 32.0173
34790000 28.1279
34800000 18.3155
34810000 25.3826
34820000 86.1373
34830000 19.5371
34840000 22.2106
34850000 18.9923
34860000 18.7335
34870000 18.9092
34880000 19.1676
34890000 19.3301
34900000 19.2208
34910000 17.9663
34920000 17.1233
34930000 16.8826
34940000 18.1242
34950000 16.6426
34960000 16.3979
34970000 16.5854
34980000 16.418
34990000 16.8347
35000000 16.3933
35010000 16.689
35020000 16.4661
35030000 16.2542
35040000 16.0661
35050000 16.9385
35060000 16.1244
35070000 16.639
35080000 16.4418
35090000 18.3744
35100000 16.314
35110000 76.4132
35120000 27.4384
35130000 25.7454
35140000 22.9695
35150000 25.5081
35160000 49.7135
35170000 21.3018
35180000 21.0841
35190000 21.3633
35200000 20.9191
35210000 27.5273
35220000 64.8831
35230000 18.3895
35240000 24.5936
35250000 42.6867
35260000 104.589
35270000 20.2151
35280000 19.3051
35290000 18.6435
35300000 19.4693
35310000 19.2556
35320000 19.197
35330000 19.0921
35340000 19.0722
35350000 18.1911
35360000 18.4963
35370000 17.0398
35380000 17.2415
35390000 16.5315
35400000 16.5626
35410000 16.6109
35420000 17.1446
35430000 16.5775
35440000 16.5162
35450000 16.5385
35460000 16.5276
35470000 16.3059
35480000 16.5604
35490000 16.2734
35500000 16.3655
35510000 15.982
35520000 17.1474
35530000 16.8905
35540000 17.3326
35550000 71.1198
35560000 47.3326
35570000 27.4705
35580000 25.0209
35590000 27.2754
35600000 35.9205
35610000 24.851
35620000 21.3197
35630000 21.1444
35640000 21.369
35650000 21.9858
35660000 27.3195
35670000 28.1239
35680000 18.3928
35690000 23.2496
35700000 42.8625
35710000 19.4894
35720000 21.4468
35730000 20.2437
35740000 18.7246
35750000 18.8506
35760000 19.2831
35770000 19.223
35780000 18.9673
35790000 19.0838
35800000 18.1017
35810000 17.0445
35820000 17.4724
35830000 16.6798
35840000 16.4512
35850000 16.8728
35860000 16.4631
35870000 16.8402
35880000 16.6219
35890000 16.5654
35900000 16.4952
35910000 16.4364
35920000 16.1227
35930000 16.6459
35940000 16.2914
35950000 16.4873
35960000 16.8885
35970000 18.6389
35980000 17.8025
35990000 76.4447
36000000 94.3058
36010000 30.5393
36020000 23.1322
36030000 25.5011
36040000 49.8054
36050000 23.7549
36060000 21.3523
36070000 21.3005
36080000 20.9119
36090000 21.3352
36100000 31.2272
36110000 32.0688
36120000 24.5971
36130000 18.3683
36140000 25.4338
36150000 86.2622
36160000 19.3952
36170000 22.2275
36180000 19.2613
36190000 19.152
36200000 18.9662
36210000 19.0931
36220000 19.2207
36230000 19.089
36240000 18.0433
36250000 17.1919
36260000 17.2127
36270000 17.8335
36280000 16.6787
36290000 16.5212
36300000 16.6597
36310000 16.4209
36320000 16.8328
36330000 16.8742
36340000 16.726
36350000 16.3844
36360000 16.19
36370000 16.2303
36380000 16.7757
36390000 16.1582
36400000 16.9786
36410000 17.009
36420000 18.4336
36430000 16.369
36440000 47.3536
36450000 27.3641
36460000 25.7473
36470000 23.0249
36480000 35.966
36490000 24.8964
36500000 21.3145
36510000 21.0931
36520000 21.2915
36530000 21.9412
36540000 27.5423
36550000 64.8615
36560000 18.4518
36570000 23.2663
36580000 42.7572
36590000 104.629
36600000 20.2118
36610000 20.2688
36620000 18.6159
36630000 18.998
36640000 19.0613
36650000 19.3523
36660000 19.1394
36670000 19.0733
36680000 18.4892
36690000 17.1619
36700000 16.9867
36710000 17.5345
36720000 16.5416
36730000 16.5756
36740000 16.3496
36750000 17.2262
36760000 16.6736
36770000 16.2634
36780000 16.7662
36790000 16.5087
36800000 16.1567
36810000 16.5473
36820000 16.352
36830000 16.3145
36840000 16.1508
36850000 16.828
36860000 17.7686
36870000 17.3321
36880000 71.1164
36890000 30.5317
36900000 23.4205
36910000 25.0011
36920000 27.3642
36930000 35.7339
36940000 21.4513
36950000 21.3133
36960000 21.1536
36970000 21.3843
36980000 31.1856
36990000 32.0252
37000000 28.1276
37010000 18.3318
37020000 25.3296
37030000 86.1389
37040000 19.4875
37050000 21.45
37060000 18.9421
37070000 18.7597
37080000 18.8714
37090000 19.1887
37100000 19.2347
37110000 18.9248
37120000 17.8121
37130000 18.017
37140000 16.9221
37150000 17.6462
37160000 16.6417
37170000 16.3697
37180000 16.8735
37190000 16.3542
37200000 16.8383
37210000 16.4366
37220000 16.7834
37230000 16.4182
37240000 16.4026
37250000 16.1236
37260000 16.6104
37270000 16.1047
37280000 16.5286
37290000 16.9967
37300000 18.7021
37310000 16.4938
37320000 76.446
37330000 94.3482
37340000 30.8848
37350000 22.9449
37360000 25.4854
37370000 49.8234
37380000 23.5946
37390000 21.2505
37400000 21.3632
37410000 20.8877
37420000 21.3472
37430000 66.1365
37440000 18.3948
37450000 24.5903
37460000 18.5557
37470000 25.5115
37480000 20.2135
37490000 19.4978
37500000 22.2495
37510000 19.4629
37520000 19.2172
37530000 19.0525
37540000 19.1679
37550000 19.1277
37560000 19.1233
37570000 18.6865
37580000 17.2205
37590000 17.2254
37600000 16.5574
37610000 16.7515
37620000 16.4699
37630000 17.134
37640000 16.4251
37650000 16.495
37660000 16.9603
37670000 16.5145
37680000 16.3724
37690000 16.4002
37700000 16.1855
37710000 16.728
37720000 16.0028
37730000 17.1829
37740000 16.861
37750000 18.5159
37760000 71.1078
37770000 47.3834
37780000 27.3988
37790000 25.744
37800000 27.2421
37810000 35.933
37820000 24.8625
37830000 21.3064
37840000 21.0013
37850000 21.2873
37860000 21.9406
37870000 27.5803
37880000 64.9567
37890000 18.3794
37900000 23.2738
37910000 42.8346
37920000 104.694
37930000 21.5119
37940000 20.2797
37950000 18.5959
37960000 18.8204
37970000 19.0678
37980000 19.2169
37990000 19.0675
38000000 19.1066
38010000 18.2551
38020000 17.0881
38030000 17.4712
38040000 17.5287
38050000 16.4515
38060000 16.8813
38070000 16.4418
38080000 16.8188
38090000 16.6769
38100000 16.5709
38110000 16.8212
38120000 16.5181
38130000 16.2091
38140000 16.5339
38150000 16.3911
38160000 16.4118
38170000 17.0054
38180000 18.7446
38190000 17.878
38200000 17.394
38210000 94.2419
38220000 30.5398
38230000 23.2873
38240000 24.9737
38250000 49.7316
38260000 23.7752
38270000 21.5322
38280000 21.3189
38290000 21.0508
38300000 21.365
38310000 31.2034
38320000 32.0189
38330000 28.1315
38340000 18.3184
38350000 25.3942
38360000 86.141
38370000 19.5406
38380000 22.2254
38390000 19.027
38400000 18.7471
38410000 18.926
38420000 19.2148
38430000 19.3222
38440000 19.2107
38450000 17.9704
38460000 17.1431
38470000 16.8917
38480000 18.1192
38490000 16.6503
38500000 16.4013
38510000 16.594
38520000 16.4221
38530000 16.8402
38540000 16.7117
38550000 16.6973
38560000 16.4628
38570000 16.2281
38580000 16.0794
38590000 16.9185
38600000 16.1441
38610000 16.6203
38620000 17.7548
38630000 18.3778
38640000 16.3373
38650000 76.4213
38660000 27.423
38670000 25.7615
38680000 22.9737
38690000 25.5211
38700000 49.3876
38710000 21.3039
38720000 21.0947
38730000 21.3751
38740000 20.952
38750000 27.5264
38760000 64.8989
38770000 18.4019
38780000 24.5998
38790000 42.6893
38800000 104.593
38810000 20.2088
38820000 19.3275
38830000 18.6451
38840000 19.4224
38850000 19.27
38860000 19.1848
38870000 19.0861
38880000 19.0784
38890000 18.2107
38900000 18.5078
38910000 17.0592
38920000 17.25
38930000 16.5423
38940000 16.5578
38950000 16.5926
38960000 17.1421
38970000 16.589
38980000 16.5203
38990000 16.5812
39000000 16.545
39010000 16.3625
39020000 16.5834
39030000 16.3083
39040000 16.4172
39050000 15.9861
39060000 17.1862
39070000 16.8272
39080000 17.3435
39090000 71.1213
39100000 47.3375
39110000 27.4575
39120000 25.0375
39130000 27.2712
39140000 35.9328
39150000 24.7237
39160000 21.3405
39170000 21.161
39180000 21.38
39190000 21.9957
39200000 37.5075
39210000 28.1307
39220000 18.3818
39230000 23.2569
39240000 42.878
39250000 19.4924
39260000 21.4602
39270000 20.219
39280000 18.7275
39290000 18.8571
39300000 19.3175
39310000 19.2256
39320000 18.9804
39330000 19.0936
39340000 18.0941
39350000 17.0465
39360000 17.4847
39370000 16.6737
39380000 16.4608
39390000 16.8721
39400000 16.4882
39410000 16.8604
39420000 16.6282
39430000 16.5529
39440000 16.4981
39450000 16.4483
39460000 16.2002
39470000 16.6318
39480000 16.3163
39490000 16.4833
39500000 16.9277
39510000 18.6603
39520000 17.8644
39530000 76.4538
39540000 94.2967
39550000 30.5547
39560000 23.1458
39570000 25.4999
39580000 49.7979
39590000 23.769
39600000 21.3568
39610000 21.3212
39620000 20.9126
39630000 21.3453
39640000 31.2379
39650000 32.0645
39660000 24.6102
39670000 18.3946
39680000 25.4389
39690000 86.2874
39700000 19.4083
39710000 22.2311
39720000 19.2989
39730000 19.1928
39740000 18.9732
39750000 19.1175
39760000 19.207
39770000 19.094
39780000 18.1112
39790000 17.2085
39800000 17.2224
39810000 17.8407
39820000 16.67
39830000 16.4556
39840000 16.6659
39850000 16.4367
39860000 16.8288
39870000 16.8762
39880000 16.7197
39890000 16.4197
39900000 16.2
39910000 16.1902
39920000 16.807
39930000 16.1602
39940000 17.03
39950000 17.0643
39960000 18.4364
39970000 16.3862
39980000 47.3662
39990000 27.3777
40000000 25.7744
40010000 23.0058
40020000 35.9439
40030000 24.8822
40040000 21.3223
40050000 21.0943
40060000 21.2883
40070000 21.9452
40080000 27.5556
40090000 64.8699
40100000 18.449
40110000 23.2785
40120000 42.7719
40130000 104.635
40140000 20.2092
40150000 20.2852
40160000 18.6275
40170000 18.9996
40180000 19.0976
40190000 19.3664
40200000 19.1484
40210000 19.0779
40220000 18.4555
40230000 17.1875
40240000 17.0153
40250000 17.5417
40260000 16.5908
40270000 16.5835
40280000 16.3551
40290000 17.2061
40300000 16.693
40310000 16.6176
40320000 16.7865
40330000 16.5268
40340000 16.1741
40350000 16.5634
40360000 16.4126
40370000 16.3275
40380000 16.2029
40390000 18.6763
40400000 17.7423
40410000 17.3379
40420000 71.1182
40430000 30.5494
40440000 23.4325
40450000 25.0128
40460000 27.3599
40470000 35.664
40480000 21.4385
40490000 21.3215
40500000 21.1652
40510000 21.3916
40520000 31.1915
40530000 32.0263
40540000 28.129
40550000 18.323
40560000 25.4032
40570000 86.1405
40580000 19.4927
40590000 21.4582
40600000 18.9572
40610000 18.7781
40620000 18.8701
40630000 19.2165
40640000 19.2503
40650000 18.9375
40660000 17.8292
40670000 18.0275
40680000 16.9386
40690000 17.7017
40700000 16.6905
40710000 16.3761
40720000 16.8768
40730000 16.3857
40740000 16.8536
40750000 16.4715
40760000 16.8194
40770000 16.4506
40780000 16.4264
40790000 16.1291
40800000 16.6399
40810000 16.1208
40820000 16.541
40830000 17.0524
40840000 18.8466
40850000 16.4976
40860000 76.4537
40870000 94.3332
40880000 30.5393
40890000 22.9435
40900000 25.4998
40910000 49.8174
40920000 23.615
40930000 21.2266
40940000 21.374
40950000 20.8938
40960000 21.3584
40970000 64.9479
40980000 18.4218
40990000 24.5964
41000000 18.5782
41010000 25.6466
41020000 20.2187
41030000 19.4544
41040000 22.2516
41050000 19.4341
41060000 19.2399
41070000 19.0522
41080000 19.1787
41090000 19.1194
41100000 19.1087
41110000 18.7011
41120000 17.2253
41130000 17.2355
41140000 16.6106
41150000 16.7793
41160000 16.4787
41170000 17.1339
41180000 16.4232
41190000 16.5087
41200000 16.9871
41210000 16.5281
41220000 16.3831
41230000 16.4376
41240000 16.1985
41250000 16.7524
41260000 16.0018
41270000 17.1528
41280000 16.8952
41290000 18.5621
41300000 71.1131
41310000 47.3955
41320000 27.4111
41330000 25.7653
41340000 27.2732
41350000 35.9469
41360000 24.8581
41370000 21.3223
41380000 21.101
41390000 21.2956
41400000 21.9452
41410000 27.5847
41420000 64.9318
41430000 18.3837
41440000 23.2864
41450000 42.8335
41460000 104.667
41470000 21.5158
41480000 20.2841
41490000 18.6102
41500000 18.8312
41510000 19.0789
41520000 19.2128
41530000 19.0914
41540000 19.1013
41550000 18.3055
41560000 17.0952
41570000 17.4849
41580000 17.5349
41590000 16.4621
41600000 16.9236
41610000 16.4478
41620000 16.8699
41630000 16.701
41640000 16.6192
41650000 16.8456
41660000 16.4922
41670000 16.2133
41680000 16.4958
41690000 16.4156
41700000 16.4312
41710000 17.0751
41720000 18.7866
41730000 17.9019
41740000 17.397
41750000 94.227
41760000 30.5622
41770000 23.293
41780000 24.9874
41790000 49.7424
41800000 23.7809
41810000 21.5331
41820000 21.3301
41830000 21.0541
41840000 21.375
41850000 31.2091
41860000 32.0229
41870000 28.1356
41880000 18.3265
41890000 25.3979
41900000 86.1446
41910000 19.5486
41920000 22.2221
41930000 19.0771
41940000 18.7571
41950000 18.9613
41960000 19.2147
41970000 19.3276
41980000 19.2068
41990000 17.9573
42000000 17.1554
42010000 16.9012
42020000 18.2179
42030000 16.6857
42040000 16.3948
42050000 16.5905
42060000 16.4499
42070000 16.8533
42080000 16.749
42090000 16.7161
42100000 16.4824
42110000 16.2127
42120000 16.0854
42130000 16.9332
42140000 16.1554
42150000 16.6368
42160000 17.0286
42170000 18.376
42180000 16.3623
42190000 76.4258
42200000 27.4285
42210000 25.777
42220000 22.976
42230000 25.535
42240000 43.0837
42250000 21.3119
42260000 21.1141
42270000 21.3868
42280000 20.9495
42290000 27.5597
42300000 64.9122
42310000 18.4187
42320000 24.6087
42330000 42.7133
42340000 104.598
42350000 20.2173
42360000 19.3245
42370000 18.6428
42380000 19.3911
42390000 19.2881
42400000 19.1862
42410000 19.0954
42420000 19.0793
42430000 18.2054
42440000 18.536
42450000 17.0762
42460000 17.2512
42470000 16.5536
42480000 16.5657
42490000 16.5839
42500000 17.1487
42510000 16.6232
42520000 16.5186
42530000 16.56
42540000 16.5592
42550000 16.3149
42560000 16.5924
42570000 16.3055
42580000 16.4443
42590000 16.0013
42600000 17.2291
42610000 16.8292
42620000 17.3518
42630000 71.1251
42640000 47.343
42650000 27.1415
42660000 25.0436
42670000 27.2734
42680000 35.9447
42690000 24.6563
42700000 21.3383
42710000 21.1797
42720000 21.3861
42730000 21.9908
42740000 32.138
42750000 28.1359
42760000 18.3786
42770000 23.2589
42780000 42.8912
42790000 19.4966
42800000 21.477
42810000 20.2238
42820000 18.7398
42830000 18.8596
42840000 19.358
42850000 19.2273
42860000 18.9957
42870000 19.0793
42880000 18.0784
42890000 17.0743
42900000 17.4985
42910000 16.658
42920000 16.4692
42930000 16.8784
42940000 16.506
42950000 16.8383
42960000 16.6516
42970000 16.5538
42980000 16.5383
42990000 16.4618
43000000 16.1059
43010000 16.6443
43020000 16.3361
43030000 16.4859
43040000 17.0131
43050000 18.6851
43060000 17.941
43070000 76.4592
43080000 94.2908
43090000 30.5643
43100000 23.1351
43110000 25.5036
43120000 49.7911
43130000 23.7841
43140000 21.3398
43150000 21.349
43160000 20.9156
43170000 21.3588
43180000 31.2495
43190000 32.0819
43200000 24.6236
43210000 18.4103
43220000 25.4429
43230000 86.3953
43240000 19.4305
43250000 22.2345
43260000 19.3248
43270000 19.2091
43280000 18.9809
43290000 19.1359
43300000 19.2213
43310000 19.1019
43320000 18.2334
43330000 17.2222
43340000 17.2504
43350000 17.8404
43360000 16.6639
43370000 16.4815
43380000 16.6587
43390000 16.4526
43400000 16.837
43410000 16.9278
43420000 16.7071
43430000 16.4208
43440000 16.2082
43450000 16.2183
43460000 16.8366
43470000 16.168
43480000 17.0898
43490000 17.1201
43500000 18.4486
43510000 16.4197
43520000 47.3723
43530000 27.3948
43540000 25.8046
43550000 22.9913
43560000 35.9588
43570000 24.852
43580000 21.3284
43590000 21.1001
43600000 21.3428
43610000 21.9508
43620000 27.5733
43630000 64.875
43640000 18.4556
43650000 23.2886
43660000 42.7749
43670000 104.639
43680000 20.213
43690000 20.2838
43700000 18.6336
43710000 18.992
43720000 19.147
43730000 19.361
43740000 19.1609
43750000 19.0856
43760000 18.4201
43770000 17.2058
43780000 17.0757
43790000 17.5497
43800000 16.5588
43810000 16.5851
43820000 16.3662
43830000 17.2109
43840000 16.7137
43850000 16.6463
43860000 16.7629
43870000 16.5455
43880000 16.1972
43890000 16.5778
43900000 16.4488
43910000 16.3384
43920000 16.256
43930000 18.8391
43940000 17.758
43950000 17.348
43960000 71.1201
43970000 30.5444
43980000 23.4126
43990000 25.0215
44000000 27.3634
44010000 24.0678
44020000 21.4389
44030000 21.3305
44040000 21.1791
44050000 21.4017
44060000 31.1963
44070000 32.0273
44080000 28.1326
44090000 18.3159
44100000 25.4712
44110000 86.1421
44120000 19.4901
44130000 21.4629
44140000 18.9544
44150000 18.7937
44160000 18.8729
44170000 19.2688
44180000 19.2681
44190000 18.9461
44200000 17.8463
44210000 18.0289
44220000 16.9356
44230000 17.7233
44240000 16.7081
44250000 16.3868
44260000 16.9085
44270000 16.404
44280000 16.8676
44290000 16.4984
44300000 16.8389
44310000 16.4904
44320000 16.416
44330000 16.1485
44340000 16.6338
44350000 16.133
44360000 16.5563
44370000 17.0797
44380000 18.8281
44390000 16.4983
44400000 76.4608
44410000 94.3177
44420000 26.8051
44430000 22.9444
44440000 25.5126
44450000 49.8113
44460000 23.6503
44470000 21.2083
44480000 21.3813
44490000 20.9003
44500000 21.371
44510000 64.9175
44520000 18.4459
44530000 24.5978
44540000 18.5854
44550000 25.3646
44560000 20.2257
44570000 19.4526
44580000 22.2544
44590000 19.4412
44600000 19.2545
44610000 19.0604
44620000 19.1931
44630000 19.1082
44640000 19.0135
44650000 18.747
44660000 17.2288
44670000 17.2456
44680000 16.5394
44690000 16.7861
44700000 16.4731
44710000 17.1349
44720000 16.4128
44730000 16.5373
44740000 16.9952
44750000 16.5454
44760000 16.4084
44770000 16.401
44780000 16.211
44790000 16.7737
44800000 16.0069
44810000 17.1558
44820000 16.9247
44830000 18.5002
44840000 71.1183
44850000 47.3985
44860000 27.4143
44870000 25.7825
44880000 27.2964
44890000 35.9567
44900000 24.8378
44910000 21.3379
44920000 21.0572
44930000 21.305
44940000 21.951
44950000 27.5898
44960000 64.9013
44970000 18.3867
44980000 23.299
44990000 42.8458
45000000 104.733
45010000 21.5207
45020000 20.2856
45030000 18.6267
45040000 18.8387
45050000 19.0854
45060000 19.2215
45070000 19.1258
45080000 19.1053
45090000 18.3195
45100000 17.1007
45110000 17.5215
45120000 17.5422
45130000 16.4645
45140000 16.9215
45150000 16.4529
45160000 16.9067
45170000 16.7122
45180000 16.614
45190000 16.8779
45200000 16.4971
45210000 16.2131
45220000 16.4829
45230000 16.4289
45240000 16.4542
45250000 17.1635
45260000 18.8172
45270000 17.9188
45280000 17.4028
45290000 94.2111
45300000 30.5835
45310000 23.2808
45320000 25.0179
45330000 49.7857
45340000 23.7809
45350000 21.5231
45360000 21.3423
45370000 21.0683
45380000 21.3854
45390000 31.215
45400000 32.0299
45410000 28.1404
45420000 18.357
45430000 25.396
45440000 86.149
45450000 19.5431
45460000 22.2216
45470000 19.1179
45480000 18.7563
45490000 18.9883
45500000 19.2541
45510000 19.3383
45520000 19.2151
45530000 17.9846
45540000 17.1819
45550000 16.9116
45560000 18.3327
45570000 16.6646
45580000 16.3965
45590000 16.5936
45600000 16.545
45610000 16.8613
45620000 16.7043
45630000 16.7294
45640000 16.4906
45650000 16.214
45660000 16.0989
45670000 16.9461
45680000 16.1666
45690000 16.66
45700000 17.0669
45710000 18.4007
45720000 16.3874
45730000 76.431
45740000 27.4284
45750000 25.7907
45760000 22.9701
45770000 25.5524
45780000 24.8612
45790000 21.3214
45800000 21.1289
45810000 21.3959
45820000 20.9488
45830000 27.577
45840000 64.9171
45850000 18.4296
45860000 24.6201
45870000 42.7231
45880000 104.603
45890000 20.232
45900000 19.3435
45910000 18.6504
45920000 19.362
45930000 19.3102
45940000 19.2067
45950000 19.1052
45960000 19.0937
45970000 18.2058
45980000 18.5133
45990000 17.1065
46000000 17.2546
46010000 16.5742
46020000 16.569
46030000 16.5915
46040000 17.1533
46050000 16.6423
46060000 16.5408
46070000 16.5692
46080000 16.5736
46090000 16.295
46100000 16.5924
46110000 16.3073
46120000 16.4673
46130000 16.0249
46140000 17.2203
46150000 16.8296
46160000 17.3603
46170000 71.1279
46180000 47.3339
46190000 23.7013
46200000 25.0627
46210000 27.2795
46220000 35.9557
46230000 24.6194
46240000 21.3581
46250000 21.1932
46260000 21.3956
46270000 21.9836
46280000 32.0766
46290000 28.1445
46300000 18.3861
46310000 23.2696
46320000 94.2031
46330000 19.4987
46340000 21.4629
46350000 20.2693
46360000 18.758
46370000 18.8612
46380000 19.3634
46390000 19.2334
46400000 19.0103
46410000 19.4482
46420000 18.0744
46430000 17.0927
46440000 17.5134
46450000 16.6692
46460000 16.4807
46470000 16.89
46480000 16.5198
46490000 16.8479
46500000 16.6184
46510000 16.5532
46520000 16.5759
46530000 16.4732
46540000 16.1201
46550000 16.634
46560000 16.3627
46570000 16.4986
46580000 17.0945
46590000 18.7062
46600000 18.0582
46610000 76.4645
46620000 94.2877
46630000 30.572
46640000 23.1525
46650000 25.526
46660000 49.7841
46670000 23.7735
46680000 21.338
46690000 21.3481
46700000 20.9215
46710000 21.3724
46720000 31.2599
46730000 32.0902
46740000 24.6381
46750000 18.4457
46760000 25.4464
46770000 86.4952
46780000 19.4279
46790000 22.2379
46800000 19.345
46810000 19.229
46820000 18.9919
46830000 19.1474
46840000 19.2337
46850000 19.1126
46860000 18.2837
46870000 17.2351
46880000 17.2584
46890000 17.8946
46900000 16.6909
46910000 16.5596
46920000 16.6462
46930000 16.4623
46940000 16.8424
46950000 16.9859
46960000 16.7088
46970000 16.4146
46980000 16.2175
46990000 16.225
47000000 16.8555
47010000 16.1752
47020000 17.2396
47030000 17.1706
47040000 18.4635
47050000 16.4453
47060000 47.389
47070000 27.4092
47080000 25.8172
47090000 22.9784
47100000 35.971
47110000 24.836
47120000 21.3335
47130000 21.0969
47140000 21.2641
47150000 21.9585
47160000 27.5815
47170000 64.8781
47180000 18.4526
47190000 23.2974
47200000 42.7731
47210000 104.641
47220000 20.2111
47230000 20.2988
47240000 18.6364
47250000 18.9906
47260000 19.1839
47270000 19.367
47280000 19.1766
47290000 19.0995
47300000 18.4529
47310000 17.2097
47320000 17.0639
47330000 17.567
47340000 16.5583
47350000 16.5728
47360000 16.3836
47370000 17.177
47380000 16.7485
47390000 16.5727
47400000 16.7802
47410000 16.5736
47420000 16.2134
47430000 16.5908
47440000 16.473
47450000 16.3525
47460000 16.3492
47470000 18.683
47480000 17.815
47490000 17.3485
47500000 71.1218
47510000 30.536
47520000 23.4056
47530000 25.0282
47540000 27.3546
47550000 23.9221
47560000 21.4445
47570000 21.3413
47580000 21.2029
47590000 21.4078
47600000 31.1993
47610000 32.0286
47620000 28.137
47630000 18.3206
47640000 25.412
47650000 86.1443
47660000 19.4983
47670000 21.455
47680000 18.9724
47690000 18.8069
47700000 18.8754
47710000 19.2942
47720000 19.2813
47730000 18.9598
47740000 17.8571
47750000 18.0277
47760000 16.9346
47770000 17.7259
47780000 16.7726
47790000 16.4082
47800000 16.9465
47810000 16.4105
47820000 16.86
47830000 16.4958
47840000 16.8194
47850000 16.5305
47860000 16.4183
47870000 16.1629
47880000 16.6421
47890000 16.1474
47900000 16.572
47910000 17.1236
47920000 19.0101
47930000 16.5168
47940000 76.4689
47950000 94.2907
47960000 25.7511
47970000 22.9461
47980000 25.5294
47990000 49.791
48000000 23.6874
48010000 21.1947
48020000 21.3943
48030000 20.9069
48040000 21.383
48050000 64.9209
48060000 18.4522
48070000 24.5995
48080000 18.5836
48090000 105.644
48100000 20.2308
48110000 19.4489
48120000 22.2556
48130000 19.4486
48140000 19.2564
48150000 19.0773
48160000 19.2087
48170000 19.1105
48180000 18.0837
48190000 18.7756
48200000 17.2101
48210000 17.2556
48220000 16.5425
48230000 16.7364
48240000 16.4801
48250000 17.1362
48260000 16.4084
48270000 16.5697
48280000 16.9951
48290000 16.5615
48300000 16.4285
48310000 16.4614
48320000 16.227
48330000 16.7939
48340000 16.0162
48350000 17.1645
48360000 16.9933
48370000 18.4949
48380000 71.1233
48390000 47.4018
48400000 27.4202
48410000 25.7926
48420000 27.314
48430000 35.9665
48440000 24.829
48450000 21.3335
48460000 21.0881
48470000 21.3147
48480000 21.9551
48490000 27.5944
48500000 64.9411
48510000 18.3822
48520000 23.3107
48530000 42.8614
48540000 104.837
48550000 21.526
48560000 20.2908
48570000 18.6364
48580000 18.8457
48590000 19.0989
48600000 19.2291
48610000 19.1622
48620000 19.1159
48630000 18.3429
48640000 17.1072
48650000 17.5594
48660000 17.5486
48670000 16.4884
48680000 16.9248
48690000 16.4631
48700000 16.9044
48710000 16.7256
48720000 16.6021
48730000 16.8984
48740000 16.5108
48750000 16.2238
48760000 16.5317
48770000 16.4204
48780000 16.4897
48790000 17.2571
48800000 18.8403
48810000 17.9384
48820000 17.4826
48830000 94.2024
48840000 30.5928
48850000 23.2785
48860000 24.9987
48870000 49.7313
48880000 23.7863
48890000 21.5013
48900000 21.3514
48910000 21.1207
48920000 21.3953
48930000 31.2218
48940000 32.0346
48950000 28.1459
48960000 18.3561
48970000 25.399
48980000 86.1553
48990000 19.6061
49000000 22.2252
49010000 19.15
49020000 18.7426
49030000 19.0068
49040000 19.3196
49050000 19.3494
49060000 19.2235
49070000 18.0762
49080000 17.2593
49090000 16.9233
49100000 18.314
49110000 16.6673
49120000 16.4084
49130000 16.593
49140000 16.5191
49150000 16.8749
49160000 16.7267
49170000 16.7396
49180000 16.4846
49190000 16.2217
49200000 16.1186
49210000 16.9672
49220000 16.1799
49230000 16.6999
49240000 17.1388
49250000 18.4313
49260000 16.4108
49270000 76.4347
49280000 27.4225
49290000 25.8074
49300000 22.9682
49310000 25.5666
49320000 24.9399
49330000 21.3293
49340000 21.1355
49350000 21.4046
49360000 20.9634
49370000 27.5806
49380000 64.9238
49390000 18.4336
49400000 24.6379
49410000 42.7469
49420000 104.61
49430000 20.2418
49440000 19.3386
49450000 18.6466
49460000 19.3395
49470000 19.3255
49480000 19.2232
49490000 19.1154
49500000 19.1165
49510000 18.2325
49520000 18.5047
49530000 17.151
49540000 17.282
49550000 16.5864
49560000 16.579
49570000 16.6008
49580000 17.1604
49590000 16.6614
49600000 16.5208
49610000 16.6118
49620000 16.5913
49630000 16.2819
49640000 16.5969
49650000 16.3138
49660000 16.4783
49670000 16.0546
49680000 17.2328
49690000 17.5277
49700000 17.3699
49710000 71.1312
49720000 47.3329
49730000 23.3014
49740000 25.0794
49750000 27.2872
49760000 35.9653
49770000 24.6101
49780000 21.3549
49790000 21.1987
49800000 21.4019
49810000 21.965
49820000 32.0378
49830000 28.146
49840000 18.3893
49850000 23.2842
49860000 86.2267
49870000 19.4913
49880000 21.458
49890000 20.2596
49900000 18.7732
49910000 18.8628
49920000 19.353
49930000 19.2469
49940000 19.0237
49950000 17.8571
49960000 18.0892
49970000 17.1957
49980000 17.5305
49990000 16.6763
50000000 16.4953
