10000 623.164
20000 536.982
30000 510.292
40000 453.799
50000 427.91
60000 384.896
70000 363.451
80000 331.824
90000 313.58
100000 293.655
110000 276.607
120000 260.661
130000 245.606
140000 232.847
150000 223.802
160000 210.795
170000 204.39
180000 195.371
190000 190.936
200000 183.229
210000 175.661
220000 169.988
230000 160.704
240000 157.112
250000 148.391
260000 144.701
270000 137.561
280000 132.59
290000 127.842
300000 122.866
310000 119.168
320000 112.677
330000 110.755
340000 106.099
350000 102.804
360000 99.8085
370000 95.0876
380000 92.686
390000 88.3399
400000 86.0365
410000 82.9456
420000 79.5621
430000 78.1329
440000 74.6236
450000 73.5057
460000 69.6093
470000 68.5488
480000 65.7299
490000 63.9885
500000 61.7284
510000 59.4581
520000 58.5377
530000 56.065
540000 55.3271
550000 52.6576
560000 52.1915
570000 50.182
580000 49.4731
590000 49.0633
600000 51.4846
610000 45.6839
620000 44.9709
630000 46.364
640000 43.4519
650000 41.8189
660000 41.0583
670000 39.7234
680000 39.4503
690000 37.8032
700000 37.921
710000 40.4667
720000 35.6196
730000 34.501
740000 38.0315
750000 34.8088
760000 32.4002
770000 31.595
780000 30.7943
790000 30.18
800000 29.6681
810000 28.7713
820000 28.1809
830000 27.4185
840000 26.9198
850000 26.0246
860000 25.5367
870000 25.2342
880000 24.5478
890000 24.0295
900000 23.2128
910000 23.0918
920000 22.5589
930000 22.0257
940000 21.4217
950000 20.9377
960000 20.7049
970000 20.1625
980000 19.7957
990000 19.465
1000000 19.204
1010000 18.8967
1020000 19.6423
1030000 18.0684
1040000 21.8779
1050000 20.7733
1060000 17.2037
1070000 18.5138
1080000 22.546
1090000 17.5422
1100000 16.2132
1110000 16.9559
1120000 15.754
1130000 16.3759
1140000 16.0385
1150000 15.8677
1160000 14.8108
1170000 15.0088
1180000 22.7589
1190000 47.2677
1200000 14.4455
1210000 13.7086
1220000 13.3443
1230000 13.3314
1240000 12.9109
1250000 12.7929
1260000 12.6293
1270000 12.568
1280000 12.2359
1290000 11.7695
1300000 11.6593
1310000 11.486
1320000 11.3391
1330000 11.0649
1340000 10.9869
1350000 11.1852
1360000 10.8749
1370000 10.5259
1380000 10.5335
1390000 10.5498
1400000 10.5618
1410000 9.97098
1420000 10.1387
1430000 10.1019
1440000 9.93062
1450000 9.87325
1460000 9.99725
1470000 9.85172
1480000 35.4958
1490000 11.9729
1500000 12.2854
1510000 9.69113
1520000 16.4588
1530000 15.3195
1540000 11.2965
1550000 9.91337
1560000 11.0971
1570000 9.63196
1580000 11.3067
1590000 20.3842
1600000 10.4592
1610000 9.26245
1620000 10.1176
1630000 14.2863
1640000 10.9956
1650000 9.40608
1660000 9.25626
1670000 9.35358
1680000 9.19842
1690000 9.17193
1700000 9.1276
1710000 8.90098
1720000 8.58494
1730000 8.96829
1740000 8.63554
1750000 8.58813
1760000 8.34244
1770000 8.33287
1780000 8.5136
1790000 8.42535
1800000 8.28364
1810000 8.31726
1820000 8.17103
1830000 8.12008
1840000 7.91812
1850000 7.9788
1860000 7.93852
1870000 7.96732
1880000 7.88203
1890000 7.96563
1900000 8.16909
1910000 8.08338
1920000 13.8548
1930000 23.7234
1940000 8.64068
1950000 11.2755
1960000 17.3723
1970000 12.2304
1980000 8.94121
1990000 10.3779
2000000 8.72009
2010000 10.4645
2020000 8.76219
2030000 11.4496
2040000 8.72305
2050000 9.44671
2060000 8.40517
2070000 19.5189
2080000 9.6551
2090000 9.61285
2100000 8.69705
2110000 8.61038
2120000 8.47441
2130000 8.6803
2140000 8.53769
2150000 8.44803
2160000 8.34949
2170000 8.13637
2180000 7.834
2190000 7.93483
2200000 8.20259
2210000 7.85109
2220000 7.83738
2230000 7.71789
2240000 7.84793
2250000 7.6689
2260000 7.63115
2270000 7.91616
2280000 7.80269
2290000 7.65924
2300000 7.84861
2310000 7.57504
2320000 7.91227
2330000 7.86302
2340000 8.25124
2350000 10.4725
2360000 35.0158
2370000 10.6646
2380000 13.6488
2390000 8.35177
2400000 15.6036
2410000 14.3276
2420000 10.1724
2430000 8.5888
2440000 10.1165
2450000 8.38621
2460000 10.2699
2470000 9.92033
2480000 10.0106
2490000 8.12678
2500000 9.2206
2510000 19.7436
2520000 45.9101
2530000 8.47719
2540000 8.61282
2550000 8.27724
2560000 8.65489
2570000 8.34241
2580000 8.44729
2590000 8.39848
2600000 8.37239
2610000 8.19063
2620000 7.84268
2630000 7.73819
2640000 7.77228
2650000 7.7868
2660000 7.68438
2670000 7.63094
2680000 7.77686
2690000 8.00612
2700000 7.62069
2710000 7.69378
2720000 7.49691
2730000 8.01163
2740000 7.49229
2750000 7.61798
2760000 7.63506
2770000 7.49266
2780000 7.76045
2790000 7.99772
2800000 7.87788
2810000 31.6475
2820000 8.5785
2830000 10.9431
2840000 7.98711
2850000 15.5468
2860000 8.67292
2870000 10.0454
2880000 8.50877
2890000 9.95985
2900000 8.5067
2910000 11.2924
2920000 19.8652
2930000 9.44878
2940000 8.08476
2950000 19.414
2960000 13.5918
2970000 10.1442
2980000 8.56815
2990000 8.4187
3000000 8.56221
3010000 8.406
3020000 8.42722
3030000 8.40976
3040000 8.21032
3050000 7.90724
3060000 7.68532
3070000 7.86375
3080000 8.06513
3090000 7.71212
3100000 7.71923
3110000 7.60707
3120000 7.72522
3130000 7.81581
3140000 7.77019
3150000 7.67617
3160000 7.65714
3170000 7.4075
3180000 7.62636
3190000 7.45486
3200000 7.66606
3210000 7.53775
3220000 7.61128
3230000 10.419
3240000 7.70228
3250000 13.6948
3260000 23.5633
3270000 8.30637
3280000 11.0197
3290000 17.2446
3300000 11.9803
3310000 8.54615
3320000 10.0859
3330000 8.49611
3340000 10.2324
3350000 8.51969
3360000 9.96961
3370000 8.43055
3380000 9.23386
3390000 8.36392
3400000 45.8945
3410000 9.45077
3420000 9.43662
3430000 8.30493
3440000 8.56349
3450000 8.24801
3460000 8.35596
3470000 8.32345
3480000 8.2937
3490000 8.11073
3500000 7.89388
3510000 7.67283
3520000 7.75551
3530000 7.71481
3540000 7.62439
3550000 7.66479
3560000 7.91144
3570000 7.68843
3580000 7.50019
3590000 7.48427
3600000 7.77364
3610000 7.592
3620000 7.50349
3630000 7.74759
3640000 7.4555
3650000 7.57965
3660000 7.82626
3670000 8.17015
3680000 7.69882
3690000 34.9826
3700000 10.591
3710000 13.6092
3720000 7.91018
3730000 15.57
3740000 14.2957
3750000 10.0858
3760000 8.53696
3770000 9.93285
3780000 8.34688
3790000 10.1655
3800000 9.8372
3810000 9.36393
3820000 8.06698
3830000 9.12664
3840000 19.6927
3850000 10.0795
3860000 8.38575
3870000 8.52864
3880000 8.19981
3890000 8.39713
3900000 8.20859
3910000 8.37777
3920000 8.24287
3930000 8.22037
3940000 8.1959
3950000 7.7581
3960000 7.9014
3970000 7.70506
3980000 7.70978
3990000 7.88861
4000000 7.70679
4010000 7.71596
4020000 8.00704
4030000 7.55541
4040000 7.59126
4050000 7.44963
4060000 7.94883
4070000 7.39689
4080000 7.49607
4090000 7.51892
4100000 7.59024
4110000 7.67773
4120000 7.89933
4130000 13.6718
4140000 23.6512
4150000 8.30536
4160000 10.8756
4170000 17.2079
4180000 11.943
4190000 8.59553
4200000 9.99314
4210000 8.49043
4220000 10.2298
4230000 8.44641
4240000 11.2657
4250000 19.8471
4260000 9.18495
4270000 8.13188
4280000 19.3673
4290000 13.5263
4300000 9.40244
4310000 8.46936
4320000 8.41848
4330000 8.42961
4340000 8.39835
4350000 8.41792
4360000 8.23221
4370000 8.12598
4380000 7.83629
4390000 7.65363
4400000 7.78508
4410000 8.02788
4420000 7.70043
4430000 7.66733
4440000 7.55693
4450000 7.70099
4460000 7.76526
4470000 7.44834
4480000 7.6695
4490000 7.58784
4500000 7.45082
4510000 7.59346
4520000 7.46036
4530000 7.67817
4540000 7.57971
4550000 8.10337
4560000 10.4037
4570000 7.77018
4580000 10.6076
4590000 13.5841
4600000 8.25042
4610000 10.9894
4620000 17.2411
4630000 10.0863
4640000 8.45224
4650000 10.0533
4660000 8.51972
4670000 9.97619
4680000 9.84324
4690000 9.91097
4700000 8.39768
4710000 9.13516
4720000 19.7071
4730000 45.885
4740000 9.39716
4750000 8.49427
4760000 8.14682
4770000 8.53495
4780000 8.24237
4790000 8.38519
4800000 8.25831
4810000 8.25275
4820000 8.07104
4830000 7.7774
4840000 7.61457
4850000 7.71982
4860000 7.7276
4870000 7.5965
4880000 7.49808
4890000 7.86549
4900000 7.80985
4910000 7.43977
4920000 7.60011
4930000 7.7695
4940000 7.924
4950000 7.3968
4960000 7.67594
4970000 7.49534
4980000 7.47158
4990000 7.8356
5000000 7.93454
5010000 7.71272
5020000 34.9791
5030000 10.499
5040000 10.8732
5050000 7.91565
5060000 15.5505
5070000 14.3728
5080000 9.91242
5090000 8.46932
5100000 9.89441
5110000 8.29855
5120000 10.1015
5130000 19.8327
5140000 9.35269
5150000 8.06122
5160000 9.05236
5170000 13.5287
5180000 10.0509
5190000 8.39828
5200000 8.29085
5210000 8.31143
5220000 8.3559
5230000 8.31928
5240000 8.31931
5250000 8.16509
5260000 7.77903
5270000 8.15436
5280000 7.80297
5290000 7.87169
5300000 7.63874
5310000 7.59465
5320000 7.83129
5330000 7.83773
5340000 7.70174
5350000 7.74804
5360000 7.54074
5370000 7.59735
5380000 7.41148
5390000 7.48668
5400000 7.36654
5410000 7.43616
5420000 7.43878
5430000 7.53645
5440000 7.72522
5450000 7.62906
5460000 13.6616
5470000 23.5821
5480000 8.27109
5490000 10.9822
5500000 17.2285
5510000 11.9191
5520000 8.57527
5530000 10.0214
5540000 8.43845
5550000 10.2198
5560000 8.46754
5570000 11.2164
5580000 8.35336
5590000 9.16537
5600000 8.20371
5610000 19.3512
5620000 9.39042
5630000 9.38013
5640000 8.42157
5650000 8.50182
5660000 8.19907
5670000 8.36524
5680000 8.26831
5690000 8.22768
5700000 8.08892
5710000 7.9571
5720000 7.61602
5730000 7.72165
5740000 7.97582
5750000 7.63062
5760000 7.60381
5770000 7.52376
5780000 7.65887
5790000 7.42997
5800000 7.43289
5810000 7.73274
5820000 7.63336
5830000 7.46783
5840000 7.70114
5850000 7.43207
5860000 7.72813
5870000 7.82059
5880000 8.09111
5890000 10.376
5900000 34.9862
5910000 10.5278
5920000 13.5597
5930000 8.23993
5940000 15.5151
5950000 14.2808
5960000 10.0659
5970000 8.44584
5980000 9.9972
5990000 8.29175
6000000 10.0561
6010000 9.82294
6020000 9.88443
6030000 7.98638
6040000 9.08462
6050000 19.7468
6060000 45.8933
6070000 8.32368
6080000 8.47205
6090000 8.14558
6100000 8.52378
6110000 8.14823
6120000 8.35305
6130000 8.21955
6140000 8.21373
6150000 8.04177
6160000 7.71363
6170000 7.60345
6180000 7.65323
6190000 7.67299
6200000 7.57034
6210000 7.51404
6220000 7.67669
6230000 7.93683
6240000 7.51808
6250000 7.57226
6260000 7.4053
6270000 7.90151
6280000 7.38562
6290000 7.50566
6300000 7.48537
6310000 7.37823
6320000 7.82087
6330000 7.87438
6340000 7.7159
6350000 23.6567
6360000 8.40543
6370000 10.8409
6380000 7.89231
6390000 15.5134
6400000 8.58407
6410000 9.92285
6420000 8.43406
6430000 9.87407
6440000 8.44011
6450000 11.2198
6460000 19.8323
6470000 9.36658
6480000 8.11659
6490000 19.3378
6500000 13.4723
6510000 10.0229
6520000 8.44738
6530000 8.32373
6540000 8.39639
6550000 8.35173
6560000 8.34331
6570000 8.30028
6580000 8.09742
6590000 7.81102
6600000 7.582
6610000 7.77692
6620000 7.9669
6630000 7.6217
6640000 7.61898
6650000 7.50244
6660000 7.65947
6670000 7.72598
6680000 7.68946
6690000 7.62363
6700000 7.58554
6710000 7.35423
6720000 7.54758
6730000 7.38955
6740000 7.55982
6750000 7.48325
6760000 7.54618
6770000 10.3808
6780000 7.62777
6790000 13.6701
6800000 23.5297
6810000 8.25253
6820000 10.9671
6830000 17.2243
6840000 11.9077
6850000 8.50204
6860000 9.96498
6870000 8.46641
6880000 10.1825
6890000 8.49776
6900000 9.9017
6910000 8.33774
6920000 9.15939
6930000 8.34131
6940000 45.8753
6950000 9.37201
6960000 9.34755
6970000 8.10766
6980000 8.51273
6990000 8.18533
7000000 8.3112
7010000 8.23973
7020000 8.22144
7030000 8.02074
7040000 7.83059
7050000 7.58521
7060000 7.67112
7070000 7.63322
7080000 7.54593
7090000 7.57256
7100000 7.82831
7110000 7.63258
7120000 7.43322
7130000 7.41044
7140000 7.71922
7150000 7.50333
7160000 7.43125
7170000 7.66066
7180000 7.41999
7190000 7.52061
7200000 7.97087
7210000 8.09433
7220000 7.64737
7230000 34.976
7240000 10.51
7250000 13.5546
7260000 7.85326
7270000 15.5231
7280000 14.2888
7290000 10.0204
7300000 8.46203
7310000 9.87412
7320000 8.31133
7330000 10.0411
7340000 9.79919
7350000 9.31566
7360000 7.98874
7370000 9.0579
7380000 19.6847
7390000 10.0061
7400000 8.34456
7410000 8.45103
7420000 8.44732
7430000 8.35926
7440000 8.1261
7450000 8.2953
7460000 8.15055
7470000 8.14534
7480000 8.11116
7490000 7.67243
7500000 7.82213
7510000 7.62508
7520000 7.63223
7530000 7.82327
7540000 7.65263
7550000 7.66807
7560000 7.94283
7570000 7.50032
7580000 7.54963
7590000 7.39677
7600000 7.88633
7610000 7.3509
7620000 7.42814
7630000 7.45754
7640000 7.54665
7650000 7.69169
7660000 7.84533
7670000 13.64
7680000 23.6204
7690000 8.2502
7700000 10.8238
7710000 17.221
7720000 11.9089
7730000 8.55336
7740000 9.90453
7750000 8.44535
7760000 10.2041
7770000 8.42891
7780000 11.2054
7790000 19.8167
7800000 9.13265
7810000 8.0793
7820000 19.3219
7830000 13.4642
7840000 9.33089
7850000 8.38592
7860000 8.39848
7870000 8.32967
7880000 8.3117
7890000 8.34443
7900000 8.18742
7910000 8.06548
7920000 7.77756
7930000 7.61186
7940000 7.72081
7950000 7.96691
7960000 7.64627
7970000 7.57972
7980000 7.48405
7990000 7.66309
8000000 7.69232
8010000 7.39926
8020000 7.67256
8030000 7.5286
8040000 7.41004
8050000 7.53583
8060000 7.43857
8070000 7.61433
8080000 7.61331
8090000 8.0652
8100000 10.3849
8110000 7.72621
8120000 10.5747
8130000 13.5258
8140000 8.22893
8150000 10.9439
8160000 17.2412
8170000 10.0859
8180000 8.42004
8190000 9.99356
8200000 8.51644
8210000 9.91384
8220000 9.81944
8230000 9.88776
8240000 8.33822
8250000 9.08852
8260000 19.7173
8270000 45.8668
8280000 9.34275
8290000 8.43934
8300000 8.0907
8310000 8.47591
8320000 8.12177
8330000 8.34081
8340000 8.21489
8350000 8.19615
8360000 8.0131
8370000 7.72196
8380000 7.55952
8390000 7.67533
8400000 7.69496
8410000 7.54223
8420000 7.45408
8430000 7.81365
8440000 7.81927
8450000 7.40192
8460000 7.55186
8470000 7.73998
8480000 7.86927
8490000 7.3716
8500000 7.64202
8510000 7.47075
8520000 7.39304
8530000 7.95711
8540000 7.87089
8550000 7.67963
8560000 34.9731
8570000 10.5022
8580000 10.8174
8590000 7.89951
8600000 15.5207
8610000 14.362
8620000 9.88794
8630000 8.43684
8640000 9.87493
8650000 8.28599
8660000 10.0195
8670000 19.8143
8680000 9.31686
8690000 8.00393
8700000 9.01331
8710000 13.4658
8720000 9.99277
8730000 8.35321
8740000 8.25489
8750000 8.28518
8760000 8.34401
8770000 8.3554
8780000 8.27905
8790000 8.114
8800000 7.71698
8810000 8.0944
8820000 7.7574
8830000 7.82007
8840000 7.59329
8850000 7.54614
8860000 7.79385
8870000 7.78033
8880000 7.672
8890000 7.71537
8900000 7.50644
8910000 7.56905
8920000 7.36284
8930000 7.44904
8940000 7.34742
8950000 7.39006
8960000 7.41583
8970000 7.51695
8980000 7.71119
8990000 7.60724
9000000 13.6432
9010000 23.5545
9020000 8.25355
9030000 10.9564
9040000 17.2242
9050000 11.9024
9060000 8.53938
9070000 9.94116
9080000 8.42999
9090000 10.2109
9100000 8.45797
9110000 11.2011
9120000 8.31636
9130000 9.11554
9140000 8.14142
9150000 19.3164
9160000 9.35658
9170000 9.32019
9180000 8.36733
9190000 8.47868
9200000 8.16269
9210000 8.30025
9220000 8.19694
9230000 8.19749
9240000 8.04061
9250000 7.94238
9260000 7.6005
9270000 7.68105
9280000 7.93583
9290000 7.59382
9300000 7.55119
9310000 7.48625
9320000 7.63613
9330000 7.394
9340000 7.39472
9350000 7.70971
9360000 7.59686
9370000 7.42377
9380000 7.68575
9390000 7.43372
9400000 7.6716
9410000 7.88809
9420000 8.06089
9430000 10.3685
9440000 34.9857
9450000 10.5005
9460000 13.52
9470000 8.23165
9480000 15.4871
9490000 14.2851
9500000 10.0742
9510000 8.4169
9520000 9.96394
9530000 8.28174
9540000 10.008
9550000 9.8146
9560000 9.89798
9570000 7.96734
9580000 9.05168
9590000 19.7228
9600000 45.876
9610000 8.31347
9620000 8.43359
9630000 8.11157
9640000 8.39577
9650000 8.09214
9660000 8.34598
9670000 8.14989
9680000 8.18785
9690000 7.99874
9700000 7.66979
9710000 7.56377
9720000 7.61784
9730000 7.63826
9740000 7.53801
9750000 7.4865
9760000 7.65767
9770000 7.918
9780000 7.48835
9790000 7.53787
9800000 7.3867
9810000 7.88124
9820000 7.37134
9830000 7.46932
9840000 7.46021
9850000 7.34132
9860000 7.90032
9870000 7.83859
9880000 7.67507
9890000 23.6174
9900000 8.3631
9910000 10.8093
9920000 7.87822
9930000 15.4978
9940000 8.55625
9950000 9.89231
9960000 8.43213
9970000 9.85491
9980000 8.54101
9990000 11.2132
10000000 19.8189
