10000 12.937
20000 9.12179
30000 7.22677
40000 6.22463
50000 5.70467
60000 5.4143
70000 5.23844
80000 5.13651
90000 5.02428
100000 5.03087
110000 4.89748
120000 4.84613
130000 4.82548
140000 4.77635
150000 4.93543
160000 4.71746
170000 4.67665
180000 4.64943
190000 4.62424
200000 4.5989
210000 4.57695
220000 4.55593
230000 4.53256
240000 4.50518
250000 4.48632
260000 4.46782
270000 4.45117
280000 4.43503
290000 4.42275
300000 4.63841
310000 4.46462
320000 4.44792
330000 4.38656
340000 4.37505
350000 4.38922
360000 4.34396
370000 4.45818
380000 4.40564
390000 4.33221
400000 4.31894
410000 4.30898
420000 4.29163
430000 4.28236
440000 4.27359
450000 4.26526
460000 4.25688
470000 4.24925
480000 4.2409
490000 4.2335
500000 4.22694
510000 4.23355
520000 4.24767
530000 4.21879
540000 4.33908
550000 4.20448
560000 4.19162
570000 4.21149
580000 4.20879
590000 4.40664
600000 4.20832
610000 4.17327
620000 4.1684
630000 4.16356
640000 4.15674
650000 4.15258
660000 4.14849
670000 4.14046
680000 4.13144
690000 4.1231
700000 4.11737
710000 4.11374
720000 4.11048
730000 4.11031
740000 4.6532
750000 4.17999
760000 4.24273
770000 4.1191
780000 4.11539
790000 4.11371
800000 4.10973
810000 4.10097
820000 4.26843
830000 4.11893
840000 4.11351
850000 4.1116
860000 4.10005
870000 4.09778
880000 4.09576
890000 4.09404
900000 4.09179
910000 4.09041
920000 4.08818
930000 4.08618
940000 4.08523
950000 4.08496
960000 4.17455
970000 4.10131
980000 4.22236
990000 4.11175
1000000 4.08067
1010000 4.08136
1020000 4.10766
1030000 4.08808
1040000 4.11621
1050000 4.08559
1060000 4.08365
1070000 4.08274
1080000 4.08008
1090000 4.07908
1100000 4.0786
1110000 4.07715
1120000 4.06946
1130000 4.06313
1140000 4.06105
1150000 4.06002
1160000 4.05976
1170000 4.06313
1180000 4.61382
1190000 4.25741
1200000 4.20515
1210000 4.09152
1220000 4.08301
1230000 4.083
1240000 4.08529
1250000 4.07533
1260000 4.6075
1270000 4.11836
1280000 4.09735
1290000 4.09485
1300000 4.09014
1310000 4.08588
1320000 4.08586
1330000 4.08641
1340000 4.08585
1350000 4.08643
1360000 4.08612
1370000 4.08596
1380000 4.08689
1390000 4.08839
1400000 4.09429
1410000 4.10821
1420000 4.09495
1430000 4.12199
1440000 4.09433
1450000 4.09489
1460000 4.19516
1470000 4.10827
1480000 4.17433
1490000 4.10516
1500000 4.10548
1510000 4.10534
1520000 4.10403
1530000 4.10434
1540000 4.10521
1550000 4.10592
1560000 4.10111
1570000 4.09388
1580000 4.09388
1590000 4.09305
1600000 4.09379
1610000 4.09478
1620000 4.09755
1630000 4.34694
1640000 4.16007
1650000 4.17434
1660000 4.12344
1670000 4.12602
1680000 4.1278
1690000 4.12022
1700000 4.647
1710000 4.20993
1720000 4.14357
1730000 4.14214
1740000 4.1429
1750000 4.1346
1760000 4.13632
1770000 4.13715
1780000 4.13768
1790000 4.13893
1800000 4.13959
1810000 4.14
1820000 4.14159
1830000 4.14293
1840000 4.15055
1850000 4.18017
1860000 4.15272
1870000 4.24466
1880000 4.15356
1890000 4.15341
1900000 4.18046
1910000 4.16927
1920000 4.38978
1930000 4.18051
1940000 4.16849
1950000 4.16919
1960000 4.17018
1970000 4.16938
1980000 4.17094
1990000 4.17231
2000000 4.16965
2010000 4.16143
2020000 4.16195
2030000 4.16191
2040000 4.16321
2050000 4.16455
2060000 4.16934
2070000 4.41373
2080000 4.24698
2090000 4.24489
2100000 4.19583
2110000 4.19838
2120000 4.22708
2130000 4.19361
2140000 4.32463
2150000 4.28275
2160000 4.21909
2170000 4.21713
2180000 4.21827
2190000 4.21151
2200000 4.21261
2210000 4.21395
2220000 4.21539
2230000 4.2165
2240000 4.21815
2250000 4.21885
2260000 4.22027
2270000 4.22233
2280000 4.23729
2290000 4.25943
2300000 4.23873
2310000 4.36602
2320000 4.23986
2330000 4.23452
2340000 4.26142
2350000 4.26574
2360000 4.46769
2370000 4.27897
2380000 4.25091
2390000 4.25214
2400000 4.2538
2410000 4.25312
2420000 4.25488
2430000 4.25662
2440000 4.25421
2450000 4.25064
2460000 4.2479
2470000 4.2475
2480000 4.24906
2490000 4.25095
2500000 4.25569
2510000 4.78623
2520000 4.33238
2530000 4.39736
2540000 4.28278
2550000 4.28356
2560000 4.28615
2570000 4.28655
2580000 4.28226
2590000 4.44676
2600000 4.30714
2610000 4.30585
2620000 4.30777
2630000 4.30044
2640000 4.30184
2650000 4.30341
2660000 4.30517
2670000 4.30635
2680000 4.30833
2690000 4.30947
2700000 4.31068
2710000 4.31292
2720000 4.31569
2730000 4.40353
2740000 4.33713
2750000 4.45461
2760000 4.35271
2770000 4.32615
2780000 4.32958
2790000 4.35711
2800000 4.34136
2810000 4.37049
2820000 4.34418
2830000 4.34486
2840000 4.34649
2850000 4.34641
2860000 4.3479
2870000 4.3498
2880000 4.35081
2890000 4.34553
2900000 4.3419
2910000 4.34213
2920000 4.34331
2930000 4.34522
2940000 4.35045
2950000 4.8705
2960000 4.53632
2970000 4.48929
2980000 4.385
2990000 4.37901
3000000 4.38087
3010000 4.38484
3020000 4.3774
3030000 4.87837
3040000 4.421
3050000 4.40313
3060000 4.40253
3070000 4.39984
3080000 4.39753
3090000 4.39913
3100000 4.40123
3110000 4.40228
3120000 4.40436
3130000 4.4056
3140000 4.40693
3150000 4.40927
3160000 4.4121
3170000 4.419
3180000 4.43332
3190000 4.42244
3200000 4.44885
3210000 4.4246
3220000 4.42643
3230000 4.52069
3240000 4.43856
3250000 4.50399
3260000 4.44122
3270000 4.44273
3280000 4.44386
3290000 4.44388
3300000 4.4454
3310000 4.44742
3320000 4.44926
3330000 4.44577
3340000 4.4403
3350000 4.44142
3360000 4.44174
3370000 4.44352
3380000 4.44552
3390000 4.44913
3400000 4.68085
3410000 4.50887
3420000 4.52306
3430000 4.47716
3440000 4.48052
3450000 4.48313
3460000 4.47712
3470000 4.96707
3480000 4.56168
3490000 4.50139
3500000 4.50089
3510000 4.50261
3520000 4.49587
3530000 4.49833
3540000 4.49996
3550000 4.50128
3560000 4.50327
3570000 4.50473
3580000 4.5059
3590000 4.50819
3600000 4.51018
3610000 4.51797
3620000 4.54598
3630000 4.52153
3640000 4.60687
3650000 4.52381
3660000 4.52442
3670000 4.55001
3680000 4.54048
3690000 4.74449
3700000 4.55227
3710000 4.54192
3720000 4.54326
3730000 4.54491
3740000 4.54485
3750000 4.547
3760000 4.54894
3770000 4.54679
3780000 4.54017
3790000 4.54131
3800000 4.5419
3810000 4.54371
3820000 4.54555
3830000 4.55056
3840000 4.77607
3850000 4.62301
3860000 4.62168
3870000 4.57728
3880000 4.58018
3890000 4.60705
3900000 4.57694
3910000 4.69784
3920000 4.65986
3930000 4.60192
3940000 4.60065
3950000 4.60225
3960000 4.59658
3970000 4.5981
3980000 4.59985
3990000 4.60166
4000000 4.60319
4010000 4.60519
4020000 4.60633
4030000 4.60809
4040000 4.61046
4050000 4.62461
4060000 4.6454
4070000 4.62687
4080000 4.74417
4090000 4.62881
4100000 4.62437
4110000 4.64948
4120000 4.65388
4130000 4.8401
4140000 4.66691
4150000 4.6416
4160000 4.64312
4170000 4.64512
4180000 4.64494
4190000 4.64699
4200000 4.64901
4210000 4.64717
4220000 4.64421
4230000 4.64215
4240000 4.64218
4250000 4.64397
4260000 4.6461
4270000 4.65082
4280000 5.14106
4290000 4.72184
4300000 4.78189
4310000 4.67713
4320000 4.6782
4330000 4.68032
4340000 4.68163
4350000 4.67805
4360000 4.82943
4370000 4.7015
4380000 4.70064
4390000 4.70275
4400000 4.69637
4410000 4.69797
4420000 4.69974
4430000 4.70165
4440000 4.70307
4450000 4.70514
4460000 4.70653
4470000 4.70791
4480000 4.71027
4490000 4.71309
4500000 4.79394
4510000 4.7333
4520000 4.84146
4530000 4.74817
4540000 4.72411
4550000 4.72755
4560000 4.75306
4570000 4.73891
4580000 4.76591
4590000 4.74206
4600000 4.74294
4610000 4.74471
4620000 4.74493
4630000 4.74654
4640000 4.7486
4650000 4.74982
4660000 4.74509
4670000 4.74208
4680000 4.74253
4690000 4.74386
4700000 4.74585
4710000 4.75088
4720000 5.23148
4730000 4.92212
4740000 4.87905
4750000 4.7835
4760000 4.77824
4770000 4.78017
4780000 4.78404
4790000 4.77745
4800000 5.24052
4810000 4.81785
4820000 4.79972
4830000 4.80132
4840000 4.79907
4850000 4.79716
4860000 4.79885
4870000 4.80097
4880000 4.80214
4890000 4.80424
4900000 4.80557
4910000 4.80698
4920000 4.80931
4930000 4.81208
4940000 4.8186
4950000 4.83193
4960000 4.82213
4970000 4.84655
4980000 4.82448
4990000 4.8264
5000000 4.91312
5010000 4.83755
5020000 4.89814
5030000 4.84066
5040000 4.84221
5050000 4.84343
5060000 4.84363
5070000 4.84522
5080000 4.84726
5090000 4.84913
5100000 4.84601
5110000 4.84118
5120000 4.84238
5130000 4.84283
5140000 4.84462
5150000 4.84661
5160000 4.85008
5170000 5.06363
5180000 4.90526
5190000 4.91845
5200000 4.87643
5210000 4.87965
5220000 4.8822
5230000 4.87683
5240000 5.3303
5250000 4.95486
5260000 4.89953
5270000 4.8992
5280000 4.90093
5290000 4.89487
5300000 4.89726
5310000 4.8989
5320000 4.90025
5330000 4.9022
5340000 4.90367
5350000 4.90486
5360000 4.90708
5370000 4.90902
5380000 4.91631
5390000 4.94218
5400000 4.91982
5410000 4.99848
5420000 4.92213
5430000 4.92283
5440000 4.94648
5450000 4.93784
5460000 5.12619
5470000 4.94893
5480000 4.9396
5490000 4.94086
5500000 4.94251
5510000 4.94258
5520000 4.94468
5530000 4.94659
5540000 4.94361
5550000 4.9387
5560000 4.93986
5570000 4.9405
5580000 4.94226
5590000 4.94406
5600000 4.94877
5610000 5.15699
5620000 5.01569
5630000 5.01454
5640000 4.97376
5650000 4.97651
5660000 5.00135
5670000 4.97374
5680000 5.0853
5690000 5.05033
5700000 4.99698
5710000 4.99589
5720000 4.99746
5730000 4.99234
5740000 4.99381
5750000 4.99552
5760000 4.99727
5770000 4.99877
5780000 5.00068
5790000 5.0018
5800000 5.00349
5810000 5.00576
5820000 5.01885
5830000 5.03806
5840000 5.0211
5850000 5.12952
5860000 5.02304
5870000 5.01902
5880000 5.04225
5890000 5.04638
5900000 5.2187
5910000 5.05857
5920000 5.03529
5930000 5.03678
5940000 5.03869
5950000 5.03861
5960000 5.04058
5970000 5.04253
5980000 5.04087
5990000 5.03817
6000000 5.03637
6010000 5.03647
6020000 5.03818
6030000 5.04021
6040000 5.04462
6050000 5.49992
6060000 5.1103
6070000 5.16589
6080000 5.06915
6090000 5.07019
6100000 5.0965
6110000 5.07347
6120000 5.0703
6130000 5.21029
6140000 5.09199
6150000 5.09124
6160000 5.09324
6170000 5.08741
6180000 5.08892
6190000 5.09062
6200000 5.09244
6210000 5.09379
6220000 5.09562
6230000 5.09708
6240000 5.09839
6250000 5.10062
6260000 5.10326
6270000 5.17807
6280000 5.12201
6290000 5.22219
6300000 5.13587
6310000 5.11368
6320000 5.11691
6330000 5.14053
6340000 5.12749
6350000 5.15253
6360000 5.13051
6370000 5.13136
6380000 5.13303
6390000 5.13331
6400000 5.13485
6410000 5.13679
6420000 5.138
6430000 5.13358
6440000 5.13088
6450000 5.13132
6460000 5.13259
6470000 5.13448
6480000 5.13915
6490000 5.58649
6500000 5.29793
6510000 5.25797
6520000 5.16947
6530000 5.16465
6540000 5.16647
6550000 5.17008
6560000 5.16402
6570000 5.59522
6580000 5.20147
6590000 5.18466
6600000 5.18621
6610000 5.18418
6620000 5.18242
6630000 5.18403
6640000 5.18602
6650000 5.18713
6660000 5.1891
6670000 5.19036
6680000 5.19168
6690000 5.19385
6700000 5.19644
6710000 5.20251
6720000 5.21488
6730000 5.20583
6740000 5.22848
6750000 5.20805
6760000 5.20985
6770000 5.29032
6780000 5.22026
6790000 5.27648
6800000 5.22319
6810000 5.22464
6820000 5.22579
6830000 5.22602
6840000 5.22752
6850000 5.22945
6860000 5.23121
6870000 5.22828
6880000 5.22384
6890000 5.22498
6900000 5.22541
6910000 5.22709
6920000 5.22895
6930000 5.23219
6940000 5.43075
6950000 5.28341
6960000 5.29568
6970000 5.2567
6980000 5.2597
6990000 5.26208
7000000 5.25712
7010000 5.68033
7020000 5.32961
7030000 5.27822
7040000 5.27792
7050000 5.27954
7060000 5.27393
7070000 5.27616
7080000 5.2777
7090000 5.27897
7100000 5.28078
7110000 5.28216
7120000 5.28327
7130000 5.28541
7140000 5.28712
7150000 5.2939
7160000 5.31796
7170000 5.29719
7180000 5.37034
7190000 5.29935
7200000 5.30002
7210000 5.32199
7220000 5.31398
7230000 5.48945
7240000 5.32432
7250000 5.31566
7260000 5.31683
7270000 5.31839
7280000 5.31846
7290000 5.32044
7300000 5.32222
7310000 5.31924
7320000 5.31487
7330000 5.31596
7340000 5.31655
7350000 5.31819
7360000 5.31987
7370000 5.32426
7380000 5.51833
7390000 5.38652
7400000 5.38546
7410000 5.34751
7420000 5.35007
7430000 5.37318
7440000 5.34751
7450000 5.45142
7460000 5.41882
7470000 5.36913
7480000 5.3681
7490000 5.36957
7500000 5.36481
7510000 5.36618
7520000 5.36776
7530000 5.3694
7540000 5.37079
7550000 5.37256
7560000 5.3736
7570000 5.37516
7580000 5.37727
7590000 5.38945
7600000 5.40735
7610000 5.39154
7620000 5.51722
7630000 5.39335
7640000 5.38962
7650000 5.41124
7660000 5.41509
7670000 5.57602
7680000 5.42646
7690000 5.40476
7700000 5.40613
7710000 5.40792
7720000 5.40785
7730000 5.40969
7740000 5.41152
7750000 5.40996
7760000 5.40739
7770000 5.40575
7780000 5.40582
7790000 5.40742
7800000 5.40929
7810000 5.4134
7820000 5.84001
7830000 5.47465
7840000 5.52657
7850000 5.43625
7860000 5.4372
7870000 5.46152
7880000 5.44026
7890000 5.43729
7900000 5.56806
7910000 5.45752
7920000 5.45679
7930000 5.45865
7940000 5.4532
7950000 5.45461
7960000 5.45618
7970000 5.45787
7980000 5.45911
7990000 5.46082
8000000 5.46217
8010000 5.46337
8020000 5.46543
8030000 5.46788
8040000 5.53776
8050000 5.48539
8060000 5.57902
8070000 5.49829
8080000 5.47756
8090000 5.48056
8100000 5.50262
8110000 5.49043
8120000 5.51381
8130000 5.49324
8140000 5.49402
8150000 5.49558
8160000 5.49583
8170000 5.49724
8180000 5.49908
8190000 5.50021
8200000 5.496
8210000 5.4935
8220000 5.49389
8230000 5.49505
8240000 5.4968
8250000 5.50116
8260000 5.92119
8270000 5.64974
8280000 5.61228
8290000 5.52945
8300000 5.52493
8310000 5.52661
8320000 5.52997
8330000 5.52429
8340000 5.92933
8350000 5.55929
8360000 5.54354
8370000 5.54497
8380000 5.54306
8390000 5.54141
8400000 5.54289
8410000 5.54473
8420000 5.54576
8430000 5.54759
8440000 5.54874
8450000 5.54997
8460000 5.55196
8470000 5.55436
8480000 5.56002
8490000 5.5716
8500000 5.5631
8510000 5.58428
8520000 5.56514
8530000 5.56681
8540000 5.64218
8550000 5.5765
8560000 5.62917
8570000 5.57925
8580000 5.58058
8590000 5.58164
8600000 5.58184
8610000 5.58324
8620000 5.58503
8630000 5.58667
8640000 5.58387
8650000 5.5797
8660000 5.58075
8670000 5.58113
8680000 5.58269
8690000 5.58442
8700000 5.58743
8710000 5.77379
8720000 5.63538
8730000 5.64688
8740000 5.61031
8750000 5.6131
8760000 5.61531
8770000 5.61065
8780000 6.009
8790000 5.6786
8800000 5.63036
8810000 5.63005
8820000 5.63155
8830000 5.62627
8840000 5.62834
8850000 5.62977
8860000 5.63093
8870000 5.63261
8880000 5.63388
8890000 5.63489
8900000 5.63688
8910000 5.63845
8920000 5.64479
8930000 5.66734
8940000 5.64783
8950000 5.71647
8960000 5.64981
8970000 5.65042
8980000 5.67101
8990000 5.66347
9000000 5.82841
9010000 5.67314
9020000 5.66499
9030000 5.66606
9040000 5.66752
9050000 5.66757
9060000 5.66941
9070000 5.67106
9080000 5.66821
9090000 5.66409
9100000 5.6651
9110000 5.66563
9120000 5.66713
9130000 5.66869
9140000 5.67279
9150000 5.85529
9160000 5.73122
9170000 5.73019
9180000 5.69453
9190000 5.6969
9200000 5.71859
9210000 5.69445
9220000 5.79213
9230000 5.76143
9240000 5.71468
9250000 5.71369
9260000 5.71505
9270000 5.70996
9280000 5.71182
9290000 5.71328
9300000 5.71479
9310000 5.71607
9320000 5.71771
9330000 5.71866
9340000 5.72009
9350000 5.72202
9360000 5.73346
9370000 5.75026
9380000 5.73538
9390000 5.79867
9400000 5.73703
9410000 5.73349
9420000 5.7538
9430000 5.7574
9440000 5.90899
9450000 5.76805
9460000 5.74762
9470000 5.74887
9480000 5.75054
9490000 5.75046
9500000 5.75216
9510000 5.75386
9520000 5.75236
9530000 5.74989
9540000 5.74833
9550000 5.74838
9560000 5.74969
9570000 5.75159
9580000 5.75542
9590000 6.15836
9600000 5.81302
9610000 5.86191
9620000 5.77682
9630000 5.77769
9640000 5.80054
9650000 5.78051
9660000 5.77769
9670000 5.9009
9680000 5.79667
9690000 5.79596
9700000 5.79769
9710000 5.79253
9720000 5.79382
9730000 5.79528
9740000 5.79685
9750000 5.79796
9760000 5.79956
9770000 5.8008
9780000 5.8019
9790000 5.8038
9800000 5.80608
9810000 5.8719
9820000 5.82251
9830000 5.91078
9840000 5.83461
9850000 5.81506
9860000 5.81786
9870000 5.83862
9880000 5.8271
9890000 5.84912
9900000 5.82969
9910000 5.83041
9920000 5.83185
9930000 5.83206
9940000 5.83337
9950000 5.83508
9960000 5.83613
9970000 5.83208
9980000 5.82971
9990000 5.83005
10000000 5.83112
10010000 5.83273
10020000 5.83682
10030000 6.23422
10040000 5.977
10050000 5.94157
10060000 5.86337
10070000 5.85906
10080000 5.86063
10090000 5.86377
10100000 5.85839
10110000 6.24177
10120000 5.89135
10130000 5.87645
10140000 5.87777
10150000 5.87594
10160000 5.87435
10170000 5.87572
10180000 5.87743
10190000 5.87838
10200000 5.88007
10210000 5.88112
10220000 5.88225
10230000 5.88408
10240000 5.88631
10250000 5.89163
10260000 5.90253
10270000 5.89448
10280000 5.91444
10290000 5.89634
10300000 5.89788
10310000 5.96905
10320000 5.90699
10330000 5.95671
10340000 5.90953
10350000 5.91075
10360000 5.91172
10370000 5.91188
10380000 5.91317
10390000 5.91485
10400000 5.91637
10410000 5.91367
10420000 5.9097
10430000 5.91067
10440000 5.91099
10450000 5.91243
10460000 5.91402
10470000 5.91684
10480000 6.05568
10490000 5.96208
10500000 5.97293
10510000 5.93834
10520000 5.94094
10530000 5.943
10540000 5.93856
10550000 6.31625
10560000 6.00274
10570000 5.9571
10580000 5.95677
10590000 5.95816
10600000 5.95313
10610000 5.95506
10620000 5.95638
10630000 5.95745
10640000 5.959
10650000 5.96017
10660000 5.96109
10670000 5.96297
10680000 5.96438
10690000 5.97036
10700000 5.99165
10710000 5.97316
10720000 6.03807
10730000 5.97497
10740000 5.97551
10750000 5.99498
10760000 5.98779
10770000 6.144
10780000 5.99689
10790000 5.98915
10800000 5.99012
10810000 5.99148
10820000 5.9915
10830000 5.9932
10840000 5.99475
10850000 5.99198
10860000 5.98807
10870000 5.98899
10880000 5.98946
10890000 5.99085
10900000 5.99229
10910000 5.99614
10920000 6.16904
10930000 6.05139
10940000 6.05038
10950000 6.01658
10960000 6.01879
10970000 6.03929
10980000 6.01641
10990000 6.10891
11000000 6.07979
11010000 6.03547
11020000 6.0345
11030000 6.03575
11040000 6.03078
11050000 6.03264
11060000 6.03397
11070000 6.03538
11080000 6.03656
11090000 6.03807
11100000 6.03894
11110000 6.04025
11120000 6.04201
11130000 6.05285
11140000 6.06874
11150000 6.0546
11160000 6.11453
11170000 6.0561
11180000 6.05272
11190000 6.07192
11200000 6.07531
11210000 6.21913
11220000 6.08534
11230000 6.06595
11240000 6.06711
11250000 6.06866
11260000 6.06855
11270000 6.07013
11280000 6.07171
11290000 6.07025
11300000 6.06785
11310000 6.06637
11320000 6.06637
11330000 6.06769
11340000 6.06934
11350000 6.07294
11360000 6.45606
11370000 6.12749
11380000 6.17387
11390000 6.0931
11400000 6.09389
11410000 6.11553
11420000 6.0965
11430000 6.09379
11440000 6.2107
11450000 6.11173
11460000 6.11102
11470000 6.11262
11480000 6.1077
11490000 6.10889
11500000 6.11024
11510000 6.11169
11520000 6.11272
11530000 6.1142
11540000 6.11534
11550000 6.11634
11560000 6.11811
11570000 6.12024
11580000 6.18268
11590000 6.13577
11600000 6.21956
11610000 6.14718
11620000 6.1286
11630000 6.13122
11640000 6.15089
11650000 6.13993
11660000 6.1608
11670000 6.14233
11680000 6.14297
11690000 6.14431
11700000 6.14448
11710000 6.14569
11720000 6.1473
11730000 6.14826
11740000 6.14435
11750000 6.14209
11760000 6.14237
11770000 6.14335
11780000 6.14492
11790000 6.14869
11800000 6.5271
11810000 6.28185
11820000 6.24811
11830000 6.17376
11840000 6.16963
11850000 6.1711
11860000 6.17404
11870000 6.16891
11880000 6.53407
11890000 6.20015
11900000 6.18596
11910000 6.18718
11920000 6.18541
11930000 6.18386
11940000 6.18513
11950000 6.18673
11960000 6.18759
11970000 6.18917
11980000 6.19013
11990000 6.19111
12000000 6.19286
12010000 6.19495
12020000 6.19997
12030000 6.2103
12040000 6.20261
12050000 6.22155
12060000 6.20432
12070000 6.20575
12080000 6.27339
12090000 6.21434
12100000 6.26159
12110000 6.21669
12120000 6.21782
12130000 6.21871
12140000 6.21883
12150000 6.22003
12160000 6.22159
12170000 6.22301
12180000 6.22038
12190000 6.21658
12200000 6.21747
12210000 6.21774
12220000 6.21907
12230000 6.22055
12240000 6.2232
12250000 6.35442
12260000 6.26616
12270000 6.27645
12280000 6.24352
12290000 6.24596
12300000 6.24787
12310000 6.24363
12320000 6.60386
12330000 6.30464
12340000 6.26116
12350000 6.26081
12360000 6.2621
12370000 6.25728
12380000 6.25909
12390000 6.2603
12400000 6.2613
12410000 6.26274
12420000 6.26381
12430000 6.26465
12440000 6.26638
12450000 6.2677
12460000 6.27336
12470000 6.29359
12480000 6.27596
12490000 6.33774
12500000 6.27761
12510000 6.2781
12520000 6.2966
12530000 6.28973
12540000 6.4386
12550000 6.29833
12560000 6.29093
12570000 6.29181
12580000 6.29308
12590000 6.29306
12600000 6.29466
12610000 6.2961
12620000 6.29341
12630000 6.28966
12640000 6.2905
12650000 6.29091
12660000 6.2922
12670000 6.29354
12680000 6.29717
12690000 6.46199
12700000 6.34974
12710000 6.34874
12720000 6.3165
12730000 6.31858
12740000 6.33807
12750000 6.31627
12760000 6.40438
12770000 6.37659
12780000 6.3343
12790000 6.33334
12800000 6.3345
12810000 6.32973
12820000 6.33148
12830000 6.33271
12840000 6.33401
12850000 6.33511
12860000 6.33652
12870000 6.33731
12880000 6.33851
12890000 6.34012
12900000 6.35045
12910000 6.36555
12920000 6.35205
12930000 6.40917
12940000 6.35341
12950000 6.35017
12960000 6.36844
12970000 6.37163
12980000 6.50888
12990000 6.38114
13000000 6.36261
13010000 6.36369
13020000 6.36513
13030000 6.365
13040000 6.36648
13050000 6.36796
13060000 6.36652
13070000 6.36418
13080000 6.36275
13090000 6.36272
13100000 6.36391
13110000 6.36548
13120000 6.36887
13130000 6.73514
13140000 6.42084
13150000 6.46508
13160000 6.38797
13170000 6.38868
13180000 6.40929
13190000 6.39111
13200000 6.49734
13210000 6.50008
13220000 6.40554
13230000 6.40483
13240000 6.40632
13250000 6.4016
13260000 6.4027
13270000 6.40395
13280000 6.40531
13290000 6.40626
13300000 6.40764
13310000 6.40868
13320000 6.40961
13330000 6.41126
13340000 6.41325
13350000 6.47284
13360000 6.42802
13370000 6.508
13380000 6.43884
13390000 6.42106
13400000 6.42354
13410000 6.44228
13420000 6.43178
13430000 6.45168
13440000 6.43402
13450000 6.4346
13460000 6.43584
13470000 6.43598
13480000 6.4371
13490000 6.43858
13500000 6.4395
13510000 6.43569
13520000 6.43352
13530000 6.43375
13540000 6.43465
13550000 6.43604
13560000 6.43968
13570000 6.80188
13580000 6.56687
13590000 6.53458
13600000 6.4635
13610000 6.45914
13620000 6.46089
13630000 6.46367
13640000 6.45873
13650000 6.80834
13660000 6.48851
13670000 6.47492
13680000 6.47605
13690000 6.47433
13700000 6.47282
13710000 6.474
13720000 6.47549
13730000 6.47628
13740000 6.47776
13750000 6.47864
13760000 6.47959
13770000 6.48117
13780000 6.48313
13790000 6.4879
13800000 6.49774
13810000 6.49036
13820000 6.50843
13830000 6.49192
13840000 6.49327
13850000 6.5579
13860000 6.50141
13870000 6.54656
13880000 6.5036
13890000 6.50464
13900000 6.50546
13910000 6.50554
13920000 6.50666
13930000 6.50813
13940000 6.50945
13950000 6.50689
13960000 6.50322
13970000 6.50404
13980000 6.50426
13990000 6.5055
14000000 6.50687
14010000 6.50939
14020000 6.63492
14030000 6.5504
14040000 6.56021
14050000 6.52868
14060000 6.53099
14070000 6.53278
14080000 6.52869
14090000 6.87397
14100000 6.587
14110000 6.54536
14120000 6.545
14130000 6.5462
14140000 6.54155
14150000 6.54325
14160000 6.54438
14170000 6.5453
14180000 6.54664
14190000 6.54764
14200000 6.5484
14210000 6.55004
14220000 6.55125
14230000 6.55663
14240000 6.57597
14250000 6.55906
14260000 6.61817
14270000 6.56058
14280000 6.56101
14290000 6.57871
14300000 6.57207
14310000 6.71462
14320000 6.58025
14330000 6.57313
14340000 6.57394
14350000 6.57513
14360000 6.57508
14370000 6.57658
14380000 6.57793
14390000 6.5753
14400000 6.57169
14410000 6.57247
14420000 6.57279
14430000 6.57402
14440000 6.57527
14450000 6.57871
14460000 6.73661
14470000 6.62897
14480000 6.628
14490000 6.59709
14500000 6.59905
14510000 6.61768
14520000 6.59677
14530000 6.68116
14540000 6.65449
14550000 6.61394
14560000 6.61299
14570000 6.61407
14580000 6.60947
14590000 6.61111
14600000 6.61226
14610000 6.61348
14620000 6.6145
14630000 6.61581
14640000 6.61653
14650000 6.61765
14660000 6.61919
14670000 6.62902
14680000 6.64345
14690000 6.6305
14700000 6.68519
14710000 6.63173
14720000 6.6286
14730000 6.64607
14740000 6.64909
14750000 6.7807
14760000 6.65815
14770000 6.64036
14780000 6.64136
14790000 6.64272
14800000 6.64256
14810000 6.64394
14820000 6.64533
14830000 6.64392
14840000 6.64163
14850000 6.64023
14860000 6.64017
14870000 6.64129
14880000 6.64275
14890000 6.64597
14900000 6.99772
14910000 6.69573
14920000 6.73813
14930000 6.66415
14940000 6.6648
14950000 6.68452
14960000 6.66707
14970000 6.74739
14980000 6.77154
14990000 6.68081
15000000 6.68009
15010000 6.6815
15020000 6.67693
15030000 6.67795
15040000 6.67913
15050000 6.68039
15060000 6.68128
15070000 6.68257
15080000 6.68353
15090000 6.68438
15100000 6.68594
15110000 6.68782
15120000 6.74494
15130000 6.70193
15140000 6.77864
15150000 6.71223
15160000 6.69515
15170000 6.69749
15180000 6.71545
15190000 6.70534
15200000 6.7244
15210000 6.70742
15220000 6.70795
15230000 6.70911
15240000 6.70922
15250000 6.71026
15260000 6.71165
15270000 6.71251
15280000 6.7088
15290000 6.70669
15300000 6.70688
15310000 6.70771
15320000 6.70901
15330000 6.71248
15340000 7.06066
15350000 6.83453
15360000 6.80348
15370000 6.73521
15380000 6.73079
15390000 6.73264
15400000 6.73528
15410000 6.7305
15420000 7.06665
15430000 6.75903
15440000 6.74594
15450000 6.74701
15460000 6.74533
15470000 6.74384
15480000 6.74494
15490000 6.74621
15500000 6.74708
15510000 6.74846
15520000 6.74927
15530000 6.75013
15540000 6.75164
15550000 6.75349
15560000 6.75804
15570000 6.76745
15580000 6.76034
15590000 6.77766
15600000 6.76178
15610000 6.76303
15620000 6.82509
15630000 6.77079
15640000 6.81413
15650000 6.77284
15660000 6.77381
15670000 6.77456
15680000 6.77461
15690000 6.77566
15700000 6.77704
15710000 6.77828
15720000 6.77577
15730000 6.77223
15740000 6.77299
15750000 6.77316
15760000 6.77432
15770000 6.77552
15780000 6.77799
15790000 6.89862
15800000 6.81733
15810000 6.82673
15820000 6.7964
15830000 6.79859
15840000 6.80028
15850000 6.79632
15860000 7.12863
15870000 6.8523
15880000 6.81224
15890000 6.81187
15900000 6.81299
15910000 6.80849
15920000 6.8101
15930000 6.81115
15940000 6.81201
15950000 6.81326
15960000 6.81419
15970000 6.81489
15980000 6.81641
15990000 6.81756
16000000 6.82271
16010000 6.84126
16020000 6.82498
16030000 6.88177
16040000 6.82638
16050000 6.82677
16060000 6.84372
16070000 6.83733
16080000 6.97444
16090000 6.84514
16100000 6.83826
16110000 6.83901
16120000 6.84013
16130000 6.84006
16140000 6.84147
16150000 6.84273
16160000 6.84016
16170000 6.83667
16180000 6.83738
16190000 6.83743
16200000 6.83881
16210000 6.83998
16220000 6.84326
16230000 6.99516
16240000 6.89154
16250000 6.89057
16260000 6.86082
16270000 6.86267
16280000 6.88055
16290000 6.86042
16300000 6.94157
16310000 6.91588
16320000 6.87684
16330000 6.8759
16340000 6.87691
16350000 6.87245
16360000 6.874
16370000 6.87507
16380000 6.87622
16390000 6.87717
16400000 6.8784
16410000 6.87907
16420000 6.8801
16430000 6.88134
16440000 6.89099
16450000 6.90484
16460000 6.89235
16470000 6.94492
16480000 6.89348
16490000 6.89043
16500000 6.90721
16510000 6.91009
16520000 7.03679
16530000 6.91874
16540000 6.90161
16550000 6.90254
16560000 6.90382
16570000 6.90363
16580000 6.90494
16590000 6.90625
16600000 6.90486
16610000 6.90261
16620000 6.90124
16630000 6.90115
16640000 6.90223
16650000 6.90357
16660000 6.90664
16670000 7.24571
16680000 6.95448
16690000 6.99528
16700000 6.92402
16710000 6.92462
16720000 6.94357
16730000 6.92674
16740000 7.00404
16750000 7.0273
16760000 6.93989
16770000 6.93916
16780000 6.94049
16790000 6.93607
16800000 6.93702
16810000 6.93812
16820000 6.93931
16830000 6.94014
16840000 6.94135
16850000 6.94223
16860000 6.94303
16870000 6.94449
16880000 6.94628
16890000 7.00126
16900000 6.9598
16910000 7.03367
16920000 6.96967
16930000 6.95319
16940000 6.95542
16950000 6.97268
16960000 6.96292
16970000 6.98125
16980000 6.96487
16990000 6.96535
17000000 6.96644
17010000 6.96652
17020000 6.9675
17030000 6.9688
17040000 6.96961
17050000 6.96598
17060000 6.96394
17070000 6.96408
17080000 6.96485
17090000 6.96609
17100000 6.96939
17110000 7.30531
17120000 7.08695
17130000 7.05699
17140000 6.99116
17150000 6.98691
17160000 6.98863
17170000 6.99117
17180000 6.98652
17190000 7.31089
17200000 7.01395
17210000 7.00131
17220000 7.00231
17230000 7.00066
17240000 6.9992
17250000 7.00024
17260000 7.00143
17270000 7.00224
17280000 7.00354
17290000 7.00429
17300000 7.00509
17310000 7.00651
17320000 7.00826
17330000 7.01263
17340000 7.02167
17350000 7.01478
17360000 7.03145
17370000 7.01611
17380000 7.01729
17390000 7.07709
17400000 7.02472
17410000 7.06647
17420000 7.02664
17430000 7.02755
17440000 7.02824
17450000 7.02826
17460000 7.02924
17470000 7.03055
17480000 7.03172
17490000 7.02926
17500000 7.02571
17510000 7.02652
17520000 7.02666
17530000 7.02774
17540000 7.02885
17550000 7.03123
17560000 7.14756
17570000 7.0691
17580000 7.07814
17590000 7.04886
17600000 7.05095
17610000 7.05255
17620000 7.04871
17630000 7.36962
17640000 7.10264
17650000 7.06398
17660000 7.06359
17670000 7.06465
17680000 7.06028
17690000 7.06179
17700000 7.06279
17710000 7.06359
17720000 7.06477
17730000 7.06563
17740000 7.06628
17750000 7.06768
17760000 7.06879
17770000 7.07373
17780000 7.0916
17790000 7.07587
17800000 7.13064
17810000 7.07716
17820000 7.07751
17830000 7.14618
17840000 7.08765
17850000 7.21998
17860000 7.09512
17870000 7.08846
17880000 7.08916
17890000 7.09022
17900000 7.09012
17910000 7.09145
17920000 7.09265
17930000 7.09012
17940000 7.08673
17950000 7.08739
17960000 7.08747
17970000 7.08871
17980000 7.08981
17990000 7.09295
18000000 7.23958
18010000 7.13947
18020000 7.13852
18030000 7.10978
18040000 7.11154
18050000 7.12877
18060000 7.10931
18070000 7.18763
18080000 7.1628
18090000 7.12508
18100000 7.12415
18110000 7.12509
18120000 7.12076
18130000 7.12223
18140000 7.12324
18150000 7.12432
18160000 7.12521
18170000 7.12637
18180000 7.12698
18190000 7.12795
18200000 7.12912
18210000 7.1384
18220000 7.15175
18230000 7.13966
18240000 7.19041
18250000 7.1407
18260000 7.13772
18270000 7.1539
18280000 7.15666
18290000 7.27904
18300000 7.16497
18310000 7.14839
18320000 7.14926
18330000 7.15047
18340000 7.15027
18350000 7.1515
18360000 7.15274
18370000 7.15137
18380000 7.14916
18390000 7.14782
18400000 7.14771
18410000 7.14873
18420000 7.14999
18430000 7.15292
18440000 7.48081
18450000 7.19907
18460000 7.23847
18470000 7.1696
18480000 7.17015
18490000 7.18843
18500000 7.17215
18510000 7.24679
18520000 7.26926
18530000 7.18476
18540000 7.18404
18550000 7.18529
18560000 7.18099
18570000 7.18189
18580000 7.18293
18590000 7.18405
18600000 7.18482
18610000 7.18596
18620000 7.18679
18630000 7.18753
18640000 7.18892
18650000 7.19061
18660000 7.24372
18670000 7.20352
18680000 7.27499
18690000 7.21312
18700000 7.19716
18710000 7.19929
18720000 7.21594
18730000 7.20648
18740000 7.22417
18750000 7.20832
18760000 7.20875
18770000 7.20978
18780000 7.20985
18790000 7.21075
18800000 7.21198
18810000 7.21274
18820000 7.2092
18830000 7.2072
18840000 7.20732
18850000 7.20803
18860000 7.20919
18870000 7.21236
18880000 7.53743
18890000 7.32597
18900000 7.29697
18910000 7.2333
18920000 7.22917
18930000 7.2308
18940000 7.23324
18950000 7.22871
18960000 7.54265
18970000 7.25518
18980000 7.24293
18990000 7.24387
19000000 7.24225
19010000 7.2408
19020000 7.24178
19030000 7.24291
19040000 7.24366
19050000 7.2449
19060000 7.2456
19070000 7.24634
19080000 7.24768
19090000 7.24935
19100000 7.25355
19110000 7.26226
19120000 7.25558
19130000 7.27167
19140000 7.25681
19150000 7.25793
19160000 7.31574
19170000 7.26506
19180000 7.30541
19190000 7.26687
19200000 7.26772
19210000 7.26837
19220000 7.26836
19230000 7.26929
19240000 7.27052
19250000 7.27164
19260000 7.26921
19270000 7.26572
19280000 7.26652
19290000 7.26663
19300000 7.26765
19310000 7.27084
19320000 7.27096
19330000 7.38349
19340000 7.30754
19350000 7.31627
19360000 7.28792
19370000 7.28991
19380000 7.29143
19390000 7.28769
19400000 7.59849
19410000 7.33982
19420000 7.30239
19430000 7.30199
19440000 7.30298
19450000 7.29873
19460000 7.30016
19470000 7.30111
19480000 7.30186
19490000 7.30297
19500000 7.30378
19510000 7.30438
19520000 7.3057
19530000 7.30676
19540000 7.31151
19550000 7.32878
19560000 7.31353
19570000 7.36651
19580000 7.31473
19590000 7.31504
19600000 7.37317
19610000 7.3248
19620000 7.45289
19630000 7.33199
19640000 7.32552
19650000 7.32617
19660000 7.32717
19670000 7.32704
19680000 7.32831
19690000 7.32945
19700000 7.32697
19710000 7.32366
19720000 7.32428
19730000 7.32437
19740000 7.3255
19750000 7.32654
19760000 7.32956
19770000 7.47151
19780000 7.37453
19790000 7.37358
19800000 7.34574
19810000 7.34741
19820000 7.36407
19830000 7.34521
19840000 7.42102
19850000 7.39695
19860000 7.3604
19870000 7.35947
19880000 7.36036
19890000 7.35614
19900000 7.35754
19910000 7.3585
19920000 7.35952
19930000 7.36035
19940000 7.36145
19950000 7.36202
19960000 7.36293
19970000 7.36403
19980000 7.373
19990000 7.38589
20000000 7.37417
20010000 7.42329
20020000 7.37512
20030000 7.37222
20040000 7.38786
20050000 7.3905
20060000 7.50905
20070000 7.3985
20080000 7.38243
20090000 7.38325
20100000 7.38439
20110000 7.38417
20120000 7.38534
20130000 7.38652
20140000 7.38517
20150000 7.38299
20160000 7.38167
20170000 7.38154
20180000 7.3825
20190000 7.38369
20200000 7.38651
20210000 7.70444
20220000 7.43116
20230000 7.46931
20240000 7.40256
20250000 7.40307
20260000 7.42074
20270000 7.40496
20280000 7.47725
20290000 7.49901
20300000 7.41711
20310000 7.41638
20320000 7.41757
20330000 7.41339
20340000 7.41422
20350000 7.41521
20360000 7.41627
20370000 7.417
20380000 7.41808
20390000 7.41885
20400000 7.41954
20410000 7.42086
20420000 7.4225
20430000 7.47391
20440000 7.4313
20450000 7.50418
20460000 7.44419
20470000 7.42871
20480000 7.43074
20490000 7.44685
20500000 7.43766
20510000 7.45478
20520000 7.43939
20530000 7.43979
20540000 7.44077
20550000 7.44086
20560000 7.44166
20570000 7.44283
20580000 7.44354
20590000 7.44007
20600000 7.43812
20610000 7.4382
20620000 7.43887
20630000 7.43998
20640000 7.44302
20650000 7.7584
20660000 7.55311
20670000 7.52496
20680000 7.46321
20690000 7.4592
20700000 7.46074
20710000 7.46307
20720000 7.45867
20730000 7.7633
20740000 7.48428
20750000 7.47238
20760000 7.47326
20770000 7.47167
20780000 7.47025
20790000 7.47118
20800000 7.47224
20810000 7.47295
20820000 7.47413
20830000 7.47478
20840000 7.47548
20850000 7.47675
20860000 7.47834
20870000 7.48239
20880000 7.49081
20890000 7.48431
20900000 7.49988
20910000 7.48546
20920000 7.48652
20930000 7.54255
20940000 7.49338
20950000 7.53249
20960000 7.49509
20970000 7.49589
20980000 7.4965
20990000 7.49647
21000000 7.49734
21010000 7.49852
21020000 7.49958
21030000 7.49719
21040000 7.49377
21050000 7.49454
21060000 7.49461
21070000 7.49558
21080000 7.49865
21090000 7.49875
21100000 7.60789
21110000 7.53417
21120000 7.53965
21130000 7.5151
21140000 7.517
21150000 7.51846
21160000 7.51481
21170000 7.81656
21180000 7.56533
21190000 7.52899
21200000 7.52858
21210000 7.52952
21220000 7.52537
21230000 7.52674
21240000 7.52763
21250000 7.52834
21260000 7.5294
21270000 7.53016
21280000 7.53071
21290000 7.53197
21300000 7.53297
21310000 7.53756
21320000 7.55429
21330000 7.53947
21340000 7.59085
21350000 7.54059
21360000 7.54087
21370000 7.59724
21380000 7.55029
21390000 7.67445
21400000 7.55722
21410000 7.55092
21420000 7.55153
21430000 7.55248
21440000 7.55233
21450000 7.55354
21460000 7.55462
21470000 7.55218
21480000 7.54895
21490000 7.54953
21500000 7.54958
21510000 7.55066
21520000 7.55165
21530000 7.55456
21540000 7.69233
21550000 7.59815
21560000 7.5972
21570000 7.57017
21580000 7.57177
21590000 7.58791
21600000 7.56958
21610000 7.64315
21620000 7.61975
21630000 7.58426
21640000 7.58333
21650000 7.58417
21660000 7.58005
21670000 7.58139
21680000 7.5823
21690000 7.58326
21700000 7.58405
21710000 7.5851
21720000 7.58562
21730000 7.58648
21740000 7.58752
21750000 7.59621
21760000 7.6087
21770000 7.5973
21780000 7.64498
21790000 7.59818
21800000 7.59535
21810000 7.6105
21820000 7.61304
21830000 7.72816
21840000 7.62076
21850000 7.60514
21860000 7.60591
21870000 7.607
21880000 7.60676
21890000 7.60788
21900000 7.60899
21910000 7.60766
21920000 7.60552
21930000 7.60422
21940000 7.60406
21950000 7.60498
21960000 7.60611
21970000 7.60883
21980000 7.9178
21990000 7.65213
22000000 7.68916
22010000 7.62432
22020000 7.62479
22030000 7.64193
22040000 7.62658
22050000 7.69677
22060000 7.71789
22070000 7.63831
22080000 7.63758
22090000 7.63871
22100000 7.63463
22110000 7.63542
22120000 7.63635
22130000 7.63736
22140000 7.63804
22150000 7.63907
22160000 7.63971
22170000 7.64045
22180000 7.6417
22190000 7.64322
22200000 7.69319
22210000 7.65117
22220000 7.72255
22230000 7.66427
22240000 7.64919
22250000 7.65114
22260000 7.66677
22270000 7.65782
22280000 7.67443
22290000 7.65946
22300000 7.65983
22310000 7.66075
22320000 7.66049
22330000 7.66158
22340000 7.6627
22350000 7.66337
22360000 7.65996
22370000 7.65805
22380000 7.65811
22390000 7.65873
22400000 7.65978
22410000 7.66271
22420000 7.96938
22430000 7.76965
22440000 7.74226
22450000 7.68224
22460000 7.67834
22470000 7.6798
22480000 7.68204
22490000 7.67774
22500000 7.97398
22510000 7.70258
22520000 7.69099
22530000 7.69183
22540000 7.69027
22550000 7.68886
22560000 7.68974
22570000 7.69075
22580000 7.69142
22590000 7.69254
22600000 7.69316
22610000 7.6938
22620000 7.69502
22630000 7.69654
22640000 7.70045
22650000 7.70862
22660000 7.70228
22670000 7.71739
22680000 7.70335
22690000 7.70436
22700000 7.7588
22710000 7.71099
22720000 7.74897
22730000 7.71261
22740000 7.71337
22750000 7.71394
22760000 7.71388
22770000 7.71471
22780000 7.71583
22790000 7.71684
22800000 7.7145
22810000 7.71115
22820000 7.71187
22830000 7.71192
22840000 7.71284
22850000 7.71579
22860000 7.71588
22870000 7.82196
22880000 7.75026
22890000 7.73515
22900000 7.73168
22910000 7.73352
22920000 7.7349
22930000 7.73133
22940000 8.02493
22950000 7.78041
22960000 7.74506
22970000 7.74464
22980000 7.74552
22990000 7.74148
23000000 7.74278
23010000 7.74363
23020000 7.7443
23030000 7.74531
23040000 7.74602
23050000 7.74654
23060000 7.74774
23070000 7.74868
23080000 7.75313
23090000 7.76937
23100000 7.75494
23110000 7.80488
23120000 7.75599
23130000 7.75624
23140000 7.81107
23150000 7.76536
23160000 7.80134
23170000 7.77205
23180000 7.76591
23190000 7.76648
23200000 7.76738
23210000 7.76722
23220000 7.76837
23230000 7.7694
23240000 7.767
23250000 7.76384
23260000 7.76438
23270000 7.76441
23280000 7.76544
23290000 7.76638
23300000 7.76919
23310000 7.9032
23320000 7.81151
23330000 7.8106
23340000 7.78428
23350000 7.78582
23360000 7.80149
23370000 7.78365
23380000 7.85519
23390000 7.83241
23400000 7.79786
23410000 7.79694
23420000 7.79773
23430000 7.79371
23440000 7.79499
23450000 7.79585
23460000 7.79677
23470000 7.79752
23480000 7.79851
23490000 7.79899
23500000 7.79981
23510000 7.80081
23520000 7.80923
23530000 7.82136
23540000 7.81025
23550000 7.85661
23560000 7.81106
23570000 7.80829
23580000 7.823
23590000 7.82545
23600000 7.93747
23610000 7.83293
23620000 7.81771
23630000 7.81844
23640000 7.81949
23650000 7.81923
23660000 7.8203
23670000 7.82135
23680000 7.82004
23690000 7.81793
23700000 7.81665
23710000 7.81648
23720000 7.81734
23730000 7.81842
23740000 7.82104
23750000 8.12193
23760000 7.86313
23770000 7.89916
23780000 7.83603
23790000 7.83647
23800000 7.85313
23810000 7.83817
23820000 7.90646
23830000 7.927
23840000 7.84952
23850000 7.8488
23860000 7.84988
23870000 7.84588
23880000 7.84662
23890000 7.84752
23900000 7.84848
23910000 7.84912
23920000 7.8501
23930000 7.85057
23940000 7.8514
23950000 7.8526
23960000 7.861
23970000 7.90267
23980000 7.86176
23990000 7.93122
24000000 7.87445
24010000 7.85976
24020000 7.86164
24030000 7.87683
24040000 7.8681
24050000 7.88425
24060000 7.86966
24070000 7.87
24080000 7.87088
24090000 7.87061
24100000 7.87164
24110000 7.87271
24120000 7.87335
24130000 7.86999
24140000 7.86812
24150000 7.86815
24160000 7.86874
24170000 7.86975
24180000 7.87257
24190000 8.17135
24200000 7.97665
24210000 7.94996
24220000 7.8915
24230000 7.88768
24240000 7.88909
24250000 7.89124
24260000 7.88704
24270000 8.1757
24280000 7.91119
24290000 7.89988
24300000 7.90068
24310000 7.89913
24320000 7.89775
24330000 7.89858
24340000 7.89955
24350000 7.90018
24360000 7.90125
24370000 7.90183
24380000 7.90243
24390000 7.9036
24400000 7.90506
24410000 7.90885
24420000 7.91678
24430000 7.91059
24440000 7.92528
24450000 7.91159
24460000 7.91256
24470000 7.96555
24480000 7.91896
24490000 7.95594
24500000 7.92051
24510000 7.92123
24520000 7.92176
24530000 7.92169
24540000 7.92248
24550000 7.92355
24560000 7.92451
24570000 7.9222
24580000 7.91893
24590000 7.9196
24600000 7.91963
24610000 7.92051
24620000 7.92336
24630000 7.92342
24640000 8.02675
24650000 7.95687
24660000 7.94212
24670000 7.93873
24680000 7.9405
24690000 7.94184
24700000 7.93834
24710000 8.22454
24720000 7.98611
24730000 7.95165
24740000 7.95122
24750000 7.95207
24760000 7.9481
24770000 7.94935
24780000 7.95016
24790000 7.95078
24800000 7.95175
24810000 7.95243
24820000 7.95291
24830000 7.95405
24840000 7.95496
24850000 7.95927
24860000 7.97507
24870000 7.961
24880000 8.00963
24890000 7.96198
24900000 7.9622
24910000 8.0156
24920000 7.97105
24930000 8.00607
24940000 7.97753
24950000 7.97152
24960000 7.97206
24970000 7.97292
24980000 7.97275
24990000 7.97385
25000000 7.97483
25010000 7.97247
25020000 7.96937
25030000 7.96988
25040000 7.96989
25050000 7.97087
25060000 7.97177
25070000 7.97449
25080000 8.10507
25090000 8.01569
25100000 8.01477
25110000 7.98911
25120000 7.99058
25130000 8.00584
25140000 7.98843
25150000 8.05814
25160000 8.03591
25170000 8.00223
25180000 8.00131
25190000 8.00206
25200000 7.99812
25210000 7.99934
25220000 8.00016
25230000 8.00104
25240000 8.00175
25250000 8.0027
25260000 8.00315
25270000 8.00392
25280000 8.00488
25290000 8.01307
25300000 8.02487
25310000 8.01402
25320000 8.05919
25330000 8.01478
25340000 8.01199
25350000 8.02638
25360000 8.02874
25370000 8.13795
25380000 8.036
25390000 8.02114
25400000 8.02184
25410000 8.02284
25420000 8.02257
25430000 8.02359
25440000 8.0246
25450000 8.0233
25460000 8.02121
25470000 8.01995
25480000 8.01976
25490000 8.02058
25500000 8.02162
25510000 8.02416
25520000 8.31768
25530000 8.06515
25540000 8.10026
25550000 8.03869
25560000 8.0391
25570000 8.05531
25580000 8.04072
25590000 8.10728
25600000 8.1273
25610000 8.05173
25620000 8.051
25630000 8.05203
25640000 8.04812
25650000 8.04883
25660000 8.04968
25670000 8.0506
25680000 8.0512
25690000 8.05214
25700000 8.05257
25710000 8.05336
25720000 8.05451
25730000 8.06247
25740000 8.1033
25750000 8.06336
25760000 8.13111
25770000 8.07571
25780000 8.06138
25790000 8.0632
25800000 8.07799
25810000 8.06946
25820000 8.08518
25830000 8.07094
25840000 8.07126
25850000 8.07209
25860000 8.07182
25870000 8.07284
25880000 8.07382
25890000 8.07443
25900000 8.07112
25910000 8.06929
25920000 8.0693
25930000 8.06985
25940000 8.07081
25950000 8.07355
25960000 8.36513
25970000 8.17503
25980000 8.14897
25990000 8.09193
26000000 8.08819
26010000 8.08954
26020000 8.09162
26030000 8.08751
26040000 8.36924
26050000 8.11102
26060000 8.09998
26070000 8.10074
26080000 8.09921
26090000 8.09784
26100000 8.09863
26110000 8.09956
26120000 8.10016
26130000 8.10118
26140000 8.10172
26150000 8.10229
26160000 8.10341
26170000 8.10482
26180000 8.10849
26190000 8.11621
26200000 8.11016
26210000 8.12447
26220000 8.1111
26230000 8.11202
26240000 8.1637
26250000 8.11823
26260000 8.15428
26270000 8.1197
26280000 8.12039
26290000 8.12089
26300000 8.1208
26310000 8.12155
26320000 8.12258
26330000 8.1235
26340000 8.12122
26350000 8.11802
26360000 8.11867
26370000 8.11866
26380000 8.1195
26390000 8.12225
26400000 8.1223
26410000 8.22311
26420000 8.1549
26430000 8.14051
26440000 8.13716
26450000 8.13888
26460000 8.14015
26470000 8.13673
26480000 8.41616
26490000 8.1833
26500000 8.14965
26510000 8.14921
26520000 8.15003
26530000 8.14614
26540000 8.14734
26550000 8.14811
26560000 8.1487
26570000 8.14963
26580000 8.15027
26590000 8.15072
26600000 8.15181
26610000 8.15268
26620000 8.15687
26630000 8.17227
26640000 8.15852
26650000 8.20597
26660000 8.15944
26670000 8.15964
26680000 8.21173
26690000 8.16823
26700000 8.20239
26710000 8.17453
26720000 8.16865
26730000 8.16916
26740000 8.16997
26750000 8.16979
26760000 8.17085
26770000 8.17178
26780000 8.16945
26790000 8.16641
26800000 8.16689
26810000 8.16689
26820000 8.16782
26830000 8.16868
26840000 8.17131
26850000 8.29878
26860000 8.2115
26870000 8.21057
26880000 8.18551
26890000 8.18693
26900000 8.2018
26910000 8.1848
26920000 8.25283
26930000 8.23111
26940000 8.19821
26950000 8.19729
26960000 8.19801
26970000 8.19414
26980000 8.19532
26990000 8.1961
27000000 8.19694
27010000 8.19762
27020000 8.19853
27030000 8.19895
27040000 8.19968
27050000 8.2006
27060000 8.20857
27070000 8.22008
27080000 8.20947
27090000 8.25355
27100000 8.21017
27110000 8.20747
27120000 8.22146
27130000 8.22375
27140000 8.33038
27150000 8.2308
27160000 8.21628
27170000 8.21694
27180000 8.2179
27190000 8.21761
27200000 8.21859
27210000 8.21956
27220000 8.21827
27230000 8.21621
27240000 8.21497
27250000 8.21476
27260000 8.21555
27270000 8.21654
27280000 8.219
27290000 8.50578
27300000 8.25898
27310000 8.29326
27320000 8.23312
27330000 8.2335
27340000 8.24932
27350000 8.23505
27360000 8.30003
27370000 8.31957
27380000 8.24574
27390000 8.24501
27400000 8.246
27410000 8.24217
27420000 8.24284
27430000 8.24365
27440000 8.24453
27450000 8.24511
27460000 8.246
27470000 8.24641
27480000 8.24716
27490000 8.24826
27500000 8.25598
27510000 8.29587
27520000 8.25685
27530000 8.323
27540000 8.26889
27550000 8.25487
27560000 8.25662
27570000 8.27105
27580000 8.2627
27590000 8.27804
27600000 8.26411
27610000 8.26441
27620000 8.26519
27630000 8.26491
27640000 8.2659
27650000 8.26684
27660000 8.26741
27670000 8.26416
27680000 8.26236
27690000 8.26235
27700000 8.26287
27710000 8.2638
27720000 8.26645
27730000 8.55143
27740000 8.36555
27750000 8.34007
27760000 8.28433
27770000 8.28066
27780000 8.28196
27790000 8.28395
27800000 8.27995
27810000 8.55533
27820000 8.30287
27830000 8.29207
27840000 8.29279
27850000 8.29128
27860000 8.28993
27870000 8.29068
27880000 8.29157
27890000 8.29214
27900000 8.29312
27910000 8.29363
27920000 8.29417
27930000 8.29524
27940000 8.29661
27950000 8.30017
27960000 8.3077
27970000 8.30176
27980000 8.31573
27990000 8.30265
28000000 8.30353
28010000 8.35401
28020000 8.30957
28030000 8.34478
28040000 8.31097
28050000 8.31162
28060000 8.3121
28070000 8.312
28080000 8.31271
28090000 8.3137
28100000 8.31459
28110000 8.31201
28120000 8.30918
28130000 8.30961
28140000 8.30978
28150000 8.31057
28160000 8.31325
28170000 8.31328
28180000 8.41178
28190000 8.34509
28200000 8.33102
28210000 8.32773
28220000 8.3294
28230000 8.33062
28240000 8.32725
28250000 8.60049
28260000 8.37273
28270000 8.33984
28280000 8.33939
28290000 8.34017
28300000 8.33635
28310000 8.33751
28320000 8.33824
28330000 8.3388
28340000 8.33969
28350000 8.3403
28360000 8.34072
28370000 8.34177
28380000 8.3426
28390000 8.34668
28400000 8.36171
28410000 8.34825
28420000 8.39461
28430000 8.34913
28440000 8.3493
28450000 8.40019
28460000 8.35766
28470000 8.39101
28480000 8.36378
28490000 8.35802
28500000 8.3585
28510000 8.35928
28520000 8.35908
28530000 8.3601
28540000 8.361
28550000 8.3587
28560000 8.35571
28570000 8.35616
28580000 8.35614
28590000 8.35703
28600000 8.35786
28610000 8.36042
28620000 8.48503
28630000 8.39967
28640000 8.39874
28650000 8.37423
28660000 8.3756
28670000 8.39012
28680000 8.37348
28690000 8.43997
28700000 8.41872
28710000 8.38654
28720000 8.38562
28730000 8.38631
28740000 8.38251
28750000 8.38364
28760000 8.38439
28770000 8.3852
28780000 8.38584
28790000 8.38672
28800000 8.3871
28810000 8.3878
28820000 8.38868
28830000 8.39646
28840000 8.40769
28850000 8.3973
28860000 8.4404
28870000 8.39795
28880000 8.3953
28890000 8.40896
28900000 8.41119
28910000 8.51546
28920000 8.41804
28930000 8.40383
28940000 8.40447
28950000 8.40538
28960000 8.40509
28970000 8.40602
28980000 8.40696
28990000 8.40568
29000000 8.40364
29010000 8.40241
29020000 8.4022
29030000 8.40295
29040000 8.4039
29050000 8.40628
29060000 8.68688
29070000 8.44535
29080000 8.47885
29090000 8.42002
29100000 8.42038
29110000 8.43583
29120000 8.42186
29130000 8.4854
29140000 8.50449
29150000 8.43226
29160000 8.43154
29170000 8.43249
29180000 8.42872
29190000 8.42936
29200000 8.43014
29210000 8.43098
29220000 8.43153
29230000 8.43239
29240000 8.43277
29250000 8.43348
29260000 8.43454
29270000 8.44207
29280000 8.48108
29290000 8.4429
29300000 8.50758
29310000 8.45463
29320000 8.44091
29330000 8.4426
29340000 8.4567
29350000 8.44852
29360000 8.46351
29370000 8.44987
29380000 8.45014
29390000 8.45089
29400000 8.45059
29410000 8.45154
29420000 8.45245
29430000 8.453
29440000 8.44979
29450000 8.44802
29460000 8.44799
29470000 8.44848
29480000 8.44937
29490000 8.45195
29500000 8.73086
29510000 8.54887
29520000 8.52391
29530000 8.46937
29540000 8.46576
29550000 8.46702
29560000 8.46842
29570000 8.46502
29580000 8.73453
29590000 8.48741
29600000 8.47683
29610000 8.47752
29620000 8.47603
29630000 8.47468
29640000 8.47541
29650000 8.47626
29660000 8.4768
29670000 8.47774
29680000 8.47823
29690000 8.47873
29700000 8.47976
29710000 8.48108
29720000 8.48454
29730000 8.49191
29740000 8.48608
29750000 8.49973
29760000 8.48692
29770000 8.48776
29780000 8.53714
29790000 8.49364
29800000 8.52807
29810000 8.49498
29820000 8.4956
29830000 8.49605
29840000 8.49593
29850000 8.49661
29860000 8.49756
29870000 8.49841
29880000 8.49488
29890000 8.4931
29900000 8.49325
29910000 8.49364
29920000 8.4944
29930000 8.49701
29940000 8.49702
29950000 8.59339
29960000 8.52811
29970000 8.51431
29980000 8.5111
29990000 8.51272
30000000 8.51389
