10000 169.866
20000 65.6771
30000 36.2731
40000 23.1276
50000 17.4735
60000 13.1741
70000 11.7969
80000 11.0397
90000 9.86758
100000 9.23903
110000 8.84452
120000 8.40731
130000 8.21927
140000 7.98841
150000 13.5791
160000 9.90777
170000 7.90338
180000 7.81988
190000 10.1173
200000 7.75619
210000 7.45575
220000 7.32337
230000 7.24165
240000 7.16404
250000 7.1202
260000 8.13354
270000 9.98808
280000 7.17615
290000 7.77005
300000 8.45546
310000 7.03463
320000 6.80232
330000 6.73276
340000 6.57019
350000 6.59654
360000 6.51668
370000 13.7035
380000 9.83084
390000 6.81618
400000 6.96041
410000 10.918
420000 6.95624
430000 6.64101
440000 6.54691
450000 6.48385
460000 6.4789
470000 6.45842
480000 7.86379
490000 8.93666
500000 6.56123
510000 7.18643
520000 8.01747
530000 6.55316
540000 6.32473
550000 6.26009
560000 6.08862
570000 6.04503
580000 6.06072
590000 15.0659
600000 9.66561
610000 6.58846
620000 6.63044
630000 12.951
640000 6.52037
650000 6.34273
660000 6.11051
670000 6.06727
680000 6.0757
690000 6.0868
700000 6.23876
710000 6.31535
720000 6.54289
730000 7.69049
740000 8.56628
750000 6.26367
760000 6.00087
770000 5.94085
780000 5.82985
790000 5.80526
800000 5.78846
810000 5.80248
820000 7.88892
830000 6.39731
840000 6.44226
850000 13.094
860000 6.50795
870000 6.21208
880000 5.95884
890000 5.90969
900000 5.92378
910000 5.89392
920000 6.10698
930000 6.17042
940000 6.33792
950000 6.54711
960000 9.82308
970000 6.10645
980000 5.96625
990000 5.81584
1000000 5.72702
1010000 5.65607
1020000 5.65455
1030000 5.64988
1040000 9.03438
1050000 6.58572
1060000 6.74352
1070000 7.05643
1080000 6.63633
1090000 5.98198
1100000 5.76478
1110000 5.71556
1120000 5.71743
1130000 5.6957
1140000 6.02933
1150000 6.27465
1160000 6.66766
1170000 6.5962
1180000 9.78135
1190000 5.96533
1200000 5.83845
1210000 5.65086
1220000 5.56121
1230000 5.49464
1240000 5.57621
1250000 5.52549
1260000 8.55597
1270000 6.48752
1280000 5.79199
1290000 5.89456
1300000 6.63928
1310000 5.94972
1320000 5.7292
1330000 5.68083
1340000 5.68566
1350000 5.65085
1360000 5.62498
1370000 6.50193
1380000 7.30017
1390000 5.76865
1400000 5.98799
1410000 6.10593
1420000 5.81057
1430000 5.61495
1440000 5.56314
1450000 5.37602
1460000 5.49566
1470000 5.55855
1480000 10.9841
1490000 7.09422
1500000 5.7169
1510000 5.80194
1520000 7.4337
1530000 5.87552
1540000 5.61605
1550000 5.54697
1560000 5.54764
1570000 5.51522
1580000 5.48945
1590000 6.40486
1600000 7.40401
1610000 5.65387
1620000 5.88176
1630000 6.03282
1640000 5.70615
1650000 5.4933
1660000 5.45591
1670000 5.30709
1680000 5.37535
1690000 5.34462
1700000 11.2935
1710000 8.1823
1720000 5.85854
1730000 5.83256
1740000 8.84563
1750000 5.87534
1760000 5.61785
1770000 5.54819
1780000 5.52457
1790000 5.51788
1800000 5.53756
1810000 6.81322
1820000 8.17519
1830000 5.58714
1840000 6.1729
1850000 6.56086
1860000 5.70949
1870000 5.49414
1880000 5.46907
1890000 5.29659
1900000 5.38636
1910000 5.30193
1920000 12.3719
1930000 8.21018
1940000 5.7781
1950000 5.77312
1960000 8.67274
1970000 5.82515
1980000 5.51346
1990000 5.4402
2000000 5.42375
2010000 5.40406
2020000 5.41562
2030000 6.71058
2040000 8.91597
2050000 5.66741
2060000 6.3982
2070000 7.28981
2080000 5.62042
2090000 5.40413
2100000 5.36757
2110000 5.23435
2120000 5.32797
2130000 5.25688
2140000 13.22
2150000 9.10454
2160000 5.70793
2170000 5.90977
2180000 10.2773
2190000 5.90408
2200000 5.53975
2210000 5.46523
2220000 5.42511
2230000 5.44964
2240000 5.4367
2250000 7.04226
2260000 8.24556
2270000 5.63249
2280000 6.34047
2290000 7.2787
2300000 5.65857
2310000 5.43864
2320000 5.38636
2330000 5.22546
2340000 5.21764
2350000 5.24563
2360000 14.8072
2370000 9.21697
2380000 5.87985
2390000 5.95517
2400000 12.6092
2410000 5.7988
2420000 5.59925
2430000 5.3609
2440000 5.33258
2450000 5.36233
2460000 5.36809
2470000 5.55764
2480000 5.64164
2490000 5.91849
2500000 7.16964
2510000 8.10754
2520000 5.62694
2530000 5.36011
2540000 5.31056
2550000 5.20188
2560000 5.22409
2570000 5.19796
2580000 5.21821
2590000 7.48364
2600000 5.87053
2610000 5.94974
2620000 12.8415
2630000 5.99618
2640000 5.65647
2650000 5.39407
2660000 5.35268
2670000 5.38441
2680000 5.36112
2690000 5.58362
2700000 5.66775
2710000 5.85596
2720000 6.07987
2730000 9.51634
2740000 5.6014
2750000 5.48264
2760000 5.33368
2770000 5.21643
2780000 5.21658
2790000 5.20765
2800000 5.19783
2810000 8.79009
2820000 6.19937
2830000 6.39861
2840000 6.67693
2850000 6.25389
2860000 5.5443
2870000 5.31474
2880000 5.27371
2890000 5.28947
2900000 5.26642
2910000 5.62292
2920000 5.89071
2930000 6.31282
2940000 6.23653
2950000 9.54628
2960000 5.57976
2970000 5.44862
2980000 5.25896
2990000 5.17369
3000000 5.13217
3010000 5.22035
3020000 5.16082
3030000 8.3467
3040000 6.17236
3050000 6.40332
3060000 5.56488
3070000 6.32238
3080000 5.59023
3090000 5.36104
3100000 5.31539
3110000 5.31829
3120000 5.29536
3130000 5.26583
3140000 6.19693
3150000 7.03021
3160000 5.43696
3170000 5.65986
3180000 5.79646
3190000 5.48361
3200000 5.28747
3210000 5.24104
3220000 5.06587
3230000 5.20439
3240000 5.26612
3250000 10.8684
3260000 6.87011
3270000 5.43799
3280000 5.52999
3290000 7.20183
3300000 5.57808
3310000 5.30897
3320000 5.24044
3330000 5.24554
3340000 5.21808
3350000 5.18968
3360000 6.13911
3370000 7.18351
3380000 5.37533
3390000 5.60958
3400000 5.78101
3410000 5.43175
3420000 5.21591
3430000 5.18091
3440000 5.04924
3450000 5.12333
3460000 5.08274
3470000 11.2295
3480000 8.02106
3490000 5.62745
3500000 5.60531
3510000 8.68131
3520000 5.62407
3530000 5.35071
3540000 5.28196
3550000 5.26312
3560000 5.26108
3570000 5.28234
3580000 6.60204
3590000 8.00395
3600000 5.34203
3610000 5.94597
3620000 6.3581
3630000 5.46808
3640000 5.25338
3650000 5.23213
3660000 5.0676
3670000 5.16933
3680000 5.07791
3690000 12.3032
3700000 8.08143
3710000 5.58029
3720000 5.58464
3730000 8.52789
3740000 5.6032
3750000 5.26818
3760000 5.20752
3770000 5.19587
3780000 5.18067
3790000 5.19187
3800000 6.52935
3810000 8.32492
3820000 5.45994
3830000 6.2063
3840000 7.13049
3850000 5.40875
3860000 5.19232
3870000 5.15876
3880000 5.03086
3890000 5.14164
3900000 5.05994
3910000 13.1698
3920000 9.00883
3930000 5.53132
3940000 5.74776
3950000 10.1676
3960000 5.70967
3970000 5.32857
3980000 5.25985
3990000 5.22599
4000000 5.25124
4010000 5.23304
4020000 6.88211
4030000 8.11292
4040000 5.44627
4050000 6.17247
4060000 7.12272
4070000 5.46651
4080000 5.2535
4090000 5.19606
4100000 5.04204
4110000 5.04825
4120000 5.07909
4130000 14.7773
4140000 9.1339
4150000 5.7313
4160000 5.81521
4170000 12.5298
4180000 5.62957
4190000 5.41669
4200000 5.1767
4210000 5.15172
4220000 5.18712
4230000 5.18533
4240000 5.38874
4250000 5.47395
4260000 5.7634
4270000 7.03895
4280000 7.98929
4290000 5.45977
4300000 5.18968
4310000 5.143
4320000 5.03512
4330000 5.08102
4340000 5.04593
4350000 5.06719
4360000 7.38294
4370000 5.73377
4380000 5.823
4390000 12.7689
4400000 5.84723
4410000 5.49271
4420000 5.2256
4430000 5.1867
4440000 5.22515
4450000 5.21799
4460000 5.42831
4470000 5.51713
4480000 5.7121
4490000 5.93496
4500000 9.41918
4510000 5.44743
4520000 5.33143
4530000 5.18129
4540000 5.06562
4550000 5.08967
4560000 5.07465
4570000 5.06208
4580000 8.72297
4590000 6.08499
4600000 6.29902
4610000 6.55206
4620000 6.12743
4630000 5.39563
4640000 5.1559
4650000 5.12231
4660000 5.14608
4670000 5.11983
4680000 5.48545
4690000 5.75819
4700000 6.19109
4710000 6.11268
4720000 9.46158
4730000 5.44539
4740000 5.31142
4750000 5.11981
4760000 5.03417
4770000 5.0113
4780000 5.05175
4790000 5.03379
4800000 8.2784
4810000 6.06939
4820000 6.31633
4830000 5.45793
4840000 6.20699
4850000 5.45355
4860000 5.21929
4870000 5.17596
4880000 5.18505
4890000 5.16203
4900000 5.12947
4910000 6.08159
4920000 6.92534
4930000 5.30735
4940000 5.53267
4950000 5.67446
4960000 5.35642
4970000 5.15991
4980000 5.11516
4990000 4.94941
5000000 5.09662
5010000 5.15684
5020000 10.8281
5030000 6.78957
5040000 5.33223
5050000 5.4305
5060000 7.10571
5070000 5.45464
5080000 5.18207
5090000 5.11277
5100000 5.12186
5110000 5.09433
5120000 5.06522
5130000 6.02767
5140000 7.09251
5150000 5.25433
5160000 5.49159
5170000 5.669
5180000 5.31538
5190000 5.09769
5200000 5.06413
5210000 4.93955
5220000 5.01776
5230000 4.97501
5240000 10.1284
5250000 7.95785
5260000 5.53144
5270000 5.51439
5280000 8.60365
5290000 5.50528
5300000 5.23043
5310000 5.16219
5320000 5.14626
5330000 5.14569
5340000 5.16959
5350000 6.50797
5360000 7.92859
5370000 5.23225
5380000 5.84243
5390000 6.26552
5400000 5.35627
5410000 5.14374
5420000 5.12592
5430000 4.96109
5440000 5.07334
5450000 4.97879
5460000 12.2768
5470000 8.03255
5480000 5.49355
5490000 5.50413
5500000 8.45714
5510000 5.4968
5520000 5.16651
5530000 5.09661
5540000 5.08874
5550000 5.07365
5560000 5.08249
5570000 6.44695
5580000 8.23441
5590000 5.36105
5600000 6.11587
5610000 7.05169
5620000 5.30621
5630000 5.09109
5640000 5.06144
5650000 4.93967
5660000 5.055
5670000 4.96775
5680000 13.1514
5690000 8.96914
5700000 5.44679
5710000 5.67318
5720000 10.112
5730000 5.61208
5740000 5.22392
5750000 5.15733
5760000 5.12732
5770000 5.15265
5780000 5.13236
5790000 6.8029
5800000 8.04668
5810000 5.35346
5820000 6.08719
5830000 7.04749
5840000 5.37007
5850000 5.1568
5860000 5.10303
5870000 4.9509
5880000 4.96654
5890000 4.97255
5900000 14.7661
5910000 9.09797
5920000 5.40014
5930000 5.74423
5940000 12.4873
5950000 5.53951
5960000 5.31646
5970000 5.08069
5980000 5.05794
5990000 5.09587
6000000 5.08969
6010000 5.30247
6020000 5.38785
6030000 5.68087
6040000 6.96941
6050000 7.92383
6060000 5.37485
6070000 5.09836
6080000 5.05401
6090000 4.94799
6100000 5.00926
6110000 4.96812
6120000 4.99005
6130000 7.33091
6140000 5.66368
6150000 5.75846
6160000 12.727
6170000 5.76546
6180000 5.40462
6190000 5.13496
6200000 5.09705
6210000 5.13924
6220000 5.12927
6230000 5.34564
6240000 5.43645
6250000 5.63721
6260000 5.85702
6270000 9.35935
6280000 5.36834
6290000 5.24763
6300000 5.09732
6310000 4.98264
6320000 5.02126
6330000 5.00421
6340000 4.989
6350000 8.68792
6360000 6.02461
6370000 6.24841
6380000 6.48233
6390000 6.05363
6400000 5.31171
6410000 5.06799
6420000 5.03692
6430000 5.06448
6440000 5.03686
6450000 5.40961
6460000 5.68331
6470000 6.123
6480000 6.04339
6490000 9.41358
6500000 5.36876
6510000 5.23302
6520000 5.04074
6530000 4.95536
6540000 4.94587
6550000 4.99756
6560000 4.96388
6570000 8.24115
6580000 6.01157
6590000 6.26888
6600000 7.2786
6610000 6.14036
6620000 5.37455
6630000 5.13645
6640000 5.09527
6650000 5.10733
6660000 5.08316
6670000 5.05359
6680000 6.01123
6690000 6.86647
6700000 5.2311
6710000 5.45855
6720000 5.60509
6730000 5.28045
6740000 5.08526
6750000 5.04033
6760000 4.88376
6770000 5.03702
6780000 5.0949
6790000 10.8052
6800000 6.74484
6810000 5.27214
6820000 5.37368
6830000 7.04828
6840000 5.38133
6850000 5.10434
6860000 5.03189
6870000 5.04751
6880000 5.02061
6890000 4.99181
6900000 5.9624
6910000 7.03797
6920000 5.18744
6930000 5.42146
6940000 5.59759
6950000 5.24511
6960000 5.02424
6970000 4.99396
6980000 4.87725
6990000 4.95757
7000000 4.90088
7010000 10.0997
7020000 7.92492
7030000 5.47396
7040000 5.46165
7050000 8.55508
7060000 5.43251
7070000 5.15677
7080000 5.09048
7090000 5.06954
7100000 5.07601
7110000 5.1008
7120000 6.45038
7130000 7.882
7140000 5.16525
7150000 5.77865
7160000 6.20678
7170000 5.28867
7180000 5.076
7190000 5.06041
7200000 4.89819
7210000 4.98805
7220000 4.91857
7230000 12.2618
7240000 8.00252
7250000 5.44116
7260000 5.45702
7270000 8.41116
7280000 5.42945
7290000 5.08988
7300000 5.02829
7310000 5.02148
7320000 5.00924
7330000 5.02894
7340000 6.39213
7350000 8.19579
7360000 5.29853
7370000 6.05775
7380000 7.00118
7390000 5.24572
7400000 5.02689
7410000 5.00084
7420000 4.88584
7430000 5.00328
7440000 4.91149
7450000 13.1418
7460000 8.94427
7470000 5.39465
7480000 5.62694
7490000 10.0762
7500000 5.5499
7510000 5.15719
7520000 5.0917
7530000 5.06341
7540000 5.08996
7550000 5.06893
7560000 6.7524
7570000 8.00389
7580000 5.29474
7590000 6.03203
7600000 6.99843
7610000 5.30863
7620000 5.09475
7630000 5.03863
7640000 4.89159
7650000 4.91625
7660000 4.9171
7670000 14.7634
7680000 9.07484
7690000 5.34593
7700000 5.70342
7710000 12.4562
7720000 5.47943
7730000 5.25413
7740000 5.01867
7750000 4.99772
7760000 5.03687
7770000 5.02813
7780000 5.24978
7790000 5.33099
7800000 5.62947
7810000 6.92401
7820000 7.88181
7830000 5.31894
7840000 5.03926
7850000 4.99497
7860000 4.88972
7870000 4.96339
7880000 4.91857
7890000 4.94086
7900000 7.29762
7910000 5.61906
7920000 5.71808
7930000 12.6982
7940000 5.71029
7950000 5.34759
7960000 5.07619
7970000 5.03681
7980000 5.08238
7990000 5.07243
8000000 5.29122
8010000 5.38359
8020000 5.58724
8030000 7.11486
8040000 9.3234
8050000 5.31284
8060000 5.19194
8070000 5.04171
8080000 4.92856
8090000 4.97965
8100000 4.95823
8110000 4.94181
8120000 8.66493
8130000 5.9854
8140000 6.21652
8150000 6.43542
8160000 6.00569
8170000 5.25507
8180000 5.00883
8190000 4.97893
8200000 5.00938
8210000 4.98137
8220000 5.35891
8230000 5.63293
8240000 6.07675
8250000 5.99632
8260000 9.38149
8270000 5.31603
8280000 5.17958
8290000 4.98724
8300000 4.90266
8310000 4.90319
8320000 4.94693
8330000 4.91768
8340000 8.21712
8350000 5.97411
8360000 6.23739
8370000 7.21511
8380000 6.09132
8390000 5.32066
8400000 5.07809
8410000 5.04037
8420000 5.05358
8430000 5.02824
8440000 4.99198
8450000 5.94622
8460000 6.82272
8470000 5.1805
8480000 5.40673
8490000 5.55605
8500000 5.22845
8510000 5.03436
8520000 4.98956
8530000 4.84059
8540000 4.99716
8550000 5.05238
8560000 10.7898
8570000 6.71485
8580000 5.23079
8590000 5.33561
8600000 7.00619
8610000 5.32976
8620000 5.05262
8630000 4.97755
8640000 4.99726
8650000 4.97044
8660000 4.93994
8670000 5.91793
8680000 6.99988
8690000 5.13871
8700000 5.37554
8710000 5.54469
8720000 5.19651
8730000 4.97455
8740000 4.94604
8750000 4.84884
8760000 4.91688
8770000 5.03304
8780000 10.0822
8790000 7.91274
8800000 5.43522
8810000 5.42447
8820000 8.51851
8830000 5.38098
8840000 5.10593
8850000 5.0384
8860000 5.01803
8870000 5.02655
8880000 5.05297
8890000 6.40918
8900000 7.84749
8910000 5.11787
8920000 5.73342
8930000 6.1638
8940000 5.24089
8950000 5.02859
8960000 5.01462
8970000 4.8564
8980000 4.9441
8990000 4.87715
9000000 12.2517
9010000 7.98145
9020000 5.40358
9030000 5.42495
9040000 8.37736
9050000 5.38094
9060000 5.03647
9070000 4.98069
9080000 4.97367
9090000 4.9621
9100000 4.98665
9110000 6.35352
9120000 8.16354
9130000 5.25475
9140000 6.01577
9150000 6.9642
9160000 5.19912
9170000 4.98116
9180000 4.95206
9190000 4.84531
9200000 4.96582
9210000 4.87217
9220000 13.1357
9230000 8.9278
9240000 5.35868
9250000 5.59527
9260000 10.0492
9270000 5.50339
9280000 5.10909
9290000 5.04466
9300000 5.01767
9310000 5.04687
9320000 5.02406
9330000 6.71613
9340000 7.97278
9350000 5.25219
9360000 5.99309
9370000 6.96117
9380000 5.26301
9390000 5.053
9400000 4.99478
9410000 4.84972
9420000 4.8808
9430000 4.88367
9440000 14.7602
9450000 9.05841
9460000 5.3107
9470000 5.67519
9480000 12.435
9490000 5.43493
9500000 5.20792
9510000 4.97364
9520000 4.95372
9530000 4.99425
9540000 4.98173
9550000 5.20929
9560000 5.28926
9570000 5.59384
9580000 6.89133
9590000 7.85018
9600000 5.27564
9610000 4.99605
9620000 4.95376
9630000 4.84938
9640000 4.93176
9650000 4.88264
9660000 4.9058
9670000 7.27369
9680000 5.58696
9690000 5.68906
9700000 12.6762
9710000 5.66953
9720000 5.30218
9730000 5.02948
9740000 4.99321
9750000 5.04102
9760000 5.0296
9770000 5.25147
9780000 5.34437
9790000 5.55055
9800000 6.81886
9810000 9.28264
9820000 5.27167
9830000 5.15096
9840000 5.00066
9850000 4.88925
9860000 4.95165
9870000 4.92519
9880000 4.90978
9890000 8.6489
9900000 5.95735
9910000 6.19364
9920000 6.39997
9930000 5.9698
9940000 5.21286
9950000 4.96538
9960000 4.93704
9970000 4.96959
9980000 4.9416
9990000 5.32173
10000000 5.59668
10010000 6.04271
10020000 5.96163
10030000 9.35454
10040000 5.27671
10050000 5.14019
10060000 4.94689
10070000 4.86387
10080000 4.87286
10090000 4.91319
10100000 4.88361
10110000 8.19963
10120000 5.94804
10130000 6.21432
10140000 7.1802
10150000 6.05479
10160000 5.27838
10170000 5.03407
10180000 4.99985
10190000 5.01466
10200000 4.98847
10210000 4.94785
10220000 5.65011
10230000 6.79043
10240000 5.14351
10250000 5.36778
10260000 5.51859
10270000 5.18953
10280000 4.99588
10290000 4.95189
10300000 4.81003
10310000 4.9681
10320000 5.02153
10330000 10.7779
10340000 6.69453
10350000 5.20057
10360000 5.30884
10370000 6.97578
10380000 5.28667
10390000 5.01477
10400000 4.93794
10410000 4.95867
10420000 4.93229
10430000 4.90205
10440000 5.88325
10450000 6.97135
10460000 5.10199
10470000 5.33386
10480000 5.50544
10490000 5.16061
10500000 4.93716
10510000 4.91025
10520000 4.81313
10530000 4.88735
10540000 4.99959
10550000 10.0686
10560000 6.67409
10570000 5.40942
10580000 5.39722
10590000 8.49271
10600000 5.3425
10610000 5.06757
10620000 4.99847
10630000 4.97899
10640000 4.99041
10650000 5.01671
10660000 6.37837
10670000 7.82308
10680000 5.0818
10690000 5.69961
10700000 6.13171
10710000 5.2051
10720000 4.99153
10730000 4.97894
10740000 4.82365
10750000 4.91365
10760000 4.84688
10770000 12.2444
10780000 7.96442
10790000 5.37623
10800000 5.40205
10810000 8.35108
10820000 5.34373
10830000 4.99833
10840000 4.94388
10850000 4.93712
10860000 4.92891
10870000 4.95304
10880000 6.32572
10890000 8.14336
10900000 5.2285
10910000 5.98194
10920000 6.93623
10930000 5.1654
10940000 4.94602
10950000 4.91531
10960000 4.81254
10970000 4.93524
10980000 4.84251
10990000 13.1315
11000000 8.91505
11010000 5.33023
11020000 5.57342
11030000 10.0258
11040000 5.46754
11050000 5.07389
11060000 5.00842
11070000 4.98248
11080000 4.97866
11090000 4.98977
11100000 6.6883
11110000 7.94848
11120000 5.22052
11130000 5.96263
11140000 6.93539
11150000 5.22521
11160000 4.9949
11170000 4.9612
11180000 4.81877
11190000 4.85463
11200000 4.85459
11210000 14.7579
11220000 9.04728
11230000 5.28563
11240000 5.65024
11250000 12.433
11260000 5.40039
11270000 5.16673
11280000 4.93926
11290000 4.92035
11300000 4.96144
11310000 4.94692
11320000 5.17832
11330000 5.25762
11340000 5.56615
11350000 6.86742
11360000 7.82551
11370000 5.23631
11380000 4.96232
11390000 4.92337
11400000 4.82055
11410000 4.90878
11420000 4.85457
11430000 4.87956
11440000 7.25526
11450000 5.56266
11460000 5.66611
11470000 12.6586
11480000 5.63763
11490000 5.26717
11500000 4.99796
11510000 4.95861
11520000 5.01002
11530000 4.99689
11540000 5.2209
11550000 5.31347
11560000 5.52142
11570000 6.79554
11580000 7.83634
11590000 5.23858
11600000 5.11923
11610000 4.96798
11620000 4.8596
11630000 4.92743
11640000 4.89964
11650000 4.88595
11660000 8.63516
11670000 5.93618
11680000 6.17542
11690000 6.37316
11700000 5.94049
11710000 5.18014
11720000 4.93176
11730000 4.90379
11740000 4.93838
11750000 4.90987
11760000 5.29281
11770000 5.56959
11780000 6.01675
11790000 5.93454
11800000 9.33449
11810000 5.24601
11820000 5.11002
11830000 4.9167
11840000 4.83341
11850000 4.8514
11860000 4.88654
11870000 4.85765
11880000 8.18596
11890000 5.92841
11900000 6.19589
11910000 7.16267
11920000 6.02655
11930000 5.24483
11940000 4.99978
11950000 4.96728
11960000 4.98521
11970000 4.95756
11980000 5.33986
11990000 5.61393
12000000 6.76312
12010000 5.11587
12020000 5.33761
12030000 5.48885
12040000 5.15967
12050000 4.96789
12060000 4.92242
12070000 4.78543
12080000 4.94567
12090000 4.9975
12100000 10.7691
12110000 6.67815
12120000 5.17662
12130000 5.28876
12140000 6.94979
12150000 5.25097
12160000 4.98469
12170000 4.90695
12180000 4.92693
12190000 4.90267
12200000 4.87133
12210000 5.8568
12220000 6.94866
12230000 5.07383
12240000 5.30228
12250000 5.47566
12260000 5.13183
12270000 4.90751
12280000 4.88111
12290000 4.78954
12300000 4.86361
12310000 4.97768
12320000 10.0632
12330000 6.6585
12340000 5.38494
12350000 5.37856
12360000 8.47349
12370000 5.31145
12380000 5.03578
12390000 4.96796
12400000 4.94852
12410000 4.96004
12420000 4.98758
12430000 6.35374
12440000 7.80452
12450000 5.05321
12460000 5.67234
12470000 6.10634
12480000 5.17804
12490000 4.96221
12500000 4.95093
12510000 4.79524
12520000 4.8846
12530000 4.82156
12540000 12.2387
12550000 7.9535
12560000 5.35276
12570000 5.38296
12580000 8.33024
12590000 5.31415
12600000 4.96944
12610000 4.91416
12620000 4.90746
12630000 4.89814
12640000 4.92503
12650000 6.30214
12660000 8.12404
12670000 5.0115
12680000 5.95638
12690000 6.91313
12700000 5.14112
12710000 4.91822
12720000 4.8928
12730000 4.79242
12740000 4.91375
12750000 4.81862
12760000 13.1282
12770000 8.90418
12780000 5.30591
12790000 5.55542
12800000 10.0085
12810000 5.43938
12820000 5.04325
12830000 4.97956
12840000 4.95497
12850000 4.95007
12860000 4.9625
12870000 6.66539
12880000 7.92912
12890000 5.19481
12900000 5.93836
12910000 6.9133
12920000 5.19772
12930000 4.96567
12940000 4.93395
12950000 4.79357
12960000 4.83297
12970000 4.83035
12980000 14.7569
12990000 9.03825
13000000 5.26517
13010000 5.63196
13020000 12.4116
13030000 5.37273
13040000 5.13971
13050000 4.91118
13060000 4.89297
13070000 4.93511
13080000 4.9199
13090000 5.15313
13100000 5.2326
13110000 5.54292
13120000 6.84604
13130000 7.80604
13140000 5.20773
13150000 4.93512
13160000 4.89431
13170000 4.78604
13180000 4.89797
13190000 4.83257
13200000 4.85877
13210000 7.24127
13220000 5.54248
13230000 5.64807
13240000 12.6446
13250000 5.61182
13260000 5.23723
13270000 4.96863
13280000 4.9312
13290000 4.98317
13300000 4.97025
13310000 5.19569
13320000 5.2871
13330000 5.4977
13340000 6.77234
13350000 7.81213
13360000 5.21189
13370000 5.09318
13380000 4.94182
13390000 4.8364
13400000 4.90841
13410000 4.87902
13420000 4.8667
13430000 8.62603
13440000 5.91866
13450000 6.16036
13460000 6.35022
13470000 5.91617
13480000 5.1532
13490000 4.90323
13500000 4.877
13510000 4.9132
13520000 4.88411
13530000 5.26917
13540000 5.54802
13550000 5.99453
13560000 5.91283
13570000 9.31718
13580000 5.22183
13590000 5.0863
13600000 4.89349
13610000 4.80905
13620000 4.8312
13630000 4.86386
13640000 4.83671
13650000 8.1751
13660000 5.91087
13670000 6.18111
13680000 7.1429
13690000 6.00288
13700000 5.21685
13710000 4.9702
13720000 4.94088
13730000 4.96
13740000 4.93273
13750000 5.31803
13760000 5.58528
13770000 6.74087
13780000 5.09262
13790000 5.31286
13800000 5.4638
13810000 5.13593
13820000 4.94319
13830000 4.89879
13840000 4.76363
13850000 4.92811
13860000 4.97949
13870000 10.7621
13880000 6.6661
13890000 5.15789
13900000 5.27409
13910000 6.92959
13920000 5.22357
13930000 4.95608
13940000 4.8811
13950000 4.90167
13960000 4.87876
13970000 4.84689
13980000 5.83491
13990000 6.9302
14000000 5.05096
14010000 5.27984
14020000 5.45121
14030000 5.1089
14040000 4.88323
14050000 4.85643
14060000 4.772
14070000 4.84471
14080000 4.96084
14090000 10.0562
14100000 6.64163
14110000 5.36972
14120000 5.36371
14130000 8.4587
14140000 5.28589
14150000 5.00982
14160000 4.94268
14170000 4.92434
14180000 4.93551
14190000 4.96362
14200000 6.33328
14210000 7.78815
14220000 5.0307
14230000 5.64957
14240000 6.08677
14250000 5.15439
14260000 4.93815
14270000 4.92655
14280000 4.77633
14290000 4.86407
14300000 4.80135
14310000 12.2342
14320000 7.94283
14330000 5.33508
14340000 5.3676
14350000 8.31304
14360000 5.2898
14370000 4.94399
14380000 4.88978
14390000 4.88233
14400000 4.87461
14410000 4.9054
14420000 6.28314
14430000 8.10803
14440000 4.99712
14450000 5.93685
14460000 6.89234
14470000 5.11562
14480000 4.89521
14490000 4.86979
14500000 4.77758
14510000 4.8964
14520000 4.79937
14530000 13.1256
14540000 8.89597
14550000 5.28622
14560000 5.54323
14570000 9.99318
14580000 5.41682
14590000 5.01644
14600000 4.95569
14610000 4.93216
14620000 4.92652
14630000 4.94073
14640000 6.64716
14650000 7.91322
14660000 5.17349
14670000 5.91914
14680000 6.8933
14690000 5.17369
14700000 4.94475
14710000 4.91159
14720000 4.77262
14730000 4.81633
14740000 4.81122
14750000 14.7563
14760000 9.03073
14770000 5.25146
14780000 5.51762
14790000 9.8362
14800000 5.35
14810000 5.11315
14820000 4.88903
14830000 4.87046
14840000 4.91257
14850000 4.89769
14860000 5.1348
14870000 5.21019
14880000 5.52437
14890000 6.82819
14900000 7.79009
14910000 5.18354
14920000 4.91338
14930000 4.87064
14940000 4.74985
14950000 4.79803
14960000 4.8145
14970000 4.84237
14980000 7.22938
14990000 5.52876
15000000 5.63445
15010000 12.6332
15020000 5.5902
15030000 5.16823
15040000 4.95547
15050000 4.90835
15060000 4.96262
15070000 4.94849
15080000 5.17541
15090000 5.26686
15100000 5.47795
15110000 6.75854
15120000 7.80694
15130000 5.18885
15140000 5.07174
15150000 4.91993
15160000 4.81276
15170000 4.89178
15180000 4.86163
15190000 4.86318
15200000 7.4562
15210000 5.90503
15220000 6.14738
15230000 6.33206
15240000 5.89712
15250000 5.13075
15260000 4.87985
15270000 4.85487
15280000 4.89312
15290000 4.86256
15300000 5.24971
15310000 5.52925
15320000 5.97682
15330000 5.89412
15340000 9.3031
15350000 5.20155
15360000 5.06647
15370000 4.87265
15380000 4.79031
15390000 4.81492
15400000 4.84669
15410000 4.81922
15420000 8.16622
15430000 5.896
15440000 6.16869
15450000 7.12769
15460000 5.98349
15470000 5.19491
15480000 4.94603
15490000 4.91242
15500000 4.9388
15510000 4.91115
15520000 5.29736
15530000 5.56602
15540000 6.69505
15550000 5.07345
15560000 5.29198
15570000 5.44307
15580000 5.11119
15590000 4.92207
15600000 4.87876
15610000 4.74768
15620000 4.91568
15630000 4.96295
15640000 10.7561
15650000 6.65503
15660000 5.14196
15670000 5.26305
15680000 6.91218
15690000 5.20016
15700000 4.93156
15710000 4.85952
15720000 4.88061
15730000 4.85723
15740000 4.82648
15750000 5.81706
15760000 6.91474
15770000 5.03163
15780000 5.25936
15790000 5.43247
15800000 5.08918
15810000 4.86303
15820000 4.83661
15830000 4.75745
15840000 4.82905
15850000 4.94508
15860000 10.0513
15870000 6.63016
15880000 5.35188
15890000 5.34827
15900000 8.4389
15910000 5.26419
15920000 4.98776
15930000 4.92011
15940000 4.90447
15950000 4.9154
15960000 4.94375
15970000 6.31603
15980000 7.77424
15990000 5.01129
16000000 5.62989
16010000 6.06956
16020000 5.13191
16030000 4.91801
16040000 4.90232
16050000 4.76105
16060000 4.8456
16070000 4.78394
16080000 12.2305
16090000 7.93361
16100000 5.32023
16110000 5.35326
16120000 8.29905
16130000 5.26988
16140000 4.92301
16150000 4.8691
16160000 4.86065
16170000 4.85507
16180000 4.88343
16190000 6.26748
16200000 8.0952
16210000 4.98203
16220000 5.93143
16230000 6.87722
16240000 5.09187
16250000 4.87507
16260000 4.85157
16270000 4.75962
16280000 4.88265
16290000 4.78294
16300000 13.1241
16310000 8.88909
16320000 5.27081
16330000 5.52963
16340000 9.98121
16350000 5.39764
16360000 4.99096
16370000 4.93503
16380000 4.9123
16390000 4.90437
16400000 4.92234
16410000 6.63114
16420000 7.89997
16430000 5.15505
16440000 5.90242
16450000 6.87777
16460000 5.15048
16470000 4.92384
16480000 4.89298
16490000 4.75834
16500000 4.80192
16510000 4.79354
16520000 14.7555
16530000 9.02424
16540000 5.23417
16550000 5.50789
16560000 9.80752
16570000 5.33032
16580000 5.08985
16590000 4.86885
16600000 4.85163
16610000 4.89375
16620000 4.87888
16630000 5.11731
16640000 5.19353
16650000 5.50807
16660000 6.81178
16670000 7.77651
16680000 5.16381
16690000 4.89463
16700000 4.85169
16710000 4.7333
16720000 4.78505
16730000 4.79979
16740000 4.82891
16750000 7.21941
16760000 5.51503
16770000 5.62261
16780000 12.6233
16790000 5.57171
16800000 5.13991
16810000 4.92277
16820000 4.88893
16830000 4.94381
16840000 4.93075
16850000 5.15784
16860000 5.25028
16870000 5.46125
16880000 6.74452
16890000 7.78458
16900000 5.17464
16910000 5.05325
16920000 4.90171
16930000 4.79454
16940000 4.87822
16950000 4.84686
16960000 4.84216
16970000 7.44352
16980000 5.89294
16990000 6.13747
17000000 6.31632
17010000 5.88084
17020000 5.11146
17030000 4.85972
17040000 4.83613
17050000 4.8776
17060000 4.84409
17070000 5.23338
17080000 5.51134
17090000 5.9617
17100000 5.87869
17110000 9.28897
17120000 5.18316
17130000 5.05236
17140000 4.85426
17150000 4.7759
17160000 4.80294
17170000 4.8315
17180000 4.80473
17190000 8.15863
17200000 5.88353
17210000 6.15803
17220000 7.11483
17230000 5.96783
17240000 5.17685
17250000 4.92606
17260000 4.88903
17270000 4.92086
17280000 4.89269
17290000 5.28104
17300000 5.54932
17310000 5.88382
17320000 5.05523
17330000 5.27478
17340000 5.42487
17350000 5.09404
17360000 4.90521
17370000 4.86017
17380000 4.73603
17390000 4.90378
17400000 4.9494
17410000 10.7511
17420000 6.64576
17430000 5.12888
17440000 5.25101
17450000 6.89827
17460000 5.18181
17470000 4.91234
17480000 4.84098
17490000 4.86469
17500000 4.839
17510000 4.80882
17520000 5.80164
17530000 6.90153
17540000 5.01505
17550000 5.2419
17560000 5.41443
17570000 5.07424
17580000 4.84616
17590000 4.81968
17600000 4.74378
17610000 4.81577
17620000 4.93113
17630000 10.0465
17640000 6.62034
17650000 5.35154
17660000 5.33713
17670000 8.43134
17680000 5.24576
17690000 4.96642
17700000 4.90147
17710000 4.88672
17720000 4.89799
17730000 4.92712
17740000 6.30199
17750000 7.76216
17760000 4.99458
17770000 5.61334
17780000 6.05234
17790000 5.11419
17800000 4.90088
17810000 4.883
17820000 4.74752
17830000 4.83259
17840000 4.76954
17850000 12.2275
17860000 7.9258
17870000 5.30738
17880000 5.34097
17890000 8.28575
17900000 5.2528
17910000 4.9067
17920000 4.85161
17930000 4.829
17940000 4.83804
17950000 4.86712
17960000 6.25351
17970000 8.08449
17980000 4.96931
17990000 5.9326
18000000 6.19118
18010000 5.07543
18020000 4.8579
18030000 4.83057
18040000 4.75024
18050000 4.87073
18060000 4.76875
18070000 13.1219
18080000 8.88269
18090000 5.25719
18100000 5.51805
18110000 9.97002
18120000 5.3813
18130000 4.97101
18140000 4.91842
18150000 4.89376
18160000 4.88621
18170000 4.90567
18180000 6.61717
18190000 7.88856
18200000 5.13952
18210000 5.88803
18220000 6.86609
18230000 5.13319
18240000 4.90694
18250000 4.87762
18260000 4.7464
18270000 4.79034
18280000 4.77873
18290000 14.755
18300000 9.01912
18310000 5.22288
18320000 5.49718
18330000 9.79977
18340000 5.31328
18350000 5.07124
18360000 4.85088
18370000 4.83548
18380000 4.87765
18390000 4.86286
18400000 4.94735
18410000 5.17841
18420000 5.496
18430000 6.79615
18440000 7.76494
18450000 5.14768
18460000 4.87833
18470000 4.83571
18480000 4.71927
18490000 4.77335
18500000 4.78584
18510000 4.81625
18520000 7.21101
18530000 5.49988
18540000 5.61183
18550000 12.6161
18560000 5.55598
18570000 5.12721
18580000 4.90557
18590000 4.8723
18600000 4.92985
18610000 4.91424
18620000 5.14284
18630000 5.23593
18640000 5.4466
18650000 6.7318
18660000 7.77106
18670000 5.16011
18680000 5.03712
18690000 4.88639
18700000 4.77713
18710000 4.86739
18720000 4.83442
18730000 4.82685
18740000 7.43983
18750000 5.88265
18760000 6.12894
18770000 6.30298
18780000 5.8665
18790000 5.09505
18800000 4.84273
18810000 4.8192
18820000 4.86454
18830000 4.82808
18840000 5.21911
18850000 5.49539
18860000 5.94869
18870000 5.86541
18880000 9.27848
18890000 5.16819
18900000 4.99252
18910000 4.83872
18920000 4.76172
18930000 4.79426
18940000 4.81787
18950000 4.79192
18960000 8.15206
18970000 5.87319
18980000 6.1488
18990000 7.10202
19000000 5.95298
19010000 5.16072
19020000 4.90915
19030000 4.87123
19040000 4.90552
19050000 4.87687
19060000 5.26694
19070000 5.53457
19080000 5.8716
19090000 5.0383
19100000 5.25924
19110000 5.40887
19120000 5.07792
19130000 4.88906
19140000 4.84471
19150000 4.72296
19160000 4.89455
19170000 4.93804
19180000 10.747
19190000 6.63711
19200000 5.11733
19210000 5.23994
19220000 6.88375
19230000 5.1673
19240000 4.89504
19250000 4.82505
19260000 4.84846
19270000 4.82315
19280000 4.79382
19290000 5.78804
19300000 6.89011
19310000 5.00063
19320000 5.22765
19330000 5.39887
19340000 5.05885
19350000 4.83139
19360000 4.8047
19370000 4.73117
19380000 4.80426
19390000 4.91999
19400000 10.043
19410000 6.61236
19420000 5.14117
19430000 5.33763
19440000 8.40864
19450000 5.22994
19460000 4.94293
19470000 4.88563
19480000 4.87062
19490000 4.88291
19500000 4.9124
19510000 6.28972
19520000 7.75217
19530000 4.97983
19540000 5.59876
19550000 6.03728
19560000 5.09939
19570000 4.88586
19580000 4.87015
19590000 4.73298
19600000 4.82117
19610000 4.75807
19620000 12.2249
19630000 7.91962
19640000 5.29428
19650000 5.32998
19660000 8.27506
19670000 5.23762
19680000 4.89208
19690000 4.83572
19700000 4.81553
19710000 4.82283
19720000 4.85217
19730000 6.24141
19740000 8.07538
19750000 4.95483
19760000 5.64536
19770000 6.03435
19780000 5.06061
19790000 4.84321
19800000 4.81938
19810000 4.74275
19820000 4.86019
19830000 4.75689
19840000 13.1204
19850000 8.8772
19860000 5.24433
19870000 5.50851
19880000 9.96251
19890000 5.36766
19900000 4.95368
19910000 4.90074
19920000 4.87875
19930000 4.87241
19940000 4.89194
19950000 6.60561
19960000 7.87864
19970000 5.12585
19980000 5.87535
19990000 6.85329
20000000 5.11797
20010000 4.89183
20020000 4.86276
20030000 4.73235
20040000 4.77953
20050000 4.76647
20060000 14.7544
20070000 9.01467
20080000 5.21205
20090000 5.48234
20100000 9.78506
20110000 5.29835
20120000 5.05025
20130000 4.8358
20140000 4.82126
20150000 4.86355
20160000 4.84849
20170000 6.55247
20180000 5.1706
20190000 5.48564
20200000 6.7854
20210000 7.75479
20220000 5.13435
20230000 4.86293
20240000 4.8217
20250000 4.70631
20260000 4.76342
20270000 4.77439
20280000 4.80596
20290000 7.20342
20300000 5.48768
20310000 5.60289
20320000 12.6091
20330000 5.54194
20340000 5.11333
20350000 4.88943
20360000 4.85757
20370000 4.91992
20380000 4.90019
20390000 5.12982
20400000 5.22111
20410000 5.43482
20420000 6.72065
20430000 7.75677
20440000 5.15124
20450000 5.02305
20460000 4.87217
20470000 4.76473
20480000 4.85785
20490000 4.82262
20500000 4.81621
20510000 7.43545
20520000 5.87144
20530000 6.12146
20540000 6.29113
20550000 5.85415
20560000 5.08179
20570000 4.82821
20580000 4.80394
20590000 4.85627
20600000 4.81397
20610000 5.20662
20620000 5.4815
20630000 5.93691
20640000 5.85398
20650000 9.27154
20660000 5.15269
20670000 4.97472
20680000 4.82249
20690000 4.75037
20700000 4.78384
20710000 4.80886
20720000 4.78127
20730000 8.14637
20740000 5.86464
20750000 6.14115
20760000 7.09122
20770000 5.93955
20780000 5.14614
20790000 4.89333
20800000 4.85683
20810000 4.89157
20820000 4.86297
20830000 5.25431
20840000 5.52181
20850000 5.86041
20860000 5.02987
20870000 5.24554
20880000 5.39449
20890000 5.06396
20900000 4.87378
20910000 4.8318
20920000 4.71328
20930000 4.88503
20940000 4.92818
20950000 10.7432
20960000 6.6304
20970000 5.10703
20980000 5.23022
20990000 6.87255
21000000 5.14846
21010000 4.88041
21020000 4.81081
21030000 4.83394
21040000 4.80926
21050000 4.78029
21060000 5.77631
21070000 6.88019
21080000 4.98823
21090000 5.214
21100000 5.38538
21110000 5.04419
21120000 4.81882
21130000 4.79146
21140000 4.72133
21150000 4.79396
21160000 4.91006
21170000 10.04
21180000 6.60461
21190000 5.14221
21200000 5.32788
21210000 6.92964
21220000 5.21468
21230000 4.93449
21240000 4.87135
21250000 4.85663
21260000 4.86949
21270000 4.90012
21280000 6.27904
21290000 7.74351
21300000 4.96844
21310000 5.58566
21320000 6.02555
21330000 5.08443
21340000 4.87233
21350000 4.85303
21360000 4.72443
21370000 4.81399
21380000 4.74643
21390000 12.2223
21400000 7.91421
21410000 5.2833
21420000 5.32141
21430000 8.26454
21440000 5.22425
21450000 4.87916
21460000 4.82216
21470000 4.80241
21480000 4.80982
21490000 4.83945
21500000 6.2308
21510000 8.0674
21520000 4.94272
21530000 5.58477
21540000 6.01591
21550000 5.045
21560000 4.82472
21570000 4.80654
21580000 4.73592
21590000 4.85053
21600000 4.7457
21610000 13.1225
21620000 8.87235
21630000 5.2328
21640000 5.50428
21650000 9.95507
21660000 5.35435
21670000 4.93825
21680000 4.88994
21690000 4.86508
21700000 4.86056
21710000 4.8788
21720000 6.59553
21730000 7.86996
21740000 5.11373
21750000 5.86401
21760000 6.84218
21770000 5.10403
21780000 4.88028
21790000 4.84791
21800000 4.71833
21810000 4.77095
21820000 4.75506
21830000 14.7537
21840000 9.01018
21850000 5.20182
21860000 5.46956
21870000 9.77615
21880000 5.28555
21890000 5.0332
21900000 4.82209
21910000 4.8085
21920000 4.85117
21930000 4.83599
21940000 6.53978
21950000 8.54524
21960000 5.47355
21970000 6.77289
21980000 7.7463
21990000 5.12147
22000000 4.8501
22010000 4.80977
22020000 4.69589
22030000 4.75212
22040000 4.76462
22050000 4.79666
22060000 7.19706
22070000 5.47932
22080000 5.59264
22090000 12.6026
22100000 5.52944
22110000 5.10295
22120000 4.87605
22130000 4.84436
22140000 4.90724
22150000 4.8878
22160000 5.11834
22170000 5.20912
22180000 5.42497
22190000 6.71095
22200000 7.74529
22210000 5.14105
22220000 5.01078
22230000 4.85966
22240000 4.75527
22250000 4.84953
22260000 4.81201
22270000 4.8061
22280000 7.43201
22290000 5.87228
22300000 6.11596
22310000 6.28044
22320000 5.83796
22330000 5.06945
22340000 4.81722
22350000 4.79264
22360000 4.84538
22370000 4.80152
22380000 5.19552
22390000 5.47005
22400000 5.92701
22410000 5.84241
22420000 9.26407
22430000 5.1388
22440000 4.95984
22450000 4.8119
22460000 4.73878
22470000 4.77253
22480000 4.79893
22490000 4.77138
22500000 8.14132
22510000 5.85655
22520000 6.13399
22530000 7.08117
22540000 5.92851
22550000 5.13343
22560000 4.87919
22570000 4.84348
22580000 4.87921
22590000 4.85073
22600000 5.24331
22610000 5.51036
22620000 5.85123
22630000 5.01818
22640000 5.23275
22650000 5.39296
22660000 5.05151
22670000 4.85947
22680000 4.82007
22690000 4.70493
22700000 4.87607
22710000 4.91927
22720000 10.74
22730000 6.62317
22740000 5.09664
22750000 5.21945
22760000 6.86077
22770000 5.07591
22780000 4.86543
22790000 4.79834
22800000 4.8212
22810000 4.79712
22820000 4.76846
22830000 5.76609
22840000 6.87121
22850000 4.97739
22860000 5.20207
22870000 5.36904
22880000 5.03326
22890000 4.80689
22900000 4.77993
22910000 4.7138
22920000 4.78356
22930000 4.9014
22940000 10.0365
22950000 6.5977
22960000 5.1362
22970000 5.31117
22980000 6.95331
22990000 5.20202
23000000 4.91969
23010000 4.86053
23020000 4.84415
23030000 4.85769
23040000 4.88858
23050000 6.26905
23060000 7.7377
23070000 4.9561
23080000 5.57382
23090000 6.01482
23100000 5.06615
23110000 4.86068
23120000 4.84256
23130000 4.71905
23140000 4.80034
23150000 4.73653
23160000 12.22
23170000 7.90916
23180000 5.27413
23190000 5.31427
23200000 8.25649
23210000 5.2104
23220000 4.86689
23230000 4.80985
23240000 4.79026
23250000 4.7977
23260000 4.82815
23270000 6.22164
23280000 8.0602
23290000 4.9307
23300000 5.5736
23310000 6.02132
23320000 5.03376
23330000 4.81367
23340000 4.79351
23350000 4.72874
23360000 4.84247
23370000 4.73555
23380000 13.5133
23390000 8.86743
23400000 5.22195
23410000 5.49882
23420000 9.94887
23430000 5.34184
23440000 4.92538
23450000 4.87366
23460000 4.85368
23470000 4.847
23480000 4.86681
23490000 6.58642
23500000 7.86225
23510000 5.1026
23520000 5.85384
23530000 6.83142
23540000 5.09151
23550000 4.86793
23560000 4.83812
23570000 4.70707
23580000 4.7615
23590000 4.74528
23600000 14.7535
23610000 9.00747
23620000 5.19187
23630000 5.46158
23640000 9.76877
23650000 5.27369
23660000 5.02204
23670000 4.80963
23680000 4.79727
23690000 4.84012
23700000 4.82486
23710000 6.5319
23720000 8.54389
23730000 5.46495
23740000 6.76202
23750000 7.73784
23760000 5.11705
23770000 4.83901
23780000 4.79977
23790000 4.6841
23800000 4.74322
23810000 4.75499
23820000 4.78827
23830000 7.19117
23840000 5.47164
23850000 5.58378
23860000 12.5974
23870000 5.51866
23880000 5.09152
23890000 4.86429
23900000 4.83257
23910000 4.89884
23920000 4.877
23930000 5.10807
23940000 5.1986
23950000 5.41671
23960000 6.70231
23970000 7.7349
23980000 5.1325
23990000 4.9987
24000000 4.84813
24010000 4.75015
24020000 4.84177
24030000 4.80251
24040000 4.79772
24050000 7.42858
24060000 5.44055
24070000 6.1106
24080000 6.27223
24090000 5.86849
24100000 5.05707
24110000 4.80826
24120000 4.7808
24130000 4.83611
24140000 4.78933
24150000 5.18574
24160000 5.4597
24170000 5.91837
24180000 5.83292
24190000 9.2557
24200000 5.12647
24210000 4.9485
24220000 4.79881
24230000 4.72938
24240000 4.76425
24250000 4.7894
24260000 4.76268
24270000 8.13687
24280000 5.84933
24290000 6.12775
24300000 7.07235
24310000 5.91844
24320000 5.12407
24330000 4.86555
24340000 4.83184
24350000 4.86853
24360000 4.83956
24370000 5.23367
24380000 5.50032
24390000 5.84387
24400000 4.99583
24410000 5.22173
24420000 5.16649
24430000 5.04045
24440000 4.84825
24450000 4.80986
24460000 4.69669
24470000 4.86455
24480000 4.91137
24490000 10.7372
24500000 6.61737
24510000 5.08765
24520000 5.20688
24530000 6.85273
24540000 5.0581
24550000 4.85226
24560000 4.78683
24570000 4.81122
24580000 4.78575
24590000 4.75782
24600000 5.75701
24610000 6.86343
24620000 4.96745
24630000 5.19182
24640000 5.35808
24650000 5.02039
24660000 4.79756
24670000 4.7701
24680000 4.70538
24690000 4.77519
24700000 4.89363
24710000 10.0329
24720000 6.5915
24730000 5.13068
24740000 5.31128
24750000 6.94258
24760000 5.18931
24770000 4.90759
24780000 4.84831
24790000 4.83274
24800000 4.84723
24810000 4.88002
24820000 6.25589
24830000 7.73051
24840000 4.94632
24850000 5.56348
24860000 6.00485
24870000 5.05788
24880000 4.85059
24890000 4.82559
24900000 4.70428
24910000 4.7926
24920000 4.72795
24930000 12.2182
24940000 7.90479
24950000 5.26568
24960000 5.306
24970000 8.24896
24980000 5.19891
24990000 4.8559
25000000 4.79894
25010000 4.77936
25020000 4.78673
25030000 4.81837
25040000 6.2128
25050000 8.05391
25060000 4.92097
25070000 5.56709
25080000 6.00584
25090000 5.02397
25100000 4.80492
25110000 4.7851
25120000 4.72341
25130000 4.83439
25140000 4.72651
25150000 11.0759
25160000 8.86332
25170000 5.21311
25180000 5.4934
25190000 9.94088
25200000 5.25778
25210000 4.91352
25220000 4.86198
25230000 4.84371
25240000 4.83663
25250000 4.85627
25260000 6.57861
25270000 7.85532
25280000 5.09316
25290000 5.8447
25300000 6.82239
25310000 5.08266
25320000 4.85617
25330000 4.82897
25340000 4.70054
25350000 4.75351
25360000 4.73604
25370000 14.7535
25380000 9.00532
25390000 5.18386
25400000 5.45348
25410000 9.76317
25420000 5.26323
25430000 5.0102
25440000 4.79819
25450000 4.78734
25460000 4.82996
25470000 4.81474
25480000 6.52368
25490000 8.52647
25500000 5.45922
25510000 6.75237
25520000 7.73043
25530000 5.07199
25540000 4.82882
25550000 4.79097
25560000 4.6723
25570000 4.73624
25580000 4.74674
25590000 4.77999
25600000 7.1857
25610000 5.46274
25620000 5.57688
25630000 12.5928
25640000 5.50884
25650000 5.07882
25660000 4.85416
25670000 4.82195
25680000 4.88803
25690000 4.86666
25700000 5.09876
25710000 5.1899
25720000 5.40899
25730000 6.69485
25740000 7.7275
25750000 5.1191
25760000 4.98872
25770000 4.83962
25780000 4.73765
25790000 4.83578
25800000 4.79243
25810000 4.79113
25820000 7.42417
25830000 5.44147
25840000 6.10465
25850000 6.26302
25860000 5.4357
25870000 5.0468
25880000 4.7965
25890000 4.76635
25900000 4.82627
25910000 4.77913
25920000 5.1768
25930000 5.44983
25940000 5.90982
25950000 5.82464
25960000 9.2489
25970000 5.11566
25980000 4.93847
25990000 4.78929
26000000 4.71944
26010000 4.75603
26020000 4.78045
26030000 4.75402
26040000 8.13307
26050000 5.84222
26060000 6.12159
26070000 7.06475
26080000 5.90939
26090000 5.11439
26100000 4.8543
26110000 4.82134
26120000 4.85836
26130000 4.83146
26140000 5.22477
26150000 5.49153
26160000 5.83005
26170000 5.90396
26180000 5.21777
26190000 5.14863
26200000 5.03058
26210000 4.8385
26220000 4.79994
26230000 4.76256
26240000 4.8544
26250000 4.90429
26260000 10.7358
26270000 6.61284
26280000 5.08
26290000 5.19931
26300000 6.84329
26310000 5.04599
26320000 4.83956
26330000 4.7766
26340000 4.79959
26350000 4.77633
26360000 4.74815
26370000 5.74871
26380000 6.85652
26390000 4.95813
26400000 5.18176
26410000 5.34727
26420000 5.0116
26430000 4.78753
26440000 4.76027
26450000 4.69823
26460000 4.77049
26470000 4.88637
26480000 10.0297
26490000 6.58609
26500000 5.12171
26510000 5.21368
26520000 6.93547
26530000 5.17743
26540000 4.8996
26550000 4.8376
26560000 4.82237
26570000 4.83762
26580000 4.8694
26590000 6.23932
26600000 7.72222
26610000 4.93838
26620000 5.55399
26630000 5.99462
26640000 5.04845
26650000 4.841
26660000 4.81756
26670000 4.6923
26680000 4.78298
26690000 4.7199
26700000 12.2166
26710000 7.90124
26720000 5.25805
26730000 5.29968
26740000 8.2426
26750000 5.1892
26760000 4.84627
26770000 4.78905
26780000 4.76933
26790000 4.77703
26800000 4.80969
26810000 6.20497
26820000 8.04885
26830000 4.91199
26840000 5.55465
26850000 5.99836
26860000 5.01429
26870000 4.79822
26880000 4.77632
26890000 4.71654
26900000 4.82645
26910000 4.71804
26920000 11.0837
26930000 8.83886
26940000 5.20527
26950000 5.48632
26960000 9.93706
26970000 5.2496
26980000 4.90252
26990000 4.85238
27000000 4.83296
27010000 4.82685
27020000 4.84631
27030000 6.57142
27040000 7.85011
27050000 5.08439
27060000 5.83641
27070000 6.81447
27080000 5.07261
27090000 4.84731
27100000 4.81893
27110000 4.71306
27120000 4.74705
27130000 4.72806
27140000 14.7532
27150000 9.0023
27160000 5.17665
27170000 5.44697
27180000 9.75704
27190000 5.25352
27200000 4.99765
27210000 4.79238
27220000 4.77866
27230000 4.82076
27240000 4.81756
27250000 6.51689
27260000 8.51558
27270000 5.45106
27280000 6.74486
27290000 7.72344
27300000 5.0662
27310000 4.81958
27320000 4.78277
27330000 4.66493
27340000 4.73008
27350000 4.73963
27360000 4.77387
27370000 7.18071
27380000 5.45654
27390000 5.57049
27400000 12.5892
27410000 5.50076
27420000 5.06837
27430000 4.84549
27440000 4.81229
27450000 4.87744
27460000 4.85763
27470000 5.09017
27480000 5.17982
27490000 5.40278
27500000 6.68797
27510000 7.71989
27520000 5.10917
27530000 4.97979
27540000 4.8304
27550000 4.72285
27560000 4.83187
27570000 4.77989
27580000 4.78378
27590000 7.42017
27600000 5.43213
27610000 6.09822
27620000 6.25506
27630000 5.42604
27640000 5.03652
27650000 4.78576
27660000 4.75552
27670000 4.81923
27680000 4.76923
27690000 5.16866
27700000 5.44101
27710000 5.90241
27720000 5.81694
27730000 9.24237
27740000 5.10722
27750000 4.92962
27760000 4.7762
27770000 4.71263
27780000 4.74817
27790000 4.77438
27800000 4.74653
27810000 8.12959
27820000 5.8358
27830000 6.11638
27840000 7.05769
27850000 5.89964
27860000 5.10592
27870000 4.84443
27880000 4.81176
27890000 4.8492
27900000 4.82566
27910000 5.21669
27920000 5.48385
27930000 5.82265
27940000 5.66232
27950000 5.21062
27960000 5.13617
27970000 5.0216
27980000 4.82949
27990000 4.79135
28000000 4.75682
28010000 4.84728
28020000 4.89769
28030000 10.7335
28040000 6.60758
28050000 5.07329
28060000 5.19072
28070000 6.83653
28080000 5.0361
28090000 4.8283
28100000 4.76754
28110000 4.78992
28120000 4.76662
28130000 4.73934
28140000 5.74092
28150000 6.85004
28160000 4.94977
28170000 5.17345
28180000 5.33816
28190000 5.00132
28200000 4.77913
28210000 4.75218
28220000 4.68787
28230000 4.76375
28240000 4.88012
28250000 10.0269
28260000 6.58136
28270000 5.11509
28280000 5.20818
28290000 6.92901
28300000 5.1679
28310000 4.88594
28320000 4.82853
28330000 4.81306
28340000 4.82857
28350000 4.8615
28360000 6.12556
28370000 7.71562
28380000 4.93133
28390000 5.54607
28400000 5.98602
28410000 5.04437
28420000 4.83225
28430000 4.80797
28440000 4.68514
28450000 4.77573
28460000 4.71277
28470000 12.2153
28480000 7.89809
28490000 5.2497
28500000 5.29229
28510000 8.23651
28520000 5.17886
28530000 4.83727
28540000 4.77957
28550000 4.7599
28560000 4.76817
28570000 4.80057
28580000 6.19808
28590000 8.0436
28600000 4.90396
28610000 5.5466
28620000 5.99419
28630000 5.00565
28640000 4.78659
28650000 4.77281
28660000 4.72147
28670000 4.81989
28680000 4.71336
28690000 11.0815
28700000 7.8091
28710000 5.19721
28720000 5.48012
28730000 9.9318
28740000 5.24042
28750000 4.89197
28760000 4.84281
28770000 4.82256
28780000 4.81819
28790000 4.8372
28800000 6.56506
28810000 7.84444
28820000 5.07544
28830000 5.82932
28840000 6.80709
28850000 5.06328
28860000 4.83868
28870000 4.81053
28880000 4.69577
28890000 4.7424
28900000 4.72125
28910000 14.7529
28920000 9.0003
28930000 5.16957
28940000 5.44101
28950000 9.75218
28960000 5.24493
28970000 4.9877
28980000 4.78888
28990000 4.7704
29000000 4.81262
29010000 4.78398
29020000 6.51083
29030000 8.51328
29040000 5.44901
29050000 6.74138
29060000 7.71714
29070000 5.05189
29080000 4.81131
29090000 4.77246
29100000 4.6592
29110000 4.72601
29120000 4.73241
29130000 4.76649
29140000 7.17608
29150000 5.44949
29160000 5.56438
29170000 12.5855
29180000 5.49425
29190000 5.05928
29200000 4.83543
29210000 4.80366
29220000 4.86887
29230000 4.84957
29240000 5.08237
29250000 5.17122
29260000 5.39466
29270000 6.68081
29280000 7.71231
29290000 5.10338
29300000 4.97181
29310000 4.82193
29320000 4.71292
29330000 4.82873
29340000 4.74372
29350000 4.77706
29360000 7.41671
29370000 5.4294
29380000 6.09472
29390000 6.24708
29400000 5.41779
29410000 5.02854
29420000 4.7774
29430000 4.74638
29440000 4.8114
29450000 4.76143
29460000 5.16127
29470000 5.43357
29480000 5.89565
29490000 5.80981
29500000 9.23481
29510000 5.09871
29520000 4.9229
29530000 4.76743
29540000 4.70801
29550000 4.74393
29560000 4.76856
29570000 4.73989
29580000 8.12653
29590000 5.83038
29600000 6.11123
29610000 7.05128
29620000 5.89185
29630000 5.09617
29640000 4.83568
29650000 4.80304
29660000 4.84091
29670000 4.81222
29680000 5.20928
29690000 5.47663
29700000 5.81565
29710000 5.64658
29720000 5.0042
29730000 5.13039
29740000 5.01382
29750000 4.82077
29760000 4.78343
29770000 4.75419
29780000 4.8411
29790000 4.89262
29800000 10.7296
29810000 6.60326
29820000 5.06777
29830000 5.18493
29840000 6.83066
29850000 5.02748
29860000 4.81937
29870000 4.7584
29880000 4.78068
29890000 4.75773
29900000 4.73141
29910000 5.73401
29920000 6.84429
29930000 4.94284
29940000 5.16638
29950000 5.32981
29960000 4.99373
29970000 4.77087
29980000 4.74215
29990000 4.68021
30000000 4.85274
