1 576.233
2 510.472
3 433.959
4 384.894
5 347.428
6 313.575
7 289.877
8 260.664
9 241.572
10 223.771
11 207.626
12 195.373
13 182.237
14 175.659
15 164.56
16 157.104
17 145.444
18 137.56
19 127.894
20 122.866
21 117.111
22 110.754
23 104.489
24 99.8078
25 94.6377
26 88.3382
27 85.9693
28 79.5588
29 76.2545
30 73.5058
31 69.1439
32 65.7338
33 63.2848
34 59.4559
35 72.9975
36 55.333
37 52.6149
38 50.1819
39 48.6654
40 51.4888
41 44.8371
42 46.3687
43 41.8298
44 41.0573
45 38.9845
46 37.8052
47 36.1036
48 35.6178
49 34.0559
50 34.8098
51 31.8018
52 30.7944
53 29.7022
54 28.7715
55 28.6242
56 26.9026
57 29.3504
58 25.2301
59 24.8377
60 23.2138
61 23.8213
62 22.0276
63 21.5916
64 20.7049
65 21.1684
66 19.4641
67 19.1605
68 19.645
69 18.0428
70 20.7751
71 17.1253
72 22.546
73 15.8998
74 16.9526
75 15.2012
76 16.0401
77 14.3918
78 15.0406
79 13.5739
80 14.4455
81 12.8604
82 13.3309
83 12.7271
84 12.6293
85 12.5259
86 11.7874
87 14.8581
88 11.335
89 11.6663
90 11.1852
91 13.5517
92 10.5322
93 10.7122
94 9.97051
95 11.516
96 9.92938
97 10.4665
98 9.84711
99 10.0715
100 12.285
101 9.34907
102 15.2851
103 9.27237
104 11.098
105 9.08775
106 20.3841
107 8.79934
108 10.1353
109 8.7742
110 9.40181
111 8.73673
112 9.19323
113 8.61399
114 8.89802
115 8.94365
116 8.62054
117 10.6471
118 8.36292
119 9.08006
120 8.2838
121 10.4072
122 8.12022
123 19.8643
124 7.93869
125 8.96787
126 7.96314
127 8.60445
128 13.8589
129 8.68361
130 11.2751
131 8.00779
132 8.93921
133 7.9076
134 10.4636
135 8.05322
136 8.72284
137 7.98949
138 19.5173
139 7.77224
140 8.69718
141 7.94748
142 8.67776
143 35.0273
144 8.34844
145 8.12379
146 7.93134
147 10.156
148 7.83417
149 8.46591
150 7.66631
151 9.52873
152 7.79731
153 13.6769
154 7.57712
155 8.50736
156 8.25223
157 8.55317
158 10.6657
159 7.95972
160 15.6064
161 8.0212
162 8.59197
163 7.9702
164 10.2644
165 7.86892
166 8.12147
167 7.44374
168 45.9042
169 7.69777
170 8.2784
171 10.5987
172 8.44795
173 23.6324
174 8.19841
175 17.2692
176 7.77354
177 10.1683
178 7.62993
179 8.56255
180 7.62098
181 9.26579
182 8.01193
183 9.49951
184 7.63164
185 8.58386
186 7.99807
187 8.41445
188 8.57618
189 7.97747
190 15.5494
191 7.75951
192 8.50906
193 7.9557
194 11.2922
195 7.54687
196 8.05854
197 7.56276
198 10.1429
199 7.64499
200 8.58123
201 10.446
202 8.41128
203 13.6043
204 7.68572
205 14.289
206 7.71286
207 9.96396
208 7.72357
209 9.86828
210 7.67527
211 9.16929
212 7.62872
213 8.41416
214 7.5346
215 8.43378
216 7.70242
217 8.31341
218 8.30353
219 7.84541
220 11.9799
221 7.74478
222 8.49563
223 7.73341
224 9.96803
225 7.60947
226 8.36109
227 7.39982
228 9.43702
229 7.57435
230 8.25435
231 7.84901
232 8.29591
233 10.9011
234 7.67301
235 8.64204
236 7.6242
237 9.94989
238 7.68909
239 19.8925
240 7.77531
241 19.3874
242 7.75584
243 8.5069
244 7.82894
245 8.41935
246 34.9827
247 8.14587
248 7.90981
249 7.83058
250 10.0862
251 7.68358
252 8.34588
253 7.71933
254 9.36355
255 7.68838
256 19.6994
257 7.498
258 8.52633
259 8.14254
260 8.20701
261 13.6819
262 8.22486
263 11.0057
264 7.90009
265 8.46391
266 7.89307
267 10.1712
268 7.99138
269 8.41018
270 7.4479
271 45.8888
272 7.50573
273 8.17564
274 7.67711
275 8.38829
276 23.651
277 8.08638
278 17.1882
279 7.73157
280 9.99421
281 7.63878
282 8.44724
283 7.45938
284 9.19188
285 7.86596
286 13.5264
287 7.49794
288 8.4202
289 8.00018
290 8.42409
291 10.5217
292 7.84711
293 15.5479
294 8.01993
295 8.50475
296 7.55722
297 10.1061
298 7.44973
299 8.03012
300 7.45289
