1 472.717
2 240.249
3 130.79
4 81.8722
5 43.1527
6 25.0955
7 17.2862
8 12.7258
9 10.9497
10 9.68837
11 8.97377
12 8.65795
13 8.90754
14 9.05498
15 8.33683
16 9.28696
17 8.37031
18 9.01492
19 8.20372
20 8.47952
21 9.77614
22 9.21263
23 8.07372
24 8.07238
25 8.04942
26 8.20927
27 8.08753
28 7.94886
29 7.86721
30 8.40205
31 8.52072
32 8.34383
33 8.10678
34 9.3775
35 9.18926
36 8.04419
37 7.71182
38 7.62479
39 8.54349
40 7.99005
41 7.64139
42 7.95955
43 7.75161
44 7.6472
45 7.86963
46 7.88893
47 8.22116
48 8.7718
49 7.69564
50 7.67638
51 9.30884
52 8.64098
53 7.63647
54 7.65747
55 7.67333
56 7.56641
57 7.67481
58 7.51648
59 7.51487
60 8.41692
61 8.59384
62 8.05139
63 7.59542
64 11.1521
65 8.019
66 7.611
67 7.3857
68 8.00795
69 7.74219
70 7.42668
71 7.28407
72 7.70444
73 7.98219
74 7.25566
75 8.38637
76 7.40527
77 8.14745
78 7.32514
79 7.65252
80 9.11984
81 8.50808
82 7.32469
83 7.35274
84 7.36831
85 7.55117
86 7.44904
87 7.32936
88 7.25438
89 7.83426
90 7.96337
91 7.822
92 7.59246
93 8.90841
94 8.7445
95 7.55936
96 7.22917
97 7.15398
98 8.12386
99 7.54156
100 7.21731
101 7.54595
102 7.34182
103 7.24628
104 7.52645
105 7.51337
106 7.85097
107 8.44391
108 7.34333
109 7.33859
110 9.04559
111 8.34765
112 7.30852
113 7.34427
114 7.36557
115 7.25904
116 7.38143
117 7.22238
118 7.22189
119 8.09045
120 8.32585
121 7.79788
122 7.33276
123 10.9709
124 7.78283
125 7.36231
126 7.14126
127 7.78072
128 7.49295
129 7.21328
130 7.05124
131 7.48633
132 7.77546
133 7.07366
134 8.19816
135 7.19069
136 7.92449
137 7.1276
138 7.45096
139 8.96534
140 8.33668
141 7.13197
142 7.16494
143 7.19623
144 7.26977
145 7.26645
146 7.14907
147 7.08048
148 7.6849
149 7.80077
150 7.68085
151 7.43112
152 8.77064
153 8.59962
154 7.40423
155 7.08189
156 6.99953
157 8.01126
158 7.41416
159 7.07685
160 7.40842
161 7.20426
162 7.10992
163 7.40073
164 7.38229
165 7.69458
166 8.33221
167 7.21703
168 7.21483
169 8.95099
170 8.23568
171 7.18587
172 7.27677
173 7.24149
174 7.1524
175 7.26539
176 7.10693
177 7.10438
178 8.0008
179 8.22944
180 7.70916
181 7.23155
182 10.9067
183 7.65541
184 7.25665
185 7.02686
186 7.39414
187 7.43071
188 7.1223
189 6.95094
190 7.39043
191 7.68583
192 6.97403
193 8.12936
194 7.09497
195 7.85453
196 7.03727
197 7.36165
198 8.89095
199 8.24647
200 7.03966
201 6.97668
202 7.1429
203 7.18578
204 7.18629
205 7.06831
206 6.99683
207 7.61068
208 7.72683
209 7.60595
210 7.35787
211 8.70265
212 8.53694
213 7.29969
214 6.99622
215 6.91943
216 7.35799
217 7.33404
218 6.99468
219 7.32643
220 7.13182
221 7.04021
222 7.34037
223 7.31562
224 7.62282
225 8.27557
226 7.15416
227 7.138
228 8.89986
229 8.17769
230 7.11959
231 6.98159
232 7.22047
233 7.09829
234 7.2081
235 7.04033
236 7.04171
237 7.94702
238 8.18137
239 7.65792
240 7.17932
241 10.8725
242 7.60585
243 7.20131
244 6.97567
245 7.33166
246 7.36964
247 7.0706
248 6.89939
249 7.3424
250 8.67727
251 6.90432
252 8.10431
253 7.05314
254 7.81038
255 6.99009
256 7.31517
257 8.84998
258 8.20672
259 6.99063
260 6.92866
261 7.09237
262 7.14187
263 7.14059
264 7.01933
265 7.55984
266 7.5421
267 7.6685
268 7.5473
269 7.30634
270 8.68382
271 8.49522
272 7.25724
273 6.95375
274 6.87429
275 7.31218
276 7.2928
277 6.95325
278 7.28168
279 7.7013
280 8.83072
281 7.4208
282 7.25357
283 7.58013
284 8.22596
285 7.10937
286 7.09884
287 8.86893
288 8.14114
289 7.08034
290 6.94837
291 7.17984
292 7.06336
293 7.1711
294 7.41148
295 7.22919
296 7.93146
297 8.15118
298 7.61203
299 7.16624
300 10.8313
