1 0.568313
2 0.0533584
3 0.0331894
4 0.0618052
5 0.0469003
6 0.0526356
7 0.0398538
8 0.0437979
9 0.0380347
10 0.0375541
11 0.0302181
12 0.0171956
13 0.00131404
14 0.000662368
15 0.00305654
16 0.00325383
17 0.00257638
18 0.00335946
19 0.00176941
20 0.00192441
21 0.000193539
22 0.00145946
23 0.000261746
24 0.000838675
25 0.000373989
26 0.000718849
27 0.000328477
28 0.000122654
29 9.38556e-05
30 8.24856e-05
31 0.000102899
32 4.53502e-05
33 0.000147317
34 6.98612e-05
35 0.000154555
36 5.59475e-05
37 0.000167698
38 0.000139754
39 7.57014e-05
40 0.000189614
41 9.90359e-05
42 0.000149538
43 0.000102857
44 0.00018352
45 6.40564e-05
46 0.000175296
47 0.000103379
48 0.000115985
49 0.000132844
50 0.000100045
