1 7.13727
2 6.94371
3 6.76838
4 6.32394
5 6.10323
6 5.73768
7 5.53241
8 5.26912
9 5.0768
10 4.87939
11 4.73268
12 4.61968
13 4.5743
14 4.54547
15 4.53288
16 4.52495
17 4.51645
18 4.51097
19 4.5033
20 4.50037
21 4.49284
22 4.4912
23 4.48339
24 4.47781
25 4.46446
26 4.46185
27 4.44995
28 4.44252
29 4.4335
30 4.4237
31 4.41133
32 4.4022
33 4.39101
34 4.38167
35 4.37109
36 4.36154
37 4.3508
38 4.34051
39 4.33094
40 4.32105
41 4.31135
42 4.30234
43 4.29268
44 4.28336
45 4.27452
46 4.26547
47 4.25679
48 4.24847
49 4.23995
50 4.23183
