1 7.36628
2 7.19104
3 7.0501
4 6.6832
5 6.51725
6 6.25765
7 6.13046
8 5.98858
9 5.91801
10 5.89738
11 5.90919
12 5.93711
13 5.97089
14 5.95606
15 5.98434
16 5.99313
17 5.9938
18 6.00952
19 6.00773
20 6.02076
21 6.01405
22 6.02836
23 6.02209
24 6.03076
25 6.02932
26 6.03306
27 6.03563
28 6.03444
29 6.03989
30 6.03783
31 6.04119
32 6.04106
33 6.04256
34 6.04327
35 6.04359
36 6.04509
37 6.04483
38 6.04588
39 6.04635
40 6.04649
41 6.04736
42 6.04723
43 6.04813
44 6.04791
45 6.04863
46 6.04873
47 6.04886
48 6.04944
49 6.04924
50 6.04984
51 6.04973
52 6.05009
53 6.05023
54 6.0503
55 6.05067
56 6.05055
57 6.05097
58 6.05089
59 6.05116
60 6.05124
61 6.05134
62 6.05153
63 6.05155
64 6.05175
65 6.05179
66 6.05193
67 6.05205
68 6.05209
69 6.05227
70 6.05228
71 6.05244
72 6.05248
73 6.05259
74 6.05268
75 6.05274
76 6.05286
77 6.0529
78 6.05301
79 6.05307
80 6.05314
81 6.05323
82 6.05328
83 6.05338
84 6.05342
85 6.05351
86 6.05356
87 6.05363
88 6.0537
89 6.05375
90 6.05382
91 6.05387
92 6.05394
93 6.05399
94 6.05404
95 6.05411
96 6.05415
97 6.05422
98 6.05426
99 6.05432
100 6.05436
101 6.05441
102 6.05446
103 6.05451
104 6.05456
105 6.0546
106 6.05464
107 6.05469
108 6.05473
109 6.05477
110 6.05481
111 6.05485
112 6.05489
113 6.05493
114 6.05497
115 6.055
116 6.05504
117 6.05508
118 6.05511
119 6.05515
120 6.05518
121 6.05521
122 6.05524
123 6.05528
124 6.05531
125 6.05534
126 6.05537
127 6.0554
128 6.05542
129 6.05545
130 6.05548
131 6.05551
132 6.05553
133 6.05556
134 6.05559
135 6.05561
136 6.05564
137 6.05566
138 6.05568
139 6.05571
140 6.05573
141 6.05575
142 6.05578
143 6.0558
144 6.05582
145 6.05584
146 6.05586
147 6.05588
148 6.0559
149 6.05592
150 6.05594
151 6.05596
152 6.05598
153 6.056
154 6.05601
155 6.05603
156 6.05605
157 6.05607
158 6.05608
159 6.0561
160 6.05612
161 6.05613
162 6.05615
163 6.05617
164 6.05618
165 6.0562
166 6.05621
167 6.05623
168 6.05624
169 6.05626
170 6.05627
171 6.05629
172 6.0563
173 6.05631
174 6.05633
175 6.05634
176 6.05635
177 6.05637
178 6.05638
179 6.05639
180 6.05641
181 6.05642
182 6.05643
183 6.05644
184 6.05646
185 6.05647
186 6.05648
187 6.05649
188 6.0565
189 6.05652
190 6.05653
191 6.05654
192 6.05655
193 6.05656
194 6.05657
195 6.05658
196 6.05659
197 6.05661
198 6.05662
199 6.05663
200 6.05664
