1 0.540743
2 0.24546
3 0.121132
4 0.168397
5 0.166781
6 0.123494
7 0.10077
8 0.0645378
9 0.033396
10 0.00525534
11 0.00241872
12 0.005954
13 0.00840092
14 0.00387821
15 0.0082395
16 0.00198505
17 0.000643082
18 0.003391
19 0.000254143
20 0.00247476
21 0.000749887
22 0.00292561
23 0.000794807
24 0.00167676
25 4.00339e-05
26 0.00065585
27 0.000772542
28 0.00042997
29 0.00139897
30 0.000598173
31 0.000886956
32 8.22224e-05
33 0.000407495
34 0.000144356
35 0.000123327
36 0.000335425
37 2.26345e-05
38 0.000238745
39 0.000142396
40 1.77132e-05
41 0.000248908
42 6.36735e-05
43 0.000269331
44 9.4011e-05
45 0.000222778
46 2.87554e-06
47 6.58198e-05
48 0.000124075
49 2.21971e-05
50 0.000132135
