1 0.567134
2 0.0511359
3 0.0286866
4 0.0546099
5 0.0386148
6 0.0405222
7 0.0267617
8 0.0250988
9 0.0141555
10 0.00378377
11 0.00221478
12 0.00464028
13 0.00561753
14 0.00229167
15 0.00437066
16 0.0013123
17 9.68613e-05
18 0.00230986
19 0.000256979
20 0.00189885
21 0.00093854
22 0.00207756
23 0.000870367
24 0.00125239
25 0.000200798
26 0.000537596
27 0.000357426
28 0.00016983
29 0.000763806
30 0.000292315
31 0.000473803
32 1.73977e-05
33 0.000212227
34 0.000102161
35 4.52915e-05
36 0.000215696
37 3.82863e-05
38 0.000151613
39 6.73608e-05
40 2.05548e-05
41 0.000125624
42 1.8168e-05
43 0.00013008
44 3.23607e-05
45 0.000105116
46 1.52523e-05
47 1.98339e-05
48 8.47986e-05
49 2.97211e-05
50 8.96545e-05
