1 0.568371
2 0.053533
3 0.0337229
4 0.0629223
5 0.0482117
6 0.0546951
7 0.0421993
8 0.0473155
9 0.0429634
10 0.0459167
11 0.0426398
12 0.0323709
13 0.0148192
14 0.00833696
15 0.00346138
16 0.00194574
17 0.00189809
18 0.00113149
19 0.00145106
20 0.000521568
21 0.00125567
22 0.000258069
23 0.0011835
24 0.000804557
25 0.0018909
26 0.00035304
27 0.00159442
28 0.00096464
29 0.00115769
30 0.00123024
31 0.00153785
32 0.00112085
33 0.00135924
34 0.00112385
35 0.00126296
36 0.00113142
37 0.00126419
38 0.00120262
39 0.00111499
40 0.00114392
41 0.00111998
42 0.00103211
43 0.0011051
44 0.00106113
45 0.00100388
46 0.00102342
47 0.000979717
48 0.000935484
49 0.00095673
50 0.000907589
