1 0.551293
2 0.332558
3 0.192094
4 0.271246
5 0.316423
6 0.277982
7 0.300595
8 0.259366
9 0.240527
10 0.177662
11 0.14208
12 0.0927131
13 0.0582969
14 0.042381
15 0.0249819
16 0.0155373
17 0.0144571
18 0.00722089
19 0.00676942
20 0.00199143
21 0.00510234
22 0.000562906
23 0.00409414
24 0.00194216
25 0.00383046
26 0.000481521
27 0.00378078
28 0.00273855
29 0.00306504
30 0.00362081
31 0.0031122
32 0.00281134
33 0.00239643
34 0.00278816
35 0.00263137
36 0.00274364
37 0.00272842
38 0.00258993
39 0.00237195
40 0.00242602
41 0.00251332
42 0.00232266
43 0.00250072
44 0.0023976
45 0.00219252
46 0.00229793
47 0.00215696
48 0.00213667
49 0.00217353
50 0.00205846
