1 7.18117
2 6.99052
3 6.82002
4 6.38868
5 6.17772
6 5.83089
7 5.64019
8 5.39909
9 5.22884
10 5.06313
11 4.95059
12 4.88251
13 4.87756
14 4.88046
15 4.89485
16 4.91179
17 4.92633
18 4.9464
19 4.95775
20 4.97043
21 4.9691
22 4.97933
23 4.97743
24 4.98357
25 4.98076
26 4.9862
27 4.98367
28 4.98462
29 4.98535
30 4.98471
31 4.98389
32 4.98401
33 4.98283
34 4.98227
35 4.98102
36 4.98057
37 4.9792
38 4.97807
39 4.97745
40 4.9759
41 4.97508
42 4.97386
43 4.97301
44 4.9715
45 4.97097
46 4.96953
47 4.96867
48 4.96771
49 4.96661
50 4.96579
51 4.96475
52 4.96396
53 4.96298
54 4.9622
55 4.96137
56 4.96052
57 4.95983
58 4.95899
59 4.95835
60 4.95759
61 4.95696
62 4.95629
63 4.95565
64 4.95506
65 4.95445
66 4.95389
67 4.95335
68 4.9528
69 4.95231
70 4.95178
71 4.95134
72 4.95083
73 4.95042
74 4.94996
75 4.94955
76 4.94914
77 4.94874
78 4.94837
79 4.94799
80 4.94763
81 4.94728
82 4.94694
83 4.94662
84 4.94629
85 4.94599
86 4.94568
87 4.9454
88 4.94511
89 4.94484
90 4.94457
91 4.9443
92 4.94405
93 4.9438
94 4.94356
95 4.94333
96 4.94309
97 4.94288
98 4.94265
99 4.94244
100 4.94223
101 4.94203
102 4.94183
103 4.94164
104 4.94145
105 4.94127
106 4.94109
107 4.94091
108 4.94074
109 4.94057
110 4.9404
111 4.94025
112 4.94009
113 4.93993
114 4.93978
115 4.93964
116 4.93949
117 4.93935
118 4.93921
119 4.93908
120 4.93894
121 4.93881
122 4.93869
123 4.93856
124 4.93844
125 4.93832
126 4.9382
127 4.93809
128 4.93798
129 4.93787
130 4.93776
131 4.93766
132 4.93755
133 4.93745
134 4.93735
135 4.93726
136 4.93716
137 4.93707
138 4.93698
139 4.93689
140 4.9368
141 4.93672
142 4.93663
143 4.93655
144 4.93647
145 4.93639
146 4.93632
147 4.93624
148 4.93617
149 4.9361
150 4.93603
151 4.93596
152 4.93589
153 4.93583
154 4.93576
155 4.9357
156 4.93564
157 4.93558
158 4.93552
159 4.93546
160 4.93541
161 4.93535
162 4.9353
163 4.93525
164 4.9352
165 4.93515
166 4.9351
167 4.93505
168 4.93501
169 4.93496
170 4.93492
171 4.93487
172 4.93483
173 4.93479
174 4.93475
175 4.93471
176 4.93468
177 4.93464
178 4.9346
179 4.93457
180 4.93454
181 4.9345
182 4.93447
183 4.93444
184 4.93441
185 4.93438
186 4.93435
187 4.93433
188 4.9343
189 4.93427
190 4.93425
191 4.93423
192 4.9342
193 4.93418
194 4.93416
195 4.93414
196 4.93412
197 4.9341
198 4.93408
199 4.93406
200 4.93404
