10000 20.9522
20000 17.7958
30000 16.1809
40000 15.2757
50000 14.7085
60000 14.3319
70000 14.1354
80000 13.9996
90000 13.9012
100000 13.8347
110000 13.782
120000 13.729
130000 13.691
140000 13.6593
150000 13.6336
160000 13.6108
170000 13.5892
180000 13.5703
190000 13.5516
200000 13.5352
210000 13.5193
220000 13.5046
230000 13.4899
240000 13.4771
250000 13.4644
260000 13.4524
270000 13.4405
280000 13.429
290000 13.4183
300000 13.4084
310000 13.3987
320000 13.39
330000 13.3812
340000 13.3723
350000 13.3634
360000 13.3546
370000 13.3468
380000 13.3389
390000 13.3313
400000 13.3236
410000 13.3162
420000 13.3098
430000 13.3026
440000 13.2961
450000 13.2895
460000 13.2831
470000 13.277
480000 13.2709
490000 13.2651
500000 13.2596
510000 13.2541
520000 13.2486
530000 13.2432
540000 13.238
550000 13.2327
560000 13.2278
570000 13.2231
580000 13.2183
590000 13.2136
600000 13.209
610000 13.2046
620000 13.2001
630000 13.1953
640000 13.1907
650000 13.1864
660000 13.1823
670000 13.1782
680000 13.1742
690000 13.1702
700000 13.1662
710000 13.1624
720000 13.1585
730000 13.1548
740000 13.1512
750000 13.1475
760000 13.144
770000 13.1404
780000 13.1368
790000 13.1332
800000 13.13
810000 13.1267
820000 13.1234
830000 13.12
840000 13.1167
850000 13.1135
860000 13.1103
870000 13.1074
880000 13.1044
890000 13.1013
900000 13.0981
910000 13.0951
920000 13.0925
930000 13.0894
940000 13.0864
950000 13.0835
960000 13.0807
970000 13.0778
980000 13.0751
990000 13.0724
1000000 13.0695
1010000 13.0668
1020000 13.0641
1030000 13.0614
1040000 13.0587
1050000 13.0559
1060000 13.0535
1070000 13.0511
1080000 13.0486
1090000 13.046
1100000 13.0434
1110000 13.0409
1120000 13.0383
1130000 13.0359
1140000 13.0334
1150000 13.031
1160000 13.0285
1170000 13.0261
1180000 13.0238
1190000 13.0214
1200000 13.0191
1210000 13.0169
1220000 13.0146
1230000 13.0123
1240000 13.01
1250000 13.0079
1260000 13.0058
1270000 13.0037
1280000 13.0015
1290000 12.9994
1300000 12.9971
1310000 12.9951
1320000 12.993
1330000 12.9909
1340000 12.989
1350000 12.9869
1360000 12.9849
1370000 12.9827
1380000 12.9808
1390000 12.9787
1400000 12.9767
1410000 12.9747
1420000 12.9726
1430000 12.9706
1440000 12.9688
1450000 12.9667
1460000 12.9647
1470000 12.9629
1480000 12.961
1490000 12.9589
1500000 12.9571
1510000 12.9552
1520000 12.9534
1530000 12.9514
1540000 12.9496
1550000 12.9478
1560000 12.946
1570000 12.9442
1580000 12.9423
1590000 12.9405
1600000 12.9388
1610000 12.9371
1620000 12.9353
1630000 12.9336
1640000 12.9319
1650000 12.9301
1660000 12.9283
1670000 12.9265
1680000 12.925
1690000 12.9232
1700000 12.9215
1710000 12.9197
1720000 12.918
1730000 12.9164
1740000 12.9146
1750000 12.9131
1760000 12.9114
1770000 12.9098
1780000 12.9081
1790000 12.9064
1800000 12.905
1810000 12.9033
1820000 12.9018
1830000 12.9001
1840000 12.8985
1850000 12.897
1860000 12.8954
1870000 12.8938
1880000 12.8924
1890000 12.8909
1900000 12.8893
1910000 12.8878
1920000 12.8862
1930000 12.8847
1940000 12.8832
1950000 12.8816
1960000 12.8801
1970000 12.8787
1980000 12.8773
1990000 12.8759
2000000 12.8744
2010000 12.8728
2020000 12.8714
2030000 12.8699
2040000 12.8685
2050000 12.867
2060000 12.8657
2070000 12.8643
2080000 12.8628
2090000 12.8614
2100000 12.86
2110000 12.8587
2120000 12.8574
2130000 12.8559
2140000 12.8546
2150000 12.8531
2160000 12.8517
2170000 12.8503
2180000 12.849
2190000 12.8476
2200000 12.8463
2210000 12.8449
2220000 12.8437
2230000 12.8422
2240000 12.8409
2250000 12.8396
2260000 12.8383
2270000 12.8369
2280000 12.8356
2290000 12.8342
2300000 12.8329
2310000 12.8316
2320000 12.8303
2330000 12.8291
2340000 12.8278
2350000 12.8266
2360000 12.8253
2370000 12.8241
2380000 12.8229
2390000 12.8216
2400000 12.8203
2410000 12.8191
2420000 12.8179
2430000 12.8166
2440000 12.8153
2450000 12.814
2460000 12.8128
2470000 12.8116
2480000 12.8104
2490000 12.8092
2500000 12.8079
2510000 12.8066
2520000 12.8053
2530000 12.8042
2540000 12.8029
2550000 12.8016
2560000 12.8005
2570000 12.7992
2580000 12.798
2590000 12.7968
2600000 12.7956
2610000 12.7944
2620000 12.7932
2630000 12.792
2640000 12.7909
2650000 12.7896
2660000 12.7885
2670000 12.7873
2680000 12.7861
2690000 12.7849
2700000 12.7837
2710000 12.7825
2720000 12.7814
2730000 12.7802
2740000 12.779
2750000 12.7779
2760000 12.7767
2770000 12.7756
2780000 12.7745
2790000 12.7734
2800000 12.7724
2810000 12.7713
2820000 12.7702
2830000 12.7691
2840000 12.7679
2850000 12.7668
2860000 12.7657
2870000 12.7646
2880000 12.7635
2890000 12.7624
2900000 12.7614
2910000 12.7603
2920000 12.7591
2930000 12.7581
2940000 12.7569
2950000 12.7558
2960000 12.7548
2970000 12.7536
2980000 12.7526
2990000 12.7515
3000000 12.7504
3010000 12.7494
3020000 12.7483
3030000 12.7473
3040000 12.7462
3050000 12.7451
3060000 12.7443
3070000 12.7431
3080000 12.7421
3090000 12.7411
3100000 12.74
3110000 12.7388
3120000 12.7378
3130000 12.7367
3140000 12.7357
3150000 12.7347
3160000 12.7337
3170000 12.7326
3180000 12.7316
3190000 12.7305
3200000 12.7294
3210000 12.7283
3220000 12.7274
3230000 12.7263
3240000 12.7253
3250000 12.7243
3260000 12.7233
3270000 12.7222
3280000 12.7213
3290000 12.7203
3300000 12.7193
3310000 12.7182
3320000 12.7173
3330000 12.7162
3340000 12.7153
3350000 12.7145
3360000 12.7136
3370000 12.7125
3380000 12.7115
3390000 12.7105
3400000 12.7094
3410000 12.7085
3420000 12.7075
3430000 12.7063
3440000 12.7053
3450000 12.7043
3460000 12.7033
3470000 12.7023
3480000 12.7014
3490000 12.7004
3500000 12.6994
3510000 12.6985
3520000 12.6975
3530000 12.6966
3540000 12.6955
3550000 12.6946
3560000 12.6936
3570000 12.6926
3580000 12.6917
3590000 12.6908
3600000 12.6899
3610000 12.6891
3620000 12.688
3630000 12.687
3640000 12.6861
3650000 12.6852
3660000 12.6843
3670000 12.6834
3680000 12.6825
3690000 12.6815
3700000 12.6806
3710000 12.6797
3720000 12.6789
3730000 12.6779
3740000 12.677
3750000 12.676
3760000 12.6751
3770000 12.6742
3780000 12.6732
3790000 12.6723
3800000 12.6713
3810000 12.6703
3820000 12.6695
3830000 12.6686
3840000 12.6675
3850000 12.6666
3860000 12.6657
3870000 12.6648
3880000 12.6638
3890000 12.663
3900000 12.6621
3910000 12.6611
3920000 12.6603
3930000 12.6594
3940000 12.6586
3950000 12.6577
3960000 12.6568
3970000 12.6559
3980000 12.6551
3990000 12.6541
4000000 12.6532
4010000 12.6524
4020000 12.6515
4030000 12.6507
4040000 12.6498
4050000 12.649
4060000 12.6481
4070000 12.6473
4080000 12.6464
4090000 12.6455
4100000 12.6446
4110000 12.6437
4120000 12.6428
4130000 12.6419
4140000 12.641
4150000 12.6402
4160000 12.6393
4170000 12.6384
4180000 12.6376
4190000 12.6368
4200000 12.6359
4210000 12.635
4220000 12.6341
4230000 12.6332
4240000 12.6324
4250000 12.6316
4260000 12.6307
4270000 12.6301
4280000 12.6292
4290000 12.6283
4300000 12.6275
4310000 12.6267
4320000 12.6258
4330000 12.625
4340000 12.6241
4350000 12.6233
4360000 12.6226
4370000 12.6217
4380000 12.6209
4390000 12.6201
4400000 12.6192
4410000 12.6187
4420000 12.6177
4430000 12.6168
4440000 12.6159
4450000 12.6151
4460000 12.6142
4470000 12.6134
4480000 12.6126
4490000 12.6118
4500000 12.6111
4510000 12.6104
4520000 12.6095
4530000 12.6086
4540000 12.6078
4550000 12.6069
4560000 12.6061
4570000 12.6053
4580000 12.6045
4590000 12.6038
4600000 12.6031
4610000 12.6022
4620000 12.6014
4630000 12.6006
4640000 12.5998
4650000 12.599
4660000 12.5982
4670000 12.5974
4680000 12.5967
4690000 12.596
4700000 12.5952
4710000 12.5944
4720000 12.5936
4730000 12.5928
4740000 12.592
4750000 12.5911
4760000 12.5904
4770000 12.5896
4780000 12.5889
4790000 12.5882
4800000 12.5874
4810000 12.5865
4820000 12.5858
4830000 12.5851
4840000 12.5843
4850000 12.5836
4860000 12.5827
4870000 12.582
4880000 12.5812
4890000 12.5805
4900000 12.5798
4910000 12.5791
4920000 12.5783
4930000 12.5775
4940000 12.5767
4950000 12.5758
4960000 12.5753
4970000 12.5744
4980000 12.5736
4990000 12.5729
5000000 12.5721
5010000 12.5713
5020000 12.5706
5030000 12.5698
5040000 12.5691
5050000 12.5685
5060000 12.5677
5070000 12.5669
5080000 12.5661
5090000 12.5654
5100000 12.5647
5110000 12.5639
5120000 12.5631
5130000 12.5623
5140000 12.5616
5150000 12.561
5160000 12.5602
5170000 12.5596
5180000 12.5587
5190000 12.558
5200000 12.5573
5210000 12.5567
5220000 12.5558
5230000 12.555
5240000 12.5543
5250000 12.5537
5260000 12.5528
5270000 12.5522
5280000 12.5515
5290000 12.5506
5300000 12.5499
5310000 12.5491
5320000 12.5484
5330000 12.5477
5340000 12.5469
5350000 12.5461
5360000 12.5454
5370000 12.5447
5380000 12.5441
5390000 12.5434
5400000 12.5427
5410000 12.542
5420000 12.5413
5430000 12.5407
5440000 12.54
5450000 12.5394
5460000 12.5386
5470000 12.5379
5480000 12.5372
5490000 12.5365
5500000 12.5357
5510000 12.535
5520000 12.5343
5530000 12.5335
5540000 12.5327
5550000 12.5321
5560000 12.5314
5570000 12.5308
5580000 12.5301
5590000 12.5294
5600000 12.5287
5610000 12.528
5620000 12.5273
5630000 12.5266
5640000 12.5259
5650000 12.5253
5660000 12.5245
5670000 12.5238
5680000 12.523
5690000 12.5223
5700000 12.5216
5710000 12.5208
5720000 12.5202
5730000 12.5195
5740000 12.5188
5750000 12.5181
5760000 12.5174
5770000 12.5168
5780000 12.5161
5790000 12.5153
5800000 12.5145
5810000 12.5139
5820000 12.5132
5830000 12.5126
5840000 12.5119
5850000 12.5112
5860000 12.5108
5870000 12.51
5880000 12.5093
5890000 12.5085
5900000 12.5077
5910000 12.5071
5920000 12.5064
5930000 12.5057
5940000 12.505
5950000 12.5043
5960000 12.5038
5970000 12.503
5980000 12.5022
5990000 12.5015
6000000 12.5008
6010000 12.5002
6020000 12.4995
6030000 12.4988
6040000 12.4982
6050000 12.4975
6060000 12.4968
6070000 12.4962
6080000 12.4955
6090000 12.4948
6100000 12.4942
6110000 12.4936
6120000 12.4929
6130000 12.4922
6140000 12.4915
6150000 12.4909
6160000 12.4902
6170000 12.4896
6180000 12.489
6190000 12.4883
6200000 12.4876
6210000 12.4871
6220000 12.4864
6230000 12.4858
6240000 12.4851
6250000 12.4844
6260000 12.4839
6270000 12.4832
6280000 12.4824
6290000 12.4817
6300000 12.4812
6310000 12.4805
6320000 12.4799
6330000 12.4792
6340000 12.4786
6350000 12.4778
6360000 12.4772
6370000 12.4765
6380000 12.4759
6390000 12.4755
6400000 12.4748
6410000 12.4741
6420000 12.4734
6430000 12.4728
6440000 12.4721
6450000 12.4715
6460000 12.4709
6470000 12.4704
6480000 12.4696
6490000 12.469
6500000 12.4684
6510000 12.4678
6520000 12.4671
6530000 12.4665
6540000 12.4659
6550000 12.4652
6560000 12.4645
6570000 12.464
6580000 12.4633
6590000 12.4627
6600000 12.462
6610000 12.4615
6620000 12.4608
6630000 12.4601
6640000 12.4594
6650000 12.4587
6660000 12.4582
6670000 12.4577
6680000 12.457
6690000 12.4564
6700000 12.4557
6710000 12.4552
6720000 12.4546
6730000 12.454
6740000 12.4534
6750000 12.4526
6760000 12.452
6770000 12.4514
6780000 12.4508
6790000 12.4501
6800000 12.4495
6810000 12.4489
6820000 12.4483
6830000 12.4477
6840000 12.4471
6850000 12.4464
6860000 12.4458
6870000 12.4452
6880000 12.4446
6890000 12.444
6900000 12.4433
6910000 12.4428
6920000 12.4422
6930000 12.4415
6940000 12.441
6950000 12.4404
6960000 12.4399
6970000 12.4392
6980000 12.4385
6990000 12.4379
7000000 12.4372
7010000 12.4366
7020000 12.4361
7030000 12.4355
7040000 12.4349
7050000 12.4344
7060000 12.4338
7070000 12.4331
7080000 12.4326
7090000 12.432
7100000 12.4313
7110000 12.4307
7120000 12.4301
7130000 12.4293
7140000 12.4288
7150000 12.4284
7160000 12.4277
7170000 12.4271
7180000 12.4264
7190000 12.4259
7200000 12.4252
7210000 12.4245
7220000 12.424
7230000 12.4234
7240000 12.4228
7250000 12.4221
7260000 12.4216
7270000 12.421
7280000 12.4204
7290000 12.4198
7300000 12.4192
7310000 12.4187
7320000 12.418
7330000 12.4174
7340000 12.4168
7350000 12.4162
7360000 12.4156
7370000 12.4151
7380000 12.4145
7390000 12.4139
7400000 12.4132
7410000 12.4127
7420000 12.4121
7430000 12.4115
7440000 12.411
7450000 12.4105
7460000 12.4099
7470000 12.4093
7480000 12.4087
7490000 12.4081
7500000 12.4076
7510000 12.4071
7520000 12.4066
7530000 12.4059
7540000 12.4054
7550000 12.4047
7560000 12.4041
7570000 12.4035
7580000 12.4028
7590000 12.4023
7600000 12.4017
7610000 12.4011
7620000 12.4005
7630000 12.3999
7640000 12.3993
7650000 12.3987
7660000 12.3982
7670000 12.3977
7680000 12.3971
7690000 12.3965
7700000 12.3959
7710000 12.3953
7720000 12.3947
7730000 12.3941
7740000 12.3935
7750000 12.393
7760000 12.3924
7770000 12.3919
7780000 12.3913
7790000 12.3908
7800000 12.3902
7810000 12.3896
7820000 12.389
7830000 12.3885
7840000 12.3879
7850000 12.3874
7860000 12.3868
7870000 12.3862
7880000 12.3858
7890000 12.3852
7900000 12.3846
7910000 12.384
7920000 12.3834
7930000 12.383
7940000 12.3825
7950000 12.382
7960000 12.3814
7970000 12.3808
7980000 12.3802
7990000 12.3797
8000000 12.3791
8010000 12.3785
8020000 12.3779
8030000 12.3776
8040000 12.377
8050000 12.3763
8060000 12.3758
8070000 12.3753
8080000 12.3747
8090000 12.3742
8100000 12.3736
8110000 12.373
8120000 12.3724
8130000 12.3719
8140000 12.3713
8150000 12.3709
8160000 12.3703
8170000 12.3697
8180000 12.369
8190000 12.3684
8200000 12.3679
8210000 12.3674
8220000 12.3668
8230000 12.3663
8240000 12.3657
8250000 12.3651
8260000 12.3647
8270000 12.3641
8280000 12.3636
8290000 12.363
8300000 12.3624
8310000 12.3619
8320000 12.3614
8330000 12.3609
8340000 12.3605
8350000 12.3599
8360000 12.3592
8370000 12.3587
8380000 12.3582
8390000 12.3577
8400000 12.3571
8410000 12.3565
8420000 12.356
8430000 12.3554
8440000 12.3548
8450000 12.3545
8460000 12.3539
8470000 12.3533
8480000 12.3528
8490000 12.3523
8500000 12.3517
8510000 12.3513
8520000 12.3508
8530000 12.3503
8540000 12.3498
8550000 12.3491
8560000 12.3486
8570000 12.3481
8580000 12.3475
8590000 12.347
8600000 12.3466
8610000 12.3459
8620000 12.3453
8630000 12.3448
8640000 12.3442
8650000 12.3436
8660000 12.3431
8670000 12.3426
8680000 12.342
8690000 12.3415
8700000 12.341
8710000 12.3405
8720000 12.34
8730000 12.3395
8740000 12.339
8750000 12.3384
8760000 12.3379
8770000 12.3374
8780000 12.3368
8790000 12.3363
8800000 12.3358
8810000 12.3352
8820000 12.3346
8830000 12.3341
8840000 12.3336
8850000 12.333
8860000 12.3324
8870000 12.3319
8880000 12.3316
8890000 12.331
8900000 12.3304
8910000 12.3301
8920000 12.3295
8930000 12.3289
8940000 12.3283
8950000 12.3279
8960000 12.3274
8970000 12.3269
8980000 12.3263
8990000 12.3257
9000000 12.3251
9010000 12.3246
9020000 12.3241
9030000 12.3236
9040000 12.3231
9050000 12.3226
9060000 12.3221
9070000 12.3216
9080000 12.3211
9090000 12.3205
9100000 12.32
9110000 12.3195
9120000 12.3191
9130000 12.3185
9140000 12.318
9150000 12.3176
9160000 12.317
9170000 12.3165
9180000 12.3159
9190000 12.3154
9200000 12.315
9210000 12.3144
9220000 12.3139
9230000 12.3134
9240000 12.313
9250000 12.3125
9260000 12.3121
9270000 12.3116
9280000 12.311
9290000 12.3105
9300000 12.3099
9310000 12.3094
9320000 12.3089
9330000 12.3084
9340000 12.3078
9350000 12.3073
9360000 12.3069
9370000 12.3064
9380000 12.3059
9390000 12.3055
9400000 12.305
9410000 12.3044
9420000 12.3038
9430000 12.3032
9440000 12.3027
9450000 12.3023
9460000 12.3017
9470000 12.3013
9480000 12.3007
9490000 12.3002
9500000 12.2997
9510000 12.2992
9520000 12.2987
9530000 12.2982
9540000 12.2977
9550000 12.2971
9560000 12.2965
9570000 12.296
9580000 12.2955
9590000 12.295
9600000 12.2947
9610000 12.2941
9620000 12.2936
9630000 12.2932
9640000 12.2926
9650000 12.2922
9660000 12.2916
9670000 12.2911
9680000 12.2906
9690000 12.2901
9700000 12.2895
9710000 12.2891
9720000 12.2886
9730000 12.2881
9740000 12.2877
9750000 12.2872
9760000 12.2866
9770000 12.2861
9780000 12.2856
9790000 12.2851
9800000 12.2846
9810000 12.2841
9820000 12.2837
9830000 12.2832
9840000 12.2827
9850000 12.2822
9860000 12.2816
9870000 12.2813
9880000 12.2808
9890000 12.2802
9900000 12.2798
9910000 12.2793
9920000 12.2788
9930000 12.2783
9940000 12.2779
9950000 12.2773
9960000 12.2767
9970000 12.2762
9980000 12.2758
9990000 12.2754
10000000 12.2749
10010000 12.2744
10020000 12.2739
10030000 12.2734
10040000 12.273
10050000 12.2725
10060000 12.2721
10070000 12.2715
10080000 12.271
10090000 12.2705
10100000 12.27
10110000 12.2695
10120000 12.269
10130000 12.2686
10140000 12.268
10150000 12.2675
10160000 12.2671
10170000 12.2666
10180000 12.2661
10190000 12.2655
10200000 12.2651
10210000 12.2646
10220000 12.2642
10230000 12.2637
10240000 12.2632
10250000 12.2627
10260000 12.2624
10270000 12.2617
10280000 12.2613
10290000 12.2608
10300000 12.2603
10310000 12.2598
10320000 12.2593
10330000 12.2588
10340000 12.2583
10350000 12.2579
10360000 12.2574
10370000 12.257
10380000 12.2566
10390000 12.256
10400000 12.2556
10410000 12.2551
10420000 12.2547
10430000 12.2542
10440000 12.2537
10450000 12.2532
10460000 12.2528
10470000 12.2523
10480000 12.2523
10490000 12.2517
10500000 12.2511
10510000 12.2504
10520000 12.2499
10530000 12.2494
10540000 12.2489
10550000 12.2485
10560000 12.248
10570000 12.2476
10580000 12.2471
10590000 12.2466
10600000 12.2462
10610000 12.2457
10620000 12.2451
10630000 12.2447
10640000 12.2442
10650000 12.2436
10660000 12.2432
10670000 12.2429
10680000 12.2424
10690000 12.2418
10700000 12.2414
10710000 12.2408
10720000 12.2403
10730000 12.2399
10740000 12.2394
10750000 12.2389
10760000 12.2384
10770000 12.2379
10780000 12.2375
10790000 12.237
10800000 12.2365
10810000 12.2362
10820000 12.2357
10830000 12.2353
10840000 12.2348
10850000 12.2344
10860000 12.234
10870000 12.2335
10880000 12.233
10890000 12.2326
10900000 12.2321
10910000 12.2319
10920000 12.2314
10930000 12.2309
10940000 12.2305
10950000 12.23
10960000 12.2294
10970000 12.229
10980000 12.2285
10990000 12.228
11000000 12.2277
11010000 12.2272
11020000 12.2267
11030000 12.2262
11040000 12.2257
11050000 12.2252
11060000 12.2248
11070000 12.2243
11080000 12.2238
11090000 12.2233
11100000 12.2229
11110000 12.2224
11120000 12.222
11130000 12.2214
11140000 12.2209
11150000 12.2206
11160000 12.2201
11170000 12.2196
11180000 12.2191
11190000 12.2187
11200000 12.2181
11210000 12.2178
11220000 12.2173
11230000 12.2169
11240000 12.2163
11250000 12.2159
11260000 12.2155
11270000 12.2149
11280000 12.2145
11290000 12.2141
11300000 12.2136
11310000 12.2133
11320000 12.2129
11330000 12.2123
11340000 12.2118
11350000 12.2113
11360000 12.2111
11370000 12.2105
11380000 12.2101
11390000 12.2097
11400000 12.2092
11410000 12.2086
11420000 12.2082
11430000 12.2078
11440000 12.2072
11450000 12.2067
11460000 12.2063
11470000 12.2059
11480000 12.2055
11490000 12.205
11500000 12.2045
11510000 12.204
11520000 12.2036
11530000 12.2031
11540000 12.2026
11550000 12.2022
11560000 12.2018
11570000 12.2014
11580000 12.201
11590000 12.2006
11600000 12.2001
11610000 12.1997
11620000 12.1995
11630000 12.1992
11640000 12.1986
11650000 12.1981
11660000 12.1975
11670000 12.1976
11680000 12.197
11690000 12.1966
11700000 12.1959
11710000 12.1954
11720000 12.1949
11730000 12.1944
11740000 12.1939
11750000 12.1934
11760000 12.193
11770000 12.1925
11780000 12.1921
11790000 12.1916
11800000 12.1912
11810000 12.1908
11820000 12.1904
11830000 12.19
11840000 12.1895
11850000 12.1891
11860000 12.1885
11870000 12.188
11880000 12.1876
11890000 12.1872
11900000 12.1868
11910000 12.1864
11920000 12.1859
11930000 12.1856
11940000 12.185
11950000 12.1846
11960000 12.1842
11970000 12.1837
11980000 12.1832
11990000 12.1831
12000000 12.1825
12010000 12.182
12020000 12.1816
12030000 12.1811
12040000 12.1807
12050000 12.1802
12060000 12.1797
12070000 12.1793
12080000 12.1788
12090000 12.1784
12100000 12.178
12110000 12.1778
12120000 12.1772
12130000 12.1768
12140000 12.1764
12150000 12.1759
12160000 12.1754
12170000 12.175
12180000 12.1746
12190000 12.1742
12200000 12.1737
12210000 12.1733
12220000 12.1728
12230000 12.1724
12240000 12.172
12250000 12.1715
12260000 12.1711
12270000 12.1707
12280000 12.1703
12290000 12.1699
12300000 12.1694
12310000 12.1689
12320000 12.1685
12330000 12.1681
12340000 12.1677
12350000 12.1673
12360000 12.1668
12370000 12.1663
12380000 12.1659
12390000 12.1655
12400000 12.1651
12410000 12.1646
12420000 12.1642
12430000 12.1638
12440000 12.1633
12450000 12.1629
12460000 12.1626
12470000 12.1622
12480000 12.1619
12490000 12.1614
12500000 12.1609
12510000 12.1605
12520000 12.1601
12530000 12.1596
12540000 12.1593
12550000 12.1588
12560000 12.1583
12570000 12.158
12580000 12.1575
12590000 12.1572
12600000 12.1568
12610000 12.1563
12620000 12.1558
12630000 12.1553
12640000 12.1549
12650000 12.1546
12660000 12.1541
12670000 12.1537
12680000 12.1532
12690000 12.1528
12700000 12.1524
12710000 12.1521
12720000 12.1516
12730000 12.1512
12740000 12.1508
12750000 12.1504
12760000 12.1499
12770000 12.1495
12780000 12.1491
12790000 12.1486
12800000 12.1481
12810000 12.1477
12820000 12.1473
12830000 12.147
12840000 12.1465
12850000 12.146
12860000 12.1457
12870000 12.1453
12880000 12.1452
12890000 12.1446
12900000 12.144
12910000 12.1435
12920000 12.143
12930000 12.1426
12940000 12.1423
12950000 12.1418
12960000 12.1414
12970000 12.141
12980000 12.1406
12990000 12.1402
13000000 12.1397
13010000 12.1394
13020000 12.1389
13030000 12.1385
13040000 12.1381
13050000 12.1378
13060000 12.1374
13070000 12.137
13080000 12.1365
13090000 12.1362
13100000 12.1358
13110000 12.1353
13120000 12.135
13130000 12.1345
13140000 12.1341
13150000 12.1336
13160000 12.1332
13170000 12.1328
13180000 12.1323
13190000 12.1322
13200000 12.1316
13210000 12.1312
13220000 12.1308
13230000 12.1304
13240000 12.13
13250000 12.1296
13260000 12.1291
13270000 12.1287
13280000 12.1283
13290000 12.1279
13300000 12.1274
13310000 12.127
13320000 12.1266
13330000 12.1263
13340000 12.1259
13350000 12.1255
13360000 12.125
13370000 12.1246
13380000 12.1242
13390000 12.1239
13400000 12.1235
13410000 12.123
13420000 12.1226
13430000 12.1221
13440000 12.1218
13450000 12.1213
13460000 12.1209
13470000 12.1205
13480000 12.1201
13490000 12.1197
13500000 12.1194
13510000 12.1189
13520000 12.1185
13530000 12.1181
13540000 12.1177
13550000 12.1173
13560000 12.1168
13570000 12.1164
13580000 12.1161
13590000 12.1157
13600000 12.1153
13610000 12.1149
13620000 12.1144
13630000 12.1139
13640000 12.1135
13650000 12.113
13660000 12.1126
13670000 12.1122
13680000 12.1118
13690000 12.1115
13700000 12.1111
13710000 12.1107
13720000 12.1103
13730000 12.11
13740000 12.1096
13750000 12.1092
13760000 12.1087
13770000 12.1084
13780000 12.1079
13790000 12.1075
13800000 12.1071
13810000 12.1068
13820000 12.1064
13830000 12.106
13840000 12.1055
13850000 12.1052
13860000 12.1048
13870000 12.1043
13880000 12.1039
13890000 12.1035
13900000 12.1031
13910000 12.1027
13920000 12.1022
13930000 12.1019
13940000 12.1017
13950000 12.1012
13960000 12.1008
13970000 12.1003
13980000 12.0998
13990000 12.0995
14000000 12.0991
14010000 12.0987
14020000 12.0983
14030000 12.0978
14040000 12.0974
14050000 12.0971
14060000 12.0966
14070000 12.0962
14080000 12.0958
14090000 12.0954
14100000 12.095
14110000 12.0947
14120000 12.0942
14130000 12.0939
14140000 12.0934
14150000 12.093
14160000 12.0927
14170000 12.0923
14180000 12.0919
14190000 12.0915
14200000 12.0911
14210000 12.0908
14220000 12.0903
14230000 12.0898
14240000 12.0895
14250000 12.0891
14260000 12.0887
14270000 12.0883
14280000 12.0879
14290000 12.0875
14300000 12.0871
14310000 12.0867
14320000 12.0863
14330000 12.0859
14340000 12.0855
14350000 12.0851
14360000 12.0847
14370000 12.0844
14380000 12.084
14390000 12.0835
14400000 12.0832
14410000 12.0828
14420000 12.0823
14430000 12.0819
14440000 12.0815
14450000 12.0812
14460000 12.0809
14470000 12.0805
14480000 12.08
14490000 12.0797
14500000 12.0793
14510000 12.079
14520000 12.0786
14530000 12.0781
14540000 12.0777
14550000 12.0774
14560000 12.077
14570000 12.0766
14580000 12.0761
14590000 12.0757
14600000 12.0753
14610000 12.075
14620000 12.0746
14630000 12.0742
14640000 12.0738
14650000 12.0733
14660000 12.0729
14670000 12.0727
14680000 12.0722
14690000 12.0718
14700000 12.0714
14710000 12.0711
14720000 12.0707
14730000 12.0704
14740000 12.0699
14750000 12.0696
14760000 12.0692
14770000 12.0687
14780000 12.0683
14790000 12.0679
14800000 12.0676
14810000 12.0672
14820000 12.0668
14830000 12.0664
14840000 12.066
14850000 12.0657
14860000 12.0653
14870000 12.0649
14880000 12.0645
14890000 12.0641
14900000 12.0637
14910000 12.0633
14920000 12.0629
14930000 12.0626
14940000 12.0622
14950000 12.0619
14960000 12.0615
14970000 12.0611
14980000 12.0608
14990000 12.0604
15000000 12.06
15010000 12.0596
15020000 12.0592
15030000 12.0588
15040000 12.0583
15050000 12.0579
15060000 12.0575
15070000 12.0572
15080000 12.0568
15090000 12.0564
15100000 12.0559
15110000 12.0556
15120000 12.0552
15130000 12.0548
15140000 12.0545
15150000 12.054
15160000 12.0538
15170000 12.0535
15180000 12.053
15190000 12.0526
15200000 12.0523
15210000 12.0519
15220000 12.0515
15230000 12.0511
15240000 12.0508
15250000 12.0505
15260000 12.05
15270000 12.0497
15280000 12.0492
15290000 12.0489
15300000 12.0485
15310000 12.0481
15320000 12.0477
15330000 12.0473
15340000 12.0469
15350000 12.0465
15360000 12.0462
15370000 12.0459
15380000 12.0455
15390000 12.0451
15400000 12.0448
15410000 12.0444
15420000 12.044
15430000 12.0437
15440000 12.0432
15450000 12.0428
15460000 12.0424
15470000 12.042
15480000 12.0418
15490000 12.0413
15500000 12.0409
15510000 12.0406
15520000 12.0402
15530000 12.0398
15540000 12.0394
15550000 12.039
15560000 12.0387
15570000 12.0384
15580000 12.038
15590000 12.0375
15600000 12.0372
15610000 12.0368
15620000 12.0363
15630000 12.036
15640000 12.0357
15650000 12.0354
15660000 12.0351
15670000 12.0346
15680000 12.0342
15690000 12.0339
15700000 12.0335
15710000 12.0331
15720000 12.0327
15730000 12.0324
15740000 12.032
15750000 12.0316
15760000 12.0312
15770000 12.0308
15780000 12.0304
15790000 12.0302
15800000 12.03
15810000 12.0295
15820000 12.0291
15830000 12.0287
15840000 12.0284
15850000 12.0279
15860000 12.0276
15870000 12.0271
15880000 12.0267
15890000 12.0264
15900000 12.026
15910000 12.0256
15920000 12.0253
15930000 12.0249
15940000 12.0245
15950000 12.0242
15960000 12.0238
15970000 12.0234
15980000 12.023
15990000 12.0227
16000000 12.0223
16010000 12.022
16020000 12.0216
16030000 12.0212
16040000 12.0208
16050000 12.0205
16060000 12.0201
16070000 12.0198
16080000 12.0194
16090000 12.0191
16100000 12.0187
16110000 12.0182
16120000 12.0179
16130000 12.0175
16140000 12.0171
16150000 12.0168
16160000 12.0165
16170000 12.0161
16180000 12.0157
16190000 12.0154
16200000 12.0152
16210000 12.0148
16220000 12.0143
16230000 12.014
16240000 12.0136
16250000 12.0131
16260000 12.0128
16270000 12.0123
16280000 12.0119
16290000 12.0116
16300000 12.0114
16310000 12.011
16320000 12.0107
16330000 12.0102
16340000 12.01
16350000 12.0096
16360000 12.0092
16370000 12.0088
16380000 12.0084
16390000 12.008
16400000 12.0077
16410000 12.0073
16420000 12.0069
16430000 12.0065
16440000 12.0061
16450000 12.0057
16460000 12.0053
16470000 12.0049
16480000 12.0047
16490000 12.0044
16500000 12.0041
16510000 12.0036
16520000 12.0032
16530000 12.0029
16540000 12.0024
16550000 12.0021
16560000 12.0017
16570000 12.0013
16580000 12.0009
16590000 12.0006
16600000 12.0003
16610000 11.9999
16620000 11.9995
16630000 11.9994
16640000 11.9989
16650000 11.9985
16660000 11.9981
16670000 11.9978
16680000 11.9974
16690000 11.997
16700000 11.9966
16710000 11.9963
16720000 11.9959
16730000 11.9955
16740000 11.9952
16750000 11.9948
16760000 11.9945
16770000 11.994
16780000 11.9937
16790000 11.9934
16800000 11.993
16810000 11.9926
16820000 11.9925
16830000 11.992
16840000 11.9916
16850000 11.9912
16860000 11.9908
16870000 11.9905
16880000 11.9901
16890000 11.9898
16900000 11.9894
16910000 11.9891
16920000 11.9886
16930000 11.9883
16940000 11.9879
16950000 11.9875
16960000 11.9872
16970000 11.9868
16980000 11.9865
16990000 11.9862
17000000 11.9858
17010000 11.9855
17020000 11.9852
17030000 11.9847
17040000 11.9844
17050000 11.984
17060000 11.9837
17070000 11.9834
17080000 11.983
17090000 11.9826
17100000 11.9822
17110000 11.9819
17120000 11.9816
17130000 11.9811
17140000 11.9807
17150000 11.9805
17160000 11.9802
17170000 11.9798
17180000 11.9795
17190000 11.9792
17200000 11.9788
17210000 11.9785
17220000 11.9783
17230000 11.9779
17240000 11.9775
17250000 11.9771
17260000 11.9768
17270000 11.9764
17280000 11.976
17290000 11.9757
17300000 11.9753
17310000 11.9749
17320000 11.9746
17330000 11.9742
17340000 11.9738
17350000 11.9735
17360000 11.9731
17370000 11.9727
17380000 11.9724
17390000 11.9721
17400000 11.9718
17410000 11.9714
17420000 11.971
17430000 11.9707
17440000 11.9703
17450000 11.97
17460000 11.9697
17470000 11.9694
17480000 11.969
17490000 11.9686
17500000 11.9683
17510000 11.9679
17520000 11.9676
17530000 11.9672
17540000 11.967
17550000 11.9667
17560000 11.9662
17570000 11.9658
17580000 11.9658
17590000 11.9655
17600000 11.9649
17610000 11.9645
17620000 11.9642
17630000 11.9638
17640000 11.9635
17650000 11.9631
17660000 11.9629
17670000 11.9625
17680000 11.9621
17690000 11.9618
17700000 11.9615
17710000 11.9611
17720000 11.9607
17730000 11.9603
17740000 11.9601
17750000 11.9599
17760000 11.9595
17770000 11.9592
17780000 11.9588
17790000 11.9584
17800000 11.9579
17810000 11.9576
17820000 11.9573
17830000 11.957
17840000 11.9566
17850000 11.9562
17860000 11.9558
17870000 11.9557
17880000 11.9552
17890000 11.9548
17900000 11.9546
17910000 11.9543
17920000 11.9539
17930000 11.9535
17940000 11.9531
17950000 11.9528
17960000 11.9524
17970000 11.9521
17980000 11.9517
17990000 11.9513
18000000 11.9509
18010000 11.9507
18020000 11.9503
18030000 11.95
18040000 11.9496
18050000 11.9492
18060000 11.9489
18070000 11.9486
18080000 11.9482
18090000 11.9478
18100000 11.9475
18110000 11.9472
18120000 11.9468
18130000 11.9464
18140000 11.9461
18150000 11.9457
18160000 11.9454
18170000 11.945
18180000 11.9447
18190000 11.9443
18200000 11.9439
18210000 11.9436
18220000 11.9433
18230000 11.9429
18240000 11.9425
18250000 11.9422
18260000 11.9419
18270000 11.9415
18280000 11.9412
18290000 11.941
18300000 11.9406
18310000 11.9403
18320000 11.9401
18330000 11.9397
18340000 11.9394
18350000 11.939
18360000 11.9386
18370000 11.9382
18380000 11.9379
18390000 11.9376
18400000 11.9372
18410000 11.9369
18420000 11.9366
18430000 11.9362
18440000 11.9358
18450000 11.9355
18460000 11.9352
18470000 11.9348
18480000 11.9345
18490000 11.9342
18500000 11.934
18510000 11.9336
18520000 11.9332
18530000 11.933
18540000 11.933
18550000 11.9325
18560000 11.932
18570000 11.9318
18580000 11.9314
18590000 11.9311
18600000 11.9306
18610000 11.9302
18620000 11.9299
18630000 11.9295
18640000 11.9291
18650000 11.9288
18660000 11.9285
18670000 11.9282
18680000 11.9279
18690000 11.9275
18700000 11.9272
18710000 11.9267
18720000 11.9265
18730000 11.9261
18740000 11.9257
18750000 11.9254
18760000 11.925
18770000 11.9247
18780000 11.9243
18790000 11.924
18800000 11.9236
18810000 11.9233
18820000 11.923
18830000 11.9226
18840000 11.9223
18850000 11.922
18860000 11.9217
18870000 11.9213
18880000 11.9213
18890000 11.9207
18900000 11.9204
18910000 11.92
18920000 11.9196
18930000 11.9193
18940000 11.919
18950000 11.9186
18960000 11.9183
18970000 11.9179
18980000 11.9175
18990000 11.9171
19000000 11.9168
19010000 11.9164
19020000 11.9162
19030000 11.9159
19040000 11.9155
19050000 11.9152
19060000 11.9148
19070000 11.9145
19080000 11.9141
19090000 11.9138
19100000 11.9135
19110000 11.9132
19120000 11.9128
19130000 11.9125
19140000 11.9121
19150000 11.9119
19160000 11.9117
19170000 11.9113
19180000 11.911
19190000 11.9106
19200000 11.9103
19210000 11.91
19220000 11.9097
19230000 11.9094
19240000 11.909
19250000 11.9087
19260000 11.9084
19270000 11.9081
19280000 11.9079
19290000 11.9075
19300000 11.9072
19310000 11.9068
19320000 11.9064
19330000 11.9061
19340000 11.9057
19350000 11.9055
19360000 11.9051
19370000 11.9047
19380000 11.9043
19390000 11.904
19400000 11.9038
19410000 11.9035
19420000 11.9032
19430000 11.9028
19440000 11.9024
19450000 11.9021
19460000 11.9018
19470000 11.9015
19480000 11.9012
19490000 11.9009
19500000 11.9006
19510000 11.9003
19520000 11.8999
19530000 11.8995
19540000 11.8995
19550000 11.8993
19560000 11.8988
19570000 11.8983
19580000 11.8977
19590000 11.8976
19600000 11.8973
19610000 11.8968
19620000 11.8965
19630000 11.8961
19640000 11.8958
19650000 11.8955
19660000 11.8951
19670000 11.8948
19680000 11.8945
19690000 11.8941
19700000 11.8939
19710000 11.8935
19720000 11.8931
19730000 11.8929
19740000 11.8925
19750000 11.8921
19760000 11.8918
19770000 11.8914
19780000 11.891
19790000 11.8908
19800000 11.8904
19810000 11.8901
19820000 11.8897
19830000 11.8893
19840000 11.8891
19850000 11.8887
19860000 11.8885
19870000 11.8881
19880000 11.8878
19890000 11.8876
19900000 11.8873
19910000 11.8868
19920000 11.8865
19930000 11.8862
19940000 11.8859
19950000 11.8856
19960000 11.8852
19970000 11.8848
19980000 11.8845
19990000 11.8842
20000000 11.884
20010000 11.8836
20020000 11.8832
20030000 11.8829
20040000 11.8826
20050000 11.8822
20060000 11.8819
20070000 11.8815
20080000 11.8812
20090000 11.8809
20100000 11.8805
20110000 11.8803
20120000 11.8799
20130000 11.8796
20140000 11.8793
20150000 11.879
20160000 11.8787
20170000 11.8784
20180000 11.8781
20190000 11.8778
20200000 11.8774
20210000 11.8771
20220000 11.8767
20230000 11.8764
20240000 11.8761
20250000 11.8758
20260000 11.8755
20270000 11.8752
20280000 11.8749
20290000 11.8746
20300000 11.8743
20310000 11.874
20320000 11.8738
20330000 11.8735
20340000 11.8731
20350000 11.8729
20360000 11.8726
20370000 11.8721
20380000 11.8718
20390000 11.8714
20400000 11.8714
20410000 11.871
20420000 11.8709
20430000 11.8704
20440000 11.87
20450000 11.8697
20460000 11.8693
20470000 11.869
20480000 11.8687
20490000 11.8683
20500000 11.868
20510000 11.8677
20520000 11.8673
20530000 11.8671
20540000 11.8667
20550000 11.8664
20560000 11.8661
20570000 11.8657
20580000 11.8654
20590000 11.865
20600000 11.8647
20610000 11.8644
20620000 11.8642
20630000 11.8638
20640000 11.8635
20650000 11.8632
20660000 11.8629
20670000 11.8626
20680000 11.8622
20690000 11.862
20700000 11.8616
20710000 11.8613
20720000 11.861
20730000 11.8608
20740000 11.8605
20750000 11.8602
20760000 11.8598
20770000 11.8595
20780000 11.8593
20790000 11.8591
20800000 11.8588
20810000 11.8584
20820000 11.8579
20830000 11.8576
20840000 11.8573
20850000 11.857
20860000 11.8567
20870000 11.8563
20880000 11.8562
20890000 11.8559
20900000 11.8554
20910000 11.8551
20920000 11.8548
20930000 11.8544
20940000 11.854
20950000 11.8536
20960000 11.8532
20970000 11.853
20980000 11.8526
20990000 11.8523
21000000 11.852
21010000 11.8517
21020000 11.8513
21030000 11.8509
21040000 11.8507
21050000 11.8504
21060000 11.85
21070000 11.8497
21080000 11.8493
21090000 11.8489
21100000 11.8486
21110000 11.8483
21120000 11.848
21130000 11.8477
21140000 11.8474
21150000 11.8471
21160000 11.8471
21170000 11.8467
21180000 11.8463
21190000 11.8459
21200000 11.8456
21210000 11.8452
21220000 11.845
21230000 11.8446
21240000 11.8443
21250000 11.8439
21260000 11.8436
21270000 11.8432
21280000 11.8431
21290000 11.8427
21300000 11.8424
21310000 11.8421
21320000 11.8417
21330000 11.8414
21340000 11.8412
21350000 11.8408
21360000 11.8405
21370000 11.8403
21380000 11.84
21390000 11.8398
21400000 11.8394
21410000 11.839
21420000 11.8386
21430000 11.8384
21440000 11.8381
21450000 11.8379
21460000 11.8375
21470000 11.837
21480000 11.8368
21490000 11.8364
21500000 11.836
21510000 11.8358
21520000 11.8354
21530000 11.8351
21540000 11.8348
21550000 11.8346
21560000 11.8342
21570000 11.8339
21580000 11.8335
21590000 11.8332
21600000 11.8329
21610000 11.8326
21620000 11.8322
21630000 11.8321
21640000 11.8317
21650000 11.8313
21660000 11.831
21670000 11.8307
21680000 11.8304
21690000 11.8301
21700000 11.8297
21710000 11.8294
21720000 11.8291
21730000 11.8288
21740000 11.8285
21750000 11.8282
21760000 11.8281
21770000 11.8277
21780000 11.8273
21790000 11.827
21800000 11.8267
21810000 11.8263
21820000 11.826
21830000 11.8256
21840000 11.8253
21850000 11.825
21860000 11.8246
21870000 11.8247
21880000 11.8243
21890000 11.8241
21900000 11.8237
21910000 11.8233
21920000 11.823
21930000 11.8227
21940000 11.8223
21950000 11.822
21960000 11.8218
21970000 11.8214
21980000 11.8211
21990000 11.8207
22000000 11.8205
22010000 11.8201
22020000 11.8198
22030000 11.8196
22040000 11.8192
22050000 11.8189
22060000 11.8187
22070000 11.8183
22080000 11.818
22090000 11.8177
22100000 11.8175
22110000 11.8171
22120000 11.8168
22130000 11.8166
22140000 11.8163
22150000 11.8159
22160000 11.8155
22170000 11.8153
22180000 11.815
22190000 11.8145
22200000 11.8143
22210000 11.8139
22220000 11.8136
22230000 11.8134
22240000 11.8131
22250000 11.8128
22260000 11.8126
22270000 11.8123
22280000 11.812
22290000 11.8117
22300000 11.8114
22310000 11.811
22320000 11.8107
22330000 11.8104
22340000 11.8101
22350000 11.8098
22360000 11.8095
22370000 11.8092
22380000 11.8089
22390000 11.8087
22400000 11.8083
22410000 11.8079
22420000 11.8076
22430000 11.8073
22440000 11.8071
22450000 11.8068
22460000 11.8065
22470000 11.8061
22480000 11.8058
22490000 11.8055
22500000 11.8052
22510000 11.8049
22520000 11.8045
22530000 11.8044
22540000 11.804
22550000 11.8037
22560000 11.8033
22570000 11.8031
22580000 11.8028
22590000 11.8025
22600000 11.8022
22610000 11.8019
22620000 11.8015
22630000 11.8012
22640000 11.801
22650000 11.8007
22660000 11.8004
22670000 11.8001
22680000 11.7998
22690000 11.7995
22700000 11.7991
22710000 11.7989
22720000 11.7985
22730000 11.7982
22740000 11.798
22750000 11.7977
22760000 11.7973
22770000 11.797
22780000 11.7967
22790000 11.7964
22800000 11.7961
22810000 11.7958
22820000 11.7955
22830000 11.7951
22840000 11.7949
22850000 11.7945
22860000 11.7942
22870000 11.7941
22880000 11.7938
22890000 11.7934
22900000 11.793
22910000 11.7927
22920000 11.7924
22930000 11.7922
22940000 11.792
22950000 11.7917
22960000 11.7913
22970000 11.791
22980000 11.7907
22990000 11.7903
23000000 11.7901
23010000 11.7897
23020000 11.7894
23030000 11.789
23040000 11.7887
23050000 11.7885
23060000 11.7881
23070000 11.7878
23080000 11.7874
23090000 11.7871
23100000 11.7868
23110000 11.7866
23120000 11.7862
23130000 11.7861
23140000 11.7857
23150000 11.7857
23160000 11.7853
23170000 11.7848
23180000 11.7845
23190000 11.7842
23200000 11.7839
23210000 11.7837
23220000 11.7832
23230000 11.7829
23240000 11.7826
23250000 11.7823
23260000 11.7821
23270000 11.7817
23280000 11.7816
23290000 11.7812
23300000 11.7808
23310000 11.7805
23320000 11.7802
23330000 11.7799
23340000 11.7797
23350000 11.7794
23360000 11.7792
23370000 11.7788
23380000 11.7786
23390000 11.7783
23400000 11.778
23410000 11.778
23420000 11.7774
23430000 11.777
23440000 11.7767
23450000 11.7764
23460000 11.7761
23470000 11.776
23480000 11.7757
23490000 11.7755
23500000 11.7752
23510000 11.7748
23520000 11.7746
23530000 11.7742
23540000 11.7738
23550000 11.7736
23560000 11.7733
23570000 11.773
23580000 11.7726
23590000 11.7724
23600000 11.7721
23610000 11.7718
23620000 11.7715
23630000 11.7712
23640000 11.7709
23650000 11.7706
23660000 11.7704
23670000 11.77
23680000 11.7697
23690000 11.7693
23700000 11.7691
23710000 11.7687
23720000 11.7684
23730000 11.7682
23740000 11.7679
23750000 11.7676
23760000 11.7673
23770000 11.767
23780000 11.7668
23790000 11.7664
23800000 11.7661
23810000 11.7658
23820000 11.7654
23830000 11.7652
23840000 11.7649
23850000 11.7646
23860000 11.7643
23870000 11.764
23880000 11.7638
23890000 11.7635
23900000 11.7632
23910000 11.7629
23920000 11.7627
23930000 11.7624
23940000 11.7622
23950000 11.7619
23960000 11.7616
23970000 11.7612
23980000 11.761
23990000 11.7606
24000000 11.7604
24010000 11.7601
24020000 11.7598
24030000 11.7596
24040000 11.7591
24050000 11.7588
24060000 11.7586
24070000 11.7582
24080000 11.7579
24090000 11.7577
24100000 11.7574
24110000 11.7571
24120000 11.7569
24130000 11.7566
24140000 11.7562
24150000 11.7559
24160000 11.7556
24170000 11.7553
24180000 11.755
24190000 11.7547
24200000 11.7545
24210000 11.7544
24220000 11.754
24230000 11.7538
24240000 11.7534
24250000 11.7532
24260000 11.7529
24270000 11.7525
24280000 11.7522
24290000 11.7519
24300000 11.7515
24310000 11.7513
24320000 11.751
24330000 11.7507
24340000 11.7503
24350000 11.75
24360000 11.7498
24370000 11.7495
24380000 11.7492
24390000 11.7489
24400000 11.7486
24410000 11.7483
24420000 11.7479
24430000 11.7476
24440000 11.7473
24450000 11.7472
24460000 11.7468
24470000 11.7465
24480000 11.7461
24490000 11.7458
24500000 11.7456
24510000 11.7454
24520000 11.7452
24530000 11.7448
24540000 11.7444
24550000 11.7441
24560000 11.7438
24570000 11.7435
24580000 11.7432
24590000 11.7429
24600000 11.7426
24610000 11.7424
24620000 11.7422
24630000 11.7419
24640000 11.7415
24650000 11.7412
24660000 11.741
24670000 11.7407
24680000 11.7404
24690000 11.7402
24700000 11.7399
24710000 11.7395
24720000 11.7393
24730000 11.739
24740000 11.7387
24750000 11.7383
24760000 11.7381
24770000 11.7377
24780000 11.7375
24790000 11.7372
24800000 11.7368
24810000 11.7367
24820000 11.7364
24830000 11.7362
24840000 11.7358
24850000 11.7355
24860000 11.7352
24870000 11.7349
24880000 11.7346
24890000 11.7342
24900000 11.734
24910000 11.7338
24920000 11.7333
24930000 11.7331
24940000 11.7329
24950000 11.7325
24960000 11.7323
24970000 11.7321
24980000 11.7318
24990000 11.7315
25000000 11.7311
25010000 11.7309
25020000 11.7306
25030000 11.7303
25040000 11.73
25050000 11.7298
25060000 11.7294
25070000 11.7292
25080000 11.729
25090000 11.7286
25100000 11.7284
25110000 11.7282
25120000 11.7278
25130000 11.7276
25140000 11.7272
25150000 11.727
25160000 11.7267
25170000 11.7264
25180000 11.726
25190000 11.7258
25200000 11.7255
25210000 11.7252
25220000 11.7251
25230000 11.7248
25240000 11.7245
25250000 11.7242
25260000 11.7239
25270000 11.7236
25280000 11.7233
25290000 11.7231
25300000 11.7226
25310000 11.7223
25320000 11.7221
25330000 11.7219
25340000 11.7216
25350000 11.7212
25360000 11.7209
25370000 11.7206
25380000 11.7204
25390000 11.7201
25400000 11.7198
25410000 11.7195
25420000 11.7192
25430000 11.7189
25440000 11.7187
25450000 11.7183
25460000 11.7181
25470000 11.7178
25480000 11.7175
25490000 11.7171
25500000 11.7168
25510000 11.7165
25520000 11.7163
25530000 11.716
25540000 11.7158
25550000 11.7155
25560000 11.7152
25570000 11.7149
25580000 11.7147
25590000 11.7144
25600000 11.7141
25610000 11.7139
25620000 11.7137
25630000 11.7133
25640000 11.7131
25650000 11.713
25660000 11.7126
25670000 11.7124
25680000 11.7121
25690000 11.7118
25700000 11.7115
25710000 11.7113
25720000 11.7109
25730000 11.7107
25740000 11.7105
25750000 11.7101
25760000 11.7098
25770000 11.7095
25780000 11.7091
25790000 11.7088
25800000 11.7085
25810000 11.7083
25820000 11.708
25830000 11.7077
25840000 11.7074
25850000 11.7071
25860000 11.7068
25870000 11.7065
25880000 11.7062
25890000 11.7059
25900000 11.7056
25910000 11.7054
25920000 11.7052
25930000 11.7048
25940000 11.7045
25950000 11.7042
25960000 11.704
25970000 11.7037
25980000 11.7034
25990000 11.7031
26000000 11.7028
26010000 11.7026
26020000 11.7023
26030000 11.702
26040000 11.7017
26050000 11.7015
26060000 11.7013
26070000 11.701
26080000 11.7007
26090000 11.7003
26100000 11.7
26110000 11.6997
26120000 11.6994
26130000 11.6991
26140000 11.6988
26150000 11.6985
26160000 11.6983
26170000 11.6981
26180000 11.6978
26190000 11.6974
26200000 11.6972
26210000 11.6969
26220000 11.6966
26230000 11.6964
26240000 11.696
26250000 11.6958
26260000 11.6955
26270000 11.6952
26280000 11.6952
26290000 11.6948
26300000 11.6944
26310000 11.6941
26320000 11.6938
26330000 11.6936
26340000 11.6933
26350000 11.693
26360000 11.6927
26370000 11.6924
26380000 11.6921
26390000 11.6919
26400000 11.6916
26410000 11.6912
26420000 11.691
26430000 11.6907
26440000 11.6904
26450000 11.6901
26460000 11.6898
26470000 11.6896
26480000 11.6893
26490000 11.6891
26500000 11.6887
26510000 11.6885
26520000 11.6882
26530000 11.688
26540000 11.6878
26550000 11.6874
26560000 11.6871
26570000 11.6868
26580000 11.6864
26590000 11.6862
26600000 11.6859
26610000 11.6857
26620000 11.6854
26630000 11.6851
26640000 11.6847
26650000 11.6844
26660000 11.6842
26670000 11.684
26680000 11.6836
26690000 11.6834
26700000 11.6832
26710000 11.6829
26720000 11.6826
26730000 11.6822
26740000 11.682
26750000 11.6818
26760000 11.6816
26770000 11.6812
26780000 11.6811
26790000 11.6807
26800000 11.6804
26810000 11.6801
26820000 11.6798
26830000 11.6795
26840000 11.6793
26850000 11.6791
26860000 11.6787
26870000 11.6784
26880000 11.6781
26890000 11.6778
26900000 11.6775
26910000 11.6773
26920000 11.6771
26930000 11.6769
26940000 11.6766
26950000 11.6763
26960000 11.676
26970000 11.6757
26980000 11.6754
26990000 11.6751
27000000 11.6749
27010000 11.6746
27020000 11.6745
27030000 11.6741
27040000 11.6738
27050000 11.6735
27060000 11.6733
27070000 11.673
27080000 11.6727
27090000 11.6724
27100000 11.6721
27110000 11.6718
27120000 11.6716
27130000 11.6714
27140000 11.6711
27150000 11.6707
27160000 11.6705
27170000 11.6702
27180000 11.6699
27190000 11.6696
27200000 11.6694
27210000 11.6691
27220000 11.6688
27230000 11.6687
27240000 11.6683
27250000 11.668
27260000 11.6678
27270000 11.6675
27280000 11.6672
27290000 11.6671
27300000 11.6668
27310000 11.6665
27320000 11.6662
27330000 11.6659
27340000 11.6656
27350000 11.6653
27360000 11.665
27370000 11.6648
27380000 11.6644
27390000 11.6641
27400000 11.664
27410000 11.6636
27420000 11.6633
27430000 11.6631
27440000 11.6628
27450000 11.6625
27460000 11.6622
27470000 11.6618
27480000 11.6615
27490000 11.6615
27500000 11.6612
27510000 11.6608
27520000 11.6606
27530000 11.6603
27540000 11.6601
27550000 11.6597
27560000 11.6594
27570000 11.6592
27580000 11.6589
27590000 11.6586
27600000 11.6584
27610000 11.6581
27620000 11.6578
27630000 11.6575
27640000 11.6573
27650000 11.657
27660000 11.6568
27670000 11.6565
27680000 11.6561
27690000 11.6559
27700000 11.6557
27710000 11.6554
27720000 11.6551
27730000 11.6547
27740000 11.6545
27750000 11.6543
27760000 11.654
27770000 11.6537
27780000 11.6534
27790000 11.6531
27800000 11.6527
27810000 11.6525
27820000 11.6522
27830000 11.6519
27840000 11.6518
27850000 11.6514
27860000 11.6515
27870000 11.6511
27880000 11.6507
27890000 11.6504
27900000 11.6501
27910000 11.65
27920000 11.6496
27930000 11.6493
27940000 11.6491
27950000 11.6488
27960000 11.6485
27970000 11.6483
27980000 11.6481
27990000 11.6477
28000000 11.6475
28010000 11.6474
28020000 11.6469
28030000 11.6466
28040000 11.6464
28050000 11.6462
28060000 11.6459
28070000 11.6455
28080000 11.6453
28090000 11.6452
28100000 11.6449
28110000 11.6446
28120000 11.6443
28130000 11.644
28140000 11.6437
28150000 11.6434
28160000 11.6432
28170000 11.643
28180000 11.6426
28190000 11.6423
28200000 11.6421
28210000 11.6418
28220000 11.6415
28230000 11.6414
28240000 11.641
28250000 11.6408
28260000 11.6405
28270000 11.6402
28280000 11.64
28290000 11.6397
28300000 11.6394
28310000 11.6392
28320000 11.6388
28330000 11.6386
28340000 11.6382
28350000 11.6379
28360000 11.6376
28370000 11.6373
28380000 11.6371
28390000 11.6368
28400000 11.6365
28410000 11.6362
28420000 11.6359
28430000 11.6356
28440000 11.6354
28450000 11.6351
28460000 11.6349
28470000 11.6346
28480000 11.6343
28490000 11.6341
28500000 11.6338
28510000 11.6338
28520000 11.6334
28530000 11.6331
28540000 11.6328
28550000 11.6325
28560000 11.6321
28570000 11.6319
28580000 11.6317
28590000 11.6314
28600000 11.6312
28610000 11.6309
28620000 11.6306
28630000 11.6304
28640000 11.6301
28650000 11.6299
28660000 11.6297
28670000 11.6295
28680000 11.6292
28690000 11.6289
28700000 11.6286
28710000 11.6283
28720000 11.6281
28730000 11.6279
28740000 11.6279
28750000 11.6275
28760000 11.6271
28770000 11.6269
28780000 11.6266
28790000 11.6263
28800000 11.626
28810000 11.6257
28820000 11.6254
28830000 11.6252
28840000 11.6249
28850000 11.6246
28860000 11.6244
28870000 11.6241
28880000 11.6239
28890000 11.6236
28900000 11.6233
28910000 11.6231
28920000 11.6227
28930000 11.6226
28940000 11.6223
28950000 11.6222
28960000 11.6217
28970000 11.6215
28980000 11.6212
28990000 11.6209
29000000 11.6207
29010000 11.6203
29020000 11.62
29030000 11.6197
29040000 11.6196
29050000 11.6194
29060000 11.619
29070000 11.6189
29080000 11.6186
29090000 11.6182
29100000 11.618
29110000 11.6177
29120000 11.6175
29130000 11.6172
29140000 11.6169
29150000 11.6167
29160000 11.6164
29170000 11.6161
29180000 11.6157
29190000 11.6155
29200000 11.6153
29210000 11.615
29220000 11.6148
29230000 11.6145
29240000 11.6143
29250000 11.614
29260000 11.6137
29270000 11.6136
29280000 11.6133
29290000 11.613
29300000 11.6127
29310000 11.6124
29320000 11.6121
29330000 11.6119
29340000 11.6116
29350000 11.6113
29360000 11.6111
29370000 11.6108
29380000 11.6106
29390000 11.6103
29400000 11.6102
29410000 11.6099
29420000 11.6096
29430000 11.6092
29440000 11.6089
29450000 11.6087
29460000 11.6084
29470000 11.6082
29480000 11.6079
29490000 11.6077
29500000 11.6075
29510000 11.6071
29520000 11.6068
29530000 11.6066
29540000 11.6063
29550000 11.6061
29560000 11.6058
29570000 11.6057
29580000 11.6052
29590000 11.605
29600000 11.6047
29610000 11.6045
29620000 11.6042
29630000 11.604
29640000 11.6037
29650000 11.6034
29660000 11.6032
29670000 11.6028
29680000 11.6026
29690000 11.6025
29700000 11.6021
29710000 11.6018
29720000 11.6016
29730000 11.6014
29740000 11.6012
29750000 11.6009
29760000 11.6007
29770000 11.6004
29780000 11.6001
29790000 11.5999
29800000 11.5996
29810000 11.5993
29820000 11.5991
29830000 11.5988
29840000 11.5985
29850000 11.5983
29860000 11.5981
29870000 11.5978
29880000 11.5975
29890000 11.5973
29900000 11.597
29910000 11.5967
29920000 11.5965
29930000 11.5962
29940000 11.5959
29950000 11.5957
29960000 11.5955
29970000 11.5953
29980000 11.5949
29990000 11.5947
30000000 11.5945
30010000 11.5941
30020000 11.5938
30030000 11.5935
30040000 11.5933
30050000 11.593
30060000 11.5928
30070000 11.5925
30080000 11.5924
30090000 11.5921
30100000 11.5917
30110000 11.5914
30120000 11.5912
30130000 11.591
30140000 11.5908
30150000 11.5905
30160000 11.5902
30170000 11.5899
30180000 11.5897
30190000 11.5894
30200000 11.5892
30210000 11.5889
30220000 11.5887
30230000 11.5885
30240000 11.5882
30250000 11.588
30260000 11.5877
30270000 11.5874
30280000 11.5872
30290000 11.587
30300000 11.5867
30310000 11.5865
30320000 11.5862
30330000 11.5859
30340000 11.5857
30350000 11.5853
30360000 11.585
30370000 11.5848
30380000 11.5845
30390000 11.5842
30400000 11.584
30410000 11.5837
30420000 11.5835
30430000 11.5833
30440000 11.583
30450000 11.5828
30460000 11.5825
30470000 11.5822
30480000 11.582
30490000 11.5817
30500000 11.5814
30510000 11.5812
30520000 11.5811
30530000 11.5808
30540000 11.5805
30550000 11.5803
30560000 11.5801
30570000 11.5797
30580000 11.5795
30590000 11.5791
30600000 11.5789
30610000 11.5787
30620000 11.5784
30630000 11.5782
30640000 11.5779
30650000 11.5776
30660000 11.5773
30670000 11.5771
30680000 11.5768
30690000 11.5766
30700000 11.5763
30710000 11.5762
30720000 11.576
30730000 11.5757
30740000 11.5754
30750000 11.5751
30760000 11.5749
30770000 11.5747
30780000 11.5743
30790000 11.5741
30800000 11.5739
30810000 11.5736
30820000 11.5733
30830000 11.573
30840000 11.5727
30850000 11.5725
30860000 11.5722
30870000 11.5719
30880000 11.5717
30890000 11.5715
30900000 11.5713
30910000 11.571
30920000 11.5707
30930000 11.5704
30940000 11.5702
30950000 11.5699
30960000 11.5697
30970000 11.5695
30980000 11.5693
30990000 11.569
31000000 11.5687
31010000 11.5684
31020000 11.5681
31030000 11.5679
31040000 11.5677
31050000 11.5674
31060000 11.5672
31070000 11.5669
31080000 11.5666
31090000 11.5663
31100000 11.5661
31110000 11.5658
31120000 11.5656
31130000 11.5653
31140000 11.565
31150000 11.5648
31160000 11.5645
31170000 11.5642
31180000 11.564
31190000 11.5638
31200000 11.5635
31210000 11.5633
31220000 11.5631
31230000 11.5628
31240000 11.5625
31250000 11.5623
31260000 11.5623
31270000 11.5619
31280000 11.5616
31290000 11.5614
31300000 11.5611
31310000 11.5607
31320000 11.5605
31330000 11.5603
31340000 11.5599
31350000 11.5596
31360000 11.5595
31370000 11.5592
31380000 11.5589
31390000 11.5587
31400000 11.5584
31410000 11.5581
31420000 11.5578
31430000 11.5576
31440000 11.5573
31450000 11.557
31460000 11.5568
31470000 11.5565
31480000 11.5562
31490000 11.556
31500000 11.5558
31510000 11.5555
31520000 11.5553
31530000 11.5551
31540000 11.5548
31550000 11.5544
31560000 11.5542
31570000 11.554
31580000 11.5537
31590000 11.5534
31600000 11.5531
31610000 11.5529
31620000 11.5529
31630000 11.5526
31640000 11.5524
31650000 11.5521
31660000 11.5518
31670000 11.5516
31680000 11.5513
31690000 11.5511
31700000 11.5507
31710000 11.5505
31720000 11.5502
31730000 11.55
31740000 11.5497
31750000 11.5495
31760000 11.5492
31770000 11.5489
31780000 11.5488
31790000 11.5487
31800000 11.5484
31810000 11.5481
31820000 11.5477
31830000 11.5475
31840000 11.5473
31850000 11.5472
31860000 11.5469
31870000 11.5466
31880000 11.5465
31890000 11.5461
31900000 11.5458
31910000 11.5455
31920000 11.5452
31930000 11.545
31940000 11.5447
31950000 11.5444
31960000 11.5441
31970000 11.544
31980000 11.5439
31990000 11.5436
32000000 11.5432
32010000 11.543
32020000 11.5428
32030000 11.5425
32040000 11.5424
32050000 11.5422
32060000 11.5419
32070000 11.5416
32080000 11.5413
32090000 11.541
32100000 11.5407
32110000 11.5404
32120000 11.5402
32130000 11.5399
32140000 11.5397
32150000 11.5394
32160000 11.5391
32170000 11.5389
32180000 11.5386
32190000 11.5384
32200000 11.5382
32210000 11.5379
32220000 11.5376
32230000 11.5374
32240000 11.5373
32250000 11.537
32260000 11.5367
32270000 11.5364
32280000 11.5362
32290000 11.536
32300000 11.5357
32310000 11.5355
32320000 11.5352
32330000 11.535
32340000 11.5348
32350000 11.5345
32360000 11.5342
32370000 11.5339
32380000 11.5337
32390000 11.5335
32400000 11.5332
32410000 11.533
32420000 11.5327
32430000 11.5324
32440000 11.5321
32450000 11.5318
32460000 11.5316
32470000 11.5313
32480000 11.5311
32490000 11.5308
32500000 11.5305
32510000 11.5303
32520000 11.53
32530000 11.5298
32540000 11.5297
32550000 11.5296
32560000 11.5293
32570000 11.529
32580000 11.5288
32590000 11.5285
32600000 11.5282
32610000 11.528
32620000 11.5276
32630000 11.5274
32640000 11.5271
32650000 11.5268
32660000 11.5266
32670000 11.5262
32680000 11.5261
32690000 11.5259
32700000 11.5256
32710000 11.5253
32720000 11.5251
32730000 11.5248
32740000 11.5246
32750000 11.5243
32760000 11.5241
32770000 11.5239
32780000 11.5236
32790000 11.5234
32800000 11.5231
32810000 11.5229
32820000 11.5227
32830000 11.5225
32840000 11.5222
32850000 11.5219
32860000 11.5216
32870000 11.5214
32880000 11.5211
32890000 11.5208
32900000 11.5207
32910000 11.5204
32920000 11.5202
32930000 11.5199
32940000 11.5196
32950000 11.5194
32960000 11.5192
32970000 11.519
32980000 11.5187
32990000 11.5186
33000000 11.5182
33010000 11.518
33020000 11.5176
33030000 11.5175
33040000 11.5171
33050000 11.5169
33060000 11.5167
33070000 11.5164
33080000 11.5162
33090000 11.516
33100000 11.5158
33110000 11.5156
33120000 11.5156
33130000 11.5151
33140000 11.5147
33150000 11.5144
33160000 11.5141
33170000 11.5139
33180000 11.5138
33190000 11.5135
33200000 11.5133
33210000 11.513
33220000 11.5128
33230000 11.5126
33240000 11.5122
33250000 11.512
33260000 11.5118
33270000 11.5116
33280000 11.5113
33290000 11.511
33300000 11.5107
33310000 11.5105
33320000 11.5102
33330000 11.5101
33340000 11.5098
33350000 11.5095
33360000 11.5092
33370000 11.509
33380000 11.5087
33390000 11.5085
33400000 11.5082
33410000 11.508
33420000 11.5078
33430000 11.5075
33440000 11.5072
33450000 11.507
33460000 11.507
33470000 11.5067
33480000 11.5064
33490000 11.506
33500000 11.5058
33510000 11.5056
33520000 11.5053
33530000 11.5053
33540000 11.5049
33550000 11.5046
33560000 11.5045
33570000 11.5042
33580000 11.5039
33590000 11.5037
33600000 11.5035
33610000 11.5033
33620000 11.503
33630000 11.5028
33640000 11.5025
33650000 11.5023
33660000 11.5021
33670000 11.5018
33680000 11.5015
33690000 11.5013
33700000 11.501
33710000 11.5011
33720000 11.5008
33730000 11.5004
33740000 11.5002
33750000 11.4999
33760000 11.4997
33770000 11.4994
33780000 11.4991
33790000 11.4988
33800000 11.4986
33810000 11.4983
33820000 11.4982
33830000 11.4978
33840000 11.4975
33850000 11.4974
33860000 11.4974
33870000 11.497
33880000 11.4968
33890000 11.4965
33900000 11.4962
33910000 11.4959
33920000 11.4958
33930000 11.4955
33940000 11.4952
33950000 11.4949
33960000 11.4947
33970000 11.4945
33980000 11.4942
33990000 11.494
34000000 11.4938
34010000 11.4936
34020000 11.4933
34030000 11.4932
34040000 11.4929
34050000 11.4927
34060000 11.4924
34070000 11.4921
34080000 11.4919
34090000 11.4917
34100000 11.4914
34110000 11.4912
34120000 11.4909
34130000 11.4906
34140000 11.4904
34150000 11.4901
34160000 11.4899
34170000 11.4897
34180000 11.4894
34190000 11.4891
34200000 11.4888
34210000 11.4887
34220000 11.4885
34230000 11.4882
34240000 11.4879
34250000 11.4878
34260000 11.4875
34270000 11.4872
34280000 11.487
34290000 11.4867
34300000 11.4864
34310000 11.4862
34320000 11.4859
34330000 11.4858
34340000 11.4856
34350000 11.4853
34360000 11.4851
34370000 11.4848
34380000 11.4846
34390000 11.4843
34400000 11.4841
34410000 11.4838
34420000 11.4836
34430000 11.4834
34440000 11.4832
34450000 11.483
34460000 11.4826
34470000 11.4824
34480000 11.4821
34490000 11.4819
34500000 11.4817
34510000 11.4814
34520000 11.4812
34530000 11.481
34540000 11.4807
34550000 11.4804
34560000 11.4802
34570000 11.4799
34580000 11.4797
34590000 11.4794
34600000 11.4792
34610000 11.479
34620000 11.4787
34630000 11.4785
34640000 11.4783
34650000 11.4783
34660000 11.4778
34670000 11.4776
34680000 11.4774
34690000 11.4771
34700000 11.4769
34710000 11.4766
34720000 11.4764
34730000 11.4762
34740000 11.476
34750000 11.4757
34760000 11.4755
34770000 11.4752
34780000 11.475
34790000 11.4747
34800000 11.4748
34810000 11.4744
34820000 11.4741
34830000 11.4737
34840000 11.4736
34850000 11.4732
34860000 11.4731
34870000 11.4728
34880000 11.4726
34890000 11.4724
34900000 11.4721
34910000 11.4718
34920000 11.4716
34930000 11.4714
34940000 11.471
34950000 11.4708
34960000 11.4705
34970000 11.4704
34980000 11.4701
34990000 11.4699
35000000 11.4697
35010000 11.4694
35020000 11.4692
35030000 11.4689
35040000 11.4686
35050000 11.4685
35060000 11.4682
35070000 11.468
35080000 11.4678
35090000 11.4676
35100000 11.4674
35110000 11.4673
35120000 11.4669
35130000 11.4666
35140000 11.4663
35150000 11.4661
35160000 11.4658
35170000 11.4656
35180000 11.4653
35190000 11.4651
35200000 11.4649
35210000 11.4648
35220000 11.4646
35230000 11.4644
35240000 11.4643
35250000 11.4641
35260000 11.4637
35270000 11.4634
35280000 11.4631
35290000 11.4627
35300000 11.4627
35310000 11.4624
35320000 11.4621
35330000 11.4619
35340000 11.4616
35350000 11.4613
35360000 11.4611
35370000 11.4609
35380000 11.4606
35390000 11.4604
35400000 11.4602
35410000 11.46
35420000 11.4597
35430000 11.4595
35440000 11.4593
35450000 11.4591
35460000 11.4588
35470000 11.4585
35480000 11.4582
35490000 11.458
35500000 11.4578
35510000 11.4575
35520000 11.4573
35530000 11.4571
35540000 11.4569
35550000 11.4567
35560000 11.4565
35570000 11.4562
35580000 11.456
35590000 11.4557
35600000 11.4555
35610000 11.4554
35620000 11.4551
35630000 11.4548
35640000 11.4546
35650000 11.4543
35660000 11.4541
35670000 11.4539
35680000 11.4537
35690000 11.4533
35700000 11.4531
35710000 11.4529
35720000 11.4527
35730000 11.4524
35740000 11.4523
35750000 11.452
35760000 11.4518
35770000 11.4515
35780000 11.4513
35790000 11.4513
35800000 11.451
35810000 11.4507
35820000 11.4505
35830000 11.4503
35840000 11.45
35850000 11.4498
35860000 11.4495
35870000 11.4492
35880000 11.449
35890000 11.4487
35900000 11.4484
35910000 11.4481
35920000 11.4479
35930000 11.4476
35940000 11.4475
35950000 11.4472
35960000 11.447
35970000 11.4468
35980000 11.4465
35990000 11.4463
36000000 11.4461
36010000 11.4458
36020000 11.4455
36030000 11.4453
36040000 11.4452
36050000 11.4448
36060000 11.4449
36070000 11.4445
36080000 11.4442
36090000 11.444
36100000 11.4437
36110000 11.4435
36120000 11.4432
36130000 11.4429
36140000 11.4429
36150000 11.4426
36160000 11.4422
36170000 11.4419
36180000 11.4417
36190000 11.4415
36200000 11.4413
36210000 11.441
36220000 11.4408
36230000 11.4406
36240000 11.4403
36250000 11.4401
36260000 11.4399
36270000 11.4397
36280000 11.4395
36290000 11.4393
36300000 11.439
36310000 11.4389
36320000 11.4386
36330000 11.4385
36340000 11.4381
36350000 11.4379
36360000 11.4377
36370000 11.4374
36380000 11.4371
36390000 11.437
36400000 11.4366
36410000 11.4364
36420000 11.4362
36430000 11.4359
36440000 11.436
36450000 11.4355
36460000 11.4353
36470000 11.4352
36480000 11.4349
36490000 11.4347
36500000 11.4344
36510000 11.4341
36520000 11.4342
36530000 11.4339
36540000 11.4336
36550000 11.4334
36560000 11.4332
36570000 11.4329
36580000 11.4327
36590000 11.4324
36600000 11.4322
36610000 11.4319
36620000 11.4316
36630000 11.4314
36640000 11.4312
36650000 11.431
36660000 11.4307
36670000 11.4305
36680000 11.4302
36690000 11.43
36700000 11.4298
36710000 11.4295
36720000 11.4293
36730000 11.4291
36740000 11.4288
36750000 11.4286
36760000 11.4285
36770000 11.4282
36780000 11.4279
36790000 11.4277
36800000 11.4275
36810000 11.4274
36820000 11.4271
36830000 11.4269
36840000 11.4266
36850000 11.4263
36860000 11.4261
36870000 11.4259
36880000 11.4256
36890000 11.4254
36900000 11.4252
36910000 11.4249
36920000 11.4248
36930000 11.4246
36940000 11.4243
36950000 11.424
36960000 11.4238
36970000 11.4236
36980000 11.4233
36990000 11.4231
37000000 11.4229
37010000 11.4227
37020000 11.4224
37030000 11.4221
37040000 11.422
37050000 11.4217
37060000 11.4216
37070000 11.4213
37080000 11.421
37090000 11.4209
37100000 11.4206
37110000 11.4203
37120000 11.4201
37130000 11.4198
37140000 11.4197
37150000 11.4195
37160000 11.4193
37170000 11.4193
37180000 11.4188
37190000 11.4186
37200000 11.4183
37210000 11.4181
37220000 11.418
37230000 11.4177
37240000 11.4174
37250000 11.4172
37260000 11.417
37270000 11.4167
37280000 11.4164
37290000 11.4161
37300000 11.4159
37310000 11.4157
37320000 11.4154
37330000 11.4152
37340000 11.415
37350000 11.4147
37360000 11.4144
37370000 11.4142
37380000 11.4141
37390000 11.4139
37400000 11.4138
37410000 11.4135
37420000 11.4132
37430000 11.413
37440000 11.413
37450000 11.4127
37460000 11.4125
37470000 11.4122
37480000 11.412
37490000 11.4117
37500000 11.4115
37510000 11.4113
37520000 11.411
37530000 11.4108
37540000 11.4105
37550000 11.4104
37560000 11.41
37570000 11.4097
37580000 11.4095
37590000 11.4093
37600000 11.4091
37610000 11.4088
37620000 11.4089
37630000 11.4086
37640000 11.4082
37650000 11.4079
37660000 11.4077
37670000 11.4075
37680000 11.4072
37690000 11.407
37700000 11.4068
37710000 11.4065
37720000 11.4063
37730000 11.4062
37740000 11.4059
37750000 11.4057
37760000 11.4054
37770000 11.4051
37780000 11.405
37790000 11.4047
37800000 11.4045
37810000 11.4043
37820000 11.4041
37830000 11.4039
37840000 11.4037
37850000 11.4034
37860000 11.4032
37870000 11.4029
37880000 11.4028
37890000 11.4026
37900000 11.4024
37910000 11.4021
37920000 11.4019
37930000 11.4016
37940000 11.4014
37950000 11.4013
37960000 11.4009
37970000 11.4006
37980000 11.4005
37990000 11.4002
38000000 11.3999
38010000 11.3997
38020000 11.3995
38030000 11.3992
38040000 11.399
38050000 11.3987
38060000 11.3985
38070000 11.3982
38080000 11.398
38090000 11.3978
38100000 11.3975
38110000 11.3974
38120000 11.3971
38130000 11.3968
38140000 11.3966
38150000 11.3964
38160000 11.3961
38170000 11.396
38180000 11.3957
38190000 11.3956
38200000 11.3953
38210000 11.395
38220000 11.3947
38230000 11.3945
38240000 11.3944
38250000 11.3942
38260000 11.394
38270000 11.3937
38280000 11.3935
38290000 11.3933
38300000 11.3931
38310000 11.3927
38320000 11.3925
38330000 11.3922
38340000 11.392
38350000 11.3918
38360000 11.3917
38370000 11.3914
38380000 11.3912
38390000 11.391
38400000 11.3908
38410000 11.3905
38420000 11.3903
38430000 11.39
38440000 11.3898
38450000 11.3896
38460000 11.3894
38470000 11.3891
38480000 11.3889
38490000 11.3887
38500000 11.3884
38510000 11.3882
38520000 11.388
38530000 11.3879
38540000 11.3876
38550000 11.3875
38560000 11.3872
38570000 11.3869
38580000 11.3867
38590000 11.3865
38600000 11.3863
38610000 11.3861
38620000 11.3858
38630000 11.3856
38640000 11.3855
38650000 11.3852
38660000 11.385
38670000 11.3848
38680000 11.3845
38690000 11.3843
38700000 11.384
38710000 11.3838
38720000 11.3836
38730000 11.3834
38740000 11.3832
38750000 11.3829
38760000 11.3828
38770000 11.3826
38780000 11.3824
38790000 11.3822
38800000 11.3819
38810000 11.3818
38820000 11.3815
38830000 11.3812
38840000 11.381
38850000 11.3808
38860000 11.3806
38870000 11.3804
38880000 11.3801
38890000 11.3799
38900000 11.3797
38910000 11.3795
38920000 11.3793
38930000 11.379
38940000 11.3788
38950000 11.3785
38960000 11.3783
38970000 11.3781
38980000 11.3779
38990000 11.3779
39000000 11.3776
39010000 11.3773
39020000 11.377
39030000 11.3768
39040000 11.3766
39050000 11.3763
39060000 11.376
39070000 11.3758
39080000 11.3756
39090000 11.3754
39100000 11.3752
39110000 11.3751
39120000 11.3748
39130000 11.3745
39140000 11.3743
39150000 11.3741
39160000 11.3738
39170000 11.3735
39180000 11.3734
39190000 11.373
39200000 11.3729
39210000 11.3727
39220000 11.3724
39230000 11.3722
39240000 11.372
39250000 11.372
39260000 11.3716
39270000 11.3714
39280000 11.3711
39290000 11.3709
39300000 11.3706
39310000 11.3704
39320000 11.3702
39330000 11.37
39340000 11.3698
39350000 11.3697
39360000 11.3693
39370000 11.369
39380000 11.3688
39390000 11.3687
39400000 11.3685
39410000 11.3685
39420000 11.3682
39430000 11.3682
39440000 11.3678
39450000 11.3676
39460000 11.3674
39470000 11.3671
39480000 11.3668
39490000 11.3666
39500000 11.3662
39510000 11.366
39520000 11.3658
39530000 11.3656
39540000 11.3653
39550000 11.365
39560000 11.3648
39570000 11.3646
39580000 11.3644
39590000 11.3641
39600000 11.3639
39610000 11.3637
39620000 11.3635
39630000 11.3633
39640000 11.3632
39650000 11.3629
39660000 11.3626
39670000 11.3624
39680000 11.3622
39690000 11.362
39700000 11.3617
39710000 11.3614
39720000 11.3612
39730000 11.361
39740000 11.3608
39750000 11.3607
39760000 11.3604
39770000 11.3601
39780000 11.3599
39790000 11.3597
39800000 11.3594
39810000 11.3592
39820000 11.359
39830000 11.3588
39840000 11.3586
39850000 11.3583
39860000 11.3581
39870000 11.3578
39880000 11.3576
39890000 11.3575
39900000 11.3572
39910000 11.357
39920000 11.3568
39930000 11.3565
39940000 11.3563
39950000 11.3561
39960000 11.356
39970000 11.3557
39980000 11.3554
39990000 11.3551
40000000 11.3549
40010000 11.3548
40020000 11.3546
40030000 11.3544
40040000 11.3542
40050000 11.3539
40060000 11.3537
40070000 11.3536
40080000 11.3534
40090000 11.3533
40100000 11.353
40110000 11.3528
40120000 11.3526
40130000 11.3523
40140000 11.352
40150000 11.3517
40160000 11.3515
40170000 11.3514
40180000 11.3511
40190000 11.3508
40200000 11.3507
40210000 11.3504
40220000 11.3503
40230000 11.3501
40240000 11.3498
40250000 11.3496
40260000 11.3493
40270000 11.3492
40280000 11.349
40290000 11.3487
40300000 11.3484
40310000 11.3482
40320000 11.348
40330000 11.3479
40340000 11.3476
40350000 11.3475
40360000 11.3473
40370000 11.347
40380000 11.3468
40390000 11.3466
40400000 11.3463
40410000 11.3461
40420000 11.3458
40430000 11.3457
40440000 11.3454
40450000 11.3451
40460000 11.3449
40470000 11.3447
40480000 11.3444
40490000 11.3442
40500000 11.344
40510000 11.3437
40520000 11.3435
40530000 11.3433
40540000 11.3431
40550000 11.3428
40560000 11.3426
40570000 11.3424
40580000 11.3422
40590000 11.3421
40600000 11.3418
40610000 11.3415
40620000 11.3413
40630000 11.3411
40640000 11.3409
40650000 11.3407
40660000 11.3406
40670000 11.3402
40680000 11.3401
40690000 11.34
40700000 11.3397
40710000 11.3396
40720000 11.3392
40730000 11.339
40740000 11.3388
40750000 11.3385
40760000 11.3382
40770000 11.338
40780000 11.3377
40790000 11.3375
40800000 11.3373
40810000 11.3372
40820000 11.3369
40830000 11.3366
40840000 11.3364
40850000 11.3362
40860000 11.336
40870000 11.3358
40880000 11.3356
40890000 11.3353
40900000 11.3351
40910000 11.3349
40920000 11.3347
40930000 11.3345
40940000 11.3343
40950000 11.3341
40960000 11.3338
40970000 11.3335
40980000 11.3334
40990000 11.3331
41000000 11.3329
41010000 11.3327
41020000 11.3324
41030000 11.3322
41040000 11.3321
41050000 11.3318
41060000 11.3316
41070000 11.3314
41080000 11.3313
41090000 11.331
41100000 11.3308
41110000 11.3306
41120000 11.3303
41130000 11.3301
41140000 11.3299
41150000 11.3297
41160000 11.3295
41170000 11.3292
41180000 11.329
41190000 11.3287
41200000 11.3285
41210000 11.3283
41220000 11.3282
41230000 11.3279
41240000 11.3278
41250000 11.3276
41260000 11.3272
41270000 11.3271
41280000 11.3268
41290000 11.3266
41300000 11.3264
41310000 11.3262
41320000 11.326
41330000 11.3258
41340000 11.3256
41350000 11.3253
41360000 11.3251
41370000 11.3248
41380000 11.3246
41390000 11.3244
41400000 11.3242
41410000 11.324
41420000 11.3238
41430000 11.3236
41440000 11.3233
41450000 11.3232
41460000 11.3229
41470000 11.3227
41480000 11.3226
41490000 11.3223
41500000 11.322
41510000 11.3218
41520000 11.3216
41530000 11.3214
41540000 11.3212
41550000 11.321
41560000 11.3208
41570000 11.3206
41580000 11.3203
41590000 11.32
41600000 11.3198
41610000 11.3195
41620000 11.3193
41630000 11.3191
41640000 11.3189
41650000 11.3186
41660000 11.3184
41670000 11.3182
41680000 11.3179
41690000 11.3178
41700000 11.3177
41710000 11.3174
41720000 11.3172
41730000 11.3169
41740000 11.3167
41750000 11.3165
41760000 11.3162
41770000 11.3159
41780000 11.3157
41790000 11.3155
41800000 11.3152
41810000 11.315
41820000 11.3149
41830000 11.3148
41840000 11.3146
41850000 11.3142
41860000 11.3141
41870000 11.314
41880000 11.3137
41890000 11.3136
41900000 11.3133
41910000 11.313
41920000 11.3128
41930000 11.3126
41940000 11.3123
41950000 11.3121
41960000 11.3119
41970000 11.3116
41980000 11.3114
41990000 11.3111
42000000 11.3109
42010000 11.3108
42020000 11.3106
42030000 11.3104
42040000 11.3102
42050000 11.31
42060000 11.3098
42070000 11.3094
42080000 11.3092
42090000 11.3091
42100000 11.3088
42110000 11.3086
42120000 11.3084
42130000 11.3082
42140000 11.308
42150000 11.3079
42160000 11.3077
42170000 11.3074
42180000 11.3072
42190000 11.3071
42200000 11.3069
42210000 11.3067
42220000 11.3065
42230000 11.3062
42240000 11.306
42250000 11.3058
42260000 11.3057
42270000 11.3053
42280000 11.3051
42290000 11.3049
42300000 11.3046
42310000 11.3044
42320000 11.3043
42330000 11.3041
42340000 11.3039
42350000 11.3036
42360000 11.3033
42370000 11.3031
42380000 11.3029
42390000 11.3027
42400000 11.3026
42410000 11.3023
42420000 11.3021
42430000 11.3018
42440000 11.3017
42450000 11.3013
42460000 11.3011
42470000 11.301
42480000 11.3008
42490000 11.3006
42500000 11.3004
42510000 11.3002
42520000 11.2999
42530000 11.2997
42540000 11.2995
42550000 11.2992
42560000 11.2991
42570000 11.2989
42580000 11.2986
42590000 11.2984
42600000 11.2982
42610000 11.2979
42620000 11.2977
42630000 11.2975
42640000 11.2972
42650000 11.2971
42660000 11.2968
42670000 11.2968
42680000 11.2965
42690000 11.2963
42700000 11.296
42710000 11.2958
42720000 11.2957
42730000 11.2955
42740000 11.2952
42750000 11.295
42760000 11.2948
42770000 11.2947
42780000 11.2944
42790000 11.2942
42800000 11.294
42810000 11.2938
42820000 11.2935
42830000 11.2932
42840000 11.2931
42850000 11.2929
42860000 11.2927
42870000 11.2924
42880000 11.2922
42890000 11.2919
42900000 11.2917
42910000 11.2916
42920000 11.2913
42930000 11.2912
42940000 11.2909
42950000 11.2907
42960000 11.2904
42970000 11.2902
42980000 11.29
42990000 11.29
43000000 11.2898
43010000 11.2895
43020000 11.2892
43030000 11.289
43040000 11.2887
43050000 11.2886
43060000 11.2883
43070000 11.2881
43080000 11.288
43090000 11.2878
43100000 11.2876
43110000 11.2874
43120000 11.2872
43130000 11.287
43140000 11.2869
43150000 11.2865
43160000 11.2863
43170000 11.2861
43180000 11.2858
43190000 11.2856
43200000 11.2854
43210000 11.2852
43220000 11.2849
43230000 11.2846
43240000 11.2844
43250000 11.2842
43260000 11.2841
43270000 11.2838
43280000 11.2836
43290000 11.2834
43300000 11.2832
43310000 11.2832
43320000 11.2832
43330000 11.2829
43340000 11.2826
43350000 11.2823
43360000 11.2821
43370000 11.2819
43380000 11.2817
43390000 11.2815
43400000 11.2814
43410000 11.2811
43420000 11.2809
43430000 11.2806
43440000 11.2804
43450000 11.2801
43460000 11.2799
43470000 11.2797
43480000 11.2795
43490000 11.2792
43500000 11.279
43510000 11.2787
43520000 11.2786
43530000 11.2783
43540000 11.2781
43550000 11.2779
43560000 11.2776
43570000 11.2774
43580000 11.2772
43590000 11.2771
43600000 11.277
43610000 11.277
43620000 11.2765
43630000 11.2763
43640000 11.276
43650000 11.2759
43660000 11.2757
43670000 11.2754
43680000 11.2752
43690000 11.2753
43700000 11.275
43710000 11.2748
43720000 11.2745
43730000 11.2744
43740000 11.2742
43750000 11.2738
43760000 11.2736
43770000 11.2738
43780000 11.2734
43790000 11.2731
43800000 11.2728
43810000 11.2727
43820000 11.2724
43830000 11.2721
43840000 11.2719
43850000 11.2717
43860000 11.2715
43870000 11.2712
43880000 11.271
43890000 11.2709
43900000 11.2707
43910000 11.2704
43920000 11.2702
43930000 11.27
43940000 11.2697
43950000 11.2696
43960000 11.2693
43970000 11.2691
43980000 11.269
43990000 11.2687
44000000 11.2685
44010000 11.2683
44020000 11.268
44030000 11.2679
44040000 11.2676
44050000 11.2673
44060000 11.2671
44070000 11.2668
44080000 11.2667
44090000 11.2665
44100000 11.2662
44110000 11.266
44120000 11.2659
44130000 11.2657
44140000 11.2654
44150000 11.2653
44160000 11.2651
44170000 11.2648
44180000 11.2647
44190000 11.2645
44200000 11.2643
44210000 11.2641
44220000 11.2638
44230000 11.2637
44240000 11.2634
44250000 11.2632
44260000 11.2629
44270000 11.2627
44280000 11.2624
44290000 11.2624
44300000 11.2623
44310000 11.2621
44320000 11.2618
44330000 11.2615
44340000 11.2613
44350000 11.2611
44360000 11.2609
44370000 11.2607
44380000 11.2605
44390000 11.2602
44400000 11.2601
44410000 11.2597
44420000 11.2596
44430000 11.2593
44440000 11.2591
44450000 11.2589
44460000 11.2588
44470000 11.2586
44480000 11.2585
44490000 11.2583
44500000 11.258
44510000 11.2578
44520000 11.2575
44530000 11.2573
44540000 11.2571
44550000 11.2569
44560000 11.2568
44570000 11.2565
44580000 11.2564
44590000 11.2561
44600000 11.2558
44610000 11.2557
44620000 11.2556
44630000 11.2553
44640000 11.2551
44650000 11.2548
44660000 11.2547
44670000 11.2545
44680000 11.2542
44690000 11.254
44700000 11.2538
44710000 11.2537
44720000 11.2537
44730000 11.2535
44740000 11.2532
44750000 11.253
44760000 11.2529
44770000 11.2527
44780000 11.2524
44790000 11.2522
44800000 11.2519
44810000 11.2517
44820000 11.2515
44830000 11.2515
44840000 11.2512
44850000 11.2509
44860000 11.2508
44870000 11.2505
44880000 11.2502
44890000 11.25
44900000 11.2499
44910000 11.2497
44920000 11.2494
44930000 11.2491
44940000 11.2489
44950000 11.2487
44960000 11.2485
44970000 11.2483
44980000 11.2481
44990000 11.2478
45000000 11.2476
45010000 11.2475
45020000 11.2473
45030000 11.2472
45040000 11.2471
45050000 11.2467
45060000 11.2466
45070000 11.2463
45080000 11.2461
45090000 11.2458
45100000 11.2457
45110000 11.2454
45120000 11.2452
45130000 11.2449
45140000 11.2447
45150000 11.2445
45160000 11.2443
45170000 11.2441
45180000 11.2439
45190000 11.2436
45200000 11.2434
45210000 11.2432
45220000 11.243
45230000 11.2429
45240000 11.2426
45250000 11.2425
45260000 11.2421
45270000 11.2419
45280000 11.2417
45290000 11.2415
45300000 11.2414
45310000 11.241
45320000 11.2409
45330000 11.2406
45340000 11.2404
45350000 11.2402
45360000 11.24
45370000 11.2398
45380000 11.2396
45390000 11.2395
45400000 11.2392
45410000 11.239
45420000 11.2388
45430000 11.2386
45440000 11.2384
45450000 11.2383
45460000 11.238
45470000 11.2378
45480000 11.2375
45490000 11.2374
45500000 11.2372
45510000 11.237
45520000 11.2369
45530000 11.2367
45540000 11.2365
45550000 11.2362
45560000 11.236
45570000 11.2358
45580000 11.2355
45590000 11.2352
45600000 11.235
45610000 11.2348
45620000 11.2346
45630000 11.2345
45640000 11.2343
45650000 11.2341
45660000 11.2339
45670000 11.2336
45680000 11.2334
45690000 11.2332
45700000 11.2331
45710000 11.233
45720000 11.2327
45730000 11.2325
45740000 11.2325
45750000 11.2321
45760000 11.2319
45770000 11.2318
45780000 11.2315
45790000 11.2313
45800000 11.2312
45810000 11.2309
45820000 11.2308
45830000 11.2308
45840000 11.2304
45850000 11.23
45860000 11.2299
45870000 11.2296
45880000 11.2295
45890000 11.2292
45900000 11.229
45910000 11.2288
45920000 11.2285
45930000 11.2283
45940000 11.2281
45950000 11.228
45960000 11.2277
45970000 11.2275
45980000 11.2273
45990000 11.2271
46000000 11.2269
46010000 11.2268
46020000 11.2267
46030000 11.2264
46040000 11.2261
46050000 11.2259
46060000 11.2258
46070000 11.2256
46080000 11.2254
46090000 11.2252
46100000 11.225
46110000 11.2248
46120000 11.2246
46130000 11.2244
46140000 11.2241
46150000 11.224
46160000 11.2237
46170000 11.2235
46180000 11.2233
46190000 11.2231
46200000 11.2229
46210000 11.2227
46220000 11.2225
46230000 11.2223
46240000 11.2221
46250000 11.2218
46260000 11.2217
46270000 11.2215
46280000 11.2213
46290000 11.2212
46300000 11.2209
46310000 11.2207
46320000 11.2204
46330000 11.2202
46340000 11.2199
46350000 11.2198
46360000 11.2196
46370000 11.2194
46380000 11.2193
46390000 11.2191
46400000 11.2189
46410000 11.2187
46420000 11.2184
46430000 11.2182
46440000 11.2179
46450000 11.2177
46460000 11.2175
46470000 11.2173
46480000 11.217
46490000 11.2169
46500000 11.2167
46510000 11.2164
46520000 11.2163
46530000 11.216
46540000 11.2158
46550000 11.2157
46560000 11.2157
46570000 11.2154
46580000 11.2151
46590000 11.2149
46600000 11.2146
46610000 11.2144
46620000 11.2142
46630000 11.214
46640000 11.2138
46650000 11.2136
46660000 11.2134
46670000 11.2132
46680000 11.2129
46690000 11.2128
46700000 11.2126
46710000 11.2123
46720000 11.2122
46730000 11.212
46740000 11.2119
46750000 11.2116
46760000 11.2113
46770000 11.2112
46780000 11.211
46790000 11.2107
46800000 11.2105
46810000 11.2104
46820000 11.2103
46830000 11.21
46840000 11.2102
46850000 11.2099
46860000 11.2095
46870000 11.2092
46880000 11.2089
46890000 11.2088
46900000 11.2086
46910000 11.2084
46920000 11.2081
46930000 11.2079
46940000 11.2077
46950000 11.2074
46960000 11.2074
46970000 11.2071
46980000 11.2068
46990000 11.2066
47000000 11.2064
47010000 11.2062
47020000 11.2061
47030000 11.206
47040000 11.2058
47050000 11.2056
47060000 11.2054
47070000 11.2052
47080000 11.2049
47090000 11.2048
47100000 11.2045
47110000 11.2045
47120000 11.2044
47130000 11.2041
47140000 11.2039
47150000 11.2036
47160000 11.2033
47170000 11.2031
47180000 11.203
47190000 11.2028
47200000 11.2026
47210000 11.2024
47220000 11.2022
47230000 11.202
47240000 11.2018
47250000 11.2015
47260000 11.2013
47270000 11.2011
47280000 11.2009
47290000 11.2007
47300000 11.2005
47310000 11.2003
47320000 11.2002
47330000 11.2
47340000 11.1997
47350000 11.1995
47360000 11.1994
47370000 11.1992
47380000 11.199
47390000 11.1986
47400000 11.1985
47410000 11.1983
47420000 11.1982
47430000 11.1979
47440000 11.1977
47450000 11.1974
47460000 11.1973
47470000 11.197
47480000 11.1968
47490000 11.1966
47500000 11.1963
47510000 11.1962
47520000 11.196
47530000 11.1959
47540000 11.1957
47550000 11.1955
47560000 11.1954
47570000 11.1952
47580000 11.1949
47590000 11.1948
47600000 11.1945
47610000 11.1943
47620000 11.1941
47630000 11.1939
47640000 11.1936
47650000 11.1934
47660000 11.1931
47670000 11.193
47680000 11.1928
47690000 11.1926
47700000 11.1924
47710000 11.1922
47720000 11.192
47730000 11.1919
47740000 11.1917
47750000 11.1916
47760000 11.1914
47770000 11.1912
47780000 11.1911
47790000 11.1908
47800000 11.1906
47810000 11.1904
47820000 11.1902
47830000 11.1899
47840000 11.1897
47850000 11.1896
47860000 11.1893
47870000 11.1892
47880000 11.1889
47890000 11.1887
47900000 11.1885
47910000 11.1884
47920000 11.1881
47930000 11.188
47940000 11.1879
47950000 11.1878
47960000 11.1875
47970000 11.1873
47980000 11.1872
47990000 11.1869
48000000 11.187
48010000 11.1868
48020000 11.1865
48030000 11.1862
48040000 11.186
48050000 11.1856
48060000 11.1854
48070000 11.1852
48080000 11.185
48090000 11.1848
48100000 11.1846
48110000 11.1843
48120000 11.1842
48130000 11.184
48140000 11.1837
48150000 11.1834
48160000 11.1833
48170000 11.183
48180000 11.1829
48190000 11.1827
48200000 11.1825
48210000 11.1823
48220000 11.1821
48230000 11.1818
48240000 11.1817
48250000 11.1815
48260000 11.1812
48270000 11.181
48280000 11.1808
48290000 11.1807
48300000 11.1804
48310000 11.1803
48320000 11.1801
48330000 11.1799
48340000 11.1797
48350000 11.1795
48360000 11.1793
48370000 11.1791
48380000 11.1789
48390000 11.1787
48400000 11.1784
48410000 11.1782
48420000 11.1779
48430000 11.1777
48440000 11.1776
48450000 11.1774
48460000 11.1773
48470000 11.177
48480000 11.1768
48490000 11.1767
48500000 11.1764
48510000 11.1763
48520000 11.1761
48530000 11.1758
48540000 11.1756
48550000 11.1754
48560000 11.1752
48570000 11.175
48580000 11.1748
48590000 11.1746
48600000 11.1743
48610000 11.1742
48620000 11.1739
48630000 11.1738
48640000 11.1736
48650000 11.1734
48660000 11.1731
48670000 11.1737
48680000 11.1733
48690000 11.1729
48700000 11.1725
48710000 11.1723
48720000 11.1721
48730000 11.1719
48740000 11.1717
48750000 11.1715
48760000 11.1714
48770000 11.1711
48780000 11.1709
48790000 11.1707
48800000 11.1705
48810000 11.1702
48820000 11.17
48830000 11.1698
48840000 11.1696
48850000 11.1694
48860000 11.1691
48870000 11.169
48880000 11.1689
48890000 11.1687
48900000 11.1686
48910000 11.1683
48920000 11.1681
48930000 11.168
48940000 11.1678
48950000 11.1676
48960000 11.1674
48970000 11.1672
48980000 11.167
48990000 11.1667
49000000 11.1665
49010000 11.1664
49020000 11.1661
49030000 11.1659
49040000 11.1657
49050000 11.1656
49060000 11.1652
49070000 11.165
49080000 11.1649
49090000 11.1649
49100000 11.1647
49110000 11.1644
49120000 11.1642
49130000 11.164
49140000 11.164
49150000 11.1637
49160000 11.1634
49170000 11.1633
49180000 11.163
49190000 11.1629
49200000 11.1627
49210000 11.1625
49220000 11.1623
49230000 11.162
49240000 11.1617
49250000 11.1615
49260000 11.1613
49270000 11.1611
49280000 11.1609
49290000 11.1607
49300000 11.1605
49310000 11.1603
49320000 11.1602
49330000 11.16
49340000 11.1598
49350000 11.1596
49360000 11.1594
49370000 11.1591
49380000 11.1589
49390000 11.1587
49400000 11.1585
49410000 11.1583
49420000 11.1581
49430000 11.1579
49440000 11.1578
49450000 11.1576
49460000 11.1573
49470000 11.1572
49480000 11.157
49490000 11.1568
49500000 11.1565
49510000 11.1564
49520000 11.1562
49530000 11.1559
49540000 11.1558
49550000 11.1556
49560000 11.1554
49570000 11.1552
49580000 11.155
49590000 11.1548
49600000 11.1546
49610000 11.1544
49620000 11.1542
49630000 11.154
49640000 11.1538
49650000 11.1537
49660000 11.1534
49670000 11.1532
49680000 11.1532
49690000 11.1529
49700000 11.1527
49710000 11.1525
49720000 11.1523
49730000 11.1522
49740000 11.1519
49750000 11.1516
49760000 11.1514
49770000 11.1513
49780000 11.1511
49790000 11.1509
49800000 11.1507
49810000 11.1506
49820000 11.1506
49830000 11.1502
49840000 11.15
49850000 11.1498
49860000 11.1496
49870000 11.1494
49880000 11.1491
49890000 11.1489
49900000 11.1487
49910000 11.1485
49920000 11.1483
49930000 11.1481
49940000 11.1479
49950000 11.1478
49960000 11.1476
49970000 11.1475
49980000 11.1472
49990000 11.1471
50000000 11.1469
