10000 17.8403
20000 14.0057
30000 11.8898
40000 10.6276
50000 9.79735
60000 9.22509
70000 8.92061
80000 8.70613
90000 8.55023
100000 8.4425
110000 8.35802
120000 8.27174
130000 8.21038
140000 8.15927
150000 8.11838
160000 8.0818
170000 8.04685
180000 8.01592
190000 7.98582
200000 7.95963
210000 7.93415
220000 7.91036
230000 7.88631
240000 7.86569
250000 7.84532
260000 7.82589
270000 7.80699
280000 7.78903
290000 7.77235
300000 7.75675
310000 7.74113
320000 7.72767
330000 7.71359
340000 7.69951
350000 7.68525
360000 7.67128
370000 7.65885
380000 7.64641
390000 7.63483
400000 7.62289
410000 7.61114
420000 7.60109
430000 7.5899
440000 7.57957
450000 7.56926
460000 7.55909
470000 7.54985
480000 7.54034
490000 7.53149
500000 7.52302
510000 7.51497
520000 7.50666
530000 7.49825
540000 7.49036
550000 7.48241
560000 7.47496
570000 7.46769
580000 7.46062
590000 7.45331
600000 7.44624
610000 7.43946
620000 7.43257
630000 7.4257
640000 7.4188
650000 7.41252
660000 7.40619
670000 7.40021
680000 7.39437
690000 7.38814
700000 7.38238
710000 7.37669
720000 7.37108
730000 7.36574
740000 7.36033
750000 7.35488
760000 7.34954
770000 7.34442
780000 7.33932
790000 7.3342
800000 7.32961
810000 7.32492
820000 7.32003
830000 7.31506
840000 7.31043
850000 7.30588
860000 7.30134
870000 7.29705
880000 7.29279
890000 7.28829
900000 7.28371
910000 7.27954
920000 7.2756
930000 7.27145
940000 7.26718
950000 7.26315
960000 7.25904
970000 7.25512
980000 7.2513
990000 7.24755
1000000 7.24358
1010000 7.23985
1020000 7.23622
1030000 7.23237
1040000 7.22867
1050000 7.22505
1060000 7.22158
1070000 7.21813
1080000 7.21466
1090000 7.21118
1100000 7.20767
1110000 7.20435
1120000 7.201
1130000 7.19775
1140000 7.19432
1150000 7.19099
1160000 7.18778
1170000 7.18461
1180000 7.18142
1190000 7.17827
1200000 7.17503
1210000 7.1721
1220000 7.16914
1230000 7.16611
1240000 7.16313
1250000 7.16032
1260000 7.15746
1270000 7.15465
1280000 7.15163
1290000 7.14872
1300000 7.14606
1310000 7.1434
1320000 7.14075
1330000 7.13794
1340000 7.13531
1350000 7.13267
1360000 7.12999
1370000 7.12735
1380000 7.12473
1390000 7.12213
1400000 7.11956
1410000 7.11692
1420000 7.11436
1430000 7.11176
1440000 7.1093
1450000 7.1068
1460000 7.1044
1470000 7.10196
1480000 7.09963
1490000 7.0972
1500000 7.09478
1510000 7.09237
1520000 7.09001
1530000 7.08763
1540000 7.0854
1550000 7.08313
1560000 7.08082
1570000 7.07857
1580000 7.07633
1590000 7.07409
1600000 7.07194
1610000 7.06975
1620000 7.06756
1630000 7.06544
1640000 7.06326
1650000 7.06107
1660000 7.05894
1670000 7.05682
1680000 7.05466
1690000 7.05251
1700000 7.05036
1710000 7.04826
1720000 7.04628
1730000 7.04426
1740000 7.04229
1750000 7.04022
1760000 7.03816
1770000 7.03623
1780000 7.03417
1790000 7.03225
1800000 7.03035
1810000 7.0284
1820000 7.02657
1830000 7.0247
1840000 7.02282
1850000 7.02094
1860000 7.01898
1870000 7.01711
1880000 7.01519
1890000 7.0133
1900000 7.01138
1910000 7.00944
1920000 7.00763
1930000 7.00581
1940000 7.00401
1950000 7.00221
1960000 7.0004
1970000 6.9987
1980000 6.99695
1990000 6.9952
2000000 6.99346
2010000 6.99167
2020000 6.98999
2030000 6.98823
2040000 6.98659
2050000 6.98486
2060000 6.98313
2070000 6.98142
2080000 6.97981
2090000 6.97807
2100000 6.97643
2110000 6.9748
2120000 6.97318
2130000 6.97144
2140000 6.9699
2150000 6.96827
2160000 6.96665
2170000 6.96503
2180000 6.96344
2190000 6.9619
2200000 6.96033
2210000 6.95874
2220000 6.95713
2230000 6.95553
2240000 6.95403
2250000 6.9525
2260000 6.95088
2270000 6.94933
2280000 6.94788
2290000 6.94629
2300000 6.94472
2310000 6.94329
2320000 6.94183
2330000 6.94036
2340000 6.93889
2350000 6.93732
2360000 6.93592
2370000 6.93452
2380000 6.93307
2390000 6.93162
2400000 6.93022
2410000 6.92883
2420000 6.92744
2430000 6.92604
2440000 6.92458
2450000 6.92312
2460000 6.92169
2470000 6.92027
2480000 6.91889
2490000 6.91755
2500000 6.91613
2510000 6.91481
2520000 6.91342
2530000 6.91204
2540000 6.91065
2550000 6.90932
2560000 6.90787
2570000 6.90653
2580000 6.90523
2590000 6.90388
2600000 6.90255
2610000 6.90119
2620000 6.89991
2630000 6.89853
2640000 6.8972
2650000 6.89587
2660000 6.89448
2670000 6.89317
2680000 6.89188
2690000 6.89068
2700000 6.88932
2710000 6.88813
2720000 6.88683
2730000 6.8855
2740000 6.8842
2750000 6.88295
2760000 6.88168
2770000 6.88046
2780000 6.87922
2790000 6.87796
2800000 6.87676
2810000 6.87547
2820000 6.87425
2830000 6.87301
2840000 6.87183
2850000 6.87068
2860000 6.8695
2870000 6.86832
2880000 6.86714
2890000 6.86589
2900000 6.86466
2910000 6.86344
2920000 6.86225
2930000 6.86102
2940000 6.85986
2950000 6.85862
2960000 6.85747
2970000 6.85631
2980000 6.85521
2990000 6.85403
3000000 6.85283
3010000 6.85167
3020000 6.85043
3030000 6.84933
3040000 6.84818
3050000 6.84696
3060000 6.84588
3070000 6.84472
3080000 6.84357
3090000 6.84248
3100000 6.84136
3110000 6.84019
3120000 6.83907
3130000 6.83799
3140000 6.83686
3150000 6.83569
3160000 6.83462
3170000 6.83364
3180000 6.83252
3190000 6.83146
3200000 6.83039
3210000 6.82928
3220000 6.8282
3230000 6.8271
3240000 6.82607
3250000 6.82507
3260000 6.82396
3270000 6.82286
3280000 6.82179
3290000 6.82073
3300000 6.81967
3310000 6.81856
3320000 6.81753
3330000 6.81646
3340000 6.8155
3350000 6.81451
3360000 6.81343
3370000 6.81237
3380000 6.81128
3390000 6.81026
3400000 6.80917
3410000 6.80813
3420000 6.80709
3430000 6.80608
3440000 6.80497
3450000 6.80395
3460000 6.80294
3470000 6.80188
3480000 6.80083
3490000 6.79985
3500000 6.79891
3510000 6.79797
3520000 6.79693
3530000 6.79595
3540000 6.7949
3550000 6.79393
3560000 6.793
3570000 6.792
3580000 6.791
3590000 6.79004
3600000 6.78908
3610000 6.78817
3620000 6.78709
3630000 6.78611
3640000 6.78517
3650000 6.78424
3660000 6.78331
3670000 6.78233
3680000 6.78144
3690000 6.7804
3700000 6.77942
3710000 6.77848
3720000 6.77748
3730000 6.77654
3740000 6.77561
3750000 6.77458
3760000 6.77368
3770000 6.77277
3780000 6.77191
3790000 6.77094
3800000 6.77002
3810000 6.76905
3820000 6.76821
3830000 6.76729
3840000 6.76635
3850000 6.76547
3860000 6.76459
3870000 6.76369
3880000 6.76277
3890000 6.76185
3900000 6.76097
3910000 6.76005
3920000 6.75917
3930000 6.75832
3940000 6.75741
3950000 6.75649
3960000 6.75565
3970000 6.75474
3980000 6.75385
3990000 6.75298
4000000 6.75208
4010000 6.75119
4020000 6.75035
4030000 6.74943
4040000 6.74857
4050000 6.74768
4060000 6.74681
4070000 6.74587
4080000 6.74508
4090000 6.74419
4100000 6.74336
4110000 6.74247
4120000 6.74166
4130000 6.74079
4140000 6.73992
4150000 6.73909
4160000 6.73823
4170000 6.73739
4180000 6.73656
4190000 6.73565
4200000 6.73479
4210000 6.73394
4220000 6.73307
4230000 6.73223
4240000 6.73138
4250000 6.73057
4260000 6.72971
4270000 6.72887
4280000 6.72805
4290000 6.72726
4300000 6.72642
4310000 6.72562
4320000 6.72483
4330000 6.72399
4340000 6.72321
4350000 6.72239
4360000 6.72155
4370000 6.72075
4380000 6.71997
4390000 6.71919
4400000 6.71836
4410000 6.71759
4420000 6.71683
4430000 6.71599
4440000 6.71514
4450000 6.71431
4460000 6.71347
4470000 6.71264
4480000 6.71187
4490000 6.71113
4500000 6.71037
4510000 6.70955
4520000 6.70865
4530000 6.70791
4540000 6.70711
4550000 6.70642
4560000 6.70567
4570000 6.70485
4580000 6.70414
4590000 6.70331
4600000 6.70254
4610000 6.70172
4620000 6.70098
4630000 6.7002
4640000 6.69945
4650000 6.69867
4660000 6.69795
4670000 6.69718
4680000 6.69643
4690000 6.69565
4700000 6.69488
4710000 6.69409
4720000 6.69331
4730000 6.69257
4740000 6.69185
4750000 6.69112
4760000 6.69037
4770000 6.68963
4780000 6.68888
4790000 6.68821
4800000 6.68742
4810000 6.68667
4820000 6.68595
4830000 6.68522
4840000 6.68447
4850000 6.68379
4860000 6.68303
4870000 6.68233
4880000 6.68148
4890000 6.68079
4900000 6.68005
4910000 6.67938
4920000 6.67866
4930000 6.67792
4940000 6.67718
4950000 6.67653
4960000 6.67576
4970000 6.67501
4980000 6.67429
4990000 6.67354
5000000 6.67284
5010000 6.67214
5020000 6.67144
5030000 6.67076
5040000 6.67003
5050000 6.66925
5060000 6.66854
5070000 6.66788
5080000 6.66708
5090000 6.6664
5100000 6.6657
5110000 6.66504
5120000 6.66432
5130000 6.66367
5140000 6.66295
5150000 6.66229
5160000 6.66161
5170000 6.66088
5180000 6.66016
5190000 6.65947
5200000 6.65878
5210000 6.65807
5220000 6.65739
5230000 6.65665
5240000 6.65599
5250000 6.65529
5260000 6.65463
5270000 6.65396
5280000 6.65329
5290000 6.65256
5300000 6.6519
5310000 6.65124
5320000 6.65056
5330000 6.64992
5340000 6.64924
5350000 6.64854
5360000 6.64786
5370000 6.6472
5380000 6.6466
5390000 6.64591
5400000 6.64521
5410000 6.64454
5420000 6.64385
5430000 6.64319
5440000 6.64253
5450000 6.64184
5460000 6.64116
5470000 6.64051
5480000 6.63983
5490000 6.63916
5500000 6.63848
5510000 6.63782
5520000 6.63714
5530000 6.63648
5540000 6.63578
5550000 6.63516
5560000 6.63448
5570000 6.63384
5580000 6.63317
5590000 6.6325
5600000 6.63188
5610000 6.63122
5620000 6.63055
5630000 6.62989
5640000 6.62924
5650000 6.62859
5660000 6.62795
5670000 6.62728
5680000 6.62666
5690000 6.62599
5700000 6.62541
5710000 6.62477
5720000 6.62417
5730000 6.62355
5740000 6.62293
5750000 6.6223
5760000 6.62171
5770000 6.6211
5780000 6.62046
5790000 6.6198
5800000 6.61911
5810000 6.61857
5820000 6.61794
5830000 6.61727
5840000 6.61658
5850000 6.61588
5860000 6.61527
5870000 6.61464
5880000 6.61406
5890000 6.61344
5900000 6.61289
5910000 6.6122
5920000 6.61161
5930000 6.61098
5940000 6.61038
5950000 6.60977
5960000 6.60916
5970000 6.6085
5980000 6.60791
5990000 6.60733
6000000 6.60677
6010000 6.60614
6020000 6.60555
6030000 6.60495
6040000 6.60437
6050000 6.60371
6060000 6.6031
6070000 6.6025
6080000 6.60198
6090000 6.60136
6100000 6.60073
6110000 6.60009
6120000 6.59953
6130000 6.59889
6140000 6.59827
6150000 6.59766
6160000 6.59709
6170000 6.59656
6180000 6.59595
6190000 6.59534
6200000 6.59478
6210000 6.59419
6220000 6.59362
6230000 6.59301
6240000 6.5924
6250000 6.59179
6260000 6.59119
6270000 6.5906
6280000 6.59002
6290000 6.58943
6300000 6.58889
6310000 6.58835
6320000 6.58775
6330000 6.58717
6340000 6.58661
6350000 6.58601
6360000 6.58543
6370000 6.58487
6380000 6.58431
6390000 6.58376
6400000 6.58324
6410000 6.58265
6420000 6.58207
6430000 6.58148
6440000 6.58086
6450000 6.58029
6460000 6.57975
6470000 6.57927
6480000 6.57867
6490000 6.5781
6500000 6.57751
6510000 6.577
6520000 6.57644
6530000 6.57587
6540000 6.5753
6550000 6.57472
6560000 6.57417
6570000 6.5736
6580000 6.57304
6590000 6.57248
6600000 6.57194
6610000 6.57134
6620000 6.57078
6630000 6.57024
6640000 6.56966
6650000 6.56909
6660000 6.56859
6670000 6.56803
6680000 6.56749
6690000 6.56696
6700000 6.56636
6710000 6.56578
6720000 6.56523
6730000 6.56465
6740000 6.56407
6750000 6.5635
6760000 6.56294
6770000 6.56239
6780000 6.56186
6790000 6.56129
6800000 6.56074
6810000 6.56025
6820000 6.55968
6830000 6.55914
6840000 6.55855
6850000 6.558
6860000 6.55743
6870000 6.55691
6880000 6.55639
6890000 6.55585
6900000 6.55531
6910000 6.55481
6920000 6.55425
6930000 6.55373
6940000 6.55325
6950000 6.55268
6960000 6.55211
6970000 6.55158
6980000 6.55103
6990000 6.55054
7000000 6.54997
7010000 6.54943
7020000 6.54891
7030000 6.54839
7040000 6.54787
7050000 6.54732
7060000 6.54677
7070000 6.54627
7080000 6.54577
7090000 6.54519
7100000 6.54464
7110000 6.54409
7120000 6.54354
7130000 6.543
7140000 6.54245
7150000 6.54197
7160000 6.54139
7170000 6.54087
7180000 6.54033
7190000 6.53983
7200000 6.53929
7210000 6.53877
7220000 6.53824
7230000 6.53773
7240000 6.53722
7250000 6.53677
7260000 6.53618
7270000 6.53567
7280000 6.53512
7290000 6.5346
7300000 6.53411
7310000 6.53353
7320000 6.53305
7330000 6.53252
7340000 6.53203
7350000 6.53152
7360000 6.53099
7370000 6.5305
7380000 6.52999
7390000 6.52948
7400000 6.52896
7410000 6.52845
7420000 6.52797
7430000 6.52742
7440000 6.52693
7450000 6.52638
7460000 6.52586
7470000 6.52533
7480000 6.52478
7490000 6.52429
7500000 6.52378
7510000 6.52329
7520000 6.52281
7530000 6.52231
7540000 6.52186
7550000 6.52133
7560000 6.5208
7570000 6.52031
7580000 6.51981
7590000 6.51929
7600000 6.51877
7610000 6.51826
7620000 6.51775
7630000 6.51728
7640000 6.51683
7650000 6.51638
7660000 6.51591
7670000 6.51538
7680000 6.51486
7690000 6.51441
7700000 6.51386
7710000 6.51335
7720000 6.51285
7730000 6.51235
7740000 6.51185
7750000 6.51142
7760000 6.51096
7770000 6.51044
7780000 6.50998
7790000 6.50951
7800000 6.50899
7810000 6.50851
7820000 6.50802
7830000 6.50757
7840000 6.50711
7850000 6.50665
7860000 6.50617
7870000 6.50566
7880000 6.50519
7890000 6.50472
7900000 6.50436
7910000 6.50386
7920000 6.50334
7930000 6.50283
7940000 6.50236
7950000 6.50185
7960000 6.50135
7970000 6.50086
7980000 6.50037
7990000 6.49987
8000000 6.4994
8010000 6.49887
8020000 6.49843
8030000 6.49793
8040000 6.49748
8050000 6.497
8060000 6.49651
8070000 6.49609
8080000 6.4956
8090000 6.4951
8100000 6.49464
8110000 6.49417
8120000 6.49372
8130000 6.49321
8140000 6.49271
8150000 6.49221
8160000 6.49176
8170000 6.49131
8180000 6.49085
8190000 6.49041
8200000 6.48988
8210000 6.48942
8220000 6.48895
8230000 6.48849
8240000 6.48801
8250000 6.48753
8260000 6.48704
8270000 6.48655
8280000 6.48613
8290000 6.48567
8300000 6.4852
8310000 6.48474
8320000 6.48426
8330000 6.4838
8340000 6.48332
8350000 6.48287
8360000 6.4824
8370000 6.48195
8380000 6.48147
8390000 6.48105
8400000 6.4806
8410000 6.48015
8420000 6.47975
8430000 6.47929
8440000 6.47887
8450000 6.47843
8460000 6.47796
8470000 6.47752
8480000 6.47701
8490000 6.47651
8500000 6.47604
8510000 6.47561
8520000 6.47515
8530000 6.47475
8540000 6.47425
8550000 6.4738
8560000 6.47333
8570000 6.47286
8580000 6.47235
8590000 6.47195
8600000 6.4715
8610000 6.47101
8620000 6.47059
8630000 6.47013
8640000 6.46971
8650000 6.46926
8660000 6.46884
8670000 6.46838
8680000 6.46791
8690000 6.46747
8700000 6.46702
8710000 6.46658
8720000 6.46618
8730000 6.4657
8740000 6.46528
8750000 6.46485
8760000 6.46438
8770000 6.46393
8780000 6.4635
8790000 6.46305
8800000 6.46261
8810000 6.46215
8820000 6.46173
8830000 6.46128
8840000 6.46084
8850000 6.46043
8860000 6.46
8870000 6.45956
8880000 6.45914
8890000 6.45864
8900000 6.45823
8910000 6.45782
8920000 6.45737
8930000 6.45691
8940000 6.45646
8950000 6.45605
8960000 6.45563
8970000 6.45518
8980000 6.45476
8990000 6.45431
9000000 6.45388
9010000 6.45349
9020000 6.45305
9030000 6.45258
9040000 6.45215
9050000 6.4517
9060000 6.45127
9070000 6.45089
9080000 6.45047
9090000 6.45004
9100000 6.44959
9110000 6.44914
9120000 6.44874
9130000 6.44828
9140000 6.44782
9150000 6.44739
9160000 6.447
9170000 6.44658
9180000 6.44612
9190000 6.44571
9200000 6.4453
9210000 6.44488
9220000 6.44443
9230000 6.444
9240000 6.44364
9250000 6.4432
9260000 6.44279
9270000 6.44238
9280000 6.44195
9290000 6.44153
9300000 6.4411
9310000 6.44078
9320000 6.44032
9330000 6.43984
9340000 6.4394
9350000 6.43897
9360000 6.43856
9370000 6.43812
9380000 6.43774
9390000 6.43738
9400000 6.43693
9410000 6.43649
9420000 6.43605
9430000 6.43558
9440000 6.43514
9450000 6.43474
9460000 6.4343
9470000 6.43389
9480000 6.43352
9490000 6.43309
9500000 6.43264
9510000 6.43223
9520000 6.43185
9530000 6.43144
9540000 6.43105
9550000 6.43059
9560000 6.43016
9570000 6.42975
9580000 6.4293
9590000 6.4289
9600000 6.42856
9610000 6.42813
9620000 6.42768
9630000 6.42723
9640000 6.42679
9650000 6.42644
9660000 6.42599
9670000 6.42557
9680000 6.42513
9690000 6.42476
9700000 6.4244
9710000 6.42402
9720000 6.42361
9730000 6.42315
9740000 6.42274
9750000 6.42233
9760000 6.42194
9770000 6.42153
9780000 6.42112
9790000 6.42069
9800000 6.42029
9810000 6.41991
9820000 6.41952
9830000 6.41911
9840000 6.41873
9850000 6.41829
9860000 6.4179
9870000 6.4175
9880000 6.41711
9890000 6.41668
9900000 6.41631
9910000 6.41587
9920000 6.4155
9930000 6.41506
9940000 6.41469
9950000 6.41425
9960000 6.41384
9970000 6.41345
9980000 6.41314
9990000 6.41281
10000000 6.4124
10010000 6.41193
10020000 6.41152
10030000 6.41112
10040000 6.41072
10050000 6.41033
10060000 6.40996
10070000 6.40952
10080000 6.40909
10090000 6.40871
10100000 6.40831
10110000 6.40793
10120000 6.40751
10130000 6.40714
10140000 6.40673
10150000 6.40637
10160000 6.40596
10170000 6.40559
10180000 6.4052
10190000 6.4048
10200000 6.40439
10210000 6.40402
10220000 6.40363
10230000 6.4032
10240000 6.40279
10250000 6.40237
10260000 6.40197
10270000 6.40162
10280000 6.40128
10290000 6.40096
10300000 6.40055
10310000 6.40016
10320000 6.39978
10330000 6.39935
10340000 6.39898
10350000 6.39862
10360000 6.39823
10370000 6.39787
10380000 6.39752
10390000 6.39711
10400000 6.39673
10410000 6.39632
10420000 6.39596
10430000 6.39558
10440000 6.3952
10450000 6.39481
10460000 6.39449
10470000 6.3941
10480000 6.39382
10490000 6.39337
10500000 6.39301
10510000 6.39257
10520000 6.39219
10530000 6.3918
10540000 6.39141
10550000 6.39103
10560000 6.39072
10570000 6.39033
10580000 6.38995
10590000 6.38956
10600000 6.38917
10610000 6.38876
10620000 6.38837
10630000 6.38795
10640000 6.38762
10650000 6.38725
10660000 6.38694
10670000 6.38656
10680000 6.38615
10690000 6.38579
10700000 6.38537
10710000 6.38501
10720000 6.38466
10730000 6.38426
10740000 6.38389
10750000 6.38349
10760000 6.38311
10770000 6.38274
10780000 6.38238
10790000 6.38208
10800000 6.38166
10810000 6.38129
10820000 6.38088
10830000 6.38056
10840000 6.38021
10850000 6.37983
10860000 6.37945
10870000 6.37904
10880000 6.37868
10890000 6.37831
10900000 6.37797
10910000 6.37762
10920000 6.37724
10930000 6.37687
10940000 6.37651
10950000 6.37612
10960000 6.37574
10970000 6.37537
10980000 6.37498
10990000 6.37463
11000000 6.37425
11010000 6.37392
11020000 6.37355
11030000 6.37317
11040000 6.37277
11050000 6.37244
11060000 6.37209
11070000 6.37172
11080000 6.37134
11090000 6.37098
11100000 6.37061
11110000 6.37026
11120000 6.36992
11130000 6.36951
11140000 6.36911
11150000 6.36878
11160000 6.36842
11170000 6.36803
11180000 6.36764
11190000 6.36728
11200000 6.3669
11210000 6.36656
11220000 6.36618
11230000 6.3658
11240000 6.36545
11250000 6.36511
11260000 6.36477
11270000 6.36443
11280000 6.36408
11290000 6.36375
11300000 6.36335
11310000 6.363
11320000 6.36261
11330000 6.36226
11340000 6.3619
11350000 6.36159
11360000 6.36123
11370000 6.36089
11380000 6.36053
11390000 6.36018
11400000 6.35982
11410000 6.35946
11420000 6.35914
11430000 6.35879
11440000 6.35843
11450000 6.35809
11460000 6.35773
11470000 6.35735
11480000 6.35697
11490000 6.35662
11500000 6.35625
11510000 6.35589
11520000 6.35554
11530000 6.35519
11540000 6.35485
11550000 6.35451
11560000 6.35414
11570000 6.3538
11580000 6.35346
11590000 6.35305
11600000 6.35271
11610000 6.35246
11620000 6.35227
11630000 6.3519
11640000 6.3515
11650000 6.35117
11660000 6.35078
11670000 6.3506
11680000 6.35018
11690000 6.34988
11700000 6.34945
11710000 6.34909
11720000 6.34871
11730000 6.3483
11740000 6.34798
11750000 6.34765
11760000 6.34731
11770000 6.34691
11780000 6.3466
11790000 6.34626
11800000 6.34587
11810000 6.34549
11820000 6.34519
11830000 6.34486
11840000 6.3445
11850000 6.34413
11860000 6.34377
11870000 6.34345
11880000 6.34316
11890000 6.34276
11900000 6.34245
11910000 6.34211
11920000 6.34177
11930000 6.34142
11940000 6.34103
11950000 6.34068
11960000 6.34036
11970000 6.33999
11980000 6.33965
11990000 6.33932
12000000 6.33891
12010000 6.33856
12020000 6.3382
12030000 6.33789
12040000 6.33757
12050000 6.33723
12060000 6.33685
12070000 6.33652
12080000 6.33613
12090000 6.33578
12100000 6.33545
12110000 6.33519
12120000 6.3348
12130000 6.33447
12140000 6.3341
12150000 6.33375
12160000 6.33342
12170000 6.33313
12180000 6.33277
12190000 6.33243
12200000 6.33208
12210000 6.33172
12220000 6.33138
12230000 6.33104
12240000 6.33071
12250000 6.33034
12260000 6.32997
12270000 6.3297
12280000 6.32934
12290000 6.32904
12300000 6.32867
12310000 6.32835
12320000 6.32801
12330000 6.32771
12340000 6.32735
12350000 6.32702
12360000 6.32667
12370000 6.32631
12380000 6.32599
12390000 6.32572
12400000 6.32534
12410000 6.32501
12420000 6.32467
12430000 6.32438
12440000 6.32402
12450000 6.32369
12460000 6.32341
12470000 6.3231
12480000 6.32277
12490000 6.3224
12500000 6.32208
12510000 6.32181
12520000 6.32146
12530000 6.3211
12540000 6.3208
12550000 6.32042
12560000 6.3201
12570000 6.31975
12580000 6.3195
12590000 6.31918
12600000 6.31883
12610000 6.31846
12620000 6.31816
12630000 6.31779
12640000 6.31746
12650000 6.31713
12660000 6.31686
12670000 6.31656
12680000 6.3162
12690000 6.31586
12700000 6.31557
12710000 6.31525
12720000 6.31491
12730000 6.31462
12740000 6.3143
12750000 6.31396
12760000 6.31361
12770000 6.31331
12780000 6.31298
12790000 6.31265
12800000 6.31233
12810000 6.31198
12820000 6.31167
12830000 6.31136
12840000 6.31104
12850000 6.31071
12860000 6.31035
12870000 6.31017
12880000 6.3098
12890000 6.30946
12900000 6.30907
12910000 6.30874
12920000 6.30847
12930000 6.30813
12940000 6.30782
12950000 6.30749
12960000 6.30715
12970000 6.30683
12980000 6.3065
12990000 6.3062
13000000 6.30584
13010000 6.30564
13020000 6.30528
13030000 6.30496
13040000 6.30469
13050000 6.30432
13060000 6.30398
13070000 6.30367
13080000 6.30345
13090000 6.30308
13100000 6.30275
13110000 6.30243
13120000 6.30212
13130000 6.30177
13140000 6.30144
13150000 6.30108
13160000 6.30077
13170000 6.30047
13180000 6.30011
13190000 6.29986
13200000 6.29954
13210000 6.29921
13220000 6.29887
13230000 6.29855
13240000 6.29823
13250000 6.29793
13260000 6.29761
13270000 6.29731
13280000 6.29698
13290000 6.29667
13300000 6.29634
13310000 6.29602
13320000 6.29571
13330000 6.29544
13340000 6.29511
13350000 6.29479
13360000 6.29447
13370000 6.29422
13380000 6.29391
13390000 6.29359
13400000 6.29324
13410000 6.29292
13420000 6.29262
13430000 6.29231
13440000 6.29202
13450000 6.29171
13460000 6.29139
13470000 6.29108
13480000 6.29076
13490000 6.29046
13500000 6.29019
13510000 6.28986
13520000 6.28954
13530000 6.2892
13540000 6.28892
13550000 6.28863
13560000 6.2883
13570000 6.288
13580000 6.28764
13590000 6.28734
13600000 6.28701
13610000 6.28669
13620000 6.28636
13630000 6.28605
13640000 6.28574
13650000 6.28542
13660000 6.28514
13670000 6.2848
13680000 6.28449
13690000 6.28419
13700000 6.28389
13710000 6.28359
13720000 6.28327
13730000 6.28298
13740000 6.28265
13750000 6.28237
13760000 6.28208
13770000 6.28175
13780000 6.28148
13790000 6.28116
13800000 6.28083
13810000 6.28061
13820000 6.28029
13830000 6.27998
13840000 6.27966
13850000 6.27931
13860000 6.27903
13870000 6.27867
13880000 6.27834
13890000 6.278
13900000 6.27774
13910000 6.27742
13920000 6.27711
13930000 6.27682
13940000 6.27652
13950000 6.27623
13960000 6.27595
13970000 6.27568
13980000 6.27541
13990000 6.27511
14000000 6.27485
14010000 6.27459
14020000 6.27422
14030000 6.27388
14040000 6.27357
14050000 6.2733
14060000 6.27296
14070000 6.27265
14080000 6.27231
14090000 6.27203
14100000 6.27188
14110000 6.27152
14120000 6.27116
14130000 6.27084
14140000 6.27053
14150000 6.27024
14160000 6.26991
14170000 6.26961
14180000 6.26933
14190000 6.26906
14200000 6.26871
14210000 6.26843
14220000 6.26818
14230000 6.26787
14240000 6.26756
14250000 6.26723
14260000 6.26696
14270000 6.26667
14280000 6.26635
14290000 6.26608
14300000 6.26575
14310000 6.26544
14320000 6.26517
14330000 6.26488
14340000 6.26454
14350000 6.26425
14360000 6.26392
14370000 6.26364
14380000 6.26336
14390000 6.26305
14400000 6.26276
14410000 6.26243
14420000 6.26216
14430000 6.26187
14440000 6.26156
14450000 6.26125
14460000 6.26101
14470000 6.26066
14480000 6.26033
14490000 6.26005
14500000 6.25975
14510000 6.25947
14520000 6.25916
14530000 6.25884
14540000 6.25857
14550000 6.25828
14560000 6.25796
14570000 6.25767
14580000 6.2574
14590000 6.25708
14600000 6.25681
14610000 6.25656
14620000 6.25624
14630000 6.2559
14640000 6.25564
14650000 6.25535
14660000 6.25505
14670000 6.25476
14680000 6.25447
14690000 6.25422
14700000 6.2539
14710000 6.2536
14720000 6.25331
14730000 6.25301
14740000 6.25273
14750000 6.25246
14760000 6.25221
14770000 6.25186
14780000 6.25159
14790000 6.2513
14800000 6.25097
14810000 6.25069
14820000 6.25039
14830000 6.25013
14840000 6.24985
14850000 6.24954
14860000 6.24926
14870000 6.24896
14880000 6.24873
14890000 6.24841
14900000 6.2481
14910000 6.24781
14920000 6.24756
14930000 6.24729
14940000 6.24702
14950000 6.24669
14960000 6.24641
14970000 6.24612
14980000 6.24582
14990000 6.24555
15000000 6.24523
15010000 6.24493
15020000 6.24471
15030000 6.24436
15040000 6.24408
15050000 6.24377
15060000 6.24353
15070000 6.24323
15080000 6.243
15090000 6.24266
15100000 6.2424
15110000 6.24215
15120000 6.2419
15130000 6.24155
15140000 6.24124
15150000 6.24097
15160000 6.24068
15170000 6.24042
15180000 6.24015
15190000 6.23983
15200000 6.23955
15210000 6.23928
15220000 6.23907
15230000 6.23877
15240000 6.23846
15250000 6.23814
15260000 6.23786
15270000 6.23763
15280000 6.23733
15290000 6.23703
15300000 6.23679
15310000 6.23647
15320000 6.23616
15330000 6.23591
15340000 6.23568
15350000 6.23534
15360000 6.2351
15370000 6.23486
15380000 6.23457
15390000 6.23431
15400000 6.23401
15410000 6.23371
15420000 6.23341
15430000 6.23313
15440000 6.23283
15450000 6.23255
15460000 6.23225
15470000 6.23194
15480000 6.23169
15490000 6.23141
15500000 6.2311
15510000 6.23084
15520000 6.23057
15530000 6.23032
15540000 6.2301
15550000 6.22983
15560000 6.22958
15570000 6.22927
15580000 6.22899
15590000 6.22864
15600000 6.22836
15610000 6.22809
15620000 6.22781
15630000 6.22758
15640000 6.22731
15650000 6.22711
15660000 6.22683
15670000 6.22653
15680000 6.22628
15690000 6.22601
15700000 6.22573
15710000 6.22548
15720000 6.22515
15730000 6.22485
15740000 6.22459
15750000 6.22432
15760000 6.22406
15770000 6.22377
15780000 6.22349
15790000 6.22324
15800000 6.22292
15810000 6.22266
15820000 6.22238
15830000 6.22214
15840000 6.22188
15850000 6.22161
15860000 6.22134
15870000 6.22102
15880000 6.22074
15890000 6.22046
15900000 6.22023
15910000 6.21994
15920000 6.21965
15930000 6.21933
15940000 6.21906
15950000 6.21877
15960000 6.21852
15970000 6.21822
15980000 6.21796
15990000 6.21768
16000000 6.2174
16010000 6.21714
16020000 6.21689
16030000 6.21659
16040000 6.21636
16050000 6.21608
16060000 6.21584
16070000 6.21553
16080000 6.21525
16090000 6.21496
16100000 6.21473
16110000 6.21444
16120000 6.21418
16130000 6.21391
16140000 6.21365
16150000 6.21337
16160000 6.21311
16170000 6.21285
16180000 6.21258
16190000 6.21232
16200000 6.21201
16210000 6.21175
16220000 6.21148
16230000 6.21122
16240000 6.21103
16250000 6.21072
16260000 6.21049
16270000 6.21022
16280000 6.20991
16290000 6.20965
16300000 6.2094
16310000 6.20912
16320000 6.209
16330000 6.20868
16340000 6.20836
16350000 6.20809
16360000 6.20782
16370000 6.20755
16380000 6.20724
16390000 6.20694
16400000 6.20667
16410000 6.20639
16420000 6.20611
16430000 6.20587
16440000 6.2056
16450000 6.20532
16460000 6.20507
16470000 6.2048
16480000 6.20465
16490000 6.2044
16500000 6.20413
16510000 6.20382
16520000 6.20354
16530000 6.20328
16540000 6.20302
16550000 6.20273
16560000 6.20243
16570000 6.20219
16580000 6.20192
16590000 6.20167
16600000 6.20136
16610000 6.20108
16620000 6.20079
16630000 6.20053
16640000 6.2003
16650000 6.20003
16660000 6.1998
16670000 6.19952
16680000 6.19925
16690000 6.19899
16700000 6.19873
16710000 6.19849
16720000 6.19827
16730000 6.19802
16740000 6.19776
16750000 6.19749
16760000 6.19717
16770000 6.19691
16780000 6.19669
16790000 6.19652
16800000 6.19623
16810000 6.19596
16820000 6.19575
16830000 6.19545
16840000 6.19514
16850000 6.19482
16860000 6.19454
16870000 6.1943
16880000 6.19403
16890000 6.19378
16900000 6.19352
16910000 6.19325
16920000 6.193
16930000 6.19276
16940000 6.19245
16950000 6.19223
16960000 6.19195
16970000 6.19168
16980000 6.19142
16990000 6.19118
17000000 6.19096
17010000 6.19069
17020000 6.19039
17030000 6.19016
17040000 6.18989
17050000 6.18961
17060000 6.18938
17070000 6.1891
17080000 6.18886
17090000 6.18861
17100000 6.18832
17110000 6.18807
17120000 6.18778
17130000 6.1875
17140000 6.18724
17150000 6.187
17160000 6.18676
17170000 6.18651
17180000 6.18621
17190000 6.18595
17200000 6.18571
17210000 6.18545
17220000 6.18515
17230000 6.18493
17240000 6.18467
17250000 6.1844
17260000 6.18415
17270000 6.18393
17280000 6.18368
17290000 6.18341
17300000 6.18314
17310000 6.18292
17320000 6.1827
17330000 6.1824
17340000 6.18215
17350000 6.1819
17360000 6.18167
17370000 6.18141
17380000 6.18114
17390000 6.18091
17400000 6.18067
17410000 6.18036
17420000 6.18012
17430000 6.17989
17440000 6.17963
17450000 6.17936
17460000 6.17912
17470000 6.17883
17480000 6.17858
17490000 6.17831
17500000 6.17811
17510000 6.17782
17520000 6.17757
17530000 6.17733
17540000 6.17709
17550000 6.1768
17560000 6.17659
17570000 6.17638
17580000 6.17611
17590000 6.17588
17600000 6.1756
17610000 6.17535
17620000 6.17511
17630000 6.17483
17640000 6.17451
17650000 6.17429
17660000 6.17412
17670000 6.17387
17680000 6.17357
17690000 6.17329
17700000 6.17301
17710000 6.17274
17720000 6.17253
17730000 6.17226
17740000 6.172
17750000 6.17183
17760000 6.17158
17770000 6.17134
17780000 6.17107
17790000 6.17082
17800000 6.17058
17810000 6.1703
17820000 6.17006
17830000 6.16983
17840000 6.16955
17850000 6.16931
17860000 6.16902
17870000 6.16876
17880000 6.16854
17890000 6.16829
17900000 6.16805
17910000 6.16778
17920000 6.16753
17930000 6.16731
17940000 6.16708
17950000 6.16683
17960000 6.16658
17970000 6.16631
17980000 6.16609
17990000 6.16579
18000000 6.16552
18010000 6.16531
18020000 6.16508
18030000 6.16483
18040000 6.1646
18050000 6.16435
18060000 6.16409
18070000 6.16387
18080000 6.1636
18090000 6.16336
18100000 6.16312
18110000 6.16284
18120000 6.16264
18130000 6.16238
18140000 6.16213
18150000 6.16187
18160000 6.16163
18170000 6.16141
18180000 6.16117
18190000 6.16088
18200000 6.16068
18210000 6.16042
18220000 6.16021
18230000 6.15995
18240000 6.15969
18250000 6.15943
18260000 6.15923
18270000 6.15897
18280000 6.15867
18290000 6.15851
18300000 6.15826
18310000 6.158
18320000 6.15775
18330000 6.15748
18340000 6.1572
18350000 6.15699
18360000 6.15678
18370000 6.15656
18380000 6.15629
18390000 6.15606
18400000 6.15579
18410000 6.15555
18420000 6.15528
18430000 6.15503
18440000 6.15477
18450000 6.1545
18460000 6.15428
18470000 6.15408
18480000 6.15385
18490000 6.1536
18500000 6.15335
18510000 6.15312
18520000 6.15284
18530000 6.15267
18540000 6.15241
18550000 6.15211
18560000 6.1519
18570000 6.15167
18580000 6.15138
18590000 6.15114
18600000 6.15089
18610000 6.1507
18620000 6.15041
18630000 6.15018
18640000 6.14993
18650000 6.14974
18660000 6.1495
18670000 6.14922
18680000 6.149
18690000 6.14875
18700000 6.14851
18710000 6.14827
18720000 6.14814
18730000 6.14791
18740000 6.14764
18750000 6.14746
18760000 6.1472
18770000 6.14694
18780000 6.1467
18790000 6.14638
18800000 6.14615
18810000 6.146
18820000 6.14576
18830000 6.14549
18840000 6.14521
18850000 6.14498
18860000 6.14474
18870000 6.14455
18880000 6.14436
18890000 6.14411
18900000 6.14384
18910000 6.14361
18920000 6.14336
18930000 6.1431
18940000 6.14287
18950000 6.14264
18960000 6.14239
18970000 6.14214
18980000 6.14191
18990000 6.14162
19000000 6.14139
19010000 6.14117
19020000 6.1409
19030000 6.14067
19040000 6.14045
19050000 6.14024
19060000 6.14003
19070000 6.13977
19080000 6.13953
19090000 6.13926
19100000 6.13907
19110000 6.13883
19120000 6.13857
19130000 6.13834
19140000 6.13811
19150000 6.13786
19160000 6.13765
19170000 6.13739
19180000 6.13712
19190000 6.1369
19200000 6.13668
19210000 6.13646
19220000 6.13621
19230000 6.13595
19240000 6.13569
19250000 6.13548
19260000 6.13523
19270000 6.135
19280000 6.13476
19290000 6.13451
19300000 6.13428
19310000 6.13405
19320000 6.13383
19330000 6.13359
19340000 6.13331
19350000 6.13307
19360000 6.13284
19370000 6.13262
19380000 6.13241
19390000 6.13222
19400000 6.13195
19410000 6.13171
19420000 6.13158
19430000 6.13126
19440000 6.131
19450000 6.13075
19460000 6.13051
19470000 6.13026
19480000 6.13006
19490000 6.12982
19500000 6.12958
19510000 6.12935
19520000 6.12918
19530000 6.12894
19540000 6.12884
19550000 6.1286
19560000 6.1283
19570000 6.12804
19580000 6.12779
19590000 6.12753
19600000 6.12734
19610000 6.1271
19620000 6.12683
19630000 6.1266
19640000 6.12643
19650000 6.1262
19660000 6.12595
19670000 6.12569
19680000 6.12546
19690000 6.1252
19700000 6.12495
19710000 6.12475
19720000 6.12451
19730000 6.12426
19740000 6.12403
19750000 6.1238
19760000 6.12356
19770000 6.12338
19780000 6.12316
19790000 6.12291
19800000 6.12263
19810000 6.12239
19820000 6.12217
19830000 6.122
19840000 6.12176
19850000 6.12152
19860000 6.12127
19870000 6.12104
19880000 6.1208
19890000 6.12069
19900000 6.12043
19910000 6.1202
19920000 6.11996
19930000 6.11978
19940000 6.11953
19950000 6.1193
19960000 6.11907
19970000 6.11889
19980000 6.11865
19990000 6.11845
20000000 6.11822
20010000 6.11797
20020000 6.11771
20030000 6.11749
20040000 6.11721
20050000 6.11697
20060000 6.11675
20070000 6.11653
20080000 6.11631
20090000 6.11607
20100000 6.11586
20110000 6.11558
20120000 6.11534
20130000 6.11511
20140000 6.1149
20150000 6.11472
20160000 6.11446
20170000 6.11435
20180000 6.11412
20190000 6.11384
20200000 6.11358
20210000 6.11335
20220000 6.11314
20230000 6.11292
20240000 6.11267
20250000 6.11244
20260000 6.11216
20270000 6.11189
20280000 6.11167
20290000 6.11145
20300000 6.11121
20310000 6.11105
20320000 6.11083
20330000 6.11053
20340000 6.11031
20350000 6.11007
20360000 6.1099
20370000 6.1097
20380000 6.10945
20390000 6.10918
20400000 6.1091
20410000 6.10879
20420000 6.10856
20430000 6.10833
20440000 6.10805
20450000 6.10783
20460000 6.1076
20470000 6.10736
20480000 6.10715
20490000 6.1069
20500000 6.10668
20510000 6.10646
20520000 6.10622
20530000 6.106
20540000 6.1058
20550000 6.10557
20560000 6.10535
20570000 6.10513
20580000 6.10494
20590000 6.10473
20600000 6.10448
20610000 6.10426
20620000 6.10405
20630000 6.1038
20640000 6.10359
20650000 6.10335
20660000 6.10315
20670000 6.10294
20680000 6.10271
20690000 6.10248
20700000 6.1023
20710000 6.10207
20720000 6.10181
20730000 6.10165
20740000 6.10143
20750000 6.10118
20760000 6.10095
20770000 6.10076
20780000 6.10051
20790000 6.10033
20800000 6.10008
20810000 6.0999
20820000 6.09966
20830000 6.09945
20840000 6.09918
20850000 6.09892
20860000 6.09871
20870000 6.09848
20880000 6.09829
20890000 6.09811
20900000 6.09786
20910000 6.09762
20920000 6.09739
20930000 6.09716
20940000 6.0969
20950000 6.09669
20960000 6.09646
20970000 6.09626
20980000 6.09605
20990000 6.09579
21000000 6.09556
21010000 6.09538
21020000 6.09516
21030000 6.09496
21040000 6.09471
21050000 6.09447
21060000 6.0943
21070000 6.09406
21080000 6.09386
21090000 6.09363
21100000 6.09342
21110000 6.09316
21120000 6.09296
21130000 6.09269
21140000 6.09247
21150000 6.09226
21160000 6.09207
21170000 6.09189
21180000 6.09174
21190000 6.09152
21200000 6.0913
21210000 6.0911
21220000 6.09084
21230000 6.09062
21240000 6.09039
21250000 6.09014
21260000 6.08991
21270000 6.08963
21280000 6.0895
21290000 6.08924
21300000 6.08908
21310000 6.08881
21320000 6.08858
21330000 6.0884
21340000 6.08829
21350000 6.08804
21360000 6.08777
21370000 6.08754
21380000 6.08733
21390000 6.08713
21400000 6.08688
21410000 6.08667
21420000 6.08642
21430000 6.08617
21440000 6.086
21450000 6.08575
21460000 6.08553
21470000 6.08532
21480000 6.08511
21490000 6.08485
21500000 6.08464
21510000 6.08442
21520000 6.08425
21530000 6.08407
21540000 6.08384
21550000 6.0836
21560000 6.08341
21570000 6.08318
21580000 6.08296
21590000 6.08272
21600000 6.0825
21610000 6.08229
21620000 6.08209
21630000 6.08189
21640000 6.0817
21650000 6.0815
21660000 6.08133
21670000 6.08105
21680000 6.08085
21690000 6.08064
21700000 6.0804
21710000 6.08015
21720000 6.07996
21730000 6.07973
21740000 6.07953
21750000 6.07931
21760000 6.07922
21770000 6.07898
21780000 6.07872
21790000 6.07851
21800000 6.07828
21810000 6.07801
21820000 6.07783
21830000 6.07761
21840000 6.07742
21850000 6.07717
21860000 6.07696
21870000 6.07685
21880000 6.07659
21890000 6.07641
21900000 6.07617
21910000 6.07595
21920000 6.07571
21930000 6.07547
21940000 6.07529
21950000 6.07509
21960000 6.07489
21970000 6.07467
21980000 6.07446
21990000 6.07422
22000000 6.07402
22010000 6.07382
22020000 6.0736
22030000 6.0734
22040000 6.07318
22050000 6.07296
22060000 6.07273
22070000 6.07251
22080000 6.07231
22090000 6.07209
22100000 6.07185
22110000 6.07161
22120000 6.0714
22130000 6.07116
22140000 6.07096
22150000 6.07077
22160000 6.07056
22170000 6.07034
22180000 6.07012
22190000 6.06993
22200000 6.06967
22210000 6.06948
22220000 6.06928
22230000 6.06905
22240000 6.06884
22250000 6.06865
22260000 6.06847
22270000 6.06824
22280000 6.06802
22290000 6.06778
22300000 6.06758
22310000 6.06738
22320000 6.06717
22330000 6.06696
22340000 6.06672
22350000 6.06659
22360000 6.06633
22370000 6.06611
22380000 6.06591
22390000 6.06572
22400000 6.06552
22410000 6.06527
22420000 6.06506
22430000 6.06486
22440000 6.06465
22450000 6.06446
22460000 6.0643
22470000 6.06409
22480000 6.0639
22490000 6.06366
22500000 6.06344
22510000 6.06327
22520000 6.06306
22530000 6.06283
22540000 6.06258
22550000 6.06237
22560000 6.06215
22570000 6.06204
22580000 6.06181
22590000 6.06159
22600000 6.06137
22610000 6.06114
22620000 6.06096
22630000 6.06073
22640000 6.06054
22650000 6.06031
22660000 6.06006
22670000 6.05987
22680000 6.05967
22690000 6.05944
22700000 6.0592
22710000 6.05896
22720000 6.05878
22730000 6.05861
22740000 6.05842
22750000 6.05824
22760000 6.05804
22770000 6.05789
22780000 6.05766
22790000 6.05747
22800000 6.05724
22810000 6.05704
22820000 6.05686
22830000 6.05662
22840000 6.0564
22850000 6.05614
22860000 6.05595
22870000 6.05576
22880000 6.05559
22890000 6.05536
22900000 6.05513
22910000 6.05493
22920000 6.05472
22930000 6.05451
22940000 6.05435
22950000 6.05413
22960000 6.05396
22970000 6.05375
22980000 6.05352
22990000 6.05331
23000000 6.0531
23010000 6.05285
23020000 6.05261
23030000 6.05239
23040000 6.05216
23050000 6.05196
23060000 6.05175
23070000 6.05153
23080000 6.05136
23090000 6.05114
23100000 6.05095
23110000 6.05076
23120000 6.05055
23130000 6.05033
23140000 6.05011
23150000 6.04993
23160000 6.04973
23170000 6.04963
23180000 6.04944
23190000 6.04917
23200000 6.04895
23210000 6.04873
23220000 6.0485
23230000 6.04835
23240000 6.04816
23250000 6.04793
23260000 6.04774
23270000 6.0475
23280000 6.04729
23290000 6.0471
23300000 6.04688
23310000 6.04666
23320000 6.0465
23330000 6.04631
23340000 6.04606
23350000 6.04588
23360000 6.04568
23370000 6.04544
23380000 6.04531
23390000 6.0451
23400000 6.04495
23410000 6.04471
23420000 6.04448
23430000 6.04432
23440000 6.04408
23450000 6.04388
23460000 6.0437
23470000 6.04353
23480000 6.04333
23490000 6.04312
23500000 6.04295
23510000 6.04274
23520000 6.04254
23530000 6.04233
23540000 6.04211
23550000 6.04191
23560000 6.04181
23570000 6.04156
23580000 6.04137
23590000 6.04117
23600000 6.04095
23610000 6.0408
23620000 6.04059
23630000 6.04036
23640000 6.04018
23650000 6.04
23660000 6.03981
23670000 6.03959
23680000 6.03939
23690000 6.03918
23700000 6.03898
23710000 6.03876
23720000 6.03857
23730000 6.03843
23740000 6.03817
23750000 6.03798
23760000 6.03776
23770000 6.03756
23780000 6.03735
23790000 6.03721
23800000 6.03695
23810000 6.0368
23820000 6.03657
23830000 6.03635
23840000 6.03615
23850000 6.03592
23860000 6.0358
23870000 6.03555
23880000 6.03542
23890000 6.03522
23900000 6.03503
23910000 6.03481
23920000 6.03462
23930000 6.03444
23940000 6.03421
23950000 6.03399
23960000 6.03373
23970000 6.03354
23980000 6.03336
23990000 6.03317
24000000 6.03295
24010000 6.03283
24020000 6.03268
24030000 6.03241
24040000 6.0322
24050000 6.032
24060000 6.03176
24070000 6.03153
24080000 6.03132
24090000 6.03113
24100000 6.031
24110000 6.0308
24120000 6.03062
24130000 6.03038
24140000 6.03018
24150000 6.03
24160000 6.02978
24170000 6.02959
24180000 6.02938
24190000 6.02918
24200000 6.02899
24210000 6.02888
24220000 6.02865
24230000 6.02844
24240000 6.02823
24250000 6.02805
24260000 6.02788
24270000 6.02768
24280000 6.02748
24290000 6.02728
24300000 6.02705
24310000 6.02684
24320000 6.02666
24330000 6.02653
24340000 6.02628
24350000 6.02611
24360000 6.02596
24370000 6.02576
24380000 6.02562
24390000 6.0254
24400000 6.02519
24410000 6.02501
24420000 6.02479
24430000 6.02459
24440000 6.02439
24450000 6.0242
24460000 6.02398
24470000 6.0238
24480000 6.02361
24490000 6.02337
24500000 6.0232
24510000 6.02302
24520000 6.02286
24530000 6.02264
24540000 6.02239
24550000 6.02218
24560000 6.02198
24570000 6.0218
24580000 6.0216
24590000 6.02143
24600000 6.02123
24610000 6.02102
24620000 6.02085
24630000 6.02062
24640000 6.02041
24650000 6.02024
24660000 6.02003
24670000 6.01983
24680000 6.01965
24690000 6.01952
24700000 6.01929
24710000 6.01906
24720000 6.01885
24730000 6.01866
24740000 6.01847
24750000 6.01834
24760000 6.01813
24770000 6.01791
24780000 6.01771
24790000 6.01756
24800000 6.01736
24810000 6.01719
24820000 6.01696
24830000 6.01674
24840000 6.01651
24850000 6.01632
24860000 6.01613
24870000 6.01591
24880000 6.01572
24890000 6.01551
24900000 6.01537
24910000 6.01518
24920000 6.01496
24930000 6.01483
24940000 6.0146
24950000 6.01444
24960000 6.01421
24970000 6.014
24980000 6.0138
24990000 6.01361
25000000 6.01345
25010000 6.0132
25020000 6.01301
25030000 6.01282
25040000 6.01261
25050000 6.01242
25060000 6.01225
25070000 6.01206
25080000 6.0119
25090000 6.0117
25100000 6.01158
25110000 6.01132
25120000 6.01112
25130000 6.01091
25140000 6.01074
25150000 6.01057
25160000 6.01035
25170000 6.01021
25180000 6.01006
25190000 6.00988
25200000 6.00971
25210000 6.00949
25220000 6.00932
25230000 6.00913
25240000 6.00892
25250000 6.00874
25260000 6.00853
25270000 6.00831
25280000 6.00815
25290000 6.00798
25300000 6.00776
25310000 6.00756
25320000 6.00742
25330000 6.00723
25340000 6.00703
25350000 6.00683
25360000 6.00664
25370000 6.00648
25380000 6.00625
25390000 6.00609
25400000 6.00583
25410000 6.00568
25420000 6.00552
25430000 6.00532
25440000 6.00519
25450000 6.00495
25460000 6.0048
25470000 6.00452
25480000 6.00434
25490000 6.00413
25500000 6.00392
25510000 6.00371
25520000 6.00354
25530000 6.00335
25540000 6.00318
25550000 6.00302
25560000 6.00281
25570000 6.00262
25580000 6.00242
25590000 6.00225
25600000 6.0021
25610000 6.00198
25620000 6.00179
25630000 6.00157
25640000 6.00143
25650000 6.00125
25660000 6.001
25670000 6.00085
25680000 6.00065
25690000 6.0005
25700000 6.00023
25710000 6.0001
25720000 5.99985
25730000 5.99977
25740000 5.99954
25750000 5.99932
25760000 5.99912
25770000 5.9989
25780000 5.99868
25790000 5.9985
25800000 5.99831
25810000 5.99812
25820000 5.99792
25830000 5.99772
25840000 5.99756
25850000 5.99739
25860000 5.99723
25870000 5.99705
25880000 5.99683
25890000 5.99664
25900000 5.99645
25910000 5.99625
25920000 5.99637
25930000 5.99612
25940000 5.99584
25950000 5.99554
25960000 5.99528
25970000 5.99513
25980000 5.99493
25990000 5.99473
26000000 5.99456
26010000 5.99434
26020000 5.99413
26030000 5.99395
26040000 5.99377
26050000 5.9936
26060000 5.99341
26070000 5.99327
26080000 5.99304
26090000 5.99283
26100000 5.99264
26110000 5.99246
26120000 5.99226
26130000 5.99206
26140000 5.99188
26150000 5.99169
26160000 5.99149
26170000 5.99131
26180000 5.99117
26190000 5.99097
26200000 5.99076
26210000 5.99061
26220000 5.99043
26230000 5.9902
26240000 5.99004
26250000 5.98986
26260000 5.98969
26270000 5.98953
26280000 5.98941
26290000 5.98921
26300000 5.98901
26310000 5.98879
26320000 5.98861
26330000 5.98845
26340000 5.98826
26350000 5.98813
26360000 5.98791
26370000 5.98772
26380000 5.98752
26390000 5.98736
26400000 5.98715
26410000 5.98698
26420000 5.98682
26430000 5.98665
26440000 5.98648
26450000 5.98627
26460000 5.98607
26470000 5.98591
26480000 5.98576
26490000 5.98554
26500000 5.98533
26510000 5.98515
26520000 5.98497
26530000 5.98486
26540000 5.98467
26550000 5.98446
26560000 5.98426
26570000 5.98407
26580000 5.98386
26590000 5.98366
26600000 5.98344
26610000 5.98326
26620000 5.98307
26630000 5.98294
26640000 5.98275
26650000 5.98255
26660000 5.98237
26670000 5.98226
26680000 5.98211
26690000 5.98188
26700000 5.9817
26710000 5.98151
26720000 5.98132
26730000 5.98111
26740000 5.98091
26750000 5.98077
26760000 5.98059
26770000 5.98038
26780000 5.98021
26790000 5.98002
26800000 5.97986
26810000 5.97969
26820000 5.97948
26830000 5.97929
26840000 5.9791
26850000 5.97892
26860000 5.97877
26870000 5.97856
26880000 5.97839
26890000 5.9782
26900000 5.97801
26910000 5.97787
26920000 5.9777
26930000 5.9775
26940000 5.9773
26950000 5.97716
26960000 5.97697
26970000 5.97677
26980000 5.9766
26990000 5.97637
27000000 5.97618
27010000 5.976
27020000 5.97585
27030000 5.97566
27040000 5.97552
27050000 5.97534
27060000 5.97516
27070000 5.97496
27080000 5.97483
27090000 5.97462
27100000 5.97447
27110000 5.97431
27120000 5.97413
27130000 5.97391
27140000 5.97371
27150000 5.97353
27160000 5.97333
27170000 5.97316
27180000 5.97295
27190000 5.97278
27200000 5.97258
27210000 5.9725
27220000 5.97233
27230000 5.97209
27240000 5.9719
27250000 5.97174
27260000 5.97153
27270000 5.97138
27280000 5.97118
27290000 5.97104
27300000 5.97083
27310000 5.97059
27320000 5.97041
27330000 5.97024
27340000 5.97009
27350000 5.96992
27360000 5.9697
27370000 5.96958
27380000 5.96937
27390000 5.96915
27400000 5.96905
27410000 5.96887
27420000 5.96865
27430000 5.96849
27440000 5.9683
27450000 5.9681
27460000 5.96795
27470000 5.96778
27480000 5.96757
27490000 5.96747
27500000 5.96725
27510000 5.96704
27520000 5.96686
27530000 5.96667
27540000 5.96649
27550000 5.96631
27560000 5.96612
27570000 5.96594
27580000 5.96577
27590000 5.96558
27600000 5.96539
27610000 5.96521
27620000 5.965
27630000 5.96482
27640000 5.96469
27650000 5.96452
27660000 5.96436
27670000 5.96416
27680000 5.96392
27690000 5.96377
27700000 5.9636
27710000 5.96341
27720000 5.96322
27730000 5.96308
27740000 5.96287
27750000 5.96275
27760000 5.96253
27770000 5.96234
27780000 5.96215
27790000 5.96199
27800000 5.9618
27810000 5.96166
27820000 5.96146
27830000 5.96122
27840000 5.96108
27850000 5.9609
27860000 5.9609
27870000 5.96066
27880000 5.96044
27890000 5.96022
27900000 5.96007
27910000 5.9599
27920000 5.9597
27930000 5.95952
27940000 5.95933
27950000 5.95912
27960000 5.95895
27970000 5.95878
27980000 5.9586
27990000 5.95842
28000000 5.95823
28010000 5.95807
28020000 5.95791
28030000 5.95772
28040000 5.95755
28050000 5.95739
28060000 5.95721
28070000 5.95701
28080000 5.95684
28090000 5.95672
28100000 5.95649
28110000 5.95629
28120000 5.95615
28130000 5.95597
28140000 5.95581
28150000 5.95564
28160000 5.95541
28170000 5.95525
28180000 5.95509
28190000 5.95489
28200000 5.95474
28210000 5.95452
28220000 5.95437
28230000 5.95421
28240000 5.95403
28250000 5.95383
28260000 5.95365
28270000 5.95347
28280000 5.95329
28290000 5.95311
28300000 5.95297
28310000 5.95277
28320000 5.9526
28330000 5.95242
28340000 5.95231
28350000 5.95211
28360000 5.95191
28370000 5.95172
28380000 5.95158
28390000 5.95139
28400000 5.95119
28410000 5.95103
28420000 5.95087
28430000 5.9507
28440000 5.95052
28450000 5.95034
28460000 5.95016
28470000 5.94999
28480000 5.94982
28490000 5.94965
28500000 5.94949
28510000 5.94945
28520000 5.94917
28530000 5.94893
28540000 5.94878
28550000 5.94861
28560000 5.94842
28570000 5.94825
28580000 5.94811
28590000 5.9479
28600000 5.94774
28610000 5.94755
28620000 5.94738
28630000 5.94721
28640000 5.94701
28650000 5.94684
28660000 5.9467
28670000 5.94651
28680000 5.94635
28690000 5.9462
28700000 5.94598
28710000 5.94585
28720000 5.94567
28730000 5.94551
28740000 5.94527
28750000 5.94522
28760000 5.94498
28770000 5.94481
28780000 5.94463
28790000 5.94447
28800000 5.94432
28810000 5.94416
28820000 5.94396
28830000 5.94383
28840000 5.9436
28850000 5.94344
28860000 5.94335
28870000 5.94315
28880000 5.94293
28890000 5.94272
28900000 5.94257
28910000 5.94239
28920000 5.94232
28930000 5.94212
28940000 5.94194
28950000 5.9419
28960000 5.9417
28970000 5.9415
28980000 5.94131
28990000 5.9411
29000000 5.94092
29010000 5.94072
29020000 5.94053
29030000 5.94035
29040000 5.9402
29050000 5.94006
29060000 5.93988
29070000 5.9397
29080000 5.93951
29090000 5.93928
29100000 5.93915
29110000 5.93896
29120000 5.93878
29130000 5.93867
29140000 5.93849
29150000 5.93836
29160000 5.93815
29170000 5.93792
29180000 5.93773
29190000 5.9376
29200000 5.93744
29210000 5.93725
29220000 5.93703
29230000 5.93689
29240000 5.93672
29250000 5.93656
29260000 5.93642
29270000 5.93624
29280000 5.93607
29290000 5.93592
29300000 5.93572
29310000 5.93556
29320000 5.93551
29330000 5.93535
29340000 5.93514
29350000 5.93494
29360000 5.93476
29370000 5.93458
29380000 5.93443
29390000 5.93417
29400000 5.93406
29410000 5.93389
29420000 5.93372
29430000 5.93356
29440000 5.93339
29450000 5.93316
29460000 5.93299
29470000 5.93287
29480000 5.93273
29490000 5.93252
29500000 5.93236
29510000 5.93215
29520000 5.93204
29530000 5.93185
29540000 5.93164
29550000 5.93144
29560000 5.93129
29570000 5.93114
29580000 5.93096
29590000 5.93077
29600000 5.93063
29610000 5.93047
29620000 5.93027
29630000 5.93014
29640000 5.92997
29650000 5.92981
29660000 5.92967
29670000 5.92945
29680000 5.92928
29690000 5.92912
29700000 5.92898
29710000 5.92886
29720000 5.92875
29730000 5.92852
29740000 5.92832
29750000 5.92819
29760000 5.92803
29770000 5.92787
29780000 5.92776
29790000 5.9276
29800000 5.92741
29810000 5.92721
29820000 5.92702
29830000 5.92684
29840000 5.9267
29850000 5.9265
29860000 5.92631
29870000 5.9262
29880000 5.92607
29890000 5.92588
29900000 5.92573
29910000 5.92556
29920000 5.92538
29930000 5.92525
29940000 5.92503
29950000 5.92485
29960000 5.92468
29970000 5.92451
29980000 5.92432
29990000 5.92419
30000000 5.92407
