10000 16.6891
20000 12.5053
30000 10.0794
40000 8.55386
50000 7.49758
60000 6.73383
70000 6.31001
80000 6.00438
90000 5.77724
100000 5.61796
110000 5.4905
120000 5.35966
130000 5.26527
140000 5.1862
150000 5.12288
160000 5.06553
170000 5.01066
180000 4.96191
190000 4.914
200000 4.87222
210000 4.83132
220000 4.79338
230000 4.75447
240000 4.72124
250000 4.68837
260000 4.65671
270000 4.62591
280000 4.59641
290000 4.569
300000 4.54341
310000 4.5179
320000 4.49588
330000 4.47288
340000 4.44969
350000 4.42597
360000 4.40285
370000 4.38235
380000 4.36166
390000 4.34198
400000 4.32191
410000 4.30244
420000 4.28547
430000 4.26667
440000 4.24934
450000 4.23196
460000 4.21479
470000 4.19943
480000 4.18329
490000 4.16867
500000 4.1543
510000 4.14065
520000 4.12661
530000 4.11235
540000 4.09901
550000 4.08569
560000 4.07284
570000 4.0604
580000 4.04811
590000 4.03588
600000 4.02384
610000 4.01223
620000 4.00037
630000 3.98877
640000 3.97669
650000 3.96608
660000 3.95509
670000 3.94491
680000 3.93484
690000 3.9243
700000 3.9144
710000 3.90466
720000 3.89504
730000 3.88607
740000 3.87663
750000 3.86706
760000 3.8578
770000 3.84898
780000 3.84021
790000 3.83151
800000 3.82347
810000 3.81545
820000 3.80697
830000 3.79838
840000 3.79041
850000 3.78248
860000 3.77465
870000 3.76726
880000 3.76006
890000 3.75235
900000 3.74454
910000 3.73735
920000 3.73055
930000 3.72331
940000 3.71598
950000 3.70892
960000 3.70179
970000 3.69511
980000 3.68851
990000 3.68203
1000000 3.67529
1010000 3.66894
1020000 3.66275
1030000 3.65601
1040000 3.64954
1050000 3.64348
1060000 3.63751
1070000 3.6316
1080000 3.62547
1090000 3.6195
1100000 3.61345
1110000 3.60768
1120000 3.6019
1130000 3.59623
1140000 3.59031
1150000 3.58461
1160000 3.57896
1170000 3.57367
1180000 3.56829
1190000 3.56294
1200000 3.55735
1210000 3.55247
1220000 3.54732
1230000 3.54216
1240000 3.53732
1250000 3.53252
1260000 3.52763
1270000 3.52311
1280000 3.51776
1290000 3.5127
1300000 3.50821
1310000 3.50372
1320000 3.49924
1330000 3.49438
1340000 3.48985
1350000 3.48541
1360000 3.48088
1370000 3.47631
1380000 3.47181
1390000 3.46733
1400000 3.46292
1410000 3.45834
1420000 3.45404
1430000 3.44964
1440000 3.44537
1450000 3.44095
1460000 3.43682
1470000 3.43271
1480000 3.42881
1490000 3.42465
1500000 3.42059
1510000 3.41663
1520000 3.41252
1530000 3.40851
1540000 3.4048
1550000 3.40083
1560000 3.39696
1570000 3.39306
1580000 3.38925
1590000 3.38556
1600000 3.38191
1610000 3.37808
1620000 3.37443
1630000 3.37079
1640000 3.36713
1650000 3.36335
1660000 3.35991
1670000 3.35629
1680000 3.35239
1690000 3.3489
1700000 3.34517
1710000 3.34156
1720000 3.33832
1730000 3.33493
1740000 3.33148
1750000 3.32816
1760000 3.32464
1770000 3.32144
1780000 3.31796
1790000 3.31468
1800000 3.31154
1810000 3.30815
1820000 3.30523
1830000 3.30205
1840000 3.29903
1850000 3.29586
1860000 3.29237
1870000 3.28936
1880000 3.28606
1890000 3.28299
1900000 3.27978
1910000 3.27641
1920000 3.27345
1930000 3.2704
1940000 3.26737
1950000 3.26426
1960000 3.26131
1970000 3.25847
1980000 3.25547
1990000 3.25247
2000000 3.24956
2010000 3.24692
2020000 3.24407
2030000 3.24123
2040000 3.23845
2050000 3.23551
2060000 3.23262
2070000 3.22983
2080000 3.22731
2090000 3.22439
2100000 3.22166
2110000 3.21898
2120000 3.21635
2130000 3.2134
2140000 3.21086
2150000 3.20828
2160000 3.20553
2170000 3.20299
2180000 3.20041
2190000 3.19785
2200000 3.19526
2210000 3.19258
2220000 3.19011
2230000 3.1874
2240000 3.18497
2250000 3.18242
2260000 3.17976
2270000 3.17726
2280000 3.17491
2290000 3.17235
2300000 3.16974
2310000 3.16755
2320000 3.16532
2330000 3.16283
2340000 3.16047
2350000 3.15791
2360000 3.15567
2370000 3.15336
2380000 3.15112
2390000 3.14869
2400000 3.14651
2410000 3.14423
2420000 3.14199
2430000 3.13964
2440000 3.13722
2450000 3.13471
2460000 3.13248
2470000 3.13025
2480000 3.12796
2490000 3.12588
2500000 3.12352
2510000 3.12149
2520000 3.1192
2530000 3.11686
2540000 3.11457
2550000 3.11237
2560000 3.11009
2570000 3.10784
2580000 3.10582
2590000 3.10346
2600000 3.10133
2610000 3.09902
2620000 3.09695
2630000 3.09472
2640000 3.09267
2650000 3.09054
2660000 3.08822
2670000 3.08618
2680000 3.08407
2690000 3.08218
2700000 3.08001
2710000 3.07814
2720000 3.07594
2730000 3.07375
2740000 3.07172
2750000 3.06981
2760000 3.06782
2770000 3.06588
2780000 3.06387
2790000 3.06202
2800000 3.06019
2810000 3.05816
2820000 3.05623
2830000 3.05412
2840000 3.05231
2850000 3.05047
2860000 3.04869
2870000 3.04687
2880000 3.04507
2890000 3.04321
2900000 3.04123
2910000 3.0393
2920000 3.0375
2930000 3.03556
2940000 3.03375
2950000 3.03166
2960000 3.02987
2970000 3.02817
2980000 3.02643
2990000 3.02454
3000000 3.02264
3010000 3.02064
3020000 3.01859
3030000 3.01695
3040000 3.01521
3050000 3.0131
3060000 3.01139
3070000 3.00971
3080000 3.00794
3090000 3.00615
3100000 3.00447
3110000 3.00268
3120000 3.00085
3130000 2.99915
3140000 2.9973
3150000 2.99555
3160000 2.99383
3170000 2.99229
3180000 2.99066
3190000 2.98903
3200000 2.98728
3210000 2.98554
3220000 2.98384
3230000 2.98218
3240000 2.98059
3250000 2.97913
3260000 2.97745
3270000 2.97566
3280000 2.97408
3290000 2.97248
3300000 2.97089
3310000 2.96919
3320000 2.96758
3330000 2.96599
3340000 2.96457
3350000 2.96317
3360000 2.96149
3370000 2.95977
3380000 2.95812
3390000 2.95648
3400000 2.95483
3410000 2.95323
3420000 2.95157
3430000 2.95014
3440000 2.94834
3450000 2.9468
3460000 2.94529
3470000 2.94362
3480000 2.94205
3490000 2.94063
3500000 2.93922
3510000 2.93791
3520000 2.93635
3530000 2.93476
3540000 2.9333
3550000 2.93172
3560000 2.93029
3570000 2.9288
3580000 2.92733
3590000 2.92583
3600000 2.92437
3610000 2.92289
3620000 2.92125
3630000 2.91974
3640000 2.9183
3650000 2.91693
3660000 2.91546
3670000 2.91392
3680000 2.91268
3690000 2.91098
3700000 2.90964
3710000 2.90837
3720000 2.90683
3730000 2.90544
3740000 2.90393
3750000 2.90225
3760000 2.90091
3770000 2.89956
3780000 2.89841
3790000 2.89695
3800000 2.89553
3810000 2.89391
3820000 2.89266
3830000 2.89112
3840000 2.88976
3850000 2.88855
3860000 2.88736
3870000 2.88593
3880000 2.8846
3890000 2.88328
3900000 2.88204
3910000 2.88061
3920000 2.87932
3930000 2.87798
3940000 2.87665
3950000 2.87536
3960000 2.87413
3970000 2.87264
3980000 2.87136
3990000 2.87009
4000000 2.86874
4010000 2.86728
4020000 2.86606
4030000 2.86463
4040000 2.86342
4050000 2.86214
4060000 2.86087
4070000 2.85944
4080000 2.85833
4090000 2.85697
4100000 2.85566
4110000 2.85445
4120000 2.85337
4130000 2.85212
4140000 2.85088
4150000 2.84967
4160000 2.84838
4170000 2.84715
4180000 2.84595
4190000 2.84452
4200000 2.84322
4210000 2.84198
4220000 2.84073
4230000 2.83943
4240000 2.8383
4250000 2.83708
4260000 2.83589
4270000 2.83457
4280000 2.83328
4290000 2.83221
4300000 2.83101
4310000 2.8298
4320000 2.82878
4330000 2.82756
4340000 2.82642
4350000 2.82531
4360000 2.82403
4370000 2.82287
4380000 2.82175
4390000 2.82067
4400000 2.81966
4410000 2.81856
4420000 2.81751
4430000 2.81613
4440000 2.815
4450000 2.81379
4460000 2.81264
4470000 2.8114
4480000 2.81038
4490000 2.80916
4500000 2.80828
4510000 2.80712
4520000 2.80581
4530000 2.80477
4540000 2.80354
4550000 2.80262
4560000 2.8015
4570000 2.80026
4580000 2.79941
4590000 2.79812
4600000 2.79697
4610000 2.79572
4620000 2.79462
4630000 2.79345
4640000 2.79252
4650000 2.79136
4660000 2.79026
4670000 2.78916
4680000 2.78814
4690000 2.78709
4700000 2.786
4710000 2.78491
4720000 2.7838
4730000 2.78276
4740000 2.78177
4750000 2.78077
4760000 2.77961
4770000 2.77862
4780000 2.77748
4790000 2.77671
4800000 2.7755
4810000 2.77458
4820000 2.7735
4830000 2.77249
4840000 2.77148
4850000 2.77062
4860000 2.7696
4870000 2.76852
4880000 2.76716
4890000 2.76636
4900000 2.76524
4910000 2.76434
4920000 2.76332
4930000 2.76229
4940000 2.76131
4950000 2.76035
4960000 2.75933
4970000 2.75828
4980000 2.75737
4990000 2.7562
5000000 2.75522
5010000 2.75418
5020000 2.75324
5030000 2.75256
5040000 2.75153
5050000 2.75037
5060000 2.74935
5070000 2.74859
5080000 2.74726
5090000 2.74634
5100000 2.74551
5110000 2.74467
5120000 2.74364
5130000 2.74287
5140000 2.74184
5150000 2.74101
5160000 2.74017
5170000 2.73926
5180000 2.73827
5190000 2.73733
5200000 2.73638
5210000 2.73531
5220000 2.73445
5230000 2.73352
5240000 2.7328
5250000 2.73173
5260000 2.73094
5270000 2.72999
5280000 2.729
5290000 2.72802
5300000 2.72728
5310000 2.72641
5320000 2.72552
5330000 2.72467
5340000 2.72374
5350000 2.72274
5360000 2.72169
5370000 2.72082
5380000 2.72011
5390000 2.71922
5400000 2.71833
5410000 2.71748
5420000 2.7166
5430000 2.7159
5440000 2.71504
5450000 2.7141
5460000 2.71313
5470000 2.71232
5480000 2.71141
5490000 2.71048
5500000 2.70955
5510000 2.70879
5520000 2.70797
5530000 2.70705
5540000 2.7061
5550000 2.70522
5560000 2.70422
5570000 2.70348
5580000 2.70268
5590000 2.70171
5600000 2.70092
5610000 2.7
5620000 2.69906
5630000 2.69809
5640000 2.6973
5650000 2.6963
5660000 2.69549
5670000 2.69463
5680000 2.69391
5690000 2.69301
5700000 2.69229
5710000 2.69136
5720000 2.6906
5730000 2.68985
5740000 2.68903
5750000 2.68823
5760000 2.6875
5770000 2.68676
5780000 2.686
5790000 2.68508
5800000 2.68416
5810000 2.68376
5820000 2.68303
5830000 2.6821
5840000 2.68117
5850000 2.68015
5860000 2.67941
5870000 2.67856
5880000 2.67782
5890000 2.67685
5900000 2.67615
5910000 2.67515
5920000 2.67448
5930000 2.67362
5940000 2.67279
5950000 2.67212
5960000 2.67145
5970000 2.6706
5980000 2.6698
5990000 2.66908
6000000 2.66853
6010000 2.66754
6020000 2.66682
6030000 2.66592
6040000 2.66516
6050000 2.66431
6060000 2.66356
6070000 2.66283
6080000 2.6623
6090000 2.66149
6100000 2.66069
6110000 2.65985
6120000 2.65924
6130000 2.65844
6140000 2.65774
6150000 2.65695
6160000 2.65619
6170000 2.65563
6180000 2.6549
6190000 2.6541
6200000 2.65341
6210000 2.65257
6220000 2.65184
6230000 2.65094
6240000 2.65009
6250000 2.6493
6260000 2.64882
6270000 2.64806
6280000 2.64736
6290000 2.64663
6300000 2.64597
6310000 2.64532
6320000 2.64441
6330000 2.64377
6340000 2.6432
6350000 2.64229
6360000 2.64154
6370000 2.64074
6380000 2.64016
6390000 2.63943
6400000 2.63895
6410000 2.6382
6420000 2.63747
6430000 2.6367
6440000 2.63584
6450000 2.63524
6460000 2.63454
6470000 2.63406
6480000 2.6332
6490000 2.63243
6500000 2.63166
6510000 2.63109
6520000 2.63047
6530000 2.62972
6540000 2.62892
6550000 2.62833
6560000 2.62776
6570000 2.62706
6580000 2.62638
6590000 2.62567
6600000 2.62492
6610000 2.62406
6620000 2.62342
6630000 2.62282
6640000 2.62182
6650000 2.62123
6660000 2.62056
6670000 2.61982
6680000 2.61926
6690000 2.61854
6700000 2.6179
6710000 2.61714
6720000 2.6165
6730000 2.61581
6740000 2.6151
6750000 2.61432
6760000 2.61375
6770000 2.61299
6780000 2.61231
6790000 2.61158
6800000 2.61086
6810000 2.61037
6820000 2.60975
6830000 2.60906
6840000 2.60825
6850000 2.60758
6860000 2.60681
6870000 2.60613
6880000 2.60563
6890000 2.60501
6900000 2.60437
6910000 2.60377
6920000 2.60319
6930000 2.60252
6940000 2.6022
6950000 2.60144
6960000 2.60075
6970000 2.60005
6980000 2.59931
6990000 2.59875
7000000 2.59801
7010000 2.59719
7020000 2.59658
7030000 2.59592
7040000 2.59532
7050000 2.59469
7060000 2.59406
7070000 2.59357
7080000 2.59307
7090000 2.59226
7100000 2.59162
7110000 2.59099
7120000 2.5904
7130000 2.58984
7140000 2.58915
7150000 2.5885
7160000 2.58772
7170000 2.58722
7180000 2.58654
7190000 2.58604
7200000 2.58541
7210000 2.58463
7220000 2.5841
7230000 2.58352
7240000 2.58285
7250000 2.58244
7260000 2.58166
7270000 2.58116
7280000 2.58031
7290000 2.57965
7300000 2.57919
7310000 2.57842
7320000 2.57794
7330000 2.57722
7340000 2.57671
7350000 2.5762
7360000 2.57555
7370000 2.57485
7380000 2.57416
7390000 2.5737
7400000 2.57294
7410000 2.57229
7420000 2.57179
7430000 2.57113
7440000 2.57058
7450000 2.56994
7460000 2.56929
7470000 2.56868
7480000 2.56801
7490000 2.56754
7500000 2.56692
7510000 2.5664
7520000 2.56582
7530000 2.56526
7540000 2.56488
7550000 2.56412
7560000 2.56356
7570000 2.56304
7580000 2.5625
7590000 2.562
7600000 2.56142
7610000 2.56083
7620000 2.5603
7630000 2.55976
7640000 2.55913
7650000 2.55857
7660000 2.55796
7670000 2.55739
7680000 2.55693
7690000 2.55647
7700000 2.55575
7710000 2.55509
7720000 2.55449
7730000 2.55399
7740000 2.55328
7750000 2.55282
7760000 2.5523
7770000 2.55174
7780000 2.55113
7790000 2.55071
7800000 2.55013
7810000 2.54969
7820000 2.54917
7830000 2.54858
7840000 2.54808
7850000 2.54771
7860000 2.54715
7870000 2.54659
7880000 2.54609
7890000 2.54548
7900000 2.54535
7910000 2.54475
7920000 2.54413
7930000 2.54344
7940000 2.54279
7950000 2.54224
7960000 2.5417
7970000 2.54116
7980000 2.54057
7990000 2.53999
8000000 2.53956
8010000 2.53893
8020000 2.53857
8030000 2.53807
8040000 2.53768
8050000 2.53701
8060000 2.53645
8070000 2.53605
8080000 2.53546
8090000 2.53477
8100000 2.53428
8110000 2.53386
8120000 2.53328
8130000 2.53271
8140000 2.53203
8150000 2.53157
8160000 2.53114
8170000 2.53071
8180000 2.5302
8190000 2.52984
8200000 2.52921
8210000 2.52868
8220000 2.5282
8230000 2.52769
8240000 2.52712
8250000 2.52651
8260000 2.526
8270000 2.52537
8280000 2.5249
8290000 2.52437
8300000 2.52381
8310000 2.52332
8320000 2.52276
8330000 2.52227
8340000 2.52165
8350000 2.52131
8360000 2.52084
8370000 2.52042
8380000 2.51996
8390000 2.51949
8400000 2.519
8410000 2.51845
8420000 2.51807
8430000 2.51753
8440000 2.51726
8450000 2.51681
8460000 2.51623
8470000 2.5159
8480000 2.51518
8490000 2.51453
8500000 2.51399
8510000 2.5136
8520000 2.51304
8530000 2.51283
8540000 2.51219
8550000 2.51171
8560000 2.51135
8570000 2.51073
8580000 2.51018
8590000 2.50968
8600000 2.50929
8610000 2.50879
8620000 2.5083
8630000 2.50788
8640000 2.5075
8650000 2.50702
8660000 2.5065
8670000 2.50598
8680000 2.50556
8690000 2.50505
8700000 2.50462
8710000 2.50412
8720000 2.50371
8730000 2.50294
8740000 2.50257
8750000 2.50219
8760000 2.50176
8770000 2.50134
8780000 2.50088
8790000 2.5004
8800000 2.49991
8810000 2.49927
8820000 2.49889
8830000 2.49844
8840000 2.49804
8850000 2.49764
8860000 2.49719
8870000 2.49676
8880000 2.49621
8890000 2.49551
8900000 2.49507
8910000 2.49474
8920000 2.49431
8930000 2.49388
8940000 2.49328
8950000 2.49291
8960000 2.49253
8970000 2.49196
8980000 2.49151
8990000 2.49099
9000000 2.49065
9010000 2.4904
9020000 2.48993
9030000 2.48939
9040000 2.48891
9050000 2.48842
9060000 2.48789
9070000 2.48748
9080000 2.48717
9090000 2.48673
9100000 2.48637
9110000 2.4858
9120000 2.48544
9130000 2.48486
9140000 2.4844
9150000 2.48399
9160000 2.48356
9170000 2.48311
9180000 2.48255
9190000 2.48198
9200000 2.48165
9210000 2.48128
9220000 2.48086
9230000 2.48043
9240000 2.48007
9250000 2.47958
9260000 2.47914
9270000 2.47876
9280000 2.47824
9290000 2.47782
9300000 2.47751
9310000 2.4774
9320000 2.47691
9330000 2.47633
9340000 2.47582
9350000 2.47537
9360000 2.47502
9370000 2.47448
9380000 2.47422
9390000 2.47385
9400000 2.47334
9410000 2.47293
9420000 2.47236
9430000 2.47193
9440000 2.47149
9450000 2.47098
9460000 2.47059
9470000 2.47021
9480000 2.46994
9490000 2.46952
9500000 2.46902
9510000 2.46851
9520000 2.46818
9530000 2.46788
9540000 2.46751
9550000 2.46704
9560000 2.46663
9570000 2.46624
9580000 2.4658
9590000 2.46542
9600000 2.46507
9610000 2.46449
9620000 2.46413
9630000 2.46364
9640000 2.46322
9650000 2.46306
9660000 2.46259
9670000 2.4621
9680000 2.46168
9690000 2.46149
9700000 2.46119
9710000 2.46079
9720000 2.46046
9730000 2.45992
9740000 2.45948
9750000 2.45915
9760000 2.45876
9770000 2.45829
9780000 2.45787
9790000 2.45739
9800000 2.45693
9810000 2.45656
9820000 2.45615
9830000 2.45578
9840000 2.45541
9850000 2.45499
9860000 2.45453
9870000 2.45413
9880000 2.45391
9890000 2.45356
9900000 2.45301
9910000 2.45258
9920000 2.45234
9930000 2.45196
9940000 2.45174
9950000 2.45132
9960000 2.45086
9970000 2.45048
9980000 2.45022
9990000 2.45005
10000000 2.44963
