10000 16.6862
20000 12.5037
30000 10.0815
40000 8.55977
50000 7.50329
60000 6.73994
70000 6.31688
80000 6.01241
90000 5.78658
100000 5.62859
110000 5.50181
120000 5.37246
130000 5.27959
140000 5.20123
150000 5.13761
160000 5.08136
170000 5.02782
180000 4.98042
190000 4.93278
200000 4.89162
210000 4.85188
220000 4.81457
230000 4.77687
240000 4.745
250000 4.71294
260000 4.68275
270000 4.65288
280000 4.62366
290000 4.59712
300000 4.57223
310000 4.5471
320000 4.52521
330000 4.50306
340000 4.48089
350000 4.45771
360000 4.43565
370000 4.41527
380000 4.39631
390000 4.37706
400000 4.35744
410000 4.33858
420000 4.32241
430000 4.30399
440000 4.2871
450000 4.27087
460000 4.25488
470000 4.24069
480000 4.22531
490000 4.21116
500000 4.1975
510000 4.18407
520000 4.17108
530000 4.15689
540000 4.14387
550000 4.13116
560000 4.1193
570000 4.10813
580000 4.09679
590000 4.08482
600000 4.07388
610000 4.06328
620000 4.05267
630000 4.04062
640000 4.02938
650000 4.01902
660000 4.0087
670000 3.99911
680000 3.98994
690000 3.98034
700000 3.9707
710000 3.9615
720000 3.95271
730000 3.94389
740000 3.93559
750000 3.92652
760000 3.91795
770000 3.9096
780000 3.9015
790000 3.89312
800000 3.88583
810000 3.8782
820000 3.87075
830000 3.86299
840000 3.85506
850000 3.84771
860000 3.8411
870000 3.83446
880000 3.82818
890000 3.82076
900000 3.81361
910000 3.80725
920000 3.80199
930000 3.79496
940000 3.7882
950000 3.78184
960000 3.77543
970000 3.76899
980000 3.763
990000 3.75725
1000000 3.75134
1010000 3.74492
1020000 3.73924
1030000 3.7333
1040000 3.72717
1050000 3.72133
1060000 3.71569
1070000 3.71139
1080000 3.70606
1090000 3.70041
1100000 3.69497
1110000 3.69007
1120000 3.68445
1130000 3.67911
1140000 3.67376
1150000 3.66874
1160000 3.66351
1170000 3.65819
1180000 3.65321
1190000 3.64875
1200000 3.64401
1210000 3.6396
1220000 3.63519
1230000 3.63093
1240000 3.62602
1250000 3.62166
1260000 3.61754
1270000 3.61399
1280000 3.60947
1290000 3.60473
1300000 3.60036
1310000 3.59628
1320000 3.59255
1330000 3.5884
1340000 3.58488
1350000 3.58051
1360000 3.57633
1370000 3.57232
1380000 3.56892
1390000 3.56534
1400000 3.56163
1410000 3.55815
1420000 3.55409
1430000 3.55019
1440000 3.54672
1450000 3.54273
1460000 3.53914
1470000 3.53579
1480000 3.53159
1490000 3.52765
1500000 3.52452
1510000 3.52085
1520000 3.51795
1530000 3.51417
1540000 3.51099
1550000 3.50774
1560000 3.50474
1570000 3.50135
1580000 3.49801
1590000 3.49447
1600000 3.4915
1610000 3.48856
1620000 3.4859
1630000 3.48274
1640000 3.47943
1650000 3.47622
1660000 3.47311
1670000 3.47025
1680000 3.46748
1690000 3.46418
1700000 3.46135
1710000 3.45861
1720000 3.45586
1730000 3.45346
1740000 3.45031
1750000 3.44789
1760000 3.4448
1770000 3.44169
1780000 3.43916
1790000 3.43625
1800000 3.43398
1810000 3.43101
1820000 3.42861
1830000 3.42559
1840000 3.42322
1850000 3.42098
1860000 3.41814
1870000 3.41578
1880000 3.41397
1890000 3.41147
1900000 3.40868
1910000 3.40577
1920000 3.40379
1930000 3.40132
1940000 3.39843
1950000 3.39587
1960000 3.39369
1970000 3.39131
1980000 3.38888
1990000 3.3865
2000000 3.38407
2010000 3.38133
2020000 3.37895
2030000 3.37645
2040000 3.37409
2050000 3.37167
2060000 3.36989
2070000 3.36775
2080000 3.3654
2090000 3.36302
2100000 3.3615
2110000 3.35966
2120000 3.3573
2130000 3.35496
2140000 3.35309
2150000 3.35028
2160000 3.34873
2170000 3.34644
2180000 3.34438
2190000 3.34233
2200000 3.34016
2210000 3.33833
2220000 3.33693
2230000 3.33467
2240000 3.3327
2250000 3.33043
2260000 3.32842
2270000 3.32655
2280000 3.32476
2290000 3.32268
2300000 3.32135
2310000 3.3193
2320000 3.31778
2330000 3.31613
2340000 3.31438
2350000 3.31244
2360000 3.31053
2370000 3.309
2380000 3.30778
2390000 3.30607
2400000 3.304
2410000 3.30303
2420000 3.30154
2430000 3.29981
2440000 3.29768
2450000 3.29574
2460000 3.29444
2470000 3.29292
2480000 3.29171
2490000 3.28998
2500000 3.28802
2510000 3.2863
2520000 3.28416
2530000 3.28243
2540000 3.28063
2550000 3.27889
2560000 3.27802
2570000 3.27614
2580000 3.27483
2590000 3.27325
2600000 3.27135
2610000 3.26979
2620000 3.26847
2630000 3.2669
2640000 3.26543
2650000 3.26373
2660000 3.26216
2670000 3.26065
2680000 3.25928
2690000 3.25809
2700000 3.25648
2710000 3.25487
2720000 3.25338
2730000 3.25178
2740000 3.25038
2750000 3.24904
2760000 3.24731
2770000 3.24604
2780000 3.24451
2790000 3.24311
2800000 3.24249
2810000 3.24075
2820000 3.23914
2830000 3.23769
2840000 3.2364
2850000 3.23528
2860000 3.23382
2870000 3.23272
2880000 3.23172
2890000 3.23023
2900000 3.22899
2910000 3.22805
2920000 3.22634
2930000 3.22534
2940000 3.22406
2950000 3.2228
2960000 3.22157
2970000 3.22051
2980000 3.21949
2990000 3.21802
3000000 3.21658
3010000 3.21537
3020000 3.21389
3030000 3.21333
3040000 3.21206
3050000 3.21089
3060000 3.21099
3070000 3.20929
3080000 3.20813
3090000 3.20665
3100000 3.2055
3110000 3.20348
3120000 3.20244
3130000 3.20098
3140000 3.20019
3150000 3.19899
3160000 3.19809
3170000 3.19678
3180000 3.19558
3190000 3.19455
3200000 3.19318
3210000 3.19177
3220000 3.19063
3230000 3.18991
3240000 3.18871
3250000 3.18755
3260000 3.18653
3270000 3.18453
3280000 3.18396
3290000 3.18268
3300000 3.1817
3310000 3.18053
3320000 3.17991
3330000 3.17946
3340000 3.17823
3350000 3.17798
3360000 3.17685
3370000 3.17594
3380000 3.17472
3390000 3.1732
3400000 3.17261
3410000 3.17176
3420000 3.17083
3430000 3.16962
3440000 3.16876
3450000 3.1676
3460000 3.16638
3470000 3.16549
3480000 3.16509
3490000 3.16407
3500000 3.16283
3510000 3.16164
3520000 3.1608
3530000 3.16001
3540000 3.15892
3550000 3.15857
3560000 3.15721
3570000 3.15571
3580000 3.15464
3590000 3.15387
3600000 3.15332
3610000 3.15277
3620000 3.15111
3630000 3.15055
3640000 3.1496
3650000 3.14888
3660000 3.14815
3670000 3.14753
3680000 3.14669
3690000 3.14593
3700000 3.14525
3710000 3.14455
3720000 3.14421
3730000 3.14327
3740000 3.14274
3750000 3.1416
3760000 3.14038
3770000 3.13946
3780000 3.1385
3790000 3.13753
3800000 3.13702
3810000 3.13582
3820000 3.13561
3830000 3.13479
3840000 3.13366
3850000 3.1327
3860000 3.13208
3870000 3.13152
3880000 3.13094
3890000 3.1306
3900000 3.12936
3910000 3.12846
3920000 3.12757
3930000 3.12715
3940000 3.12682
3950000 3.1259
3960000 3.12495
3970000 3.12382
3980000 3.123
3990000 3.12249
4000000 3.1216
4010000 3.12152
4020000 3.12066
4030000 3.1199
4040000 3.11943
4050000 3.11911
4060000 3.11873
4070000 3.11782
4080000 3.11752
4090000 3.11606
4100000 3.11534
4110000 3.11434
4120000 3.11365
4130000 3.11285
4140000 3.1122
4150000 3.11187
4160000 3.11144
4170000 3.1105
4180000 3.10999
4190000 3.10941
4200000 3.1088
4210000 3.1081
4220000 3.10728
4230000 3.10685
4240000 3.10657
4250000 3.10601
4260000 3.10539
4270000 3.10531
4280000 3.10479
4290000 3.10401
4300000 3.10297
4310000 3.10242
4320000 3.10138
4330000 3.10088
4340000 3.10038
4350000 3.09965
4360000 3.10021
4370000 3.09919
4380000 3.09875
4390000 3.0978
4400000 3.0969
4410000 3.09724
4420000 3.09634
4430000 3.09528
4440000 3.09447
4450000 3.0942
4460000 3.09375
4470000 3.09293
4480000 3.0926
4490000 3.09173
4500000 3.09167
4510000 3.09145
4520000 3.0907
4530000 3.09014
4540000 3.0895
4550000 3.08852
4560000 3.08755
4570000 3.08735
4580000 3.08738
4590000 3.08741
4600000 3.08757
4610000 3.08664
4620000 3.08633
4630000 3.08572
4640000 3.08497
4650000 3.08452
4660000 3.08392
4670000 3.08354
4680000 3.08323
4690000 3.0826
4700000 3.08248
4710000 3.08226
4720000 3.08136
4730000 3.0808
4740000 3.07994
4750000 3.07987
4760000 3.07992
4770000 3.07929
4780000 3.07887
4790000 3.07857
4800000 3.0777
4810000 3.07703
4820000 3.07666
4830000 3.07648
4840000 3.07625
4850000 3.07633
4860000 3.07577
4870000 3.07541
4880000 3.07456
4890000 3.07419
4900000 3.07412
4910000 3.07408
4920000 3.07399
4930000 3.07326
4940000 3.0723
4950000 3.07157
4960000 3.072
4970000 3.07129
4980000 3.07083
4990000 3.07026
5000000 3.06986
5010000 3.06887
5020000 3.06874
5030000 3.0683
5040000 3.0679
5050000 3.06814
5060000 3.06794
5070000 3.06768
5080000 3.0672
5090000 3.06714
5100000 3.06614
5110000 3.06589
5120000 3.0652
5130000 3.06442
5140000 3.06464
5150000 3.06442
5160000 3.06407
5170000 3.06419
5180000 3.06362
5190000 3.06355
5200000 3.06339
5210000 3.06331
5220000 3.0622
5230000 3.06146
5240000 3.06136
5250000 3.0616
5260000 3.06052
5270000 3.0604
5280000 3.06051
5290000 3.05993
5300000 3.05948
5310000 3.05879
5320000 3.05832
5330000 3.0582
5340000 3.05741
5350000 3.05726
5360000 3.05683
5370000 3.05652
5380000 3.05619
5390000 3.05547
5400000 3.05534
5410000 3.05465
5420000 3.05446
5430000 3.05451
5440000 3.05418
5450000 3.05403
5460000 3.05368
5470000 3.05329
5480000 3.05312
5490000 3.0533
5500000 3.05276
5510000 3.05252
5520000 3.05211
5530000 3.05159
5540000 3.0508
5550000 3.05104
5560000 3.05123
5570000 3.05113
5580000 3.05084
5590000 3.05054
5600000 3.05014
5610000 3.04983
5620000 3.04973
5630000 3.04946
5640000 3.04929
5650000 3.04923
5660000 3.04904
5670000 3.0488
5680000 3.04851
5690000 3.04853
5700000 3.0481
5710000 3.0477
5720000 3.04771
5730000 3.04716
5740000 3.0468
5750000 3.04666
5760000 3.04637
5770000 3.04624
5780000 3.04582
5790000 3.04552
5800000 3.04459
5810000 3.04468
5820000 3.04449
5830000 3.04438
5840000 3.04414
5850000 3.04389
5860000 3.04489
5870000 3.04445
5880000 3.04383
5890000 3.0434
5900000 3.04289
5910000 3.04274
5920000 3.04222
5930000 3.0419
5940000 3.04161
5950000 3.04127
5960000 3.04162
5970000 3.04105
5980000 3.04076
5990000 3.04047
6000000 3.03996
6010000 3.04002
6020000 3.03971
6030000 3.03926
6040000 3.0387
6050000 3.03853
6060000 3.03805
6070000 3.03808
6080000 3.03816
6090000 3.03725
6100000 3.03738
6110000 3.03724
6120000 3.03727
6130000 3.03718
6140000 3.037
6150000 3.03691
6160000 3.03631
6170000 3.03632
6180000 3.03634
6190000 3.03609
6200000 3.03601
6210000 3.03639
6220000 3.0357
6230000 3.03607
6240000 3.03611
6250000 3.03584
6260000 3.03599
6270000 3.03566
6280000 3.03508
6290000 3.03483
6300000 3.03523
6310000 3.03473
6320000 3.03446
6330000 3.03417
6340000 3.03408
6350000 3.03326
6360000 3.03284
6370000 3.03258
6380000 3.03298
6390000 3.03336
6400000 3.03284
6410000 3.03268
6420000 3.03211
6430000 3.03196
6440000 3.03165
6450000 3.03129
6460000 3.03178
6470000 3.03212
6480000 3.03171
6490000 3.03149
6500000 3.03138
6510000 3.03127
6520000 3.03113
6530000 3.03082
6540000 3.03077
6550000 3.03018
6560000 3.02993
6570000 3.02988
6580000 3.03016
6590000 3.03021
6600000 3.02996
6610000 3.02975
6620000 3.02997
6630000 3.02917
6640000 3.02879
6650000 3.02816
6660000 3.02878
6670000 3.02942
6680000 3.02903
6690000 3.02865
6700000 3.02832
6710000 3.0283
6720000 3.02858
6730000 3.02859
6740000 3.02866
6750000 3.02839
6760000 3.02832
6770000 3.02855
6780000 3.02794
6790000 3.02775
6800000 3.02739
6810000 3.02746
6820000 3.02779
6830000 3.02743
6840000 3.02704
6850000 3.02702
6860000 3.0267
6870000 3.02667
6880000 3.02653
6890000 3.02615
6900000 3.02588
6910000 3.02658
6920000 3.02679
6930000 3.02658
6940000 3.02666
6950000 3.0263
6960000 3.02659
6970000 3.02594
6980000 3.02592
6990000 3.02571
7000000 3.02545
7010000 3.02549
7020000 3.02579
7030000 3.02608
7040000 3.02588
7050000 3.026
7060000 3.02592
7070000 3.02587
7080000 3.02582
7090000 3.02576
7100000 3.02547
7110000 3.02509
7120000 3.02495
7130000 3.02473
7140000 3.02491
7150000 3.02558
7160000 3.02512
7170000 3.02525
7180000 3.02553
7190000 3.02557
7200000 3.02545
7210000 3.02502
7220000 3.02506
7230000 3.02494
7240000 3.02469
7250000 3.02471
7260000 3.02506
7270000 3.02525
7280000 3.02476
7290000 3.02462
7300000 3.02489
7310000 3.02461
7320000 3.02407
7330000 3.02421
7340000 3.02428
7350000 3.02422
7360000 3.024
7370000 3.02427
7380000 3.02386
7390000 3.0236
7400000 3.02342
7410000 3.02365
7420000 3.02394
7430000 3.02359
7440000 3.0239
7450000 3.02392
7460000 3.02354
7470000 3.02373
7480000 3.02395
7490000 3.02372
7500000 3.02424
7510000 3.02437
7520000 3.02471
7530000 3.02421
7540000 3.02406
7550000 3.02383
7560000 3.02348
7570000 3.02387
7580000 3.02314
7590000 3.02292
7600000 3.02241
7610000 3.02242
7620000 3.02226
7630000 3.02192
7640000 3.02173
7650000 3.02171
7660000 3.02195
7670000 3.02228
7680000 3.02231
7690000 3.02274
7700000 3.0221
7710000 3.02186
7720000 3.02201
7730000 3.02182
7740000 3.02184
7750000 3.02177
7760000 3.02162
7770000 3.02168
7780000 3.02175
7790000 3.02234
7800000 3.02185
7810000 3.02212
7820000 3.02191
7830000 3.02247
7840000 3.02265
7850000 3.02241
7860000 3.02249
7870000 3.02252
7880000 3.02275
7890000 3.02272
7900000 3.02281
7910000 3.0226
7920000 3.02258
7930000 3.02309
7940000 3.02312
7950000 3.02308
7960000 3.02322
7970000 3.02278
7980000 3.02264
7990000 3.02324
8000000 3.02345
8010000 3.02323
8020000 3.02312
8030000 3.02382
8040000 3.02353
8050000 3.02353
8060000 3.02375
8070000 3.02374
8080000 3.02334
8090000 3.02332
8100000 3.02313
8110000 3.02309
8120000 3.02274
8130000 3.02296
8140000 3.02263
8150000 3.02362
8160000 3.02317
8170000 3.02341
8180000 3.02292
8190000 3.02297
8200000 3.02295
8210000 3.0232
8220000 3.02286
8230000 3.02279
8240000 3.02295
8250000 3.02276
8260000 3.02304
8270000 3.02285
8280000 3.023
8290000 3.02287
8300000 3.02349
8310000 3.02338
8320000 3.02332
8330000 3.02376
8340000 3.02419
8350000 3.0239
8360000 3.02376
8370000 3.02378
8380000 3.02376
8390000 3.02385
8400000 3.02412
8410000 3.02407
8420000 3.02386
8430000 3.02388
8440000 3.02381
8450000 3.02472
8460000 3.02454
8470000 3.02462
8480000 3.02479
8490000 3.02492
8500000 3.02456
8510000 3.02476
8520000 3.02482
8530000 3.02496
8540000 3.02489
8550000 3.02455
8560000 3.02479
8570000 3.02467
8580000 3.02433
8590000 3.02448
8600000 3.02503
8610000 3.02471
8620000 3.02414
8630000 3.0245
8640000 3.02465
8650000 3.02428
8660000 3.02427
8670000 3.0242
8680000 3.02428
8690000 3.02493
8700000 3.02465
8710000 3.02448
8720000 3.02492
8730000 3.02557
8740000 3.0259
8750000 3.02566
8760000 3.02547
8770000 3.02584
8780000 3.02619
8790000 3.02645
8800000 3.02639
8810000 3.02648
8820000 3.02651
8830000 3.02722
8840000 3.02735
8850000 3.02749
8860000 3.02735
8870000 3.02768
8880000 3.02861
8890000 3.02824
8900000 3.02837
8910000 3.02918
8920000 3.02859
8930000 3.02836
8940000 3.02813
8950000 3.02863
8960000 3.02895
8970000 3.02845
8980000 3.02853
8990000 3.0282
9000000 3.02787
9010000 3.02781
9020000 3.02809
9030000 3.02848
9040000 3.02842
9050000 3.02841
9060000 3.02904
9070000 3.02892
9080000 3.02886
9090000 3.02868
9100000 3.02846
9110000 3.02858
9120000 3.02914
9130000 3.02942
9140000 3.02992
9150000 3.03077
9160000 3.03031
9170000 3.03026
9180000 3.03016
9190000 3.02995
9200000 3.03023
9210000 3.03041
9220000 3.03092
9230000 3.03074
9240000 3.0313
9250000 3.03155
9260000 3.03176
9270000 3.0318
9280000 3.03117
9290000 3.03119
9300000 3.03134
9310000 3.0313
9320000 3.03112
9330000 3.03156
9340000 3.03168
9350000 3.0319
9360000 3.03184
9370000 3.03172
9380000 3.03163
9390000 3.03175
9400000 3.03179
9410000 3.03185
9420000 3.03166
9430000 3.03155
9440000 3.0313
9450000 3.03164
9460000 3.03172
9470000 3.03204
9480000 3.03201
9490000 3.03227
9500000 3.03214
9510000 3.03293
9520000 3.033
9530000 3.03335
9540000 3.03353
9550000 3.03361
9560000 3.03335
9570000 3.0337
9580000 3.03349
9590000 3.03358
9600000 3.03402
9610000 3.03394
9620000 3.03396
9630000 3.03461
9640000 3.03451
9650000 3.03497
9660000 3.03491
9670000 3.03517
9680000 3.03509
9690000 3.03527
9700000 3.03537
9710000 3.03575
9720000 3.03575
9730000 3.03566
9740000 3.03636
9750000 3.03632
9760000 3.03622
9770000 3.03633
9780000 3.03639
9790000 3.03601
9800000 3.03616
9810000 3.03584
9820000 3.03639
9830000 3.03664
9840000 3.0366
9850000 3.03682
9860000 3.03673
9870000 3.0375
9880000 3.03745
9890000 3.03709
9900000 3.03808
9910000 3.03842
9920000 3.0388
9930000 3.03865
9940000 3.03907
9950000 3.03886
9960000 3.03853
9970000 3.03874
9980000 3.03934
9990000 3.03929
10000000 3.03919
10010000 3.03937
10020000 3.03956
10030000 3.03948
10040000 3.03934
10050000 3.03946
10060000 3.03988
10070000 3.0393
10080000 3.03888
10090000 3.03887
10100000 3.03942
10110000 3.03921
10120000 3.03924
10130000 3.03997
10140000 3.03978
10150000 3.03999
10160000 3.04022
10170000 3.04057
10180000 3.04038
10190000 3.04037
10200000 3.04053
10210000 3.04101
10220000 3.04103
10230000 3.04122
10240000 3.04176
10250000 3.04156
10260000 3.04277
10270000 3.04254
10280000 3.04262
10290000 3.04279
10300000 3.04281
10310000 3.0432
10320000 3.04283
10330000 3.04268
10340000 3.04279
10350000 3.04285
10360000 3.04301
10370000 3.04343
10380000 3.04343
10390000 3.043
10400000 3.04321
10410000 3.04325
10420000 3.0433
10430000 3.04339
10440000 3.04355
10450000 3.04322
10460000 3.04343
10470000 3.04389
10480000 3.04583
10490000 3.04547
10500000 3.04477
10510000 3.04446
10520000 3.04453
10530000 3.04447
10540000 3.0449
10550000 3.04505
10560000 3.04484
10570000 3.04482
10580000 3.04475
10590000 3.0453
10600000 3.04621
10610000 3.04636
10620000 3.04593
10630000 3.04622
10640000 3.04635
10650000 3.04645
10660000 3.04706
10670000 3.04774
10680000 3.04784
10690000 3.04724
10700000 3.04732
10710000 3.04727
10720000 3.04712
10730000 3.047
10740000 3.04736
10750000 3.04701
10760000 3.04717
10770000 3.04727
10780000 3.04758
10790000 3.04779
10800000 3.04795
10810000 3.04792
10820000 3.04816
10830000 3.04855
10840000 3.04841
10850000 3.04821
10860000 3.04888
10870000 3.04891
10880000 3.04914
10890000 3.0493
10900000 3.04954
10910000 3.05036
10920000 3.05
10930000 3.04976
10940000 3.04968
10950000 3.05013
10960000 3.05001
10970000 3.05027
10980000 3.05033
10990000 3.05079
11000000 3.05129
11010000 3.05145
11020000 3.05135
11030000 3.0514
11040000 3.05157
11050000 3.05176
11060000 3.05197
11070000 3.05202
11080000 3.05178
11090000 3.05223
11100000 3.05276
11110000 3.05275
11120000 3.05308
11130000 3.05303
11140000 3.05326
11150000 3.05335
11160000 3.05327
11170000 3.05307
11180000 3.05332
11190000 3.05359
11200000 3.05336
11210000 3.05385
11220000 3.05428
11230000 3.05445
11240000 3.0547
11250000 3.05506
11260000 3.05525
11270000 3.05538
11280000 3.05554
11290000 3.05613
11300000 3.0559
11310000 3.05636
11320000 3.0566
11330000 3.05635
11340000 3.05615
11350000 3.05583
11360000 3.05689
11370000 3.05633
11380000 3.05681
11390000 3.05691
11400000 3.05706
11410000 3.05721
11420000 3.05766
11430000 3.05812
11440000 3.05756
11450000 3.05734
11460000 3.05812
11470000 3.05862
11480000 3.05864
11490000 3.05855
11500000 3.05869
11510000 3.05853
11520000 3.05883
11530000 3.059
11540000 3.05917
11550000 3.05923
11560000 3.05952
11570000 3.05988
11580000 3.06044
11590000 3.0606
11600000 3.06095
11610000 3.06145
11620000 3.06221
11630000 3.06324
11640000 3.06257
11650000 3.06261
11660000 3.0622
11670000 3.06431
11680000 3.06396
11690000 3.06458
11700000 3.06323
11710000 3.06305
11720000 3.06343
11730000 3.06294
11740000 3.06278
11750000 3.06281
11760000 3.06287
11770000 3.06326
11780000 3.06371
11790000 3.06425
11800000 3.06467
11810000 3.06467
11820000 3.06537
11830000 3.06557
11840000 3.0659
11850000 3.06598
11860000 3.0653
11870000 3.06542
11880000 3.06555
11890000 3.06612
11900000 3.06673
11910000 3.06733
11920000 3.06731
11930000 3.06792
11940000 3.06731
11950000 3.06783
11960000 3.0687
11970000 3.06848
11980000 3.06853
11990000 3.07011
12000000 3.0701
12010000 3.0697
12020000 3.06963
12030000 3.06951
12040000 3.0698
12050000 3.06962
12060000 3.06961
12070000 3.0695
12080000 3.06958
12090000 3.06985
12100000 3.07032
12110000 3.07102
12120000 3.07073
12130000 3.07114
12140000 3.0713
12150000 3.07065
12160000 3.0706
12170000 3.07103
12180000 3.07126
12190000 3.07147
12200000 3.07133
12210000 3.07174
12220000 3.07153
12230000 3.07166
12240000 3.07232
12250000 3.07183
12260000 3.07238
12270000 3.07295
12280000 3.07318
12290000 3.07334
12300000 3.07312
12310000 3.07326
12320000 3.07349
12330000 3.07423
12340000 3.07474
12350000 3.07469
12360000 3.07479
12370000 3.07449
12380000 3.07479
12390000 3.07451
12400000 3.07487
12410000 3.0747
12420000 3.07505
12430000 3.07494
12440000 3.07523
12450000 3.07513
12460000 3.07524
12470000 3.07549
12480000 3.07617
12490000 3.07644
12500000 3.07631
12510000 3.07631
12520000 3.0766
12530000 3.07656
12540000 3.07673
12550000 3.07691
12560000 3.07702
12570000 3.07726
12580000 3.07733
12590000 3.07772
12600000 3.07841
12610000 3.07811
12620000 3.07802
12630000 3.07799
12640000 3.07848
12650000 3.07854
12660000 3.07876
12670000 3.07873
12680000 3.07859
12690000 3.07895
12700000 3.07918
12710000 3.07996
12720000 3.0797
12730000 3.08014
12740000 3.08047
12750000 3.08052
12760000 3.08066
12770000 3.08032
12780000 3.08093
12790000 3.08111
12800000 3.0811
12810000 3.08158
12820000 3.08186
12830000 3.08252
12840000 3.08223
12850000 3.08256
12860000 3.08297
12870000 3.08338
12880000 3.08437
12890000 3.08397
12900000 3.08353
12910000 3.08375
12920000 3.08407
12930000 3.08383
12940000 3.0843
12950000 3.08454
12960000 3.08477
12970000 3.08542
12980000 3.08559
12990000 3.08575
13000000 3.08595
13010000 3.08661
13020000 3.08693
13030000 3.08723
13040000 3.08746
13050000 3.08818
13060000 3.08821
13070000 3.08829
13080000 3.08854
13090000 3.0888
13100000 3.0891
13110000 3.08931
13120000 3.08905
13130000 3.08887
13140000 3.08894
13150000 3.0895
13160000 3.08983
13170000 3.09005
13180000 3.08994
13190000 3.09119
13200000 3.09078
13210000 3.09098
13220000 3.09103
13230000 3.09168
13240000 3.09214
13250000 3.09205
13260000 3.09214
13270000 3.09213
13280000 3.09208
13290000 3.09233
13300000 3.09246
13310000 3.09291
13320000 3.09304
13330000 3.09324
13340000 3.09378
13350000 3.09377
13360000 3.0938
13370000 3.09433
13380000 3.09463
13390000 3.09503
13400000 3.0951
13410000 3.09524
13420000 3.0957
13430000 3.09579
13440000 3.09615
13450000 3.09605
13460000 3.09582
13470000 3.09623
13480000 3.09638
13490000 3.09676
13500000 3.0974
13510000 3.09757
13520000 3.09781
13530000 3.09747
13540000 3.09763
13550000 3.09815
13560000 3.09808
13570000 3.09829
13580000 3.09838
13590000 3.09867
13600000 3.09869
13610000 3.09936
13620000 3.099
13630000 3.09914
13640000 3.09954
13650000 3.09961
13660000 3.09992
13670000 3.10019
13680000 3.10015
13690000 3.10027
13700000 3.10075
13710000 3.10102
13720000 3.10133
13730000 3.10182
13740000 3.10227
13750000 3.10238
13760000 3.10243
13770000 3.10289
13780000 3.10318
13790000 3.10346
13800000 3.10395
13810000 3.10443
13820000 3.10458
13830000 3.10465
13840000 3.10496
13850000 3.10537
13860000 3.10546
13870000 3.10561
13880000 3.10544
13890000 3.10566
13900000 3.10587
13910000 3.10604
13920000 3.10582
13930000 3.10621
13940000 3.10712
13950000 3.10723
13960000 3.10762
13970000 3.10789
13980000 3.10775
13990000 3.10769
14000000 3.10803
14010000 3.10818
14020000 3.10831
14030000 3.10861
14040000 3.10809
14050000 3.10874
14060000 3.10903
14070000 3.10904
14080000 3.10964
14090000 3.10982
14100000 3.11032
14110000 3.11068
14120000 3.11044
14130000 3.11082
14140000 3.11061
14150000 3.11077
14160000 3.11119
14170000 3.11176
14180000 3.11221
14190000 3.11268
14200000 3.11283
14210000 3.11343
14220000 3.11331
14230000 3.11336
14240000 3.11394
14250000 3.11419
14260000 3.11409
14270000 3.11476
14280000 3.11467
14290000 3.11469
14300000 3.11474
14310000 3.11525
14320000 3.1155
14330000 3.11601
14340000 3.11599
14350000 3.1168
14360000 3.11691
14370000 3.11728
14380000 3.11713
14390000 3.11712
14400000 3.11746
14410000 3.11787
14420000 3.11763
14430000 3.11821
14440000 3.11846
14450000 3.11856
14460000 3.11919
14470000 3.11934
14480000 3.11939
14490000 3.11985
14500000 3.12005
14510000 3.12051
14520000 3.12058
14530000 3.12088
14540000 3.12112
14550000 3.12185
14560000 3.12161
14570000 3.12197
14580000 3.12189
14590000 3.12228
14600000 3.12246
14610000 3.12285
14620000 3.12281
14630000 3.12289
14640000 3.12328
14650000 3.12301
14660000 3.12341
14670000 3.12389
14680000 3.12396
14690000 3.12388
14700000 3.12448
14710000 3.12487
14720000 3.12489
14730000 3.12526
14740000 3.12542
14750000 3.12573
14760000 3.12597
14770000 3.12593
14780000 3.12617
14790000 3.12634
14800000 3.12685
14810000 3.12712
14820000 3.12745
14830000 3.12783
14840000 3.12813
14850000 3.12836
14860000 3.12859
14870000 3.12885
14880000 3.12933
14890000 3.12919
14900000 3.12901
14910000 3.12935
14920000 3.12971
14930000 3.13021
14940000 3.13057
14950000 3.13092
14960000 3.1307
14970000 3.13062
14980000 3.1309
14990000 3.13108
15000000 3.13114
15010000 3.13122
15020000 3.13114
15030000 3.13143
15040000 3.13129
15050000 3.13123
15060000 3.13158
15070000 3.13207
15080000 3.1324
15090000 3.13278
15100000 3.13251
15110000 3.13251
15120000 3.13254
15130000 3.1327
15140000 3.13326
15150000 3.13331
15160000 3.13363
15170000 3.13424
15180000 3.13411
15190000 3.1344
15200000 3.13468
15210000 3.13462
15220000 3.13477
15230000 3.13496
15240000 3.13545
15250000 3.13606
15260000 3.13592
15270000 3.13637
15280000 3.13646
15290000 3.13689
15300000 3.13703
15310000 3.13742
15320000 3.1379
15330000 3.13779
15340000 3.13805
15350000 3.13825
15360000 3.13831
15370000 3.13881
15380000 3.13894
15390000 3.13957
15400000 3.14025
15410000 3.14015
15420000 3.14068
15430000 3.14137
15440000 3.14126
15450000 3.14127
15460000 3.14123
15470000 3.14127
15480000 3.14204
15490000 3.14207
15500000 3.14184
15510000 3.14211
15520000 3.14221
15530000 3.1427
15540000 3.14317
15550000 3.14302
15560000 3.14327
15570000 3.14421
15580000 3.1442
15590000 3.14421
15600000 3.14458
15610000 3.14481
15620000 3.14472
15630000 3.14542
15640000 3.14587
15650000 3.14653
15660000 3.14688
15670000 3.14649
15680000 3.14658
15690000 3.14703
15700000 3.14734
15710000 3.14776
15720000 3.14716
15730000 3.14771
15740000 3.14783
15750000 3.14771
15760000 3.14816
15770000 3.14808
15780000 3.14829
15790000 3.14894
15800000 3.15013
15810000 3.14973
15820000 3.14995
15830000 3.14977
15840000 3.15019
15850000 3.14987
15860000 3.15023
15870000 3.15033
15880000 3.15057
15890000 3.15085
15900000 3.15129
15910000 3.15112
15920000 3.15148
15930000 3.15171
15940000 3.152
15950000 3.15207
15960000 3.15219
15970000 3.15278
15980000 3.15282
15990000 3.15328
16000000 3.15365
16010000 3.15403
16020000 3.15434
16030000 3.15407
16040000 3.1544
16050000 3.15478
16060000 3.15509
16070000 3.15582
16080000 3.15602
16090000 3.15654
16100000 3.15661
16110000 3.15659
16120000 3.15695
16130000 3.15704
16140000 3.1575
16150000 3.15748
16160000 3.15751
16170000 3.15806
16180000 3.15812
16190000 3.15833
16200000 3.1587
16210000 3.15875
16220000 3.1589
16230000 3.1591
16240000 3.15918
16250000 3.15921
16260000 3.15958
16270000 3.15938
16280000 3.15933
16290000 3.1599
16300000 3.16089
16310000 3.16079
16320000 3.16145
16330000 3.16135
16340000 3.16174
16350000 3.16214
16360000 3.16242
16370000 3.16261
16380000 3.16309
16390000 3.16336
16400000 3.16344
16410000 3.16375
16420000 3.16399
16430000 3.16409
16440000 3.16351
16450000 3.16372
16460000 3.16363
16470000 3.16361
16480000 3.16438
16490000 3.1649
16500000 3.16513
16510000 3.16507
16520000 3.1653
16530000 3.1656
16540000 3.16513
16550000 3.16563
16560000 3.16554
16570000 3.16598
16580000 3.16614
16590000 3.16653
16600000 3.16719
16610000 3.1671
16620000 3.16739
16630000 3.1686
16640000 3.16881
16650000 3.16872
16660000 3.16858
16670000 3.16911
16680000 3.16941
16690000 3.16978
16700000 3.16965
16710000 3.16995
16720000 3.17044
16730000 3.17067
16740000 3.17095
16750000 3.1709
16760000 3.17137
16770000 3.17129
16780000 3.1719
16790000 3.17213
16800000 3.17226
16810000 3.17219
16820000 3.17327
16830000 3.17304
16840000 3.17257
16850000 3.17317
16860000 3.17321
16870000 3.17371
16880000 3.17395
16890000 3.17405
16900000 3.1742
16910000 3.17476
16920000 3.17467
16930000 3.17515
16940000 3.17514
16950000 3.17571
16960000 3.17615
16970000 3.17668
16980000 3.17677
16990000 3.17715
17000000 3.1776
17010000 3.17783
17020000 3.17769
17030000 3.17749
17040000 3.17812
17050000 3.17819
17060000 3.17864
17070000 3.17931
17080000 3.17911
17090000 3.17876
17100000 3.17881
17110000 3.17927
17120000 3.17946
17130000 3.17935
17140000 3.17952
17150000 3.17999
17160000 3.18041
17170000 3.18041
17180000 3.18077
17190000 3.18093
17200000 3.18108
17210000 3.18146
17220000 3.18188
17230000 3.182
17240000 3.18216
17250000 3.1823
17260000 3.1825
17270000 3.18246
17280000 3.18287
17290000 3.18343
17300000 3.18309
17310000 3.18358
17320000 3.18381
17330000 3.18369
17340000 3.18408
17350000 3.18394
17360000 3.18434
17370000 3.18432
17380000 3.18507
17390000 3.18548
17400000 3.18573
17410000 3.18601
17420000 3.18621
17430000 3.1865
17440000 3.18662
17450000 3.18675
17460000 3.18719
17470000 3.18769
17480000 3.18773
17490000 3.18798
17500000 3.18839
17510000 3.18827
17520000 3.1886
17530000 3.18882
17540000 3.18956
17550000 3.18993
17560000 3.19005
17570000 3.18979
17580000 3.19143
17590000 3.19199
17600000 3.19153
17610000 3.19163
17620000 3.19211
17630000 3.19224
17640000 3.1927
17650000 3.19273
17660000 3.19379
17670000 3.19408
17680000 3.19398
17690000 3.19415
17700000 3.19435
17710000 3.1945
17720000 3.19463
17730000 3.19487
17740000 3.19566
17750000 3.19674
17760000 3.19673
17770000 3.19681
17780000 3.19682
17790000 3.19672
17800000 3.19713
17810000 3.19745
17820000 3.19803
17830000 3.19808
17840000 3.19782
17850000 3.19812
17860000 3.19813
17870000 3.19894
17880000 3.19889
17890000 3.19883
17900000 3.19964
17910000 3.20013
17920000 3.20015
17930000 3.20029
17940000 3.2006
17950000 3.20081
17960000 3.20089
17970000 3.20123
17980000 3.20165
17990000 3.20217
18000000 3.20226
18010000 3.20256
18020000 3.20255
18030000 3.20305
18040000 3.20305
18050000 3.2031
18060000 3.20339
18070000 3.2035
18080000 3.20358
18090000 3.20408
18100000 3.20463
18110000 3.20483
18120000 3.20484
18130000 3.20511
18140000 3.20554
18150000 3.20576
18160000 3.20644
18170000 3.20658
18180000 3.20704
18190000 3.20708
18200000 3.20698
18210000 3.2071
18220000 3.20777
18230000 3.20753
18240000 3.20761
18250000 3.20795
18260000 3.20842
18270000 3.20883
18280000 3.20906
18290000 3.20988
18300000 3.21024
18310000 3.21053
18320000 3.21137
18330000 3.21103
18340000 3.21118
18350000 3.21136
18360000 3.21143
18370000 3.21144
18380000 3.21181
18390000 3.21212
18400000 3.21225
18410000 3.21236
18420000 3.21271
18430000 3.21291
18440000 3.21315
18450000 3.2137
18460000 3.21433
18470000 3.21443
18480000 3.21449
18490000 3.21529
18500000 3.21623
18510000 3.21627
18520000 3.21622
18530000 3.2168
18540000 3.21777
18550000 3.2174
18560000 3.21734
18570000 3.21772
18580000 3.21743
18590000 3.21811
18600000 3.21794
18610000 3.21801
18620000 3.21817
18630000 3.21813
18640000 3.21806
18650000 3.21846
18660000 3.21865
18670000 3.21937
18680000 3.22002
18690000 3.22041
18700000 3.22059
18710000 3.22039
18720000 3.22139
18730000 3.22135
18740000 3.22179
18750000 3.22183
18760000 3.22199
18770000 3.22242
18780000 3.22255
18790000 3.22275
18800000 3.22256
18810000 3.22338
18820000 3.22343
18830000 3.2237
18840000 3.22418
18850000 3.22486
18860000 3.22523
18870000 3.22533
18880000 3.22682
18890000 3.22604
18900000 3.22636
18910000 3.22663
18920000 3.22692
18930000 3.22714
18940000 3.22747
18950000 3.22702
18960000 3.22765
18970000 3.22787
18980000 3.22838
18990000 3.22807
19000000 3.22842
19010000 3.22837
19020000 3.22933
19030000 3.22972
19040000 3.22956
19050000 3.22946
19060000 3.22968
19070000 3.22991
19080000 3.22984
19090000 3.22979
19100000 3.22984
19110000 3.23012
19120000 3.23001
19130000 3.23048
19140000 3.23056
19150000 3.231
19160000 3.23196
19170000 3.23197
19180000 3.23222
19190000 3.23233
19200000 3.23289
19210000 3.23324
19220000 3.23344
19230000 3.23399
19240000 3.23398
19250000 3.23379
19260000 3.23413
19270000 3.23473
19280000 3.23505
19290000 3.23499
19300000 3.23549
19310000 3.23571
19320000 3.23589
19330000 3.23642
19340000 3.23605
19350000 3.23715
19360000 3.23756
19370000 3.23762
19380000 3.23786
19390000 3.23853
19400000 3.23913
19410000 3.2393
19420000 3.23953
19430000 3.2396
19440000 3.23998
19450000 3.23982
19460000 3.24057
19470000 3.24076
19480000 3.24067
19490000 3.24136
19500000 3.24178
19510000 3.24223
19520000 3.24247
19530000 3.24249
19540000 3.24401
19550000 3.24445
19560000 3.24409
19570000 3.24424
19580000 3.24363
19590000 3.24494
19600000 3.24509
19610000 3.24486
19620000 3.24541
19630000 3.24518
19640000 3.24594
19650000 3.24605
19660000 3.24626
19670000 3.24666
19680000 3.24723
19690000 3.24709
19700000 3.24778
19710000 3.24758
19720000 3.24786
19730000 3.24811
19740000 3.2482
19750000 3.24832
19760000 3.2485
19770000 3.24832
19780000 3.24854
19790000 3.24913
19800000 3.24939
19810000 3.24952
19820000 3.2496
19830000 3.24973
19840000 3.25012
19850000 3.25042
19860000 3.25078
19870000 3.25101
19880000 3.25153
19890000 3.2521
19900000 3.25269
19910000 3.25272
19920000 3.25293
19930000 3.25346
19940000 3.25374
19950000 3.25379
19960000 3.254
19970000 3.25404
19980000 3.25402
19990000 3.2544
20000000 3.25509
20010000 3.25535
20020000 3.255
20030000 3.25574
20040000 3.25561
20050000 3.25548
20060000 3.2559
20070000 3.25602
20080000 3.25614
20090000 3.25619
20100000 3.25646
20110000 3.25688
20120000 3.2571
20130000 3.25725
20140000 3.25741
20150000 3.25763
20160000 3.2581
20170000 3.25858
20180000 3.25858
20190000 3.25891
20200000 3.25915
20210000 3.25938
20220000 3.25936
20230000 3.25948
20240000 3.2597
20250000 3.26003
20260000 3.26029
20270000 3.26052
20280000 3.26092
20290000 3.26128
20300000 3.26137
20310000 3.26104
20320000 3.26175
20330000 3.26175
20340000 3.26196
20350000 3.26269
20360000 3.26285
20370000 3.2628
20380000 3.26281
20390000 3.26294
20400000 3.26435
20410000 3.26403
20420000 3.26486
20430000 3.26448
20440000 3.26446
20450000 3.26452
20460000 3.26484
20470000 3.2653
20480000 3.26521
20490000 3.2653
20500000 3.26565
20510000 3.2663
20520000 3.26616
20530000 3.26678
20540000 3.26689
20550000 3.26732
20560000 3.26734
20570000 3.26711
20580000 3.2678
20590000 3.26803
20600000 3.26792
20610000 3.26782
20620000 3.26808
20630000 3.26826
20640000 3.269
20650000 3.26944
20660000 3.27013
20670000 3.26985
20680000 3.27008
20690000 3.2707
20700000 3.27076
20710000 3.27081
20720000 3.27117
20730000 3.27176
20740000 3.27225
20750000 3.27234
20760000 3.27239
20770000 3.2727
20780000 3.27342
20790000 3.27414
20800000 3.27462
20810000 3.2743
20820000 3.27425
20830000 3.2743
20840000 3.27487
20850000 3.2757
20860000 3.27584
20870000 3.27603
20880000 3.27689
20890000 3.27696
20900000 3.27686
20910000 3.27726
20920000 3.27742
20930000 3.27788
20940000 3.27791
20950000 3.27779
20960000 3.27788
20970000 3.27873
20980000 3.27859
20990000 3.27896
21000000 3.27948
21010000 3.27953
21020000 3.27965
21030000 3.27959
21040000 3.28
21050000 3.28038
21060000 3.28018
21070000 3.28055
21080000 3.28077
21090000 3.28095
21100000 3.28133
21110000 3.28165
21120000 3.28207
21130000 3.28223
21140000 3.28253
21150000 3.28293
21160000 3.28413
21170000 3.28435
21180000 3.28395
21190000 3.28436
21200000 3.28479
21210000 3.28481
21220000 3.28494
21230000 3.28491
21240000 3.28547
21250000 3.28553
21260000 3.2859
21270000 3.28599
21280000 3.28666
21290000 3.28694
21300000 3.28722
21310000 3.28775
21320000 3.28778
21330000 3.28812
21340000 3.28872
21350000 3.2887
21360000 3.28861
21370000 3.28937
21380000 3.2901
21390000 3.2907
21400000 3.29015
21410000 3.29021
21420000 3.29073
21430000 3.29128
21440000 3.29109
21450000 3.29152
21460000 3.29222
21470000 3.29163
21480000 3.29198
21490000 3.29255
21500000 3.29263
21510000 3.29333
21520000 3.29332
21530000 3.29328
21540000 3.29347
21550000 3.29409
21560000 3.29431
21570000 3.29408
21580000 3.2939
21590000 3.29385
21600000 3.29417
21610000 3.29465
21620000 3.2947
21630000 3.29536
21640000 3.29566
21650000 3.29591
21660000 3.29595
21670000 3.29653
21680000 3.2969
21690000 3.29715
21700000 3.29728
21710000 3.29761
21720000 3.29789
21730000 3.29825
21740000 3.29856
21750000 3.2989
21760000 3.3003
21770000 3.3004
21780000 3.30068
21790000 3.30086
21800000 3.30103
21810000 3.30131
21820000 3.30156
21830000 3.30146
21840000 3.30201
21850000 3.30233
21860000 3.30206
21870000 3.30332
21880000 3.30378
21890000 3.30443
21900000 3.30437
21910000 3.30448
21920000 3.3042
21930000 3.30464
21940000 3.30483
21950000 3.30503
21960000 3.30559
21970000 3.3052
21980000 3.30591
21990000 3.30591
22000000 3.30653
22010000 3.30648
22020000 3.30694
22030000 3.30717
22040000 3.30697
22050000 3.30729
22060000 3.30767
22070000 3.30734
22080000 3.30808
22090000 3.30835
22100000 3.30869
22110000 3.30866
22120000 3.30902
22130000 3.30972
22140000 3.31014
22150000 3.31004
22160000 3.30994
22170000 3.31044
22180000 3.31086
22190000 3.31073
22200000 3.31106
22210000 3.31116
22220000 3.31117
22230000 3.31173
22240000 3.31215
22250000 3.31223
22260000 3.31276
22270000 3.31297
22280000 3.31298
22290000 3.3135
22300000 3.31398
22310000 3.31391
22320000 3.31432
22330000 3.31487
22340000 3.31472
22350000 3.31477
22360000 3.315
22370000 3.31535
22380000 3.31619
22390000 3.31692
22400000 3.31695
22410000 3.31693
22420000 3.31691
22430000 3.31694
22440000 3.31797
22450000 3.3183
22460000 3.31844
22470000 3.31886
22480000 3.31875
22490000 3.31921
22500000 3.31963
22510000 3.32018
22520000 3.32023
22530000 3.3214
22540000 3.32148
22550000 3.32172
22560000 3.32134
22570000 3.32159
22580000 3.32162
22590000 3.32184
22600000 3.32221
22610000 3.32241
22620000 3.32256
22630000 3.32259
22640000 3.32331
22650000 3.32342
22660000 3.32331
22670000 3.32329
22680000 3.32369
22690000 3.32372
22700000 3.32361
22710000 3.32431
22720000 3.32454
22730000 3.32471
22740000 3.32538
22750000 3.32541
22760000 3.32572
22770000 3.32601
22780000 3.326
22790000 3.3266
22800000 3.32679
22810000 3.32672
22820000 3.3268
22830000 3.32689
22840000 3.32772
22850000 3.32768
22860000 3.32807
22870000 3.32931
22880000 3.32933
22890000 3.32937
22900000 3.32941
22910000 3.32969
22920000 3.32981
22930000 3.33035
22940000 3.33105
22950000 3.33114
22960000 3.33116
22970000 3.33156
22980000 3.33182
22990000 3.33189
23000000 3.33209
23010000 3.33221
23020000 3.33267
23030000 3.33295
23040000 3.33304
23050000 3.33382
23060000 3.33357
23070000 3.33401
23080000 3.33415
23090000 3.33478
23100000 3.33493
23110000 3.33525
23120000 3.33523
23130000 3.33623
23140000 3.33638
23150000 3.33777
23160000 3.33741
23170000 3.33699
23180000 3.33732
23190000 3.33748
23200000 3.33766
23210000 3.33829
23220000 3.33785
23230000 3.33788
23240000 3.33842
23250000 3.33856
23260000 3.33927
23270000 3.33955
23280000 3.34048
23290000 3.34034
23300000 3.34055
23310000 3.34097
23320000 3.34117
23330000 3.34121
23340000 3.34186
23350000 3.34207
23360000 3.34256
23370000 3.34273
23380000 3.34351
23390000 3.34397
23400000 3.34405
23410000 3.3449
23420000 3.34443
23430000 3.34413
23440000 3.34432
23450000 3.34442
23460000 3.34463
23470000 3.3457
23480000 3.34576
23490000 3.34667
23500000 3.34673
23510000 3.34698
23520000 3.3476
23530000 3.34697
23540000 3.3471
23550000 3.34791
23560000 3.34779
23570000 3.34811
23580000 3.348
23590000 3.34849
23600000 3.34856
23610000 3.34903
23620000 3.34936
23630000 3.34961
23640000 3.35007
23650000 3.3502
23660000 3.35045
23670000 3.35066
23680000 3.35053
23690000 3.35062
23700000 3.35102
23710000 3.35111
23720000 3.35161
23730000 3.35213
23740000 3.35251
23750000 3.35303
23760000 3.35299
23770000 3.35321
23780000 3.35349
23790000 3.35338
23800000 3.3537
23810000 3.35398
23820000 3.35371
23830000 3.35424
23840000 3.35439
23850000 3.3546
23860000 3.35498
23870000 3.3556
23880000 3.35576
23890000 3.35596
23900000 3.35583
23910000 3.35631
23920000 3.35694
23930000 3.35724
23940000 3.35785
23950000 3.35819
23960000 3.35854
23970000 3.3583
23980000 3.3587
23990000 3.35871
24000000 3.359
24010000 3.35907
24020000 3.35918
24030000 3.35944
24040000 3.35926
24050000 3.35963
24060000 3.35998
24070000 3.35983
24080000 3.35985
24090000 3.36044
24100000 3.36085
24110000 3.36108
24120000 3.36184
24130000 3.36204
24140000 3.36208
24150000 3.36246
24160000 3.3624
24170000 3.36234
24180000 3.36249
24190000 3.36267
24200000 3.36337
24210000 3.36458
24220000 3.36463
24230000 3.36482
24240000 3.36472
24250000 3.36541
24260000 3.36564
24270000 3.36565
24280000 3.36606
24290000 3.36613
24300000 3.36614
24310000 3.36665
24320000 3.36672
24330000 3.36684
24340000 3.36694
24350000 3.36696
24360000 3.36757
24370000 3.36743
24380000 3.36795
24390000 3.36851
24400000 3.36871
24410000 3.3689
24420000 3.36883
24430000 3.36887
24440000 3.36919
24450000 3.36989
24460000 3.36988
24470000 3.37024
24480000 3.37025
24490000 3.37047
24500000 3.37094
24510000 3.37159
24520000 3.37205
24530000 3.37211
24540000 3.37215
24550000 3.37196
24560000 3.37209
24570000 3.37221
24580000 3.37241
24590000 3.37283
24600000 3.37317
24610000 3.37399
24620000 3.37424
24630000 3.37443
24640000 3.37481
24650000 3.37485
24660000 3.37543
24670000 3.37551
24680000 3.37565
24690000 3.37612
24700000 3.37598
24710000 3.37612
24720000 3.37633
24730000 3.37654
24740000 3.37651
24750000 3.3763
24760000 3.3765
24770000 3.3766
24780000 3.37662
24790000 3.37675
24800000 3.37677
24810000 3.37734
24820000 3.37754
24830000 3.37829
24840000 3.37811
24850000 3.37843
24860000 3.37882
24870000 3.37893
24880000 3.37918
24890000 3.37945
24900000 3.37988
24910000 3.38073
24920000 3.38013
24930000 3.38074
24940000 3.38105
24950000 3.38137
24960000 3.3816
24970000 3.38213
24980000 3.38225
24990000 3.38295
25000000 3.38305
25010000 3.38319
25020000 3.38348
25030000 3.38381
25040000 3.38434
25050000 3.38457
25060000 3.38457
25070000 3.38501
25080000 3.38551
25090000 3.38553
25100000 3.38581
25110000 3.38651
25120000 3.38656
25130000 3.3871
25140000 3.38743
25150000 3.38773
25160000 3.38797
25170000 3.38836
25180000 3.38863
25190000 3.38877
25200000 3.38907
25210000 3.38945
25220000 3.39024
25230000 3.39065
25240000 3.39081
25250000 3.39082
25260000 3.39114
25270000 3.39084
25280000 3.39139
25290000 3.39202
25300000 3.39113
25310000 3.39168
25320000 3.39225
25330000 3.39265
25340000 3.39295
25350000 3.39285
25360000 3.39321
25370000 3.39348
25380000 3.39376
25390000 3.39387
25400000 3.39443
25410000 3.39427
25420000 3.39489
25430000 3.39521
25440000 3.39529
25450000 3.39536
25460000 3.39593
25470000 3.39611
25480000 3.39655
25490000 3.39649
25500000 3.39653
25510000 3.39652
25520000 3.39699
25530000 3.39741
25540000 3.39771
25550000 3.39807
25560000 3.39813
25570000 3.39802
25580000 3.39849
25590000 3.39902
25600000 3.39917
25610000 3.39956
25620000 3.40034
25630000 3.40051
25640000 3.40105
25650000 3.40186
25660000 3.40179
25670000 3.4021
25680000 3.4021
25690000 3.40232
25700000 3.40249
25710000 3.40276
25720000 3.40272
25730000 3.40319
25740000 3.40376
25750000 3.40376
25760000 3.40385
25770000 3.40418
25780000 3.40448
25790000 3.40421
25800000 3.40476
25810000 3.40508
25820000 3.40506
25830000 3.40529
25840000 3.40586
25850000 3.40657
25860000 3.40647
25870000 3.40662
25880000 3.40697
25890000 3.40713
25900000 3.40742
25910000 3.40787
25920000 3.40853
25930000 3.40822
25940000 3.40851
25950000 3.40894
25960000 3.40975
25970000 3.40947
25980000 3.40935
25990000 3.40975
26000000 3.41015
26010000 3.41118
26020000 3.41096
26030000 3.41126
26040000 3.41148
26050000 3.41191
26060000 3.41248
26070000 3.41291
26080000 3.41343
26090000 3.41332
26100000 3.41362
26110000 3.41376
26120000 3.41412
26130000 3.41392
26140000 3.4139
26150000 3.4146
26160000 3.41468
26170000 3.41535
26180000 3.41545
26190000 3.4155
26200000 3.41564
26210000 3.41569
26220000 3.41576
26230000 3.41646
26240000 3.41691
26250000 3.41728
26260000 3.41723
26270000 3.41717
26280000 3.41869
26290000 3.41846
26300000 3.41887
26310000 3.41896
26320000 3.41932
26330000 3.41966
26340000 3.41979
26350000 3.4201
26360000 3.42041
26370000 3.42046
26380000 3.42044
26390000 3.42077
26400000 3.42107
26410000 3.4211
26420000 3.42153
26430000 3.42201
26440000 3.42273
26450000 3.42304
26460000 3.42325
26470000 3.42321
26480000 3.42363
26490000 3.42399
26500000 3.42389
26510000 3.42428
26520000 3.42431
26530000 3.42507
26540000 3.42526
26550000 3.42503
26560000 3.42507
26570000 3.4253
26580000 3.42537
26590000 3.42587
26600000 3.42633
26610000 3.42664
26620000 3.42671
26630000 3.42736
26640000 3.42693
26650000 3.42752
26660000 3.42785
26670000 3.42826
26680000 3.42813
26690000 3.42869
26700000 3.42948
26710000 3.42981
26720000 3.42966
26730000 3.42959
26740000 3.43001
26750000 3.4309
26760000 3.43163
26770000 3.43137
26780000 3.43218
26790000 3.43208
26800000 3.43203
26810000 3.43208
26820000 3.43241
26830000 3.43269
26840000 3.43294
26850000 3.43343
26860000 3.43296
26870000 3.43323
26880000 3.4335
26890000 3.43346
26900000 3.43363
26910000 3.43422
26920000 3.435
26930000 3.43533
26940000 3.43511
26950000 3.43565
26960000 3.43559
26970000 3.43586
26980000 3.43598
26990000 3.43597
27000000 3.4364
27010000 3.43675
27020000 3.43727
27030000 3.43764
27040000 3.43772
27050000 3.43794
27060000 3.43894
27070000 3.43886
27080000 3.43927
27090000 3.43904
27100000 3.43937
27110000 3.43962
27120000 3.44013
27130000 3.44068
27140000 3.44059
27150000 3.44031
27160000 3.44026
27170000 3.44003
27180000 3.44049
27190000 3.44071
27200000 3.44131
27210000 3.44178
27220000 3.44201
27230000 3.44289
27240000 3.4428
27250000 3.44276
27260000 3.44307
27270000 3.44329
27280000 3.44353
27290000 3.44411
27300000 3.44427
27310000 3.44455
27320000 3.44482
27330000 3.44491
27340000 3.44529
27350000 3.44546
27360000 3.44593
27370000 3.44651
27380000 3.44624
27390000 3.44657
27400000 3.44706
27410000 3.44671
27420000 3.44684
27430000 3.44734
27440000 3.44753
27450000 3.44736
27460000 3.44752
27470000 3.44751
27480000 3.44804
27490000 3.44883
27500000 3.44851
27510000 3.44847
27520000 3.44885
27530000 3.4489
27540000 3.44929
27550000 3.44927
27560000 3.44966
27570000 3.45056
27580000 3.45088
27590000 3.45098
27600000 3.45132
27610000 3.45101
27620000 3.45141
27630000 3.45145
27640000 3.45145
27650000 3.45142
27660000 3.45197
27670000 3.45238
27680000 3.45225
27690000 3.45247
27700000 3.45274
27710000 3.45293
27720000 3.45325
27730000 3.45311
27740000 3.45383
27750000 3.45416
27760000 3.45423
27770000 3.4545
27780000 3.45464
27790000 3.45448
27800000 3.45465
27810000 3.45519
27820000 3.4555
27830000 3.45565
27840000 3.4565
27850000 3.45661
27860000 3.45797
27870000 3.45778
27880000 3.45754
27890000 3.45732
27900000 3.45776
27910000 3.45883
27920000 3.45911
27930000 3.45933
27940000 3.45943
27950000 3.45959
27960000 3.45992
27970000 3.46037
27980000 3.46058
27990000 3.4608
28000000 3.46089
28010000 3.46154
28020000 3.46139
28030000 3.46161
28040000 3.46187
28050000 3.4621
28060000 3.46246
28070000 3.46241
28080000 3.46234
28090000 3.46305
28100000 3.46337
28110000 3.46337
28120000 3.46393
28130000 3.46388
28140000 3.46419
28150000 3.4644
28160000 3.46482
28170000 3.46527
28180000 3.46521
28190000 3.46542
28200000 3.46578
28210000 3.46607
28220000 3.46628
28230000 3.46741
28240000 3.46725
28250000 3.46757
28260000 3.46804
28270000 3.46836
28280000 3.46873
28290000 3.46911
28300000 3.46918
28310000 3.46962
28320000 3.46963
28330000 3.46998
28340000 3.46978
28350000 3.47001
28360000 3.47004
28370000 3.47034
28380000 3.47094
28390000 3.47118
28400000 3.47152
28410000 3.47176
28420000 3.47177
28430000 3.47178
28440000 3.47231
28450000 3.47272
28460000 3.47298
28470000 3.47342
28480000 3.47329
28490000 3.47352
28500000 3.47412
28510000 3.47531
28520000 3.47511
28530000 3.47544
28540000 3.47501
28550000 3.47541
28560000 3.47544
28570000 3.4756
28580000 3.47609
28590000 3.47676
28600000 3.47715
28610000 3.47715
28620000 3.47783
28630000 3.47807
28640000 3.47827
28650000 3.47865
28660000 3.47911
28670000 3.47934
28680000 3.47945
28690000 3.47966
28700000 3.47996
28710000 3.47994
28720000 3.48036
28730000 3.48053
28740000 3.48142
28750000 3.4811
28760000 3.48075
28770000 3.48092
28780000 3.48109
28790000 3.48099
28800000 3.48089
28810000 3.48109
28820000 3.48171
28830000 3.48206
28840000 3.48186
28850000 3.48192
28860000 3.48251
28870000 3.48276
28880000 3.4832
28890000 3.48317
28900000 3.48329
28910000 3.48371
28920000 3.48385
28930000 3.48462
28940000 3.48509
28950000 3.48594
28960000 3.48537
28970000 3.48542
28980000 3.48567
28990000 3.48566
29000000 3.48618
29010000 3.48593
29020000 3.48605
29030000 3.4864
29040000 3.48699
29050000 3.48734
29060000 3.48727
29070000 3.48776
29080000 3.48814
29090000 3.48821
29100000 3.48834
29110000 3.48852
29120000 3.48893
29130000 3.48911
29140000 3.48935
29150000 3.48983
29160000 3.49024
29170000 3.49026
29180000 3.4902
29190000 3.49064
29200000 3.4915
29210000 3.49143
29220000 3.49156
29230000 3.49188
29240000 3.49247
29250000 3.49263
29260000 3.49266
29270000 3.49335
29280000 3.49334
29290000 3.49368
29300000 3.49361
29310000 3.49379
29320000 3.49437
29330000 3.49504
29340000 3.49506
29350000 3.49534
29360000 3.49586
29370000 3.49593
29380000 3.49626
29390000 3.49638
29400000 3.49701
29410000 3.49712
29420000 3.49716
29430000 3.4971
29440000 3.49727
29450000 3.49805
29460000 3.49845
29470000 3.49873
29480000 3.49911
29490000 3.49936
29500000 3.4997
29510000 3.49943
29520000 3.49952
29530000 3.50012
29540000 3.50055
29550000 3.5009
29560000 3.5009
29570000 3.50206
29580000 3.50133
29590000 3.50168
29600000 3.50218
29610000 3.50253
29620000 3.50312
29630000 3.5033
29640000 3.50325
29650000 3.5035
29660000 3.50366
29670000 3.50341
29680000 3.50393
29690000 3.50458
29700000 3.50427
29710000 3.50453
29720000 3.50506
29730000 3.50569
29740000 3.50563
29750000 3.50604
29760000 3.50667
29770000 3.50697
29780000 3.50702
29790000 3.50739
29800000 3.50745
29810000 3.50746
29820000 3.50797
29830000 3.50805
29840000 3.508
29850000 3.50827
29860000 3.50858
29870000 3.50867
29880000 3.50847
29890000 3.50911
29900000 3.50926
29910000 3.50965
29920000 3.51005
29930000 3.51015
29940000 3.51025
29950000 3.5106
29960000 3.51088
29970000 3.51132
29980000 3.51131
29990000 3.51176
30000000 3.51229
30010000 3.51269
30020000 3.51265
30030000 3.51282
30040000 3.51263
30050000 3.51264
30060000 3.51323
30070000 3.51346
30080000 3.51415
30090000 3.51421
30100000 3.5138
30110000 3.51379
30120000 3.51439
30130000 3.51457
30140000 3.51537
30150000 3.51543
30160000 3.51542
30170000 3.51554
30180000 3.51597
30190000 3.5161
30200000 3.51656
30210000 3.51656
30220000 3.51686
30230000 3.51718
30240000 3.51718
30250000 3.51773
30260000 3.51796
30270000 3.51818
30280000 3.51837
30290000 3.51857
30300000 3.51892
30310000 3.5192
30320000 3.51942
30330000 3.51962
30340000 3.52005
30350000 3.52009
30360000 3.52055
30370000 3.52059
30380000 3.52066
30390000 3.5209
30400000 3.52094
30410000 3.52129
30420000 3.52178
30430000 3.52199
30440000 3.52226
30450000 3.52253
30460000 3.52276
30470000 3.52313
30480000 3.52364
30490000 3.52388
30500000 3.52386
30510000 3.52399
30520000 3.52451
30530000 3.52426
30540000 3.52442
30550000 3.52497
30560000 3.52548
30570000 3.52514
30580000 3.52534
30590000 3.52538
30600000 3.52583
30610000 3.52607
30620000 3.52655
30630000 3.52712
30640000 3.52742
30650000 3.52753
30660000 3.52783
30670000 3.52782
30680000 3.52802
30690000 3.52891
30700000 3.52881
30710000 3.52984
30720000 3.52997
30730000 3.5301
30740000 3.53028
30750000 3.53004
30760000 3.53018
30770000 3.53051
30780000 3.53041
30790000 3.53078
30800000 3.53119
30810000 3.53139
30820000 3.53182
30830000 3.53181
30840000 3.53225
30850000 3.53236
30860000 3.53198
30870000 3.53207
30880000 3.53264
30890000 3.5329
30900000 3.5334
30910000 3.53398
30920000 3.53392
30930000 3.53409
30940000 3.53445
30950000 3.53442
30960000 3.53503
30970000 3.53532
30980000 3.53568
30990000 3.53593
31000000 3.53614
31010000 3.53635
31020000 3.5362
31030000 3.53686
31040000 3.53698
31050000 3.53757
31060000 3.53815
31070000 3.53821
31080000 3.53808
31090000 3.53815
31100000 3.53851
31110000 3.53852
31120000 3.53862
31130000 3.53867
31140000 3.53908
31150000 3.53983
31160000 3.54
31170000 3.54038
31180000 3.54039
31190000 3.54069
31200000 3.5411
31210000 3.54158
31220000 3.54197
31230000 3.54238
31240000 3.54246
31250000 3.54279
31260000 3.54358
31270000 3.54343
31280000 3.54374
31290000 3.54422
31300000 3.54402
31310000 3.54406
31320000 3.54434
31330000 3.54475
31340000 3.54483
31350000 3.5449
31360000 3.54523
31370000 3.54546
31380000 3.54587
31390000 3.54607
31400000 3.54617
31410000 3.54652
31420000 3.54662
31430000 3.5469
31440000 3.54702
31450000 3.54711
31460000 3.54746
31470000 3.54761
31480000 3.54789
31490000 3.54811
31500000 3.54865
31510000 3.54877
31520000 3.54927
31530000 3.54968
31540000 3.54973
31550000 3.54952
31560000 3.54985
31570000 3.55052
31580000 3.5508
31590000 3.55087
31600000 3.55083
31610000 3.55125
31620000 3.55236
31630000 3.5523
31640000 3.55254
31650000 3.5527
31660000 3.55263
31670000 3.55303
31680000 3.55334
31690000 3.55363
31700000 3.55353
31710000 3.55443
31720000 3.5544
31730000 3.55451
31740000 3.55478
31750000 3.55523
31760000 3.5551
31770000 3.55524
31780000 3.55604
31790000 3.55667
31800000 3.55692
31810000 3.55682
31820000 3.55692
31830000 3.55711
31840000 3.55769
31850000 3.55844
31860000 3.55834
31870000 3.55889
31880000 3.55967
31890000 3.55941
31900000 3.55944
31910000 3.55954
31920000 3.55936
31930000 3.55987
31940000 3.56016
31950000 3.56037
31960000 3.5608
31970000 3.56105
31980000 3.56193
31990000 3.56202
32000000 3.56203
32010000 3.56247
32020000 3.56262
32030000 3.56287
32040000 3.5637
32050000 3.56389
32060000 3.56433
32070000 3.56407
32080000 3.56401
32090000 3.56415
32100000 3.56428
32110000 3.56466
32120000 3.56467
32130000 3.56482
32140000 3.5654
32150000 3.56557
32160000 3.56545
32170000 3.56568
32180000 3.56595
32190000 3.56642
32200000 3.56666
32210000 3.56674
32220000 3.56674
32230000 3.56748
32240000 3.56804
32250000 3.5686
32260000 3.56863
32270000 3.56862
32280000 3.56896
32290000 3.5695
32300000 3.56967
32310000 3.57019
32320000 3.57027
32330000 3.57033
32340000 3.57078
32350000 3.57073
32360000 3.57101
32370000 3.57145
32380000 3.57149
32390000 3.57163
32400000 3.57184
32410000 3.57256
32420000 3.57286
32430000 3.57321
32440000 3.57299
32450000 3.57327
32460000 3.57347
32470000 3.57376
32480000 3.57381
32490000 3.57397
32500000 3.57426
32510000 3.57461
32520000 3.57492
32530000 3.57537
32540000 3.57593
32550000 3.5767
32560000 3.57731
32570000 3.57758
32580000 3.57791
32590000 3.57798
32600000 3.57794
32610000 3.57824
32620000 3.57811
32630000 3.57871
32640000 3.57877
32650000 3.57924
32660000 3.57938
32670000 3.57957
32680000 3.57987
32690000 3.58032
32700000 3.5804
32710000 3.5806
32720000 3.58085
32730000 3.58098
32740000 3.5811
32750000 3.58114
32760000 3.58143
32770000 3.58161
32780000 3.58187
32790000 3.58229
32800000 3.58241
32810000 3.58244
32820000 3.58322
32830000 3.58349
32840000 3.5837
32850000 3.5837
32860000 3.58382
32870000 3.58425
32880000 3.58452
32890000 3.58439
32900000 3.58469
32910000 3.58518
32920000 3.58548
32930000 3.58524
32940000 3.58541
32950000 3.58543
32960000 3.58596
32970000 3.58658
32980000 3.58688
32990000 3.58769
33000000 3.58752
33010000 3.58753
33020000 3.58754
33030000 3.58809
33040000 3.58818
33050000 3.58836
33060000 3.58839
33070000 3.58808
33080000 3.58863
33090000 3.58893
33100000 3.58937
33110000 3.58992
33120000 3.59083
33130000 3.59025
33140000 3.5904
33150000 3.59018
33160000 3.59046
33170000 3.59096
33180000 3.5912
33190000 3.5915
33200000 3.59193
33210000 3.5922
33220000 3.59265
33230000 3.59287
33240000 3.59278
33250000 3.59302
33260000 3.59367
33270000 3.59401
33280000 3.59425
33290000 3.59438
33300000 3.59448
33310000 3.59525
33320000 3.59522
33330000 3.59577
33340000 3.59594
33350000 3.59609
33360000 3.59658
33370000 3.597
33380000 3.59721
33390000 3.59725
33400000 3.59768
33410000 3.59766
33420000 3.59794
33430000 3.59818
33440000 3.59849
33450000 3.59902
33460000 3.60032
33470000 3.60009
33480000 3.6002
33490000 3.60011
33500000 3.60035
33510000 3.60069
33520000 3.6005
33530000 3.60133
33540000 3.60151
33550000 3.60162
33560000 3.60222
33570000 3.60241
33580000 3.60244
33590000 3.60265
33600000 3.60316
33610000 3.60319
33620000 3.60321
33630000 3.60383
33640000 3.60395
33650000 3.60451
33660000 3.60473
33670000 3.60453
33680000 3.60489
33690000 3.60487
33700000 3.60493
33710000 3.60631
33720000 3.60639
33730000 3.60627
33740000 3.60646
33750000 3.60649
33760000 3.60666
33770000 3.60693
33780000 3.60711
33790000 3.6073
33800000 3.60733
33810000 3.60779
33820000 3.60822
33830000 3.60814
33840000 3.60784
33850000 3.60827
33860000 3.60919
33870000 3.60901
33880000 3.60916
33890000 3.60899
33900000 3.60896
33910000 3.60921
33920000 3.61019
33930000 3.60982
33940000 3.60982
33950000 3.60993
33960000 3.61011
33970000 3.61047
33980000 3.61088
33990000 3.61114
34000000 3.61131
34010000 3.61163
34020000 3.61191
34030000 3.61254
34040000 3.61308
34050000 3.61331
34060000 3.61329
34070000 3.61365
34080000 3.61397
34090000 3.61446
34100000 3.61448
34110000 3.61449
34120000 3.61449
34130000 3.61482
34140000 3.61501
34150000 3.6151
34160000 3.615
34170000 3.61553
34180000 3.61574
34190000 3.61583
34200000 3.61626
34210000 3.61681
34220000 3.61673
34230000 3.61709
34240000 3.61716
34250000 3.61776
34260000 3.61773
34270000 3.61799
34280000 3.61838
34290000 3.61893
34300000 3.61921
34310000 3.6196
34320000 3.61961
34330000 3.62013
34340000 3.62009
34350000 3.62019
34360000 3.62072
34370000 3.62072
34380000 3.62088
34390000 3.62104
34400000 3.6214
34410000 3.6218
34420000 3.62213
34430000 3.62242
34440000 3.62275
34450000 3.62313
34460000 3.62316
34470000 3.62334
34480000 3.62367
34490000 3.62374
34500000 3.62386
34510000 3.62385
34520000 3.62417
34530000 3.62432
34540000 3.62456
34550000 3.62485
34560000 3.62522
34570000 3.62503
34580000 3.62525
34590000 3.62542
34600000 3.62576
34610000 3.62636
34620000 3.62635
34630000 3.6265
34640000 3.62685
34650000 3.62804
34660000 3.62748
34670000 3.62743
34680000 3.62766
34690000 3.6277
34700000 3.62789
34710000 3.62799
34720000 3.62831
34730000 3.62898
34740000 3.62953
34750000 3.62946
34760000 3.62932
34770000 3.62976
34780000 3.63021
34790000 3.63004
34800000 3.63121
34810000 3.63131
34820000 3.63082
34830000 3.63058
34840000 3.63119
34850000 3.63102
34860000 3.63105
34870000 3.63145
34880000 3.63191
34890000 3.63233
34900000 3.63247
34910000 3.63245
34920000 3.63271
34930000 3.63283
34940000 3.63291
34950000 3.6331
34960000 3.63301
34970000 3.63365
34980000 3.63382
34990000 3.63416
35000000 3.63433
35010000 3.63464
35020000 3.63513
35030000 3.63521
35040000 3.63521
35050000 3.63581
35060000 3.63596
35070000 3.63633
35080000 3.63661
35090000 3.63707
35100000 3.63773
35110000 3.63827
35120000 3.63849
35130000 3.63811
35140000 3.63864
35150000 3.63857
35160000 3.63889
35170000 3.63932
35180000 3.63949
35190000 3.63976
35200000 3.63995
35210000 3.64054
35220000 3.64086
35230000 3.64097
35240000 3.64169
35250000 3.64229
35260000 3.64182
35270000 3.64205
35280000 3.64231
35290000 3.64242
35300000 3.64339
35310000 3.64326
35320000 3.64323
35330000 3.64368
35340000 3.64377
35350000 3.64356
35360000 3.64363
35370000 3.64388
35380000 3.64412
35390000 3.64431
35400000 3.64486
35410000 3.64575
35420000 3.64592
35430000 3.64612
35440000 3.64641
35450000 3.64696
35460000 3.6472
35470000 3.64733
35480000 3.64742
35490000 3.6478
35500000 3.64792
35510000 3.64782
35520000 3.64837
35530000 3.64873
35540000 3.64932
35550000 3.64949
35560000 3.64998
35570000 3.65001
35580000 3.64994
35590000 3.6496
35600000 3.65017
35610000 3.65093
35620000 3.65086
35630000 3.65065
35640000 3.65095
35650000 3.65086
35660000 3.65138
35670000 3.65146
35680000 3.65196
35690000 3.65177
35700000 3.65209
35710000 3.65233
35720000 3.65224
35730000 3.65252
35740000 3.653
35750000 3.65333
35760000 3.65384
35770000 3.65365
35780000 3.6541
35790000 3.65503
35800000 3.65502
35810000 3.65503
35820000 3.65503
35830000 3.65566
35840000 3.65581
35850000 3.65614
35860000 3.65609
35870000 3.65609
35880000 3.6567
35890000 3.65666
35900000 3.65703
35910000 3.65708
35920000 3.65726
35930000 3.65747
35940000 3.65779
35950000 3.65814
35960000 3.65872
35970000 3.65882
35980000 3.65903
35990000 3.65933
36000000 3.65941
36010000 3.65946
36020000 3.65963
36030000 3.66009
36040000 3.66034
36050000 3.66031
36060000 3.66122
36070000 3.661
36080000 3.66087
36090000 3.66113
36100000 3.66137
36110000 3.66164
36120000 3.6616
36130000 3.66188
36140000 3.66279
36150000 3.66288
36160000 3.66288
36170000 3.66289
36180000 3.66312
36190000 3.66323
36200000 3.66361
36210000 3.66359
36220000 3.66389
36230000 3.66424
36240000 3.66445
36250000 3.66474
36260000 3.66461
36270000 3.66487
36280000 3.66556
36290000 3.66573
36300000 3.66597
36310000 3.66607
36320000 3.6663
36330000 3.66679
36340000 3.66695
36350000 3.66691
36360000 3.66698
36370000 3.6671
36380000 3.66748
36390000 3.66838
36400000 3.66774
36410000 3.6679
36420000 3.66823
36430000 3.6685
36440000 3.66975
36450000 3.66899
36460000 3.66931
36470000 3.66944
36480000 3.66968
36490000 3.67019
36500000 3.67012
36510000 3.67039
36520000 3.67168
36530000 3.67146
36540000 3.67165
36550000 3.67146
36560000 3.67186
36570000 3.67186
36580000 3.67184
36590000 3.67217
36600000 3.67268
36610000 3.67278
36620000 3.67289
36630000 3.67338
36640000 3.67351
36650000 3.67411
36660000 3.6739
36670000 3.67431
36680000 3.67462
36690000 3.67465
36700000 3.67494
36710000 3.67513
36720000 3.67534
36730000 3.67565
36740000 3.67556
36750000 3.67635
36760000 3.6771
36770000 3.67711
36780000 3.67725
36790000 3.67765
36800000 3.67765
36810000 3.67807
36820000 3.67823
36830000 3.67827
36840000 3.6784
36850000 3.6786
36860000 3.67868
36870000 3.67886
36880000 3.67907
36890000 3.67927
36900000 3.67966
36910000 3.67975
36920000 3.68004
36930000 3.68028
36940000 3.68011
36950000 3.68017
36960000 3.68066
36970000 3.68111
36980000 3.68134
36990000 3.68165
37000000 3.68198
37010000 3.68232
37020000 3.68254
37030000 3.68244
37040000 3.68303
37050000 3.68322
37060000 3.68395
37070000 3.68388
37080000 3.68405
37090000 3.68441
37100000 3.68457
37110000 3.68444
37120000 3.68467
37130000 3.68493
37140000 3.68527
37150000 3.6856
37160000 3.68603
37170000 3.68696
37180000 3.68667
37190000 3.68723
37200000 3.68718
37210000 3.68754
37220000 3.68808
37230000 3.68821
37240000 3.6883
37250000 3.68879
37260000 3.68881
37270000 3.68889
37280000 3.68905
37290000 3.68902
37300000 3.68928
37310000 3.68953
37320000 3.68948
37330000 3.68953
37340000 3.68986
37350000 3.69017
37360000 3.6901
37370000 3.69031
37380000 3.69092
37390000 3.69145
37400000 3.69175
37410000 3.69195
37420000 3.69215
37430000 3.69241
37440000 3.69303
37450000 3.69329
37460000 3.69369
37470000 3.69373
37480000 3.69428
37490000 3.69421
37500000 3.69462
37510000 3.69506
37520000 3.6951
37530000 3.69528
37540000 3.6957
37550000 3.69609
37560000 3.69599
37570000 3.69625
37580000 3.69663
37590000 3.69689
37600000 3.69719
37610000 3.69761
37620000 3.6985
37630000 3.69851
37640000 3.69858
37650000 3.69865
37660000 3.69874
37670000 3.69887
37680000 3.69881
37690000 3.69893
37700000 3.69924
37710000 3.69924
37720000 3.69955
37730000 3.70001
37740000 3.70029
37750000 3.70029
37760000 3.70044
37770000 3.70042
37780000 3.70122
37790000 3.70122
37800000 3.70141
37810000 3.70162
37820000 3.70207
37830000 3.70246
37840000 3.70273
37850000 3.70281
37860000 3.70313
37870000 3.70346
37880000 3.70376
37890000 3.70393
37900000 3.70405
37910000 3.70406
37920000 3.70408
37930000 3.70417
37940000 3.70467
37950000 3.7049
37960000 3.70447
37970000 3.7044
37980000 3.70553
37990000 3.70544
38000000 3.70558
38010000 3.70551
38020000 3.70546
38030000 3.70562
38040000 3.70619
38050000 3.70605
38060000 3.70647
38070000 3.70663
38080000 3.70675
38090000 3.70723
38100000 3.70708
38110000 3.70752
38120000 3.7074
38130000 3.70763
38140000 3.70796
38150000 3.7084
38160000 3.70833
38170000 3.70864
38180000 3.70874
38190000 3.70894
38200000 3.7092
38210000 3.70945
38220000 3.70948
38230000 3.70974
38240000 3.71052
38250000 3.71082
38260000 3.711
38270000 3.7111
38280000 3.71131
38290000 3.71198
38300000 3.71209
38310000 3.71199
38320000 3.71237
38330000 3.71256
38340000 3.71282
38350000 3.71311
38360000 3.7136
38370000 3.71368
38380000 3.71395
38390000 3.71426
38400000 3.71434
38410000 3.71435
38420000 3.71446
38430000 3.71448
38440000 3.71459
38450000 3.71486
38460000 3.71494
38470000 3.71515
38480000 3.71543
38490000 3.71586
38500000 3.7156
38510000 3.71562
38520000 3.71616
38530000 3.71677
38540000 3.71716
38550000 3.71762
38560000 3.71769
38570000 3.71759
38580000 3.71793
38590000 3.71843
38600000 3.71871
38610000 3.71893
38620000 3.71901
38630000 3.71918
38640000 3.71967
38650000 3.71994
38660000 3.72041
38670000 3.72058
38680000 3.72057
38690000 3.7207
38700000 3.7212
38710000 3.72129
38720000 3.72146
38730000 3.72152
38740000 3.72181
38750000 3.72228
38760000 3.72305
38770000 3.72309
38780000 3.72357
38790000 3.72396
38800000 3.72408
38810000 3.72453
38820000 3.72483
38830000 3.72485
38840000 3.72506
38850000 3.72546
38860000 3.72595
38870000 3.72609
38880000 3.72629
38890000 3.72631
38900000 3.72685
38910000 3.72693
38920000 3.72688
38930000 3.7271
38940000 3.72733
38950000 3.72712
38960000 3.72749
38970000 3.7275
38980000 3.72767
38990000 3.72887
39000000 3.72896
39010000 3.7292
39020000 3.72902
39030000 3.72909
39040000 3.72933
39050000 3.72963
39060000 3.72995
39070000 3.73024
39080000 3.7303
39090000 3.73087
39100000 3.73098
39110000 3.73157
39120000 3.73167
39130000 3.7313
39140000 3.73138
39150000 3.73225
39160000 3.7322
39170000 3.73234
39180000 3.73303
39190000 3.73264
39200000 3.73299
39210000 3.7333
39220000 3.73346
39230000 3.73372
39240000 3.73401
39250000 3.73513
39260000 3.73497
39270000 3.73497
39280000 3.73507
39290000 3.7351
39300000 3.73504
39310000 3.73551
39320000 3.73583
39330000 3.73593
39340000 3.73671
39350000 3.7372
39360000 3.7369
39370000 3.73707
39380000 3.73758
39390000 3.73769
39400000 3.73819
39410000 3.73906
39420000 3.73911
39430000 3.7402
39440000 3.73995
39450000 3.7402
39460000 3.74034
39470000 3.74047
39480000 3.74019
39490000 3.74075
39500000 3.74062
39510000 3.74098
39520000 3.74155
39530000 3.74197
39540000 3.74195
39550000 3.74184
39560000 3.74205
39570000 3.74255
39580000 3.74274
39590000 3.7428
39600000 3.7431
39610000 3.74319
39620000 3.74322
39630000 3.74328
39640000 3.74396
39650000 3.74426
39660000 3.74411
39670000 3.74439
39680000 3.74446
39690000 3.74457
39700000 3.74491
39710000 3.74498
39720000 3.74499
39730000 3.74539
39740000 3.74571
39750000 3.74596
39760000 3.74632
39770000 3.74645
39780000 3.74685
39790000 3.74719
39800000 3.74709
39810000 3.74722
39820000 3.74768
39830000 3.748
39840000 3.74785
39850000 3.74801
39860000 3.7483
39870000 3.74813
39880000 3.74858
39890000 3.74922
39900000 3.74929
39910000 3.74968
39920000 3.75003
39930000 3.74989
39940000 3.74996
39950000 3.75013
39960000 3.75076
39970000 3.75085
39980000 3.75087
39990000 3.75082
40000000 3.75103
40010000 3.7519
40020000 3.75227
40030000 3.75252
40040000 3.75294
40050000 3.75269
40060000 3.75342
40070000 3.7539
40080000 3.75406
40090000 3.75448
40100000 3.7549
40110000 3.75522
40120000 3.75487
40130000 3.75552
40140000 3.75561
40150000 3.75574
40160000 3.75584
40170000 3.75648
40180000 3.75657
40190000 3.75689
40200000 3.75733
40210000 3.75772
40220000 3.75802
40230000 3.7582
40240000 3.7583
40250000 3.75847
40260000 3.75848
40270000 3.75913
40280000 3.75937
40290000 3.7595
40300000 3.75968
40310000 3.76002
40320000 3.76049
40330000 3.76129
40340000 3.7613
40350000 3.76195
40360000 3.76239
40370000 3.7626
40380000 3.76278
40390000 3.76311
40400000 3.76283
40410000 3.76335
40420000 3.76352
40430000 3.7639
40440000 3.764
40450000 3.76431
40460000 3.76441
40470000 3.76442
40480000 3.76445
40490000 3.76468
40500000 3.76499
40510000 3.76522
40520000 3.76525
40530000 3.76562
40540000 3.76591
40550000 3.76629
40560000 3.76659
40570000 3.76695
40580000 3.76741
40590000 3.76791
40600000 3.76797
40610000 3.76785
40620000 3.7682
40630000 3.76825
40640000 3.76863
40650000 3.76868
40660000 3.7693
40670000 3.76906
40680000 3.76947
40690000 3.77032
40700000 3.77059
40710000 3.77111
40720000 3.77097
40730000 3.77113
40740000 3.77123
40750000 3.77125
40760000 3.77134
40770000 3.77159
40780000 3.77183
40790000 3.7722
40800000 3.77234
40810000 3.7731
40820000 3.77332
40830000 3.77336
40840000 3.77347
40850000 3.77389
40860000 3.7744
40870000 3.77497
40880000 3.77502
40890000 3.77503
40900000 3.77522
40910000 3.77506
40920000 3.77527
40930000 3.77549
40940000 3.77561
40950000 3.77613
40960000 3.77609
40970000 3.77603
40980000 3.77621
40990000 3.77653
41000000 3.77673
41010000 3.77701
41020000 3.77695
41030000 3.77688
41040000 3.7772
41050000 3.77742
41060000 3.77745
41070000 3.77801
41080000 3.77833
41090000 3.77877
41100000 3.77904
41110000 3.77911
41120000 3.77937
41130000 3.77975
41140000 3.78017
41150000 3.78023
41160000 3.78051
41170000 3.7808
41180000 3.78083
41190000 3.78124
41200000 3.78154
41210000 3.78205
41220000 3.78246
41230000 3.78257
41240000 3.78295
41250000 3.78315
41260000 3.7828
41270000 3.78323
41280000 3.78349
41290000 3.78383
41300000 3.78422
41310000 3.78439
41320000 3.78453
41330000 3.7852
41340000 3.78562
41350000 3.78547
41360000 3.78566
41370000 3.78577
41380000 3.78588
41390000 3.78616
41400000 3.78651
41410000 3.78674
41420000 3.78702
41430000 3.78723
41440000 3.78761
41450000 3.78793
41460000 3.788
41470000 3.78848
41480000 3.78902
41490000 3.78919
41500000 3.78946
41510000 3.78978
41520000 3.7901
41530000 3.79022
41540000 3.79058
41550000 3.79046
41560000 3.79129
41570000 3.79117
41580000 3.79131
41590000 3.79128
41600000 3.79109
41610000 3.79143
41620000 3.79176
41630000 3.79188
41640000 3.79242
41650000 3.79273
41660000 3.79305
41670000 3.79334
41680000 3.79344
41690000 3.79403
41700000 3.7947
41710000 3.79473
41720000 3.79489
41730000 3.79492
41740000 3.79526
41750000 3.79547
41760000 3.79567
41770000 3.79571
41780000 3.796
41790000 3.7962
41800000 3.79627
41810000 3.79667
41820000 3.79743
41830000 3.7977
41840000 3.79809
41850000 3.79781
41860000 3.79791
41870000 3.79846
41880000 3.79852
41890000 3.79864
41900000 3.79869
41910000 3.79861
41920000 3.79884
41930000 3.79893
41940000 3.79896
41950000 3.79909
41960000 3.79978
41970000 3.79952
41980000 3.79983
41990000 3.80023
42000000 3.80001
42010000 3.80071
42020000 3.80094
42030000 3.80099
42040000 3.80148
42050000 3.80185
42060000 3.8023
42070000 3.80229
42080000 3.80258
42090000 3.80313
42100000 3.80298
42110000 3.80305
42120000 3.80333
42130000 3.80386
42140000 3.80406
42150000 3.80423
42160000 3.80484
42170000 3.80496
42180000 3.80513
42190000 3.8054
42200000 3.80567
42210000 3.80617
42220000 3.80638
42230000 3.80665
42240000 3.80696
42250000 3.80722
42260000 3.80765
42270000 3.80739
42280000 3.80764
42290000 3.80763
42300000 3.80769
42310000 3.80792
42320000 3.80859
42330000 3.80867
42340000 3.80907
42350000 3.80913
42360000 3.80924
42370000 3.80962
42380000 3.80962
42390000 3.80989
42400000 3.8103
42410000 3.81037
42420000 3.81051
42430000 3.81067
42440000 3.81068
42450000 3.81056
42460000 3.81065
42470000 3.81112
42480000 3.81115
42490000 3.81143
42500000 3.81179
42510000 3.81203
42520000 3.81183
42530000 3.8121
42540000 3.81278
42550000 3.81297
42560000 3.81324
42570000 3.8133
42580000 3.81321
42590000 3.81338
42600000 3.81367
42610000 3.81406
42620000 3.81413
42630000 3.81431
42640000 3.81438
42650000 3.81491
42660000 3.81508
42670000 3.8158
42680000 3.8158
42690000 3.81607
42700000 3.8162
42710000 3.81611
42720000 3.8167
42730000 3.81687
42740000 3.81685
42750000 3.81701
42760000 3.81732
42770000 3.81778
42780000 3.81789
42790000 3.81777
42800000 3.81829
42810000 3.81841
42820000 3.81812
42830000 3.81819
42840000 3.81871
42850000 3.81839
42860000 3.81841
42870000 3.81859
42880000 3.81896
42890000 3.81903
42900000 3.81904
42910000 3.81948
42920000 3.81938
42930000 3.82004
42940000 3.82027
42950000 3.82014
42960000 3.82026
42970000 3.82045
42980000 3.82073
42990000 3.82147
43000000 3.82196
43010000 3.82171
43020000 3.82145
43030000 3.82165
43040000 3.82193
43050000 3.82243
43060000 3.82244
43070000 3.82277
43080000 3.82299
43090000 3.82357
43100000 3.82354
43110000 3.82377
43120000 3.82392
43130000 3.82422
43140000 3.82487
43150000 3.82505
43160000 3.82507
43170000 3.82536
43180000 3.82538
43190000 3.82558
43200000 3.8257
43210000 3.82639
43220000 3.82596
43230000 3.82586
43240000 3.82626
43250000 3.82636
43260000 3.82666
43270000 3.82676
43280000 3.8271
43290000 3.82754
43300000 3.82761
43310000 3.82792
43320000 3.82901
43330000 3.82895
43340000 3.82847
43350000 3.82863
43360000 3.82876
43370000 3.82915
43380000 3.82917
43390000 3.82936
43400000 3.83006
43410000 3.83049
43420000 3.83079
43430000 3.83094
43440000 3.83075
43450000 3.83045
43460000 3.83076
43470000 3.83099
43480000 3.8311
43490000 3.83136
43500000 3.83181
43510000 3.83203
43520000 3.83235
43530000 3.83243
43540000 3.83246
43550000 3.83265
43560000 3.8327
43570000 3.83311
43580000 3.83348
43590000 3.83405
43600000 3.8344
43610000 3.83556
43620000 3.83495
43630000 3.83516
43640000 3.83507
43650000 3.83536
43660000 3.83604
43670000 3.83592
43680000 3.83636
43690000 3.83684
43700000 3.83653
43710000 3.83676
43720000 3.837
43730000 3.83748
43740000 3.83784
43750000 3.83779
43760000 3.83826
43770000 3.83989
43780000 3.83925
43790000 3.83908
43800000 3.83924
43810000 3.83996
43820000 3.83994
43830000 3.83988
43840000 3.84035
43850000 3.8407
43860000 3.84081
43870000 3.8408
43880000 3.84108
43890000 3.84144
43900000 3.84149
43910000 3.8415
43920000 3.84178
43930000 3.84206
43940000 3.84219
43950000 3.8428
43960000 3.84255
43970000 3.84263
43980000 3.84294
43990000 3.84296
44000000 3.84319
44010000 3.8434
44020000 3.84354
44030000 3.84398
44040000 3.84378
44050000 3.8441
44060000 3.84433
44070000 3.84419
44080000 3.84443
44090000 3.8447
44100000 3.84494
44110000 3.84528
44120000 3.84572
44130000 3.84618
44140000 3.84631
44150000 3.84676
44160000 3.84706
44170000 3.84706
44180000 3.84748
44190000 3.84776
44200000 3.84813
44210000 3.84826
44220000 3.84809
44230000 3.8488
44240000 3.84902
44250000 3.84915
44260000 3.84899
44270000 3.84919
44280000 3.84882
44290000 3.8497
44300000 3.85009
44310000 3.85051
44320000 3.85043
44330000 3.85041
44340000 3.85078
44350000 3.85078
44360000 3.8511
44370000 3.85112
44380000 3.85164
44390000 3.85136
44400000 3.85183
44410000 3.85157
44420000 3.852
44430000 3.85206
44440000 3.85205
44450000 3.85228
44460000 3.85287
44470000 3.85309
44480000 3.85386
44490000 3.85401
44500000 3.85396
44510000 3.85421
44520000 3.85412
44530000 3.85431
44540000 3.85464
44550000 3.85464
44560000 3.855
44570000 3.85513
44580000 3.85578
44590000 3.85577
44600000 3.85601
44610000 3.85629
44620000 3.85712
44630000 3.857
44640000 3.85705
44650000 3.8571
44660000 3.85765
44670000 3.85759
44680000 3.85793
44690000 3.85808
44700000 3.85863
44710000 3.85914
44720000 3.85992
44730000 3.85995
44740000 3.85991
44750000 3.86033
44760000 3.86068
44770000 3.86084
44780000 3.86112
44790000 3.86134
44800000 3.86121
44810000 3.86164
44820000 3.86199
44830000 3.86253
44840000 3.86295
44850000 3.86277
44860000 3.86334
44870000 3.86326
44880000 3.86331
44890000 3.86347
44900000 3.86405
44910000 3.86418
44920000 3.86426
44930000 3.86386
44940000 3.86427
44950000 3.86473
44960000 3.8649
44970000 3.86503
44980000 3.86498
44990000 3.86502
45000000 3.86543
45010000 3.86584
45020000 3.86595
45030000 3.86672
45040000 3.86692
45050000 3.86689
45060000 3.86695
45070000 3.867
45080000 3.86732
45090000 3.86756
45100000 3.86779
45110000 3.86783
45120000 3.86807
45130000 3.86801
45140000 3.8682
45150000 3.86827
45160000 3.86856
45170000 3.86883
45180000 3.86888
45190000 3.86884
45200000 3.86907
45210000 3.86924
45220000 3.86958
45230000 3.87018
45240000 3.87
45250000 3.87027
45260000 3.87017
45270000 3.87073
45280000 3.87094
45290000 3.87136
45300000 3.87186
45310000 3.87185
45320000 3.87204
45330000 3.87231
45340000 3.87239
45350000 3.87255
45360000 3.87307
45370000 3.87314
45380000 3.87357
45390000 3.87388
45400000 3.87408
45410000 3.87434
45420000 3.87481
45430000 3.87485
45440000 3.87519
45450000 3.87603
45460000 3.87591
45470000 3.87608
45480000 3.87624
45490000 3.87634
45500000 3.87687
45510000 3.87708
45520000 3.87741
45530000 3.8775
45540000 3.87753
45550000 3.87758
45560000 3.87794
45570000 3.87804
45580000 3.87811
45590000 3.87815
45600000 3.87853
45610000 3.87859
45620000 3.87848
45630000 3.87908
45640000 3.87938
45650000 3.87934
45660000 3.87939
45670000 3.87976
45680000 3.87985
45690000 3.88013
45700000 3.88077
45710000 3.8811
45720000 3.88127
45730000 3.88171
45740000 3.88219
45750000 3.88186
45760000 3.88202
45770000 3.88231
45780000 3.88244
45790000 3.88253
45800000 3.88298
45810000 3.88318
45820000 3.88334
45830000 3.88414
45840000 3.8841
45850000 3.88395
45860000 3.88461
45870000 3.8844
45880000 3.88508
45890000 3.88474
45900000 3.88495
45910000 3.88492
45920000 3.88496
45930000 3.88513
45940000 3.88564
45950000 3.88633
45960000 3.88613
45970000 3.88639
45980000 3.88673
45990000 3.88693
46000000 3.88736
46010000 3.88773
46020000 3.88831
46030000 3.88838
46040000 3.88836
46050000 3.88872
46060000 3.88848
46070000 3.88859
46080000 3.88898
46090000 3.88908
46100000 3.88951
46110000 3.88976
46120000 3.89011
46130000 3.88993
46140000 3.89007
46150000 3.89036
46160000 3.89035
46170000 3.89046
46180000 3.89058
46190000 3.89084
46200000 3.89142
46210000 3.89137
46220000 3.89156
46230000 3.892
46240000 3.89223
46250000 3.89227
46260000 3.89262
46270000 3.89278
46280000 3.89306
46290000 3.89368
46300000 3.89365
46310000 3.89375
46320000 3.89389
46330000 3.89417
46340000 3.89415
46350000 3.89474
46360000 3.895
46370000 3.89537
46380000 3.89596
46390000 3.89632
46400000 3.89622
46410000 3.89648
46420000 3.89654
46430000 3.89669
46440000 3.89654
46450000 3.89711
46460000 3.89713
46470000 3.89719
46480000 3.89707
46490000 3.89696
46500000 3.89759
46510000 3.89735
46520000 3.8978
46530000 3.89807
46540000 3.89837
46550000 3.89901
46560000 3.89975
46570000 3.89952
46580000 3.89946
46590000 3.89963
46600000 3.90001
46610000 3.90011
46620000 3.90031
46630000 3.90051
46640000 3.90083
46650000 3.90113
46660000 3.90102
46670000 3.90131
46680000 3.90115
46690000 3.90181
46700000 3.90178
46710000 3.902
46720000 3.90263
46730000 3.90247
46740000 3.9031
46750000 3.90327
46760000 3.90306
46770000 3.90358
46780000 3.90415
46790000 3.9042
46800000 3.90446
46810000 3.90459
46820000 3.90484
46830000 3.9046
46840000 3.90612
46850000 3.90637
46860000 3.90644
46870000 3.90589
46880000 3.90608
46890000 3.90661
46900000 3.90704
46910000 3.90722
46920000 3.90729
46930000 3.90757
46940000 3.90768
46950000 3.90762
46960000 3.90814
46970000 3.90826
46980000 3.90826
46990000 3.90831
47000000 3.90848
47010000 3.90919
47020000 3.90971
47030000 3.91016
47040000 3.91066
47050000 3.91057
47060000 3.91067
47070000 3.91075
47080000 3.91107
47090000 3.91159
47100000 3.91148
47110000 3.9122
47120000 3.91259
47130000 3.91244
47140000 3.91278
47150000 3.9127
47160000 3.91257
47170000 3.91283
47180000 3.91314
47190000 3.9137
47200000 3.91374
47210000 3.91407
47220000 3.91474
47230000 3.91485
47240000 3.915
47250000 3.91498
47260000 3.91527
47270000 3.91522
47280000 3.91567
47290000 3.91619
47300000 3.91628
47310000 3.91666
47320000 3.91709
47330000 3.91706
47340000 3.91731
47350000 3.91777
47360000 3.91796
47370000 3.9182
47380000 3.91855
47390000 3.91813
47400000 3.91832
47410000 3.91846
47420000 3.91908
47430000 3.91931
47440000 3.91937
47450000 3.91915
47460000 3.91978
47470000 3.91964
47480000 3.91954
47490000 3.91984
47500000 3.92
47510000 3.92032
47520000 3.92095
47530000 3.92138
47540000 3.92127
47550000 3.92152
47560000 3.92196
47570000 3.92207
47580000 3.92239
47590000 3.92259
47600000 3.92272
47610000 3.92293
47620000 3.92311
47630000 3.92308
47640000 3.92319
47650000 3.92329
47660000 3.9233
47670000 3.92352
47680000 3.92371
47690000 3.92403
47700000 3.92443
47710000 3.92447
47720000 3.92455
47730000 3.92506
47740000 3.92509
47750000 3.92549
47760000 3.92563
47770000 3.92594
47780000 3.92651
47790000 3.92686
47800000 3.9269
47810000 3.92708
47820000 3.9275
47830000 3.92733
47840000 3.9277
47850000 3.92795
47860000 3.92794
47870000 3.92846
47880000 3.92868
47890000 3.92868
47900000 3.92871
47910000 3.92896
47920000 3.92917
47930000 3.92955
47940000 3.93013
47950000 3.93073
47960000 3.93067
47970000 3.9311
47980000 3.93141
47990000 3.93129
48000000 3.93219
48010000 3.93253
48020000 3.93256
48030000 3.93247
48040000 3.93272
48050000 3.93259
48060000 3.93275
48070000 3.93294
48080000 3.93324
48090000 3.93325
48100000 3.93328
48110000 3.9336
48120000 3.93382
48130000 3.93375
48140000 3.93401
48150000 3.93402
48160000 3.93453
48170000 3.93463
48180000 3.93505
48190000 3.9352
48200000 3.93559
48210000 3.93579
48220000 3.93597
48230000 3.93638
48240000 3.93639
48250000 3.93696
48260000 3.93679
48270000 3.93708
48280000 3.93739
48290000 3.93767
48300000 3.93785
48310000 3.93817
48320000 3.93826
48330000 3.93841
48340000 3.93887
48350000 3.93895
48360000 3.93901
48370000 3.93938
48380000 3.93974
48390000 3.94015
48400000 3.9398
48410000 3.94
48420000 3.93975
48430000 3.93984
48440000 3.94043
48450000 3.94061
48460000 3.94115
48470000 3.94115
48480000 3.94143
48490000 3.94197
48500000 3.94176
48510000 3.94228
48520000 3.94264
48530000 3.94273
48540000 3.943
48550000 3.94275
48560000 3.94291
48570000 3.94306
48580000 3.94327
48590000 3.94355
48600000 3.9437
48610000 3.94417
48620000 3.94413
48630000 3.94447
48640000 3.94466
48650000 3.94501
48660000 3.94496
48670000 3.94738
48680000 3.94711
48690000 3.94668
48700000 3.94629
48710000 3.94649
48720000 3.94668
48730000 3.94696
48740000 3.94728
48750000 3.9476
48760000 3.94818
48770000 3.94832
48780000 3.94809
48790000 3.9482
48800000 3.94834
48810000 3.94841
48820000 3.94858
48830000 3.94864
48840000 3.94912
48850000 3.94915
48860000 3.94911
48870000 3.94964
48880000 3.95011
48890000 3.95049
48900000 3.95068
48910000 3.95063
48920000 3.9509
48930000 3.95159
48940000 3.95161
48950000 3.95171
48960000 3.95179
48970000 3.9519
48980000 3.95237
48990000 3.95238
49000000 3.95274
49010000 3.95309
49020000 3.95332
49030000 3.95367
49040000 3.95403
49050000 3.95411
49060000 3.9539
49070000 3.95442
49080000 3.95486
49090000 3.95572
49100000 3.95573
49110000 3.95617
49120000 3.9561
49130000 3.95639
49140000 3.95699
49150000 3.95695
49160000 3.95666
49170000 3.95704
49180000 3.95698
49190000 3.95769
49200000 3.95826
49210000 3.95819
49220000 3.95847
49230000 3.95878
49240000 3.9587
49250000 3.95868
49260000 3.95879
49270000 3.9594
49280000 3.9594
49290000 3.95961
49300000 3.95961
49310000 3.95971
49320000 3.95988
49330000 3.96017
49340000 3.96017
49350000 3.96052
49360000 3.96098
49370000 3.96109
49380000 3.9615
49390000 3.96168
49400000 3.96164
49410000 3.96201
49420000 3.9624
49430000 3.9629
49440000 3.96298
49450000 3.96348
49460000 3.96362
49470000 3.96391
49480000 3.96389
49490000 3.96408
49500000 3.96435
49510000 3.96462
49520000 3.96487
49530000 3.96472
49540000 3.96521
49550000 3.96524
49560000 3.96566
49570000 3.96538
49580000 3.96558
49590000 3.96623
49600000 3.96639
49610000 3.96657
49620000 3.96658
49630000 3.96683
49640000 3.96715
49650000 3.9676
49660000 3.96765
49670000 3.96775
49680000 3.96844
49690000 3.96845
49700000 3.96856
49710000 3.9688
49720000 3.96917
49730000 3.96961
49740000 3.96959
49750000 3.96954
49760000 3.96965
49770000 3.97007
49780000 3.97049
49790000 3.97066
49800000 3.97072
49810000 3.97133
49820000 3.9721
49830000 3.97194
49840000 3.97205
49850000 3.97213
49860000 3.97182
49870000 3.97214
49880000 3.97214
49890000 3.97225
49900000 3.97253
49910000 3.97274
49920000 3.97288
49930000 3.97316
49940000 3.97345
49950000 3.9738
49960000 3.97414
49970000 3.97488
49980000 3.9746
49990000 3.97486
50000000 3.97515
