10000 193.258
20000 123.379
30000 88.2131
40000 65.3342
50000 49.9048
60000 37.5699
70000 31.0226
80000 25.5338
90000 21.7339
100000 19.4503
110000 18.0248
120000 15.6732
130000 14.6589
140000 13.6971
150000 13.3782
160000 12.5512
170000 12.1723
180000 11.8526
190000 11.4524
200000 11.2161
210000 10.9358
220000 10.7021
230000 10.4947
240000 10.3512
250000 10.1987
260000 9.97491
270000 9.91749
280000 9.8692
290000 9.73116
300000 9.62084
310000 9.38666
320000 9.23869
330000 9.14315
340000 9.18284
350000 9.11373
360000 8.9068
370000 8.90263
380000 8.78528
390000 8.73125
400000 8.69679
410000 8.58722
420000 8.65356
430000 8.43668
440000 8.44949
450000 8.37129
460000 8.41019
470000 8.20837
480000 8.07799
490000 8.26603
500000 8.20751
510000 8.05998
520000 8.13629
530000 8.17476
540000 7.97145
550000 8.07874
560000 7.76366
570000 7.78359
580000 7.81121
590000 7.80199
600000 7.83938
610000 7.81806
620000 7.68391
630000 7.66747
640000 7.62031
650000 7.53772
660000 7.50858
670000 7.55945
680000 7.5568
690000 7.51604
700000 7.51317
710000 7.61088
720000 7.49972
730000 7.32548
740000 7.38509
750000 7.36661
760000 7.25574
770000 7.44337
780000 7.51466
790000 7.26255
800000 7.25781
810000 7.18965
820000 7.33591
830000 7.13191
840000 7.21405
850000 7.14793
860000 7.11837
870000 7.0493
880000 7.11675
890000 7.15839
900000 7.13918
910000 7.04941
920000 7.01925
930000 7.00453
940000 7.11253
950000 7.02322
960000 7.00038
970000 7.08889
980000 7.01734
990000 7.00183
1000000 6.9559
1010000 6.9001
1020000 6.93295
1030000 6.81148
1040000 6.88663
1050000 6.83408
1060000 6.8921
1070000 6.76595
1080000 6.85071
1090000 6.89955
1100000 6.78637
1110000 6.98738
1120000 6.79806
1130000 6.76548
1140000 6.7468
1150000 6.8172
1160000 6.81988
1170000 6.73883
1180000 6.78881
1190000 6.73397
1200000 6.78503
1210000 6.81535
1220000 6.79873
1230000 6.81657
1240000 7.07329
1250000 6.82151
1260000 6.67339
1270000 6.67675
1280000 6.57283
1290000 6.67184
1300000 6.71058
1310000 6.70052
1320000 6.60943
1330000 6.60286
1340000 6.69228
1350000 6.5191
1360000 6.61092
1370000 6.80186
1380000 6.72377
1390000 6.68149
1400000 6.51937
1410000 6.59018
1420000 6.49092
1430000 6.58526
1440000 6.54599
1450000 6.58582
1460000 6.45406
1470000 6.45565
1480000 6.49387
1490000 6.40321
1500000 6.45609
1510000 6.48384
1520000 6.50188
1530000 6.51847
1540000 6.59644
1550000 6.52264
1560000 6.44334
1570000 6.54621
1580000 6.44883
1590000 6.37488
1600000 6.56005
1610000 6.60452
1620000 6.53851
1630000 6.56583
1640000 6.6008
1650000 6.42257
1660000 6.30078
1670000 6.24065
1680000 6.36553
1690000 6.39165
1700000 6.32087
1710000 6.38005
1720000 6.4803
1730000 6.34665
1740000 6.32446
1750000 6.31341
1760000 6.29382
1770000 6.3105
1780000 6.39134
1790000 6.37494
1800000 6.30811
1810000 6.31981
1820000 6.38003
1830000 6.36594
1840000 6.51665
1850000 6.30745
1860000 6.44473
1870000 6.68226
1880000 6.42789
1890000 6.45084
1900000 6.40887
1910000 6.30682
1920000 6.36558
1930000 6.30383
1940000 6.31693
1950000 6.25494
1960000 6.21496
1970000 6.21505
1980000 6.27777
1990000 6.29761
2000000 6.31713
2010000 6.20437
2020000 6.1423
2030000 6.28772
2040000 6.22986
2050000 6.15425
2060000 6.1697
2070000 6.17501
2080000 6.1103
2090000 6.10104
2100000 6.15345
2110000 6.11224
2120000 6.18865
2130000 6.12918
2140000 6.14856
2150000 6.11303
2160000 6.18243
2170000 6.1836
2180000 6.35314
2190000 6.37188
2200000 6.28352
2210000 6.20845
2220000 6.15828
2230000 6.20851
2240000 6.17636
2250000 6.22625
2260000 6.21962
2270000 6.02648
2280000 6.21743
2290000 6.1931
2300000 6.1344
2310000 6.17205
2320000 6.05498
2330000 6.31141
2340000 6.43429
2350000 6.22982
2360000 6.3108
2370000 6.20499
2380000 6.18241
2390000 6.19484
2400000 6.14935
2410000 6.11666
2420000 6.2757
2430000 6.13396
2440000 6.12868
2450000 6.0397
2460000 6.0913
2470000 6.03431
2480000 6.03586
2490000 6.06509
2500000 6.16533
2510000 6.1493
2520000 6.0198
2530000 6.15174
2540000 6.07991
2550000 6.16145
2560000 5.99697
2570000 6.13631
2580000 6.19459
2590000 6.09691
2600000 6.05893
2610000 5.98287
2620000 6.10778
2630000 6.10214
2640000 6.14936
2650000 6.03405
2660000 6.17538
2670000 6.1538
2680000 6.14475
2690000 6.21105
2700000 6.14273
2710000 6.05365
2720000 6.07085
2730000 6.05769
2740000 6.02903
2750000 6.08469
2760000 6.05514
2770000 5.99167
2780000 6.02245
2790000 6.24315
2800000 6.05025
2810000 5.97573
2820000 5.90371
2830000 6.0009
2840000 5.99554
2850000 6.00343
2860000 6.16572
2870000 6.14262
2880000 6.04914
2890000 6.03738
2900000 5.98425
2910000 6.01085
2920000 5.99567
2930000 5.95765
2940000 5.96215
2950000 6.01513
2960000 6.25926
2970000 6.17703
2980000 6.16972
2990000 6.01184
3000000 6.06673
3010000 5.99372
3020000 5.99998
3030000 5.98458
3040000 6.06569
3050000 6.05568
3060000 6.00706
3070000 5.88995
3080000 5.94987
3090000 5.96534
3100000 5.92114
3110000 5.9673
3120000 6.0459
3130000 5.90947
3140000 5.96233
3150000 5.94971
3160000 6.0325
3170000 5.96055
3180000 6.01426
3190000 5.94036
3200000 5.97304
3210000 5.98501
3220000 6.02452
3230000 6.12916
3240000 6.01128
3250000 5.89946
3260000 5.9106
3270000 6.00983
3280000 5.96626
3290000 5.96685
3300000 6.03644
3310000 5.86125
3320000 5.92443
3330000 5.99871
3340000 5.98432
3350000 5.97475
3360000 6.1754
3370000 5.96043
3380000 6.01182
3390000 5.8395
3400000 5.95371
3410000 5.99219
3420000 6.00984
3430000 6.0433
3440000 5.94575
3450000 6.11309
3460000 6.03355
3470000 5.93774
3480000 5.97811
3490000 5.88899
3500000 5.90449
3510000 5.86471
3520000 5.90614
3530000 5.91556
3540000 5.97603
3550000 5.945
3560000 5.89797
3570000 5.93548
3580000 5.98555
3590000 5.84149
3600000 5.90779
3610000 6.03301
3620000 6.018
3630000 5.98765
3640000 5.88203
3650000 5.91822
3660000 5.82516
3670000 5.81752
3680000 6.12166
3690000 5.98272
3700000 5.89683
3710000 5.91301
3720000 5.94311
3730000 5.92579
3740000 5.93402
3750000 5.93676
3760000 5.84421
3770000 5.78614
3780000 5.90308
3790000 5.84568
3800000 5.89742
3810000 6.02974
3820000 5.91244
3830000 5.81796
3840000 5.94244
3850000 5.81315
3860000 5.84706
3870000 5.7245
3880000 5.84078
3890000 5.84343
3900000 5.80069
3910000 5.82289
3920000 5.75727
3930000 5.97157
3940000 5.82416
3950000 5.84544
3960000 5.87904
3970000 5.8629
3980000 5.85022
3990000 5.90898
4000000 5.84151
4010000 5.87466
4020000 5.81613
4030000 5.89541
4040000 5.90793
4050000 5.89301
4060000 5.76652
4070000 5.8829
4080000 5.77342
4090000 5.81995
4100000 5.82056
4110000 5.76587
4120000 5.76943
4130000 5.82258
4140000 5.91111
4150000 5.75201
4160000 5.82213
4170000 5.76778
4180000 5.77867
4190000 5.85442
4200000 5.90779
4210000 5.84859
4220000 5.84915
4230000 5.961
4240000 5.74008
4250000 5.87118
4260000 5.76778
4270000 5.78447
4280000 5.76925
4290000 5.78674
4300000 5.73413
4310000 5.7408
4320000 5.87106
4330000 5.70464
4340000 5.68615
4350000 5.83195
4360000 6.22863
4370000 6.00018
4380000 5.8608
4390000 5.91393
4400000 5.84874
4410000 5.80595
4420000 5.82777
4430000 5.82496
4440000 5.68752
4450000 5.70201
4460000 5.75457
4470000 5.80971
4480000 5.78664
4490000 5.77835
4500000 5.77661
4510000 5.66518
4520000 5.80037
4530000 5.85463
4540000 5.86504
4550000 5.88877
4560000 5.68234
4570000 5.74668
4580000 5.7212
4590000 5.79524
4600000 6.18104
4610000 5.96438
4620000 5.94619
4630000 5.78247
4640000 5.81665
4650000 5.72008
4660000 5.84614
4670000 5.77767
4680000 5.86423
4690000 5.84111
4700000 5.71316
4710000 5.78076
4720000 5.73518
4730000 5.72039
4740000 5.79165
4750000 5.70973
4760000 5.82063
4770000 5.77378
4780000 5.86347
4790000 5.80635
4800000 5.84773
4810000 5.73814
4820000 5.77688
4830000 5.69543
4840000 5.79604
4850000 5.68652
4860000 5.83785
4870000 5.88561
4880000 5.74808
4890000 5.81277
4900000 5.69433
4910000 5.69113
4920000 5.72074
4930000 5.64826
4940000 5.67253
4950000 5.7487
4960000 5.70068
4970000 5.70363
4980000 5.78857
4990000 5.76255
5000000 5.75709
5010000 5.62308
5020000 5.92428
5030000 6.03215
5040000 5.76514
5050000 5.83118
5060000 5.87128
5070000 5.73847
5080000 5.79541
5090000 5.78086
5100000 5.70415
5110000 5.7076
5120000 5.65081
5130000 5.7093
5140000 5.82745
5150000 5.8773
5160000 5.84299
5170000 5.64383
5180000 5.79466
5190000 5.7447
5200000 5.68332
5210000 5.75693
5220000 5.77348
5230000 5.66721
5240000 5.70172
5250000 5.80086
5260000 5.79637
5270000 5.83137
5280000 5.71935
5290000 5.737
5300000 5.82775
5310000 5.63082
5320000 5.84869
5330000 5.75518
5340000 5.82834
5350000 5.62932
5360000 5.72377
5370000 5.65594
5380000 5.73103
5390000 5.71095
5400000 5.75328
5410000 5.62625
5420000 5.69982
5430000 5.64007
5440000 5.64804
5450000 5.87225
5460000 5.70688
5470000 5.61795
5480000 5.68664
5490000 5.76372
5500000 5.74344
5510000 5.62408
5520000 5.75517
5530000 5.67935
5540000 5.79533
5550000 5.65429
5560000 5.80525
5570000 5.67595
5580000 5.69823
5590000 5.64266
5600000 5.66079
5610000 5.76427
5620000 5.77344
5630000 5.8633
5640000 5.65989
5650000 5.65169
5660000 5.56699
5670000 5.68412
5680000 5.69651
5690000 5.67785
5700000 5.65933
5710000 5.57684
5720000 5.75614
5730000 5.61596
5740000 5.53545
5750000 5.55024
5760000 5.60986
5770000 5.57592
5780000 5.56488
5790000 5.66237
5800000 5.63911
5810000 5.62616
5820000 5.67173
5830000 5.72786
5840000 5.69738
5850000 5.62557
5860000 5.55664
5870000 5.518
5880000 5.63491
5890000 5.68181
5900000 5.64684
5910000 5.67466
5920000 5.64878
5930000 5.68972
5940000 5.55862
5950000 5.61471
5960000 5.59298
5970000 5.54595
5980000 5.76472
5990000 5.70216
6000000 5.62742
6010000 5.60329
6020000 5.57446
6030000 5.62383
6040000 5.63531
6050000 5.65042
6060000 5.52882
6070000 5.56566
6080000 5.55643
6090000 5.52599
6100000 5.56261
6110000 5.55758
6120000 5.58105
6130000 5.49918
6140000 5.55257
6150000 5.7505
6160000 5.66009
6170000 5.51233
6180000 5.76069
6190000 5.60068
6200000 5.70848
6210000 5.55407
6220000 5.60131
6230000 5.65516
6240000 5.63723
6250000 5.53342
6260000 5.7126
6270000 5.6483
6280000 5.59057
6290000 5.69092
6300000 5.63547
6310000 5.58362
6320000 5.72532
6330000 5.65851
6340000 5.67737
6350000 5.52314
6360000 5.55095
6370000 5.64534
6380000 5.69418
6390000 5.62827
6400000 5.53983
6410000 5.60877
6420000 5.69608
6430000 5.52554
6440000 5.55805
6450000 5.507
6460000 5.62214
6470000 5.82518
6480000 5.75694
6490000 5.69246
6500000 5.70228
6510000 5.68627
6520000 5.69689
6530000 5.66517
6540000 5.6832
6550000 5.66992
6560000 5.54542
6570000 5.64023
6580000 5.58844
6590000 5.61462
6600000 5.53647
6610000 5.60752
6620000 5.65983
6630000 5.77211
6640000 5.57782
6650000 5.55883
6660000 5.69496
6670000 5.71423
6680000 5.61323
6690000 5.79889
6700000 5.74609
6710000 5.66079
6720000 5.58428
6730000 5.55794
6740000 5.63254
6750000 5.61013
6760000 5.52455
6770000 5.69236
6780000 5.55059
6790000 5.67185
6800000 5.57745
6810000 5.52666
6820000 5.49924
6830000 5.80897
6840000 5.75955
6850000 5.58027
6860000 5.61046
6870000 5.58841
6880000 5.60122
6890000 5.59128
6900000 5.56046
6910000 5.66583
6920000 5.70496
6930000 5.59501
6940000 5.55318
6950000 5.53491
6960000 5.63599
6970000 5.52178
6980000 5.53063
6990000 5.68581
7000000 5.50502
7010000 5.64908
7020000 5.62345
7030000 5.6444
7040000 5.72439
7050000 5.53076
7060000 5.56883
7070000 5.53427
7080000 5.47582
7090000 5.43469
7100000 5.47465
7110000 5.56582
7120000 5.45327
7130000 5.66748
7140000 5.75567
7150000 5.62701
7160000 5.60786
7170000 5.57649
7180000 5.61173
7190000 5.63597
7200000 5.55538
7210000 5.52516
7220000 5.44081
7230000 5.55017
7240000 5.51959
7250000 5.6677
7260000 5.4963
7270000 5.5816
7280000 5.51173
7290000 5.549
7300000 5.53564
7310000 5.47627
7320000 5.36163
7330000 5.42464
7340000 5.56637
7350000 5.53777
7360000 5.67347
7370000 5.49703
7380000 5.44133
7390000 5.58662
7400000 5.72894
7410000 5.53968
7420000 5.69932
7430000 5.74724
7440000 5.71139
7450000 5.62635
7460000 5.63278
7470000 5.52261
7480000 5.52905
7490000 5.60042
7500000 5.59388
7510000 5.60894
7520000 5.69569
7530000 5.7741
7540000 5.86749
7550000 5.61503
7560000 5.52763
7570000 5.4479
7580000 5.63317
7590000 5.60143
7600000 5.44457
7610000 5.48946
7620000 5.4817
7630000 5.46769
7640000 5.46674
7650000 5.57882
7660000 5.54699
7670000 5.62346
7680000 5.59575
7690000 5.61459
7700000 5.44728
7710000 5.47318
7720000 5.54495
7730000 5.46784
7740000 5.4282
7750000 5.47993
7760000 5.44799
7770000 5.45822
7780000 5.44494
7790000 5.65121
7800000 5.65939
7810000 5.56923
7820000 5.53064
7830000 5.46156
7840000 5.84617
7850000 5.57427
7860000 5.59067
7870000 5.61373
7880000 5.55127
7890000 5.56603
7900000 5.59999
7910000 5.59195
7920000 5.49456
7930000 5.51903
7940000 5.48359
7950000 5.54482
7960000 5.54574
7970000 5.52308
7980000 5.45387
7990000 5.50601
8000000 5.46401
8010000 5.42709
8020000 5.61523
8030000 5.51976
8040000 5.45183
8050000 5.51909
8060000 5.37715
8070000 5.43306
8080000 5.54869
8090000 5.44638
8100000 5.44411
8110000 5.5067
8120000 5.59345
8130000 5.39539
8140000 5.52397
8150000 5.50222
8160000 5.48774
8170000 5.5473
8180000 5.84114
8190000 5.64518
8200000 5.58928
8210000 5.54909
8220000 5.44986
8230000 5.51758
8240000 5.66774
8250000 5.58878
8260000 5.48211
8270000 5.55732
8280000 5.47013
8290000 5.52872
8300000 5.58292
8310000 5.44222
8320000 5.42541
8330000 5.443
8340000 5.46065
8350000 5.42061
8360000 5.56321
8370000 5.4639
8380000 5.64565
8390000 5.67056
8400000 5.45282
8410000 5.54569
8420000 5.58516
8430000 5.64815
8440000 5.51937
8450000 5.59757
8460000 5.75219
8470000 5.54212
8480000 5.61211
8490000 5.50665
8500000 5.44833
8510000 5.4791
8520000 5.60046
8530000 5.69906
8540000 5.71971
8550000 5.58472
8560000 5.62398
8570000 5.45622
8580000 5.42506
8590000 5.43086
8600000 5.45263
8610000 5.57169
8620000 5.66095
8630000 5.61858
8640000 5.62754
8650000 5.57316
8660000 5.51717
8670000 5.38359
8680000 5.472
8690000 5.48183
8700000 5.40887
8710000 5.49737
8720000 5.5862
8730000 5.60721
8740000 5.75693
8750000 5.52004
8760000 5.65815
8770000 5.63728
8780000 5.41172
8790000 5.47093
8800000 5.61903
8810000 5.51752
8820000 5.53345
8830000 5.51516
8840000 5.46571
8850000 5.65774
8860000 5.58249
8870000 5.47421
8880000 5.55634
8890000 5.43672
8900000 5.44628
8910000 5.5839
8920000 5.78222
8930000 5.50896
8940000 5.5142
8950000 5.46529
8960000 5.46116
8970000 5.46744
8980000 5.47321
8990000 5.40754
9000000 5.49199
9010000 5.43072
9020000 5.55603
9030000 5.49885
9040000 5.44094
9050000 5.34185
9060000 5.68791
9070000 5.47251
9080000 5.44661
9090000 5.42896
9100000 5.50342
9110000 5.43067
9120000 5.36211
9130000 5.64212
9140000 5.47281
9150000 5.52153
9160000 5.68508
9170000 5.90177
9180000 5.52967
9190000 5.62675
9200000 5.56003
9210000 5.49738
9220000 5.50049
9230000 5.46941
9240000 5.44234
9250000 5.46012
9260000 5.36096
9270000 5.37091
9280000 5.40905
9290000 5.41106
9300000 5.45711
9310000 5.65981
9320000 5.50707
9330000 5.54646
9340000 5.60484
9350000 5.58974
9360000 5.61851
9370000 5.49717
9380000 5.59258
9390000 5.61308
9400000 5.65357
9410000 5.59269
9420000 5.53004
9430000 5.49202
9440000 5.50988
9450000 5.47646
9460000 5.53395
9470000 5.48741
9480000 5.5871
9490000 5.53321
9500000 5.4263
9510000 5.51263
9520000 5.50987
9530000 5.3684
9540000 5.41086
9550000 5.38632
9560000 5.5173
9570000 5.30748
9580000 5.45442
9590000 5.42198
9600000 5.56352
9610000 5.48001
9620000 5.50372
9630000 5.55981
9640000 5.50953
9650000 5.38183
9660000 5.46462
9670000 5.41352
9680000 5.41526
9690000 5.74844
9700000 5.63906
9710000 5.571
9720000 5.53393
9730000 5.58445
9740000 5.51247
9750000 5.46824
9760000 5.45518
9770000 5.52921
9780000 5.3518
9790000 5.53905
9800000 5.5036
9810000 5.40449
9820000 5.37859
9830000 5.57396
9840000 5.59537
9850000 5.56497
9860000 5.54568
9870000 5.50998
9880000 5.56478
9890000 5.48292
9900000 5.51425
9910000 5.5276
9920000 5.44021
9930000 5.65436
9940000 5.72122
9950000 5.69714
9960000 5.50401
9970000 5.60821
9980000 5.65496
9990000 5.70485
10000000 5.63644
10010000 5.45691
10020000 5.40656
10030000 5.43004
10040000 5.35061
10050000 5.42364
10060000 5.52112
10070000 5.58648
10080000 5.4411
10090000 5.44873
10100000 5.44103
10110000 5.52741
10120000 5.52497
10130000 5.41352
10140000 5.44074
10150000 5.57122
10160000 5.3945
10170000 5.39143
10180000 5.42149
10190000 5.44619
10200000 5.4943
10210000 5.5385
10220000 5.41178
10230000 5.48746
10240000 5.56783
10250000 5.51735
10260000 5.46319
10270000 5.45305
10280000 5.57436
10290000 5.52961
10300000 5.44087
10310000 5.36594
10320000 5.47144
10330000 5.32823
10340000 5.40532
10350000 5.41805
10360000 5.40545
10370000 5.52926
10380000 5.51635
10390000 5.51586
10400000 5.72335
10410000 5.45865
10420000 5.511
10430000 5.53388
10440000 5.51922
10450000 5.46867
10460000 5.58615
10470000 5.52118
10480000 5.50016
10490000 5.59672
10500000 5.43891
10510000 5.35278
10520000 5.39833
10530000 5.43983
10540000 5.32867
10550000 5.38926
10560000 5.38491
10570000 5.35468
10580000 5.45948
10590000 5.55654
10600000 5.46316
10610000 5.47673
10620000 5.31696
10630000 5.60344
10640000 5.41816
10650000 5.52596
10660000 5.5303
10670000 5.52336
10680000 5.47332
10690000 5.59691
10700000 5.43631
10710000 5.47361
10720000 5.4185
10730000 5.41029
10740000 5.40216
10750000 5.42574
10760000 5.46893
10770000 5.42967
10780000 5.38724
10790000 5.50026
10800000 5.42706
10810000 5.49553
10820000 5.34067
10830000 5.44772
10840000 5.3859
10850000 5.32162
10860000 5.39091
10870000 5.44375
10880000 5.42384
10890000 5.46713
10900000 5.32786
10910000 5.552
10920000 5.4207
10930000 5.48916
10940000 5.4253
10950000 5.45226
10960000 5.46409
10970000 5.52939
10980000 5.4664
10990000 5.52912
11000000 5.44236
11010000 5.44057
11020000 5.47189
11030000 5.42233
11040000 5.44778
11050000 5.50387
11060000 5.40974
11070000 5.41171
11080000 5.40354
11090000 5.4965
11100000 5.38493
11110000 5.56939
11120000 5.5329
11130000 5.53076
11140000 5.56323
11150000 5.42602
11160000 5.40151
11170000 5.35266
11180000 5.41842
11190000 5.4214
11200000 5.43155
11210000 5.36222
11220000 5.40934
11230000 5.39518
11240000 5.42198
11250000 5.41336
11260000 5.33964
11270000 5.27381
11280000 5.36635
11290000 5.58085
11300000 5.43009
11310000 5.3017
11320000 5.38062
11330000 5.55423
11340000 5.44364
11350000 5.46156
11360000 5.35755
11370000 5.42404
11380000 5.41426
11390000 5.37214
11400000 5.35021
11410000 5.32973
11420000 5.46026
11430000 5.38393
11440000 5.25244
11450000 5.33282
11460000 5.42459
11470000 5.27083
11480000 5.27127
11490000 5.43484
11500000 5.39072
11510000 5.34876
11520000 5.29865
11530000 5.29525
11540000 5.33459
11550000 5.41722
11560000 5.37509
11570000 5.47005
11580000 5.33086
11590000 5.40055
11600000 5.39365
11610000 5.43669
11620000 5.63002
11630000 5.60013
11640000 5.32886
11650000 5.38312
11660000 5.43627
11670000 5.46076
11680000 5.57704
11690000 5.63287
11700000 5.43483
11710000 5.39875
11720000 5.39537
11730000 5.3469
11740000 5.32291
11750000 5.34198
11760000 5.37008
11770000 5.45052
11780000 5.29155
11790000 5.31192
11800000 5.34356
11810000 5.33776
11820000 5.38586
11830000 5.29803
11840000 5.38787
11850000 5.34962
11860000 5.42895
11870000 5.36053
11880000 5.53708
11890000 5.4853
11900000 5.54455
11910000 5.42955
11920000 5.3016
11930000 5.3166
11940000 5.39076
11950000 5.41091
11960000 5.41718
11970000 5.44089
11980000 5.54218
11990000 5.35992
12000000 5.35539
12010000 5.32674
12020000 5.27526
12030000 5.32704
12040000 5.46168
12050000 5.48737
12060000 5.3495
12070000 5.35395
12080000 5.43634
12090000 5.4184
12100000 5.47175
12110000 5.40171
12120000 5.30099
12130000 5.35375
12140000 5.45227
12150000 5.50524
12160000 5.3964
12170000 5.33517
12180000 5.38253
12190000 5.45372
12200000 5.43499
12210000 5.5539
12220000 5.46883
12230000 5.41795
12240000 5.42637
12250000 5.56793
12260000 5.31687
12270000 5.41878
12280000 5.38391
12290000 5.42224
12300000 5.46378
12310000 5.35292
12320000 5.31078
12330000 5.39665
12340000 5.44121
12350000 5.39064
12360000 5.45008
12370000 5.42982
12380000 5.60223
12390000 5.51215
12400000 5.49156
12410000 5.45998
12420000 5.29897
12430000 5.36623
12440000 5.3436
12450000 5.34546
12460000 5.32454
12470000 5.33169
12480000 5.36385
12490000 5.31611
12500000 5.44861
12510000 5.26349
12520000 5.33062
12530000 5.35675
12540000 5.38364
12550000 5.38828
12560000 5.32718
12570000 5.36018
12580000 5.2702
12590000 5.35521
12600000 5.30606
12610000 5.31926
12620000 5.44406
12630000 5.31529
12640000 5.42426
12650000 5.56842
12660000 5.47729
12670000 5.36354
12680000 5.39663
12690000 5.38159
12700000 5.49218
12710000 5.45858
12720000 5.41396
12730000 5.39523
12740000 5.38509
12750000 5.40322
12760000 5.44441
12770000 5.31944
12780000 5.42
12790000 5.45719
12800000 5.41565
12810000 5.4525
12820000 5.36452
12830000 5.23234
12840000 5.34651
12850000 5.3707
12860000 5.39815
12870000 5.5259
12880000 5.42433
12890000 5.36032
12900000 5.32028
12910000 5.34371
12920000 5.34557
12930000 5.31681
12940000 5.30936
12950000 5.36756
12960000 5.30261
12970000 5.49783
12980000 5.46101
12990000 5.33788
13000000 5.39044
13010000 5.34579
13020000 5.33101
13030000 5.31459
13040000 5.44434
13050000 5.30261
13060000 5.4036
13070000 5.37608
13080000 5.47854
13090000 5.52027
13100000 5.30552
13110000 5.35177
13120000 5.33757
13130000 5.50025
13140000 5.40444
13150000 5.55875
13160000 5.44302
13170000 5.37414
13180000 5.34616
13190000 5.36527
13200000 5.33157
13210000 5.39987
13220000 5.41795
13230000 5.64367
13240000 5.36716
13250000 5.28652
13260000 5.32175
13270000 5.2694
13280000 5.21061
13290000 5.2868
13300000 5.37917
13310000 5.42814
13320000 5.55997
13330000 5.49087
13340000 5.34908
13350000 5.39683
13360000 5.39876
13370000 5.49121
13380000 5.48423
13390000 5.43976
13400000 5.41516
13410000 5.33132
13420000 5.26446
13430000 5.36801
13440000 5.36191
13450000 5.3146
13460000 5.29591
13470000 5.2507
13480000 5.37764
13490000 5.2649
13500000 5.4597
13510000 5.36328
13520000 5.34675
13530000 5.23264
13540000 5.35922
13550000 5.31835
13560000 5.43925
13570000 5.32942
13580000 5.3117
13590000 5.30784
13600000 5.33445
13610000 5.25091
13620000 5.30672
13630000 5.29112
13640000 5.35168
13650000 5.48217
13660000 5.41531
13670000 5.41277
13680000 5.29886
13690000 5.29172
13700000 5.28138
13710000 5.37828
13720000 5.42666
13730000 5.39094
13740000 5.40728
13750000 5.31926
13760000 5.45189
13770000 5.3938
13780000 5.35956
13790000 5.29332
13800000 5.34565
13810000 5.44324
13820000 5.38236
13830000 5.35392
13840000 5.30341
13850000 5.36368
13860000 5.40504
13870000 5.45846
13880000 5.37652
13890000 5.3792
13900000 5.37353
13910000 5.34324
13920000 5.24333
13930000 5.30878
13940000 5.34735
13950000 5.43532
13960000 5.24874
13970000 5.34001
13980000 5.28926
13990000 5.2255
14000000 5.32579
14010000 5.34766
14020000 5.36137
14030000 5.33417
14040000 5.45914
14050000 5.28865
14060000 5.40272
14070000 5.29198
14080000 5.38179
14090000 5.28503
14100000 8.15636
14110000 5.81459
14120000 5.48144
14130000 5.38912
14140000 5.47939
14150000 5.58298
14160000 5.39599
14170000 5.46471
14180000 5.3982
14190000 5.37149
14200000 5.2388
14210000 5.28019
14220000 5.27756
14230000 5.31483
14240000 5.33839
14250000 5.36541
14260000 5.44121
14270000 5.25704
14280000 5.29773
14290000 5.36313
14300000 5.30899
14310000 5.2723
14320000 5.37137
14330000 5.3739
14340000 5.28291
14350000 5.32136
14360000 5.40891
14370000 5.27461
14380000 5.52731
14390000 5.35768
14400000 5.30823
14410000 5.42104
14420000 5.42013
14430000 5.44612
14440000 5.4176
14450000 5.3918
14460000 5.41614
14470000 5.4044
14480000 5.33835
14490000 5.64911
14500000 5.51596
14510000 5.34383
14520000 5.42572
14530000 5.25112
14540000 5.3878
14550000 5.36658
14560000 5.28255
14570000 5.52535
14580000 5.49486
14590000 5.42804
14600000 5.32939
14610000 5.48304
14620000 5.26603
14630000 5.30381
14640000 5.30597
14650000 5.36816
14660000 5.30418
14670000 5.35218
14680000 5.34439
14690000 5.3634
14700000 5.40391
14710000 5.43939
14720000 5.37119
14730000 5.31931
14740000 5.38194
14750000 5.47797
14760000 5.26419
14770000 5.22318
14780000 5.4011
14790000 5.2627
14800000 5.30663
14810000 5.36268
14820000 5.33046
14830000 5.3387
14840000 5.27881
14850000 5.31713
14860000 5.3145
14870000 5.28531
14880000 5.31684
14890000 5.27835
14900000 5.20414
14910000 5.32122
14920000 5.29991
14930000 5.32274
14940000 5.31744
14950000 5.4031
14960000 5.38595
14970000 5.4662
14980000 5.28988
14990000 5.3115
15000000 5.28235
15010000 5.25437
15020000 5.3482
15030000 5.34545
15040000 5.46321
15050000 5.3128
15060000 5.28638
15070000 5.30353
15080000 5.18934
15090000 5.25191
15100000 5.24682
15110000 5.35496
15120000 5.31898
15130000 5.30462
15140000 5.22251
15150000 5.25033
15160000 5.33248
15170000 5.3075
15180000 5.39685
15190000 5.57999
15200000 5.51723
15210000 5.35591
15220000 5.44595
15230000 5.36676
15240000 5.33231
15250000 5.28293
15260000 5.40341
15270000 5.3313
15280000 5.37417
15290000 5.28478
15300000 5.29804
15310000 5.40933
15320000 5.35551
15330000 5.28595
15340000 5.4618
15350000 5.31661
15360000 5.44956
15370000 5.39184
15380000 5.37186
15390000 5.38841
15400000 5.3455
15410000 5.43991
15420000 5.34807
15430000 5.39853
15440000 5.29502
15450000 5.33153
15460000 5.34487
15470000 5.36745
15480000 5.24733
15490000 5.53149
15500000 5.47946
15510000 5.31976
15520000 5.40188
15530000 5.2433
15540000 5.53949
15550000 5.49084
15560000 5.3753
15570000 5.35572
15580000 5.21689
15590000 5.22494
15600000 5.41505
15610000 5.39852
15620000 5.42711
15630000 5.33269
15640000 5.27814
15650000 5.59706
15660000 5.81415
15670000 5.58037
15680000 5.61883
15690000 5.51005
15700000 5.43828
15710000 5.44636
15720000 5.33041
15730000 5.43506
15740000 5.30965
15750000 5.42585
15760000 5.40982
15770000 5.33778
15780000 5.16289
15790000 5.36079
15800000 5.33695
15810000 5.24421
15820000 5.32911
15830000 5.3065
15840000 5.43878
15850000 5.23966
15860000 5.23127
15870000 5.17984
15880000 5.34534
15890000 5.30047
15900000 5.34204
15910000 5.38498
15920000 5.33473
15930000 5.48577
15940000 5.31138
15950000 5.28192
15960000 5.25701
15970000 5.29989
15980000 5.232
15990000 5.20411
16000000 5.19442
16010000 5.27105
16020000 5.35312
16030000 5.19522
16040000 5.28201
16050000 5.18573
16060000 5.25119
16070000 5.30438
16080000 5.45062
16090000 5.23048
16100000 5.2859
16110000 5.25502
16120000 5.3488
16130000 5.31364
16140000 5.19705
16150000 5.42689
16160000 5.26864
16170000 5.23044
16180000 5.30994
16190000 5.31729
16200000 5.78718
16210000 5.52292
16220000 5.47361
16230000 5.25434
16240000 5.44455
16250000 5.50242
16260000 5.41347
16270000 5.38311
16280000 5.40064
16290000 5.26064
16300000 5.2846
16310000 5.29535
16320000 5.57004
16330000 5.4196
16340000 5.61871
16350000 5.26608
16360000 5.22496
16370000 5.2831
16380000 5.3157
16390000 5.33159
16400000 5.29985
16410000 5.19294
16420000 5.28904
16430000 5.30003
16440000 5.23434
16450000 5.35941
16460000 5.26429
16470000 5.14146
16480000 5.52729
16490000 5.57127
16500000 5.32485
16510000 5.37583
16520000 5.35396
16530000 5.28151
16540000 5.32365
16550000 5.34733
16560000 5.33008
16570000 5.43449
16580000 5.26504
16590000 5.26589
16600000 5.30591
16610000 5.25729
16620000 5.19271
16630000 5.28596
16640000 5.35033
16650000 5.53793
16660000 5.47837
16670000 5.36832
16680000 5.32661
16690000 5.26796
16700000 5.29209
16710000 5.32152
16720000 5.40103
16730000 5.20185
16740000 5.35559
16750000 5.30628
16760000 5.23159
16770000 5.20025
16780000 5.24416
16790000 5.47234
16800000 5.25235
16810000 5.30022
16820000 5.23981
16830000 5.33804
16840000 5.2324
16850000 5.30872
16860000 5.27102
16870000 5.20156
16880000 5.19765
16890000 5.20728
16900000 5.15024
16910000 5.39403
16920000 5.24896
16930000 5.26339
16940000 5.22694
16950000 5.34569
16960000 5.27995
16970000 5.30776
16980000 5.26126
16990000 5.2218
17000000 5.30634
17010000 5.44853
17020000 5.31584
17030000 5.31665
17040000 5.30573
17050000 5.35131
17060000 5.26572
17070000 5.33168
17080000 5.29338
17090000 5.22557
17100000 5.31292
17110000 5.32925
17120000 5.26453
17130000 5.32962
17140000 5.42902
17150000 5.22745
17160000 5.24763
17170000 5.31836
17180000 5.21677
17190000 5.31445
17200000 5.5056
17210000 5.21739
17220000 5.41217
17230000 5.25978
17240000 5.33031
17250000 5.26396
17260000 5.33109
17270000 5.36827
17280000 5.29422
17290000 5.38223
17300000 5.3581
17310000 5.23993
17320000 5.3237
17330000 5.26213
17340000 5.18705
17350000 5.25998
17360000 5.26901
17370000 5.20767
17380000 5.34046
17390000 5.35805
17400000 5.26264
17410000 5.28322
17420000 5.28119
17430000 5.29894
17440000 5.4827
17450000 5.20353
17460000 5.23461
17470000 5.34923
17480000 5.28449
17490000 5.19366
17500000 5.34804
17510000 5.30178
17520000 5.27978
17530000 5.21524
17540000 5.33006
17550000 5.22926
17560000 5.29245
17570000 5.29598
17580000 5.2433
17590000 5.39201
17600000 5.23245
17610000 5.25034
17620000 5.21199
17630000 5.12062
17640000 5.22745
17650000 5.13346
17660000 5.60704
17670000 5.61957
17680000 5.34834
17690000 5.30799
17700000 5.24259
17710000 5.13717
17720000 5.27189
17730000 5.17581
17740000 5.20223
17750000 5.36538
17760000 5.18736
17770000 5.13756
17780000 5.29907
17790000 5.29389
17800000 5.17539
17810000 5.26327
17820000 5.16945
17830000 5.37055
17840000 5.22927
17850000 5.25475
17860000 5.19718
17870000 5.27891
17880000 5.47491
17890000 5.39533
17900000 5.22205
17910000 5.24308
17920000 5.2519
17930000 5.25004
17940000 5.26361
17950000 5.26453
17960000 5.23289
17970000 5.30347
17980000 5.16113
17990000 5.17229
18000000 5.26713
18010000 5.31457
18020000 5.1564
18030000 5.22167
18040000 5.27485
18050000 5.26499
18060000 5.23625
18070000 5.21301
18080000 5.22444
18090000 5.26074
18100000 5.16293
18110000 5.23259
18120000 5.283
18130000 5.34832
18140000 5.28138
18150000 5.1367
18160000 5.34296
18170000 5.31777
18180000 5.17601
18190000 5.20926
18200000 5.20991
18210000 5.26603
18220000 5.30515
18230000 5.29243
18240000 5.21916
18250000 5.27459
18260000 5.36233
18270000 5.32566
18280000 5.23299
18290000 5.28759
18300000 5.31434
18310000 5.32205
18320000 5.28397
18330000 5.61351
18340000 5.38549
18350000 5.29526
18360000 5.39069
18370000 5.36582
18380000 5.47845
18390000 5.21502
18400000 5.22448
18410000 5.17454
18420000 5.1505
18430000 5.29143
18440000 5.18338
18450000 5.25334
18460000 5.21256
18470000 5.2893
18480000 5.24683
18490000 5.40711
18500000 5.25028
18510000 5.27776
18520000 5.21535
18530000 5.2001
18540000 5.20017
18550000 5.14449
18560000 5.2138
18570000 5.21679
18580000 5.32746
18590000 5.22453
18600000 5.25708
18610000 5.28366
18620000 5.19713
18630000 5.18704
18640000 5.31252
18650000 5.32912
18660000 5.28731
18670000 5.13183
18680000 5.20763
18690000 5.18358
18700000 5.21535
18710000 5.16299
18720000 5.25176
18730000 5.36494
18740000 5.28422
18750000 5.28482
18760000 5.26418
18770000 5.30799
18780000 5.22235
18790000 5.24462
18800000 5.25549
18810000 5.26498
18820000 5.24779
18830000 5.46023
18840000 5.35124
18850000 5.29248
18860000 5.31008
18870000 5.38721
18880000 5.34887
18890000 5.37878
18900000 5.28337
18910000 5.24889
18920000 5.33662
18930000 5.18719
18940000 5.19371
18950000 5.32715
18960000 5.27491
18970000 5.3703
18980000 5.31327
18990000 5.24425
19000000 5.23924
19010000 5.13223
19020000 5.2545
19030000 5.35454
19040000 5.33798
19050000 5.32024
19060000 5.29688
19070000 5.36151
19080000 5.28046
19090000 5.3335
19100000 5.34389
19110000 5.38869
19120000 5.30776
19130000 5.28486
19140000 5.38869
19150000 5.49587
19160000 5.22899
19170000 5.33029
19180000 5.42449
19190000 5.3907
19200000 5.24711
19210000 5.2406
19220000 5.15247
19230000 5.22873
19240000 5.1963
19250000 5.18997
19260000 5.13644
19270000 5.22099
19280000 5.32123
19290000 5.20886
19300000 5.34916
19310000 5.31088
19320000 5.24692
19330000 5.20616
19340000 5.18544
19350000 5.45195
19360000 5.19741
19370000 5.39546
19380000 5.23471
19390000 5.25366
19400000 5.18126
19410000 5.20369
19420000 5.15998
19430000 5.20589
19440000 5.21729
19450000 5.195
19460000 5.27457
19470000 5.16028
19480000 5.10698
19490000 5.32258
19500000 5.08503
19510000 5.21196
19520000 5.15234
19530000 5.16406
19540000 5.63095
19550000 5.43696
19560000 5.35042
19570000 5.31257
19580000 5.2571
19590000 5.22414
19600000 5.25509
19610000 5.22757
19620000 5.35008
19630000 5.28788
19640000 5.31274
19650000 5.24872
19660000 5.26264
19670000 5.30667
19680000 5.17313
19690000 5.31332
19700000 5.32462
19710000 5.1908
19720000 5.31673
19730000 5.21952
19740000 5.26989
19750000 5.17855
19760000 5.34864
19770000 5.53118
19780000 5.30413
19790000 5.27561
19800000 5.24541
19810000 5.21087
19820000 5.18101
19830000 5.35966
19840000 5.31872
19850000 5.2183
19860000 5.21114
19870000 5.26801
19880000 5.16366
19890000 5.30538
19900000 5.30393
19910000 5.33281
19920000 5.3928
19930000 5.22433
19940000 5.23918
19950000 5.17101
19960000 5.20199
19970000 5.36277
19980000 5.21492
19990000 5.3808
20000000 5.38758
20010000 5.34454
20020000 5.29609
20030000 5.1911
20040000 5.20052
20050000 5.13745
20060000 5.23344
20070000 5.17729
20080000 5.1924
20090000 5.26793
20100000 5.19363
20110000 5.18637
20120000 5.20948
20130000 5.21736
20140000 5.19645
20150000 5.20605
20160000 5.1206
20170000 5.1822
20180000 5.15113
20190000 5.20471
20200000 5.22198
20210000 5.21481
20220000 5.15853
20230000 5.09713
20240000 5.25681
20250000 5.15898
20260000 5.16826
20270000 5.20424
20280000 5.17261
20290000 5.16853
20300000 5.27382
20310000 5.43628
20320000 5.41632
20330000 5.31495
20340000 5.36557
20350000 5.30954
20360000 5.1846
20370000 5.33171
20380000 5.21314
20390000 5.49073
20400000 5.70162
20410000 5.50375
20420000 5.55513
20430000 5.36817
20440000 5.53879
20450000 5.42379
20460000 5.56046
20470000 5.41237
20480000 5.28315
20490000 5.22732
20500000 5.267
20510000 5.21426
20520000 5.18914
20530000 5.24491
20540000 5.52939
20550000 5.35574
20560000 5.21427
20570000 5.1235
20580000 5.11133
20590000 5.2563
20600000 5.17567
20610000 5.27208
20620000 5.15178
20630000 5.23054
20640000 5.16137
20650000 5.26225
20660000 5.30277
20670000 5.18088
20680000 5.17656
20690000 5.30013
20700000 5.2887
20710000 5.15679
20720000 5.22661
20730000 5.18966
20740000 5.27415
20750000 5.23517
20760000 5.19273
20770000 5.16322
20780000 5.34682
20790000 5.19559
20800000 5.35026
20810000 5.3928
20820000 5.36105
20830000 5.4428
20840000 5.27741
20850000 5.48793
20860000 5.25259
20870000 5.1435
20880000 5.20567
20890000 5.24199
20900000 5.15732
20910000 5.24798
20920000 5.27528
20930000 5.42999
20940000 5.36126
20950000 5.2548
20960000 5.19541
20970000 5.17686
20980000 5.39403
20990000 5.31469
21000000 5.36025
21010000 5.42048
21020000 5.3041
21030000 5.4145
21040000 5.39745
21050000 5.26166
21060000 5.21016
21070000 5.22892
21080000 5.46334
21090000 5.34289
21100000 5.20434
21110000 5.42775
21120000 5.34307
21130000 5.1928
21140000 5.2397
21150000 5.17096
21160000 5.88139
21170000 5.70531
21180000 5.35818
21190000 5.4022
21200000 5.55134
21210000 5.44641
21220000 5.51857
21230000 5.34307
21240000 5.29422
21250000 5.15874
21260000 5.242
21270000 5.21146
21280000 5.25544
21290000 5.25675
21300000 5.33158
21310000 5.32726
21320000 5.15245
21330000 5.58955
21340000 5.63448
21350000 5.49617
21360000 5.23717
21370000 5.20892
21380000 5.26366
21390000 5.18676
21400000 5.19214
21410000 5.17794
21420000 5.46914
21430000 5.24828
21440000 5.19236
21450000 5.1344
21460000 5.17577
21470000 5.20189
21480000 5.39349
21490000 5.20549
21500000 5.16956
21510000 5.19565
21520000 5.15647
21530000 5.13887
21540000 5.12799
21550000 5.30368
21560000 5.15879
21570000 5.19816
21580000 5.25982
21590000 5.24049
21600000 5.17057
21610000 5.1361
21620000 5.18112
21630000 5.358
21640000 5.31852
21650000 5.15669
21660000 5.43612
21670000 5.2295
21680000 5.2948
21690000 5.28794
21700000 5.29621
21710000 5.19733
21720000 5.22054
21730000 5.36205
21740000 5.19988
21750000 5.27656
21760000 5.6258
21770000 5.39582
21780000 5.44446
21790000 5.34599
21800000 5.34324
21810000 5.35522
21820000 5.27987
21830000 5.34943
21840000 5.18463
21850000 5.18073
21860000 5.1306
21870000 5.19105
21880000 5.21234
21890000 5.14575
21900000 5.2576
21910000 5.14533
21920000 5.12405
21930000 5.11263
21940000 5.1475
21950000 5.1991
21960000 5.23537
21970000 5.15047
21980000 5.1496
21990000 5.09367
22000000 5.38196
22010000 5.22813
22020000 5.22046
22030000 5.25846
22040000 5.18113
22050000 5.25705
22060000 5.51743
22070000 5.21994
22080000 5.24365
22090000 5.30941
22100000 5.2556
22110000 5.28095
22120000 5.21746
22130000 5.24421
22140000 5.11948
22150000 5.24968
22160000 5.12683
22170000 5.46313
22180000 5.28712
22190000 5.18067
22200000 5.16143
22210000 5.29009
22220000 5.16048
22230000 5.32354
22240000 5.24443
22250000 5.21455
22260000 5.31994
22270000 5.2407
22280000 5.18627
22290000 5.20597
22300000 5.19615
22310000 5.24385
22320000 5.14476
22330000 5.17986
22340000 5.1029
22350000 5.26137
22360000 5.29763
22370000 5.13292
22380000 5.17568
22390000 5.1846
22400000 5.30084
22410000 5.23142
22420000 5.38804
22430000 5.25454
22440000 5.22315
22450000 5.14095
22460000 5.15428
22470000 5.25013
22480000 5.33355
22490000 5.21463
22500000 5.35248
22510000 5.20462
22520000 5.1718
22530000 5.29279
22540000 5.18458
22550000 5.16053
22560000 5.17874
22570000 5.40158
22580000 5.30428
22590000 5.3006
22600000 5.22948
22610000 5.19292
22620000 5.27064
22630000 5.18573
22640000 5.09388
22650000 5.22757
22660000 5.17079
22670000 5.18798
22680000 5.19925
22690000 5.23829
22700000 5.24826
22710000 5.20309
22720000 5.16222
22730000 5.21909
22740000 5.25498
22750000 5.15456
22760000 5.20221
22770000 5.0839
22780000 5.18278
22790000 5.31957
22800000 5.32348
22810000 5.26617
22820000 5.3318
22830000 5.11453
22840000 5.27119
22850000 5.20152
22860000 5.04365
22870000 5.34878
22880000 5.16106
22890000 5.25223
22900000 5.17023
22910000 5.19285
22920000 5.19441
22930000 5.27018
22940000 5.41729
22950000 5.2997
22960000 5.20699
22970000 5.19519
22980000 5.1995
22990000 5.15987
23000000 5.16718
23010000 5.08127
23020000 5.09085
23030000 5.16634
23040000 5.15974
23050000 5.19239
23060000 5.15575
23070000 5.09502
23080000 5.22581
23090000 5.1658
23100000 5.38036
23110000 5.27754
23120000 5.23684
23130000 5.28464
23140000 5.26881
23150000 5.30754
23160000 5.2483
23170000 5.27529
23180000 5.10776
23190000 5.27263
23200000 5.33358
23210000 5.23172
23220000 5.35768
23230000 5.17803
23240000 5.12761
23250000 5.19679
23260000 5.31819
23270000 5.25851
23280000 5.32575
23290000 5.26558
23300000 5.17492
23310000 5.24334
23320000 5.14849
23330000 5.2378
23340000 5.29701
23350000 5.24842
23360000 5.2338
23370000 5.24427
23380000 5.28014
23390000 5.28591
23400000 5.30266
23410000 5.17816
23420000 5.26575
23430000 5.168
23440000 5.21759
23450000 5.13564
23460000 5.11351
23470000 5.16878
23480000 5.16546
23490000 5.22702
23500000 5.32059
23510000 5.19082
23520000 5.17464
23530000 5.26301
23540000 5.22168
23550000 5.34579
23560000 5.16793
23570000 5.24599
23580000 5.22649
23590000 5.29783
23600000 5.12367
23610000 5.26074
23620000 5.2204
23630000 5.17893
23640000 5.23708
23650000 5.16235
23660000 5.11087
23670000 5.16515
23680000 5.00937
23690000 5.06752
23700000 5.23014
23710000 5.09517
23720000 5.06122
23730000 5.11865
23740000 5.17219
23750000 5.34625
23760000 5.16244
23770000 5.2383
23780000 5.20636
23790000 5.05901
23800000 5.20244
23810000 5.13302
23820000 5.47568
23830000 5.38
23840000 5.31657
23850000 5.25761
23860000 5.50945
23870000 5.24285
23880000 5.23535
23890000 5.20225
23900000 5.28514
23910000 5.25725
23920000 5.24334
23930000 5.30464
23940000 5.16925
23950000 5.25365
23960000 5.31104
23970000 5.22695
23980000 5.23281
23990000 5.21765
24000000 5.17638
24010000 5.2518
24020000 5.37008
24030000 5.23519
24040000 5.29923
24050000 5.20842
24060000 5.11785
24070000 5.18081
24080000 5.09864
24090000 5.48448
24100000 5.19462
24110000 5.12308
24120000 5.1999
24130000 5.07781
24140000 5.1978
24150000 5.14373
24160000 5.17385
24170000 5.30575
24180000 5.65658
24190000 5.22006
24200000 5.46277
24210000 5.32894
24220000 5.19668
24230000 5.15926
24240000 5.06643
24250000 5.20851
24260000 5.24387
24270000 5.5179
24280000 5.26439
24290000 5.16548
24300000 5.19065
24310000 5.16754
24320000 5.30445
24330000 5.1521
24340000 5.19524
24350000 5.30961
24360000 5.28872
24370000 5.23881
24380000 5.06747
24390000 5.07471
24400000 5.11907
24410000 5.22651
24420000 5.06322
24430000 5.08504
24440000 5.18401
24450000 5.125
24460000 5.31606
24470000 5.14769
24480000 5.19913
24490000 5.14826
24500000 5.14866
24510000 5.14978
24520000 5.27823
24530000 5.21875
24540000 5.21083
24550000 5.06337
24560000 5.12312
24570000 5.14598
24580000 5.08255
24590000 5.21843
24600000 5.21632
24610000 5.13603
24620000 5.16153
24630000 5.27767
24640000 5.17992
24650000 5.10999
24660000 5.1375
24670000 5.20156
24680000 5.59116
24690000 5.25323
24700000 5.15059
24710000 5.31972
24720000 5.16137
24730000 5.24487
24740000 5.26313
24750000 5.17578
24760000 5.14772
24770000 5.26726
24780000 5.43869
24790000 5.40751
24800000 5.27853
24810000 5.3084
24820000 5.19325
24830000 5.16215
24840000 5.18645
24850000 5.11606
24860000 5.48393
24870000 5.25161
24880000 5.39957
24890000 5.17106
24900000 5.09923
24910000 5.12831
24920000 5.10322
24930000 5.13647
24940000 5.09181
24950000 5.35869
24960000 5.17217
24970000 5.32642
24980000 5.23596
24990000 5.30703
25000000 5.23664
25010000 5.12895
25020000 5.11421
25030000 5.37517
25040000 5.15788
25050000 5.20559
25060000 5.22321
25070000 5.38557
25080000 5.22724
25090000 5.22976
25100000 5.15447
25110000 5.34913
25120000 5.10459
25130000 5.10575
25140000 5.20116
25150000 5.29358
25160000 5.27625
25170000 5.46404
25180000 5.21178
25190000 5.16114
25200000 5.10551
25210000 5.35392
25220000 5.27507
25230000 5.20807
25240000 5.08593
25250000 5.14877
25260000 5.20177
25270000 5.13019
25280000 5.17256
25290000 5.13709
25300000 5.16399
25310000 5.1236
25320000 5.18804
25330000 5.37681
25340000 5.3146
25350000 5.19199
25360000 5.2196
25370000 5.18116
25380000 5.14236
25390000 5.34705
25400000 5.28934
25410000 5.17459
25420000 5.24401
25430000 5.13165
25440000 5.15574
25450000 5.1374
25460000 5.32297
25470000 5.33711
25480000 5.1939
25490000 5.19878
25500000 5.19525
25510000 5.19768
25520000 5.06676
25530000 5.20738
25540000 5.13676
25550000 5.18028
25560000 5.16865
25570000 5.09916
25580000 5.16068
25590000 5.53071
25600000 5.29532
25610000 5.26709
25620000 5.1605
25630000 5.18557
25640000 5.16071
25650000 5.12429
25660000 5.14851
25670000 5.19494
25680000 5.15719
25690000 5.13066
25700000 5.08407
25710000 5.32709
25720000 5.17937
25730000 5.20055
25740000 5.16534
25750000 5.13656
25760000 5.20943
25770000 5.11346
25780000 5.23701
25790000 5.08636
25800000 5.09714
25810000 5.09177
25820000 5.19231
25830000 5.21803
25840000 5.07051
25850000 5.10122
25860000 5.19682
25870000 5.19705
25880000 5.12535
25890000 5.10344
25900000 5.21019
25910000 5.12291
25920000 6.05564
25930000 5.65353
25940000 5.53732
25950000 5.41232
25960000 5.28462
25970000 5.38394
25980000 5.31638
25990000 5.16272
26000000 5.18136
26010000 5.20955
26020000 5.02608
26030000 5.30427
26040000 5.25325
26050000 5.20877
26060000 5.25138
26070000 5.48813
26080000 5.32718
26090000 5.30098
26100000 5.18943
26110000 5.12081
26120000 5.12556
26130000 5.09859
26140000 5.22286
26150000 5.17754
26160000 5.20085
26170000 5.18715
26180000 5.31638
26190000 5.14816
26200000 5.19848
26210000 5.27149
26220000 5.21655
26230000 5.31615
26240000 5.21737
26250000 5.21767
26260000 5.14936
26270000 5.09505
26280000 5.18625
26290000 5.13942
26300000 5.18883
26310000 5.16291
26320000 5.27348
26330000 5.18863
26340000 5.02118
26350000 5.1036
26360000 5.15063
26370000 5.17558
26380000 5.15803
26390000 5.13688
26400000 5.117
26410000 5.19175
26420000 5.13147
26430000 5.2209
26440000 5.12137
26450000 5.09729
26460000 5.07683
26470000 5.08967
26480000 5.22292
26490000 5.12293
26500000 5.31445
26510000 5.2624
26520000 5.20789
26530000 5.15517
26540000 5.30073
26550000 5.22507
26560000 5.11421
26570000 5.18508
26580000 5.13305
26590000 5.17544
26600000 5.07574
26610000 5.08794
26620000 5.04573
26630000 5.05074
26640000 5.21833
26650000 5.20857
26660000 5.196
26670000 5.16125
26680000 5.02107
26690000 5.30951
26700000 5.28329
26710000 5.22148
26720000 5.2789
26730000 5.30788
26740000 5.21835
26750000 5.1539
26760000 5.17921
26770000 5.18475
26780000 5.22749
26790000 5.33493
26800000 5.12341
26810000 5.16948
26820000 5.23489
26830000 5.05827
26840000 5.05369
26850000 5.05381
26860000 5.0618
26870000 5.11294
26880000 5.039
26890000 5.14038
26900000 5.02551
26910000 5.10497
26920000 4.99361
26930000 5.1331
26940000 5.04078
26950000 5.0347
26960000 5.00885
26970000 5.03286
26980000 5.13139
26990000 5.06476
27000000 5.1736
27010000 5.12858
27020000 5.12549
27030000 5.1422
27040000 5.15628
27050000 5.08349
27060000 5.19627
27070000 5.09886
27080000 5.14793
27090000 5.174
27100000 5.14051
27110000 5.28102
27120000 5.15261
27130000 5.13057
27140000 5.05747
27150000 5.13206
27160000 5.17706
27170000 5.08852
27180000 5.17385
27190000 5.13659
27200000 5.12348
27210000 5.16614
27220000 5.17886
27230000 5.37182
27240000 5.17913
27250000 5.0758
27260000 5.15063
27270000 5.14397
27280000 5.17213
27290000 5.24508
27300000 5.21263
27310000 5.20825
27320000 5.21381
27330000 5.22801
27340000 5.2646
27350000 5.1393
27360000 5.15903
27370000 5.19192
27380000 5.26784
27390000 5.27769
27400000 5.545
27410000 5.32911
27420000 5.13989
27430000 5.10303
27440000 5.14575
27450000 5.17036
27460000 5.20831
27470000 5.23961
27480000 5.11144
27490000 5.13091
27500000 5.16127
27510000 5.06629
27520000 5.20048
27530000 5.16056
27540000 5.12379
27550000 5.26016
27560000 5.14958
27570000 5.30647
27580000 5.31681
27590000 5.25725
27600000 5.25932
27610000 5.25217
27620000 5.13966
27630000 5.1663
27640000 5.07956
27650000 5.07273
27660000 5.16271
27670000 5.58139
27680000 5.21767
27690000 5.15538
27700000 5.10081
27710000 5.10623
27720000 5.16891
27730000 5.23566
27740000 5.21264
27750000 5.2712
27760000 5.12174
27770000 5.12554
27780000 5.16754
27790000 5.11068
27800000 5.1083
27810000 5.04996
27820000 5.21843
27830000 5.16264
27840000 5.15245
27850000 5.07685
27860000 5.49953
27870000 5.25834
27880000 5.17784
27890000 5.10017
27900000 5.13019
27910000 5.24886
27920000 5.20509
27930000 5.23274
27940000 5.06323
27950000 5.20252
27960000 5.10607
27970000 5.06732
27980000 5.19657
27990000 5.09604
28000000 5.14592
28010000 5.18024
28020000 5.11887
28030000 5.09843
28040000 5.17226
28050000 5.17368
28060000 5.22151
28070000 5.11019
28080000 5.24433
28090000 5.32272
28100000 5.24937
28110000 5.2275
28120000 5.25709
28130000 5.32226
28140000 5.32624
28150000 5.18692
28160000 5.147
28170000 5.15611
28180000 5.062
28190000 5.1447
28200000 5.15894
28210000 5.17213
28220000 5.11313
28230000 5.1038
28240000 5.26225
28250000 5.12737
28260000 5.36758
28270000 5.21112
28280000 5.10594
28290000 5.15528
28300000 4.98301
28310000 5.20372
28320000 5.22083
28330000 5.27496
28340000 5.37536
28350000 5.25666
28360000 5.12527
28370000 5.16782
28380000 5.1067
28390000 5.09852
28400000 5.2197
28410000 5.21653
28420000 5.19
28430000 5.27665
28440000 5.18205
28450000 5.17982
28460000 5.25723
28470000 5.15642
28480000 5.25699
28490000 5.1087
28500000 5.05884
28510000 5.50848
28520000 5.36785
28530000 5.2265
28540000 5.27333
28550000 5.52149
28560000 5.21808
28570000 5.14316
28580000 5.15646
28590000 5.09955
28600000 5.01602
28610000 5.15922
28620000 5.02584
28630000 5.05412
28640000 5.00069
28650000 5.02688
28660000 5.12503
28670000 5.16666
28680000 5.16461
28690000 5.14598
28700000 5.19823
28710000 5.13651
28720000 5.25836
28730000 5.15337
28740000 5.0189
28750000 5.29204
28760000 5.10971
28770000 5.16019
28780000 5.16533
28790000 5.0432
28800000 5.07816
28810000 5.07866
28820000 5.03413
28830000 5.09487
28840000 5.32844
28850000 5.3017
28860000 5.38782
28870000 5.31253
28880000 5.2286
28890000 5.18634
28900000 5.2426
28910000 5.09129
28920000 5.17569
28930000 5.17022
28940000 5.12889
28950000 5.23159
28960000 5.18842
28970000 5.16804
28980000 5.11864
28990000 5.0591
29000000 5.15269
29010000 5.08884
29020000 5.22893
29030000 5.19331
29040000 5.03061
29050000 5.05487
29060000 5.10033
29070000 5.17059
29080000 5.31297
29090000 5.26074
29100000 5.44389
29110000 5.17337
29120000 5.08584
29130000 5.12478
29140000 5.08494
29150000 5.17949
29160000 5.17329
29170000 5.27298
29180000 5.11311
29190000 5.24147
29200000 5.20448
29210000 5.23108
29220000 5.1492
29230000 5.08316
29240000 5.11161
29250000 5.05443
29260000 5.03327
29270000 5.12705
29280000 5.0976
29290000 5.2798
29300000 5.19092
29310000 5.25702
29320000 5.40285
29330000 5.16504
29340000 5.23731
29350000 5.13261
29360000 5.25293
29370000 5.30851
29380000 5.23895
29390000 5.37698
29400000 5.20295
29410000 5.20093
29420000 5.35523
29430000 5.11747
29440000 5.13974
29450000 5.22003
29460000 5.12241
29470000 5.23114
29480000 5.32861
29490000 5.3706
29500000 5.27563
29510000 5.26435
29520000 5.1521
29530000 5.27865
29540000 5.18369
29550000 5.20828
29560000 5.09104
29570000 5.19893
29580000 5.15955
29590000 5.25784
29600000 5.31103
29610000 5.13154
29620000 5.05801
29630000 5.13798
29640000 5.23691
29650000 5.11529
29660000 5.16718
29670000 5.05804
29680000 5.06902
29690000 5.13127
29700000 5.12335
29710000 5.17727
29720000 5.14173
29730000 5.08863
29740000 5.1701
29750000 5.07434
29760000 5.14617
29770000 5.10282
29780000 5.23119
29790000 5.18564
29800000 5.12303
29810000 5.30997
29820000 5.15716
29830000 5.11509
29840000 5.10726
29850000 5.21361
29860000 5.14024
29870000 5.20292
29880000 5.39275
29890000 5.17721
29900000 5.16564
29910000 5.19502
29920000 5.16506
29930000 5.15718
29940000 5.13224
29950000 5.10596
29960000 5.07741
29970000 5.04642
29980000 5.19055
29990000 5.14028
30000000 5.14914
30010000 5.14207
30020000 5.15857
30030000 5.03725
30040000 5.16185
30050000 5.12828
30060000 5.11537
30070000 5.04388
30080000 5.19465
30090000 5.15561
30100000 5.24235
30110000 5.18709
30120000 5.11631
30130000 5.09691
30140000 5.09795
30150000 5.08223
30160000 5.13559
30170000 5.15776
30180000 5.13155
30190000 5.17135
30200000 5.18075
30210000 5.06115
30220000 5.13831
30230000 5.23944
30240000 5.08731
30250000 5.14485
30260000 5.27585
30270000 5.39969
30280000 5.34916
30290000 5.1559
30300000 5.22357
30310000 5.06824
30320000 5.13102
30330000 5.33326
30340000 5.17992
30350000 5.27046
30360000 5.02414
30370000 4.99791
30380000 5.16017
30390000 5.07769
30400000 5.22824
30410000 5.20108
30420000 5.07488
30430000 5.36167
30440000 5.33496
30450000 5.12543
30460000 5.07137
30470000 5.27374
30480000 5.15241
30490000 5.34055
30500000 5.11758
30510000 5.32341
30520000 5.21234
30530000 5.21613
30540000 5.20506
30550000 5.18563
30560000 5.30434
30570000 5.14609
30580000 5.33431
30590000 5.16532
30600000 5.2267
30610000 5.3699
30620000 5.22056
30630000 5.28269
30640000 5.15351
30650000 5.41331
30660000 5.16298
30670000 5.11673
30680000 5.10232
30690000 5.22942
30700000 5.2691
30710000 5.24504
30720000 5.20589
30730000 5.2038
30740000 5.13761
30750000 5.1999
30760000 5.16624
30770000 5.16373
30780000 5.08121
30790000 5.07156
30800000 5.1121
30810000 5.07967
30820000 5.22841
30830000 5.1947
30840000 5.0777
30850000 5.04657
30860000 5.05671
30870000 5.11723
30880000 5.01817
30890000 5.2964
30900000 5.10009
30910000 5.21479
30920000 5.21805
30930000 5.11792
30940000 5.2368
30950000 5.0496
30960000 5.07359
30970000 5.10883
30980000 5.15107
30990000 5.1615
31000000 5.16913
31010000 5.17568
31020000 5.24405
31030000 5.24828
31040000 5.26253
31050000 5.20588
31060000 5.16493
31070000 5.1186
31080000 5.18785
31090000 5.15508
31100000 5.17512
31110000 5.16901
31120000 5.27963
31130000 5.17242
31140000 5.0986
31150000 5.24905
31160000 5.19487
31170000 5.23231
31180000 5.15717
31190000 5.11007
31200000 5.17868
31210000 5.09879
31220000 5.15832
31230000 5.0843
31240000 5.09207
31250000 5.11891
31260000 5.06896
31270000 5.17406
31280000 5.25489
31290000 5.20934
31300000 5.20123
31310000 5.27768
31320000 5.1253
31330000 5.28798
31340000 5.21941
31350000 5.30107
31360000 5.44593
31370000 5.27663
31380000 5.13831
31390000 5.08938
31400000 5.14053
31410000 5.03525
31420000 4.89277
31430000 5.04722
31440000 5.02867
31450000 5.05533
31460000 4.98102
31470000 5.18771
31480000 5.24292
31490000 5.1319
31500000 5.31446
31510000 5.26461
31520000 5.43722
31530000 5.07786
31540000 5.13715
31550000 5.21968
31560000 5.15141
31570000 5.10235
31580000 5.11298
31590000 5.32055
31600000 5.205
31610000 5.16099
31620000 5.10922
31630000 5.14245
31640000 5.17104
31650000 5.23184
31660000 5.25217
31670000 5.34542
31680000 5.13475
31690000 5.26184
31700000 5.27783
31710000 5.15495
31720000 5.16972
31730000 5.06894
31740000 5.01661
31750000 5.0586
31760000 5.10015
31770000 5.10965
31780000 5.13467
31790000 5.32429
31800000 5.19553
31810000 5.04832
31820000 5.01223
31830000 5.05213
31840000 5.194
31850000 5.12246
31860000 5.22432
31870000 5.18605
31880000 5.09766
31890000 5.10537
31900000 5.09572
31910000 5.13022
31920000 5.13754
31930000 5.25709
31940000 5.10676
31950000 5.09465
31960000 5.00311
31970000 5.00041
31980000 5.11655
31990000 5.08698
32000000 5.05703
32010000 4.9639
32020000 5.04695
32030000 5.24146
32040000 5.35403
32050000 5.35585
32060000 5.56468
32070000 5.27684
32080000 5.2706
32090000 5.07681
32100000 5.30178
32110000 5.07435
32120000 5.04918
32130000 5.08319
32140000 5.21059
32150000 5.1751
32160000 5.35777
32170000 5.26558
32180000 5.22034
32190000 5.40685
32200000 5.15648
32210000 5.20605
32220000 5.15196
32230000 5.18692
32240000 5.17112
32250000 5.15828
32260000 5.21345
32270000 5.08583
32280000 5.14095
32290000 5.26025
32300000 5.15472
32310000 4.99204
32320000 5.13819
32330000 5.12672
32340000 5.23551
32350000 5.25336
32360000 5.15243
32370000 5.28783
32380000 5.11998
32390000 5.28242
32400000 5.22487
32410000 5.23309
32420000 5.15083
32430000 5.11645
32440000 5.04057
32450000 5.07117
32460000 5.13279
32470000 5.26212
32480000 5.16014
32490000 5.27099
32500000 5.27921
32510000 5.16737
32520000 5.16001
32530000 5.22138
32540000 5.23446
32550000 5.21377
32560000 5.47309
32570000 5.29123
32580000 5.34695
32590000 5.12753
32600000 5.24187
32610000 5.32334
32620000 5.39631
32630000 5.07736
32640000 5.18515
32650000 5.13286
32660000 5.12676
32670000 5.10273
32680000 5.08413
32690000 5.16321
32700000 5.22271
32710000 5.08791
32720000 5.09505
32730000 5.12998
32740000 5.05739
32750000 5.13869
32760000 5.1762
32770000 5.10283
32780000 5.08563
32790000 5.37518
32800000 5.15849
32810000 5.11201
32820000 5.0667
32830000 5.25633
32840000 5.23963
32850000 5.00746
32860000 5.07851
32870000 4.9684
32880000 5.02998
32890000 5.05057
32900000 5.15103
32910000 5.24178
32920000 5.23671
32930000 5.15985
32940000 5.26852
32950000 5.053
32960000 5.09946
32970000 5.17988
32980000 5.10648
32990000 5.03577
33000000 5.09656
33010000 5.11382
33020000 5.06458
33030000 5.09422
33040000 5.42082
33050000 5.2153
33060000 5.21032
33070000 5.13589
33080000 5.17782
33090000 5.10712
33100000 5.13632
33110000 5.11767
33120000 5.07662
33130000 5.11545
33140000 5.17616
33150000 5.21999
33160000 5.11917
33170000 5.00791
33180000 5.19658
33190000 5.31066
33200000 5.26892
33210000 5.19659
33220000 5.25455
33230000 5.16414
33240000 5.12716
33250000 5.16754
33260000 5.11968
33270000 5.12296
33280000 5.10501
33290000 5.14539
33300000 5.12931
33310000 5.01847
33320000 5.13226
33330000 5.14008
33340000 5.13009
33350000 5.09586
33360000 5.01811
33370000 5.05067
33380000 5.02527
33390000 5.09446
33400000 4.97351
33410000 5.14945
33420000 5.21299
33430000 5.0505
33440000 5.05677
33450000 5.09794
33460000 5.1879
33470000 5.0839
33480000 5.16603
33490000 5.05918
33500000 5.09663
33510000 4.9908
33520000 4.94305
33530000 4.97437
33540000 5.08201
33550000 5.16127
33560000 5.0612
33570000 5.17574
33580000 5.39413
33590000 5.24167
33600000 5.4125
33610000 5.29714
33620000 5.23203
33630000 5.18468
33640000 5.19496
33650000 5.16855
33660000 5.12425
33670000 5.08302
33680000 5.09072
33690000 5.11923
33700000 5.00859
33710000 5.04534
33720000 5.00477
33730000 5.05508
33740000 5.16665
33750000 5.06604
33760000 5.45907
33770000 5.38726
33780000 5.1769
33790000 5.06173
33800000 5.09646
33810000 5.15112
33820000 5.11589
33830000 5.14657
33840000 5.1923
33850000 5.29636
33860000 5.17971
33870000 5.03776
33880000 5.06414
33890000 5.13579
33900000 5.42397
33910000 5.26832
33920000 5.19074
33930000 5.11848
33940000 5.06872
33950000 5.09179
33960000 4.98358
33970000 5.13586
33980000 5.16846
33990000 5.0998
34000000 5.17074
34010000 5.09101
34020000 5.10327
34030000 5.06911
34040000 5.14218
34050000 5.13848
34060000 5.09132
34070000 5.01022
34080000 5.1248
34090000 5.1199
34100000 5.32178
34110000 5.32168
34120000 5.11866
34130000 5.05492
34140000 5.07409
34150000 5.10433
34160000 5.06233
34170000 5.15553
34180000 5.0834
34190000 5.1027
34200000 5.05011
34210000 5.15671
34220000 5.2425
34230000 5.19763
34240000 5.09889
34250000 5.11868
34260000 5.20018
34270000 5.15017
34280000 5.16989
34290000 5.23881
34300000 5.33393
34310000 5.26252
34320000 5.18183
34330000 5.19297
34340000 5.05458
34350000 5.11794
34360000 5.15209
34370000 5.34592
34380000 5.07151
34390000 5.03542
34400000 5.05075
34410000 5.07343
34420000 5.05772
34430000 5.108
34440000 5.26557
34450000 5.06161
34460000 5.11152
34470000 4.95957
34480000 5.04057
34490000 5.04097
34500000 5.04197
34510000 5.06658
34520000 5.17743
34530000 5.20764
34540000 5.07531
34550000 5.08762
34560000 5.23987
34570000 5.33022
34580000 5.10535
34590000 5.03058
34600000 5.15689
34610000 5.29104
34620000 5.06306
34630000 4.96525
34640000 5.02425
34650000 5.05048
34660000 5.15515
34670000 5.13276
34680000 5.15232
34690000 5.28925
34700000 5.11306
34710000 5.16638
34720000 5.09769
34730000 5.0737
34740000 5.16523
34750000 5.10069
34760000 5.07329
34770000 5.10591
34780000 5.1678
34790000 5.29555
34800000 5.13229
34810000 5.21852
34820000 5.14796
34830000 5.34327
34840000 5.15997
34850000 5.05599
34860000 5.11591
34870000 5.07709
34880000 4.97737
34890000 5.03217
34900000 5.09942
34910000 5.13589
34920000 5.25038
34930000 5.11639
34940000 5.05785
34950000 5.09632
34960000 5.08302
34970000 5.21455
34980000 5.04274
34990000 5.01509
35000000 5.10331
35010000 5.00622
35020000 5.05505
35030000 5.03087
35040000 5.02867
35050000 5.02454
35060000 5.01613
35070000 5.06761
35080000 5.16697
35090000 5.12294
35100000 5.37368
35110000 5.12119
35120000 5.21164
35130000 5.0422
35140000 5.2005
35150000 5.03788
35160000 5.08393
35170000 5.13299
35180000 5.14485
35190000 5.17342
35200000 5.19072
35210000 5.10154
35220000 5.06722
35230000 5.07091
35240000 5.0762
35250000 5.04956
35260000 5.17916
35270000 5.17381
35280000 5.04301
35290000 5.15482
35300000 5.07542
35310000 5.07392
35320000 5.0324
35330000 5.11608
35340000 5.0089
35350000 5.32152
35360000 5.13503
35370000 5.14728
35380000 5.11724
35390000 5.02913
35400000 5.18888
35410000 5.05883
35420000 5.06176
35430000 4.9551
35440000 5.01242
35450000 5.28689
35460000 5.18243
35470000 5.13509
35480000 5.0323
35490000 5.06833
35500000 5.05572
35510000 5.13611
35520000 5.00281
35530000 5.16875
35540000 5.10227
35550000 4.98586
35560000 5.1243
35570000 5.15916
35580000 4.97101
35590000 5.00003
35600000 5.11514
35610000 5.17087
35620000 5.05974
35630000 5.20711
35640000 5.13199
35650000 5.10497
35660000 5.11481
35670000 5.11538
35680000 5.03781
35690000 5.07516
35700000 5.1594
35710000 5.00432
35720000 5.15809
35730000 5.06794
35740000 5.11645
35750000 5.10225
35760000 5.08825
35770000 5.07533
35780000 5.08056
35790000 5.08387
35800000 5.11315
35810000 5.09449
35820000 5.07301
35830000 5.03058
35840000 5.0512
35850000 5.06028
35860000 5.09205
35870000 5.14366
35880000 5.26562
35890000 5.18748
35900000 5.05508
35910000 5.04081
35920000 4.99635
35930000 5.1389
35940000 5.27577
35950000 5.089
35960000 5.18933
35970000 5.04431
35980000 5.0564
35990000 4.97633
36000000 4.96629
36010000 5.0559
36020000 5.13982
36030000 5.23233
36040000 5.15852
36050000 5.12251
36060000 5.11027
36070000 5.15988
36080000 5.09478
36090000 5.14066
36100000 5.04083
36110000 5.01901
36120000 5.07058
36130000 5.05243
36140000 5.25867
36150000 5.24711
36160000 5.19885
36170000 4.99973
36180000 5.08917
36190000 5.06464
36200000 5.07931
36210000 5.23027
36220000 5.06846
36230000 5.07396
36240000 5.19032
36250000 5.07637
36260000 5.18004
36270000 5.0939
36280000 5.12736
36290000 5.04928
36300000 5.02067
36310000 5.11349
36320000 5.05611
36330000 5.32518
36340000 5.29655
36350000 5.26334
36360000 5.16553
36370000 5.03584
36380000 5.12213
36390000 5.07187
36400000 5.14959
36410000 5.26432
36420000 5.24102
36430000 5.05952
36440000 5.54387
36450000 5.16064
36460000 5.39705
36470000 5.29088
36480000 5.11796
36490000 5.05485
36500000 5.17511
36510000 5.04827
36520000 5.00618
36530000 5.03344
36540000 5.12051
36550000 5.0982
36560000 5.03483
36570000 5.01358
36580000 5.13345
36590000 5.1907
36600000 5.13149
36610000 4.94306
36620000 5.11977
36630000 5.14238
36640000 5.23492
36650000 5.17686
36660000 5.08461
36670000 5.07339
36680000 5.09864
36690000 5.11742
36700000 5.09223
36710000 5.04211
36720000 5.06638
36730000 5.05011
36740000 5.04833
36750000 5.02235
36760000 5.11339
36770000 5.13098
36780000 4.98412
36790000 5.11306
36800000 5.10113
36810000 5.10632
36820000 4.99815
36830000 4.97054
36840000 5.0856
36850000 5.1002
36860000 5.2746
36870000 5.15629
36880000 5.08259
36890000 5.029
36900000 5.12571
36910000 5.09752
36920000 5.06692
36930000 5.18201
36940000 5.25091
36950000 5.10201
36960000 5.0827
36970000 5.10162
36980000 5.08346
36990000 5.12349
37000000 5.25393
37010000 5.15448
37020000 4.99244
37030000 5.0381
37040000 5.22188
37050000 5.09034
37060000 5.09853
37070000 5.08686
37080000 5.05893
37090000 5.08099
37100000 4.9887
37110000 4.96484
37120000 4.9254
37130000 4.97489
37140000 5.04624
37150000 5.0605
37160000 5.00958
37170000 5.0654
37180000 5.3721
37190000 5.13675
37200000 5.16891
37210000 5.11086
37220000 5.23441
37230000 5.15779
37240000 5.11474
37250000 5.16049
37260000 5.01594
37270000 5.10588
37280000 5.32695
37290000 5.01883
37300000 5.02258
37310000 5.09714
37320000 5.19255
37330000 5.12097
37340000 5.14455
37350000 5.02903
37360000 5.07861
37370000 5.06545
37380000 5.06318
37390000 5.12517
37400000 5.18255
37410000 5.16819
37420000 5.10705
37430000 5.09162
37440000 5.0377
37450000 5.26545
37460000 5.21467
37470000 5.25768
37480000 5.25746
37490000 5.30677
37500000 5.06585
37510000 8.57246
37520000 6.97874
37530000 6.28907
37540000 5.98368
37550000 5.9907
37560000 5.87071
37570000 5.62388
37580000 5.60133
37590000 5.35375
37600000 5.39345
37610000 5.18937
37620000 5.19308
37630000 5.111
37640000 5.02844
37650000 5.04682
37660000 5.04514
37670000 5.20931
37680000 5.07124
37690000 5.13028
37700000 5.00759
37710000 5.03392
37720000 5.0059
37730000 5.04493
37740000 5.10201
37750000 5.11224
37760000 5.08221
37770000 5.05921
37780000 5.11313
37790000 5.43119
37800000 5.17675
37810000 5.2002
37820000 5.12847
37830000 5.0333
37840000 5.03856
37850000 5.10658
37860000 5.18844
37870000 5.19267
37880000 5.07419
37890000 5.08053
37900000 5.01947
37910000 5.04344
37920000 5.13821
37930000 5.20465
37940000 4.97935
37950000 5.03755
37960000 5.11063
37970000 5.10796
37980000 5.39634
37990000 5.23552
38000000 5.07169
38010000 5.1897
38020000 5.16171
38030000 5.33791
38040000 5.13764
38050000 5.04524
38060000 5.01708
38070000 5.08291
38080000 5.15131
38090000 5.2352
38100000 5.0904
38110000 5.13391
38120000 5.04955
38130000 5.10953
38140000 5.02284
38150000 5.07521
38160000 4.94374
38170000 5.08033
38180000 5.11147
38190000 5.27655
38200000 5.21462
38210000 5.11706
38220000 4.95993
38230000 5.07298
38240000 5.16744
38250000 5.17001
38260000 5.1169
38270000 5.12518
38280000 5.15065
38290000 5.28088
38300000 5.21562
38310000 5.38725
38320000 5.12039
38330000 4.99908
38340000 5.07362
38350000 5.04812
38360000 5.09913
38370000 5.01866
38380000 5.26873
38390000 5.25507
38400000 5.08027
38410000 5.50712
38420000 5.19053
38430000 5.12235
38440000 4.99525
38450000 5.12336
38460000 5.27426
38470000 5.15371
38480000 5.10974
38490000 5.0533
38500000 4.99854
38510000 5.02522
38520000 5.08128
38530000 5.04554
38540000 5.10068
38550000 5.04956
38560000 5.14189
38570000 5.15019
38580000 5.11592
38590000 5.22072
38600000 5.22681
38610000 5.03998
38620000 4.99965
38630000 5.08652
38640000 5.09747
38650000 5.04039
38660000 5.00421
38670000 5.13935
38680000 5.11582
38690000 5.03535
38700000 4.99546
38710000 5.14143
38720000 5.02814
38730000 5.01147
38740000 5.03405
38750000 5.06665
38760000 5.04037
38770000 5.05317
38780000 5.23701
38790000 5.21087
38800000 5.09085
38810000 5.08432
38820000 5.07871
38830000 5.11427
38840000 5.09013
38850000 4.97823
38860000 5.04361
38870000 4.97968
38880000 5.01177
38890000 5.14706
38900000 5.12901
38910000 5.1168
38920000 5.1396
38930000 5.1407
38940000 5.06742
38950000 4.98777
38960000 5.22773
38970000 5.11289
38980000 5.07725
38990000 5.38393
39000000 5.18337
39010000 5.18346
39020000 5.1831
39030000 5.09043
39040000 5.21504
39050000 5.15297
39060000 5.1505
39070000 5.25926
39080000 5.24526
39090000 5.31045
39100000 5.2509
39110000 5.15929
39120000 5.15021
39130000 5.15889
39140000 5.15473
39150000 5.0978
39160000 5.04831
39170000 4.95944
39180000 5.1265
39190000 5.14277
39200000 5.19696
39210000 5.027
39220000 5.09186
39230000 5.11168
39240000 5.16648
39250000 5.09042
39260000 4.99157
39270000 5.10015
39280000 5.20404
39290000 5.03825
39300000 5.17465
39310000 4.96415
39320000 5.32981
39330000 5.34769
39340000 5.1481
39350000 5.07864
39360000 5.09701
39370000 4.98135
39380000 5.10971
39390000 5.02391
39400000 4.99601
39410000 4.97242
39420000 5.05465
39430000 5.05707
39440000 5.11409
39450000 5.07729
39460000 5.17909
39470000 5.12216
39480000 5.17326
39490000 5.36635
39500000 5.24259
39510000 5.16321
39520000 5.15599
39530000 5.22473
39540000 5.10399
39550000 5.02942
39560000 5.10388
39570000 5.0874
39580000 5.0258
39590000 5.01534
39600000 4.99282
39610000 4.98608
39620000 4.99634
39630000 5.08953
39640000 5.22501
39650000 5.08143
39660000 5.14141
39670000 5.02776
39680000 5.02339
39690000 5.06864
39700000 5.08467
39710000 5.33934
39720000 5.16631
39730000 5.17979
39740000 5.13348
39750000 5.08607
39760000 5.03038
39770000 5.03362
39780000 5.02387
39790000 5.26693
39800000 5.17901
39810000 5.16889
39820000 5.19287
39830000 5.17647
39840000 5.06604
39850000 5.12684
39860000 5.10463
39870000 4.88675
39880000 5.01517
39890000 5.11009
39900000 5.03501
39910000 5.2282
39920000 5.27221
39930000 5.13589
39940000 5.1059
39950000 5.05026
39960000 5.13526
39970000 5.17584
39980000 5.2447
39990000 5.11859
40000000 5.20223
40010000 5.15919
40020000 5.31521
40030000 5.23557
40040000 5.21195
40050000 5.0719
40060000 5.08278
40070000 5.09025
40080000 5.00621
40090000 5.06912
40100000 5.07631
40110000 5.07242
40120000 5.1001
40130000 5.11712
40140000 5.14538
40150000 5.00978
40160000 5.1042
40170000 5.14518
40180000 5.11833
40190000 5.11765
40200000 5.21719
40210000 5.60136
40220000 5.40029
40230000 5.34769
40240000 5.25311
40250000 5.22489
40260000 5.02684
40270000 5.03191
40280000 5.02658
40290000 4.96451
40300000 5.08983
40310000 5.05558
40320000 5.11742
40330000 5.30688
40340000 5.07292
40350000 5.18468
40360000 5.04898
40370000 4.99734
40380000 5.02671
40390000 5.01177
40400000 5.17538
40410000 5.09131
40420000 5.01004
40430000 4.99406
40440000 4.98569
40450000 6.06074
40460000 5.54827
40470000 5.15966
40480000 5.22002
40490000 5.16983
40500000 5.07863
40510000 5.12354
40520000 5.18246
40530000 5.10962
40540000 5.05767
40550000 5.14353
40560000 5.04903
40570000 5.14437
40580000 5.11066
40590000 5.11565
40600000 5.17055
40610000 5.06706
40620000 5.05819
40630000 5.18273
40640000 5.11192
40650000 5.18203
40660000 5.14435
40670000 5.09604
40680000 4.94534
40690000 5.06418
40700000 5.11142
40710000 5.07834
40720000 5.01319
40730000 5.06789
40740000 5.15004
40750000 5.01125
40760000 4.98791
40770000 5.01892
40780000 5.03698
40790000 5.05235
40800000 5.01702
40810000 5.07523
40820000 4.97632
40830000 5.04915
40840000 5.00556
40850000 5.12597
40860000 5.08955
40870000 5.12389
40880000 5.31088
40890000 5.15058
40900000 5.11855
40910000 5.11786
40920000 5.09843
40930000 4.99935
40940000 5.07489
40950000 5.23963
40960000 5.21789
40970000 5.20689
40980000 5.09957
40990000 5.22691
41000000 5.34541
41010000 5.0315
41020000 5.05148
41030000 5.04925
41040000 5.12659
41050000 5.16787
41060000 5.06267
41070000 5.09023
41080000 5.06044
41090000 5.21019
41100000 5.16942
41110000 5.04142
41120000 5.0732
41130000 5.16087
41140000 5.08179
41150000 5.11168
41160000 5.20089
41170000 5.12146
41180000 5.13118
41190000 5.07853
41200000 5.05917
41210000 5.01552
41220000 5.16869
41230000 5.02626
41240000 5.05726
41250000 5.30732
41260000 5.04879
41270000 5.11282
41280000 5.06329
41290000 5.01713
41300000 4.9626
41310000 4.9652
41320000 5.09475
41330000 5.10739
41340000 5.2487
41350000 5.03709
41360000 4.91094
41370000 5.07868
41380000 5.04697
41390000 5.29746
41400000 5.04381
41410000 5.20667
41420000 5.06675
41430000 5.27732
41440000 5.09054
41450000 5.2792
41460000 5.09325
41470000 5.03465
41480000 5.05917
41490000 4.9992
41500000 5.0136
41510000 5.04856
41520000 5.03043
41530000 5.11238
41540000 5.01578
41550000 5.10649
41560000 5.27669
41570000 5.17951
41580000 5.14987
41590000 5.22379
41600000 5.04088
41610000 5.14761
41620000 4.96377
41630000 5.05284
41640000 5.17863
41650000 5.04313
41660000 5.01767
41670000 4.99885
41680000 4.99515
41690000 5.11382
41700000 5.06688
41710000 5.2102
41720000 5.14006
41730000 5.1116
41740000 5.31018
41750000 5.20636
41760000 5.22469
41770000 5.2018
41780000 5.19556
41790000 5.13219
41800000 4.97644
41810000 5.07154
41820000 5.02337
41830000 5.08658
41840000 5.31049
41850000 5.31282
41860000 5.25926
41870000 5.37707
41880000 5.12015
41890000 5.1885
41900000 5.29345
41910000 5.16452
41920000 5.17386
41930000 5.17122
41940000 5.11946
41950000 5.04764
41960000 5.02536
41970000 5.22174
41980000 5.13363
41990000 4.93372
42000000 5.1408
42010000 5.04291
42020000 5.16443
42030000 5.07905
42040000 5.13946
42050000 5.11691
42060000 5.04624
42070000 5.06289
42080000 5.02391
42090000 5.1078
42100000 5.05589
42110000 5.01452
42120000 4.98689
42130000 4.98103
42140000 5.06395
42150000 5.10933
42160000 5.26311
42170000 5.09762
42180000 5.0252
42190000 5.0448
42200000 5.12569
42210000 5.05927
42220000 5.18271
42230000 5.06006
42240000 5.09292
42250000 5.10164
42260000 5.12147
42270000 5.08456
42280000 5.01597
42290000 5.12865
42300000 5.08935
42310000 4.95142
42320000 5.0758
42330000 5.10659
42340000 5.08754
42350000 5.03691
42360000 5.07644
42370000 5.11121
42380000 5.03727
42390000 4.98686
42400000 4.97765
42410000 5.10191
42420000 5.08327
42430000 5.09307
42440000 5.03665
42450000 5.01967
42460000 5.05809
42470000 5.06645
42480000 5.05597
42490000 5.10764
42500000 5.4308
42510000 5.18046
42520000 5.17639
42530000 5.11171
42540000 5.08951
42550000 5.07548
42560000 5.09971
42570000 5.11785
42580000 5.30819
42590000 5.09471
42600000 5.04883
42610000 5.14223
42620000 5.12979
42630000 5.00103
42640000 5.05192
42650000 4.97912
42660000 4.93937
42670000 5.038
42680000 5.06441
42690000 5.06032
42700000 5.00009
42710000 5.10381
42720000 5.24221
42730000 5.17103
42740000 5.06817
42750000 5.12323
42760000 5.108
42770000 5.2054
42780000 5.06383
42790000 5.07774
42800000 5.05112
42810000 5.12936
42820000 5.22053
42830000 5.095
42840000 5.0752
42850000 4.96739
42860000 5.25689
42870000 5.09482
42880000 5.12073
42890000 4.93014
42900000 5.16716
42910000 5.10214
42920000 5.11607
42930000 5.10868
42940000 5.04266
42950000 5.05268
42960000 5.14212
42970000 5.09256
42980000 5.11149
42990000 5.23084
43000000 5.08781
43010000 5.02289
43020000 5.05686
43030000 5.07882
43040000 5.12858
43050000 5.03215
43060000 5.06379
43070000 5.14167
43080000 5.02434
43090000 5.11587
43100000 5.01112
43110000 4.95955
43120000 4.97685
43130000 4.97894
43140000 5.14259
43150000 5.06552
43160000 5.01322
43170000 5.21265
43180000 5.09616
43190000 5.12124
43200000 5.04889
43210000 5.14163
43220000 5.13044
43230000 4.94637
43240000 5.03691
43250000 5.00438
43260000 5.06173
43270000 5.16403
43280000 5.02653
43290000 5.09287
43300000 5.04684
43310000 5.08308
43320000 4.98192
43330000 5.05122
43340000 4.98374
43350000 5.00942
43360000 4.94943
43370000 4.97173
43380000 5.05025
43390000 5.07469
43400000 5.12472
43410000 5.05005
43420000 5.00918
43430000 5.09541
43440000 5.1287
43450000 4.93877
43460000 4.98887
43470000 4.97893
43480000 5.02441
43490000 5.09295
43500000 5.0286
43510000 5.19418
43520000 5.10063
43530000 4.95788
43540000 5.04151
43550000 5.05339
43560000 5.00524
43570000 5.02264
43580000 5.10092
43590000 5.08093
43600000 5.10239
43610000 5.03844
43620000 5.23835
43630000 5.23413
43640000 5.36222
43650000 5.14366
43660000 5.08363
43670000 5.04662
43680000 5.1375
43690000 5.14969
43700000 5.13165
43710000 5.17609
43720000 5.20412
43730000 5.19789
43740000 5.19133
43750000 5.11524
43760000 5.07667
43770000 5.33396
43780000 5.23085
43790000 5.1676
43800000 5.25599
43810000 5.16954
43820000 5.22707
43830000 5.11027
43840000 5.1905
43850000 5.23334
43860000 5.22292
43870000 5.07532
43880000 5.14577
43890000 5.05089
43900000 5.0199
43910000 5.01181
43920000 4.95615
43930000 4.92137
43940000 4.96243
43950000 5.25029
43960000 5.03803
43970000 4.96274
43980000 5.0846
43990000 5.17208
44000000 5.17033
44010000 5.16603
44020000 5.04745
44030000 5.27139
44040000 5.20749
44050000 5.15804
44060000 5.05636
44070000 5.05245
44080000 5.07721
44090000 5.03489
44100000 5.04563
44110000 5.04759
44120000 5.07379
44130000 4.9395
44140000 5.11653
44150000 5.12208
44160000 4.97215
44170000 5.21146
44180000 5.24381
44190000 5.27802
44200000 5.12047
44210000 5.08972
44220000 5.15944
44230000 5.16503
44240000 5.11164
44250000 5.04466
44260000 5.1254
44270000 5.15921
44280000 5.04049
44290000 4.98011
44300000 5.17321
44310000 5.21773
44320000 5.13446
44330000 4.98977
44340000 5.01608
44350000 4.95337
44360000 5.0829
44370000 4.99807
44380000 5.01717
44390000 5.01796
44400000 4.93309
44410000 4.97509
44420000 4.94501
44430000 4.82603
44440000 4.98251
44450000 5.06135
44460000 4.96686
44470000 5.01552
44480000 5.26117
44490000 5.22647
44500000 5.12197
44510000 5.16734
44520000 5.00343
44530000 5.04818
44540000 5.07583
44550000 5.11319
44560000 5.0072
44570000 5.05573
44580000 4.88768
44590000 5.03168
44600000 5.01647
44610000 5.10134
44620000 5.16619
44630000 5.09756
44640000 5.1264
44650000 5.26895
44660000 5.09387
44670000 5.18573
44680000 5.26778
44690000 5.05614
44700000 5.13503
44710000 5.09429
44720000 5.15935
44730000 5.05495
44740000 5.0739
44750000 5.01604
44760000 5.25621
44770000 5.39817
44780000 5.14632
44790000 5.23894
44800000 5.15679
44810000 5.15036
44820000 5.12576
44830000 5.11994
44840000 5.15525
44850000 5.15986
44860000 5.30127
44870000 5.11528
44880000 5.04802
44890000 5.01662
44900000 4.94382
44910000 5.06671
44920000 4.99095
44930000 4.99522
44940000 5.03566
44950000 5.11396
44960000 5.11254
44970000 4.99862
44980000 4.92061
44990000 4.99746
45000000 4.98191
45010000 5.16652
45020000 5.08194
45030000 5.12361
45040000 5.32078
45050000 5.12737
45060000 5.12309
45070000 5.12509
45080000 5.00409
45090000 5.05039
45100000 5.25084
45110000 5.01995
45120000 4.98519
45130000 5.04147
45140000 4.97787
45150000 5.29726
45160000 5.02203
45170000 5.09765
45180000 4.96556
45190000 5.02316
45200000 4.96314
45210000 5.04628
45220000 5.16832
45230000 4.98404
45240000 4.95699
45250000 5.0959
45260000 5.39675
45270000 5.1945
45280000 5.09609
45290000 5.14144
45300000 4.95815
45310000 4.98509
45320000 5.03542
45330000 5.04314
45340000 5.03523
45350000 5.11996
45360000 4.99687
45370000 5.06352
45380000 5.25238
45390000 4.95752
45400000 5.04769
45410000 5.09259
45420000 4.96722
45430000 4.9931
45440000 5.05839
45450000 4.96545
45460000 5.08098
45470000 5.13623
45480000 4.96829
45490000 4.88216
45500000 4.9193
45510000 5.0449
45520000 5.25084
45530000 5.09457
45540000 5.18873
45550000 5.0919
45560000 5.22789
45570000 5.11131
45580000 5.05091
45590000 5.21045
45600000 5.267
45610000 5.12501
45620000 5.11394
45630000 5.20554
45640000 5.02988
45650000 5.22858
45660000 5.28961
45670000 5.27705
45680000 5.04487
45690000 5.01369
45700000 4.95435
45710000 5.05668
45720000 5.08648
45730000 5.03097
45740000 4.96122
45750000 5.01157
45760000 5.03285
45770000 4.96078
45780000 5.07119
45790000 5.10229
45800000 4.95153
45810000 5.03425
45820000 5.10076
45830000 4.98305
45840000 5.11408
45850000 5.22028
45860000 5.23628
45870000 5.28767
45880000 5.12767
45890000 5.09377
45900000 5.07553
45910000 5.18626
45920000 5.08323
45930000 5.19715
45940000 5.27288
45950000 5.10078
45960000 5.01432
45970000 4.91415
45980000 4.99117
45990000 5.19575
46000000 5.05284
46010000 5.02989
46020000 5.01905
46030000 5.17182
46040000 5.14502
46050000 4.95126
46060000 4.91076
46070000 4.94827
46080000 4.97269
46090000 5.04919
46100000 5.01045
46110000 5.15743
46120000 5.024
46130000 5.12276
46140000 5.03775
46150000 5.2029
46160000 4.97992
46170000 5.12868
46180000 5.03119
46190000 4.99265
46200000 5.1185
46210000 5.13757
46220000 5.12688
46230000 5.17977
46240000 5.00783
46250000 5.01607
46260000 5.0508
46270000 5.1458
46280000 5.15011
46290000 5.12423
46300000 5.04376
46310000 5.05295
46320000 5.04361
46330000 5.20495
46340000 5.20382
46350000 5.19234
46360000 5.06187
46370000 5.05343
46380000 5.10019
46390000 4.93879
46400000 5.09056
46410000 5.08398
46420000 5.18109
46430000 5.06797
46440000 4.94554
46450000 5.11436
46460000 5.13408
46470000 4.94197
46480000 5.0138
46490000 4.97048
46500000 4.97735
46510000 5.00719
46520000 4.94381
46530000 5.00126
46540000 4.96502
46550000 5.05157
46560000 5.32179
46570000 5.12095
46580000 5.08229
46590000 5.15163
46600000 5.19455
46610000 5.22282
46620000 5.08917
46630000 5.12004
46640000 5.18065
46650000 5.12639
46660000 5.0922
46670000 5.06834
46680000 5.34166
46690000 5.09965
46700000 5.00887
46710000 5.07206
46720000 5.03775
46730000 4.94478
46740000 5.15269
46750000 5.1857
46760000 5.14226
46770000 4.98146
46780000 4.97701
46790000 5.04124
46800000 4.9962
46810000 5.01713
46820000 4.9492
46830000 4.94335
46840000 4.94343
46850000 5.10217
46860000 4.92397
46870000 5.04259
46880000 4.99355
46890000 5.04185
46900000 4.9852
46910000 5.01291
46920000 5.10858
46930000 4.98816
46940000 5.02626
46950000 5.08906
46960000 5.12601
46970000 4.9725
46980000 4.92871
46990000 5.12916
47000000 5.014
47010000 5.03981
47020000 4.96624
47030000 5.15403
47040000 5.09777
47050000 5.14912
47060000 4.98822
47070000 4.90728
47080000 4.99648
47090000 4.94352
47100000 4.98572
47110000 5.12119
47120000 5.1
47130000 4.99118
47140000 4.96195
47150000 4.96887
47160000 5.02529
47170000 4.98232
47180000 4.97891
47190000 5.03907
47200000 4.97377
47210000 5.08616
47220000 5.20102
47230000 5.2284
47240000 5.06688
47250000 5.29992
47260000 5.09736
47270000 5.05423
47280000 5.21843
47290000 4.99937
47300000 5.24321
47310000 5.29123
47320000 5.25654
47330000 5.05103
47340000 5.33207
47350000 5.13391
47360000 5.25532
47370000 5.17989
47380000 5.19987
47390000 5.02832
47400000 4.99779
47410000 5.11191
47420000 5.21157
47430000 5.3535
47440000 4.99208
47450000 5.02939
47460000 5.02671
47470000 5.13369
47480000 4.98954
47490000 4.96693
47500000 4.94676
47510000 5.15476
47520000 5.27054
47530000 5.28501
47540000 5.25868
47550000 5.12843
47560000 5.0418
47570000 5.03489
47580000 4.98153
47590000 5.08082
47600000 5.12985
47610000 4.97559
47620000 5.09792
47630000 5.01141
47640000 4.98152
47650000 4.88404
47660000 4.87792
47670000 5.07139
47680000 4.95382
47690000 5.01492
47700000 5.0867
47710000 4.95464
47720000 4.99266
47730000 4.99606
47740000 4.94353
47750000 4.91628
47760000 4.89925
47770000 4.94219
47780000 5.05576
47790000 5.004
47800000 5.00955
47810000 4.89069
47820000 5.01262
47830000 4.97922
47840000 5.02527
47850000 5.07361
47860000 4.89877
47870000 4.8782
47880000 4.93072
47890000 5.03364
47900000 5.00764
47910000 4.95585
47920000 5.06772
47930000 4.98013
47940000 5.00183
47950000 5.16196
47960000 5.06726
47970000 5.1176
47980000 5.0439
47990000 5.07348
48000000 4.89572
48010000 5.4322
48020000 5.34279
48030000 5.13358
48040000 5.20756
48050000 5.19667
48060000 5.07472
48070000 5.18689
48080000 5.03738
48090000 5.06757
48100000 5.13792
48110000 5.08891
48120000 5.17584
48130000 5.05677
48140000 5.02721
48150000 5.10584
48160000 5.20199
48170000 5.02616
48180000 5.06613
48190000 5.25133
48200000 5.05546
48210000 5.0944
48220000 5.27534
48230000 5.15736
48240000 5.0847
48250000 5.18467
48260000 4.94608
48270000 5.0312
48280000 5.05573
48290000 5.05925
48300000 5.02995
48310000 5.25297
48320000 5.01647
48330000 5.21501
48340000 5.11816
48350000 5.18435
48360000 5.03811
48370000 5.10508
48380000 5.02661
48390000 5.02658
48400000 5.10489
48410000 5.03953
48420000 5.02782
48430000 5.03112
48440000 4.99826
48450000 5.20598
48460000 5.19787
48470000 5.17212
48480000 5.11217
48490000 5.00522
48500000 4.97153
48510000 5.07772
48520000 5.31281
48530000 5.07799
48540000 5.09088
48550000 4.97242
48560000 4.92711
48570000 4.96296
48580000 5.05245
48590000 5.01125
48600000 4.87605
48610000 5.03245
48620000 5.02456
48630000 5.12095
48640000 5.10614
48650000 5.0276
48660000 5.02987
48670000 5.21484
48680000 5.1425
48690000 5.13683
48700000 5.13372
48710000 5.04523
48720000 4.97269
48730000 5.02562
48740000 5.0968
48750000 5.31914
48760000 5.14758
48770000 5.12218
48780000 5.06477
48790000 5.27696
48800000 5.11114
48810000 5.01857
48820000 4.9534
48830000 5.01773
48840000 4.99304
48850000 5.01946
48860000 5.13013
48870000 5.0306
48880000 5.15097
48890000 5.06279
48900000 5.13803
48910000 5.12655
48920000 5.04143
48930000 5.08266
48940000 5.0376
48950000 5.03918
48960000 5.03426
48970000 5.06348
48980000 4.99267
48990000 5.08156
49000000 5.09673
49010000 5.00034
49020000 5.10523
49030000 5.07765
49040000 4.94734
49050000 5.08237
49060000 4.9828
49070000 5.04627
49080000 5.08637
49090000 5.22806
49100000 5.17639
49110000 5.28362
49120000 5.10267
49130000 5.02454
49140000 5.22563
49150000 5.07987
49160000 4.98104
49170000 5.28417
49180000 5.10623
49190000 5.44998
49200000 5.39531
49210000 5.26629
49220000 5.30756
49230000 5.16668
49240000 5.22242
49250000 5.0262
49260000 5.0583
49270000 5.03988
49280000 5.20669
49290000 5.10065
49300000 4.91766
49310000 4.93861
49320000 4.98329
49330000 5.1766
49340000 4.97204
49350000 4.95372
49360000 4.9546
49370000 4.97614
49380000 5.01833
49390000 5.07984
49400000 5.0736
49410000 5.04782
49420000 4.91872
49430000 4.99583
49440000 4.95137
49450000 5.19529
49460000 5.14195
49470000 5.15114
49480000 5.04691
49490000 4.9775
49500000 5.04589
49510000 5.0653
49520000 5.02655
49530000 5.045
49540000 5.05588
49550000 5.16528
49560000 5.06752
49570000 4.96198
49580000 5.09406
49590000 5.12536
49600000 4.96922
49610000 4.99403
49620000 4.97268
49630000 5.0858
49640000 5.02163
49650000 5.1325
49660000 5.07608
49670000 4.99688
49680000 5.09211
49690000 5.20008
49700000 5.09916
49710000 5.39337
49720000 5.20731
49730000 5.11165
49740000 4.99803
49750000 4.99505
49760000 4.96736
49770000 4.96208
49780000 5.04032
49790000 5.0704
49800000 5.07412
49810000 5.16833
49820000 5.22771
49830000 5.1854
49840000 5.01515
49850000 5.02825
49860000 5.23333
49870000 4.99311
49880000 5.01405
49890000 5.05751
49900000 5.04036
49910000 5.01957
49920000 4.99112
49930000 5.06791
49940000 5.07133
49950000 5.09046
49960000 4.99929
49970000 4.99657
49980000 5.03997
49990000 5.03925
50000000 5.08965
