10000 193.258
20000 123.379
30000 88.2131
40000 65.3342
50000 49.9048
60000 37.5699
70000 31.0226
80000 25.5338
90000 21.7339
100000 19.4503
110000 18.0248
120000 15.6732
130000 14.6589
140000 13.6971
150000 13.3782
160000 12.5512
170000 12.1723
180000 11.8526
190000 11.4524
200000 11.2161
210000 10.9358
220000 10.7021
230000 10.4947
240000 10.3512
250000 10.1987
260000 9.97491
270000 9.91749
280000 9.8692
290000 9.73116
300000 9.62084
310000 9.38666
320000 9.23869
330000 9.14315
340000 9.18284
350000 9.11373
360000 8.9068
370000 8.90263
380000 8.78528
390000 8.73125
400000 8.69679
410000 8.58722
420000 8.65356
430000 8.43668
440000 8.44949
450000 8.37129
460000 8.41019
470000 8.20837
480000 8.07799
490000 8.26603
500000 8.20751
510000 8.05998
520000 8.13629
530000 8.17476
540000 7.97145
550000 8.07874
560000 7.76366
570000 7.78359
580000 7.81121
590000 7.80199
600000 7.83938
610000 7.81806
620000 7.68391
630000 7.66747
640000 7.62031
650000 7.53772
660000 7.50858
670000 7.55945
680000 7.5568
690000 7.51604
700000 7.51317
710000 7.61088
720000 7.49972
730000 7.32548
740000 7.38509
750000 7.36661
760000 7.25574
770000 7.44337
780000 7.51466
790000 7.26255
800000 7.25781
810000 7.18965
820000 7.33591
830000 7.13191
840000 7.21405
850000 7.14793
860000 7.11837
870000 7.0493
880000 7.11675
890000 7.15839
900000 7.13918
910000 7.04941
920000 7.01925
930000 7.00453
940000 7.11253
950000 7.02322
960000 7.00038
970000 7.08889
980000 7.01734
990000 7.00183
1000000 6.9559
1010000 6.9001
1020000 6.93295
1030000 6.81148
1040000 6.88663
1050000 6.83408
1060000 6.8921
1070000 6.76595
1080000 6.85071
1090000 6.89955
1100000 6.78637
1110000 6.98738
1120000 6.79806
1130000 6.76548
1140000 6.7468
1150000 6.8172
1160000 6.81988
1170000 6.73883
1180000 6.78881
1190000 6.73397
1200000 6.78503
1210000 6.81535
1220000 6.79873
1230000 6.81657
1240000 7.07329
1250000 6.82151
1260000 6.67339
1270000 6.67675
1280000 6.57283
1290000 6.67184
1300000 6.71058
1310000 6.70052
1320000 6.60943
1330000 6.60286
1340000 6.69228
1350000 6.5191
1360000 6.61092
1370000 6.80186
1380000 6.72377
1390000 6.68149
1400000 6.51937
1410000 6.59018
1420000 6.49092
1430000 6.58526
1440000 6.54599
1450000 6.58582
1460000 6.45406
1470000 6.45565
1480000 6.49387
1490000 6.40321
1500000 6.45609
1510000 6.48384
1520000 6.50188
1530000 6.51847
1540000 6.59644
1550000 6.52264
1560000 6.44334
1570000 6.54621
1580000 6.44883
1590000 6.37488
1600000 6.56005
1610000 6.60452
1620000 6.53851
1630000 6.56583
1640000 6.6008
1650000 6.42257
1660000 6.30078
1670000 6.24065
1680000 6.36553
1690000 6.39165
1700000 6.32087
1710000 6.38005
1720000 6.4803
1730000 6.34665
1740000 6.32446
1750000 6.31341
1760000 6.29382
1770000 6.3105
1780000 6.39134
1790000 6.37494
1800000 6.30811
1810000 6.31981
1820000 6.38003
1830000 6.36594
1840000 6.51665
1850000 6.30745
1860000 6.44473
1870000 6.68226
1880000 6.42789
1890000 6.45084
1900000 6.40887
1910000 6.30682
1920000 6.36558
1930000 6.30383
1940000 6.31693
1950000 6.25494
1960000 6.21496
1970000 6.21505
1980000 6.27777
1990000 6.29761
2000000 6.31713
2010000 6.20437
2020000 6.1423
2030000 6.28772
2040000 6.22986
2050000 6.15425
2060000 6.1697
2070000 6.17501
2080000 6.1103
2090000 6.10104
2100000 6.15345
2110000 6.11224
2120000 6.18865
2130000 6.12918
2140000 6.14856
2150000 6.11303
2160000 6.18243
2170000 6.1836
2180000 6.35314
2190000 6.37188
2200000 6.28352
2210000 6.20845
2220000 6.15828
2230000 6.20851
2240000 6.17636
2250000 6.22625
2260000 6.21962
2270000 6.02648
2280000 6.21743
2290000 6.1931
2300000 6.1344
2310000 6.17205
2320000 6.05498
2330000 6.31141
2340000 6.43429
2350000 6.22982
2360000 6.3108
2370000 6.20499
2380000 6.18241
2390000 6.19484
2400000 6.14935
2410000 6.11666
2420000 6.2757
2430000 6.13396
2440000 6.12868
2450000 6.0397
2460000 6.0913
2470000 6.03431
2480000 6.03586
2490000 6.06509
2500000 6.16533
2510000 6.1493
2520000 6.0198
2530000 6.15174
2540000 6.07991
2550000 6.16145
2560000 5.99697
2570000 6.13631
2580000 6.19459
2590000 6.09691
2600000 6.05893
2610000 5.98287
2620000 6.10778
2630000 6.10214
2640000 6.14936
2650000 6.03405
2660000 6.17538
2670000 6.1538
2680000 6.14475
2690000 6.21105
2700000 6.14273
2710000 6.05365
2720000 6.07085
2730000 6.05769
2740000 6.02903
2750000 6.08469
2760000 6.05514
2770000 5.99167
2780000 6.02245
2790000 6.24315
2800000 6.05025
2810000 5.97573
2820000 5.90371
2830000 6.0009
2840000 5.99554
2850000 6.00343
2860000 6.16572
2870000 6.14262
2880000 6.04914
2890000 6.03738
2900000 5.98425
2910000 6.01085
2920000 5.99567
2930000 5.95765
2940000 5.96215
2950000 6.01513
2960000 6.25926
2970000 6.17703
2980000 6.16972
2990000 6.01184
3000000 6.06673
3010000 5.99372
3020000 5.99998
3030000 5.98458
3040000 6.06569
3050000 6.05568
3060000 6.00706
3070000 5.88995
3080000 5.94987
3090000 5.96534
3100000 5.92114
3110000 5.9673
3120000 6.0459
3130000 5.90947
3140000 5.96233
3150000 5.94971
3160000 6.0325
3170000 5.96055
3180000 6.01426
3190000 5.94036
3200000 5.97304
3210000 5.98501
3220000 6.02452
3230000 6.12916
3240000 6.01128
3250000 5.89946
3260000 5.9106
3270000 6.00983
3280000 5.96626
3290000 5.96685
3300000 6.03644
3310000 5.86125
3320000 5.92443
3330000 5.99871
3340000 5.98432
3350000 5.97475
3360000 6.1754
3370000 5.96043
3380000 6.01182
3390000 5.8395
3400000 5.95371
3410000 5.99219
3420000 6.00984
3430000 6.0433
3440000 5.94575
3450000 6.11309
3460000 6.03355
3470000 5.93774
3480000 5.97811
3490000 5.88899
3500000 5.90449
3510000 5.86471
3520000 5.90614
3530000 5.91556
3540000 5.97603
3550000 5.945
3560000 5.89797
3570000 5.93548
3580000 5.98555
3590000 5.84149
3600000 5.90779
3610000 6.03301
3620000 6.018
3630000 5.98765
3640000 5.88203
3650000 5.91822
3660000 5.82516
3670000 5.81752
3680000 6.12166
3690000 5.98272
3700000 5.89683
3710000 5.91301
3720000 5.94311
3730000 5.92579
3740000 5.93402
3750000 5.93676
3760000 5.84421
3770000 5.78614
3780000 5.90308
3790000 5.84568
3800000 5.89742
3810000 6.02974
3820000 5.91244
3830000 5.81796
3840000 5.94244
3850000 5.81315
3860000 5.84706
3870000 5.7245
3880000 5.84078
3890000 5.84343
3900000 5.80069
3910000 5.82289
3920000 5.75727
3930000 5.97157
3940000 5.82416
3950000 5.84544
3960000 5.87904
3970000 5.8629
3980000 5.85022
3990000 5.90898
4000000 5.84151
4010000 5.87466
4020000 5.81613
4030000 5.89541
4040000 5.90793
4050000 5.89301
4060000 5.76652
4070000 5.8829
4080000 5.77342
4090000 5.81995
4100000 5.82056
4110000 5.76587
4120000 5.76943
4130000 5.82258
4140000 5.91111
4150000 5.75201
4160000 5.82213
4170000 5.76778
4180000 5.77867
4190000 5.85442
4200000 5.90779
4210000 5.84859
4220000 5.84915
4230000 5.961
4240000 5.74008
4250000 5.87118
4260000 5.76778
4270000 5.78447
4280000 5.76925
4290000 5.78674
4300000 5.73413
4310000 5.7408
4320000 5.87106
4330000 5.70464
4340000 5.68615
4350000 5.83195
4360000 6.22863
4370000 6.00018
4380000 5.8608
4390000 5.91393
4400000 5.84874
4410000 5.80595
4420000 5.82777
4430000 5.82496
4440000 5.68752
4450000 5.70201
4460000 5.75457
4470000 5.80971
4480000 5.78664
4490000 5.77835
4500000 5.77661
4510000 5.66518
4520000 5.80037
4530000 5.85463
4540000 5.86504
4550000 5.88877
4560000 5.68234
4570000 5.74668
4580000 5.7212
4590000 5.79524
4600000 6.18104
4610000 5.96438
4620000 5.94619
4630000 5.78247
4640000 5.81665
4650000 5.72008
4660000 5.84614
4670000 5.77767
4680000 5.86423
4690000 5.84111
4700000 5.71316
4710000 5.78076
4720000 5.73518
4730000 5.72039
4740000 5.79165
4750000 5.70973
4760000 5.82063
4770000 5.77378
4780000 5.86347
4790000 5.80635
4800000 5.84773
4810000 5.73814
4820000 5.77688
4830000 5.69543
4840000 5.79604
4850000 5.68652
4860000 5.83785
4870000 5.88561
4880000 5.74808
4890000 5.81277
4900000 5.69433
4910000 5.69113
4920000 5.72074
4930000 5.64826
4940000 5.67253
4950000 5.7487
4960000 5.70068
4970000 5.70363
4980000 5.78857
4990000 5.76255
5000000 5.75709
5010000 5.62308
5020000 5.92428
5030000 6.03215
5040000 5.76514
5050000 5.83118
5060000 5.87128
5070000 5.73847
5080000 5.79541
5090000 5.78086
5100000 5.70415
5110000 5.7076
5120000 5.65081
5130000 5.7093
5140000 5.82745
5150000 5.8773
5160000 5.84299
5170000 5.64383
5180000 5.79466
5190000 5.7447
5200000 5.68332
5210000 5.75693
5220000 5.77348
5230000 5.66721
5240000 5.70172
5250000 5.80086
5260000 5.79637
5270000 5.83137
5280000 5.71935
5290000 5.737
5300000 5.82775
5310000 5.63082
5320000 5.84869
5330000 5.75518
5340000 5.82834
5350000 5.62932
5360000 5.72377
5370000 5.65594
5380000 5.73103
5390000 5.71095
5400000 5.75328
5410000 5.62625
5420000 5.69982
5430000 5.64007
5440000 5.64804
5450000 5.87225
5460000 5.70688
5470000 5.61795
5480000 5.68664
5490000 5.76372
5500000 5.74344
5510000 5.62408
5520000 5.75517
5530000 5.67935
5540000 5.79533
5550000 5.65429
5560000 5.80525
5570000 5.67595
5580000 5.69823
5590000 5.64266
5600000 5.66079
5610000 5.76427
5620000 5.77344
5630000 5.8633
5640000 5.65989
5650000 5.65169
5660000 5.56699
5670000 5.68412
5680000 5.69651
5690000 5.67785
5700000 5.65933
5710000 5.57684
5720000 5.75614
5730000 5.61596
5740000 5.53545
5750000 5.55024
5760000 5.60986
5770000 5.57592
5780000 5.56488
5790000 5.66237
5800000 5.63911
5810000 5.62616
5820000 5.67173
5830000 5.72786
5840000 5.69738
5850000 5.62557
5860000 5.55664
5870000 5.518
5880000 5.63491
5890000 5.68181
5900000 5.64684
5910000 5.67466
5920000 5.64878
5930000 5.68972
5940000 5.55862
5950000 5.61471
5960000 5.59298
5970000 5.54595
5980000 5.76472
5990000 5.70216
6000000 5.62742
6010000 5.60329
6020000 5.57446
6030000 5.62383
6040000 5.63531
6050000 5.65042
6060000 5.52882
6070000 5.56566
6080000 5.55643
6090000 5.52599
6100000 5.56261
6110000 5.55758
6120000 5.58105
6130000 5.49918
6140000 5.55257
6150000 5.7505
6160000 5.66009
6170000 5.51233
6180000 5.76069
6190000 5.60068
6200000 5.70848
6210000 5.55407
6220000 5.60131
6230000 5.65516
6240000 5.63723
6250000 5.53342
6260000 5.7126
6270000 5.6483
6280000 5.59057
6290000 5.69092
6300000 5.63547
6310000 5.58362
6320000 5.72532
6330000 5.65851
6340000 5.67737
6350000 5.52314
6360000 5.55095
6370000 5.64534
6380000 5.69418
6390000 5.62827
6400000 5.53983
6410000 5.60877
6420000 5.69608
6430000 5.52554
6440000 5.55805
6450000 5.507
6460000 5.62214
6470000 5.82518
6480000 5.75694
6490000 5.69246
6500000 5.70228
6510000 5.68627
6520000 5.69689
6530000 5.66517
6540000 5.6832
6550000 5.66992
6560000 5.54542
6570000 5.64023
6580000 5.58844
6590000 5.61462
6600000 5.53647
6610000 5.60752
6620000 5.65983
6630000 5.77211
6640000 5.57782
6650000 5.55883
6660000 5.69496
6670000 5.71423
6680000 5.61323
6690000 5.79889
6700000 5.74609
6710000 5.66079
6720000 5.58428
6730000 5.55794
6740000 5.63254
6750000 5.61013
6760000 5.52455
6770000 5.69236
6780000 5.55059
6790000 5.67185
6800000 5.57745
6810000 5.52666
6820000 5.49924
6830000 5.80897
6840000 5.75955
6850000 5.58027
6860000 5.61046
6870000 5.58841
6880000 5.60122
6890000 5.59128
6900000 5.56046
6910000 5.66583
6920000 5.70496
6930000 5.59501
6940000 5.55318
6950000 5.53491
6960000 5.63599
6970000 5.52178
6980000 5.53063
6990000 5.68581
7000000 5.50502
7010000 5.64908
7020000 5.62345
7030000 5.6444
7040000 5.72439
7050000 5.53076
7060000 5.56883
7070000 5.53427
7080000 5.47582
7090000 5.43469
7100000 5.47465
7110000 5.56582
7120000 5.45327
7130000 5.66748
7140000 5.75567
7150000 5.62701
7160000 5.60786
7170000 5.57649
7180000 5.61173
7190000 5.63597
7200000 5.55538
7210000 5.52516
7220000 5.44081
7230000 5.55017
7240000 5.51959
7250000 5.6677
7260000 5.4963
7270000 5.5816
7280000 5.51173
7290000 5.549
7300000 5.53564
7310000 5.47627
7320000 5.36163
7330000 5.42464
7340000 5.56637
7350000 5.53777
7360000 5.67347
7370000 5.49703
7380000 5.44133
7390000 5.58662
7400000 5.72894
7410000 5.53968
7420000 5.69932
7430000 5.74724
7440000 5.71139
7450000 5.62635
7460000 5.63278
7470000 5.52261
7480000 5.52905
7490000 5.60042
7500000 5.59388
7510000 5.60894
7520000 5.69569
7530000 5.7741
7540000 5.86749
7550000 5.61503
7560000 5.52763
7570000 5.4479
7580000 5.63317
7590000 5.60143
7600000 5.44457
7610000 5.48946
7620000 5.4817
7630000 5.46769
7640000 5.46674
7650000 5.57882
7660000 5.54699
7670000 5.62346
7680000 5.59575
7690000 5.61459
7700000 5.44728
7710000 5.47318
7720000 5.54495
7730000 5.46784
7740000 5.4282
7750000 5.47993
7760000 5.44799
7770000 5.45822
7780000 5.44494
7790000 5.65121
7800000 5.65939
7810000 5.56923
7820000 5.53064
7830000 5.46156
7840000 5.84617
7850000 5.57427
7860000 5.59067
7870000 5.61373
7880000 5.55127
7890000 5.56603
7900000 5.59999
7910000 5.59195
7920000 5.49456
7930000 5.51903
7940000 5.48359
7950000 5.54482
7960000 5.54574
7970000 5.52308
7980000 5.45387
7990000 5.50601
8000000 5.46401
8010000 5.42709
8020000 5.61523
8030000 5.51976
8040000 5.45183
8050000 5.51909
8060000 5.37715
8070000 5.43306
8080000 5.54869
8090000 5.44638
8100000 5.44411
8110000 5.5067
8120000 5.59345
8130000 5.39539
8140000 5.52397
8150000 5.50222
8160000 5.48774
8170000 5.5473
8180000 5.84114
8190000 5.64518
8200000 5.58928
8210000 5.54909
8220000 5.44986
8230000 5.51758
8240000 5.66774
8250000 5.58878
8260000 5.48211
8270000 5.55732
8280000 5.47013
8290000 5.52872
8300000 5.58292
8310000 5.44222
8320000 5.42541
8330000 5.443
8340000 5.46065
8350000 5.42061
8360000 5.56321
8370000 5.4639
8380000 5.64565
8390000 5.67056
8400000 5.45282
8410000 5.54569
8420000 5.58516
8430000 5.64815
8440000 5.51937
8450000 5.59757
8460000 5.75219
8470000 5.54212
8480000 5.61211
8490000 5.50665
8500000 5.44833
8510000 5.4791
8520000 5.60046
8530000 5.69906
8540000 5.71971
8550000 5.58472
8560000 5.62398
8570000 5.45622
8580000 5.42506
8590000 5.43086
8600000 5.45263
8610000 5.57169
8620000 5.66095
8630000 5.61858
8640000 5.62754
8650000 5.57316
8660000 5.51717
8670000 5.38359
8680000 5.472
8690000 5.48183
8700000 5.40887
8710000 5.49737
8720000 5.5862
8730000 5.60721
8740000 5.75693
8750000 5.52004
8760000 5.65815
8770000 5.63728
8780000 5.41172
8790000 5.47093
8800000 5.61903
8810000 5.51752
8820000 5.53345
8830000 5.51516
8840000 5.46571
8850000 5.65774
8860000 5.58249
8870000 5.47421
8880000 5.55634
8890000 5.43672
8900000 5.44628
8910000 5.5839
8920000 5.78222
8930000 5.50896
8940000 5.5142
8950000 5.46529
8960000 5.46116
8970000 5.46744
8980000 5.47321
8990000 5.40754
9000000 5.49199
9010000 5.43072
9020000 5.55603
9030000 5.49885
9040000 5.44094
9050000 5.34185
9060000 5.68791
9070000 5.47251
9080000 5.44661
9090000 5.42896
9100000 5.50342
9110000 5.43067
9120000 5.36211
9130000 5.64212
9140000 5.47281
9150000 5.52153
9160000 5.68508
9170000 5.90177
9180000 5.52967
9190000 5.62675
9200000 5.56003
9210000 5.49738
9220000 5.50049
9230000 5.46941
9240000 5.44234
9250000 5.46012
9260000 5.36096
9270000 5.37091
9280000 5.40905
9290000 5.41106
9300000 5.45711
9310000 5.65981
9320000 5.50707
9330000 5.54646
9340000 5.60484
9350000 5.58974
9360000 5.61851
9370000 5.49717
9380000 5.59258
9390000 5.61308
9400000 5.65357
9410000 5.59269
9420000 5.53004
9430000 5.49202
9440000 5.50988
9450000 5.47646
9460000 5.53395
9470000 5.48741
9480000 5.5871
9490000 5.53321
9500000 5.4263
9510000 5.51263
9520000 5.50987
9530000 5.3684
9540000 5.41086
9550000 5.38632
9560000 5.5173
9570000 5.30748
9580000 5.45442
9590000 5.42198
9600000 5.56352
9610000 5.48001
9620000 5.50372
9630000 5.55981
9640000 5.50953
9650000 5.38183
9660000 5.46462
9670000 5.41352
9680000 5.41526
9690000 5.74844
9700000 5.63906
9710000 5.571
9720000 5.53393
9730000 5.58445
9740000 5.51247
9750000 5.46824
9760000 5.45518
9770000 5.52921
9780000 5.3518
9790000 5.53905
9800000 5.5036
9810000 5.40449
9820000 5.37859
9830000 5.57396
9840000 5.59537
9850000 5.56497
9860000 5.54568
9870000 5.50998
9880000 5.56478
9890000 5.48292
9900000 5.51425
9910000 5.5276
9920000 5.44021
9930000 5.65436
9940000 5.72122
9950000 5.69714
9960000 5.50401
9970000 5.60821
9980000 5.65496
9990000 5.70485
10000000 5.63644
10010000 5.45691
10020000 5.40656
10030000 5.43004
10040000 5.35061
10050000 5.42364
10060000 5.52112
10070000 5.58648
10080000 5.4411
10090000 5.44873
10100000 5.44103
10110000 5.52741
10120000 5.52497
10130000 5.41352
10140000 5.44074
10150000 5.57122
10160000 5.3945
10170000 5.39143
10180000 5.42149
10190000 5.44619
10200000 5.4943
10210000 5.5385
10220000 5.41178
10230000 5.48746
10240000 5.56783
10250000 5.51735
10260000 5.46319
10270000 5.45305
10280000 5.57436
10290000 5.52961
10300000 5.44087
10310000 5.36594
10320000 5.47144
10330000 5.32823
10340000 5.40532
10350000 5.41805
10360000 5.40545
10370000 5.52926
10380000 5.51635
10390000 5.51586
10400000 5.72335
10410000 5.45865
10420000 5.511
10430000 5.53388
10440000 5.51922
10450000 5.46867
10460000 5.58615
10470000 5.52118
10480000 5.50016
10490000 5.59672
10500000 5.43891
10510000 5.35278
10520000 5.39833
10530000 5.43983
10540000 5.32867
10550000 5.38926
10560000 5.38491
10570000 5.35468
10580000 5.45948
10590000 5.55654
10600000 5.46316
10610000 5.47673
10620000 5.31696
10630000 5.60344
10640000 5.41816
10650000 5.52596
10660000 5.5303
10670000 5.52336
10680000 5.47332
10690000 5.59691
10700000 5.43631
10710000 5.47361
10720000 5.4185
10730000 5.41029
10740000 5.40216
10750000 5.42574
10760000 5.46893
10770000 5.42967
10780000 5.38724
10790000 5.50026
10800000 5.42706
10810000 5.49553
10820000 5.34067
10830000 5.44772
10840000 5.3859
10850000 5.32162
10860000 5.39091
10870000 5.44375
10880000 5.42384
10890000 5.46713
10900000 5.32786
10910000 5.552
10920000 5.4207
10930000 5.48916
10940000 5.4253
10950000 5.45226
10960000 5.46409
10970000 5.52939
10980000 5.4664
10990000 5.52912
11000000 5.44236
11010000 5.44057
11020000 5.47189
11030000 5.42233
11040000 5.44778
11050000 5.50387
11060000 5.40974
11070000 5.41171
11080000 5.40354
11090000 5.4965
11100000 5.38493
11110000 5.56939
11120000 5.5329
11130000 5.53076
11140000 5.56323
11150000 5.42602
11160000 5.40151
11170000 5.35266
11180000 5.41842
11190000 5.4214
11200000 5.43155
11210000 5.36222
11220000 5.40934
11230000 5.39518
11240000 5.42198
11250000 5.41336
11260000 5.33964
11270000 5.27381
11280000 5.36635
11290000 5.58085
11300000 5.43009
11310000 5.3017
11320000 5.38062
11330000 5.55423
11340000 5.44364
11350000 5.46156
11360000 5.35755
11370000 5.42404
11380000 5.41426
11390000 5.37214
11400000 5.35021
11410000 5.32973
11420000 5.46026
11430000 5.38393
11440000 5.25244
11450000 5.33282
11460000 5.42459
11470000 5.27083
11480000 5.27127
11490000 5.43484
11500000 5.39072
11510000 5.34876
11520000 5.29865
11530000 5.29525
11540000 5.33459
11550000 5.41722
11560000 5.37509
11570000 5.47005
11580000 5.33086
11590000 5.40055
11600000 5.39365
11610000 5.43669
11620000 5.63002
11630000 5.60013
11640000 5.32886
11650000 5.38312
11660000 5.43627
11670000 5.46076
11680000 5.57704
11690000 5.63287
11700000 5.43483
11710000 5.39875
11720000 5.39537
11730000 5.3469
11740000 5.32291
11750000 5.34198
11760000 5.37008
11770000 5.45052
11780000 5.29155
11790000 5.31192
11800000 5.34356
11810000 5.33776
11820000 5.38586
11830000 5.29803
11840000 5.38787
11850000 5.34962
11860000 5.42895
11870000 5.36053
11880000 5.53708
11890000 5.4853
11900000 5.54455
11910000 5.42955
11920000 5.3016
11930000 5.3166
11940000 5.39076
11950000 5.41091
11960000 5.41718
11970000 5.44089
11980000 5.54218
11990000 5.35992
12000000 5.35539
12010000 5.32674
12020000 5.27526
12030000 5.32704
12040000 5.46168
12050000 5.48737
12060000 5.3495
12070000 5.35395
12080000 5.43634
12090000 5.4184
12100000 5.47175
12110000 5.40171
12120000 5.30099
12130000 5.35375
12140000 5.45227
12150000 5.50524
12160000 5.3964
12170000 5.33517
12180000 5.38253
12190000 5.45372
12200000 5.43499
12210000 5.5539
12220000 5.46883
12230000 5.41795
12240000 5.42637
12250000 5.56793
12260000 5.31687
12270000 5.41878
12280000 5.38391
12290000 5.42224
12300000 5.46378
12310000 5.35292
12320000 5.31078
12330000 5.39665
12340000 5.44121
12350000 5.39064
12360000 5.45008
12370000 5.42982
12380000 5.60223
12390000 5.51215
12400000 5.49156
12410000 5.45998
12420000 5.29897
12430000 5.36623
12440000 5.3436
12450000 5.34546
12460000 5.32454
12470000 5.33169
12480000 5.36385
12490000 5.31611
12500000 5.44861
12510000 5.26349
12520000 5.33062
12530000 5.35675
12540000 5.38364
12550000 5.38828
12560000 5.32718
12570000 5.36018
12580000 5.2702
12590000 5.35521
12600000 5.30606
12610000 5.31926
12620000 5.44406
12630000 5.31529
12640000 5.42426
12650000 5.56842
12660000 5.47729
12670000 5.36354
12680000 5.39663
12690000 5.38159
12700000 5.49218
12710000 5.45858
12720000 5.41396
12730000 5.39523
12740000 5.38509
12750000 5.40322
12760000 5.44441
12770000 5.31944
12780000 5.42
12790000 5.45719
12800000 5.41565
12810000 5.4525
12820000 5.36452
12830000 5.23234
12840000 5.34651
12850000 5.3707
12860000 5.39815
12870000 5.5259
12880000 5.42433
12890000 5.36032
12900000 5.32028
12910000 5.34371
12920000 5.34557
12930000 5.31681
12940000 5.30936
12950000 5.36756
12960000 5.30261
12970000 5.49783
12980000 5.46101
12990000 5.33788
13000000 5.39044
13010000 5.34579
13020000 5.33101
13030000 5.31459
13040000 5.44434
13050000 5.30261
13060000 5.4036
13070000 5.37608
13080000 5.47854
13090000 5.52027
13100000 5.30552
13110000 5.35177
13120000 5.33757
13130000 5.50025
13140000 5.40444
13150000 5.55875
13160000 5.44302
13170000 5.37414
13180000 5.34616
13190000 5.36527
13200000 5.33157
13210000 5.39987
13220000 5.41795
13230000 5.64367
13240000 5.36716
13250000 5.28652
13260000 5.32175
13270000 5.2694
13280000 5.21061
13290000 5.2868
13300000 5.37917
13310000 5.42814
13320000 5.55997
13330000 5.49087
13340000 5.34908
13350000 5.39683
13360000 5.39876
13370000 5.49121
13380000 5.48423
13390000 5.43976
13400000 5.41516
13410000 5.33132
13420000 5.26446
13430000 5.36801
13440000 5.36191
13450000 5.3146
13460000 5.29591
13470000 5.2507
13480000 5.37764
13490000 5.2649
13500000 5.4597
13510000 5.36328
13520000 5.34675
13530000 5.23264
13540000 5.35922
13550000 5.31835
13560000 5.43925
13570000 5.32942
13580000 5.3117
13590000 5.30784
13600000 5.33445
13610000 5.25091
13620000 5.30672
13630000 5.29112
13640000 5.35168
13650000 5.48217
13660000 5.41531
13670000 5.41277
13680000 5.29886
13690000 5.29172
13700000 5.28138
13710000 5.37828
13720000 5.42666
13730000 5.39094
13740000 5.40728
13750000 5.31926
13760000 5.45189
13770000 5.3938
13780000 5.35956
13790000 5.29332
13800000 5.34565
13810000 5.44324
13820000 5.38236
13830000 5.35392
13840000 5.30341
13850000 5.36368
13860000 5.40504
13870000 5.45846
13880000 5.37652
13890000 5.3792
13900000 5.37353
13910000 5.34324
13920000 5.24333
13930000 5.30878
13940000 5.34735
13950000 5.43532
13960000 5.24874
13970000 5.34001
13980000 5.28926
13990000 5.2255
14000000 5.32579
14010000 5.34766
14020000 5.36137
14030000 5.33417
14040000 5.45914
14050000 5.28865
14060000 5.40272
14070000 5.29198
14080000 5.38179
14090000 5.28503
14100000 8.15636
14110000 5.81459
14120000 5.48144
14130000 5.38912
14140000 5.47939
14150000 5.58298
14160000 5.39599
14170000 5.46471
14180000 5.3982
14190000 5.37149
14200000 5.2388
14210000 5.28019
14220000 5.27756
14230000 5.31483
14240000 5.33839
14250000 5.36541
14260000 5.44121
14270000 5.25704
14280000 5.29773
14290000 5.36313
14300000 5.30899
14310000 5.2723
14320000 5.37137
14330000 5.3739
14340000 5.28291
14350000 5.32136
14360000 5.40891
14370000 5.27461
14380000 5.52731
14390000 5.35768
14400000 5.30823
14410000 5.42104
14420000 5.42013
14430000 5.44612
14440000 5.4176
14450000 5.3918
14460000 5.41614
14470000 5.4044
14480000 5.33835
14490000 5.64911
14500000 5.51596
14510000 5.34383
14520000 5.42572
14530000 5.25112
14540000 5.3878
14550000 5.36658
14560000 5.28255
14570000 5.52535
14580000 5.49486
14590000 5.42804
14600000 5.32939
14610000 5.48304
14620000 5.26603
14630000 5.30381
14640000 5.30597
14650000 5.36816
14660000 5.30418
14670000 5.35218
14680000 5.34439
14690000 5.3634
14700000 5.40391
14710000 5.43939
14720000 5.37119
14730000 5.31931
14740000 5.38194
14750000 5.47797
14760000 5.26419
14770000 5.22318
14780000 5.4011
14790000 5.2627
14800000 5.30663
14810000 5.36268
14820000 5.33046
14830000 5.3387
14840000 5.27881
14850000 5.31713
14860000 5.3145
14870000 5.28531
14880000 5.31684
14890000 5.27835
14900000 5.20414
14910000 5.32122
14920000 5.29991
14930000 5.32274
14940000 5.31744
14950000 5.4031
14960000 5.38595
14970000 5.4662
14980000 5.28988
14990000 5.3115
15000000 5.28235
15010000 5.25437
15020000 5.3482
15030000 5.34545
15040000 5.46321
15050000 5.3128
15060000 5.28638
15070000 5.30353
15080000 5.18934
15090000 5.25191
15100000 5.24682
15110000 5.35496
15120000 5.31898
15130000 5.30462
15140000 5.22251
15150000 5.25033
15160000 5.33248
15170000 5.3075
15180000 5.39685
15190000 5.57999
15200000 5.51723
15210000 5.35591
15220000 5.44595
15230000 5.36676
15240000 5.33231
15250000 5.28293
15260000 5.40341
15270000 5.3313
15280000 5.37417
15290000 5.28478
15300000 5.29804
15310000 5.40933
15320000 5.35551
15330000 5.28595
15340000 5.4618
15350000 5.31661
15360000 5.44956
15370000 5.39184
15380000 5.37186
15390000 5.38841
15400000 5.3455
15410000 5.43991
15420000 5.34807
15430000 5.39853
15440000 5.29502
15450000 5.33153
15460000 5.34487
15470000 5.36745
15480000 5.24733
15490000 5.53149
15500000 5.47946
15510000 5.31976
15520000 5.40188
15530000 5.2433
15540000 5.53949
15550000 5.49084
15560000 5.3753
15570000 5.35572
15580000 5.21689
15590000 5.22494
15600000 5.41505
15610000 5.39852
15620000 5.42711
15630000 5.33269
15640000 5.27814
15650000 5.59706
15660000 5.81415
15670000 5.58037
15680000 5.61883
15690000 5.51005
15700000 5.43828
15710000 5.44636
15720000 5.33041
15730000 5.43506
15740000 5.30965
15750000 5.42585
15760000 5.40982
15770000 5.33778
15780000 5.16289
15790000 5.36079
15800000 5.33695
15810000 5.24421
15820000 5.32911
15830000 5.3065
15840000 5.43878
15850000 5.23966
15860000 5.23127
15870000 5.17984
15880000 5.34534
15890000 5.30047
15900000 5.34204
15910000 5.38498
15920000 5.33473
15930000 5.48577
15940000 5.31138
15950000 5.28192
15960000 5.25701
15970000 5.29989
15980000 5.232
15990000 5.20411
16000000 5.19442
16010000 5.27105
16020000 5.35312
16030000 5.19522
16040000 5.28201
16050000 5.18573
16060000 5.25119
16070000 5.30438
16080000 5.45062
16090000 5.23048
16100000 5.2859
16110000 5.25502
16120000 5.3488
16130000 5.31364
16140000 5.19705
16150000 5.42689
16160000 5.26864
16170000 5.23044
16180000 5.30994
16190000 5.31729
16200000 5.78718
16210000 5.52292
16220000 5.47361
16230000 5.25434
16240000 5.44455
16250000 5.50242
16260000 5.41347
16270000 5.38311
16280000 5.40064
16290000 5.26064
16300000 5.2846
16310000 5.29535
16320000 5.57004
16330000 5.4196
16340000 5.61871
16350000 5.26608
16360000 5.22496
16370000 5.2831
16380000 5.3157
16390000 5.33159
16400000 5.29985
16410000 5.19294
16420000 5.28904
16430000 5.30003
16440000 5.23434
16450000 5.35941
16460000 5.26429
16470000 5.14146
16480000 5.52729
16490000 5.57127
16500000 5.32485
16510000 5.37583
16520000 5.35396
16530000 5.28151
16540000 5.32365
16550000 5.34733
16560000 5.33008
16570000 5.43449
16580000 5.26504
16590000 5.26589
16600000 5.30591
16610000 5.25729
16620000 5.19271
16630000 5.28596
16640000 5.35033
16650000 5.53793
16660000 5.47837
16670000 5.36832
16680000 5.32661
16690000 5.26796
16700000 5.29209
16710000 5.32152
16720000 5.40103
16730000 5.20185
16740000 5.35559
16750000 5.30628
16760000 5.23159
16770000 5.20025
16780000 5.24416
16790000 5.47234
16800000 5.25235
16810000 5.30022
16820000 5.23981
16830000 5.33804
16840000 5.2324
16850000 5.30872
16860000 5.27102
16870000 5.20156
16880000 5.19765
16890000 5.20728
16900000 5.15024
16910000 5.39403
16920000 5.24896
16930000 5.26339
16940000 5.22694
16950000 5.34569
16960000 5.27995
16970000 5.30776
16980000 5.26126
16990000 5.2218
17000000 5.30634
17010000 5.44853
17020000 5.31584
17030000 5.31665
17040000 5.30573
17050000 5.35131
17060000 5.26572
17070000 5.33168
17080000 5.29338
17090000 5.22557
17100000 5.31292
17110000 5.32925
17120000 5.26453
17130000 5.32962
17140000 5.42902
17150000 5.22745
17160000 5.24763
17170000 5.31836
17180000 5.21677
17190000 5.31445
17200000 5.5056
17210000 5.21739
17220000 5.41217
17230000 5.25978
17240000 5.33031
17250000 5.26396
17260000 5.33109
17270000 5.36827
17280000 5.29422
17290000 5.38223
17300000 5.3581
17310000 5.23993
17320000 5.3237
17330000 5.26213
17340000 5.18705
17350000 5.25998
17360000 5.26901
17370000 5.20767
17380000 5.34046
17390000 5.35805
17400000 5.26264
17410000 5.28322
17420000 5.28119
17430000 5.29894
17440000 5.4827
17450000 5.20353
17460000 5.23461
17470000 5.34923
17480000 5.28449
17490000 5.19366
17500000 5.34804
17510000 5.30178
17520000 5.27978
17530000 5.21524
17540000 5.33006
17550000 5.22926
17560000 5.29245
17570000 5.29598
17580000 5.2433
17590000 5.39201
17600000 5.23245
17610000 5.25034
17620000 5.21199
17630000 5.12062
17640000 5.22745
17650000 5.13346
17660000 5.60704
17670000 5.61957
17680000 5.34834
17690000 5.30799
17700000 5.24259
17710000 5.13717
17720000 5.27189
17730000 5.17581
17740000 5.20223
17750000 5.36538
17760000 5.18736
17770000 5.13756
17780000 5.29907
17790000 5.29389
17800000 5.17539
17810000 5.26327
17820000 5.16945
17830000 5.37055
17840000 5.22927
17850000 5.25475
17860000 5.19718
17870000 5.27891
17880000 5.47491
17890000 5.39533
17900000 5.22205
17910000 5.24308
17920000 5.2519
17930000 5.25004
17940000 5.26361
17950000 5.26453
17960000 5.23289
17970000 5.30347
17980000 5.16113
17990000 5.17229
18000000 5.26713
18010000 5.31457
18020000 5.1564
18030000 5.22167
18040000 5.27485
18050000 5.26499
18060000 5.23625
18070000 5.21301
18080000 5.22444
18090000 5.26074
18100000 5.16293
18110000 5.23259
18120000 5.283
18130000 5.34832
18140000 5.28138
18150000 5.1367
18160000 5.34296
18170000 5.31777
18180000 5.17601
18190000 5.20926
18200000 5.20991
18210000 5.26603
18220000 5.30515
18230000 5.29243
18240000 5.21916
18250000 5.27459
18260000 5.36233
18270000 5.32566
18280000 5.23299
18290000 5.28759
18300000 5.31434
18310000 5.32205
18320000 5.28397
18330000 5.61351
18340000 5.38549
18350000 5.29526
18360000 5.39069
18370000 5.36582
18380000 5.47845
18390000 5.21502
18400000 5.22448
18410000 5.17454
18420000 5.1505
18430000 5.29143
18440000 5.18338
18450000 5.25334
18460000 5.21256
18470000 5.2893
18480000 5.24683
18490000 5.40711
18500000 5.25028
18510000 5.27776
18520000 5.21535
18530000 5.2001
18540000 5.20017
18550000 5.14449
18560000 5.2138
18570000 5.21679
18580000 5.32746
18590000 5.22453
18600000 5.25708
18610000 5.28366
18620000 5.19713
18630000 5.18704
18640000 5.31252
18650000 5.32912
18660000 5.28731
18670000 5.13183
18680000 5.20763
18690000 5.18358
18700000 5.21535
18710000 5.16299
18720000 5.25176
18730000 5.36494
18740000 5.28422
18750000 5.28482
18760000 5.26418
18770000 5.30799
18780000 5.22235
18790000 5.24462
18800000 5.25549
18810000 5.26498
18820000 5.24779
18830000 5.46023
18840000 5.35124
18850000 5.29248
18860000 5.31008
18870000 5.38721
18880000 5.34887
18890000 5.37878
18900000 5.28337
18910000 5.24889
18920000 5.33662
18930000 5.18719
18940000 5.19371
18950000 5.32715
18960000 5.27491
18970000 5.3703
18980000 5.31327
18990000 5.24425
19000000 5.23924
19010000 5.13223
19020000 5.2545
19030000 5.35454
19040000 5.33798
19050000 5.32024
19060000 5.29688
19070000 5.36151
19080000 5.28046
19090000 5.3335
19100000 5.34389
19110000 5.38869
19120000 5.30776
19130000 5.28486
19140000 5.38869
19150000 5.49587
19160000 5.22899
19170000 5.33029
19180000 5.42449
19190000 5.3907
19200000 5.24711
19210000 5.2406
19220000 5.15247
19230000 5.22873
19240000 5.1963
19250000 5.18997
19260000 5.13644
19270000 5.22099
19280000 5.32123
19290000 5.20886
19300000 5.34916
19310000 5.31088
19320000 5.24692
19330000 5.20616
19340000 5.18544
19350000 5.45195
19360000 5.19741
19370000 5.39546
19380000 5.23471
19390000 5.25366
19400000 5.18126
19410000 5.20369
19420000 5.15998
19430000 5.20589
19440000 5.21729
19450000 5.195
19460000 5.27457
19470000 5.16028
19480000 5.10698
19490000 5.32258
19500000 5.08503
19510000 5.21196
19520000 5.15234
19530000 5.16406
19540000 5.63095
19550000 5.43696
19560000 5.35042
19570000 5.31257
19580000 5.2571
19590000 5.22414
19600000 5.25509
19610000 5.22757
19620000 5.35008
19630000 5.28788
19640000 5.31274
19650000 5.24872
19660000 5.26264
19670000 5.30667
19680000 5.17313
19690000 5.31332
19700000 5.32462
19710000 5.1908
19720000 5.31673
19730000 5.21952
19740000 5.26989
19750000 5.17855
19760000 5.34864
19770000 5.53118
19780000 5.30413
19790000 5.27561
19800000 5.24541
19810000 5.21087
19820000 5.18101
19830000 5.35966
19840000 5.31872
19850000 5.2183
19860000 5.21114
19870000 5.26801
19880000 5.16366
19890000 5.30538
19900000 5.30393
19910000 5.33281
19920000 5.3928
19930000 5.22433
19940000 5.23918
19950000 5.17101
19960000 5.20199
19970000 5.36277
19980000 5.21492
19990000 5.3808
20000000 5.38758
20010000 5.34454
20020000 5.29609
20030000 5.1911
20040000 5.20052
20050000 5.13745
20060000 5.23344
20070000 5.17729
20080000 5.1924
20090000 5.26793
20100000 5.19363
20110000 5.18637
20120000 5.20948
20130000 5.21736
20140000 5.19645
20150000 5.20605
20160000 5.1206
20170000 5.1822
20180000 5.15113
20190000 5.20471
20200000 5.22198
20210000 5.21481
20220000 5.15853
20230000 5.09713
20240000 5.25681
20250000 5.15898
20260000 5.16826
20270000 5.20424
20280000 5.17261
20290000 5.16853
20300000 5.27382
20310000 5.43628
20320000 5.41632
20330000 5.31495
20340000 5.36557
20350000 5.30954
20360000 5.1846
20370000 5.33171
20380000 5.21314
20390000 5.49073
20400000 5.70162
20410000 5.50375
20420000 5.55513
20430000 5.36817
20440000 5.53879
20450000 5.42379
20460000 5.56046
20470000 5.41237
20480000 5.28315
20490000 5.22732
20500000 5.267
20510000 5.21426
20520000 5.18914
20530000 5.24491
20540000 5.52939
20550000 5.35574
20560000 5.21427
20570000 5.1235
20580000 5.11133
20590000 5.2563
20600000 5.17567
20610000 5.27208
20620000 5.15178
20630000 5.23054
20640000 5.16137
20650000 5.26225
20660000 5.30277
20670000 5.18088
20680000 5.17656
20690000 5.30013
20700000 5.2887
20710000 5.15679
20720000 5.22661
20730000 5.18966
20740000 5.27415
20750000 5.23517
20760000 5.19273
20770000 5.16322
20780000 5.34682
20790000 5.19559
20800000 5.35026
20810000 5.3928
20820000 5.36105
20830000 5.4428
20840000 5.27741
20850000 5.48793
20860000 5.25259
20870000 5.1435
20880000 5.20567
20890000 5.24199
20900000 5.15732
20910000 5.24798
20920000 5.27528
20930000 5.42999
20940000 5.36126
20950000 5.2548
20960000 5.19541
20970000 5.17686
20980000 5.39403
20990000 5.31469
21000000 5.36025
21010000 5.42048
21020000 5.3041
21030000 5.4145
21040000 5.39745
21050000 5.26166
21060000 5.21016
21070000 5.22892
21080000 5.46334
21090000 5.34289
21100000 5.20434
21110000 5.42775
21120000 5.34307
21130000 5.1928
21140000 5.2397
21150000 5.17096
21160000 5.88139
21170000 5.70531
21180000 5.35818
21190000 5.4022
21200000 5.55134
21210000 5.44641
21220000 5.51857
21230000 5.34307
21240000 5.29422
21250000 5.15874
21260000 5.242
21270000 5.21146
21280000 5.25544
21290000 5.25675
21300000 5.33158
21310000 5.32726
21320000 5.15245
21330000 5.58955
21340000 5.63448
21350000 5.49617
21360000 5.23717
21370000 5.20892
21380000 5.26366
21390000 5.18676
21400000 5.19214
21410000 5.17794
21420000 5.46914
21430000 5.24828
21440000 5.19236
21450000 5.1344
21460000 5.17577
21470000 5.20189
21480000 5.39349
21490000 5.20549
21500000 5.16956
21510000 5.19565
21520000 5.15647
21530000 5.13887
21540000 5.12799
21550000 5.30368
21560000 5.15879
21570000 5.19816
21580000 5.25982
21590000 5.24049
21600000 5.17057
21610000 5.1361
21620000 5.18112
21630000 5.358
21640000 5.31852
21650000 5.15669
21660000 5.43612
21670000 5.2295
21680000 5.2948
21690000 5.28794
21700000 5.29621
21710000 5.19733
21720000 5.22054
21730000 5.36205
21740000 5.19988
21750000 5.27656
21760000 5.6258
21770000 5.39582
21780000 5.44446
21790000 5.34599
21800000 5.34324
21810000 5.35522
21820000 5.27987
21830000 5.34943
21840000 5.18463
21850000 5.18073
21860000 5.1306
21870000 5.19105
21880000 5.21234
21890000 5.14575
21900000 5.2576
21910000 5.14533
21920000 5.12405
21930000 5.11263
21940000 5.1475
21950000 5.1991
21960000 5.23537
21970000 5.15047
21980000 5.1496
21990000 5.09367
22000000 5.38196
22010000 5.22813
22020000 5.22046
22030000 5.25846
22040000 5.18113
22050000 5.25705
22060000 5.51743
22070000 5.21994
22080000 5.24365
22090000 5.30941
22100000 5.2556
22110000 5.28095
22120000 5.21746
22130000 5.24421
22140000 5.11948
22150000 5.24968
22160000 5.12683
22170000 5.46313
22180000 5.28712
22190000 5.18067
22200000 5.16143
22210000 5.29009
22220000 5.16048
22230000 5.32354
22240000 5.24443
22250000 5.21455
22260000 5.31994
22270000 5.2407
22280000 5.18627
22290000 5.20597
22300000 5.19615
22310000 5.24385
22320000 5.14476
22330000 5.17986
22340000 5.1029
22350000 5.26137
22360000 5.29763
22370000 5.13292
22380000 5.17568
22390000 5.1846
22400000 5.30084
22410000 5.23142
22420000 5.38804
22430000 5.25454
22440000 5.22315
22450000 5.14095
22460000 5.15428
22470000 5.25013
22480000 5.33355
22490000 5.21463
22500000 5.35248
22510000 5.20462
22520000 5.1718
22530000 5.29279
22540000 5.18458
22550000 5.16053
22560000 5.17874
22570000 5.40158
22580000 5.30428
22590000 5.3006
22600000 5.22948
22610000 5.19292
22620000 5.27064
22630000 5.18573
22640000 5.09388
22650000 5.22757
22660000 5.17079
22670000 5.18798
22680000 5.19925
22690000 5.23829
22700000 5.24826
22710000 5.20309
22720000 5.16222
22730000 5.21909
22740000 5.25498
22750000 5.15456
22760000 5.20221
22770000 5.0839
22780000 5.18278
22790000 5.31957
22800000 5.32348
22810000 5.26617
22820000 5.3318
22830000 5.11453
22840000 5.27119
22850000 5.20152
22860000 5.04365
22870000 5.34878
22880000 5.16106
22890000 5.25223
22900000 5.17023
22910000 5.19285
22920000 5.19441
22930000 5.27018
22940000 5.41729
22950000 5.2997
22960000 5.20699
22970000 5.19519
22980000 5.1995
22990000 5.15987
23000000 5.16718
23010000 5.08127
23020000 5.09085
23030000 5.16634
23040000 5.15974
23050000 5.19239
23060000 5.15575
23070000 5.09502
23080000 5.22581
23090000 5.1658
23100000 5.38036
23110000 5.27754
23120000 5.23684
23130000 5.28464
23140000 5.26881
23150000 5.30754
23160000 5.2483
23170000 5.27529
23180000 5.10776
23190000 5.27263
23200000 5.33358
23210000 5.23172
23220000 5.35768
23230000 5.17803
23240000 5.12761
23250000 5.19679
23260000 5.31819
23270000 5.25851
23280000 5.32575
23290000 5.26558
23300000 5.17492
23310000 5.24334
23320000 5.14849
23330000 5.2378
23340000 5.29701
23350000 5.24842
23360000 5.2338
23370000 5.24427
23380000 5.28014
23390000 5.28591
23400000 5.30266
23410000 5.17816
23420000 5.26575
23430000 5.168
23440000 5.21759
23450000 5.13564
23460000 5.11351
23470000 5.16878
23480000 5.16546
23490000 5.22702
23500000 5.32059
23510000 5.19082
23520000 5.17464
23530000 5.26301
23540000 5.22168
23550000 5.34579
23560000 5.16793
23570000 5.24599
23580000 5.22649
23590000 5.29783
23600000 5.12367
23610000 5.26074
23620000 5.2204
23630000 5.17893
23640000 5.23708
23650000 5.16235
23660000 5.11087
23670000 5.16515
23680000 5.00937
23690000 5.06752
23700000 5.23014
23710000 5.09517
23720000 5.06122
23730000 5.11865
23740000 5.17219
23750000 5.34625
23760000 5.16244
23770000 5.2383
23780000 5.20636
23790000 5.05901
23800000 5.20244
23810000 5.13302
23820000 5.47568
23830000 5.38
23840000 5.31657
23850000 5.25761
23860000 5.50945
23870000 5.24285
23880000 5.23535
23890000 5.20225
23900000 5.28514
23910000 5.25725
23920000 5.24334
23930000 5.30464
23940000 5.16925
23950000 5.25365
23960000 5.31104
23970000 5.22695
23980000 5.23281
23990000 5.21765
24000000 5.17638
24010000 5.2518
24020000 5.37008
24030000 5.23519
24040000 5.29923
24050000 5.20842
24060000 5.11785
24070000 5.18081
24080000 5.09864
24090000 5.48448
24100000 5.19462
24110000 5.12308
24120000 5.1999
24130000 5.07781
24140000 5.1978
24150000 5.14373
24160000 5.17385
24170000 5.30575
24180000 5.65658
24190000 5.22006
24200000 5.46277
24210000 5.32894
24220000 5.19668
24230000 5.15926
24240000 5.06643
24250000 5.20851
24260000 5.24387
24270000 5.5179
24280000 5.26439
24290000 5.16548
24300000 5.19065
24310000 5.16754
24320000 5.30445
24330000 5.1521
24340000 5.19524
24350000 5.30961
24360000 5.28872
24370000 5.23881
24380000 5.06747
24390000 5.07471
24400000 5.11907
24410000 5.22651
24420000 5.06322
24430000 5.08504
24440000 5.18401
24450000 5.125
24460000 5.31606
24470000 5.14769
24480000 5.19913
24490000 5.14826
24500000 5.14866
24510000 5.14978
24520000 5.27823
24530000 5.21875
24540000 5.21083
24550000 5.06337
24560000 5.12312
24570000 5.14598
24580000 5.08255
24590000 5.21843
24600000 5.21632
24610000 5.13603
24620000 5.16153
24630000 5.27767
24640000 5.17992
24650000 5.10999
24660000 5.1375
24670000 5.20156
24680000 5.59116
24690000 5.25323
24700000 5.15059
24710000 5.31972
24720000 5.16137
24730000 5.24487
24740000 5.26313
24750000 5.17578
24760000 5.14772
24770000 5.26726
24780000 5.43869
24790000 5.40751
24800000 5.27853
24810000 5.3084
24820000 5.19325
24830000 5.16215
24840000 5.18645
24850000 5.11606
24860000 5.48393
24870000 5.25161
24880000 5.39957
24890000 5.17106
24900000 5.09923
24910000 5.12831
24920000 5.10322
24930000 5.13647
24940000 5.09181
24950000 5.35869
24960000 5.17217
24970000 5.32642
24980000 5.23596
24990000 5.30703
25000000 5.23664
25010000 5.12895
25020000 5.11421
25030000 5.37517
25040000 5.15788
25050000 5.20559
25060000 5.22321
25070000 5.38557
25080000 5.22724
25090000 5.22976
25100000 5.15447
25110000 5.34913
25120000 5.10459
25130000 5.10575
25140000 5.20116
25150000 5.29358
25160000 5.27625
25170000 5.46404
25180000 5.21178
25190000 5.16114
25200000 5.10551
25210000 5.35392
25220000 5.27507
25230000 5.20807
25240000 5.08593
25250000 5.14877
25260000 5.20177
25270000 5.13019
25280000 5.17256
25290000 5.13709
25300000 5.16399
25310000 5.1236
25320000 5.18804
25330000 5.37681
25340000 5.3146
25350000 5.19199
25360000 5.2196
25370000 5.18116
25380000 5.14236
25390000 5.34705
25400000 5.28934
25410000 5.17459
25420000 5.24401
25430000 5.13165
25440000 5.15574
25450000 5.1374
25460000 5.32297
25470000 5.33711
25480000 5.1939
25490000 5.19878
25500000 5.19525
25510000 5.19768
25520000 5.06676
25530000 5.20738
25540000 5.13676
25550000 5.18028
25560000 5.16865
25570000 5.09916
25580000 5.16068
25590000 5.53071
25600000 5.29532
25610000 5.26709
25620000 5.1605
25630000 5.18557
25640000 5.16071
25650000 5.12429
25660000 5.14851
25670000 5.19494
25680000 5.15719
25690000 5.13066
25700000 5.08407
25710000 5.32709
25720000 5.17937
25730000 5.20055
25740000 5.16534
25750000 5.13656
25760000 5.20943
25770000 5.11346
25780000 5.23701
25790000 5.08636
25800000 5.09714
25810000 5.09177
25820000 5.19231
25830000 5.21803
25840000 5.07051
25850000 5.10122
25860000 5.19682
25870000 5.19705
25880000 5.12535
25890000 5.10344
25900000 5.21019
25910000 5.12291
25920000 6.05564
25930000 5.65353
25940000 5.53732
25950000 5.41232
25960000 5.28462
25970000 5.38394
25980000 5.31638
25990000 5.16272
26000000 5.18136
26010000 5.20955
26020000 5.02608
26030000 5.30427
26040000 5.25325
26050000 5.20877
26060000 5.25138
26070000 5.48813
26080000 5.32718
26090000 5.30098
26100000 5.18943
26110000 5.12081
26120000 5.12556
26130000 5.09859
26140000 5.22286
26150000 5.17754
26160000 5.20085
26170000 5.18715
26180000 5.31638
26190000 5.14816
26200000 5.19848
26210000 5.27149
26220000 5.21655
26230000 5.31615
26240000 5.21737
26250000 5.21767
26260000 5.14936
26270000 5.09505
26280000 5.18625
26290000 5.13942
26300000 5.18883
26310000 5.16291
26320000 5.27348
26330000 5.18863
26340000 5.02118
26350000 5.1036
26360000 5.15063
26370000 5.17558
26380000 5.15803
26390000 5.13688
26400000 5.117
26410000 5.19175
26420000 5.13147
26430000 5.2209
26440000 5.12137
26450000 5.09729
26460000 5.07683
26470000 5.08967
26480000 5.22292
26490000 5.12293
26500000 5.31445
26510000 5.2624
26520000 5.20789
26530000 5.15517
26540000 5.30073
26550000 5.22507
26560000 5.11421
26570000 5.18508
26580000 5.13305
26590000 5.17544
26600000 5.07574
26610000 5.08794
26620000 5.04573
26630000 5.05074
26640000 5.21833
26650000 5.20857
26660000 5.196
26670000 5.16125
26680000 5.02107
26690000 5.30951
26700000 5.28329
26710000 5.22148
26720000 5.2789
26730000 5.30788
26740000 5.21835
26750000 5.1539
26760000 5.17921
26770000 5.18475
26780000 5.22749
26790000 5.33493
26800000 5.12341
26810000 5.16948
26820000 5.23489
26830000 5.05827
26840000 5.05369
26850000 5.05381
26860000 5.0618
26870000 5.11294
26880000 5.039
26890000 5.14038
26900000 5.02551
26910000 5.10497
26920000 4.99361
26930000 5.1331
26940000 5.04078
26950000 5.0347
26960000 5.00885
26970000 5.03286
26980000 5.13139
26990000 5.06476
27000000 5.1736
27010000 5.12858
27020000 5.12549
27030000 5.1422
27040000 5.15628
27050000 5.08349
27060000 5.19627
27070000 5.09886
27080000 5.14793
27090000 5.174
27100000 5.14051
27110000 5.28102
27120000 5.15261
27130000 5.13057
27140000 5.05747
27150000 5.13206
27160000 5.17706
27170000 5.08852
27180000 5.17385
27190000 5.13659
27200000 5.12348
27210000 5.16614
27220000 5.17886
27230000 5.37182
27240000 5.17913
27250000 5.0758
27260000 5.15063
27270000 5.14397
27280000 5.17213
27290000 5.24508
27300000 5.21263
27310000 5.20825
27320000 5.21381
27330000 5.22801
27340000 5.2646
27350000 5.1393
27360000 5.15903
27370000 5.19192
27380000 5.26784
27390000 5.27769
27400000 5.545
27410000 5.32911
27420000 5.13989
27430000 5.10303
27440000 5.14575
27450000 5.17036
27460000 5.20831
27470000 5.23961
27480000 5.11144
27490000 5.13091
27500000 5.16127
27510000 5.06629
27520000 5.20048
27530000 5.16056
27540000 5.12379
27550000 5.26016
27560000 5.14958
27570000 5.30647
27580000 5.31681
27590000 5.25725
27600000 5.25932
27610000 5.25217
27620000 5.13966
27630000 5.1663
27640000 5.07956
27650000 5.07273
27660000 5.16271
27670000 5.58139
27680000 5.21767
27690000 5.15538
27700000 5.10081
27710000 5.10623
27720000 5.16891
27730000 5.23566
27740000 5.21264
27750000 5.2712
27760000 5.12174
27770000 5.12554
27780000 5.16754
27790000 5.11068
27800000 5.1083
27810000 5.04996
27820000 5.21843
27830000 5.16264
27840000 5.15245
27850000 5.07685
27860000 5.49953
27870000 5.25834
27880000 5.17784
27890000 5.10017
27900000 5.13019
27910000 5.24886
27920000 5.20509
27930000 5.23274
27940000 5.06323
27950000 5.20252
27960000 5.10607
27970000 5.06732
27980000 5.19657
27990000 5.09604
28000000 5.14592
28010000 5.18024
28020000 5.11887
28030000 5.09843
28040000 5.17226
28050000 5.17368
28060000 5.22151
28070000 5.11019
28080000 5.24433
28090000 5.32272
28100000 5.24937
28110000 5.2275
28120000 5.25709
28130000 5.32226
28140000 5.32624
28150000 5.18692
28160000 5.147
28170000 5.15611
28180000 5.062
28190000 5.1447
28200000 5.15894
28210000 5.17213
28220000 5.11313
28230000 5.1038
28240000 5.26225
28250000 5.12737
28260000 5.36758
28270000 5.21112
28280000 5.10594
28290000 5.15528
28300000 4.98301
28310000 5.20372
28320000 5.22083
28330000 5.27496
28340000 5.37536
28350000 5.25666
28360000 5.12527
28370000 5.16782
28380000 5.1067
28390000 5.09852
28400000 5.2197
28410000 5.21653
28420000 5.19
28430000 5.27665
28440000 5.18205
28450000 5.17982
28460000 5.25723
28470000 5.15642
28480000 5.25699
28490000 5.1087
28500000 5.05884
28510000 5.50848
28520000 5.36785
28530000 5.2265
28540000 5.27333
28550000 5.52149
28560000 5.21808
28570000 5.14316
28580000 5.15646
28590000 5.09955
28600000 5.01602
28610000 5.15922
28620000 5.02584
28630000 5.05412
28640000 5.00069
28650000 5.02688
28660000 5.12503
28670000 5.16666
28680000 5.16461
28690000 5.14598
28700000 5.19823
28710000 5.13651
28720000 5.25836
28730000 5.15337
28740000 5.0189
28750000 5.29204
28760000 5.10971
28770000 5.16019
28780000 5.16533
28790000 5.0432
28800000 5.07816
28810000 5.07866
28820000 5.03413
28830000 5.09487
28840000 5.32844
28850000 5.3017
28860000 5.38782
28870000 5.31253
28880000 5.2286
28890000 5.18634
28900000 5.2426
28910000 5.09129
28920000 5.17569
28930000 5.17022
28940000 5.12889
28950000 5.23159
28960000 5.18842
28970000 5.16804
28980000 5.11864
28990000 5.0591
29000000 5.15269
29010000 5.08884
29020000 5.22893
29030000 5.19331
29040000 5.03061
29050000 5.05487
29060000 5.10033
29070000 5.17059
29080000 5.31297
29090000 5.26074
29100000 5.44389
29110000 5.17337
29120000 5.08584
29130000 5.12478
29140000 5.08494
29150000 5.17949
29160000 5.17329
29170000 5.27298
29180000 5.11311
29190000 5.24147
29200000 5.20448
29210000 5.23108
29220000 5.1492
29230000 5.08316
29240000 5.11161
29250000 5.05443
29260000 5.03327
29270000 5.12705
29280000 5.0976
29290000 5.2798
29300000 5.19092
29310000 5.25702
29320000 5.40285
29330000 5.16504
29340000 5.23731
29350000 5.13261
29360000 5.25293
29370000 5.30851
29380000 5.23895
29390000 5.37698
29400000 5.20295
29410000 5.20093
29420000 5.35523
29430000 5.11747
29440000 5.13974
29450000 5.22003
29460000 5.12241
29470000 5.23114
29480000 5.32861
29490000 5.3706
29500000 5.27563
29510000 5.26435
29520000 5.1521
29530000 5.27865
29540000 5.18369
29550000 5.20828
29560000 5.09104
29570000 5.19893
29580000 5.15955
29590000 5.25784
29600000 5.31103
29610000 5.13154
29620000 5.05801
29630000 5.13798
29640000 5.23691
29650000 5.11529
29660000 5.16718
29670000 5.05804
29680000 5.06902
29690000 5.13127
29700000 5.12335
29710000 5.17727
29720000 5.14173
29730000 5.08863
29740000 5.1701
29750000 5.07434
29760000 5.14617
29770000 5.10282
29780000 5.23119
29790000 5.18564
29800000 5.12303
29810000 5.30997
29820000 5.15716
29830000 5.11509
29840000 5.10726
29850000 5.21361
29860000 5.14024
29870000 5.20292
29880000 5.39275
29890000 5.17721
29900000 5.16564
29910000 5.19502
29920000 5.16506
29930000 5.15718
29940000 5.13224
29950000 5.10596
29960000 5.07741
29970000 5.04642
29980000 5.19055
29990000 5.14028
30000000 5.14914
