10000 94.8803
20000 46.8338
30000 28.96
40000 20.5325
50000 16.0474
60000 13.404
70000 11.7254
80000 10.6004
90000 9.83339
100000 9.26815
110000 8.84902
120000 8.48647
130000 8.23649
140000 8.02038
150000 7.83423
160000 7.66527
170000 7.51329
180000 7.39123
190000 7.27806
200000 7.16306
210000 7.08324
220000 6.98409
230000 6.90369
240000 6.84178
250000 6.76829
260000 6.69505
270000 6.63233
280000 6.57925
290000 6.51665
300000 6.47262
310000 6.41892
320000 6.36414
330000 6.32244
340000 6.28976
350000 6.24116
360000 6.21267
370000 6.16469
380000 6.12728
390000 6.08876
400000 6.05691
410000 6.01854
420000 5.99585
430000 5.94367
440000 5.93637
450000 5.90083
460000 5.87994
470000 5.83675
480000 5.81047
490000 5.80285
500000 5.75864
510000 5.73242
520000 5.71636
530000 5.68631
540000 5.6768
550000 5.65165
560000 5.62563
570000 5.60812
580000 5.59608
590000 5.56422
600000 5.54998
610000 5.53028
620000 5.52552
630000 5.50098
640000 5.4756
650000 5.46498
660000 5.44759
670000 5.42505
680000 5.41934
690000 5.40267
700000 5.39258
710000 5.37557
720000 5.35884
730000 5.33312
740000 5.33587
750000 5.31507
760000 5.29645
770000 5.29676
780000 5.3001
790000 5.27235
800000 5.2705
810000 5.23512
820000 5.23745
830000 5.21265
840000 5.19361
850000 5.20393
860000 5.1841
870000 5.173
880000 5.16493
890000 5.143
900000 5.15232
910000 5.13076
920000 5.1199
930000 5.10786
940000 5.10876
950000 5.0887
960000 5.09153
970000 5.07568
980000 5.07226
990000 5.07414
1000000 5.0546
1010000 5.04039
1020000 5.03014
1030000 5.02054
1040000 5.02362
1050000 5.0097
1060000 4.99262
1070000 4.99833
1080000 4.98063
1090000 4.99517
1100000 4.96984
1110000 4.97367
1120000 4.9597
1130000 4.96741
1140000 4.95222
1150000 4.93763
1160000 4.92576
1170000 4.91672
1180000 4.91078
1190000 4.91293
1200000 4.91325
1210000 4.90561
1220000 4.88627
1230000 4.88694
1240000 4.88736
1250000 4.88245
1260000 4.8865
1270000 4.87294
1280000 4.85971
1290000 4.86027
1300000 4.85845
1310000 4.85122
1320000 4.8457
1330000 4.83771
1340000 4.82733
1350000 4.81914
1360000 4.80597
1370000 4.8128
1380000 4.80903
1390000 4.79482
1400000 4.80875
1410000 4.79178
1420000 4.79597
1430000 4.79857
1440000 4.79747
1450000 4.78625
1460000 4.77125
1470000 4.76571
1480000 4.75129
1490000 4.77549
1500000 4.75787
1510000 4.74916
1520000 4.74185
1530000 4.75369
1540000 4.73214
1550000 4.73303
1560000 4.72257
1570000 4.71912
1580000 4.71301
1590000 4.71901
1600000 4.72258
1610000 4.72214
1620000 4.70819
1630000 4.70137
1640000 4.70655
1650000 4.69673
1660000 4.69286
1670000 4.6952
1680000 4.68943
1690000 4.68446
1700000 4.6734
1710000 4.6783
1720000 4.72013
1730000 4.70466
1740000 4.68004
1750000 4.66993
1760000 4.65147
1770000 4.66188
1780000 4.66964
1790000 4.65724
1800000 4.65078
1810000 4.63557
1820000 4.63799
1830000 4.62824
1840000 4.62195
1850000 4.62277
1860000 4.63569
1870000 4.6146
1880000 4.6175
1890000 4.62296
1900000 4.61805
1910000 4.61461
1920000 4.60043
1930000 4.60475
1940000 4.61444
1950000 4.59832
1960000 4.6042
1970000 4.59732
1980000 4.58047
1990000 4.59262
2000000 4.58365
2010000 4.57773
2020000 4.57749
2030000 4.5889
2040000 4.59228
2050000 4.56501
2060000 4.57348
2070000 4.57407
2080000 4.56636
2090000 4.556
2100000 4.54978
2110000 4.54677
2120000 4.55391
2130000 4.55495
2140000 4.5632
2150000 4.53713
2160000 4.54055
2170000 4.53155
2180000 4.542
2190000 4.54039
2200000 4.52997
2210000 4.53382
2220000 4.52436
2230000 4.52361
2240000 4.53076
2250000 4.52703
2260000 4.52334
2270000 4.52623
2280000 4.52635
2290000 4.52673
2300000 4.51285
2310000 4.5099
2320000 4.5256
2330000 4.51654
2340000 4.50002
2350000 4.4993
2360000 4.51247
2370000 4.51065
2380000 4.51414
2390000 4.51232
2400000 4.49428
2410000 4.4989
2420000 4.4905
2430000 4.48725
2440000 4.49512
2450000 4.49647
2460000 4.48364
2470000 4.48785
2480000 4.47626
2490000 4.48722
2500000 4.47586
2510000 4.48556
2520000 4.4742
2530000 4.4591
2540000 4.46788
2550000 4.46338
2560000 4.46255
2570000 4.46447
2580000 4.46931
2590000 4.45919
2600000 4.44968
2610000 4.45227
2620000 4.46164
2630000 4.46132
2640000 4.45853
2650000 4.45148
2660000 4.44759
2670000 4.44119
2680000 4.43282
2690000 4.43686
2700000 4.44925
2710000 4.43672
2720000 4.45354
2730000 4.43212
2740000 4.42448
2750000 4.42981
2760000 4.42309
2770000 4.42858
2780000 4.42411
2790000 4.40882
2800000 4.42406
2810000 4.42806
2820000 4.41838
2830000 4.4266
2840000 4.43168
2850000 4.42824
2860000 4.40206
2870000 4.40498
2880000 4.40299
2890000 4.39903
2900000 4.39532
2910000 4.39824
2920000 4.39841
2930000 4.39213
2940000 4.39069
2950000 4.40541
2960000 4.40421
2970000 4.39757
2980000 4.38984
2990000 4.38843
3000000 4.39689
3010000 4.40307
3020000 4.40363
3030000 4.38271
3040000 4.39048
3050000 4.3753
3060000 4.36876
3070000 4.37997
3080000 4.37204
3090000 4.37465
3100000 4.38506
3110000 4.37302
3120000 4.37117
3130000 4.37384
3140000 4.38663
3150000 4.36735
3160000 4.37107
3170000 4.36277
3180000 4.37767
3190000 4.36889
3200000 4.36667
3210000 4.36023
3220000 4.37653
3230000 4.36564
3240000 4.35367
3250000 4.36229
3260000 4.36106
3270000 4.35829
3280000 4.35885
3290000 4.36161
3300000 4.35274
3310000 4.35118
3320000 4.34874
3330000 4.35076
3340000 4.35549
3350000 4.3556
3360000 4.34173
3370000 4.35009
3380000 4.34234
3390000 4.33643
3400000 4.34718
3410000 4.35136
3420000 4.34547
3430000 4.33312
3440000 4.32967
3450000 4.34865
3460000 4.3438
3470000 4.34731
3480000 4.32855
3490000 4.32458
3500000 4.32714
3510000 4.32913
3520000 4.33902
3530000 4.33164
3540000 4.32929
3550000 4.32595
3560000 4.32502
3570000 4.32393
3580000 4.33101
3590000 4.32776
3600000 4.31588
3610000 4.32731
3620000 4.31554
3630000 4.3144
3640000 4.30836
3650000 4.32325
3660000 4.31091
3670000 4.30842
3680000 4.31153
3690000 4.3129
3700000 4.29847
3710000 4.29959
3720000 4.30057
3730000 4.2926
3740000 4.30786
3750000 4.31975
3760000 4.31063
3770000 4.30453
3780000 4.30425
3790000 4.28629
3800000 4.29473
3810000 4.28951
3820000 4.29085
3830000 4.29597
3840000 4.3088
3850000 4.29988
3860000 4.2912
3870000 4.29295
3880000 4.28171
3890000 4.29596
3900000 4.28039
3910000 4.27512
3920000 4.28527
3930000 4.2843
3940000 4.27619
3950000 4.29182
3960000 4.2834
3970000 4.27673
3980000 4.27188
3990000 4.2811
4000000 4.2759
4010000 4.28232
4020000 4.2904
4030000 4.28588
4040000 4.28629
4050000 4.27906
4060000 4.28472
4070000 4.26882
4080000 4.27351
4090000 4.27893
4100000 4.26839
4110000 4.26716
4120000 4.26461
4130000 4.27357
4140000 4.25816
4150000 4.26632
4160000 4.2626
4170000 4.26685
4180000 4.24723
4190000 4.26807
4200000 4.26447
4210000 4.24587
4220000 4.26719
4230000 4.2701
4240000 4.25214
4250000 4.27033
4260000 4.24844
4270000 4.25829
4280000 4.25457
4290000 4.25517
4300000 4.2536
4310000 4.25564
4320000 4.25157
4330000 4.25437
4340000 4.26134
4350000 4.24766
4360000 4.25061
4370000 4.23215
4380000 4.25738
4390000 4.24406
4400000 4.25663
4410000 4.24868
4420000 4.24601
4430000 4.25008
4440000 4.24863
4450000 4.24065
4460000 4.23305
4470000 4.23731
4480000 4.2374
4490000 4.25207
4500000 4.25214
4510000 4.23355
4520000 4.24141
4530000 4.22794
4540000 4.22691
4550000 4.23616
4560000 4.2312
4570000 4.23449
4580000 4.22825
4590000 4.22675
4600000 4.24599
4610000 4.24717
4620000 4.23148
4630000 4.23353
4640000 4.23323
4650000 4.22747
4660000 4.22761
4670000 4.222
4680000 4.21326
4690000 4.23381
4700000 4.21194
4710000 4.22032
4720000 4.20714
4730000 4.21343
4740000 4.21459
4750000 4.22316
4760000 4.21291
4770000 4.21875
4780000 4.21577
4790000 4.21029
4800000 4.20857
4810000 4.20859
4820000 4.21404
4830000 4.20912
4840000 4.21647
4850000 4.20919
4860000 4.21913
4870000 4.20602
4880000 4.20886
4890000 4.20914
4900000 4.2162
4910000 4.20652
4920000 4.20517
4930000 4.19899
4940000 4.19234
4950000 4.20347
4960000 4.20249
4970000 4.20607
4980000 4.20458
4990000 4.20805
5000000 4.19925
5010000 4.19918
5020000 4.22372
5030000 4.21086
5040000 4.20652
5050000 4.1978
5060000 4.19541
5070000 4.18918
5080000 4.1857
5090000 4.18865
5100000 4.19075
5110000 4.19214
5120000 4.19266
5130000 4.19121
5140000 4.19945
5150000 4.18839
5160000 4.18799
5170000 4.19145
5180000 4.18321
5190000 4.18323
5200000 4.19445
5210000 4.19259
5220000 4.18711
5230000 4.19036
5240000 4.191
5250000 4.1876
5260000 4.18297
5270000 4.18682
5280000 4.18761
5290000 4.17627
5300000 4.18377
5310000 4.19596
5320000 4.18994
5330000 4.17708
5340000 4.1724
5350000 4.17865
5360000 4.17798
5370000 4.18002
5380000 4.18729
5390000 4.17124
5400000 4.18431
5410000 4.18053
5420000 4.1921
5430000 4.16846
5440000 4.17659
5450000 4.18871
5460000 4.17111
5470000 4.17036
5480000 4.17028
5490000 4.16873
5500000 4.17913
5510000 4.16019
5520000 4.17218
5530000 4.17297
5540000 4.16114
5550000 4.16443
5560000 4.16296
5570000 4.15938
5580000 4.15787
5590000 4.15069
5600000 4.17331
5610000 4.17141
5620000 4.16378
5630000 4.15933
5640000 4.15144
5650000 4.15307
5660000 4.16258
5670000 4.16734
5680000 4.17104
5690000 4.16188
5700000 4.15456
5710000 4.1635
5720000 4.15158
5730000 4.15944
5740000 4.14898
5750000 4.15621
5760000 4.14771
5770000 4.15748
5780000 4.14593
5790000 4.15986
5800000 4.15328
5810000 4.15524
5820000 4.15051
5830000 4.15056
5840000 4.15517
5850000 4.14745
5860000 4.14882
5870000 4.14685
5880000 4.15447
5890000 4.15846
5900000 4.15111
5910000 4.15154
5920000 4.15481
5930000 4.14493
5940000 4.13615
5950000 4.14305
5960000 4.15419
5970000 4.14726
5980000 4.1472
5990000 4.14187
6000000 4.13738
6010000 4.14936
6020000 4.13941
6030000 4.13852
6040000 4.1346
6050000 4.1266
6060000 4.13915
6070000 4.1286
6080000 4.15683
6090000 4.13969
6100000 4.14212
6110000 4.13624
6120000 4.12615
6130000 4.13852
6140000 4.13192
6150000 4.13333
6160000 4.12999
6170000 4.15677
6180000 4.14864
6190000 4.15426
6200000 4.12227
6210000 4.14402
6220000 4.13688
6230000 4.12504
6240000 4.13457
6250000 4.12625
6260000 4.12208
6270000 4.12494
6280000 4.12849
6290000 4.12728
6300000 4.12484
6310000 4.12146
6320000 4.12982
6330000 4.13352
6340000 4.12478
6350000 4.12339
6360000 4.12241
6370000 4.12486
6380000 4.11557
6390000 4.11714
6400000 4.11085
6410000 4.1233
6420000 4.12903
6430000 4.12827
6440000 4.13622
6450000 4.11205
6460000 4.10219
6470000 4.11375
6480000 4.12513
6490000 4.11734
6500000 4.11604
6510000 4.11439
6520000 4.12412
6530000 4.11761
6540000 4.11455
6550000 4.12705
6560000 4.12165
6570000 4.13577
6580000 4.12212
6590000 4.13039
6600000 4.10381
6610000 4.10738
6620000 4.11246
6630000 4.11029
6640000 4.1048
6650000 4.12831
6660000 4.10764
6670000 4.11699
6680000 4.11491
6690000 4.12465
6700000 4.10761
6710000 4.12168
6720000 4.1085
6730000 4.11866
6740000 4.11464
6750000 4.09726
6760000 4.10028
6770000 4.10913
6780000 4.10531
6790000 4.10223
6800000 4.1008
6810000 4.10869
6820000 4.11381
6830000 4.10847
6840000 4.10934
6850000 4.12441
6860000 4.1042
6870000 4.09226
6880000 4.09505
6890000 4.10705
6900000 4.11479
6910000 4.12196
6920000 4.12019
6930000 4.0991
6940000 4.09932
6950000 4.09624
6960000 4.09896
6970000 4.1025
6980000 4.08714
6990000 4.09778
7000000 4.10122
7010000 4.10459
7020000 4.10321
7030000 4.09643
7040000 4.09584
7050000 4.09419
7060000 4.11176
7070000 4.09116
7080000 4.08882
7090000 4.09643
7100000 4.08749
7110000 4.0975
7120000 4.09102
7130000 4.09277
7140000 4.09344
7150000 4.10682
7160000 4.09829
7170000 4.0947
7180000 4.07692
7190000 4.09818
7200000 4.08672
7210000 4.08697
7220000 4.09013
7230000 4.08445
7240000 4.09369
7250000 4.08372
7260000 4.10577
7270000 4.08986
7280000 4.07738
7290000 4.07527
7300000 4.10133
7310000 4.08549
7320000 4.07101
7330000 4.08198
7340000 4.08901
7350000 4.08801
7360000 4.09491
7370000 4.08459
7380000 4.08742
7390000 4.0811
7400000 4.08768
7410000 4.09493
7420000 4.07861
7430000 4.08686
7440000 4.0717
7450000 4.09488
7460000 4.08666
7470000 4.08954
7480000 4.08342
7490000 4.0908
7500000 4.08141
7510000 4.08724
7520000 4.0708
7530000 4.07173
7540000 4.08814
7550000 4.07865
7560000 4.09047
7570000 4.06378
7580000 4.07093
7590000 4.07942
7600000 4.08239
7610000 4.07653
7620000 4.06951
7630000 4.07228
7640000 4.08065
7650000 4.07239
7660000 4.06404
7670000 4.07364
7680000 4.06975
7690000 4.0759
7700000 4.06898
7710000 4.07395
7720000 4.06564
7730000 4.05564
7740000 4.06085
7750000 4.06781
7760000 4.06564
7770000 4.06096
7780000 4.07306
7790000 4.07637
7800000 4.0711
7810000 4.05722
7820000 4.06632
7830000 4.06514
7840000 4.05805
7850000 4.06396
7860000 4.0599
7870000 4.07593
7880000 4.07235
7890000 4.06992
7900000 4.05049
7910000 4.05491
7920000 4.06117
7930000 4.05362
7940000 4.05786
7950000 4.06436
7960000 4.05761
7970000 4.05768
7980000 4.06178
7990000 4.05918
8000000 4.05305
8010000 4.06469
8020000 4.0605
8030000 4.067
8040000 4.06632
8050000 4.06061
8060000 4.05444
8070000 4.04923
8080000 4.06075
8090000 4.07694
8100000 4.05949
8110000 4.07089
8120000 4.05629
8130000 4.06508
8140000 4.06082
8150000 4.05812
8160000 4.05898
8170000 4.04372
8180000 4.05281
8190000 4.04464
8200000 4.04176
8210000 4.05238
8220000 4.04019
8230000 4.05219
8240000 4.0561
8250000 4.04816
8260000 4.05437
8270000 4.04708
8280000 4.05562
8290000 4.05744
8300000 4.04799
8310000 4.04901
8320000 4.05291
8330000 4.04007
8340000 4.04209
8350000 4.04275
8360000 4.05956
8370000 4.04593
8380000 4.05158
8390000 4.04604
8400000 4.05007
8410000 4.04797
8420000 4.04589
8430000 4.04696
8440000 4.04796
8450000 4.04533
8460000 4.05621
8470000 4.04396
8480000 4.03224
8490000 4.02894
8500000 4.03698
8510000 4.03895
8520000 4.0447
8530000 4.05122
8540000 4.04625
8550000 4.04792
8560000 4.05513
8570000 4.04375
8580000 4.04648
8590000 4.05062
8600000 4.05142
8610000 4.02444
8620000 4.03577
8630000 4.04841
8640000 4.03729
8650000 4.03567
8660000 4.0474
8670000 4.04209
8680000 4.04147
8690000 4.03441
8700000 4.04664
8710000 4.03804
8720000 4.05149
8730000 4.06583
8740000 4.05665
8750000 4.0368
8760000 4.04306
8770000 4.04936
8780000 4.04109
8790000 4.02364
8800000 4.04602
8810000 4.03411
8820000 4.04054
8830000 4.05367
8840000 4.03108
8850000 4.02805
8860000 4.04366
8870000 4.04691
8880000 4.03705
8890000 4.03662
8900000 4.03675
8910000 4.03434
8920000 4.03487
8930000 4.02707
8940000 4.02734
8950000 4.02119
8960000 4.02303
8970000 4.02528
8980000 4.02646
8990000 4.03065
9000000 4.02523
9010000 4.02789
9020000 4.02778
9030000 4.02554
9040000 4.03018
9050000 4.01718
9060000 4.02706
9070000 4.02073
9080000 4.05425
9090000 4.02817
9100000 4.02462
9110000 4.02768
9120000 4.02447
9130000 4.03126
9140000 4.02265
9150000 4.0162
9160000 4.0179
9170000 4.03513
9180000 4.02193
9190000 4.01514
9200000 4.01204
9210000 4.02529
9220000 4.02575
9230000 4.01566
9240000 4.02149
9250000 4.01318
9260000 4.03195
9270000 4.01638
9280000 4.01181
9290000 4.01769
9300000 4.02002
9310000 4.02406
9320000 4.02166
9330000 4.01584
9340000 4.01928
9350000 4.00669
9360000 4.02691
9370000 4.01286
9380000 4.02944
9390000 4.00584
9400000 4.01377
9410000 4.00974
9420000 4.01576
9430000 4.01952
9440000 4.02201
9450000 4.01738
9460000 4.02277
9470000 4.01365
9480000 4.03924
9490000 4.0233
9500000 4.02396
9510000 4.00784
9520000 4.02126
9530000 4.00568
9540000 4.01326
9550000 3.99732
9560000 4.01052
9570000 4.00677
9580000 4.01472
9590000 4.01566
9600000 4.01555
9610000 4.02252
9620000 4.0057
9630000 4.01987
9640000 4.00316
9650000 4.01788
9660000 4.01254
9670000 4.00163
9680000 3.99835
9690000 4.00861
9700000 4.01027
9710000 4.02511
9720000 4.01065
9730000 4.01945
9740000 4.01484
9750000 4.00462
9760000 4.00929
9770000 4.01289
9780000 3.99899
9790000 3.99241
9800000 4.00541
9810000 3.99619
9820000 4.00009
9830000 4.01955
9840000 4.00788
9850000 4.01031
9860000 4.01209
9870000 4.00205
9880000 4.00457
9890000 4.00124
9900000 4.00756
9910000 4.0084
9920000 4.00025
9930000 3.98998
9940000 4.02586
9950000 4.00199
9960000 4.00956
9970000 4.01053
9980000 4.00705
9990000 4.01994
10000000 4.00119
