10000 10.5098
20000 7.64792
30000 6.50274
40000 5.95083
50000 5.64066
60000 5.44244
70000 5.31287
80000 5.21379
90000 5.13373
100000 5.06665
110000 5.01062
120000 4.96115
130000 4.91716
140000 4.87613
150000 4.83917
160000 4.80365
170000 4.7711
180000 4.74113
190000 4.71164
200000 4.68393
210000 4.65806
220000 4.63281
230000 4.60885
240000 4.58532
250000 4.56441
260000 4.54318
270000 4.5225
280000 4.50367
290000 4.48483
300000 4.46681
310000 4.44885
320000 4.43251
330000 4.41671
340000 4.40145
350000 4.38574
360000 4.3716
370000 4.35714
380000 4.34392
390000 4.33061
400000 4.31741
410000 4.30462
420000 4.29223
430000 4.28033
440000 4.26826
450000 4.25746
460000 4.24653
470000 4.23552
480000 4.22505
490000 4.21445
500000 4.20416
510000 4.19455
520000 4.1851
530000 4.17582
540000 4.16664
550000 4.15747
560000 4.14846
570000 4.14039
580000 4.13185
590000 4.12381
600000 4.11583
610000 4.10834
620000 4.10034
630000 4.09325
640000 4.08588
650000 4.07838
660000 4.07174
670000 4.06484
680000 4.05865
690000 4.05262
700000 4.04656
710000 4.04066
720000 4.03445
730000 4.02867
740000 4.02348
750000 4.01746
760000 4.01184
770000 4.0066
780000 4.00125
790000 3.99598
800000 3.99166
810000 3.98672
820000 3.98175
830000 3.97723
840000 3.97168
850000 3.96717
860000 3.96309
870000 3.95863
880000 3.95439
890000 3.95038
900000 3.94623
910000 3.94176
920000 3.938
930000 3.93414
940000 3.93039
950000 3.92669
960000 3.92343
970000 3.91956
980000 3.91539
990000 3.91259
1000000 3.90906
1010000 3.9059
1020000 3.90259
1030000 3.89962
1040000 3.89634
1050000 3.8932
1060000 3.89072
1070000 3.88828
1080000 3.88542
1090000 3.88283
1100000 3.88014
1110000 3.87727
1120000 3.87459
1130000 3.87222
1140000 3.86959
1150000 3.86685
1160000 3.86442
1170000 3.86228
1180000 3.86014
1190000 3.85839
1200000 3.85608
1210000 3.85363
1220000 3.85158
1230000 3.84955
1240000 3.8477
1250000 3.8454
1260000 3.84327
1270000 3.84107
1280000 3.83929
1290000 3.83786
1300000 3.83587
1310000 3.83427
1320000 3.83235
1330000 3.8308
1340000 3.82932
1350000 3.8276
1360000 3.82578
1370000 3.82453
1380000 3.82274
1390000 3.82078
1400000 3.81973
1410000 3.81811
1420000 3.81676
1430000 3.81529
1440000 3.81387
1450000 3.81268
1460000 3.81132
1470000 3.80951
1480000 3.80828
1490000 3.80778
1500000 3.80633
1510000 3.8058
1520000 3.80456
1530000 3.80381
1540000 3.80283
1550000 3.80156
1560000 3.80039
1570000 3.79928
1580000 3.79824
1590000 3.79701
1600000 3.7973
1610000 3.79587
1620000 3.79481
1630000 3.79408
1640000 3.79318
1650000 3.79229
1660000 3.79148
1670000 3.79112
1680000 3.79022
1690000 3.78978
1700000 3.78919
1710000 3.78868
1720000 3.78863
1730000 3.78731
1740000 3.78694
1750000 3.78615
1760000 3.78478
1770000 3.78485
1780000 3.78389
1790000 3.78373
1800000 3.78286
1810000 3.78219
1820000 3.78153
1830000 3.78104
1840000 3.7804
1850000 3.7804
1860000 3.77984
1870000 3.77962
1880000 3.77878
1890000 3.7786
1900000 3.77854
1910000 3.77824
1920000 3.77826
1930000 3.77815
1940000 3.77738
1950000 3.77708
1960000 3.77695
1970000 3.77627
1980000 3.77582
1990000 3.77616
2000000 3.77542
2010000 3.7754
2020000 3.77553
2030000 3.77488
2040000 3.7749
2050000 3.77565
2060000 3.7752
2070000 3.77496
2080000 3.77541
2090000 3.7752
2100000 3.7746
2110000 3.77432
2120000 3.77466
2130000 3.77458
2140000 3.77498
2150000 3.77465
2160000 3.77483
2170000 3.77424
2180000 3.77465
2190000 3.77445
2200000 3.77445
2210000 3.77444
2220000 3.77473
2230000 3.7748
2240000 3.77539
2250000 3.77541
2260000 3.77595
2270000 3.77652
2280000 3.77658
2290000 3.77667
2300000 3.77681
2310000 3.77676
2320000 3.7773
2330000 3.77737
2340000 3.77782
2350000 3.77728
2360000 3.77679
2370000 3.77692
2380000 3.77733
2390000 3.77761
2400000 3.77798
2410000 3.77797
2420000 3.77809
2430000 3.77818
2440000 3.77866
2450000 3.77966
2460000 3.7794
2470000 3.77943
2480000 3.77996
2490000 3.78086
2500000 3.78094
2510000 3.78142
2520000 3.78131
2530000 3.782
2540000 3.78216
2550000 3.78223
2560000 3.7827
2570000 3.7828
2580000 3.78302
2590000 3.78385
2600000 3.78444
2610000 3.78502
2620000 3.78539
2630000 3.7856
2640000 3.78658
2650000 3.78635
2660000 3.78643
2670000 3.78676
2680000 3.78707
2690000 3.78766
2700000 3.78845
2710000 3.78944
2720000 3.78979
2730000 3.78954
2740000 3.78996
2750000 3.79072
2760000 3.79072
2770000 3.7916
2780000 3.79194
2790000 3.7924
2800000 3.79269
2810000 3.79334
2820000 3.79363
2830000 3.79426
2840000 3.79463
2850000 3.79536
2860000 3.7955
2870000 3.79598
2880000 3.79685
2890000 3.79712
2900000 3.79781
2910000 3.79831
2920000 3.7991
2930000 3.79978
2940000 3.8005
2950000 3.8015
2960000 3.80221
2970000 3.80255
2980000 3.8026
2990000 3.80333
3000000 3.80401
3010000 3.80478
3020000 3.80552
3030000 3.80629
3040000 3.80707
3050000 3.80736
3060000 3.80776
3070000 3.80865
3080000 3.80893
3090000 3.80925
3100000 3.80948
3110000 3.81083
3120000 3.81174
3130000 3.8126
3140000 3.81237
3150000 3.81342
3160000 3.8141
3170000 3.81505
3180000 3.81566
3190000 3.81614
3200000 3.81678
3210000 3.81774
3220000 3.81804
3230000 3.81935
3240000 3.81973
3250000 3.82014
3260000 3.82114
3270000 3.82229
3280000 3.82282
3290000 3.82361
3300000 3.82432
3310000 3.82493
3320000 3.82588
3330000 3.82695
3340000 3.82785
3350000 3.82877
3360000 3.82976
3370000 3.83038
3380000 3.83101
3390000 3.83182
3400000 3.8328
3410000 3.83386
3420000 3.83453
3430000 3.83541
3440000 3.83613
3450000 3.83739
3460000 3.83842
3470000 3.83858
3480000 3.83969
3490000 3.84058
3500000 3.84153
3510000 3.84234
3520000 3.84323
3530000 3.84388
3540000 3.8447
3550000 3.84576
3560000 3.84693
3570000 3.84789
3580000 3.84884
3590000 3.84913
3600000 3.84931
3610000 3.8508
3620000 3.85132
3630000 3.85234
3640000 3.85286
3650000 3.85384
3660000 3.85438
3670000 3.85493
3680000 3.85592
3690000 3.85633
3700000 3.85714
3710000 3.85833
3720000 3.85957
3730000 3.8602
3740000 3.8612
3750000 3.86238
3760000 3.86331
3770000 3.86453
3780000 3.86533
3790000 3.86597
3800000 3.86721
3810000 3.8684
3820000 3.869
3830000 3.86996
3840000 3.87082
3850000 3.87199
3860000 3.87301
3870000 3.87356
3880000 3.87466
3890000 3.87512
3900000 3.87603
3910000 3.87677
3920000 3.87788
3930000 3.87873
3940000 3.87958
3950000 3.88044
3960000 3.88143
3970000 3.88189
3980000 3.88297
3990000 3.88404
4000000 3.88509
4010000 3.88596
4020000 3.8869
4030000 3.88777
4040000 3.8886
4050000 3.89
4060000 3.89071
4070000 3.89104
4080000 3.89164
4090000 3.89263
4100000 3.89361
4110000 3.89474
4120000 3.89547
4130000 3.89654
4140000 3.89743
4150000 3.89868
4160000 3.8996
4170000 3.90048
4180000 3.90139
4190000 3.90265
4200000 3.90393
4210000 3.90455
4220000 3.90532
4230000 3.90609
4240000 3.90682
4250000 3.90794
4260000 3.90891
4270000 3.9102
4280000 3.91113
4290000 3.91212
4300000 3.91348
4310000 3.91464
4320000 3.91568
4330000 3.91661
4340000 3.9175
4350000 3.91869
4360000 3.92008
4370000 3.92075
4380000 3.92179
4390000 3.92232
4400000 3.92376
4410000 3.92449
4420000 3.92525
4430000 3.92603
4440000 3.92699
4450000 3.92774
4460000 3.9287
4470000 3.92957
4480000 3.93058
4490000 3.9318
4500000 3.93246
4510000 3.93374
4520000 3.93512
4530000 3.9363
4540000 3.93708
4550000 3.93847
4560000 3.93947
4570000 3.94049
4580000 3.94124
4590000 3.9422
4600000 3.94402
4610000 3.94474
4620000 3.94614
4630000 3.94712
4640000 3.9478
4650000 3.94886
4660000 3.94988
4670000 3.95075
4680000 3.95204
4690000 3.95356
4700000 3.9539
4710000 3.95455
4720000 3.95573
4730000 3.9567
4740000 3.95758
4750000 3.95908
4760000 3.95969
4770000 3.96093
4780000 3.96147
4790000 3.96267
4800000 3.96352
4810000 3.9646
4820000 3.9655
4830000 3.96644
4840000 3.96769
4850000 3.96897
4860000 3.96957
4870000 3.97037
4880000 3.97121
4890000 3.97235
4900000 3.97361
4910000 3.97468
4920000 3.97583
4930000 3.97714
4940000 3.97796
4950000 3.97871
4960000 3.97979
4970000 3.98104
4980000 3.98226
4990000 3.98321
5000000 3.98395
5010000 3.98493
5020000 3.98662
5030000 3.98782
5040000 3.98871
5050000 3.98991
5060000 3.99092
5070000 3.99165
5080000 3.99263
5090000 3.99381
5100000 3.99471
5110000 3.99551
5120000 3.99641
5130000 3.99735
5140000 3.99862
5150000 3.99972
5160000 4.00104
5170000 4.00209
5180000 4.00318
5190000 4.00424
5200000 4.00532
5210000 4.00633
5220000 4.00726
5230000 4.00825
5240000 4.00931
5250000 4.01027
5260000 4.01121
5270000 4.01233
5280000 4.01348
5290000 4.01435
5300000 4.01572
5310000 4.01688
5320000 4.01818
5330000 4.01912
5340000 4.02049
5350000 4.0218
5360000 4.0229
5370000 4.0237
5380000 4.02515
5390000 4.02611
5400000 4.0268
5410000 4.02697
5420000 4.02835
5430000 4.02986
5440000 4.03064
5450000 4.03172
5460000 4.03264
5470000 4.03424
5480000 4.03516
5490000 4.03624
5500000 4.03729
5510000 4.03794
5520000 4.03895
5530000 4.03998
5540000 4.0412
5550000 4.04235
5560000 4.04371
5570000 4.04436
5580000 4.04549
5590000 4.04695
5600000 4.04784
5610000 4.04853
5620000 4.04912
5630000 4.05051
5640000 4.05172
5650000 4.0526
5660000 4.0539
5670000 4.05533
5680000 4.05662
5690000 4.05716
5700000 4.0582
5710000 4.05908
5720000 4.06046
5730000 4.06182
5740000 4.06264
5750000 4.06378
5760000 4.06536
5770000 4.06684
5780000 4.06788
5790000 4.06891
5800000 4.06969
5810000 4.07082
5820000 4.07199
5830000 4.07286
5840000 4.07412
5850000 4.07515
5860000 4.07623
5870000 4.07708
5880000 4.07804
5890000 4.07902
5900000 4.0803
5910000 4.08124
5920000 4.08267
5930000 4.08367
5940000 4.08443
5950000 4.08548
5960000 4.0868
5970000 4.08741
5980000 4.08839
5990000 4.08976
6000000 4.09069
6010000 4.09218
6020000 4.09309
6030000 4.09453
6040000 4.09553
6050000 4.09694
6060000 4.09801
6070000 4.09907
6080000 4.10031
6090000 4.10124
6100000 4.10229
6110000 4.10343
6120000 4.10449
6130000 4.1059
6140000 4.10672
6150000 4.10785
6160000 4.10873
6170000 4.11096
6180000 4.11148
6190000 4.11277
6200000 4.11312
6210000 4.11447
6220000 4.11587
6230000 4.11692
6240000 4.11788
6250000 4.11872
6260000 4.11948
6270000 4.12071
6280000 4.1217
6290000 4.12264
6300000 4.12409
6310000 4.12521
6320000 4.12667
6330000 4.1279
6340000 4.12853
6350000 4.1297
6360000 4.13071
6370000 4.13174
6380000 4.13269
6390000 4.13373
6400000 4.13496
6410000 4.13596
6420000 4.13721
6430000 4.1383
6440000 4.13936
6450000 4.14043
6460000 4.14123
6470000 4.14289
6480000 4.14379
6490000 4.14467
6500000 4.1458
6510000 4.14674
6520000 4.1479
6530000 4.14872
6540000 4.15015
6550000 4.15108
6560000 4.15196
6570000 4.15322
6580000 4.15401
6590000 4.1555
6600000 4.15643
6610000 4.15743
6620000 4.15876
6630000 4.15955
6640000 4.16028
6650000 4.16165
6660000 4.16224
6670000 4.16373
6680000 4.16473
6690000 4.1659
6700000 4.16738
6710000 4.16875
6720000 4.16978
6730000 4.17059
6740000 4.17165
6750000 4.17283
6760000 4.17403
6770000 4.17528
6780000 4.1764
6790000 4.17737
6800000 4.17868
6810000 4.17956
6820000 4.18092
6830000 4.18186
6840000 4.18306
6850000 4.1842
6860000 4.18503
6870000 4.186
6880000 4.18728
6890000 4.18866
6900000 4.18935
6910000 4.19066
6920000 4.19165
6930000 4.19306
6940000 4.19444
6950000 4.19563
6960000 4.19663
6970000 4.19841
6980000 4.19906
6990000 4.20042
7000000 4.20111
7010000 4.20246
7020000 4.2034
7030000 4.20424
7040000 4.20584
7050000 4.20734
7060000 4.2085
7070000 4.20943
7080000 4.21055
7090000 4.21135
7100000 4.21256
7110000 4.21325
7120000 4.21447
7130000 4.2151
7140000 4.21593
7150000 4.21699
7160000 4.21803
7170000 4.21897
7180000 4.21987
7190000 4.22126
7200000 4.22278
7210000 4.2239
7220000 4.22477
7230000 4.22607
7240000 4.22723
7250000 4.22822
7260000 4.22986
7270000 4.23081
7280000 4.23214
7290000 4.23287
7300000 4.23439
7310000 4.23553
7320000 4.23678
7330000 4.23781
7340000 4.23896
7350000 4.24021
7360000 4.24132
7370000 4.24213
7380000 4.24339
7390000 4.24469
7400000 4.24598
7410000 4.2468
7420000 4.24776
7430000 4.24899
7440000 4.25003
7450000 4.2513
7460000 4.25191
7470000 4.25301
7480000 4.25391
7490000 4.25538
7500000 4.25658
7510000 4.25754
7520000 4.25866
7530000 4.25988
7540000 4.26102
7550000 4.26187
7560000 4.26266
7570000 4.26386
7580000 4.26547
7590000 4.26661
7600000 4.26804
7610000 4.26906
7620000 4.2704
7630000 4.27104
7640000 4.27224
7650000 4.27379
7660000 4.27498
7670000 4.27644
7680000 4.27736
7690000 4.27854
7700000 4.27989
7710000 4.28123
7720000 4.28207
7730000 4.28306
7740000 4.28461
7750000 4.28573
7760000 4.28651
7770000 4.28784
7780000 4.28879
7790000 4.29
7800000 4.2911
7810000 4.29179
7820000 4.29316
7830000 4.29423
7840000 4.29539
7850000 4.29647
7860000 4.29758
7870000 4.29898
7880000 4.29986
7890000 4.30108
7900000 4.30178
7910000 4.3026
7920000 4.30389
7930000 4.30466
7940000 4.30569
7950000 4.30695
7960000 4.3082
7970000 4.30908
7980000 4.30998
7990000 4.31122
8000000 4.31228
8010000 4.31365
8020000 4.31471
8030000 4.31542
8040000 4.31669
8050000 4.31717
8060000 4.31881
8070000 4.32004
8080000 4.32159
8090000 4.32254
8100000 4.32367
8110000 4.32474
8120000 4.32545
8130000 4.32707
8140000 4.32829
8150000 4.32912
8160000 4.33018
8170000 4.33117
8180000 4.33234
8190000 4.33327
8200000 4.33444
8210000 4.33565
8220000 4.33692
8230000 4.33811
8240000 4.33893
8250000 4.33967
8260000 4.34093
8270000 4.34197
8280000 4.34307
8290000 4.34432
8300000 4.34563
8310000 4.34705
8320000 4.34808
8330000 4.34909
8340000 4.34984
8350000 4.35087
8360000 4.35163
8370000 4.3528
8380000 4.3544
8390000 4.35545
8400000 4.35595
8410000 4.35689
8420000 4.35792
8430000 4.35898
8440000 4.36017
8450000 4.3613
8460000 4.36254
8470000 4.3638
8480000 4.3645
8490000 4.36551
8500000 4.36656
8510000 4.3679
8520000 4.36922
8530000 4.37051
8540000 4.37151
8550000 4.37273
8560000 4.37357
8570000 4.37469
8580000 4.3757
8590000 4.37684
8600000 4.37807
8610000 4.37915
8620000 4.38001
8630000 4.38117
8640000 4.38212
8650000 4.38316
8660000 4.3846
8670000 4.38581
8680000 4.38677
8690000 4.38785
8700000 4.38915
8710000 4.39013
8720000 4.39144
8730000 4.39239
8740000 4.39356
8750000 4.39447
8760000 4.39579
8770000 4.39688
8780000 4.39767
8790000 4.39851
8800000 4.39968
8810000 4.40063
8820000 4.40183
8830000 4.40372
8840000 4.40449
8850000 4.40581
8860000 4.40673
8870000 4.40795
8880000 4.4092
8890000 4.41002
8900000 4.41103
8910000 4.41246
8920000 4.41336
8930000 4.41412
8940000 4.41515
8950000 4.41594
8960000 4.4172
8970000 4.41845
8980000 4.41986
8990000 4.42088
9000000 4.42182
9010000 4.42305
9020000 4.42451
9030000 4.42537
9040000 4.42606
9050000 4.42684
9060000 4.4283
9070000 4.42948
9080000 4.43052
9090000 4.43121
9100000 4.43232
9110000 4.43343
9120000 4.43442
9130000 4.43552
9140000 4.43644
9150000 4.43768
9160000 4.4393
9170000 4.44053
9180000 4.44164
9190000 4.44225
9200000 4.44322
9210000 4.44435
9220000 4.44575
9230000 4.44658
9240000 4.44819
9250000 4.44896
9260000 4.45037
9270000 4.45163
9280000 4.4522
9290000 4.45341
9300000 4.45446
9310000 4.4557
9320000 4.4561
9330000 4.4573
9340000 4.45809
9350000 4.459
9360000 4.46062
9370000 4.46142
9380000 4.46289
9390000 4.46343
9400000 4.46463
9410000 4.46571
9420000 4.46654
9430000 4.46794
9440000 4.46928
9450000 4.47051
9460000 4.4718
9470000 4.47286
9480000 4.47438
9490000 4.47528
9500000 4.47649
9510000 4.47731
9520000 4.4786
9530000 4.47951
9540000 4.48048
9550000 4.4815
9560000 4.48275
9570000 4.48353
9580000 4.48453
9590000 4.48561
9600000 4.48672
9610000 4.48757
9620000 4.48881
9630000 4.48989
9640000 4.49082
9650000 4.49248
9660000 4.49322
9670000 4.49398
9680000 4.495
9690000 4.4961
9700000 4.49739
9710000 4.49804
9720000 4.49912
9730000 4.50019
9740000 4.50155
9750000 4.50266
9760000 4.50355
9770000 4.50443
9780000 4.5055
9790000 4.50662
9800000 4.50795
9810000 4.50875
9820000 4.50968
9830000 4.51104
9840000 4.51181
9850000 4.51307
9860000 4.51416
9870000 4.51479
9880000 4.51587
9890000 4.51712
9900000 4.51839
9910000 4.51956
9920000 4.52034
9930000 4.52139
9940000 4.52324
9950000 4.52447
9960000 4.52483
9970000 4.52597
9980000 4.52663
9990000 4.52757
10000000 4.52857
10010000 4.52959
10020000 4.53106
10030000 4.53184
10040000 4.53305
10050000 4.53414
10060000 4.53527
10070000 4.53675
10080000 4.53771
10090000 4.53867
10100000 4.5397
10110000 4.54092
10120000 4.54198
10130000 4.54329
10140000 4.54433
10150000 4.54565
10160000 4.54629
10170000 4.54741
10180000 4.54871
10190000 4.5499
10200000 4.551
10210000 4.55208
10220000 4.55309
10230000 4.55402
10240000 4.55531
10250000 4.55655
10260000 4.55764
10270000 4.55911
10280000 4.56037
10290000 4.56105
10300000 4.56232
10310000 4.56304
10320000 4.56406
10330000 4.56504
10340000 4.56609
10350000 4.56717
10360000 4.56812
10370000 4.56939
10380000 4.57028
10390000 4.57136
10400000 4.57222
10410000 4.57308
10420000 4.57433
10430000 4.57531
10440000 4.57618
10450000 4.5773
10460000 4.57851
10470000 4.57973
10480000 4.58087
10490000 4.58213
10500000 4.58277
10510000 4.58382
10520000 4.5848
10530000 4.58626
10540000 4.58717
10550000 4.58834
10560000 4.58957
10570000 4.59089
10580000 4.59171
10590000 4.59289
10600000 4.59394
10610000 4.59543
10620000 4.59637
10630000 4.59784
10640000 4.59842
10650000 4.59965
10660000 4.60068
10670000 4.60167
10680000 4.60236
10690000 4.60327
10700000 4.60423
10710000 4.6053
10720000 4.60635
10730000 4.60732
10740000 4.60839
10750000 4.60965
10760000 4.61056
10770000 4.6119
10780000 4.61308
10790000 4.61393
10800000 4.61498
10810000 4.61628
10820000 4.61734
10830000 4.61812
10840000 4.61908
10850000 4.61999
10860000 4.62094
10870000 4.62164
10880000 4.62263
10890000 4.6237
10900000 4.62487
10910000 4.62586
10920000 4.627
10930000 4.62803
10940000 4.6289
10950000 4.6304
10960000 4.6315
10970000 4.63248
10980000 4.63329
10990000 4.63445
11000000 4.63533
11010000 4.63621
11020000 4.63677
11030000 4.63775
11040000 4.639
11050000 4.64037
11060000 4.64114
11070000 4.64261
11080000 4.64343
11090000 4.64461
11100000 4.64595
11110000 4.64699
11120000 4.64776
11130000 4.64912
11140000 4.65016
11150000 4.65095
11160000 4.65197
11170000 4.65346
11180000 4.65433
11190000 4.65538
11200000 4.65625
11210000 4.65725
11220000 4.65794
11230000 4.65866
11240000 4.65995
11250000 4.66073
11260000 4.6617
11270000 4.6626
11280000 4.66366
11290000 4.66457
11300000 4.66563
11310000 4.66669
11320000 4.66799
11330000 4.66914
11340000 4.67018
11350000 4.67137
11360000 4.67203
11370000 4.67312
11380000 4.67392
11390000 4.67499
11400000 4.67592
11410000 4.67662
11420000 4.67783
11430000 4.67859
11440000 4.67963
11450000 4.68084
11460000 4.68179
11470000 4.68279
11480000 4.68321
11490000 4.68438
11500000 4.68557
11510000 4.6872
11520000 4.68791
11530000 4.68892
11540000 4.68992
11550000 4.69128
11560000 4.6928
11570000 4.69344
11580000 4.69438
11590000 4.69559
11600000 4.6968
11610000 4.69773
11620000 4.69861
11630000 4.69973
11640000 4.70055
11650000 4.70149
11660000 4.70237
11670000 4.70357
11680000 4.70447
11690000 4.70548
11700000 4.70671
11710000 4.70781
11720000 4.70868
11730000 4.7095
11740000 4.71037
11750000 4.71171
11760000 4.71277
11770000 4.71407
11780000 4.7149
11790000 4.71615
11800000 4.71696
11810000 4.71801
11820000 4.71914
11830000 4.72026
11840000 4.7213
11850000 4.72258
11860000 4.72415
11870000 4.72476
11880000 4.72635
11890000 4.72739
11900000 4.72789
11910000 4.72894
11920000 4.73026
11930000 4.73118
11940000 4.73183
11950000 4.73254
11960000 4.73371
11970000 4.735
11980000 4.73572
11990000 4.73672
12000000 4.73772
12010000 4.73908
12020000 4.7404
12030000 4.74105
12040000 4.74192
12050000 4.74298
12060000 4.74355
12070000 4.74495
12080000 4.74611
12090000 4.74709
12100000 4.74821
12110000 4.74867
12120000 4.74961
12130000 4.75088
12140000 4.75171
12150000 4.75239
12160000 4.75337
12170000 4.75442
12180000 4.75534
12190000 4.75664
12200000 4.75762
12210000 4.75879
12220000 4.76014
12230000 4.76057
12240000 4.76117
12250000 4.76201
12260000 4.763
12270000 4.76371
12280000 4.76497
12290000 4.76588
12300000 4.76725
12310000 4.76805
12320000 4.76907
12330000 4.77018
12340000 4.77119
12350000 4.7722
12360000 4.77323
12370000 4.77405
12380000 4.77535
12390000 4.7765
12400000 4.77747
12410000 4.77837
12420000 4.77919
12430000 4.7803
12440000 4.78151
12450000 4.78261
12460000 4.78322
12470000 4.78389
12480000 4.78501
12490000 4.78584
12500000 4.78684
12510000 4.78794
12520000 4.78883
12530000 4.78967
12540000 4.79099
12550000 4.79227
12560000 4.79334
12570000 4.79451
12580000 4.79539
12590000 4.7966
12600000 4.79768
12610000 4.79872
12620000 4.79991
12630000 4.80071
12640000 4.80189
12650000 4.80278
12660000 4.80439
12670000 4.80522
12680000 4.80613
12690000 4.80717
12700000 4.80768
12710000 4.8084
12720000 4.80957
12730000 4.8108
12740000 4.81156
12750000 4.81246
12760000 4.81336
12770000 4.81405
12780000 4.81524
12790000 4.81643
12800000 4.81743
12810000 4.81862
12820000 4.81946
12830000 4.82069
12840000 4.82142
12850000 4.82236
12860000 4.82326
12870000 4.82422
12880000 4.82508
12890000 4.82617
12900000 4.827
12910000 4.82827
12920000 4.82914
12930000 4.83009
12940000 4.83132
12950000 4.83234
12960000 4.83332
12970000 4.83454
12980000 4.83558
12990000 4.83715
13000000 4.83759
13010000 4.83881
13020000 4.83995
13030000 4.84097
13040000 4.84184
13050000 4.84254
13060000 4.84379
13070000 4.84515
13080000 4.84567
13090000 4.84646
13100000 4.84737
13110000 4.8482
13120000 4.84914
13130000 4.85027
13140000 4.85132
13150000 4.85245
13160000 4.85346
13170000 4.85469
13180000 4.85579
13190000 4.85703
13200000 4.85803
13210000 4.85904
13220000 4.86012
13230000 4.86109
13240000 4.86175
13250000 4.8633
13260000 4.86444
13270000 4.86534
13280000 4.86645
13290000 4.86761
13300000 4.86877
13310000 4.86953
13320000 4.87075
13330000 4.87172
13340000 4.87322
13350000 4.87389
13360000 4.87471
13370000 4.87603
13380000 4.87657
13390000 4.87755
13400000 4.87851
13410000 4.87976
13420000 4.8807
13430000 4.88172
13440000 4.8826
13450000 4.88392
13460000 4.88485
13470000 4.88595
13480000 4.88689
13490000 4.88753
13500000 4.88861
13510000 4.88942
13520000 4.88997
13530000 4.89134
13540000 4.89235
13550000 4.8934
13560000 4.89449
13570000 4.89544
13580000 4.89644
13590000 4.89741
13600000 4.8985
13610000 4.89909
13620000 4.9001
13630000 4.90103
13640000 4.90209
13650000 4.90291
13660000 4.90401
13670000 4.90545
13680000 4.90696
13690000 4.90753
13700000 4.90852
13710000 4.90937
13720000 4.91038
13730000 4.91095
13740000 4.91205
13750000 4.91296
13760000 4.91436
13770000 4.91577
13780000 4.91673
13790000 4.91742
13800000 4.91848
13810000 4.91962
13820000 4.92058
13830000 4.92155
13840000 4.92232
13850000 4.92364
13860000 4.92471
13870000 4.92553
13880000 4.92652
13890000 4.92739
13900000 4.92845
13910000 4.92949
13920000 4.93007
13930000 4.93085
13940000 4.93186
13950000 4.93274
13960000 4.93364
13970000 4.93472
13980000 4.93602
13990000 4.93685
14000000 4.93772
14010000 4.93878
14020000 4.93961
14030000 4.94056
14040000 4.94183
14050000 4.94304
14060000 4.94404
14070000 4.94504
14080000 4.94632
14090000 4.94726
14100000 4.95005
14110000 4.95001
14120000 4.95064
14130000 4.95133
14140000 4.95248
14150000 4.95324
14160000 4.95365
14170000 4.95451
14180000 4.95539
14190000 4.95619
14200000 4.95718
14210000 4.95815
14220000 4.95903
14230000 4.96053
14240000 4.96162
14250000 4.9625
14260000 4.96338
14270000 4.96447
14280000 4.96563
14290000 4.96679
14300000 4.96698
14310000 4.96804
14320000 4.9692
14330000 4.97059
14340000 4.97138
14350000 4.97202
14360000 4.97303
14370000 4.97422
14380000 4.97528
14390000 4.9758
14400000 4.97682
14410000 4.97812
14420000 4.97881
14430000 4.98004
14440000 4.98099
14450000 4.98217
14460000 4.98289
14470000 4.98385
14480000 4.9847
14490000 4.9854
14500000 4.98636
14510000 4.9875
14520000 4.98836
14530000 4.98931
14540000 4.99023
14550000 4.99117
14560000 4.99207
14570000 4.9931
14580000 4.99382
14590000 4.99491
14600000 4.99556
14610000 4.9965
14620000 4.99767
14630000 4.99871
14640000 4.99962
14650000 5.00054
14660000 5.00147
14670000 5.00214
14680000 5.00311
14690000 5.00415
14700000 5.00514
14710000 5.00627
14720000 5.00712
14730000 5.00805
14740000 5.00923
14750000 5.00977
14760000 5.01087
14770000 5.01172
14780000 5.01267
14790000 5.01349
14800000 5.01455
14810000 5.01537
14820000 5.01605
14830000 5.01687
14840000 5.01809
14850000 5.01879
14860000 5.01975
14870000 5.0211
14880000 5.0223
14890000 5.02308
14900000 5.02397
14910000 5.02497
14920000 5.02625
14930000 5.02671
14940000 5.02766
14950000 5.02882
14960000 5.02984
14970000 5.03083
14980000 5.03155
14990000 5.03257
15000000 5.03334
15010000 5.0335
15020000 5.03502
15030000 5.03576
15040000 5.03647
15050000 5.03718
15060000 5.03807
15070000 5.03934
15080000 5.04038
15090000 5.04126
15100000 5.04193
15110000 5.04318
15120000 5.04433
15130000 5.0453
15140000 5.0467
15150000 5.0471
15160000 5.04785
15170000 5.04877
15180000 5.0499
15190000 5.05023
15200000 5.05106
15210000 5.05205
15220000 5.05276
15230000 5.05397
15240000 5.05511
15250000 5.05663
15260000 5.05746
15270000 5.05849
15280000 5.05924
15290000 5.06008
15300000 5.06112
15310000 5.06192
15320000 5.06311
15330000 5.06416
15340000 5.06502
15350000 5.06582
15360000 5.06655
15370000 5.06768
15380000 5.06856
15390000 5.06972
15400000 5.07071
15410000 5.07173
15420000 5.07263
15430000 5.07382
15440000 5.07496
15450000 5.07607
15460000 5.07705
15470000 5.07812
15480000 5.07873
15490000 5.08013
15500000 5.08082
15510000 5.08171
15520000 5.08229
15530000 5.08305
15540000 5.08411
15550000 5.0851
15560000 5.08602
15570000 5.08672
15580000 5.08767
15590000 5.08863
15600000 5.08954
15610000 5.09072
15620000 5.09151
15630000 5.09219
15640000 5.09331
15650000 5.09421
15660000 5.09506
15670000 5.0962
15680000 5.09693
15690000 5.09732
15700000 5.09815
15710000 5.09932
15720000 5.09997
15730000 5.10101
15740000 5.10189
15750000 5.1027
15760000 5.10394
15770000 5.1047
15780000 5.10608
15790000 5.10696
15800000 5.10803
15810000 5.10909
15820000 5.11029
15830000 5.11099
15840000 5.11149
15850000 5.11242
15860000 5.11351
15870000 5.11424
15880000 5.11497
15890000 5.11594
15900000 5.11698
15910000 5.11794
15920000 5.11909
15930000 5.12008
15940000 5.12099
15950000 5.12209
15960000 5.12307
15970000 5.12364
15980000 5.12433
15990000 5.12537
16000000 5.12646
16010000 5.1274
16020000 5.12819
16030000 5.12932
16040000 5.13018
16050000 5.13086
16060000 5.13153
16070000 5.1325
16080000 5.13334
16090000 5.13418
16100000 5.13519
16110000 5.13625
16120000 5.13697
16130000 5.13768
16140000 5.13847
16150000 5.13961
16160000 5.1404
16170000 5.14133
16180000 5.1424
16190000 5.14347
16200000 5.14476
16210000 5.14573
16220000 5.14665
16230000 5.14759
16240000 5.14835
16250000 5.14992
16260000 5.15067
16270000 5.1516
16280000 5.15237
16290000 5.15319
16300000 5.15403
16310000 5.15495
16320000 5.15591
16330000 5.15681
16340000 5.15755
16350000 5.15851
16360000 5.15978
16370000 5.16079
16380000 5.16201
16390000 5.16244
16400000 5.16341
16410000 5.16439
16420000 5.16516
16430000 5.16596
16440000 5.16669
16450000 5.16812
16460000 5.1687
16470000 5.16954
16480000 5.16989
16490000 5.17067
16500000 5.17171
16510000 5.1728
16520000 5.17348
16530000 5.17451
16540000 5.17559
16550000 5.17691
16560000 5.17765
16570000 5.17868
16580000 5.17981
16590000 5.18077
16600000 5.18194
16610000 5.18256
16620000 5.18358
16630000 5.18423
16640000 5.18534
16650000 5.18638
16660000 5.18732
16670000 5.18834
16680000 5.18905
16690000 5.18981
16700000 5.19079
16710000 5.1917
16720000 5.19292
16730000 5.19421
16740000 5.1948
16750000 5.19544
16760000 5.19625
16770000 5.19736
16780000 5.19847
16790000 5.19947
16800000 5.19994
16810000 5.20121
16820000 5.20211
16830000 5.20293
16840000 5.20411
16850000 5.20506
16860000 5.20581
16870000 5.20707
16880000 5.20758
16890000 5.20864
16900000 5.20988
16910000 5.21085
16920000 5.21159
16930000 5.21221
16940000 5.21269
16950000 5.21337
16960000 5.21431
16970000 5.21515
16980000 5.21613
16990000 5.21692
17000000 5.21742
17010000 5.2182
17020000 5.21917
17030000 5.22011
17040000 5.22106
17050000 5.22181
17060000 5.22293
17070000 5.22396
17080000 5.22521
17090000 5.22599
17100000 5.22673
17110000 5.22759
17120000 5.22848
17130000 5.22958
17140000 5.23043
17150000 5.23143
17160000 5.23195
17170000 5.23348
17180000 5.23428
17190000 5.23532
17200000 5.23578
17210000 5.23642
17220000 5.23802
17230000 5.23879
17240000 5.23962
17250000 5.24089
17260000 5.24185
17270000 5.24272
17280000 5.24386
17290000 5.24463
17300000 5.24542
17310000 5.24652
17320000 5.24746
17330000 5.24858
17340000 5.24906
17350000 5.25249
17360000 5.25183
17370000 5.25223
17380000 5.25298
17390000 5.25403
17400000 5.25457
17410000 5.25495
17420000 5.25596
17430000 5.25695
17440000 5.25791
17450000 5.2587
17460000 5.25975
17470000 5.26081
17480000 5.26145
17490000 5.26219
17500000 5.263
17510000 5.26391
17520000 5.26469
17530000 5.26584
17540000 5.26702
17550000 5.26799
17560000 5.26879
17570000 5.26912
17580000 5.26997
17590000 5.27113
17600000 5.27195
17610000 5.27295
17620000 5.2737
17630000 5.27433
17640000 5.27514
17650000 5.27612
17660000 5.27695
17670000 5.27801
17680000 5.27883
17690000 5.28026
17700000 5.28093
17710000 5.28189
17720000 5.28302
17730000 5.28381
17740000 5.28497
17750000 5.28589
17760000 5.28681
17770000 5.28804
17780000 5.28858
17790000 5.28946
17800000 5.29037
17810000 5.29127
17820000 5.29211
17830000 5.29277
17840000 5.29394
17850000 5.29497
17860000 5.29575
17870000 5.29652
17880000 5.29745
17890000 5.2982
17900000 5.29882
17910000 5.29981
17920000 5.30049
17930000 5.30128
17940000 5.3022
17950000 5.30301
17960000 5.30385
17970000 5.30471
17980000 5.30568
17990000 5.30708
18000000 5.30805
18010000 5.3089
18020000 5.30989
18030000 5.31078
18040000 5.31176
18050000 5.31255
18060000 5.3134
18070000 5.31411
18080000 5.31487
18090000 5.31565
18100000 5.31679
18110000 5.31772
18120000 5.3187
18130000 5.31923
18140000 5.32038
18150000 5.3214
18160000 5.32227
18170000 5.32273
18180000 5.32369
18190000 5.32458
18200000 5.32526
18210000 5.32641
18220000 5.32756
18230000 5.32819
18240000 5.329
18250000 5.33
18260000 5.33041
18270000 5.33119
18280000 5.33227
18290000 5.33317
18300000 5.33397
18310000 5.33441
18320000 5.33537
18330000 5.33646
18340000 5.33686
18350000 5.338
18360000 5.33877
18370000 5.33988
18380000 5.34066
18390000 5.34174
18400000 5.34264
18410000 5.34323
18420000 5.34394
18430000 5.34474
18440000 5.34562
18450000 5.34658
18460000 5.34788
18470000 5.3488
18480000 5.34963
18490000 5.35052
18500000 5.35117
18510000 5.35217
18520000 5.35281
18530000 5.35408
18540000 5.3548
18550000 5.35555
18560000 5.3565
18570000 5.35725
18580000 5.35813
18590000 5.35884
18600000 5.35961
18610000 5.36053
18620000 5.36108
18630000 5.3621
18640000 5.36286
18650000 5.36361
18660000 5.36466
18670000 5.36544
18680000 5.36635
18690000 5.36736
18700000 5.36783
18710000 5.3687
18720000 5.36972
18730000 5.3705
18740000 5.37125
18750000 5.37209
18760000 5.3727
18770000 5.37362
18780000 5.37466
18790000 5.37607
18800000 5.37657
18810000 5.37728
18820000 5.37857
18830000 5.37949
18840000 5.38027
18850000 5.38104
18860000 5.38173
18870000 5.38271
18880000 5.3836
18890000 5.38442
18900000 5.38555
18910000 5.38637
18920000 5.38742
18930000 5.38888
18940000 5.38946
18950000 5.39023
18960000 5.39073
18970000 5.39174
18980000 5.39206
18990000 5.39285
19000000 5.39368
19010000 5.39458
19020000 5.39533
19030000 5.39627
19040000 5.39683
19050000 5.39785
19060000 5.39863
19070000 5.39974
19080000 5.40063
19090000 5.40156
19100000 5.40238
19110000 5.40315
19120000 5.40415
19130000 5.40508
19140000 5.40597
19150000 5.40709
19160000 5.40781
19170000 5.40894
19180000 5.40996
19190000 5.41037
19200000 5.41118
19210000 5.4119
19220000 5.41273
19230000 5.4135
19240000 5.41433
19250000 5.4156
19260000 5.41646
19270000 5.41668
19280000 5.41764
19290000 5.41857
19300000 5.41936
19310000 5.42014
19320000 5.42122
19330000 5.42225
19340000 5.42254
19350000 5.42374
19360000 5.42425
19370000 5.42525
19380000 5.42607
19390000 5.42652
19400000 5.42725
19410000 5.42801
19420000 5.42862
19430000 5.42951
19440000 5.43047
19450000 5.43156
19460000 5.43278
19470000 5.43339
19480000 5.43427
19490000 5.43502
19500000 5.43592
19510000 5.43723
19520000 5.43808
19530000 5.43887
19540000 5.44064
19550000 5.44114
19560000 5.44132
19570000 5.44189
19580000 5.44269
19590000 5.44343
19600000 5.44425
19610000 5.44507
19620000 5.44596
19630000 5.44727
19640000 5.44809
19650000 5.44877
19660000 5.44995
19670000 5.45073
19680000 5.45172
19690000 5.45241
19700000 5.45317
19710000 5.4538
19720000 5.45465
19730000 5.45546
19740000 5.45635
19750000 5.45721
19760000 5.45799
19770000 5.45901
19780000 5.45972
19790000 5.4605
19800000 5.46143
19810000 5.46214
19820000 5.46314
19830000 5.46387
19840000 5.46464
19850000 5.46566
19860000 5.46644
19870000 5.46709
19880000 5.46814
19890000 5.46915
19900000 5.46989
19910000 5.47038
19920000 5.4713
19930000 5.47204
19940000 5.47313
19950000 5.47366
19960000 5.47451
19970000 5.4754
19980000 5.47602
19990000 5.4766
20000000 5.47749
20010000 5.47809
20020000 5.47896
20030000 5.47982
20040000 5.48097
20050000 5.48163
20060000 5.48257
20070000 5.48331
20080000 5.48444
20090000 5.48535
20100000 5.48625
20110000 5.48698
20120000 5.48802
20130000 5.48901
20140000 5.48989
20150000 5.49062
20160000 5.49128
20170000 5.49226
20180000 5.49272
20190000 5.49349
20200000 5.49441
20210000 5.49488
20220000 5.49576
20230000 5.49696
20240000 5.49783
20250000 5.4986
20260000 5.49934
20270000 5.50019
20280000 5.50131
20290000 5.50185
20300000 5.50283
20310000 5.50387
20320000 5.5049
20330000 5.50541
20340000 5.50606
20350000 5.50746
20360000 5.50815
20370000 5.50915
20380000 5.50987
20390000 5.5108
20400000 5.5115
20410000 5.51281
20420000 5.51326
20430000 5.51384
20440000 5.51486
20450000 5.51577
20460000 5.51631
20470000 5.5173
20480000 5.518
20490000 5.51853
20500000 5.51935
20510000 5.52022
20520000 5.52122
20530000 5.52193
20540000 5.52253
20550000 5.52325
20560000 5.52431
20570000 5.52533
20580000 5.52605
20590000 5.52684
20600000 5.52774
20610000 5.52836
20620000 5.52921
20630000 5.53004
20640000 5.53092
20650000 5.53186
20660000 5.53296
20670000 5.53398
20680000 5.53489
20690000 5.53548
20700000 5.53627
20710000 5.53703
20720000 5.53767
20730000 5.53869
20740000 5.53939
20750000 5.54009
20760000 5.54092
20770000 5.54154
20780000 5.54227
20790000 5.54333
20800000 5.54414
20810000 5.54492
20820000 5.54557
20830000 5.54634
20840000 5.54682
20850000 5.54732
20860000 5.54851
20870000 5.54947
20880000 5.55036
20890000 5.55135
20900000 5.55188
20910000 5.55295
20920000 5.55389
20930000 5.55492
20940000 5.55565
20950000 5.55592
20960000 5.55683
20970000 5.55778
20980000 5.55849
20990000 5.55935
21000000 5.56057
21010000 5.56153
21020000 5.56228
21030000 5.56278
21040000 5.56369
21050000 5.56448
21060000 5.56509
21070000 5.56567
21080000 5.56635
21090000 5.56726
21100000 5.56848
21110000 5.56951
21120000 5.57035
21130000 5.57098
21140000 5.57168
21150000 5.5725
21160000 5.57348
21170000 5.57433
21180000 5.57529
21190000 5.57627
21200000 5.57705
21210000 5.5781
21220000 5.57878
21230000 5.57951
21240000 5.58026
21250000 5.58119
21260000 5.5818
21270000 5.58298
21280000 5.58376
21290000 5.5848
21300000 5.58556
21310000 5.58606
21320000 5.58672
21330000 5.58778
21340000 5.58838
21350000 5.58931
21360000 5.58981
21370000 5.5905
21380000 5.59108
21390000 5.59212
21400000 5.59303
21410000 5.59369
21420000 5.59431
21430000 5.59516
21440000 5.59571
21450000 5.59649
21460000 5.59724
21470000 5.59803
21480000 5.59885
21490000 5.60002
21500000 5.60088
21510000 5.60156
21520000 5.60237
21530000 5.60348
21540000 5.60427
21550000 5.60496
21560000 5.60561
21570000 5.60661
21580000 5.60724
21590000 5.60809
21600000 5.60834
21610000 5.60919
21620000 5.6099
21630000 5.61065
21640000 5.61148
21650000 5.6125
21660000 5.61301
21670000 5.61394
21680000 5.61446
21690000 5.61516
21700000 5.61607
21710000 5.6169
21720000 5.61769
21730000 5.6183
21740000 5.61928
21750000 5.62021
21760000 5.62148
21770000 5.62214
21780000 5.62266
21790000 5.62321
21800000 5.62399
21810000 5.62484
21820000 5.62596
21830000 5.6269
21840000 5.62767
21850000 5.62854
21860000 5.62949
21870000 5.63007
21880000 5.63119
21890000 5.63206
21900000 5.63309
21910000 5.63419
21920000 5.63492
21930000 5.63555
21940000 5.63639
21950000 5.63711
21960000 5.63758
21970000 5.63825
21980000 5.63913
21990000 5.63997
22000000 5.64091
22010000 5.64189
22020000 5.64249
22030000 5.6432
22040000 5.64387
22050000 5.64479
22060000 5.64557
22070000 5.64662
22080000 5.64767
22090000 5.64829
22100000 5.64907
22110000 5.64973
22120000 5.6506
22130000 5.65167
22140000 5.65228
22150000 5.65314
22160000 5.65397
22170000 5.6549
22180000 5.65588
22190000 5.65663
22200000 5.65738
22210000 5.6583
22220000 5.6589
22230000 5.65947
22240000 5.66048
22250000 5.66119
22260000 5.66203
22270000 5.66273
22280000 5.66383
22290000 5.66437
22300000 5.66522
22310000 5.66602
22320000 5.66664
22330000 5.66728
22340000 5.66784
22350000 5.66863
22360000 5.66952
22370000 5.67038
22380000 5.6712
22390000 5.67208
22400000 5.67291
22410000 5.67371
22420000 5.67468
22430000 5.67542
22440000 5.67636
22450000 5.67747
22460000 5.67808
22470000 5.67858
22480000 5.67961
22490000 5.6802
22500000 5.68133
22510000 5.68218
22520000 5.68297
22530000 5.68399
22540000 5.68453
22550000 5.68514
22560000 5.68577
22570000 5.68666
22580000 5.68728
22590000 5.68795
22600000 5.68887
22610000 5.68963
22620000 5.69031
22630000 5.69128
22640000 5.69184
22650000 5.69271
22660000 5.69351
22670000 5.69466
22680000 5.69548
22690000 5.69647
22700000 5.69726
22710000 5.69912
22720000 5.69886
22730000 5.69939
22740000 5.69998
22750000 5.70074
22760000 5.70149
22770000 5.70222
22780000 5.70298
22790000 5.70376
22800000 5.70467
22810000 5.7051
22820000 5.70628
22830000 5.70707
22840000 5.70826
22850000 5.7092
22860000 5.71007
22870000 5.71089
22880000 5.71176
22890000 5.7122
22900000 5.71291
22910000 5.7137
22920000 5.71444
22930000 5.71506
22940000 5.71578
22950000 5.71669
22960000 5.71744
22970000 5.71813
22980000 5.71907
22990000 5.71982
23000000 5.72089
23010000 5.72178
23020000 5.72251
23030000 5.72331
23040000 5.72428
23050000 5.72473
23060000 5.72569
23070000 5.72646
23080000 5.72702
23090000 5.72768
23100000 5.72843
23110000 5.72883
23120000 5.72945
23130000 5.7304
23140000 5.73128
23150000 5.73196
23160000 5.73295
23170000 5.7339
23180000 5.73447
23190000 5.73521
23200000 5.73585
23210000 5.73655
23220000 5.73732
23230000 5.73828
23240000 5.73887
23250000 5.73949
23260000 5.74025
23270000 5.74108
23280000 5.74192
23290000 5.74278
23300000 5.74373
23310000 5.74435
23320000 5.74541
23330000 5.74619
23340000 5.74685
23350000 5.74777
23360000 5.74862
23370000 5.7493
23380000 5.75012
23390000 5.75069
23400000 5.75141
23410000 5.75221
23420000 5.75308
23430000 5.754
23440000 5.75461
23450000 5.75553
23460000 5.75595
23470000 5.75693
23480000 5.75754
23490000 5.75822
23500000 5.75917
23510000 5.7605
23520000 5.76098
23530000 5.76138
23540000 5.7624
23550000 5.76301
23560000 5.76358
23570000 5.76437
23580000 5.76533
23590000 5.76573
23600000 5.76694
23610000 5.76758
23620000 5.7681
23630000 5.76907
23640000 5.76996
23650000 5.77062
23660000 5.77178
23670000 5.77218
23680000 5.77285
23690000 5.77361
23700000 5.77432
23710000 5.77539
23720000 5.77616
23730000 5.77679
23740000 5.77773
23750000 5.77876
23760000 5.77967
23770000 5.78031
23780000 5.78086
23790000 5.78165
23800000 5.78225
23810000 5.78353
23820000 5.78472
23830000 5.78517
23840000 5.7855
23850000 5.78642
23860000 5.78695
23870000 5.78776
23880000 5.78864
23890000 5.78957
23900000 5.79057
23910000 5.79133
23920000 5.79228
23930000 5.7929
23940000 5.79348
23950000 5.79422
23960000 5.7951
23970000 5.79578
23980000 5.79669
23990000 5.79736
24000000 5.79817
24010000 5.79849
24020000 5.79919
24030000 5.7998
24040000 5.80095
24050000 5.80133
24060000 5.80262
24070000 5.803
24080000 5.80373
24090000 5.8045
24100000 5.80529
24110000 5.80586
24120000 5.80658
24130000 5.80731
24140000 5.8083
24150000 5.80882
24160000 5.80924
24170000 5.81015
24180000 5.81099
24190000 5.81159
24200000 5.81239
24210000 5.81321
24220000 5.81397
24230000 5.81476
24240000 5.81543
24250000 5.81631
24260000 5.81685
24270000 5.81786
24280000 5.81857
24290000 5.81907
24300000 5.81995
24310000 5.82034
24320000 5.82119
24330000 5.822
24340000 5.82242
24350000 5.82325
24360000 5.82409
24370000 5.82472
24380000 5.82509
24390000 5.82584
24400000 5.82726
24410000 5.82779
24420000 5.82845
24430000 5.82892
24440000 5.82964
24450000 5.83032
24460000 5.83105
24470000 5.83192
24480000 5.83247
24490000 5.83281
24500000 5.8338
24510000 5.83443
24520000 5.8353
24530000 5.83608
24540000 5.83676
24550000 5.83763
24560000 5.83845
24570000 5.83893
24580000 5.83969
24590000 5.84043
24600000 5.84141
24610000 5.8424
24620000 5.84306
24630000 5.8439
24640000 5.84429
24650000 5.84524
24660000 5.84585
24670000 5.84658
24680000 5.84764
24690000 5.84817
24700000 5.84891
24710000 5.84995
24720000 5.85047
24730000 5.85133
24740000 5.85211
24750000 5.85275
24760000 5.85349
24770000 5.85426
24780000 5.85482
24790000 5.85571
24800000 5.85644
24810000 5.85745
24820000 5.85837
24830000 5.85914
24840000 5.85954
24850000 5.86008
24860000 5.86135
24870000 5.86201
24880000 5.86274
24890000 5.86374
24900000 5.86437
24910000 5.86509
24920000 5.86601
24930000 5.8667
24940000 5.86727
24950000 5.86845
24960000 5.86913
24970000 5.87011
24980000 5.87103
24990000 5.8718
25000000 5.87288
25010000 5.87344
25020000 5.87422
25030000 5.87479
25040000 5.87556
25050000 5.87618
25060000 5.87693
25070000 5.87789
25080000 5.8787
25090000 5.87901
25100000 5.87986
25110000 5.88072
25120000 5.8815
25130000 5.88232
25140000 5.88313
25150000 5.88375
25160000 5.88429
25170000 5.88529
25180000 5.88591
25190000 5.88669
25200000 5.8874
25210000 5.88807
25220000 5.88898
25230000 5.88972
25240000 5.89047
25250000 5.89137
25260000 5.89251
25270000 5.89312
25280000 5.89377
25290000 5.8946
25300000 5.89542
25310000 5.89577
25320000 5.89648
25330000 5.89759
25340000 5.89837
25350000 5.89924
25360000 5.90007
25370000 5.90077
25380000 5.90139
25390000 5.90246
25400000 5.9032
25410000 5.90383
25420000 5.90441
25430000 5.90508
25440000 5.90582
25450000 5.90652
25460000 5.90742
25470000 5.90817
25480000 5.90886
25490000 5.90953
25500000 5.91017
25510000 5.91093
25520000 5.91141
25530000 5.91223
25540000 5.91287
25550000 5.91348
25560000 5.91408
25570000 5.91497
25580000 5.91571
25590000 5.91656
25600000 5.91728
25610000 5.91809
25620000 5.91866
25630000 5.91922
25640000 5.91992
25650000 5.92071
25660000 5.92148
25670000 5.92197
25680000 5.92274
25690000 5.92365
25700000 5.92442
25710000 5.92533
25720000 5.92588
25730000 5.92685
25740000 5.9277
25750000 5.92887
25760000 5.92933
25770000 5.93029
25780000 5.93127
25790000 5.93208
25800000 5.93295
25810000 5.93378
25820000 5.93415
25830000 5.93467
25840000 5.93536
25850000 5.93611
25860000 5.93673
25870000 5.93744
25880000 5.93841
25890000 5.9388
25900000 5.93945
25910000 5.94033
25920000 5.94135
25930000 5.94206
25940000 5.94266
25950000 5.9434
25960000 5.94399
25970000 5.94486
25980000 5.94576
25990000 5.94655
26000000 5.94705
26010000 5.94746
26020000 5.94831
26030000 5.94906
26040000 5.94967
26050000 5.95043
26060000 5.95129
26070000 5.95226
26080000 5.95288
26090000 5.95382
26100000 5.9545
26110000 5.95524
26120000 5.95603
26130000 5.95683
26140000 5.95754
26150000 5.95806
26160000 5.95888
26170000 5.95966
26180000 5.96026
26190000 5.96084
26200000 5.96159
26210000 5.96227
26220000 5.9631
26230000 5.96404
26240000 5.96476
26250000 5.96532
26260000 5.96569
26270000 5.9664
26280000 5.9671
26290000 5.96789
26300000 5.96869
26310000 5.96917
26320000 5.97023
26330000 5.97092
26340000 5.97152
26350000 5.97221
26360000 5.97304
26370000 5.97359
26380000 5.97423
26390000 5.97502
26400000 5.97565
26410000 5.97629
26420000 5.97696
26430000 5.97763
26440000 5.97838
26450000 5.97905
26460000 5.97995
26470000 5.98075
26480000 5.98155
26490000 5.9822
26500000 5.98277
26510000 5.98348
26520000 5.98416
26530000 5.9849
26540000 5.98583
26550000 5.9866
26560000 5.98724
26570000 5.98781
26580000 5.98856
26590000 5.9895
26600000 5.99034
26610000 5.99096
26620000 5.99182
26630000 5.99299
26640000 5.99332
26650000 5.99418
26660000 5.99489
26670000 5.99556
26680000 5.99591
26690000 5.99655
26700000 5.99718
26710000 5.99785
26720000 5.99848
26730000 5.99906
26740000 5.9999
26750000 6.00082
26760000 6.00183
26770000 6.00259
26780000 6.0032
26790000 6.00399
26800000 6.00464
26810000 6.00511
26820000 6.00601
26830000 6.00687
26840000 6.00774
26850000 6.00845
26860000 6.00923
26870000 6.00995
26880000 6.01065
26890000 6.01097
26900000 6.01193
26910000 6.01271
26920000 6.0137
26930000 6.01443
26940000 6.01517
26950000 6.01596
26960000 6.01683
26970000 6.01751
26980000 6.01841
26990000 6.01938
27000000 6.01976
27010000 6.02051
27020000 6.02113
27030000 6.02176
27040000 6.02222
27050000 6.02296
27060000 6.02377
27070000 6.02455
27080000 6.02547
27090000 6.02622
27100000 6.02682
27110000 6.02763
27120000 6.02837
27130000 6.02886
27140000 6.02944
27150000 6.03041
27160000 6.03177
27170000 6.03224
27180000 6.03296
27190000 6.0334
27200000 6.03427
27210000 6.03485
27220000 6.03566
27230000 6.03667
27240000 6.03714
27250000 6.0379
27260000 6.03861
27270000 6.03919
27280000 6.03968
27290000 6.04057
27300000 6.04115
27310000 6.04169
27320000 6.04272
27330000 6.04331
27340000 6.04397
27350000 6.04445
27360000 6.04535
27370000 6.04612
27380000 6.04721
27390000 6.04789
27400000 6.0489
27410000 6.04945
27420000 6.04995
27430000 6.05066
27440000 6.05153
27450000 6.05226
27460000 6.05298
27470000 6.05396
27480000 6.05475
27490000 6.05538
27500000 6.05614
27510000 6.0566
27520000 6.05763
27530000 6.05834
27540000 6.05864
27550000 6.05941
27560000 6.06013
27570000 6.06058
27580000 6.0614
27590000 6.06214
27600000 6.06286
27610000 6.06377
27620000 6.06438
27630000 6.0651
27640000 6.06567
27650000 6.06638
27660000 6.06686
27670000 6.06759
27680000 6.06834
27690000 6.0689
27700000 6.06979
27710000 6.07047
27720000 6.07124
27730000 6.07235
27740000 6.07311
27750000 6.07413
27760000 6.0748
27770000 6.07554
27780000 6.07618
27790000 6.07672
27800000 6.07758
27810000 6.07834
27820000 6.0788
27830000 6.07955
27840000 6.07995
27850000 6.08055
27860000 6.0816
27870000 6.08215
27880000 6.08295
27890000 6.08393
27900000 6.08411
27910000 6.08479
27920000 6.08531
27930000 6.08606
27940000 6.08676
27950000 6.08771
27960000 6.08838
27970000 6.08915
27980000 6.0897
27990000 6.09043
28000000 6.09119
28010000 6.09168
28020000 6.09236
28030000 6.09319
28040000 6.09391
28050000 6.09475
28060000 6.09531
28070000 6.09606
28080000 6.09659
28090000 6.09776
28100000 6.09837
28110000 6.09904
28120000 6.0996
28130000 6.10035
28140000 6.10096
28150000 6.10167
28160000 6.10238
28170000 6.10318
28180000 6.10375
28190000 6.10443
28200000 6.10516
28210000 6.10546
28220000 6.10577
28230000 6.10674
28240000 6.10774
28250000 6.10814
28260000 6.10896
28270000 6.10942
28280000 6.11022
28290000 6.11084
28300000 6.11166
28310000 6.11249
28320000 6.113
28330000 6.11359
28340000 6.11445
28350000 6.11535
28360000 6.11595
28370000 6.11692
28380000 6.11735
28390000 6.11837
28400000 6.11912
28410000 6.11953
28420000 6.12031
28430000 6.12084
28440000 6.12162
28450000 6.12251
28460000 6.12295
28470000 6.12381
28480000 6.12464
28490000 6.12519
28500000 6.12601
28510000 6.12681
28520000 6.12777
28530000 6.12845
28540000 6.12915
28550000 6.12973
28560000 6.13041
28570000 6.13135
28580000 6.13191
28590000 6.13258
28600000 6.13371
28610000 6.13417
28620000 6.13511
28630000 6.13572
28640000 6.13642
28650000 6.13707
28660000 6.13785
28670000 6.13852
28680000 6.13926
28690000 6.14032
28700000 6.14101
28710000 6.14157
28720000 6.14195
28730000 6.14263
28740000 6.14336
28750000 6.14424
28760000 6.14509
28770000 6.14586
28780000 6.14659
28790000 6.14703
28800000 6.1477
28810000 6.14838
28820000 6.14915
28830000 6.14969
28840000 6.1504
28850000 6.15121
28860000 6.15194
28870000 6.15259
28880000 6.1535
28890000 6.154
28900000 6.15486
28910000 6.15579
28920000 6.15667
28930000 6.15731
28940000 6.15782
28950000 6.15864
28960000 6.15942
28970000 6.15996
28980000 6.16105
28990000 6.16182
29000000 6.16247
29010000 6.16309
29020000 6.16392
29030000 6.16445
29040000 6.16512
29050000 6.16553
29060000 6.16609
29070000 6.16672
29080000 6.16748
29090000 6.16786
29100000 6.16834
29110000 6.16886
29120000 6.16987
29130000 6.1705
29140000 6.17108
29150000 6.17217
29160000 6.17275
29170000 6.17352
29180000 6.17411
29190000 6.17489
29200000 6.1757
29210000 6.17644
29220000 6.17729
29230000 6.17798
29240000 6.1785
29250000 6.17892
29260000 6.17944
29270000 6.18008
29280000 6.1808
29290000 6.18156
29300000 6.18229
29310000 6.18314
29320000 6.18389
29330000 6.18418
29340000 6.18495
29350000 6.18564
29360000 6.18649
29370000 6.18731
29380000 6.18803
29390000 6.18896
29400000 6.18956
29410000 6.19016
29420000 6.19069
29430000 6.19161
29440000 6.19206
29450000 6.19257
29460000 6.19346
29470000 6.19399
29480000 6.19491
29490000 6.1955
29500000 6.19609
29510000 6.19671
29520000 6.19776
29530000 6.19836
29540000 6.19899
29550000 6.19945
29560000 6.19996
29570000 6.20057
29580000 6.20135
29590000 6.20211
29600000 6.20293
29610000 6.20353
29620000 6.20421
29630000 6.20513
29640000 6.20573
29650000 6.20651
29660000 6.2072
29670000 6.20795
29680000 6.20879
29690000 6.20947
29700000 6.21033
29710000 6.21127
29720000 6.21216
29730000 6.21247
29740000 6.21294
29750000 6.21346
29760000 6.21422
29770000 6.21476
29780000 6.21516
29790000 6.21579
29800000 6.21665
29810000 6.21767
29820000 6.21835
29830000 6.21908
29840000 6.21941
29850000 6.22015
29860000 6.22102
29870000 6.2217
29880000 6.22269
29890000 6.22351
29900000 6.22408
29910000 6.22494
29920000 6.22513
29930000 6.22583
29940000 6.2266
29950000 6.22729
29960000 6.2281
29970000 6.22874
29980000 6.22912
29990000 6.23
30000000 6.23053
