1 229.645
2 146.434
3 107.391
4 84.0365
5 68.383
6 57.1853
7 48.8238
8 42.3838
9 37.3047
10 33.2225
11 29.8899
12 27.1333
13 24.8272
14 22.8789
15 21.2185
16 19.7925
17 18.5593
18 17.4862
19 16.5472
20 15.7212
21 14.9913
22 14.3434
23 13.7661
24 13.2498
25 12.7863
26 12.3689
27 11.9919
28 11.6503
29 11.3399
30 11.0571
31 10.7988
32 10.5622
33 10.345
34 10.1452
35 9.96083
36 9.79043
37 9.63258
38 9.48605
39 9.34974
40 9.2227
41 9.10407
42 8.99307
43 8.88904
44 8.79137
45 8.69951
46 8.61297
47 8.53131
48 8.45413
49 8.38109
50 8.31185
51 8.24613
52 8.18366
53 8.1242
54 8.06754
55 8.01346
56 7.9618
57 7.91237
58 7.86505
59 7.81967
60 7.77612
61 7.73428
62 7.69405
63 7.65531
64 7.61798
65 7.58198
66 7.54722
67 7.51365
68 7.48117
69 7.44975
70 7.41931
71 7.38981
72 7.36119
73 7.33341
74 7.30643
75 7.2802
76 7.25469
77 7.22986
78 7.20568
79 7.18212
80 7.15915
81 7.13675
82 7.11488
83 7.09352
84 7.07265
85 7.05226
86 7.03231
87 7.0128
88 6.9937
89 6.97499
90 6.95667
91 6.93871
92 6.92111
93 6.90385
94 6.88691
95 6.87029
96 6.85397
97 6.83795
98 6.82221
99 6.80674
100 6.79153
101 6.77658
102 6.76188
103 6.74742
104 6.73319
105 6.71918
106 6.70539
107 6.69181
108 6.67844
109 6.66526
110 6.65228
111 6.63949
112 6.62688
113 6.61444
114 6.60218
115 6.59009
116 6.57816
117 6.56639
118 6.55478
119 6.54332
120 6.532
121 6.52083
122 6.50981
123 6.49891
124 6.48816
125 6.47753
126 6.46703
127 6.45666
128 6.44641
129 6.43629
130 6.42627
131 6.41638
132 6.40659
133 6.39692
134 6.38735
135 6.37789
136 6.36854
137 6.35928
138 6.35013
139 6.34107
140 6.33211
141 6.32324
142 6.31447
143 6.30578
144 6.29719
145 6.28868
146 6.28026
147 6.27192
148 6.26367
149 6.2555
150 6.2474
151 6.23939
152 6.23145
153 6.22359
154 6.21581
155 6.2081
156 6.20046
157 6.19289
158 6.1854
159 6.17797
160 6.17061
161 6.16332
162 6.15609
163 6.14893
164 6.14183
165 6.1348
166 6.12783
167 6.12092
168 6.11407
169 6.10728
170 6.10054
171 6.09387
172 6.08725
173 6.08069
174 6.07419
175 6.06774
176 6.06134
177 6.055
178 6.04871
179 6.04247
180 6.03628
181 6.03015
182 6.02406
183 6.01802
184 6.01204
185 6.0061
186 6.0002
187 5.99436
188 5.98856
189 5.9828
190 5.97709
191 5.97143
192 5.9658
193 5.96023
194 5.95469
195 5.9492
196 5.94375
197 5.93834
198 5.93297
199 5.92764
200 5.92235
201 5.9171
202 5.9119
203 5.90672
204 5.90159
205 5.8965
206 5.89144
207 5.88642
208 5.88143
209 5.87648
210 5.87157
211 5.86669
212 5.86185
213 5.85704
214 5.85226
215 5.84752
216 5.84281
217 5.83814
218 5.8335
219 5.82889
220 5.82431
221 5.81976
222 5.81525
223 5.81076
224 5.80631
225 5.80189
226 5.79749
227 5.79313
228 5.78879
229 5.78449
230 5.78021
231 5.77596
232 5.77174
233 5.76755
234 5.76339
235 5.75925
236 5.75514
237 5.75106
238 5.747
239 5.74297
240 5.73896
241 5.73498
242 5.73103
243 5.7271
244 5.7232
245 5.71932
246 5.71547
247 5.71164
248 5.70783
249 5.70405
250 5.70029
251 5.69656
252 5.69284
253 5.68916
254 5.68549
255 5.68185
256 5.67823
257 5.67463
258 5.67105
259 5.66749
260 5.66396
261 5.66045
262 5.65696
263 5.65349
264 5.65004
265 5.64661
266 5.6432
267 5.63981
268 5.63644
269 5.63309
270 5.62976
271 5.62645
272 5.62316
273 5.61989
274 5.61663
275 5.6134
276 5.61019
277 5.60699
278 5.60381
279 5.60065
280 5.59751
281 5.59438
282 5.59128
283 5.58819
284 5.58511
285 5.58206
286 5.57902
287 5.576
288 5.573
289 5.57001
290 5.56704
291 5.56408
292 5.56115
293 5.55822
294 5.55532
295 5.55243
296 5.54955
297 5.54669
298 5.54385
299 5.54102
300 5.53821
301 5.53541
302 5.53263
303 5.52986
304 5.5271
305 5.52437
306 5.52164
307 5.51893
308 5.51623
309 5.51355
310 5.51088
311 5.50823
312 5.50559
313 5.50296
314 5.50035
315 5.49775
316 5.49517
317 5.49259
318 5.49003
319 5.48749
320 5.48495
321 5.48243
322 5.47992
323 5.47743
324 5.47494
325 5.47247
326 5.47002
327 5.46757
328 5.46514
329 5.46272
330 5.46031
331 5.45791
332 5.45552
333 5.45315
334 5.45079
335 5.44843
336 5.4461
337 5.44377
338 5.44145
339 5.43915
340 5.43685
341 5.43457
342 5.43229
343 5.43003
344 5.42778
345 5.42554
346 5.42331
347 5.42109
348 5.41889
349 5.41669
350 5.4145
351 5.41232
352 5.41016
353 5.408
354 5.40585
355 5.40371
356 5.40159
357 5.39947
358 5.39736
359 5.39527
360 5.39318
361 5.3911
362 5.38903
363 5.38697
364 5.38492
365 5.38288
366 5.38085
367 5.37882
368 5.37681
369 5.37481
370 5.37281
371 5.37082
372 5.36885
373 5.36688
374 5.36492
375 5.36297
376 5.36102
377 5.35909
378 5.35716
379 5.35524
380 5.35334
381 5.35143
382 5.34954
383 5.34766
384 5.34578
385 5.34391
386 5.34205
387 5.3402
388 5.33836
389 5.33652
390 5.33469
391 5.33287
392 5.33106
393 5.32925
394 5.32746
395 5.32567
396 5.32389
397 5.32211
398 5.32034
399 5.31858
400 5.31683
401 5.31508
402 5.31335
403 5.31162
404 5.30989
405 5.30817
406 5.30647
407 5.30476
408 5.30307
409 5.30138
410 5.2997
411 5.29802
412 5.29635
413 5.29469
414 5.29304
415 5.29139
416 5.28975
417 5.28811
418 5.28648
419 5.28486
420 5.28325
421 5.28164
422 5.28004
423 5.27844
424 5.27685
425 5.27527
426 5.27369
427 5.27212
428 5.27055
429 5.26899
430 5.26744
431 5.26589
432 5.26435
433 5.26282
434 5.26129
435 5.25977
436 5.25825
437 5.25674
438 5.25523
439 5.25373
440 5.25224
441 5.25075
442 5.24927
443 5.24779
444 5.24632
445 5.24485
446 5.24339
447 5.24194
448 5.24049
449 5.23904
450 5.2376
451 5.23617
452 5.23474
453 5.23332
454 5.2319
455 5.23049
456 5.22908
457 5.22768
458 5.22628
459 5.22489
460 5.22351
461 5.22212
462 5.22075
463 5.21938
464 5.21801
465 5.21665
466 5.21529
467 5.21394
468 5.21259
469 5.21125
470 5.20991
471 5.20858
472 5.20725
473 5.20593
474 5.20461
475 5.2033
476 5.20199
477 5.20068
478 5.19939
479 5.19809
480 5.1968
481 5.19551
482 5.19423
483 5.19295
484 5.19168
485 5.19041
486 5.18915
487 5.18789
488 5.18663
489 5.18538
490 5.18414
491 5.18289
492 5.18166
493 5.18042
494 5.17919
495 5.17797
496 5.17674
497 5.17553
498 5.17431
499 5.17311
500 5.1719
