1 15.2036
2 10.0596
3 7.8092
4 7.09651
5 6.62772
6 6.10449
7 5.67151
8 5.43551
9 5.31687
10 5.25694
11 5.21047
12 5.12204
13 4.99795
14 4.86451
15 4.73616
16 4.62077
17 4.54348
18 4.50376
19 4.48232
20 4.45699
21 4.42825
22 4.39437
23 4.36672
24 4.34551
25 4.33159
26 4.31537
27 4.29624
28 4.27317
29 4.25345
30 4.23722
31 4.22731
32 4.21927
33 4.21226
34 4.20283
35 4.19373
36 4.18457
37 4.17812
38 4.1726
39 4.16864
40 4.16391
41 4.15945
42 4.15449
43 4.15079
44 4.14752
45 4.14556
46 4.14341
47 4.14187
48 4.13976
49 4.1384
50 4.13693
51 4.13642
52 4.13583
53 4.13585
54 4.13559
55 4.1358
56 4.13587
57 4.13652
58 4.13712
59 4.13822
60 4.13918
61 4.14052
62 4.1417
63 4.1433
64 4.14481
65 4.14672
66 4.14853
67 4.15066
68 4.15268
69 4.15499
70 4.15723
71 4.15976
72 4.16222
73 4.16493
74 4.16757
75 4.17044
76 4.17324
77 4.17626
78 4.17923
79 4.1824
80 4.18552
81 4.18881
82 4.19206
83 4.19547
84 4.19884
85 4.20237
86 4.20586
87 4.20949
88 4.21309
89 4.21681
90 4.22051
91 4.22432
92 4.22812
93 4.23201
94 4.23589
95 4.23987
96 4.24383
97 4.24788
98 4.25192
99 4.25603
100 4.26014
101 4.26432
102 4.26849
103 4.27274
104 4.27697
105 4.28127
106 4.28556
107 4.28991
108 4.29426
109 4.29866
110 4.30305
111 4.3075
112 4.31194
113 4.31643
114 4.32092
115 4.32545
116 4.32998
117 4.33455
118 4.33912
119 4.34373
120 4.34833
121 4.35297
122 4.35761
123 4.36228
124 4.36696
125 4.37166
126 4.37636
127 4.38109
128 4.38582
129 4.39058
130 4.39533
131 4.40012
132 4.4049
133 4.4097
134 4.41451
135 4.41934
136 4.42416
137 4.42901
138 4.43386
139 4.43872
140 4.44359
141 4.44848
142 4.45336
143 4.45826
144 4.46317
145 4.46808
146 4.473
147 4.47793
148 4.48287
149 4.48781
150 4.49276
151 4.49772
152 4.50268
153 4.50765
154 4.51262
155 4.5176
156 4.52259
157 4.52758
158 4.53257
159 4.53758
160 4.54258
161 4.54759
162 4.5526
163 4.55762
164 4.56264
165 4.56767
166 4.57269
167 4.57773
168 4.58276
169 4.5878
170 4.59284
171 4.59789
172 4.60293
173 4.60798
174 4.61304
175 4.61809
176 4.62315
177 4.62821
178 4.63327
179 4.63833
180 4.64339
181 4.64846
182 4.65353
183 4.6586
184 4.66367
185 4.66874
186 4.67381
187 4.67888
188 4.68396
189 4.68903
190 4.69411
191 4.69918
192 4.70426
193 4.70934
194 4.71442
195 4.7195
196 4.72457
197 4.72965
198 4.73473
199 4.73981
200 4.74489
201 4.74997
202 4.75504
203 4.76012
204 4.7652
205 4.77028
206 4.77535
207 4.78043
208 4.7855
209 4.79058
210 4.79565
211 4.80072
212 4.8058
213 4.81087
214 4.81594
215 4.82101
216 4.82608
217 4.83114
218 4.83621
219 4.84127
220 4.84634
221 4.8514
222 4.85646
223 4.86152
224 4.86658
225 4.87163
226 4.87669
227 4.88174
228 4.88679
229 4.89184
230 4.89689
231 4.90194
232 4.90698
233 4.91202
234 4.91707
235 4.9221
236 4.92714
237 4.93218
238 4.93721
239 4.94224
240 4.94727
241 4.9523
242 4.95732
243 4.96234
244 4.96737
245 4.97238
246 4.9774
247 4.98241
248 4.98742
249 4.99243
250 4.99744
251 5.00245
252 5.00745
253 5.01245
254 5.01744
255 5.02244
256 5.02743
257 5.03242
258 5.03741
259 5.04239
260 5.04738
261 5.05235
262 5.05733
263 5.06231
264 5.06728
265 5.07225
266 5.07721
267 5.08218
268 5.08714
269 5.09209
270 5.09705
271 5.102
272 5.10695
273 5.1119
274 5.11684
275 5.12178
276 5.12672
277 5.13165
278 5.13659
279 5.14152
280 5.14644
281 5.15137
282 5.15629
283 5.1612
284 5.16612
285 5.17103
286 5.17594
287 5.18084
288 5.18574
289 5.19064
290 5.19554
291 5.20043
292 5.20532
293 5.21021
294 5.21509
295 5.21997
296 5.22485
297 5.22972
298 5.2346
299 5.23946
300 5.24433
301 5.24919
302 5.25405
303 5.2589
304 5.26375
305 5.2686
306 5.27345
307 5.27829
308 5.28313
309 5.28796
310 5.2928
311 5.29762
312 5.30245
313 5.30727
314 5.31209
315 5.31691
316 5.32172
317 5.32653
318 5.33133
319 5.33614
320 5.34093
321 5.34573
322 5.35052
323 5.35531
324 5.3601
325 5.36488
326 5.36966
327 5.37443
328 5.3792
329 5.38397
330 5.38874
331 5.3935
332 5.39826
333 5.40301
334 5.40776
335 5.41251
336 5.41725
337 5.42199
338 5.42673
339 5.43147
340 5.4362
341 5.44092
342 5.44565
343 5.45037
344 5.45508
345 5.4598
346 5.46451
347 5.46921
348 5.47392
349 5.47862
350 5.48331
351 5.488
352 5.49269
353 5.49738
354 5.50206
355 5.50674
356 5.51141
357 5.51608
358 5.52075
359 5.52541
360 5.53008
361 5.53473
362 5.53939
363 5.54404
364 5.54868
365 5.55333
366 5.55797
367 5.5626
368 5.56723
369 5.57186
370 5.57649
371 5.58111
372 5.58573
373 5.59034
374 5.59495
375 5.59956
376 5.60417
377 5.60877
378 5.61336
379 5.61796
380 5.62255
381 5.62713
382 5.63172
383 5.6363
384 5.64087
385 5.64544
386 5.65001
387 5.65458
388 5.65914
389 5.6637
390 5.66825
391 5.6728
392 5.67735
393 5.6819
394 5.68644
395 5.69097
396 5.69551
397 5.70004
398 5.70456
399 5.70909
400 5.71361
401 5.71812
402 5.72263
403 5.72714
404 5.73165
405 5.73615
406 5.74065
407 5.74514
408 5.74963
409 5.75412
410 5.7586
411 5.76308
412 5.76756
413 5.77204
414 5.77651
415 5.78097
416 5.78543
417 5.78989
418 5.79435
419 5.7988
420 5.80325
421 5.8077
422 5.81214
423 5.81658
424 5.82101
425 5.82544
426 5.82987
427 5.8343
428 5.83872
429 5.84313
430 5.84755
431 5.85196
432 5.85637
433 5.86077
434 5.86517
435 5.86957
436 5.87396
437 5.87835
438 5.88273
439 5.88712
440 5.8915
441 5.89587
442 5.90025
443 5.90461
444 5.90898
445 5.91334
446 5.9177
447 5.92206
448 5.92641
449 5.93076
450 5.9351
451 5.93944
452 5.94378
453 5.94811
454 5.95244
455 5.95677
456 5.9611
457 5.96542
458 5.96974
459 5.97405
460 5.97836
461 5.98267
462 5.98697
463 5.99127
464 5.99557
465 5.99986
466 6.00415
467 6.00844
468 6.01272
469 6.017
470 6.02128
471 6.02555
472 6.02982
473 6.03409
474 6.03835
475 6.04261
476 6.04687
477 6.05112
478 6.05537
479 6.05962
480 6.06386
481 6.0681
482 6.07234
483 6.07657
484 6.0808
485 6.08503
486 6.08925
487 6.09347
488 6.09769
489 6.1019
490 6.10611
491 6.11032
492 6.11452
493 6.11872
494 6.12292
495 6.12711
496 6.1313
497 6.13549
498 6.13967
499 6.14385
500 6.14803
