1 1.58787
2 1.3115
3 1.07732
4 0.952272
5 0.885959
6 0.846423
7 0.819809
8 0.800272
9 0.785116
10 0.77294
11 0.76293
12 0.754566
13 0.747496
14 0.741465
15 0.736283
16 0.731805
17 0.727914
18 0.724518
19 0.72154
20 0.718918
21 0.716602
22 0.714548
23 0.71272
24 0.711088
25 0.709626
26 0.708314
27 0.707132
28 0.706066
29 0.705101
30 0.704226
31 0.703432
32 0.70271
33 0.702053
34 0.701453
35 0.700907
36 0.700409
37 0.699954
38 0.69954
39 0.699162
40 0.698819
41 0.698507
42 0.698224
43 0.697968
44 0.697738
45 0.697532
46 0.697348
47 0.697186
48 0.697043
49 0.696919
50 0.696814
51 0.696725
52 0.696653
53 0.696597
54 0.696555
55 0.696528
56 0.696515
57 0.696515
58 0.696528
59 0.696553
60 0.69659
61 0.696638
62 0.696698
63 0.696768
64 0.696849
65 0.69694
66 0.697041
67 0.697152
68 0.697272
69 0.697401
70 0.697539
71 0.697685
72 0.69784
73 0.698003
74 0.698175
75 0.698354
76 0.69854
77 0.698734
78 0.698936
79 0.699144
80 0.69936
81 0.699582
82 0.699811
83 0.700047
84 0.700289
85 0.700537
86 0.700792
87 0.701053
88 0.701319
89 0.701591
90 0.701869
91 0.702153
92 0.702442
93 0.702736
94 0.703036
95 0.703341
96 0.703651
97 0.703966
98 0.704286
99 0.70461
100 0.70494
101 0.705274
102 0.705613
103 0.705956
104 0.706303
105 0.706655
106 0.707011
107 0.707371
108 0.707735
109 0.708104
110 0.708476
111 0.708852
112 0.709232
113 0.709616
114 0.710003
115 0.710395
116 0.710789
117 0.711187
118 0.711589
119 0.711994
120 0.712403
121 0.712814
122 0.713229
123 0.713648
124 0.714069
125 0.714493
126 0.714921
127 0.715351
128 0.715784
129 0.71622
130 0.716659
131 0.717101
132 0.717546
133 0.717993
134 0.718443
135 0.718896
136 0.719351
137 0.719809
138 0.720269
139 0.720732
140 0.721197
141 0.721664
142 0.722134
143 0.722606
144 0.72308
145 0.723557
146 0.724036
147 0.724517
148 0.725
149 0.725485
150 0.725973
151 0.726462
152 0.726953
153 0.727446
154 0.727942
155 0.728439
156 0.728938
157 0.729439
158 0.729941
159 0.730446
160 0.730952
161 0.73146
162 0.73197
163 0.732481
164 0.732994
165 0.733509
166 0.734025
167 0.734543
168 0.735062
169 0.735583
170 0.736106
171 0.736629
172 0.737155
173 0.737682
174 0.73821
175 0.738739
176 0.73927
177 0.739803
178 0.740336
179 0.740871
180 0.741407
181 0.741945
182 0.742483
183 0.743023
184 0.743564
185 0.744107
186 0.74465
187 0.745195
188 0.745741
189 0.746287
190 0.746835
191 0.747384
192 0.747934
193 0.748485
194 0.749037
195 0.749591
196 0.750145
197 0.7507
198 0.751256
199 0.751813
200 0.75237
201 0.752929
202 0.753489
203 0.754049
204 0.754611
205 0.755173
206 0.755736
207 0.7563
208 0.756864
209 0.75743
210 0.757996
211 0.758563
212 0.759131
213 0.759699
214 0.760268
215 0.760838
216 0.761409
217 0.76198
218 0.762552
219 0.763125
220 0.763698
221 0.764272
222 0.764846
223 0.765421
224 0.765997
225 0.766573
226 0.76715
227 0.767728
228 0.768306
229 0.768884
230 0.769463
231 0.770043
232 0.770623
233 0.771203
234 0.771785
235 0.772366
236 0.772948
237 0.773531
238 0.774114
239 0.774697
240 0.775281
241 0.775865
242 0.77645
243 0.777035
244 0.77762
245 0.778206
246 0.778792
247 0.779379
248 0.779966
249 0.780553
250 0.781141
251 0.781729
252 0.782317
253 0.782906
254 0.783495
255 0.784084
256 0.784674
257 0.785264
258 0.785854
259 0.786444
260 0.787035
261 0.787626
262 0.788217
263 0.788809
264 0.7894
265 0.789992
266 0.790585
267 0.791177
268 0.79177
269 0.792362
270 0.792956
271 0.793549
272 0.794142
273 0.794736
274 0.79533
275 0.795923
276 0.796518
277 0.797112
278 0.797706
279 0.798301
280 0.798896
281 0.79949
282 0.800085
283 0.80068
284 0.801276
285 0.801871
286 0.802466
287 0.803062
288 0.803658
289 0.804253
290 0.804849
291 0.805445
292 0.806041
293 0.806637
294 0.807233
295 0.80783
296 0.808426
297 0.809022
298 0.809618
299 0.810215
300 0.810811
301 0.811408
302 0.812004
303 0.812601
304 0.813197
305 0.813794
306 0.814391
307 0.814987
308 0.815584
309 0.81618
310 0.816777
311 0.817374
312 0.81797
313 0.818567
314 0.819163
315 0.81976
316 0.820357
317 0.820953
318 0.82155
319 0.822146
320 0.822742
321 0.823339
322 0.823935
323 0.824531
324 0.825128
325 0.825724
326 0.82632
327 0.826916
328 0.827512
329 0.828108
330 0.828704
331 0.829299
332 0.829895
333 0.830491
334 0.831086
335 0.831682
336 0.832277
337 0.832872
338 0.833468
339 0.834063
340 0.834658
341 0.835252
342 0.835847
343 0.836442
344 0.837036
345 0.837631
346 0.838225
347 0.838819
348 0.839413
349 0.840007
350 0.840601
351 0.841195
352 0.841789
353 0.842382
354 0.842975
355 0.843568
356 0.844161
357 0.844754
358 0.845347
359 0.84594
360 0.846532
361 0.847124
362 0.847717
363 0.848309
364 0.8489
365 0.849492
366 0.850084
367 0.850675
368 0.851266
369 0.851857
370 0.852448
371 0.853039
372 0.853629
373 0.85422
374 0.85481
375 0.8554
376 0.855989
377 0.856579
378 0.857169
379 0.857758
380 0.858347
381 0.858936
382 0.859524
383 0.860113
384 0.860701
385 0.861289
386 0.861877
387 0.862465
388 0.863052
389 0.86364
390 0.864227
391 0.864814
392 0.865401
393 0.865987
394 0.866573
395 0.867159
396 0.867745
397 0.868331
398 0.868916
399 0.869502
400 0.870087
401 0.870671
402 0.871256
403 0.87184
404 0.872424
405 0.873008
406 0.873592
407 0.874176
408 0.874759
409 0.875342
410 0.875925
411 0.876507
412 0.87709
413 0.877672
414 0.878253
415 0.878835
416 0.879417
417 0.879998
418 0.880579
419 0.881159
420 0.88174
421 0.88232
422 0.8829
423 0.88348
424 0.884059
425 0.884638
426 0.885217
427 0.885796
428 0.886375
429 0.886953
430 0.887531
431 0.888109
432 0.888686
433 0.889263
434 0.889841
435 0.890417
436 0.890994
437 0.89157
438 0.892146
439 0.892722
440 0.893297
441 0.893873
442 0.894448
443 0.895022
444 0.895597
445 0.896171
446 0.896745
447 0.897319
448 0.897892
449 0.898465
450 0.899038
451 0.899611
452 0.900183
453 0.900755
454 0.901327
455 0.901899
456 0.90247
457 0.903041
458 0.903612
459 0.904182
460 0.904753
461 0.905322
462 0.905892
463 0.906462
464 0.907031
465 0.9076
466 0.908168
467 0.908737
468 0.909305
469 0.909873
470 0.91044
471 0.911007
472 0.911574
473 0.912141
474 0.912708
475 0.913274
476 0.91384
477 0.914405
478 0.914971
479 0.915536
480 0.9161
481 0.916665
482 0.917229
483 0.917793
484 0.918357
485 0.91892
486 0.919483
487 0.920046
488 0.920609
489 0.921171
490 0.921733
491 0.922295
492 0.922856
493 0.923417
494 0.923978
495 0.924539
496 0.925099
497 0.925659
498 0.926219
499 0.926778
500 0.927337
