1 11.6144
2 7.52908
3 6.09892
4 5.63763
5 5.42668
6 5.27133
7 5.14087
8 5.03917
9 4.96595
10 4.91199
11 4.86759
12 4.82791
13 4.79124
14 4.75751
15 4.7264
16 4.69757
17 4.6706
18 4.64524
19 4.62127
20 4.59856
21 4.57699
22 4.55648
23 4.53693
24 4.51826
25 4.50042
26 4.48335
27 4.467
28 4.45133
29 4.43629
30 4.42185
31 4.40799
32 4.39466
33 4.38184
34 4.36951
35 4.35764
36 4.34622
37 4.33521
38 4.3246
39 4.31438
40 4.30453
41 4.29503
42 4.28587
43 4.27703
44 4.2685
45 4.26027
46 4.25233
47 4.24466
48 4.23726
49 4.23011
50 4.22322
51 4.21655
52 4.21012
53 4.20391
54 4.19791
55 4.19212
56 4.18653
57 4.18113
58 4.17592
59 4.17088
60 4.16602
61 4.16133
62 4.1568
63 4.15243
64 4.14822
65 4.14415
66 4.14022
67 4.13644
68 4.13279
69 4.12927
70 4.12589
71 4.12262
72 4.11948
73 4.11645
74 4.11353
75 4.11073
76 4.10803
77 4.10544
78 4.10295
79 4.10056
80 4.09827
81 4.09607
82 4.09396
83 4.09194
84 4.09001
85 4.08816
86 4.08639
87 4.0847
88 4.08309
89 4.08156
90 4.0801
91 4.07872
92 4.0774
93 4.07616
94 4.07498
95 4.07387
96 4.07282
97 4.07183
98 4.0709
99 4.07004
100 4.06923
