1 11.8427
2 8.85848
3 7.50396
4 6.75586
5 6.29573
6 5.9907
7 5.77628
8 5.61812
9 5.4967
10 5.40029
11 5.32153
12 5.25561
13 5.19929
14 5.15032
15 5.1071
16 5.06845
17 5.0335
18 5.00161
19 4.97225
20 4.94504
21 4.91965
22 4.89585
23 4.87342
24 4.85219
25 4.83203
26 4.81283
27 4.79447
28 4.7769
29 4.76002
30 4.74378
31 4.72813
32 4.71302
33 4.69841
34 4.68427
35 4.67056
36 4.65726
37 4.64435
38 4.63179
39 4.61957
40 4.60767
41 4.59608
42 4.58478
43 4.57375
44 4.56299
45 4.55248
46 4.54222
47 4.53218
48 4.52237
49 4.51277
50 4.50337
51 4.49418
52 4.48518
53 4.47636
54 4.46772
55 4.45925
56 4.45096
57 4.44282
58 4.43485
59 4.42702
60 4.41935
61 4.41182
62 4.40443
63 4.39718
64 4.39006
65 4.38307
66 4.37621
67 4.36947
68 4.36285
69 4.35635
70 4.34996
71 4.34369
72 4.33752
73 4.33146
74 4.3255
75 4.31965
76 4.3139
77 4.30824
78 4.30268
79 4.29721
80 4.29183
81 4.28655
82 4.28135
83 4.27623
84 4.2712
85 4.26626
86 4.26139
87 4.2566
88 4.25189
89 4.24725
90 4.24269
91 4.23821
92 4.23379
93 4.22945
94 4.22517
95 4.22096
96 4.21682
97 4.21275
98 4.20873
99 4.20479
100 4.2009
101 4.19707
102 4.19331
103 4.1896
104 4.18595
105 4.18235
106 4.17882
107 4.17533
108 4.1719
109 4.16853
110 4.1652
111 4.16193
112 4.15871
113 4.15554
114 4.15241
115 4.14933
116 4.14631
117 4.14332
118 4.14039
119 4.13749
120 4.13465
121 4.13184
122 4.12908
123 4.12636
124 4.12368
125 4.12104
126 4.11845
127 4.11589
128 4.11337
129 4.11089
130 4.10845
131 4.10605
132 4.10368
133 4.10135
134 4.09905
135 4.09679
136 4.09457
137 4.09238
138 4.09022
139 4.08809
140 4.086
141 4.08394
142 4.08191
143 4.07992
144 4.07795
145 4.07602
146 4.07411
147 4.07224
148 4.07039
149 4.06857
150 4.06678
151 4.06502
152 4.06329
153 4.06158
154 4.05991
155 4.05825
156 4.05663
157 4.05503
158 4.05345
159 4.0519
160 4.05038
161 4.04888
162 4.0474
163 4.04595
164 4.04452
165 4.04312
166 4.04173
167 4.04037
168 4.03904
169 4.03772
170 4.03643
171 4.03516
172 4.0339
173 4.03268
174 4.03147
175 4.03028
176 4.02911
177 4.02796
178 4.02683
179 4.02572
180 4.02463
181 4.02356
182 4.02251
183 4.02148
184 4.02046
185 4.01947
186 4.01849
187 4.01753
188 4.01658
189 4.01566
190 4.01475
191 4.01385
192 4.01298
193 4.01212
194 4.01127
195 4.01045
196 4.00964
197 4.00884
198 4.00806
199 4.00729
200 4.00654
201 4.00581
202 4.00509
203 4.00439
204 4.00369
205 4.00302
206 4.00236
207 4.00171
208 4.00107
209 4.00045
210 3.99984
211 3.99925
212 3.99867
213 3.9981
214 3.99755
215 3.99701
216 3.99648
217 3.99596
218 3.99546
219 3.99496
220 3.99448
221 3.99402
222 3.99356
223 3.99311
224 3.99268
225 3.99226
226 3.99185
227 3.99145
228 3.99106
229 3.99069
230 3.99032
231 3.98997
232 3.98962
233 3.98929
234 3.98896
235 3.98865
236 3.98835
237 3.98806
238 3.98777
239 3.9875
240 3.98724
241 3.98698
242 3.98674
243 3.9865
244 3.98628
245 3.98606
246 3.98586
247 3.98566
248 3.98547
249 3.98529
250 3.98512
251 3.98496
252 3.98481
253 3.98466
254 3.98453
255 3.9844
256 3.98428
257 3.98417
258 3.98406
259 3.98397
260 3.98388
261 3.9838
262 3.98373
263 3.98367
264 3.98361
265 3.98357
266 3.98352
267 3.98349
268 3.98347
269 3.98345
270 3.98344
271 3.98343
272 3.98344
273 3.98345
274 3.98346
275 3.98349
276 3.98352
277 3.98356
278 3.9836
279 3.98365
280 3.98371
281 3.98377
282 3.98384
283 3.98392
284 3.98401
285 3.9841
286 3.98419
287 3.98429
288 3.9844
289 3.98452
290 3.98464
291 3.98476
292 3.9849
293 3.98503
294 3.98518
295 3.98533
296 3.98548
297 3.98564
298 3.98581
299 3.98598
300 3.98616
301 3.98634
302 3.98653
303 3.98673
304 3.98692
305 3.98713
306 3.98734
307 3.98755
308 3.98777
309 3.988
310 3.98823
311 3.98846
312 3.9887
313 3.98895
314 3.9892
315 3.98945
316 3.98971
317 3.98997
318 3.99024
319 3.99051
320 3.99079
321 3.99107
322 3.99136
323 3.99165
324 3.99195
325 3.99225
326 3.99255
327 3.99286
328 3.99317
329 3.99349
330 3.99381
331 3.99414
332 3.99447
333 3.9948
334 3.99514
335 3.99548
336 3.99583
337 3.99618
338 3.99653
339 3.99689
340 3.99725
341 3.99762
342 3.99799
343 3.99836
344 3.99874
345 3.99912
346 3.9995
347 3.99989
348 4.00028
349 4.00068
350 4.00107
351 4.00148
352 4.00188
353 4.00229
354 4.0027
355 4.00312
356 4.00354
357 4.00396
358 4.00439
359 4.00482
360 4.00525
361 4.00569
362 4.00613
363 4.00657
364 4.00702
365 4.00746
366 4.00792
367 4.00837
368 4.00883
369 4.00929
370 4.00976
371 4.01022
372 4.01069
373 4.01117
374 4.01164
375 4.01212
376 4.0126
377 4.01309
378 4.01358
379 4.01407
380 4.01456
381 4.01506
382 4.01555
383 4.01606
384 4.01656
385 4.01707
386 4.01758
387 4.01809
388 4.0186
389 4.01912
390 4.01964
391 4.02017
392 4.02069
393 4.02122
394 4.02175
395 4.02228
396 4.02282
397 4.02335
398 4.02389
399 4.02444
400 4.02498
401 4.02553
402 4.02608
403 4.02663
404 4.02719
405 4.02774
406 4.0283
407 4.02886
408 4.02943
409 4.02999
410 4.03056
411 4.03113
412 4.0317
413 4.03228
414 4.03286
415 4.03343
416 4.03402
417 4.0346
418 4.03518
419 4.03577
420 4.03636
421 4.03695
422 4.03755
423 4.03814
424 4.03874
425 4.03934
426 4.03994
427 4.04054
428 4.04115
429 4.04176
430 4.04237
431 4.04298
432 4.04359
433 4.04421
434 4.04482
435 4.04544
436 4.04606
437 4.04668
438 4.04731
439 4.04793
440 4.04856
441 4.04919
442 4.04982
443 4.05046
444 4.05109
445 4.05173
446 4.05236
447 4.053
448 4.05365
449 4.05429
450 4.05493
451 4.05558
452 4.05623
453 4.05688
454 4.05753
455 4.05818
456 4.05884
457 4.05949
458 4.06015
459 4.06081
460 4.06147
461 4.06213
462 4.0628
463 4.06346
464 4.06413
465 4.0648
466 4.06547
467 4.06614
468 4.06681
469 4.06749
470 4.06816
471 4.06884
472 4.06952
473 4.0702
474 4.07088
475 4.07156
476 4.07225
477 4.07293
478 4.07362
479 4.07431
480 4.075
481 4.07569
482 4.07638
483 4.07707
484 4.07777
485 4.07846
486 4.07916
487 4.07986
488 4.08056
489 4.08126
490 4.08196
491 4.08267
492 4.08337
493 4.08408
494 4.08479
495 4.08549
496 4.0862
497 4.08692
498 4.08763
499 4.08834
500 4.08906
