10000 127.665
20000 69.7713
30000 45.0919
40000 32.0531
50000 23.7302
60000 18.9276
70000 16.144
80000 14.4234
90000 12.9088
100000 11.9237
110000 11.2302
120000 10.6778
130000 10.1899
140000 9.87957
150000 9.63254
160000 9.38981
170000 9.18356
180000 8.99075
190000 8.77936
200000 8.63868
210000 8.52499
220000 8.43279
230000 8.24489
240000 8.17998
250000 8.10706
260000 8.04009
270000 7.93432
280000 7.87891
290000 7.77422
300000 7.74093
310000 7.61904
320000 7.56649
330000 7.48825
340000 7.47676
350000 7.41109
360000 7.36954
370000 7.35261
380000 7.23794
390000 7.22574
400000 7.17708
410000 7.12727
420000 7.1208
430000 7.03962
440000 7.04294
450000 6.98578
460000 6.97597
470000 6.89896
480000 6.89436
490000 6.8837
500000 6.81689
510000 6.76602
520000 6.74333
530000 6.76557
540000 6.70898
550000 6.71007
560000 6.60378
570000 6.59799
580000 6.60269
590000 6.58874
600000 6.55014
610000 6.58384
620000 6.53641
630000 6.51474
640000 6.47062
650000 6.49377
660000 6.42111
670000 6.39321
680000 6.39088
690000 6.383
700000 6.36811
710000 6.40103
720000 6.33841
730000 6.27709
740000 6.27692
750000 6.28569
760000 6.23932
770000 6.32645
780000 6.24355
790000 6.23269
800000 6.24116
810000 6.18686
820000 6.26255
830000 6.19553
840000 6.14506
850000 6.11312
860000 6.1115
870000 6.09421
880000 6.09439
890000 6.11867
900000 6.12407
910000 6.04293
920000 6.045
930000 6.0604
940000 6.04176
950000 6.02017
960000 6.02211
970000 6.02922
980000 6.00554
990000 6.0474
1000000 5.98295
1010000 5.97447
1020000 5.98079
1030000 5.89252
1040000 5.92839
1050000 5.88768
1060000 5.92929
1070000 5.90163
1080000 5.8718
1090000 5.8777
1100000 5.84596
1110000 5.86047
1120000 5.85235
1130000 5.87986
1140000 5.85825
1150000 5.83732
1160000 5.87748
1170000 5.8027
1180000 5.83685
1190000 5.81495
1200000 5.8166
1210000 5.81706
1220000 5.78105
1230000 5.83472
1240000 5.84519
1250000 5.8465
1260000 5.75077
1270000 5.78468
1280000 5.77093
1290000 5.76958
1300000 5.78181
1310000 5.77385
1320000 5.75149
1330000 5.71597
1340000 5.75144
1350000 5.695
1360000 5.71698
1370000 5.73498
1380000 5.73893
1390000 5.66972
1400000 5.66043
1410000 5.67592
1420000 5.63807
1430000 5.71739
1440000 5.6841
1450000 5.63359
1460000 5.66052
1470000 5.66768
1480000 5.62065
1490000 5.65917
1500000 5.67632
1510000 5.66462
1520000 5.62938
1530000 5.62601
1540000 5.65297
1550000 5.63082
1560000 5.60024
1570000 5.71088
1580000 5.58349
1590000 5.6081
1600000 5.62209
1610000 5.68709
1620000 5.6372
1630000 5.58792
1640000 5.63463
1650000 5.53973
1660000 5.50877
1670000 5.53655
1680000 5.54573
1690000 5.59607
1700000 5.53013
1710000 5.55536
1720000 5.58952
1730000 5.5056
1740000 5.56321
1750000 5.51664
1760000 5.4836
1770000 5.50388
1780000 5.5385
1790000 5.50626
1800000 5.51533
1810000 5.45811
1820000 5.50108
1830000 5.48761
1840000 5.51924
1850000 5.49736
1860000 5.51433
1870000 5.54533
1880000 5.4883
1890000 5.50897
1900000 5.49569
1910000 5.47779
1920000 5.51872
1930000 5.49552
1940000 5.50829
1950000 5.47547
1960000 5.48492
1970000 5.45954
1980000 5.4558
1990000 5.45261
2000000 5.4897
2010000 5.46078
2020000 5.42635
2030000 5.43181
2040000 5.45187
2050000 5.51413
2060000 5.47439
2070000 5.43998
2080000 5.44863
2090000 5.43128
2100000 5.42214
2110000 5.415
2120000 5.40539
2130000 5.41218
2140000 5.43709
2150000 5.40248
2160000 5.36736
2170000 5.34662
2180000 5.43793
2190000 5.40209
2200000 5.4192
2210000 5.43663
2220000 5.40344
2230000 5.40836
2240000 5.41824
2250000 5.37654
2260000 5.37421
2270000 5.37287
2280000 5.37608
2290000 5.38782
2300000 5.38465
2310000 5.36516
2320000 5.34219
2330000 5.45588
2340000 5.47037
2350000 5.35998
2360000 5.40503
2370000 5.41243
2380000 5.41089
2390000 5.41002
2400000 5.37832
2410000 5.3946
2420000 5.38706
2430000 5.3691
2440000 5.36263
2450000 5.36167
2460000 5.33598
2470000 5.31182
2480000 5.35061
2490000 5.36416
2500000 5.33251
2510000 5.32279
2520000 5.29632
2530000 5.34686
2540000 5.34349
2550000 5.34559
2560000 5.32976
2570000 5.32989
2580000 5.39255
2590000 5.35208
2600000 5.35004
2610000 5.30393
2620000 5.33889
2630000 5.32992
2640000 5.32414
2650000 5.30735
2660000 5.32915
2670000 5.32748
2680000 5.34104
2690000 5.29257
2700000 5.35482
2710000 5.31027
2720000 5.28341
2730000 5.31631
2740000 5.27184
2750000 5.28122
2760000 5.24415
2770000 5.27423
2780000 5.3448
2790000 5.34594
2800000 5.30698
2810000 5.29799
2820000 5.28155
2830000 5.29314
2840000 5.32306
2850000 5.26721
2860000 5.27378
2870000 5.282
2880000 5.22496
2890000 5.24145
2900000 5.24726
2910000 5.26477
2920000 5.28425
2930000 5.25321
2940000 5.24282
2950000 5.24023
2960000 5.36045
2970000 5.32486
2980000 5.29133
2990000 5.25104
3000000 5.26044
3010000 5.24301
3020000 5.27024
3030000 5.26591
3040000 5.28566
3050000 5.27116
3060000 5.19517
3070000 5.22238
3080000 5.24996
3090000 5.3053
3100000 5.21528
3110000 5.2252
3120000 5.25609
3130000 5.25023
3140000 5.23104
3150000 5.257
3160000 5.23288
3170000 5.23074
3180000 5.2574
3190000 5.22836
3200000 5.20944
3210000 5.21217
3220000 5.24478
3230000 5.29206
3240000 5.26627
3250000 5.19362
3260000 5.1758
3270000 5.21444
3280000 5.22802
3290000 5.23736
3300000 5.19946
3310000 5.18565
3320000 5.20358
3330000 5.26088
3340000 5.22364
3350000 5.26089
3360000 5.26262
3370000 5.19792
3380000 5.26565
3390000 5.20554
3400000 5.23655
3410000 5.25418
3420000 5.22472
3430000 5.22063
3440000 5.20244
3450000 5.26176
3460000 5.21649
3470000 5.19899
3480000 5.19545
3490000 5.22078
3500000 5.20822
3510000 5.2124
3520000 5.20662
3530000 5.21814
3540000 5.23788
3550000 5.23273
3560000 5.21736
3570000 5.17136
3580000 5.27003
3590000 5.19878
3600000 5.17907
3610000 5.18061
3620000 5.18872
3630000 5.1981
3640000 5.16371
3650000 5.17723
3660000 5.13516
3670000 5.16201
3680000 5.20757
3690000 5.20244
3700000 5.15778
3710000 5.19796
3720000 5.18626
3730000 5.19209
3740000 5.22165
3750000 5.25757
3760000 5.21704
3770000 5.1557
3780000 5.19218
3790000 5.16258
3800000 5.1295
3810000 5.1943
3820000 5.16863
3830000 5.13845
3840000 5.2022
3850000 5.18695
3860000 5.19035
3870000 5.14525
3880000 5.15461
3890000 5.1877
3900000 5.15775
3910000 5.13323
3920000 5.15009
3930000 5.21435
3940000 5.17703
3950000 5.18951
3960000 5.15865
3970000 5.16635
3980000 5.12863
3990000 5.23401
4000000 5.15817
4010000 5.18625
4020000 5.18351
4030000 5.18064
4040000 5.18013
4050000 5.18603
4060000 5.15541
4070000 5.19028
4080000 5.12202
4090000 5.14294
4100000 5.15066
4110000 5.14364
4120000 5.23325
4130000 5.18079
4140000 5.21667
4150000 5.18933
4160000 5.1153
4170000 5.17373
4180000 5.15337
4190000 5.16941
4200000 5.22335
4210000 5.1282
4220000 5.17061
4230000 5.21447
4240000 5.12691
4250000 5.14186
4260000 5.14615
4270000 5.1318
4280000 5.12958
4290000 5.15951
4300000 5.13915
4310000 5.14889
4320000 5.14315
4330000 5.08989
4340000 5.15268
4350000 5.13563
4360000 5.23062
4370000 5.18012
4380000 5.16169
4390000 5.20403
4400000 5.1359
4410000 5.15018
4420000 5.09657
4430000 5.15837
4440000 5.139
4450000 5.17961
4460000 5.13513
4470000 5.14487
4480000 5.13185
4490000 5.13545
4500000 5.14349
4510000 5.11244
4520000 5.13205
4530000 5.175
4540000 5.11193
4550000 5.18225
4560000 5.11002
4570000 5.13005
4580000 5.12416
4590000 5.12188
4600000 5.22132
4610000 5.13534
4620000 5.1421
4630000 5.10601
4640000 5.07393
4650000 5.11376
4660000 5.12787
4670000 5.07657
4680000 5.13352
4690000 5.21436
4700000 5.11868
4710000 5.13957
4720000 5.10266
4730000 5.10828
4740000 5.13951
4750000 5.11671
4760000 5.16389
4770000 5.12106
4780000 5.1675
4790000 5.16299
4800000 5.13243
4810000 5.13936
4820000 5.09054
4830000 5.09448
4840000 5.1528
4850000 5.10139
4860000 5.1337
4870000 5.19241
4880000 5.11602
4890000 5.11648
4900000 5.11843
4910000 5.09185
4920000 5.06659
4930000 5.11072
4940000 5.08459
4950000 5.09321
4960000 5.08096
4970000 5.10968
4980000 5.10117
4990000 5.09667
5000000 5.08309
5010000 5.08279
5020000 5.15569
5030000 5.20953
5040000 5.08999
5050000 5.13224
5060000 5.15106
5070000 5.08372
5080000 5.06623
5090000 5.0941
5100000 5.0917
5110000 5.09978
5120000 5.09542
5130000 5.07046
5140000 5.10557
5150000 5.07995
5160000 5.09698
5170000 5.06688
5180000 5.13905
5190000 5.13022
5200000 5.09597
5210000 5.08317
5220000 5.13159
5230000 5.11227
5240000 5.11189
5250000 5.09054
5260000 5.08996
5270000 5.13519
5280000 5.10512
5290000 5.10439
5300000 5.1404
5310000 5.10733
5320000 5.1097
5330000 5.07372
5340000 5.0765
5350000 5.06576
5360000 5.0775
5370000 5.09656
5380000 5.1118
5390000 5.05505
5400000 5.10675
5410000 5.08214
5420000 5.19212
5430000 5.11299
5440000 5.1336
5450000 5.07805
5460000 5.05434
5470000 5.08033
5480000 5.0858
5490000 5.10487
5500000 5.07387
5510000 5.06734
5520000 5.11829
5530000 5.09884
5540000 5.08961
5550000 5.16186
5560000 5.20827
5570000 5.09258
5580000 5.09637
5590000 5.06877
5600000 5.1016
5610000 5.06215
5620000 5.05696
5630000 5.07468
5640000 5.04632
5650000 5.0586
5660000 5.05553
5670000 5.09409
5680000 5.08271
5690000 5.06739
5700000 5.08088
5710000 5.03344
5720000 5.08214
5730000 5.10045
5740000 5.03632
5750000 5.06807
5760000 5.04995
5770000 5.04039
5780000 5.04981
5790000 5.09346
5800000 5.04897
5810000 5.05729
5820000 5.06865
5830000 5.07285
5840000 5.12688
5850000 5.09776
5860000 5.05663
5870000 5.0218
5880000 5.06554
5890000 5.06193
5900000 5.16399
5910000 5.05698
5920000 5.07278
5930000 5.10001
5940000 5.08992
5950000 5.0512
5960000 5.10001
5970000 5.03609
5980000 5.10271
5990000 5.05074
6000000 5.04083
6010000 5.06739
6020000 5.03766
6030000 5.04908
6040000 5.05027
6050000 5.05421
6060000 5.0427
6070000 5.06415
6080000 5.02817
6090000 4.99946
6100000 5.01138
6110000 5.03749
6120000 5.00396
6130000 5.02454
6140000 5.01765
6150000 5.04218
6160000 5.06224
6170000 5.31058
6180000 5.18818
6190000 5.15899
6200000 5.05159
6210000 5.03227
6220000 5.08448
6230000 5.05736
6240000 5.06579
6250000 5.03731
6260000 5.07234
6270000 5.02842
6280000 5.04616
6290000 5.04887
6300000 5.04559
6310000 5.04259
6320000 5.07345
6330000 5.09064
6340000 5.07083
6350000 5.04256
6360000 5.03041
6370000 5.01678
6380000 5.0594
6390000 5.04473
6400000 4.98565
6410000 5.06736
6420000 5.04627
6430000 5.01073
6440000 5.04545
6450000 5.00439
6460000 5.05043
6470000 5.13955
6480000 5.10806
6490000 5.07214
6500000 5.07214
6510000 5.05915
6520000 5.10005
6530000 5.06135
6540000 5.04702
6550000 5.08527
6560000 5.02942
6570000 5.06111
6580000 5.05981
6590000 5.07765
6600000 5.0453
6610000 5.03285
6620000 5.07665
6630000 5.0889
6640000 5.05108
6650000 5.05907
6660000 5.03402
6670000 5.09026
6680000 5.0481
6690000 5.09313
6700000 5.09356
6710000 5.08047
6720000 5.03418
6730000 5.03817
6740000 5.05859
6750000 5.03057
6760000 5.05152
6770000 5.10874
6780000 5.05279
6790000 5.0795
6800000 5.0761
6810000 5.06375
6820000 5.0473
6830000 5.07915
6840000 5.05327
6850000 5.08499
6860000 5.09062
6870000 5.01299
6880000 5.05624
6890000 5.04154
6900000 5.04927
6910000 5.06609
6920000 5.04697
6930000 5.03098
6940000 5.01646
6950000 5.02115
6960000 5.02087
6970000 5.01728
6980000 5.02282
6990000 5.02601
7000000 5.05007
7010000 5.04589
7020000 5.05804
7030000 5.06322
7040000 5.01937
7050000 5.03235
7060000 5.02119
7070000 5.03077
7080000 5.03278
7090000 5.00259
7100000 5.01569
7110000 5.0573
7120000 5.02414
7130000 5.06078
7140000 5.08184
7150000 5.11866
7160000 5.06949
7170000 5.04095
7180000 5.02729
7190000 5.01783
7200000 4.9952
7210000 5.00896
7220000 5.02856
7230000 4.98967
7240000 5.04782
7250000 5.05258
7260000 5.04401
7270000 5.01629
7280000 5.00246
7290000 4.98373
7300000 5.02078
7310000 5.00966
7320000 5.00311
7330000 5.05049
7340000 5.04334
7350000 5.01605
7360000 5.058
7370000 4.99336
7380000 4.98264
7390000 5.04494
7400000 5.07531
7410000 5.05543
7420000 5.06808
7430000 5.06047
7440000 5.04201
7450000 5.06463
7460000 5.04916
7470000 5.09415
7480000 5.09546
7490000 5.08153
7500000 5.07127
7510000 5.05727
7520000 5.03274
7530000 5.05533
7540000 5.10778
7550000 5.05647
7560000 5.02877
7570000 5.02043
7580000 5.00523
7590000 5.05067
7600000 5.04013
7610000 5.03526
7620000 5.00509
7630000 5.04733
7640000 5.01038
7650000 5.03415
7660000 5.03615
7670000 5.04381
7680000 5.06401
7690000 5.03571
7700000 5.01006
7710000 5.08549
7720000 5.00084
7730000 5.01406
7740000 4.99432
7750000 5.01377
7760000 5.01407
7770000 5.00312
7780000 5.01767
7790000 5.05801
7800000 5.08212
7810000 5.01336
7820000 5.06501
7830000 5.05795
7840000 5.07065
7850000 5.0685
7860000 5.03689
7870000 5.01042
7880000 5.01756
7890000 5.07232
7900000 5.02436
7910000 4.98874
7920000 5.04741
7930000 5.01799
7940000 5.01375
7950000 5.06401
7960000 5.02723
7970000 5.0377
7980000 4.99687
7990000 4.98926
8000000 5.02153
8010000 5.00303
8020000 5.01728
8030000 4.97503
8040000 4.98495
8050000 5.05869
8060000 5.02601
8070000 4.99501
8080000 5.0396
8090000 5.02878
8100000 4.98251
8110000 5.01447
8120000 5.04745
8130000 5.00619
8140000 5.03041
8150000 5.0341
8160000 5.03935
8170000 4.99403
8180000 5.03747
8190000 5.03779
8200000 5.03814
8210000 5.04162
8220000 4.97701
8230000 5.09645
8240000 5.04882
8250000 5.03347
8260000 5.05265
8270000 5.01326
8280000 5.047
8290000 5.0373
8300000 5.04119
8310000 5.01639
8320000 5.00074
8330000 5.03353
8340000 5.06269
8350000 4.99486
8360000 5.09012
8370000 4.99987
8380000 5.10002
8390000 5.08396
8400000 4.99144
8410000 5.02242
8420000 5.09148
8430000 5.04339
8440000 4.9913
8450000 5.03435
8460000 5.0297
8470000 5.02403
8480000 5.00848
8490000 5.02855
8500000 5.00348
8510000 5.02299
8520000 5.02027
8530000 5.05089
8540000 5.05873
8550000 5.00906
8560000 5.06295
8570000 5.06782
8580000 5.00365
8590000 5.00779
8600000 5.05083
8610000 5.03454
8620000 5.05528
8630000 5.06557
8640000 5.03934
8650000 5.05695
8660000 5.03455
8670000 5.02733
8680000 5.0233
8690000 5.00838
8700000 5.02302
8710000 5.02717
8720000 5.09425
8730000 5.03649
8740000 5.06797
8750000 5.01951
8760000 5.04617
8770000 5.1038
8780000 4.99539
8790000 5.00915
8800000 5.03948
8810000 5.0093
8820000 5.05729
8830000 5.05505
8840000 5.00007
8850000 5.04652
8860000 5.0391
8870000 5.02873
8880000 5.00283
8890000 5.00115
8900000 4.99731
8910000 5.08022
8920000 5.09522
8930000 5.04603
8940000 5.07325
8950000 5.03121
8960000 5.02449
8970000 4.98114
8980000 5.00535
8990000 4.9964
9000000 5.01462
9010000 5.01328
9020000 5.00763
9030000 5.00943
9040000 4.98846
9050000 5.00127
9060000 5.06225
9070000 5.06822
9080000 5.01239
9090000 4.96056
9100000 5.04175
9110000 5.02626
9120000 4.99268
9130000 5.03423
9140000 5.00235
9150000 4.99635
9160000 5.04086
9170000 5.05899
9180000 5.05268
9190000 5.04686
9200000 4.99514
9210000 5.0286
9220000 5.03066
9230000 4.97868
9240000 4.97487
9250000 5.00681
9260000 5.06352
9270000 5.04881
9280000 5.00467
9290000 4.9885
9300000 5.00833
9310000 5.04606
9320000 5.03947
9330000 5.02416
9340000 5.04073
9350000 5.01489
9360000 5.11148
9370000 5.01229
9380000 5.05659
9390000 5.04927
9400000 5.07828
9410000 5.00792
9420000 5.00597
9430000 5.03134
9440000 5.05842
9450000 5.01905
9460000 5.03406
9470000 5.05302
9480000 5.1353
9490000 5.04309
9500000 5.03493
9510000 5.04654
9520000 5.03195
9530000 5.08826
9540000 4.99812
9550000 5.01006
9560000 5.00331
9570000 5.00976
9580000 5.03703
9590000 5.04213
9600000 5.08218
9610000 5.04418
9620000 5.03679
9630000 5.06453
9640000 5.03128
9650000 5.01026
9660000 5.04399
9670000 5.00813
9680000 5.05007
9690000 5.06628
9700000 5.01335
9710000 5.05133
9720000 5.00927
9730000 5.06773
9740000 5.02764
9750000 4.99839
9760000 5.00107
9770000 5.04973
9780000 4.98723
9790000 5.00154
9800000 5.03258
9810000 5.01456
9820000 4.98046
9830000 5.08666
9840000 5.03772
9850000 4.99839
9860000 5.04763
9870000 5.05421
9880000 4.99257
9890000 4.99024
9900000 5.01913
9910000 5.02989
9920000 4.98133
9930000 5.00054
9940000 5.08531
9950000 5.1343
9960000 5.01677
9970000 5.04736
9980000 5.1058
9990000 5.19753
10000000 5.09226
10010000 5.06504
10020000 5.03427
10030000 4.98061
10040000 5.04036
10050000 5.03084
10060000 5.01859
10070000 5.06584
10080000 5.00405
10090000 5.02737
10100000 5.01267
10110000 5.03065
10120000 5.04837
10130000 4.99274
10140000 5.01285
10150000 5.0188
10160000 5.04326
10170000 5.01123
10180000 5.03852
10190000 5.10105
10200000 5.04417
10210000 5.03926
10220000 5.01132
10230000 5.0206
10240000 5.07236
10250000 5.01882
10260000 5.00075
10270000 5.0631
10280000 5.13646
10290000 5.0124
10300000 5.02458
10310000 5.00036
10320000 5.04742
10330000 4.99025
10340000 5.03657
10350000 4.99026
10360000 5.02605
10370000 5.03758
10380000 5.05245
10390000 5.09415
10400000 5.10989
10410000 5.0468
10420000 5.03045
10430000 5.07215
10440000 4.99636
10450000 5.00998
10460000 5.06253
10470000 5.07725
10480000 5.05535
10490000 5.05615
10500000 5.01701
10510000 4.98818
10520000 4.99687
10530000 5.02262
10540000 5.04069
10550000 5.03197
10560000 5.00704
10570000 5.0005
10580000 5.05065
10590000 5.08276
10600000 5.0359
10610000 5.0351
10620000 4.98563
10630000 5.1063
10640000 5.02025
10650000 5.05424
10660000 5.0361
10670000 5.0255
10680000 5.04241
10690000 5.01811
10700000 5.02274
10710000 5.06828
10720000 5.02693
10730000 5.00657
10740000 5.0219
10750000 5.03746
10760000 5.05807
10770000 5.01049
10780000 4.99219
10790000 5.04332
10800000 5.01457
10810000 5.02598
10820000 5.00143
10830000 5.06242
10840000 4.99522
10850000 4.98539
10860000 4.99705
10870000 5.03035
10880000 5.07562
10890000 5.02313
10900000 4.98432
10910000 5.02021
10920000 4.97691
10930000 5.08195
10940000 5.06251
10950000 5.07287
10960000 5.07555
10970000 5.02888
10980000 5.00095
10990000 5.115
11000000 4.9778
11010000 5.01792
11020000 5.00917
11030000 5.01817
11040000 5.00796
11050000 5.06186
11060000 5.00662
11070000 5.00625
11080000 5.01908
11090000 5.00396
11100000 5.03675
11110000 5.05674
11120000 5.02703
11130000 5.04754
11140000 5.02055
11150000 5.03172
11160000 5.01323
11170000 5.00016
11180000 4.99911
11190000 5.00769
11200000 5.01038
11210000 5.00589
11220000 5.04323
11230000 5.02022
11240000 5.05111
11250000 4.99095
11260000 4.9968
11270000 4.97071
11280000 4.95441
11290000 5.05283
11300000 5.00626
11310000 5.02095
11320000 5.02528
11330000 5.09853
11340000 5.06685
11350000 5.03792
11360000 5.0067
11370000 5.07008
11380000 5.02091
11390000 5.02106
11400000 4.9981
11410000 5.02009
11420000 5.06662
11430000 5.04436
11440000 4.98743
11450000 5.01523
11460000 5.03883
11470000 4.95702
11480000 4.98136
11490000 5.0239
11500000 4.97732
11510000 5.03292
11520000 5.00645
11530000 5.05859
11540000 4.99231
11550000 5.04355
11560000 5.05778
11570000 5.04811
11580000 5.03028
11590000 5.03061
11600000 5.01952
11610000 5.05173
11620000 5.0672
11630000 5.07507
11640000 4.98882
11650000 4.97805
11660000 5.09267
11670000 5.09166
11680000 5.10526
11690000 5.06253
11700000 5.04388
11710000 5.02222
11720000 5.01894
11730000 4.9717
11740000 5.00178
11750000 4.98683
11760000 5.01121
11770000 4.99911
11780000 4.9919
11790000 5.03643
11800000 4.97854
11810000 5.03263
11820000 5.02561
11830000 5.0175
11840000 5.02819
11850000 4.98528
11860000 5.00035
11870000 5.05572
11880000 5.09953
11890000 5.08519
11900000 5.03724
11910000 5.02863
11920000 4.98187
11930000 5.02187
11940000 5.08124
11950000 5.0284
11960000 5.08137
11970000 5.03519
11980000 5.0668
11990000 5.01856
12000000 5.00834
12010000 5.0076
12020000 4.99584
12030000 5.03474
12040000 5.02044
12050000 5.0595
12060000 5.03058
12070000 5.03357
12080000 5.0337
12090000 5.02959
12100000 5.03526
12110000 5.07031
12120000 5.03438
12130000 5.00333
12140000 5.05176
12150000 5.02946
12160000 5.05361
12170000 5.01082
12180000 5.01424
12190000 5.01354
12200000 5.03873
12210000 5.08828
12220000 5.09166
12230000 4.98166
12240000 5.00935
12250000 5.05168
12260000 4.99075
12270000 4.98663
12280000 5.03662
12290000 5.01311
12300000 5.04831
12310000 5.02949
12320000 5.02527
12330000 5.04935
12340000 5.03491
12350000 5.00753
12360000 5.01534
12370000 5.02094
12380000 5.09326
12390000 5.03696
12400000 5.04178
12410000 5.04054
12420000 5.00329
12430000 4.99871
12440000 5.01947
12450000 4.97732
12460000 5.01262
12470000 5.02133
12480000 4.98279
12490000 5.00372
12500000 5.03015
12510000 4.97897
12520000 5.01606
12530000 5.03595
12540000 5.10458
12550000 5.05889
12560000 5.04075
12570000 5.03504
12580000 5.01171
12590000 5.01527
12600000 5.01526
12610000 5.01075
12620000 5.02483
12630000 5.02079
12640000 5.09542
12650000 5.06978
12660000 5.11666
12670000 5.02147
12680000 5.00606
12690000 5.02975
12700000 5.07643
12710000 5.01567
12720000 5.01437
12730000 5.06478
12740000 5.08393
12750000 5.05943
12760000 5.02541
12770000 5.00992
12780000 5.08627
12790000 5.06755
12800000 5.04716
12810000 5.06276
12820000 5.03601
12830000 5.02001
12840000 5.08285
12850000 5.02026
12860000 5.02473
12870000 5.0941
12880000 5.0452
12890000 5.04689
12900000 4.99776
12910000 5.02077
12920000 5.03098
12930000 5.0539
12940000 5.02348
12950000 5.06241
12960000 5.04347
12970000 5.07852
12980000 5.04321
12990000 5.04502
13000000 5.0129
13010000 5.04225
13020000 5.02281
13030000 5.01162
13040000 5.03347
13050000 5.00537
13060000 5.06569
13070000 5.06085
13080000 5.07701
13090000 5.04204
13100000 5.00065
13110000 5.00282
13120000 5.02267
13130000 5.02121
13140000 5.04604
13150000 5.06155
13160000 5.04419
13170000 5.07436
13180000 5.06339
13190000 5.09366
13200000 5.06642
13210000 5.06916
13220000 5.08284
13230000 5.08599
13240000 5.05314
13250000 5.06055
13260000 5.06307
13270000 5.03277
13280000 5.0397
13290000 5.06851
13300000 5.04699
13310000 5.03364
13320000 5.07356
13330000 5.10932
13340000 5.08397
13350000 5.05119
13360000 5.04133
13370000 5.06399
13380000 5.0601
13390000 5.07575
13400000 5.02746
13410000 5.01503
13420000 4.98256
13430000 5.06401
13440000 5.01809
13450000 5.04755
13460000 5.02377
13470000 5.02687
13480000 5.06821
13490000 5.07135
13500000 5.12743
13510000 5.14846
13520000 5.04642
13530000 5.03633
13540000 5.08041
13550000 5.01088
13560000 5.05805
13570000 5.03083
13580000 5.00341
13590000 4.98204
13600000 5.05079
13610000 5.00407
13620000 4.98507
13630000 5.02188
13640000 5.04422
13650000 5.0727
13660000 5.03802
13670000 5.01388
13680000 5.1009
13690000 5.06941
13700000 5.02453
13710000 5.00543
13720000 5.06985
13730000 5.01355
13740000 5.02288
13750000 5.06427
13760000 5.02149
13770000 5.0535
13780000 5.07434
13790000 5.06929
13800000 5.04807
13810000 5.04811
13820000 5.03433
13830000 5.0218
13840000 5.00077
13850000 5.0645
13860000 5.0661
13870000 5.02859
13880000 5.04033
13890000 5.0725
13900000 5.0388
13910000 5.06681
13920000 5.03421
13930000 5.02753
13940000 5.021
13950000 5.03338
13960000 5.01873
13970000 5.03074
13980000 5.04925
13990000 4.99311
14000000 5.02872
14010000 5.03339
14020000 5.04143
14030000 5.0036
14040000 5.03614
14050000 5.01514
14060000 5.0837
14070000 5.00471
14080000 5.0455
14090000 4.99831
14100000 5.77808
14110000 5.19039
14120000 5.09701
14130000 5.07333
14140000 5.12296
14150000 5.08889
14160000 5.08576
14170000 5.072
14180000 5.03547
14190000 5.03001
14200000 5.02212
14210000 5.06871
14220000 5.02809
14230000 5.06857
14240000 5.05863
14250000 5.10094
14260000 5.06631
14270000 5.03981
14280000 5.0343
14290000 5.03512
14300000 5.03966
14310000 5.05743
14320000 5.05006
14330000 5.04719
14340000 5.12381
14350000 5.00672
14360000 5.04516
14370000 5.01592
14380000 5.07196
14390000 5.0577
14400000 5.07512
14410000 5.0903
14420000 5.06746
14430000 5.06262
14440000 5.05601
14450000 5.04864
14460000 5.04646
14470000 5.0838
14480000 5.04386
14490000 5.06208
14500000 5.05324
14510000 5.03001
14520000 5.04602
14530000 5.04236
14540000 5.05669
14550000 5.06939
14560000 5.04233
14570000 5.09368
14580000 5.0449
14590000 5.05693
14600000 5.04
14610000 5.06544
14620000 5.02035
14630000 5.01607
14640000 5.04435
14650000 5.04366
14660000 5.07786
14670000 5.02279
14680000 5.05113
14690000 5.00398
14700000 5.05289
14710000 5.05235
14720000 5.04074
14730000 5.01534
14740000 5.04491
14750000 5.09357
14760000 5.06516
14770000 5.05454
14780000 5.03746
14790000 5.00576
14800000 5.07184
14810000 5.06384
14820000 5.01559
14830000 5.02478
14840000 5.05289
14850000 5.0326
14860000 5.00805
14870000 5.03947
14880000 4.98299
14890000 5.0266
14900000 5.0093
14910000 5.05465
14920000 5.06897
14930000 5.06556
14940000 5.03347
14950000 5.12833
14960000 5.07428
14970000 5.05214
14980000 5.04625
14990000 5.03962
15000000 5.05204
15010000 5.01713
15020000 5.02188
15030000 5.08938
15040000 5.09635
15050000 5.1105
15060000 5.0756
15070000 5.02633
15080000 5.01417
15090000 5.01834
15100000 5.01984
15110000 5.07981
15120000 5.091
15130000 5.10259
15140000 5.03382
15150000 5.01813
15160000 5.03901
15170000 5.05445
15180000 5.04022
15190000 5.11453
15200000 5.07843
15210000 5.01495
15220000 5.03161
15230000 5.07685
15240000 5.06193
15250000 5.0634
15260000 5.05995
15270000 5.057
15280000 5.08215
15290000 5.07125
15300000 5.05857
15310000 5.04898
15320000 5.04917
15330000 5.06284
15340000 5.0431
15350000 5.06274
15360000 5.113
15370000 5.11167
15380000 5.0701
15390000 5.06715
15400000 5.03266
15410000 5.04852
15420000 5.09502
15430000 5.12033
15440000 5.05694
15450000 5.06698
15460000 5.07056
15470000 5.12861
15480000 5.06094
15490000 5.128
15500000 5.11279
15510000 5.06786
15520000 5.07728
15530000 5.06477
15540000 5.12079
15550000 5.11298
15560000 5.04916
15570000 5.056
15580000 5.05248
15590000 5.03296
15600000 5.08002
15610000 5.042
15620000 5.08633
15630000 5.05403
15640000 5.04437
15650000 5.08832
15660000 5.12761
15670000 5.10431
15680000 5.0994
15690000 5.05068
15700000 5.10681
15710000 5.07674
15720000 5.0779
15730000 5.09683
15740000 5.09023
15750000 5.07341
15760000 5.07772
15770000 5.05753
15780000 5.0614
15790000 5.10492
15800000 5.06668
15810000 5.07218
15820000 5.04799
15830000 5.0225
15840000 5.04541
15850000 4.9992
15860000 5.08681
15870000 5.05504
15880000 5.04181
15890000 5.01327
15900000 5.04405
15910000 5.0794
15920000 5.07307
15930000 5.10686
15940000 5.07698
15950000 5.01782
15960000 5.02593
15970000 5.06616
15980000 5.05784
15990000 5.02458
16000000 5.03328
16010000 5.03753
16020000 5.03844
16030000 5.09192
16040000 5.0814
16050000 5.05376
16060000 5.04837
16070000 5.02839
16080000 5.06811
16090000 5.02633
16100000 5.02837
16110000 5.0455
16120000 5.06395
16130000 5.04869
16140000 5.01707
16150000 5.10692
16160000 5.07992
16170000 5.06749
16180000 5.05936
16190000 5.03197
16200000 5.25475
16210000 5.13017
16220000 5.11107
16230000 5.07575
16240000 5.06956
16250000 5.1372
16260000 5.11374
16270000 5.07011
16280000 5.05445
16290000 5.03298
16300000 5.06105
16310000 5.06113
16320000 5.09377
16330000 5.0403
16340000 5.14061
16350000 5.06697
16360000 5.03957
16370000 5.05281
16380000 5.07315
16390000 5.01839
16400000 5.02912
16410000 5.07288
16420000 5.12382
16430000 5.06825
16440000 5.0342
16450000 5.09665
16460000 5.0395
16470000 5.0612
16480000 5.07668
16490000 5.04663
16500000 5.10406
16510000 5.08329
16520000 5.06074
16530000 5.03908
16540000 5.05682
16550000 5.13313
16560000 5.11959
16570000 5.09525
16580000 5.06227
16590000 5.09929
16600000 5.09991
16610000 5.06092
16620000 5.03006
16630000 5.05113
16640000 5.05294
16650000 5.15785
16660000 5.08581
16670000 5.05281
16680000 5.05529
16690000 5.06842
16700000 5.06842
16710000 5.06604
16720000 5.08785
16730000 5.0619
16740000 5.07613
16750000 5.08043
16760000 5.06512
16770000 5.07105
16780000 5.10606
16790000 5.17123
16800000 5.04697
16810000 5.09369
16820000 5.13051
16830000 5.06736
16840000 5.05605
16850000 5.0927
16860000 5.07513
16870000 5.05678
16880000 5.05357
16890000 5.07157
16900000 5.13954
16910000 5.14059
16920000 5.15161
16930000 5.10066
16940000 5.09516
16950000 5.1007
16960000 5.13477
16970000 5.04755
16980000 5.04673
16990000 5.0802
17000000 5.11791
17010000 5.09636
17020000 5.03925
17030000 5.0433
17040000 5.08612
17050000 5.0871
17060000 5.05125
17070000 5.04149
17080000 5.04703
17090000 5.0842
17100000 5.07256
17110000 5.04524
17120000 5.08609
17130000 5.0753
17140000 5.1407
17150000 5.03555
17160000 5.06486
17170000 5.08905
17180000 5.04927
17190000 5.06388
17200000 5.08626
17210000 5.07795
17220000 5.11663
17230000 5.07302
17240000 5.12052
17250000 5.12518
17260000 5.17405
17270000 5.09283
17280000 5.12281
17290000 5.07708
17300000 5.07178
17310000 5.07904
17320000 5.07591
17330000 5.01635
17340000 5.02286
17350000 5.04891
17360000 5.07381
17370000 5.07028
17380000 5.11713
17390000 5.16443
17400000 5.06246
17410000 5.08765
17420000 5.06139
17430000 5.05518
17440000 5.09979
17450000 5.07154
17460000 5.05516
17470000 5.06129
17480000 5.06527
17490000 5.03855
17500000 5.05088
17510000 5.09238
17520000 5.06423
17530000 5.10171
17540000 5.11041
17550000 5.0832
17560000 5.08512
17570000 5.05605
17580000 5.05077
17590000 5.07956
17600000 5.10429
17610000 5.05493
17620000 5.07891
17630000 5.05115
17640000 5.08247
17650000 5.05303
17660000 5.13638
17670000 5.13571
17680000 5.07793
17690000 5.1224
17700000 5.07351
17710000 5.03602
17720000 5.14395
17730000 5.04539
17740000 5.09136
17750000 5.15181
17760000 5.04275
17770000 5.15648
17780000 5.12677
17790000 5.13387
17800000 5.09089
17810000 5.17897
17820000 5.11529
17830000 5.12086
17840000 5.11347
17850000 5.13609
17860000 5.10099
17870000 5.11495
17880000 5.13768
17890000 5.11701
17900000 5.03345
17910000 5.10216
17920000 5.05547
17930000 5.05025
17940000 5.11095
17950000 5.09556
17960000 5.10645
17970000 5.08542
17980000 5.06878
17990000 5.06848
18000000 5.09796
18010000 5.0966
18020000 5.05772
18030000 5.10136
18040000 5.08017
18050000 5.09027
18060000 5.09812
18070000 5.07441
18080000 5.08675
18090000 5.0686
18100000 5.07088
18110000 5.07578
18120000 5.11887
18130000 5.06925
18140000 5.07265
18150000 5.08594
18160000 5.10775
18170000 5.09948
18180000 5.11934
18190000 5.08225
18200000 5.0543
18210000 5.11255
18220000 5.07704
18230000 5.08127
18240000 5.08376
18250000 5.07653
18260000 5.07828
18270000 5.10916
18280000 5.10108
18290000 5.10041
18300000 5.05391
18310000 5.11493
18320000 5.06295
18330000 5.16826
18340000 5.14077
18350000 5.08051
18360000 5.11972
18370000 5.12275
18380000 5.14575
18390000 5.0817
18400000 5.09541
18410000 5.0572
18420000 5.0426
18430000 5.07433
18440000 5.04275
18450000 5.06345
18460000 5.09478
18470000 5.13173
18480000 5.14602
18490000 5.15037
18500000 5.08415
18510000 5.08153
18520000 5.05408
18530000 5.07081
18540000 5.07597
18550000 5.08475
18560000 5.10053
18570000 5.06865
18580000 5.12213
18590000 5.09298
18600000 5.06312
18610000 5.07028
18620000 5.14215
18630000 5.09537
18640000 5.07797
18650000 5.09005
18660000 5.0888
18670000 5.09275
18680000 5.11922
18690000 5.10726
18700000 5.07106
18710000 5.05667
18720000 5.09254
18730000 5.12132
18740000 5.08741
18750000 5.08921
18760000 5.08911
18770000 5.06881
18780000 5.07463
18790000 5.14694
18800000 5.11806
18810000 5.10603
18820000 5.11776
18830000 5.12367
18840000 5.15241
18850000 5.07662
18860000 5.08156
18870000 5.08261
18880000 5.1189
18890000 5.09528
18900000 5.10886
18910000 5.07455
18920000 5.06933
18930000 5.14085
18940000 5.06941
18950000 5.11711
18960000 5.08737
18970000 5.12882
18980000 5.12624
18990000 5.17937
19000000 5.09835
19010000 5.08339
19020000 5.08881
19030000 5.11356
19040000 5.07651
19050000 5.09589
19060000 5.07096
19070000 5.07247
19080000 5.09454
19090000 5.12566
19100000 5.09751
19110000 5.09614
19120000 5.11548
19130000 5.07511
19140000 5.07691
19150000 5.15364
19160000 5.12178
19170000 5.1472
19180000 5.1195
19190000 5.08938
19200000 5.1036
19210000 5.10883
19220000 5.09575
19230000 5.10779
19240000 5.09752
19250000 5.20521
19260000 5.12598
19270000 5.08927
19280000 5.10006
19290000 5.0792
19300000 5.08282
19310000 5.06069
19320000 5.08484
19330000 5.08803
19340000 5.07743
19350000 5.14983
19360000 5.07645
19370000 5.12601
19380000 5.15838
19390000 5.10221
19400000 5.08575
19410000 5.06562
19420000 5.09072
19430000 5.09342
19440000 5.05834
19450000 5.09282
19460000 5.13501
19470000 5.0996
19480000 5.09826
19490000 5.07367
19500000 5.02674
19510000 5.09414
19520000 5.05876
19530000 5.08607
19540000 5.1701
19550000 5.14928
19560000 5.08469
19570000 5.14637
19580000 5.11058
19590000 5.08954
19600000 5.13275
19610000 5.10568
19620000 5.15158
19630000 5.09239
19640000 5.1605
19650000 5.14245
19660000 5.14346
19670000 5.18914
19680000 5.09084
19690000 5.1422
19700000 5.1127
19710000 5.12232
19720000 5.10597
19730000 5.15046
19740000 5.10363
19750000 5.13501
19760000 5.14024
19770000 5.26113
19780000 5.08154
19790000 5.11501
19800000 5.07195
19810000 5.05512
19820000 5.05786
19830000 5.1565
19840000 5.10249
19850000 5.10067
19860000 5.11185
19870000 5.1081
19880000 5.08706
19890000 5.15686
19900000 5.13316
19910000 5.11854
19920000 5.12848
19930000 5.08677
19940000 5.10302
19950000 5.09788
19960000 5.10363
19970000 5.14467
19980000 5.10792
19990000 5.14007
20000000 5.12686
20010000 5.08624
20020000 5.11848
20030000 5.0854
20040000 5.09649
20050000 5.07264
20060000 5.07181
20070000 5.08824
20080000 5.1119
20090000 5.15628
20100000 5.11924
20110000 5.10759
20120000 5.19781
20130000 5.10372
20140000 5.11027
20150000 5.11699
20160000 5.07284
20170000 5.08004
20180000 5.04912
20190000 5.10559
20200000 5.09671
20210000 5.12667
20220000 5.12288
20230000 5.13867
20240000 5.14829
20250000 5.09696
20260000 5.08528
20270000 5.11045
20280000 5.08693
20290000 5.06932
20300000 5.10302
20310000 5.19274
20320000 5.13519
20330000 5.10453
20340000 5.07283
20350000 5.19198
20360000 5.12153
20370000 5.13219
20380000 5.10915
20390000 5.15267
20400000 5.24863
20410000 5.15047
20420000 5.15975
20430000 5.1273
20440000 5.16228
20450000 5.1601
20460000 5.12543
20470000 5.1458
20480000 5.11791
20490000 5.13
20500000 5.08975
20510000 5.10552
20520000 5.10706
20530000 5.14938
20540000 5.18136
20550000 5.12073
20560000 5.10144
20570000 5.15101
20580000 5.09029
20590000 5.12288
20600000 5.09092
20610000 5.10458
20620000 5.09536
20630000 5.13424
20640000 5.12232
20650000 5.12349
20660000 5.10426
20670000 5.12258
20680000 5.12367
20690000 5.13696
20700000 5.12544
20710000 5.06297
20720000 5.07312
20730000 5.12285
20740000 5.135
20750000 5.12941
20760000 5.1295
20770000 5.11194
20780000 5.17189
20790000 5.09587
20800000 5.11341
20810000 5.17692
20820000 5.10172
20830000 5.15413
20840000 5.08982
20850000 5.15669
20860000 5.12186
20870000 5.0899
20880000 5.08884
20890000 5.09885
20900000 5.04754
20910000 5.08876
20920000 5.11734
20930000 5.17485
20940000 5.16909
20950000 5.16436
20960000 5.10617
20970000 5.09583
20980000 5.14183
20990000 5.12505
21000000 5.14109
21010000 5.15153
21020000 5.1335
21030000 5.15759
21040000 5.14765
21050000 5.10848
21060000 5.115
21070000 5.12332
21080000 5.15361
21090000 5.17147
21100000 5.17354
21110000 5.16593
21120000 5.14986
21130000 5.11279
21140000 5.10584
21150000 5.10656
21160000 5.32033
21170000 5.22085
21180000 5.14426
21190000 5.14315
21200000 5.15504
21210000 5.18346
21220000 5.15889
21230000 5.13718
21240000 5.09097
21250000 5.12522
21260000 5.11206
21270000 5.10926
21280000 5.14481
21290000 5.09979
21300000 5.12222
21310000 5.09178
21320000 5.11764
21330000 5.2401
21340000 5.15176
21350000 5.13124
21360000 5.08205
21370000 5.12474
21380000 5.1181
21390000 5.14709
21400000 5.14593
21410000 5.13178
21420000 5.14738
21430000 5.10574
21440000 5.11202
21450000 5.10483
21460000 5.09603
21470000 5.13607
21480000 5.13931
21490000 5.13538
21500000 5.10522
21510000 5.10223
21520000 5.10276
21530000 5.08158
21540000 5.13737
21550000 5.13318
21560000 5.11499
21570000 5.16288
21580000 5.12731
21590000 5.13642
21600000 5.10182
21610000 5.10953
21620000 5.12813
21630000 5.16842
21640000 5.10752
21650000 5.12183
21660000 5.14943
21670000 5.1765
21680000 5.16362
21690000 5.1752
21700000 5.17272
21710000 5.12204
21720000 5.12769
21730000 5.15017
21740000 5.11424
21750000 5.14433
21760000 5.22644
21770000 5.1639
21780000 5.16473
21790000 5.17623
21800000 5.15859
21810000 5.18331
21820000 5.13805
21830000 5.16618
21840000 5.1457
21850000 5.10839
21860000 5.09325
21870000 5.09281
21880000 5.09044
21890000 5.12155
21900000 5.12969
21910000 5.14207
21920000 5.11269
21930000 5.13385
21940000 5.17351
21950000 5.11227
21960000 5.13307
21970000 5.14208
21980000 5.11392
21990000 5.11333
22000000 5.15726
22010000 5.11819
22020000 5.10969
22030000 5.13031
22040000 5.10179
22050000 5.16712
22060000 5.16362
22070000 5.10831
22080000 5.17499
22090000 5.17949
22100000 5.11266
22110000 5.1341
22120000 5.12993
22130000 5.14107
22140000 5.11699
22150000 5.17748
22160000 5.13702
22170000 5.16371
22180000 5.16792
22190000 5.17321
22200000 5.1383
22210000 5.17723
22220000 5.12031
22230000 5.13431
22240000 5.16737
22250000 5.11086
22260000 5.16162
22270000 5.10818
22280000 5.16267
22290000 5.18741
22300000 5.16367
22310000 5.22225
22320000 5.11936
22330000 5.12389
22340000 5.11411
22350000 5.16388
22360000 5.11535
22370000 5.117
22380000 5.16108
22390000 5.14941
22400000 5.15585
22410000 5.14318
22420000 5.16928
22430000 5.14316
22440000 5.13534
22450000 5.11084
22460000 5.12669
22470000 5.11147
22480000 5.17576
22490000 5.10737
22500000 5.1801
22510000 5.15941
22520000 5.11803
22530000 5.16752
22540000 5.13517
22550000 5.11599
22560000 5.14586
22570000 5.21308
22580000 5.18842
22590000 5.13304
22600000 5.11723
22610000 5.12203
22620000 5.14786
22630000 5.1297
22640000 5.15026
22650000 5.1105
22660000 5.17911
22670000 5.1727
22680000 5.11953
22690000 5.09147
22700000 5.13805
22710000 5.12814
22720000 5.12943
22730000 5.13938
22740000 5.13301
22750000 5.1426
22760000 5.13868
22770000 5.1054
22780000 5.14329
22790000 5.11084
22800000 5.15733
22810000 5.13378
22820000 5.13855
22830000 5.11313
22840000 5.15178
22850000 5.17597
22860000 5.08718
22870000 5.16517
22880000 5.15217
22890000 5.17944
22900000 5.1483
22910000 5.1544
22920000 5.13515
22930000 5.1862
22940000 5.23938
22950000 5.14609
22960000 5.13686
22970000 5.12789
22980000 5.0914
22990000 5.13767
23000000 5.15256
23010000 5.14804
23020000 5.12203
23030000 5.1273
23040000 5.16715
23050000 5.14206
23060000 5.21261
23070000 5.14182
23080000 5.14066
23090000 5.17961
23100000 5.26215
23110000 5.1506
23120000 5.17022
23130000 5.20034
23140000 5.23004
23150000 5.18352
23160000 5.13229
23170000 5.20828
23180000 5.19715
23190000 5.1798
23200000 5.15906
23210000 5.14398
23220000 5.18241
23230000 5.14335
23240000 5.13205
23250000 5.14076
23260000 5.1566
23270000 5.18469
23280000 5.1768
23290000 5.16496
23300000 5.1779
23310000 5.12102
23320000 5.1564
23330000 5.19609
23340000 5.2268
23350000 5.17935
23360000 5.16814
23370000 5.16395
23380000 5.20341
23390000 5.17746
23400000 5.19779
23410000 5.13897
23420000 5.19511
23430000 5.12426
23440000 5.12984
23450000 5.13632
23460000 5.15042
23470000 5.14482
23480000 5.13396
23490000 5.21681
23500000 5.19916
23510000 5.20626
23520000 5.17415
23530000 5.16897
23540000 5.16326
23550000 5.1281
23560000 5.11055
23570000 5.13128
23580000 5.13437
23590000 5.1415
23600000 5.14595
23610000 5.14285
23620000 5.17867
23630000 5.18834
23640000 5.17943
23650000 5.16527
23660000 5.12625
23670000 5.16548
23680000 5.12155
23690000 5.15486
23700000 5.14183
23710000 5.12007
23720000 5.10895
23730000 5.14563
23740000 5.17807
23750000 5.19726
23760000 5.21861
23770000 5.19165
23780000 5.14818
23790000 5.15166
23800000 5.13535
23810000 5.15272
23820000 5.24054
23830000 5.20582
23840000 5.20233
23850000 5.15463
23860000 5.19057
23870000 5.13456
23880000 5.20245
23890000 5.15302
23900000 5.17532
23910000 5.20571
23920000 5.23266
23930000 5.26938
23940000 5.18618
23950000 5.17651
23960000 5.19982
23970000 5.15765
23980000 5.17759
23990000 5.21352
24000000 5.17805
24010000 5.1348
24020000 5.14315
24030000 5.16571
24040000 5.20157
24050000 5.20397
24060000 5.17494
24070000 5.15755
24080000 5.14117
24090000 5.18075
24100000 5.1345
24110000 5.16119
24120000 5.16587
24130000 5.14667
24140000 5.17627
24150000 5.14436
24160000 5.17808
24170000 5.16381
24180000 5.20712
24190000 5.17851
24200000 5.19152
24210000 5.17702
24220000 5.15351
24230000 5.13563
24240000 5.16066
24250000 5.16119
24260000 5.20153
24270000 5.26878
24280000 5.17503
24290000 5.17069
24300000 5.19836
24310000 5.15496
24320000 5.19131
24330000 5.15368
24340000 5.16396
24350000 5.17251
24360000 5.18362
24370000 5.18303
24380000 5.15242
24390000 5.20935
24400000 5.25545
24410000 5.24382
24420000 5.18076
24430000 5.15754
24440000 5.16386
24450000 5.18334
24460000 5.19844
24470000 5.18564
24480000 5.20336
24490000 5.17242
24500000 5.175
24510000 5.16034
24520000 5.20035
24530000 5.18098
24540000 5.17096
24550000 5.15868
24560000 5.14491
24570000 5.21214
24580000 5.15766
24590000 5.17907
24600000 5.17905
24610000 5.21311
24620000 5.20347
24630000 5.23804
24640000 5.16045
24650000 5.16476
24660000 5.17846
24670000 5.17991
24680000 5.25699
24690000 5.19645
24700000 5.15643
24710000 5.21694
24720000 5.1719
24730000 5.20447
24740000 5.1678
24750000 5.16383
24760000 5.19879
24770000 5.17829
24780000 5.22148
24790000 5.21916
24800000 5.13657
24810000 5.21819
24820000 5.20508
24830000 5.16085
24840000 5.14882
24850000 5.14664
24860000 5.21677
24870000 5.18121
24880000 5.18506
24890000 5.14319
24900000 5.14594
24910000 5.1767
24920000 5.14287
24930000 5.16507
24940000 5.15177
24950000 5.20953
24960000 5.15602
24970000 5.20588
24980000 5.17728
24990000 5.14781
25000000 5.14788
25010000 5.17664
25020000 5.14929
25030000 5.18033
25040000 5.1853
25050000 5.17107
25060000 5.21167
25070000 5.21861
25080000 5.18401
25090000 5.18066
25100000 5.20886
25110000 5.22893
25120000 5.16305
25130000 5.14401
25140000 5.21029
25150000 5.16571
25160000 5.15403
25170000 5.21183
25180000 5.18082
25190000 5.17574
25200000 5.17802
25210000 5.24465
25220000 5.19786
25230000 5.17303
25240000 5.14918
25250000 5.14356
25260000 5.28771
25270000 5.19265
25280000 5.21132
25290000 5.17231
25300000 5.1567
25310000 5.14142
25320000 5.14448
25330000 5.23583
25340000 5.25823
25350000 5.18314
25360000 5.18188
25370000 5.20477
25380000 5.13798
25390000 5.19818
25400000 5.21236
25410000 5.15296
25420000 5.18853
25430000 5.17875
25440000 5.16005
25450000 5.17193
25460000 5.18399
25470000 5.27415
25480000 5.17341
25490000 5.19404
25500000 5.1535
25510000 5.20739
25520000 5.14105
25530000 5.21393
25540000 5.18901
25550000 5.20081
25560000 5.15535
25570000 5.1577
25580000 5.22506
25590000 5.25414
25600000 5.20609
25610000 5.18188
25620000 5.15686
25630000 5.15276
25640000 5.20355
25650000 5.14376
25660000 5.15929
25670000 5.19124
25680000 5.15868
25690000 5.21245
25700000 5.19943
25710000 5.24808
25720000 5.18191
25730000 5.19999
25740000 5.17983
25750000 5.19322
25760000 5.18462
25770000 5.22191
25780000 5.2224
25790000 5.1603
25800000 5.14241
25810000 5.19135
25820000 5.19271
25830000 5.17471
25840000 5.24329
25850000 5.19669
25860000 5.19671
25870000 5.18977
25880000 5.17736
25890000 5.18827
25900000 5.2027
25910000 5.19637
25920000 5.39376
25930000 5.33248
25940000 5.29186
25950000 5.20923
25960000 5.20402
25970000 5.21154
25980000 5.17015
25990000 5.18775
26000000 5.17529
26010000 5.19826
26020000 5.15653
26030000 5.21067
26040000 5.1897
26050000 5.20403
26060000 5.1776
26070000 5.24909
26080000 5.19852
26090000 5.19898
26100000 5.16567
26110000 5.19878
26120000 5.17343
26130000 5.1632
26140000 5.20982
26150000 5.16481
26160000 5.21741
26170000 5.20148
26180000 5.2093
26190000 5.17869
26200000 5.19633
26210000 5.20876
26220000 5.18572
26230000 5.23458
26240000 5.18159
26250000 5.16762
26260000 5.14641
26270000 5.15321
26280000 5.16491
26290000 5.20232
26300000 5.17871
26310000 5.19105
26320000 5.2214
26330000 5.15836
26340000 5.16388
26350000 5.1893
26360000 5.1911
26370000 5.22551
26380000 5.16796
26390000 5.23262
26400000 5.17501
26410000 5.22214
26420000 5.23409
26430000 5.25105
26440000 5.1873
26450000 5.17016
26460000 5.17994
26470000 5.18836
26480000 5.1879
26490000 5.16362
26500000 5.19588
26510000 5.25272
26520000 5.20836
26530000 5.18469
26540000 5.16594
26550000 5.16301
26560000 5.19765
26570000 5.23676
26580000 5.21448
26590000 5.20942
26600000 5.22937
26610000 5.20592
26620000 5.20867
26630000 5.16975
26640000 5.19498
26650000 5.1486
26660000 5.20903
26670000 5.17042
26680000 5.15518
26690000 5.19191
26700000 5.21231
26710000 5.20838
26720000 5.19113
26730000 5.18952
26740000 5.16687
26750000 5.17514
26760000 5.20395
26770000 5.21146
26780000 5.20054
26790000 5.24732
26800000 5.18878
26810000 5.21205
26820000 5.21598
26830000 5.20667
26840000 5.19314
26850000 5.19165
26860000 5.18562
26870000 5.20785
26880000 5.29524
26890000 5.2266
26900000 5.2207
26910000 5.20103
26920000 5.19088
26930000 5.20321
26940000 5.15504
26950000 5.17558
26960000 5.13598
26970000 5.19307
26980000 5.17588
26990000 5.16934
27000000 5.22307
27010000 5.19576
27020000 5.18773
27030000 5.20321
27040000 5.16084
27050000 5.16494
27060000 5.21897
27070000 5.16783
27080000 5.20009
27090000 5.20126
27100000 5.18535
27110000 5.26041
27120000 5.18752
27130000 5.24038
27140000 5.19288
27150000 5.22495
27160000 5.20422
27170000 5.19515
27180000 5.21919
27190000 5.17007
27200000 5.16342
27210000 5.20653
27220000 5.21772
27230000 5.28329
27240000 5.19968
27250000 5.20462
27260000 5.21307
27270000 5.23786
27280000 5.20242
27290000 5.2417
27300000 5.18489
27310000 5.21162
27320000 5.22614
27330000 5.24979
27340000 5.22648
27350000 5.20557
27360000 5.24312
27370000 5.21198
27380000 5.23597
27390000 5.22674
27400000 5.29486
27410000 5.2529
27420000 5.17055
27430000 5.20769
27440000 5.19104
27450000 5.19568
27460000 5.21217
27470000 5.23192
27480000 5.22536
27490000 5.20967
27500000 5.23905
27510000 5.18074
27520000 5.22942
27530000 5.19148
27540000 5.26098
27550000 5.2391
27560000 5.20261
27570000 5.26123
27580000 5.28908
27590000 5.21922
27600000 5.20893
27610000 5.20112
27620000 5.1926
27630000 5.21162
27640000 5.18949
27650000 5.19263
27660000 5.20598
27670000 5.32495
27680000 5.24791
27690000 5.23022
27700000 5.21864
27710000 5.18574
27720000 5.18191
27730000 5.24953
27740000 5.19568
27750000 5.22193
27760000 5.22227
27770000 5.21138
27780000 5.22587
27790000 5.22374
27800000 5.21343
27810000 5.19369
27820000 5.25533
27830000 5.24898
27840000 5.22177
27850000 5.22958
27860000 5.29299
27870000 5.26182
27880000 5.20743
27890000 5.2066
27900000 5.21373
27910000 5.21691
27920000 5.18352
27930000 5.23916
27940000 5.19824
27950000 5.21265
27960000 5.23623
27970000 5.22435
27980000 5.21306
27990000 5.20768
28000000 5.20307
28010000 5.2124
28020000 5.18643
28030000 5.2169
28040000 5.20731
28050000 5.23612
28060000 5.24586
28070000 5.21646
28080000 5.21284
28090000 5.25604
28100000 5.20211
28110000 5.2526
28120000 5.23909
28130000 5.25047
28140000 5.23894
28150000 5.23639
28160000 5.23597
28170000 5.24878
28180000 5.21845
28190000 5.21902
28200000 5.25075
28210000 5.23057
28220000 5.21516
28230000 5.22633
28240000 5.28193
28250000 5.22069
28260000 5.282
28270000 5.23693
28280000 5.22113
28290000 5.25821
28300000 5.21789
28310000 5.24588
28320000 5.2345
28330000 5.22508
28340000 5.27333
28350000 5.21801
28360000 5.19718
28370000 5.23915
28380000 5.1911
28390000 5.19996
28400000 5.20305
28410000 5.20905
28420000 5.23747
28430000 5.22564
28440000 5.18846
28450000 5.28714
28460000 5.23217
28470000 5.22602
28480000 5.25791
28490000 5.26378
28500000 5.23439
28510000 5.25769
28520000 5.3569
28530000 5.26881
28540000 5.21029
28550000 5.27961
28560000 5.20099
28570000 5.20384
28580000 5.22794
28590000 5.21862
28600000 5.21407
28610000 5.2855
28620000 5.20866
28630000 5.21933
28640000 5.19547
28650000 5.20416
28660000 5.21497
28670000 5.23078
28680000 5.25029
28690000 5.22063
28700000 5.20936
28710000 5.21829
28720000 5.26143
28730000 5.21541
28740000 5.22002
28750000 5.30092
28760000 5.23326
28770000 5.24405
28780000 5.28017
28790000 5.22025
28800000 5.20113
28810000 5.24296
28820000 5.22665
28830000 5.21373
28840000 5.2778
28850000 5.2389
28860000 5.28316
28870000 5.25356
28880000 5.25012
28890000 5.23876
28900000 5.19651
28910000 5.23299
28920000 5.22424
28930000 5.22443
28940000 5.20936
28950000 5.2557
28960000 5.25548
28970000 5.23747
28980000 5.21796
28990000 5.25832
29000000 5.2468
29010000 5.24061
29020000 5.24064
29030000 5.26753
29040000 5.21913
29050000 5.25225
29060000 5.24542
29070000 5.21287
29080000 5.22838
29090000 5.27619
29100000 5.29937
29110000 5.20435
29120000 5.2102
29130000 5.25738
29140000 5.21023
29150000 5.21469
29160000 5.23861
29170000 5.24936
29180000 5.24721
29190000 5.26361
29200000 5.25485
29210000 5.25593
29220000 5.22594
29230000 5.23237
29240000 5.23376
29250000 5.21257
29260000 5.18414
29270000 5.19633
29280000 5.25172
29290000 5.26698
29300000 5.21047
29310000 5.32201
29320000 5.32042
29330000 5.2355
29340000 5.2518
29350000 5.21531
29360000 5.24301
29370000 5.27135
29380000 5.23487
29390000 5.3231
29400000 5.29412
29410000 5.27328
29420000 5.25027
29430000 5.23031
29440000 5.22772
29450000 5.21275
29460000 5.31592
29470000 5.26375
29480000 5.34009
29490000 5.31584
29500000 5.25536
29510000 5.27416
29520000 5.27239
29530000 5.24478
29540000 5.25514
29550000 5.29707
29560000 5.20332
29570000 5.23395
29580000 5.21914
29590000 5.2342
29600000 5.2347
29610000 5.2224
29620000 5.20063
29630000 5.2298
29640000 5.22972
29650000 5.23477
29660000 5.26332
29670000 5.31926
29680000 5.28646
29690000 5.25854
29700000 5.27787
29710000 5.25257
29720000 5.23918
29730000 5.22791
29740000 5.25766
29750000 5.21782
29760000 5.28116
29770000 5.21288
29780000 5.25423
29790000 5.22028
29800000 5.23361
29810000 5.25568
29820000 5.24522
29830000 5.24612
29840000 5.25654
29850000 5.31363
29860000 5.21736
29870000 5.21197
29880000 5.26029
29890000 5.24645
29900000 5.2369
29910000 5.25768
29920000 5.19203
29930000 5.25747
29940000 5.28865
29950000 5.24136
29960000 5.23201
29970000 5.24966
29980000 5.26715
29990000 5.23288
30000000 5.24669