1 8.92955
2 9.23404
3 7.11101
4 4.64416
5 2.6937
6 1.54919
7 1.25315
8 1.28872
9 1.27335
10 1.20208
11 1.14284
12 1.1244
13 1.13363
14 1.15095
15 1.16775
16 1.18346
17 1.19893
18 1.21486
19 1.2309
20 1.24693
21 1.26271
22 1.27826
23 1.29357
24 1.30866
25 1.32353
26 1.33817
27 1.3526
28 1.3668
29 1.3808
30 1.39459
31 1.40818
32 1.42158
33 1.43479
34 1.44781
35 1.46066
36 1.47334
37 1.48584
38 1.49819
39 1.51038
40 1.52242
41 1.53431
42 1.54605
43 1.55766
44 1.56913
45 1.58046
46 1.59168
47 1.60276
48 1.61373
49 1.62458
50 1.63531
51 1.64593
52 1.65645
53 1.66686
54 1.67716
55 1.68737
56 1.69747
57 1.70749
58 1.7174
59 1.72723
60 1.73697
61 1.74662
62 1.75619
63 1.76567
64 1.77507
65 1.7844
66 1.79364
67 1.80281
68 1.8119
69 1.82092
70 1.82987
71 1.83875
72 1.84756
73 1.8563
74 1.86498
75 1.87359
76 1.88213
77 1.89062
78 1.89904
79 1.9074
80 1.9157
81 1.92395
82 1.93213
83 1.94026
84 1.94834
85 1.95636
86 1.96432
87 1.97224
88 1.9801
89 1.98791
90 1.99567
91 2.00339
92 2.01105
93 2.01867
94 2.02623
95 2.03376
96 2.04124
97 2.04867
98 2.05606
99 2.0634
100 2.0707
