1 87.6063
2 39.7708
3 23.505
4 16.2212
5 12.9932
6 11.278
7 10.2323
8 9.44119
9 8.97591
10 8.68651
11 8.31748
12 8.07897
13 7.86176
14 7.70217
15 7.56243
16 7.40772
17 7.29265
18 7.15597
19 7.06681
20 6.97737
21 6.8718
22 6.7856
23 6.75857
24 6.68815
25 6.6202
26 6.5475
27 6.50785
28 6.43233
29 6.354
30 6.36214
31 6.29024
32 6.23028
33 6.17059
34 6.15356
35 6.07257
36 6.0424
37 6.03265
38 5.98708
39 5.97582
40 5.93194
41 5.90046
42 5.87793
43 5.85247
44 5.84064
45 5.82142
46 5.76705
47 5.7196
48 5.71383
49 5.67364
50 5.6726
51 5.65297
52 5.66317
53 5.60679
54 5.58364
55 5.57525
56 5.52835
57 5.4917
58 5.48431
59 5.49533
60 5.49277
61 5.46329
62 5.45517
63 5.44867
64 5.43669
65 5.39147
66 5.43279
67 5.36677
68 5.37253
69 5.38132
70 5.31176
71 5.33749
72 5.30475
73 5.29415
74 5.30975
75 5.27626
76 5.29432
77 5.26424
78 5.2384
79 5.2475
80 5.25897
81 5.23021
82 5.22008
83 5.18842
84 5.17543
85 5.16812
86 5.19253
87 5.20907
88 5.14922
89 5.14592
90 5.14907
91 5.15386
92 5.11173
93 5.138
94 5.11367
95 5.09755
96 5.10135
97 5.12277
98 5.07841
99 5.1033
100 5.03341
