1 87.6063
2 39.7708
3 23.505
4 16.2212
5 12.9932
6 11.278
7 10.2323
8 9.44119
9 8.97591
10 8.68651
11 8.31748
12 8.07897
13 7.86176
14 7.70217
15 7.56243
16 7.40772
17 7.29265
18 7.15597
19 7.06681
20 6.97737
21 6.8718
22 6.7856
23 6.75857
24 6.68815
25 6.6202
26 6.5475
27 6.50785
28 6.43233
29 6.354
30 6.36214
31 6.29024
32 6.23028
33 6.17059
34 6.15356
35 6.07257
36 6.0424
37 6.03265
38 5.98708
39 5.97582
40 5.93194
41 5.90046
42 5.87793
43 5.85247
44 5.84064
45 5.82142
46 5.76705
47 5.7196
48 5.71383
49 5.67364
50 5.6726
51 5.65297
52 5.66317
53 5.60679
54 5.58364
55 5.57525
56 5.52835
57 5.4917
58 5.48431
59 5.49533
60 5.49277
61 5.46329
62 5.45517
63 5.44867
64 5.43669
65 5.39147
66 5.43279
67 5.36677
68 5.37253
69 5.38132
70 5.31176
71 5.33749
72 5.30475
73 5.29415
74 5.30975
75 5.27626
76 5.29432
77 5.26424
78 5.2384
79 5.2475
80 5.25897
81 5.23021
82 5.22008
83 5.18842
84 5.17543
85 5.16812
86 5.19253
87 5.20907
88 5.14922
89 5.14592
90 5.14907
91 5.15386
92 5.11173
93 5.138
94 5.11367
95 5.09755
96 5.10135
97 5.12277
98 5.07841
99 5.1033
100 5.03341
101 5.03979
102 5.06491
103 5.03047
104 5.05006
105 5.00104
106 4.98916
107 5.0334
108 5.03757
109 5.00553
110 4.96968
111 5.00654
112 4.99602
113 5.00488
114 4.98997
115 5.05467
116 4.98003
117 4.96141
118 4.97866
119 4.95627
120 4.96516
121 4.90655
122 4.91966
123 4.94043
124 4.91103
125 4.95712
126 4.9188
127 4.9
128 4.9144
129 4.91542
130 4.90241
131 4.89276
132 4.86829
133 4.86909
134 4.89659
135 4.89716
136 4.86485
137 4.90297
138 4.88752
139 4.85107
140 4.84912
141 4.83878
142 4.85513
143 4.86364
144 4.82848
145 4.81672
146 4.84775
147 4.82628
148 4.79502
149 4.79286
150 4.79415
151 4.81286
152 4.78676
153 4.78522
154 4.77224
155 4.83815
156 4.82601
157 4.77961
158 4.7742
159 4.76588
160 4.79278
161 4.78469
162 4.78445
163 4.79997
164 4.76472
165 4.78783
166 4.78145
167 4.78955
168 4.72058
169 4.7444
170 4.74704
171 4.72077
172 4.75763
173 4.74342
174 4.71481
175 4.73045
176 4.71376
177 4.7217
178 4.69969
179 4.72387
180 4.7461
181 4.7353
182 4.70085
183 4.71874
184 4.70117
185 4.72247
186 4.67986
187 4.67302
188 4.67665
189 4.69108
190 4.69637
191 4.64891
192 4.67486
193 4.67142
194 4.68385
195 4.65143
196 4.6605
197 4.65634
198 4.7076
199 4.66463
200 4.71518
201 4.6439
202 4.66343
203 4.68219
204 4.65295
205 4.65143
206 4.64709
207 4.64404
208 4.64621
209 4.66803
210 4.65609
211 4.643
212 4.6602
213 4.61862
214 4.64126
215 4.66853
216 4.64737
217 4.60097
218 4.64971
219 4.64452
220 4.63157
221 4.59942
222 4.667
223 4.66112
224 4.65565
225 4.61341
226 4.59811
227 4.63601
228 4.60744
229 4.61029
230 4.62038
231 4.62859
232 4.57604
233 4.58688
234 4.59666
235 4.59353
236 4.62953
237 4.5937
238 4.5863
239 4.65102
240 4.58208
241 4.56955
242 4.58706
243 4.60208
244 4.56085
245 4.57122
246 4.60792
247 4.55898
248 4.58355
249 4.62977
250 4.66839
251 4.5825
252 4.58942
253 4.55861
254 4.55394
255 4.58109
256 4.605
257 4.53778
258 4.55208
259 4.56572
260 4.55485
261 4.54771
262 4.53948
263 4.57134
264 4.556
265 4.56333
266 4.61145
267 4.58748
268 4.57483
269 4.60963
270 4.56482
271 4.56992
272 4.52298
273 4.53898
274 4.53773
275 4.56204
276 4.54231
277 4.51916
278 4.55846
279 4.51226
280 4.59674
281 4.51264
282 4.57308
283 4.49182
284 4.52072
285 4.54708
286 4.52196
287 4.57098
288 4.51412
289 4.50366
290 4.52956
291 4.56005
292 4.51661
293 4.5161
294 4.54853
295 4.522
296 4.53497
297 4.53172
298 4.52307
299 4.507
300 4.52937
