1 14.156
2 10.0898
3 7.97349
4 6.76825
5 6.17622
6 5.82933
7 5.60742
8 5.42041
9 5.28934
10 5.19166
11 5.108
12 5.03683
13 4.96977
14 4.91223
15 4.85963
16 4.81211
17 4.76574
18 4.72348
19 4.68541
20 4.64887
21 4.61554
22 4.58379
23 4.55418
24 4.52161
25 4.49574
26 4.46949
27 4.44157
28 4.42188
29 4.39714
30 4.37505
31 4.35167
32 4.33318
33 4.31452
34 4.29845
35 4.28292
36 4.26699
37 4.25108
38 4.23679
39 4.22177
40 4.2073
41 4.19457
42 4.179
43 4.16605
44 4.15373
45 4.1432
46 4.13214
47 4.12108
48 4.11101
49 4.10152
50 4.08994
51 4.07832
52 4.07143
53 4.06213
54 4.05532
55 4.04496
56 4.03626
57 4.02875
58 4.02104
59 4.01462
60 4.00872
61 4.00055
62 3.99587
63 3.98917
64 3.98348
65 3.97656
66 3.97
67 3.96254
68 3.95784
69 3.95106
70 3.9455
71 3.94095
72 3.93668
73 3.93143
74 3.92735
75 3.92208
76 3.91617
77 3.91086
78 3.90741
79 3.90349
80 3.90055
81 3.89765
82 3.89562
83 3.89066
84 3.88601
85 3.88238
86 3.88005
87 3.87678
88 3.87373
89 3.87325
90 3.86875
91 3.86733
92 3.86391
93 3.85912
94 3.85801
95 3.85376
96 3.85218
97 3.84983
98 3.84667
99 3.84637
100 3.84529
