1 15.2036
2 10.0596
3 7.8092
4 7.09651
5 6.62772
6 6.10449
7 5.67151
8 5.43551
9 5.31687
10 5.25694
11 5.21047
12 5.12204
13 4.99795
14 4.86451
15 4.73616
16 4.62077
17 4.54348
18 4.50376
19 4.48232
20 4.45699
21 4.42825
22 4.39437
23 4.36672
24 4.34551
25 4.33159
26 4.31537
27 4.29624
28 4.27317
29 4.25345
30 4.23722
31 4.22731
32 4.21927
33 4.21226
34 4.20283
35 4.19373
36 4.18457
37 4.17812
38 4.1726
39 4.16864
40 4.16391
41 4.15945
42 4.15449
43 4.15079
44 4.14752
45 4.14556
46 4.14341
47 4.14187
48 4.13976
49 4.1384
50 4.13693
51 4.13642
52 4.13583
53 4.13585
54 4.13559
55 4.1358
56 4.13587
57 4.13652
58 4.13712
59 4.13822
60 4.13918
61 4.14052
62 4.1417
63 4.1433
64 4.14481
65 4.14672
66 4.14853
67 4.15066
68 4.15268
69 4.15499
70 4.15723
71 4.15976
72 4.16222
73 4.16493
74 4.16757
75 4.17044
76 4.17324
77 4.17626
78 4.17923
79 4.1824
80 4.18552
81 4.18881
82 4.19206
83 4.19547
84 4.19884
85 4.20237
86 4.20586
87 4.20949
88 4.21309
89 4.21681
90 4.22051
91 4.22432
92 4.22812
93 4.23201
94 4.23589
95 4.23987
96 4.24383
97 4.24788
98 4.25192
99 4.25603
100 4.26014
101 4.26432
102 4.26849
103 4.27274
104 4.27697
105 4.28127
106 4.28556
107 4.28991
108 4.29426
109 4.29866
110 4.30305
111 4.3075
112 4.31194
113 4.31643
114 4.32092
115 4.32545
116 4.32998
117 4.33455
118 4.33912
119 4.34373
120 4.34833
121 4.35297
122 4.35761
123 4.36228
124 4.36696
125 4.37166
126 4.37636
127 4.38109
128 4.38582
129 4.39058
130 4.39533
131 4.40012
132 4.4049
133 4.4097
134 4.41451
135 4.41934
136 4.42416
137 4.42901
138 4.43386
139 4.43872
140 4.44359
141 4.44848
142 4.45336
143 4.45826
144 4.46317
145 4.46808
146 4.473
147 4.47793
148 4.48287
149 4.48781
150 4.49276
151 4.49772
152 4.50268
153 4.50765
154 4.51262
155 4.5176
156 4.52259
157 4.52758
158 4.53257
159 4.53758
160 4.54258
161 4.54759
162 4.5526
163 4.55762
164 4.56264
165 4.56767
166 4.57269
167 4.57773
168 4.58276
169 4.5878
170 4.59284
171 4.59789
172 4.60293
173 4.60798
174 4.61304
175 4.61809
176 4.62315
177 4.62821
178 4.63327
179 4.63833
180 4.64339
181 4.64846
182 4.65353
183 4.6586
184 4.66367
185 4.66874
186 4.67381
187 4.67888
188 4.68396
189 4.68903
190 4.69411
191 4.69918
192 4.70426
193 4.70934
194 4.71442
195 4.7195
196 4.72457
197 4.72965
198 4.73473
199 4.73981
200 4.74489
201 4.74997
202 4.75504
203 4.76012
204 4.7652
205 4.77028
206 4.77535
207 4.78043
208 4.7855
209 4.79058
210 4.79565
211 4.80072
212 4.8058
213 4.81087
214 4.81594
215 4.82101
216 4.82608
217 4.83114
218 4.83621
219 4.84127
220 4.84634
221 4.8514
222 4.85646
223 4.86152
224 4.86658
225 4.87163
226 4.87669
227 4.88174
228 4.88679
229 4.89184
230 4.89689
231 4.90194
232 4.90698
233 4.91202
234 4.91707
235 4.9221
236 4.92714
237 4.93218
238 4.93721
239 4.94224
240 4.94727
241 4.9523
242 4.95732
243 4.96234
244 4.96737
245 4.97238
246 4.9774
247 4.98241
248 4.98742
249 4.99243
250 4.99744
251 5.00245
252 5.00745
253 5.01245
254 5.01744
255 5.02244
256 5.02743
257 5.03242
258 5.03741
259 5.04239
260 5.04738
261 5.05235
262 5.05733
263 5.06231
264 5.06728
265 5.07225
266 5.07721
267 5.08218
268 5.08714
269 5.09209
270 5.09705
271 5.102
272 5.10695
273 5.1119
274 5.11684
275 5.12178
276 5.12672
277 5.13165
278 5.13659
279 5.14152
280 5.14644
281 5.15137
282 5.15629
283 5.1612
284 5.16612
285 5.17103
286 5.17594
287 5.18084
288 5.18574
289 5.19064
290 5.19554
291 5.20043
292 5.20532
293 5.21021
294 5.21509
295 5.21997
296 5.22485
297 5.22972
298 5.2346
299 5.23946
300 5.24433
301 5.24919
302 5.25405
303 5.2589
304 5.26375
305 5.2686
306 5.27345
307 5.27829
308 5.28313
309 5.28796
310 5.2928
311 5.29762
312 5.30245
313 5.30727
314 5.31209
315 5.31691
316 5.32172
317 5.32653
318 5.33133
319 5.33614
320 5.34093
321 5.34573
322 5.35052
323 5.35531
324 5.3601
325 5.36488
326 5.36966
327 5.37443
328 5.3792
329 5.38397
330 5.38874
331 5.3935
332 5.39826
333 5.40301
334 5.40776
335 5.41251
336 5.41725
337 5.42199
338 5.42673
339 5.43147
340 5.4362
341 5.44092
342 5.44565
343 5.45037
344 5.45508
345 5.4598
346 5.46451
347 5.46921
348 5.47392
349 5.47862
350 5.48331
351 5.488
352 5.49269
353 5.49738
354 5.50206
355 5.50674
356 5.51141
357 5.51608
358 5.52075
359 5.52541
360 5.53008
361 5.53473
362 5.53939
363 5.54404
364 5.54868
365 5.55333
366 5.55797
367 5.5626
368 5.56723
369 5.57186
370 5.57649
371 5.58111
372 5.58573
373 5.59034
374 5.59495
375 5.59956
376 5.60417
377 5.60877
378 5.61336
379 5.61796
380 5.62255
381 5.62713
382 5.63172
383 5.6363
384 5.64087
385 5.64544
386 5.65001
387 5.65458
388 5.65914
389 5.6637
390 5.66825
391 5.6728
392 5.67735
393 5.6819
394 5.68644
395 5.69097
396 5.69551
397 5.70004
398 5.70456
399 5.70909
400 5.71361
401 5.71812
402 5.72263
403 5.72714
404 5.73165
405 5.73615
406 5.74065
407 5.74514
408 5.74963
409 5.75412
410 5.7586
411 5.76308
412 5.76756
413 5.77204
414 5.77651
415 5.78097
416 5.78543
417 5.78989
418 5.79435
419 5.7988
420 5.80325
421 5.8077
422 5.81214
423 5.81658
424 5.82101
425 5.82544
426 5.82987
427 5.8343
428 5.83872
429 5.84313
430 5.84755
431 5.85196
432 5.85637
433 5.86077
434 5.86517
435 5.86957
436 5.87396
437 5.87835
438 5.88273
439 5.88712
440 5.8915
441 5.89587
442 5.90025
443 5.90461
444 5.90898
445 5.91334
446 5.9177
447 5.92206
448 5.92641
449 5.93076
450 5.9351
451 5.93944
452 5.94378
453 5.94811
454 5.95244
455 5.95677
456 5.9611
457 5.96542
458 5.96974
459 5.97405
460 5.97836
461 5.98267
462 5.98697
463 5.99127
464 5.99557
465 5.99986
466 6.00415
467 6.00844
468 6.01272
469 6.017
470 6.02128
471 6.02555
472 6.02982
473 6.03409
474 6.03835
475 6.04261
476 6.04687
477 6.05112
478 6.05537
479 6.05962
480 6.06386
481 6.0681
482 6.07234
483 6.07657
484 6.0808
485 6.08503
486 6.08925
487 6.09347
488 6.09769
489 6.1019
490 6.10611
491 6.11032
492 6.11452
493 6.11872
494 6.12292
495 6.12711
496 6.1313
497 6.13549
498 6.13967
499 6.14385
500 6.14803
501 6.1522
502 6.15637
503 6.16054
504 6.16471
505 6.16887
506 6.17302
507 6.17718
508 6.18133
509 6.18548
510 6.18962
511 6.19376
512 6.1979
513 6.20204
514 6.20617
515 6.2103
516 6.21442
517 6.21854
518 6.22266
519 6.22678
520 6.23089
521 6.235
522 6.23911
523 6.24321
524 6.24731
525 6.25141
526 6.2555
527 6.25959
528 6.26368
529 6.26776
530 6.27184
531 6.27592
532 6.27999
533 6.28406
534 6.28813
535 6.2922
536 6.29626
537 6.30032
538 6.30437
539 6.30843
540 6.31247
541 6.31652
542 6.32056
543 6.3246
544 6.32864
545 6.33267
546 6.33671
547 6.34073
548 6.34476
549 6.34878
550 6.3528
551 6.35681
552 6.36082
553 6.36483
554 6.36884
555 6.37284
556 6.37684
557 6.38084
558 6.38483
559 6.38882
560 6.39281
561 6.3968
562 6.40078
563 6.40476
564 6.40873
565 6.41271
566 6.41668
567 6.42064
568 6.42461
569 6.42857
570 6.43252
571 6.43648
572 6.44043
573 6.44438
574 6.44832
575 6.45227
576 6.45621
577 6.46014
578 6.46408
579 6.46801
580 6.47194
581 6.47586
582 6.47978
583 6.4837
584 6.48762
585 6.49153
586 6.49544
587 6.49935
588 6.50325
589 6.50715
590 6.51105
591 6.51495
592 6.51884
593 6.52273
594 6.52662
595 6.5305
596 6.53438
597 6.53826
598 6.54213
599 6.54601
600 6.54988
601 6.55374
602 6.55761
603 6.56147
604 6.56532
605 6.56918
606 6.57303
607 6.57688
608 6.58073
609 6.58457
610 6.58841
611 6.59225
612 6.59608
613 6.59992
614 6.60375
615 6.60757
616 6.6114
617 6.61522
618 6.61904
619 6.62285
620 6.62666
621 6.63047
622 6.63428
623 6.63808
624 6.64188
625 6.64568
626 6.64948
627 6.65327
628 6.65706
629 6.66085
630 6.66463
631 6.66842
632 6.6722
633 6.67597
634 6.67975
635 6.68352
636 6.68728
637 6.69105
638 6.69481
639 6.69857
640 6.70233
641 6.70608
642 6.70984
643 6.71358
644 6.71733
645 6.72107
646 6.72482
647 6.72855
648 6.73229
649 6.73602
650 6.73975
651 6.74348
652 6.7472
653 6.75093
654 6.75464
655 6.75836
656 6.76208
657 6.76579
658 6.7695
659 6.7732
660 6.7769
661 6.78061
662 6.7843
663 6.788
664 6.79169
665 6.79538
666 6.79907
667 6.80275
668 6.80644
669 6.81012
670 6.81379
671 6.81747
672 6.82114
673 6.82481
674 6.82847
675 6.83214
676 6.8358
677 6.83946
678 6.84311
679 6.84677
680 6.85042
681 6.85407
682 6.85771
683 6.86136
684 6.865
685 6.86864
686 6.87227
687 6.8759
688 6.87953
689 6.88316
690 6.88679
691 6.89041
692 6.89403
693 6.89765
694 6.90126
695 6.90488
696 6.90849
697 6.91209
698 6.9157
699 6.9193
700 6.9229
701 6.9265
702 6.93009
703 6.93369
704 6.93728
705 6.94086
706 6.94445
707 6.94803
708 6.95161
709 6.95519
710 6.95877
711 6.96234
712 6.96591
713 6.96948
714 6.97304
715 6.9766
716 6.98016
717 6.98372
718 6.98728
719 6.99083
720 6.99438
721 6.99793
722 7.00147
723 7.00502
724 7.00856
725 7.0121
726 7.01563
727 7.01917
728 7.0227
729 7.02623
730 7.02975
731 7.03328
732 7.0368
733 7.04032
734 7.04383
735 7.04735
736 7.05086
737 7.05437
738 7.05788
739 7.06138
740 7.06488
741 7.06838
742 7.07188
743 7.07538
744 7.07887
745 7.08236
746 7.08585
747 7.08933
748 7.09282
749 7.0963
750 7.09978
751 7.10325
752 7.10673
753 7.1102
754 7.11367
755 7.11714
756 7.1206
757 7.12406
758 7.12752
759 7.13098
760 7.13444
761 7.13789
762 7.14134
763 7.14479
764 7.14824
765 7.15168
766 7.15512
767 7.15856
768 7.162
769 7.16543
770 7.16887
771 7.1723
772 7.17572
773 7.17915
774 7.18257
775 7.18599
776 7.18941
777 7.19283
778 7.19624
779 7.19966
780 7.20307
781 7.20647
782 7.20988
783 7.21328
784 7.21668
785 7.22008
786 7.22348
787 7.22687
788 7.23027
789 7.23366
790 7.23704
791 7.24043
792 7.24381
793 7.24719
794 7.25057
795 7.25395
796 7.25732
797 7.26069
798 7.26406
799 7.26743
800 7.2708
801 7.27416
802 7.27752
803 7.28088
804 7.28424
805 7.28759
806 7.29095
807 7.2943
808 7.29765
809 7.30099
810 7.30434
811 7.30768
812 7.31102
813 7.31435
814 7.31769
815 7.32102
816 7.32435
817 7.32768
818 7.33101
819 7.33433
820 7.33766
821 7.34098
822 7.34429
823 7.34761
824 7.35092
825 7.35424
826 7.35755
827 7.36085
828 7.36416
829 7.36746
830 7.37076
831 7.37406
832 7.37736
833 7.38066
834 7.38395
835 7.38724
836 7.39053
837 7.39382
838 7.3971
839 7.40038
840 7.40366
841 7.40694
842 7.41022
843 7.41349
844 7.41676
845 7.42004
846 7.4233
847 7.42657
848 7.42983
849 7.4331
850 7.43636
851 7.43961
852 7.44287
853 7.44612
854 7.44937
855 7.45262
856 7.45587
857 7.45912
858 7.46236
859 7.4656
860 7.46884
861 7.47208
862 7.47532
863 7.47855
864 7.48178
865 7.48501
866 7.48824
867 7.49146
868 7.49469
869 7.49791
870 7.50113
871 7.50435
872 7.50756
873 7.51078
874 7.51399
875 7.5172
876 7.52041
877 7.52361
878 7.52682
879 7.53002
880 7.53322
881 7.53642
882 7.53961
883 7.54281
884 7.546
885 7.54919
886 7.55238
887 7.55556
888 7.55875
889 7.56193
890 7.56511
891 7.56829
892 7.57146
893 7.57464
894 7.57781
895 7.58098
896 7.58415
897 7.58732
898 7.59048
899 7.59365
900 7.59681
901 7.59997
902 7.60312
903 7.60628
904 7.60943
905 7.61258
906 7.61573
907 7.61888
908 7.62203
909 7.62517
910 7.62831
911 7.63145
912 7.63459
913 7.63773
914 7.64086
915 7.644
916 7.64713
917 7.65026
918 7.65338
919 7.65651
920 7.65963
921 7.66275
922 7.66587
923 7.66899
924 7.67211
925 7.67522
926 7.67833
927 7.68145
928 7.68455
929 7.68766
930 7.69077
931 7.69387
932 7.69697
933 7.70007
934 7.70317
935 7.70626
936 7.70936
937 7.71245
938 7.71554
939 7.71863
940 7.72171
941 7.7248
942 7.72788
943 7.73096
944 7.73404
945 7.73712
946 7.7402
947 7.74327
948 7.74634
949 7.74941
950 7.75248
951 7.75555
952 7.75862
953 7.76168
954 7.76474
955 7.7678
956 7.77086
957 7.77391
958 7.77697
959 7.78002
960 7.78307
961 7.78612
962 7.78917
963 7.79221
964 7.79526
965 7.7983
966 7.80134
967 7.80438
968 7.80742
969 7.81045
970 7.81349
971 7.81652
972 7.81955
973 7.82257
974 7.8256
975 7.82863
976 7.83165
977 7.83467
978 7.83769
979 7.84071
980 7.84372
981 7.84674
982 7.84975
983 7.85276
984 7.85577
985 7.85878
986 7.86178
987 7.86479
988 7.86779
989 7.87079
990 7.87379
991 7.87679
992 7.87978
993 7.88278
994 7.88577
995 7.88876
996 7.89175
997 7.89474
998 7.89772
999 7.9007
1000 7.90369
