1 112.007
2 55.2299
3 33.4086
4 21.9964
5 17.0499
6 14.032
7 12.4118
8 11.2501
9 10.5244
10 9.99682
11 9.5803
12 9.25765
13 8.90301
14 8.71162
15 8.45378
16 8.2679
17 8.1769
18 8.0068
19 7.87759
20 7.80633
21 7.62681
22 7.5414
23 7.4584
24 7.35757
25 7.31114
26 7.25507
27 7.16909
28 7.13898
29 7.04054
30 7.02317
31 6.92394
32 6.86244
33 6.73546
34 6.74956
35 6.67679
36 6.67538
37 6.62723
38 6.56963
39 6.59368
40 6.49743
41 6.45501
42 6.46948
43 6.48752
44 6.38226
45 6.37695
46 6.3236
47 6.31066
48 6.28172
49 6.2499
50 6.23964
51 6.20003
52 6.18859
53 6.17723
54 6.10088
55 6.16091
56 6.10288
57 6.0083
58 6.03616
59 6.02421
60 6.05453
61 5.95433
62 5.9777
63 5.91444
64 5.96582
65 5.87802
66 5.99593
67 5.86369
68 5.90874
69 5.88157
70 5.81918
71 5.83735
72 5.76997
73 5.78405
74 5.79604
75 5.79527
76 5.78224
77 5.74603
78 5.72742
79 5.73841
80 5.74826
81 5.73178
82 5.76041
83 5.70079
84 5.63429
85 5.62828
86 5.67165
87 5.70154
88 5.67816
89 5.60348
90 5.59588
91 5.65923
92 5.64197
93 5.62733
94 5.5938
95 5.53513
96 5.57804
97 5.60409
98 5.58162
99 5.59505
100 5.5552
