1 111.779
2 54.8685
3 32.9467
4 21.3051
5 16.1427
6 12.9513
7 11.1678
8 9.91401
9 9.09375
10 8.48652
11 7.96878
12 7.58837
13 7.30632
14 7.02499
15 6.7745
16 6.5491
17 6.43201
18 6.24294
19 6.05338
20 5.88791
21 5.74763
22 5.68712
23 5.54877
24 5.41865
25 5.41136
26 5.29217
27 5.22576
28 5.09016
29 5.06639
30 4.9762
31 4.88017
32 4.81756
33 4.72279
34 4.7207
35 4.63924
36 4.61305
37 4.54438
38 4.47601
39 4.48713
40 4.43466
41 4.3741
42 4.36733
43 4.29053
44 4.2462
45 4.23809
46 4.21878
47 4.14195
48 4.13372
49 4.08351
50 4.03558
51 4.02607
52 4.02483
53 3.92803
54 3.91009
55 3.92115
56 3.90874
57 3.84032
58 3.84809
59 3.79932
60 3.79915
61 3.7429
62 3.74216
63 3.70962
64 3.69075
65 3.66732
66 3.70662
67 3.60657
68 3.62911
69 3.63527
70 3.58344
71 3.60504
72 3.56322
73 3.55855
74 3.5148
75 3.5111
76 3.50973
77 3.49311
78 3.45999
79 3.4656
80 3.45789
81 3.42643
82 3.43057
83 3.3835
84 3.38406
85 3.42134
86 3.38129
87 3.34938
88 3.36799
89 3.35019
90 3.31454
91 3.30655
92 3.32214
93 3.27044
94 3.32631
95 3.29929
96 3.26407
97 3.22635
98 3.26274
99 3.23276
100 3.24975
