1 11.3427
2 7.84027
3 6.51882
4 5.87094
5 5.56485
6 5.37506
7 5.24247
8 5.13908
9 5.05371
10 4.98229
11 4.92063
12 4.86558
13 4.81439
14 4.76779
15 4.72367
16 4.68288
17 4.64657
18 4.61044
19 4.57882
20 4.54704
21 4.518
22 4.49021
23 4.46442
24 4.43908
25 4.41613
26 4.39469
27 4.37239
28 4.35217
29 4.33263
30 4.3123
31 4.29288
32 4.27594
33 4.25828
34 4.24305
35 4.2274
36 4.21279
37 4.19861
38 4.18528
39 4.17212
40 4.15911
41 4.14666
42 4.13361
43 4.12357
44 4.11122
45 4.09976
46 4.09026
47 4.0814
48 4.07191
49 4.06215
50 4.05231
51 4.04303
52 4.03454
53 4.02607
54 4.01823
55 4.01121
56 4.0023
57 3.99471
58 3.98807
59 3.98112
60 3.97482
61 3.96796
62 3.96328
63 3.95584
64 3.9506
65 3.94415
66 3.9395
67 3.93295
68 3.9285
69 3.92314
70 3.91815
71 3.91429
72 3.90955
73 3.90475
74 3.90117
75 3.89743
76 3.89211
77 3.88788
78 3.8841
79 3.88144
80 3.87875
81 3.87521
82 3.87185
83 3.86777
84 3.86409
85 3.86047
86 3.85875
87 3.85525
88 3.85199
89 3.84883
90 3.84598
91 3.84382
92 3.84101
93 3.8374
94 3.83665
95 3.83387
96 3.83159
97 3.8288
98 3.82657
99 3.82525
100 3.8242
