1 74.7944
2 32.5979
3 19.5573
4 14.1141
5 11.5373
6 10.1442
7 9.31489
8 8.70752
9 8.32511
10 8.03635
11 7.75512
12 7.55332
13 7.37783
14 7.22418
15 7.10355
16 6.97713
17 6.8613
18 6.76656
19 6.67904
20 6.60058
21 6.52649
22 6.44014
23 6.38095
24 6.33608
25 6.25983
26 6.20285
27 6.14581
28 6.09792
29 6.0399
30 6.03753
31 5.98178
32 5.91049
33 5.87231
34 5.83881
35 5.79165
36 5.77023
37 5.74409
38 5.71551
39 5.68223
40 5.64961
41 5.61239
42 5.59197
43 5.56701
44 5.54329
45 5.52635
46 5.50112
47 5.47013
48 5.45177
49 5.41845
50 5.40525
51 5.37451
52 5.39994
53 5.34812
54 5.32011
55 5.32453
56 5.28148
57 5.25882
58 5.26088
59 5.25278
60 5.24929
61 5.22665
62 5.19055
63 5.17091
64 5.17096
65 5.14027
66 5.16371
67 5.12441
68 5.13026
69 5.11119
70 5.0947
71 5.11121
72 5.05621
73 5.05556
74 5.05683
75 5.03699
76 5.02997
77 5.01817
78 5.00202
79 4.99714
80 5.01643
81 4.98278
82 4.96773
83 4.96193
84 4.96172
85 4.95012
86 4.93525
87 4.96682
88 4.93637
89 4.91088
90 4.89841
91 4.8833
92 4.88363
93 4.88991
94 4.86427
95 4.87068
96 4.87523
97 4.84787
98 4.8488
99 4.85558
100 4.8254
