1 11.3391
2 7.83356
3 6.5028
4 5.84752
5 5.53609
6 5.3425
7 5.20511
8 5.09922
9 5.01073
10 4.93617
11 4.87183
12 4.81418
13 4.76018
14 4.71152
15 4.6648
16 4.62072
17 4.58205
18 4.54337
19 4.50857
20 4.47487
21 4.44286
22 4.4129
23 4.38474
24 4.35576
25 4.3294
26 4.30423
27 4.27926
28 4.25549
29 4.23249
30 4.2102
31 4.18901
32 4.1686
33 4.14852
34 4.12972
35 4.11106
36 4.09334
37 4.07603
38 4.05965
39 4.04325
40 4.02755
41 4.01272
42 3.99739
43 3.98277
44 3.96801
45 3.95433
46 3.94117
47 3.92775
48 3.91486
49 3.90235
50 3.88954
51 3.87747
52 3.86645
53 3.85507
54 3.844
55 3.83358
56 3.82268
57 3.81258
58 3.80268
59 3.79249
60 3.78271
61 3.77367
62 3.76456
63 3.75515
64 3.74598
65 3.73746
66 3.72914
67 3.72049
68 3.71242
69 3.70356
70 3.69559
71 3.68785
72 3.67994
73 3.6717
74 3.66476
75 3.65706
76 3.64973
77 3.64278
78 3.6354
79 3.62835
80 3.62185
81 3.61514
82 3.60908
83 3.60232
84 3.59621
85 3.59046
86 3.58412
87 3.57779
88 3.57183
89 3.56588
90 3.56033
91 3.55446
92 3.54912
93 3.54388
94 3.53849
95 3.53333
96 3.52766
97 3.52231
98 3.5176
99 3.51193
100 3.5071
