1 150.62
2 87.7928
3 56.0292
4 36.7865
5 26.6718
6 20.5457
7 17.3229
8 14.1807
9 12.3681
10 11.4256
11 10.2035
12 9.72438
13 9.01134
14 8.62632
15 8.27972
16 7.92621
17 7.49196
18 7.26201
19 7.02233
20 6.85289
21 6.56992
22 6.46327
23 6.22761
24 6.19387
25 6.11987
26 5.9126
27 5.7149
28 5.59114
29 5.4428
30 5.36731
31 5.2715
32 5.10944
33 5.08884
34 5.00224
35 4.90164
36 4.78169
37 4.75109
38 4.66264
39 4.61829
40 4.65978
41 4.47335
42 4.44462
43 4.34431
44 4.275
45 4.21758
46 4.22776
47 4.14573
48 4.08912
49 4.05789
50 3.98097
51 3.98293
52 3.96758
53 3.86194
54 3.80849
55 3.76346
56 3.77618
57 3.68715
58 3.66607
59 3.63668
60 3.59375
61 3.52746
62 3.53717
63 3.532
64 3.45044
65 3.42076
66 3.45313
67 3.38975
68 3.36859
69 3.46975
70 3.33393
71 3.29402
72 3.24809
73 3.21783
74 3.21045
75 3.18176
76 3.15647
77 3.17762
78 3.1559
79 3.15585
80 3.09196
81 3.10562
82 3.07777
83 3.0214
84 3.01263
85 3.04029
86 2.98705
87 2.9681
88 2.96403
89 2.94415
90 2.90095
91 2.9166
92 2.87384
93 2.83859
94 2.84436
95 2.83928
96 2.8402
97 2.80395
98 2.77351
99 2.75865
100 2.76785
