1 112.007
2 55.2299
3 33.4086
4 21.9964
5 17.0499
6 14.032
7 12.4118
8 11.2501
9 10.5244
10 9.99682
11 9.5803
12 9.25765
13 8.90301
14 8.71162
15 8.45378
16 8.2679
17 8.1769
18 8.0068
19 7.87759
20 7.80633
21 7.62681
22 7.5414
23 7.4584
24 7.35757
25 7.31114
26 7.25507
27 7.16909
28 7.13898
29 7.04054
30 7.02317
31 6.92394
32 6.86244
33 6.73546
34 6.74956
35 6.67679
36 6.67538
37 6.62723
38 6.56963
39 6.59368
40 6.49743
41 6.45501
42 6.46948
43 6.48752
44 6.38226
45 6.37695
46 6.3236
47 6.31066
48 6.28172
49 6.2499
50 6.23964
51 6.20003
52 6.18859
53 6.17723
54 6.10088
55 6.16091
56 6.10288
57 6.0083
58 6.03616
59 6.02421
60 6.05453
61 5.95433
62 5.9777
63 5.91444
64 5.96582
65 5.87802
66 5.99593
67 5.86369
68 5.90874
69 5.88157
70 5.81918
71 5.83735
72 5.76997
73 5.78405
74 5.79604
75 5.79527
76 5.78224
77 5.74603
78 5.72742
79 5.73841
80 5.74826
81 5.73178
82 5.76041
83 5.70079
84 5.63429
85 5.62828
86 5.67165
87 5.70154
88 5.67816
89 5.60348
90 5.59588
91 5.65923
92 5.64197
93 5.62733
94 5.5938
95 5.53513
96 5.57804
97 5.60409
98 5.58162
99 5.59505
100 5.5552
101 5.55036
102 5.54111
103 5.50096
104 5.48377
105 5.49891
106 5.44993
107 5.55513
108 5.54316
109 5.46554
110 5.42028
111 5.42788
112 5.45124
113 5.4267
114 5.4411
115 5.42433
116 5.44116
117 5.41762
118 5.38583
119 5.43274
120 5.42565
121 5.372
122 5.37976
123 5.46299
124 5.41294
125 5.40854
126 5.38596
127 5.35228
128 5.40003
129 5.39321
130 5.35784
131 5.32659
132 5.36371
133 5.35911
134 5.33105
135 5.33621
136 5.33561
137 5.3906
138 5.31672
139 5.26107
140 5.31264
141 5.27634
142 5.26966
143 5.22373
144 5.2255
145 5.26718
146 5.30098
147 5.27194
148 5.25903
149 5.19814
150 5.24081
151 5.27422
152 5.24267
153 5.22655
154 5.2221
155 5.29063
156 5.3408
157 5.25387
158 5.28298
159 5.21934
160 5.24341
161 5.26354
162 5.2178
163 5.26122
164 5.2166
165 5.26938
166 5.19655
167 5.22889
168 5.13069
169 5.23644
170 5.21875
171 5.19641
172 5.24821
173 5.17941
174 5.1595
175 5.16463
176 5.17411
177 5.1229
178 5.14881
179 5.15076
180 5.16856
181 5.18842
182 5.16668
183 5.14645
184 5.08564
185 5.15841
186 5.1694
187 5.12868
188 5.11227
189 5.09783
190 5.10672
191 5.02777
192 5.04888
193 5.04361
194 5.11945
195 5.0856
196 5.06101
197 5.08742
198 5.14729
199 5.1376
200 5.13996
201 5.07527
202 5.12207
203 5.11032
204 5.02431
205 5.05496
206 5.09438
207 5.06494
208 5.07948
209 5.06807
210 5.07443
211 5.00092
212 5.09799
213 4.98764
214 5.01472
215 5.1555
216 5.06304
217 4.9974
218 5.03471
219 5.03445
220 5.05885
221 4.97533
222 5.1432
223 5.15954
224 5.09171
225 5.03586
226 5.01227
227 5.08252
228 5.05263
229 5.07422
230 5.09044
231 5.0817
232 5.03711
233 5.06944
234 5.08727
235 5.05673
236 5.11676
237 5.05715
238 4.97425
239 5.1594
240 5.01111
241 4.98989
242 5.05619
243 5.01302
244 4.94844
245 5.01002
246 5.00792
247 4.96219
248 5.02947
249 4.97125
250 5.13772
251 4.98335
252 4.97577
253 4.93848
254 4.97661
255 5.00682
256 5.02997
257 4.96904
258 4.94298
259 4.96271
260 4.95831
261 4.91501
262 5.01883
263 4.97814
264 4.94501
265 4.96994
266 5.09615
267 5.01216
268 5.01942
269 5.05589
270 4.97749
271 5.00015
272 4.92103
273 4.98662
274 4.92852
275 5.0496
276 5.01698
277 4.95897
278 5.02524
279 4.94009
280 5.06596
281 4.92052
282 5.02059
283 4.89525
284 4.9425
285 4.88455
286 4.92893
287 4.91226
288 4.95394
289 4.93453
290 4.95883
291 5.04181
292 4.94638
293 4.90634
294 4.94504
295 4.92931
296 4.96009
297 5.05019
298 4.95625
299 4.96554
300 4.91433
