10000 95.547
20000 50.144
30000 31.5524
40000 22.2705
50000 17.4041
60000 15.2607
70000 12.9881
80000 11.6252
90000 10.7583
100000 10.0427
110000 9.67806
120000 9.81677
130000 8.86122
140000 9.60374
150000 8.23401
160000 7.81809
170000 9.23967
180000 7.86787
190000 7.50158
200000 7.33743
210000 7.23197
220000 7.43703
230000 8.30338
240000 7.37168
250000 8.44565
260000 7.09427
270000 6.80474
280000 8.5108
290000 7.08097
300000 6.75424
310000 6.61765
320000 6.54571
330000 6.74675
340000 7.82958
350000 6.90918
360000 8.04757
370000 6.6396
380000 6.36649
390000 8.22204
400000 6.69055
410000 6.42724
420000 6.23437
430000 6.19665
440000 6.41242
450000 7.55224
460000 6.59812
470000 7.81973
480000 6.26214
490000 6.10265
500000 7.97585
510000 6.43276
520000 6.20644
530000 5.98399
540000 5.95962
550000 6.1894
560000 7.59907
570000 6.47231
580000 7.64494
590000 6.06058
600000 5.89893
610000 7.94495
620000 6.30461
630000 6.05659
640000 5.81607
650000 5.78342
660000 5.74578
670000 7.50207
680000 6.31781
690000 7.84649
700000 5.90798
710000 5.75083
720000 6.98326
730000 6.16683
740000 5.92208
750000 5.68101
760000 5.58628
770000 5.61209
780000 5.96053
790000 6.26475
800000 7.71429
810000 5.90622
820000 5.64425
830000 7.27762
840000 6.15852
850000 5.83098
860000 5.58231
870000 5.4702
880000 5.5019
890000 5.48897
900000 6.44373
910000 7.64074
920000 5.8141
930000 5.56505
940000 7.6715
950000 6.07333
960000 5.78824
970000 5.49207
980000 5.39133
990000 5.42437
1000000 5.45862
1010000 6.38095
1020000 7.59963
1030000 5.7452
1040000 5.5431
1050000 7.62111
1060000 6.22764
1070000 5.71567
1080000 5.42163
1090000 5.3176
1100000 5.35457
1110000 5.39223
1120000 6.73827
1130000 7.54898
1140000 5.69161
1150000 5.50433
1160000 7.7462
1170000 6.15434
1180000 5.66273
1190000 5.36221
1200000 5.2574
1210000 5.29764
1220000 5.3339
1230000 6.68919
1240000 5.77154
1250000 5.63845
1260000 5.4515
1270000 7.71046
1280000 6.31538
1290000 5.60618
1300000 5.31139
1310000 5.21562
1320000 5.2467
1330000 5.59038
1340000 6.36264
1350000 5.72097
1360000 5.59379
1370000 5.41609
1380000 7.67707
1390000 6.26744
1400000 5.7608
1410000 5.26973
1420000 5.17975
1430000 5.19998
1440000 5.54651
1450000 6.32126
1460000 5.71794
1470000 5.55081
1480000 5.39992
1490000 7.64779
1500000 6.23249
1510000 5.7144
1520000 5.23353
1530000 5.15071
1540000 5.16775
1550000 5.50918
1560000 6.26963
1570000 5.6807
1580000 5.63681
1590000 5.4226
1600000 7.6233
1610000 6.22685
1620000 5.67952
1630000 5.20258
1640000 5.11828
1650000 5.13706
1660000 5.47718
1670000 6.24466
1680000 5.64659
1690000 6.25166
1700000 5.39841
1710000 8.06261
1720000 6.50353
1730000 5.58499
1740000 5.23057
1750000 5.08729
1760000 5.10414
1770000 5.44923
1780000 6.22664
1790000 5.58179
1800000 6.64016
1810000 5.36959
1820000 5.12756
1830000 6.69484
1840000 5.57975
1850000 5.20936
1860000 5.07984
1870000 5.07642
1880000 5.4801
1890000 6.63479
1900000 5.55637
1910000 6.89518
1920000 5.41037
1930000 5.13243
1940000 7.2101
1950000 5.58601
1960000 5.21259
1970000 5.04763
1980000 5.05526
1990000 5.45922
2000000 6.62404
2010000 5.54293
2020000 6.91476
2030000 5.40337
2040000 5.10797
2050000 7.22517
2060000 5.56049
2070000 5.19307
2080000 5.06806
2090000 5.03326
2100000 5.33289
2110000 6.61761
2120000 5.57965
2130000 6.92287
2140000 5.38514
2150000 5.09492
2160000 7.26686
2170000 5.54149
2180000 5.22129
2190000 5.04022
2200000 5.02057
2210000 5.31344
2220000 6.60552
2230000 5.55348
2240000 6.93694
2250000 5.24641
2260000 5.10084
2270000 7.21749
2280000 5.51743
2290000 5.26114
2300000 5.02527
2310000 5.00887
2320000 5.29687
2330000 6.84899
2340000 5.62694
2350000 6.92404
2360000 5.22763
2370000 5.07334
2380000 7.20026
2390000 5.55796
2400000 5.27702
2410000 5.03054
2420000 4.99233
2430000 4.96767
2440000 6.8775
2450000 5.60702
2460000 7.26016
2470000 5.20757
2480000 5.05757
2490000 6.40608
2500000 5.5308
2510000 5.25977
2520000 5.01481
2530000 4.98504
2540000 4.95128
2550000 5.3247
2560000 5.65911
2570000 7.20773
2580000 5.30606
2590000 5.04257
2600000 6.8082
2610000 5.61986
2620000 5.24441
2630000 5.00294
2640000 4.88951
2650000 4.92845
2660000 4.93348
2670000 5.93185
2680000 7.2007
2690000 5.29086
2700000 5.04893
2710000 7.28492
2720000 5.60213
2730000 5.27046
2740000 4.98524
2750000 4.88067
2760000 4.92072
2770000 4.96901
2780000 5.93037
2790000 7.21152
2800000 5.28428
2810000 5.08721
2820000 7.28106
2830000 5.82419
2840000 5.27161
2850000 4.97142
2860000 4.8633
2870000 4.90659
2880000 4.94212
2890000 6.36095
2900000 7.20058
2910000 5.28073
2920000 5.10115
2930000 7.46047
2940000 5.7944
2950000 5.26229
2960000 4.95838
2970000 4.84918
2980000 4.89545
2990000 4.94337
3000000 6.34468
3010000 5.39576
3020000 5.26977
3030000 5.09015
3040000 7.45444
3050000 6.00167
3060000 5.24459
3070000 4.94637
3080000 4.84755
3090000 4.88326
3100000 5.24821
3110000 6.03969
3120000 5.38069
3130000 5.25714
3140000 5.08695
3150000 7.44175
3160000 5.98673
3170000 5.44904
3180000 4.93782
3190000 4.84532
3200000 4.87008
3210000 5.23494
3220000 6.02786
3230000 5.40694
3240000 5.24274
3250000 5.10175
3260000 7.43642
3270000 5.96797
3280000 5.42356
3290000 4.92784
3300000 4.84465
3310000 4.86608
3320000 5.22394
3330000 6.00257
3340000 5.39441
3350000 5.356
3360000 5.14338
3370000 7.42769
3380000 5.9839
3390000 5.41002
3400000 4.92394
3410000 4.8358
3420000 4.85923
3430000 5.21234
3440000 5.99479
3450000 5.38255
3460000 6.0078
3470000 5.14928
3480000 7.89715
3490000 6.28808
3500000 5.34591
3510000 4.97555
3520000 4.8272
3530000 4.84549
3540000 5.20221
3550000 5.99547
3560000 5.33572
3570000 6.42398
3580000 5.14019
3590000 4.8854
3600000 6.49846
3610000 5.35712
3620000 4.97091
3630000 4.83758
3640000 4.83668
3650000 5.25269
3660000 6.42911
3670000 5.32636
3680000 6.69833
3690000 5.19489
3700000 4.91029
3710000 7.03977
3720000 5.37298
3730000 4.99131
3740000 4.82105
3750000 4.83136
3760000 5.24692
3770000 6.43017
3780000 5.32471
3790000 6.72995
3800000 5.1936
3810000 4.8996
3820000 7.0657
3830000 5.36702
3840000 4.98574
3850000 4.85623
3860000 4.82373
3870000 5.13298
3880000 6.43348
3890000 5.37765
3900000 6.75104
3910000 5.19685
3920000 4.89009
3930000 7.12047
3940000 5.36114
3950000 5.02776
3960000 4.84164
3970000 4.81967
3980000 5.12487
3990000 6.43458
4000000 5.36284
4010000 6.74514
4020000 5.06316
4030000 4.91983
4040000 7.07572
4050000 5.348
4060000 5.07878
4070000 4.83883
4080000 4.82148
4090000 5.11877
4100000 6.42995
4110000 5.44869
4120000 6.77108
4130000 5.05478
4140000 4.90466
4150000 7.06903
4160000 5.38991
4170000 5.10355
4180000 4.85778
4190000 4.8147
4200000 4.79039
4210000 6.69743
4220000 5.43805
4230000 7.11764
4240000 5.043
4250000 4.89476
4260000 6.26952
4270000 5.37832
4280000 5.09371
4290000 4.85118
4300000 4.81721
4310000 4.78473
4320000 6.72355
4330000 5.49991
4340000 7.07332
4350000 5.08359
4360000 4.88753
4370000 6.68491
4380000 5.48119
4390000 5.087
4400000 4.84503
4410000 4.73708
4420000 4.77042
4430000 4.77872
4440000 5.78415
4450000 7.07292
4460000 5.14192
4470000 4.90639
4480000 7.1732
4490000 5.47179
4500000 5.12076
4510000 4.83668
4520000 4.72911
4530000 4.76995
4540000 4.82424
4550000 5.79108
4560000 7.08606
4570000 5.13491
4580000 4.94232
4590000 7.17584
4600000 5.69919
4610000 5.12813
4620000 4.82976
4630000 4.71897
4640000 4.76261
4650000 4.80098
4660000 6.2329
4670000 7.08479
4680000 5.14573
4690000 4.96992
4700000 7.37049
4710000 5.6746
4720000 5.125
4730000 4.82262
4740000 4.71153
4750000 4.75717
4760000 4.8102
4770000 6.22146
4780000 5.26398
4790000 5.14139
4800000 4.96472
4810000 7.36902
4820000 5.89055
4830000 5.11352
4840000 4.81678
4850000 4.71542
4860000 4.75223
4870000 5.12453
4880000 5.91889
4890000 5.25477
4900000 5.13345
4910000 4.96692
4920000 7.35851
4930000 5.88084
4940000 5.33293
4950000 4.81169
4960000 4.72217
4970000 4.73854
4980000 5.11602
4990000 5.91229
5000000 5.25945
5010000 5.12664
5020000 4.98792
5030000 7.35592
5040000 5.86545
5050000 5.30719
5060000 4.80984
5070000 4.72531
5080000 4.74658
5090000 5.11156
5100000 5.89369
5110000 5.27764
5120000 5.24178
5130000 5.03541
5140000 7.35068
5150000 5.88606
5160000 5.29958
5170000 4.8105
5180000 4.72053
5190000 4.74423
5200000 5.10209
5210000 5.8888
5220000 5.27038
5230000 5.90612
5240000 5.04642
5250000 7.82662
5260000 5.89093
5270000 5.24515
5280000 4.86714
5290000 4.71609
5300000 4.73303
5310000 5.09664
5320000 5.89604
5330000 5.22566
5340000 6.32865
5350000 5.04102
5360000 7.81735
5370000 6.41417
5380000 5.26115
5390000 4.86605
5400000 4.72968
5410000 4.73028
5420000 5.15177
5430000 6.33505
5440000 5.22231
5450000 6.60893
5460000 5.10064
5470000 4.81139
5480000 6.96304
5490000 5.2864
5500000 4.89012
5510000 4.71999
5520000 4.72911
5530000 5.14956
5540000 6.33855
5550000 5.22412
5560000 6.64387
5570000 5.10155
5580000 4.80416
5590000 6.99243
5600000 5.27808
5610000 4.88847
5620000 4.75745
5630000 4.72775
5640000 5.0386
5650000 6.34543
5660000 5.28089
5670000 6.66856
5680000 5.10912
5690000 4.79792
5700000 7.04966
5710000 5.2745
5720000 4.93433
5730000 4.74561
5740000 4.72431
5750000 5.03328
5760000 6.34979
5770000 5.26868
5780000 6.66501
5790000 5.13778
5800000 4.82291
5810000 7.00643
5820000 5.26512
5830000 4.98974
5840000 4.74754
5850000 4.72627
5860000 5.02983
5870000 6.34782
5880000 5.35813
5890000 6.69376
5900000 4.96887
5910000 4.81954
5920000 7.00425
5930000 5.31053
5940000 5.01032
5950000 4.76022
5960000 4.72455
5970000 4.70115
5980000 6.61996
5990000 5.35025
6000000 7.04513
6010000 4.959
6020000 4.81242
6030000 6.20006
6040000 5.31437
6050000 5.00797
6060000 4.76727
6070000 4.7292
6080000 4.69844
6090000 6.6481
6100000 5.41568
6110000 7.00193
6120000 4.97905
6130000 4.80756
6140000 6.62092
6150000 5.40717
6160000 5.00418
6170000 4.76215
6180000 4.65253
6190000 4.68679
6200000 4.69673
6210000 5.70459
6220000 7.00362
6230000 5.06206
6240000 4.83939
6250000 7.11502
6260000 5.39721
6270000 5.03965
6280000 4.75697
6290000 4.64572
6300000 4.6884
6310000 4.74349
6320000 5.7141
6330000 7.00389
6340000 5.05765
6350000 4.86742
6360000 7.11835
6370000 5.63199
6380000 5.04837
6390000 4.75223
6400000 4.64416
6410000 4.68347
6420000 4.72412
6430000 6.16108
6440000 7.01986
6450000 5.07092
6460000 4.89253
6470000 7.3201
6480000 5.60856
6490000 5.04872
6500000 4.74676
6510000 4.63497
6520000 4.68028
6530000 4.73609
6540000 6.15116
6550000 5.18949
6560000 5.06897
6570000 4.89483
6580000 7.321
6590000 5.82816
6600000 5.03927
6610000 4.74473
6620000 4.63995
6630000 4.678
6640000 5.05218
6650000 5.84831
6660000 5.1826
6670000 5.06265
6680000 4.89893
6690000 7.31135
6700000 5.82075
6710000 5.26213
6720000 4.74052
6730000 4.63594
6740000 4.66621
6750000 5.04687
6760000 5.84382
6770000 5.19119
6780000 5.05796
6790000 4.92269
6800000 7.30931
6810000 5.80518
6820000 5.23929
6830000 4.74068
6840000 4.65507
6850000 4.67581
6860000 5.04457
6870000 5.82818
6880000 5.20755
6890000 5.17496
6900000 4.92318
6910000 7.30556
6920000 5.8281
6930000 5.23548
6940000 4.74283
6950000 4.65207
6960000 4.67618
6970000 5.03647
6980000 5.81827
6990000 5.20295
7000000 5.84385
7010000 4.98535
7020000 7.78545
7030000 5.8338
7040000 5.18553
7050000 4.80236
7060000 4.64939
7070000 4.6664
7080000 5.03292
7090000 5.83555
7100000 5.17981
7110000 6.27034
7120000 4.98164
7130000 7.77724
7140000 6.36565
7150000 5.20354
7160000 4.802
7170000 4.66452
7180000 4.66593
7190000 5.09186
7200000 6.27667
7210000 5.15799
7220000 6.55385
7230000 5.04254
7240000 4.75148
7250000 6.91623
7260000 5.2303
7270000 4.82854
7280000 4.65703
7290000 4.66613
7300000 5.08937
7310000 6.28162
7320000 5.15918
7330000 6.59034
7340000 5.04423
7350000 4.74532
7360000 6.94805
7370000 5.22279
7380000 4.82826
7390000 4.6963
7400000 4.66587
7410000 4.97921
7420000 6.29006
7430000 5.21909
7440000 6.61571
7450000 5.04937
7460000 4.74149
7470000 7.0031
7480000 5.2301
7490000 4.87574
7500000 4.68553
7510000 4.66449
7520000 4.97562
7530000 6.29517
7540000 5.2086
7550000 6.61353
7560000 5.08473
7570000 4.76816
7580000 6.96406
7590000 5.21272
7600000 4.93018
7610000 4.68886
7620000 4.6668
7630000 4.97329
7640000 6.29376
7650000 5.2912
7660000 6.64215
7670000 4.91485
7680000 4.76566
7690000 6.96771
7700000 5.25941
7710000 4.9537
7720000 4.70302
7730000 4.66616
7740000 4.64377
7750000 6.56913
7760000 5.29625
7770000 6.99861
7780000 4.90501
7790000 4.75977
7800000 6.15582
7810000 5.26495
7820000 4.95171
7830000 4.713
7840000 4.67131
7850000 4.6427
7860000 6.59839
7870000 5.28899
7880000 6.9553
7890000 4.92579
7900000 4.75575
7910000 6.46463
7920000 5.35879
7930000 4.94823
7940000 4.70816
7950000 4.59752
7960000 4.63143
7970000 4.64351
7980000 5.65206
7990000 6.95993
8000000 5.01055
8010000 4.77198
8020000 7.07718
8030000 5.3483
8040000 4.98588
8050000 4.70531
8060000 4.59221
8070000 4.63465
8080000 4.63105
8090000 5.66203
8100000 6.95877
8110000 5.0066
8120000 4.81867
8130000 7.08136
8140000 5.58692
8150000 4.99545
8160000 4.70147
8170000 4.59179
8180000 4.62933
8190000 4.6733
8200000 6.11282
8210000 6.97626
8220000 5.02044
8230000 4.84448
8240000 7.28664
8250000 5.56459
8260000 4.99692
8270000 4.69626
8280000 4.58395
8290000 4.62845
8300000 4.68712
8310000 6.10512
8320000 5.1388
8330000 5.01966
8340000 4.84983
8350000 7.28841
8360000 5.78623
8370000 4.98943
8380000 4.69485
8390000 4.58883
8400000 4.62752
8410000 4.68014
8420000 6.10117
8430000 5.13426
8440000 5.01464
8450000 4.85279
8460000 7.28584
8470000 5.77994
8480000 5.21334
8490000 4.69203
8500000 4.5869
8510000 4.61727
8520000 4.99999
8530000 5.79713
8540000 5.14216
8550000 5.01103
8560000 4.87773
8570000 7.27819
8580000 5.76447
8590000 5.19299
8600000 4.69313
8610000 4.60691
8620000 4.62848
8630000 4.99848
8640000 5.78665
8650000 5.16184
8660000 5.00571
8670000 4.87888
8680000 7.27477
8690000 5.79754
8700000 5.19044
8710000 4.69657
8720000 4.605
8730000 4.62913
8740000 4.99239
8750000 5.77365
8760000 5.15616
8770000 5.80094
8780000 4.94326
8790000 7.75146
8800000 5.79515
8810000 5.14442
8820000 4.75762
8830000 4.60596
8840000 4.61997
8850000 4.98884
8860000 5.79215
8870000 5.13425
8880000 6.21028
8890000 4.94529
8900000 7.7494
8910000 6.33027
8920000 5.16133
8930000 4.7576
8940000 4.61722
8950000 4.61933
8960000 5.04834
8970000 6.23596
8980000 5.11256
8990000 6.51496
9000000 5.00185
9010000 4.70954
9020000 6.32651
9030000 5.19019
9040000 4.75839
9050000 4.61273
9060000 4.62176
9070000 5.04966
9080000 6.23577
9090000 5.11393
9100000 6.54815
9110000 4.99883
9120000 4.70355
9130000 6.89175
9140000 5.18411
9150000 4.78484
9160000 4.65303
9170000 4.62235
9180000 4.93621
9190000 6.25011
9200000 5.17633
9210000 6.57869
9220000 5.01025
9230000 4.70278
9240000 6.91858
9250000 5.18424
9260000 4.78841
9270000 4.64375
9280000 4.62164
9290000 4.9337
9300000 6.25656
9310000 5.16674
9320000 6.57614
9330000 5.04694
9340000 4.72399
9350000 6.9339
9360000 5.17604
9370000 4.88792
9380000 4.64712
9390000 4.62446
9400000 4.93286
9410000 6.25534
9420000 5.24905
9430000 6.60688
9440000 4.87565
9450000 4.72661
9460000 6.9379
9470000 5.22375
9480000 4.91251
9490000 4.66129
9500000 4.62482
9510000 4.59668
9520000 6.53262
9530000 5.25514
9540000 6.96389
9550000 4.86599
9560000 4.72126
9570000 6.12496
9580000 5.23101
9590000 4.91112
9600000 4.67397
9610000 4.62986
9620000 4.6034
9630000 6.56253
9640000 5.24844
9650000 6.92133
9660000 4.88709
9670000 4.7165
9680000 6.19672
9690000 5.31891
9700000 4.90963
9710000 4.67165
9720000 4.55397
9730000 4.5922
9740000 4.60495
9750000 5.61332
9760000 6.92687
9770000 4.97244
9780000 4.73534
9790000 7.04964
9800000 5.31365
9810000 4.94655
9820000 4.6634
9830000 4.55384
9840000 4.59509
9850000 4.59297
9860000 5.62399
9870000 6.92645
9880000 4.96874
9890000 4.78267
9900000 7.0544
9910000 5.55386
9920000 4.95704
9930000 4.66388
9940000 4.55349
9950000 4.59062
9960000 4.63589
9970000 6.07754
9980000 6.94412
9990000 4.98467
10000000 4.81837
