10000 106.876
20000 37.8774
30000 24.1447
40000 16.7565
50000 19.6739
60000 12.7568
70000 11.4576
80000 11.0435
90000 10.0762
100000 9.32984
110000 24.8308
120000 11.201
130000 9.00303
140000 8.7359
150000 9.07231
160000 8.35816
170000 8.13793
180000 8.05597
190000 7.94033
200000 8.29
210000 8.3102
220000 11.3348
230000 9.83212
240000 14.8518
250000 10.7751
260000 8.87003
270000 16.8239
280000 11.8195
290000 9.04138
300000 8.70407
310000 8.60625
320000 7.81523
330000 24.3799
340000 12.7099
350000 8.03263
360000 7.83519
370000 8.19702
380000 7.51855
390000 7.32963
400000 7.26687
410000 7.21649
420000 7.75541
430000 7.70022
440000 10.881
450000 9.3581
460000 14.428
470000 12.6664
480000 8.52403
490000 16.3533
500000 11.8017
510000 8.71914
520000 8.49954
530000 8.16446
540000 7.48395
550000 15.3305
560000 12.5982
570000 8.17342
580000 7.66472
590000 7.9309
600000 7.34893
610000 7.11451
620000 7.06302
630000 7.00683
640000 7.60478
650000 7.51251
660000 9.35426
670000 10.3436
680000 14.4746
690000 12.5637
700000 8.54995
710000 7.97571
720000 11.744
730000 8.57647
740000 8.49923
750000 8.01042
760000 7.35863
770000 15.27
780000 13.7756
790000 8.11782
800000 7.61727
810000 7.7985
820000 7.15561
830000 6.9591
840000 6.98513
850000 6.89536
860000 7.53415
870000 7.41521
880000 9.28922
890000 9.76697
900000 14.2574
910000 9.65466
920000 8.47375
930000 7.85353
940000 11.7671
950000 8.60088
960000 7.8767
970000 7.88804
980000 7.3323
990000 15.4041
1000000 13.6726
1010000 8.01055
1020000 7.53119
1030000 8.39163
1040000 7.13143
1050000 6.8479
1060000 6.94293
1070000 6.79978
1080000 7.46884
1090000 7.28373
1100000 9.24405
1110000 9.60142
1120000 17.8092
1130000 9.59957
1140000 8.94233
1150000 8.43128
1160000 11.6627
1170000 8.36637
1180000 7.83022
1190000 7.96006
1200000 7.2057
1210000 15.4025
1220000 14.0736
1230000 7.9802
1240000 7.47843
1250000 8.50343
1260000 7.14871
1270000 6.83453
1280000 6.97379
1290000 6.78503
1300000 7.45918
1310000 7.22036
1320000 7.28984
1330000 9.51098
1340000 18.0109
1350000 9.41072
1360000 8.9129
1370000 8.34532
1380000 16.3722
1390000 8.19114
1400000 7.77704
1410000 8.33282
1420000 7.1892
1430000 15.3802
1440000 11.6022
1450000 8.55084
1460000 7.40161
1470000 8.41319
1480000 7.16322
1490000 6.96238
1500000 6.9422
1510000 6.75407
1520000 6.83027
1530000 7.23945
1540000 7.27939
1550000 9.50035
1560000 11.1076
1570000 9.36726
1580000 9.89343
1590000 8.33149
1600000 16.3177
1610000 8.02927
1620000 8.25902
1630000 8.28091
1640000 7.33818
1650000 26.5501
1660000 14.5685
1670000 9.75687
1680000 7.35301
1690000 7.1989
1700000 7.37846
1710000 6.97566
1720000 6.76336
1730000 6.75443
1740000 6.76274
1750000 7.22542
1760000 7.26178
1770000 9.5399
1780000 7.5059
1790000 9.36991
1800000 9.76269
1810000 8.04593
1820000 16.259
1830000 8.83929
1840000 8.31098
1850000 8.28055
1860000 7.56421
1870000 7.0155
1880000 24.1036
1890000 9.75535
1900000 7.37032
1910000 7.24017
1920000 7.68161
1930000 6.94633
1940000 6.78898
1950000 6.70971
1960000 6.74642
1970000 7.24633
1980000 7.26024
1990000 10.6129
2000000 8.83468
2010000 14.2924
2020000 9.97439
2030000 8.05495
2040000 16.3373
2050000 11.2331
2060000 8.39738
2070000 8.0129
2080000 7.923
2090000 6.95835
2100000 24.1308
2110000 12.2886
2120000 7.44728
2130000 7.26171
2140000 7.65657
2150000 6.94613
2160000 6.78805
2170000 6.69293
2180000 6.70656
2190000 7.27164
2200000 7.22033
2210000 10.5312
2220000 8.94356
2230000 14.1465
2240000 12.313
2250000 8.10451
2260000 16.0859
2270000 11.4865
2280000 8.37634
2290000 8.13248
2300000 7.77756
2310000 7.03632
2320000 15.1531
2330000 12.3466
2340000 7.87172
2350000 7.33201
2360000 7.67708
2370000 6.9629
2380000 6.76309
2390000 6.72921
2400000 6.68765
2410000 7.29102
2420000 7.21582
2430000 9.10221
2440000 8.98232
2450000 14.2872
2460000 12.3171
2470000 8.26968
2480000 7.68515
2490000 11.5293
2500000 8.34658
2510000 8.28156
2520000 7.75108
2530000 7.04376
2540000 15.1458
2550000 13.6122
2560000 7.91274
2570000 7.37324
2580000 7.56246
2590000 6.89604
2600000 6.6995
2610000 6.72719
2620000 6.67871
2630000 7.32442
2640000 7.20536
2650000 9.10161
2660000 9.57216
2670000 14.1148
2680000 9.42603
2690000 8.27537
2700000 7.65139
2710000 11.6045
2720000 8.42782
2730000 7.69218
2740000 7.68361
2750000 7.09824
2760000 15.3135
2770000 13.5518
2780000 7.85484
2790000 7.36679
2800000 8.21515
2810000 6.95086
2820000 6.66893
2830000 6.76538
2840000 6.62996
2850000 7.30584
2860000 7.11843
2870000 9.09692
2880000 9.45524
2890000 17.7194
2900000 9.41798
2910000 8.78656
2920000 8.25972
2930000 11.5265
2940000 8.2233
2950000 7.68469
2960000 7.80319
2970000 7.04751
2980000 15.3352
2990000 13.9724
3000000 7.85363
3010000 7.34393
3020000 8.41594
3030000 7.00514
3040000 6.69651
3050000 6.85418
3060000 6.64155
3070000 7.30644
3080000 7.08904
3090000 7.14385
3100000 9.40311
3110000 17.9352
3120000 9.30075
3130000 8.77241
3140000 8.20683
3150000 16.2824
3160000 8.2635
3170000 7.65107
3180000 8.22316
3190000 7.04374
3200000 15.3247
3210000 11.5127
3220000 8.44282
3230000 7.27914
3240000 8.29933
3250000 7.04742
3260000 6.85047
3270000 6.84816
3280000 6.64218
3290000 6.7236
3300000 7.1113
3310000 7.1598
3320000 9.40778
3330000 11.022
3340000 9.26006
3350000 9.79501
3360000 8.21206
3370000 16.245
3380000 7.91448
3390000 8.16014
3400000 8.19602
3410000 7.21185
3420000 26.5142
3430000 14.503
3440000 8.78828
3450000 7.24842
3460000 7.10025
3470000 7.2254
3480000 6.88229
3490000 6.68909
3500000 6.6491
3510000 6.6792
3520000 7.12762
3530000 7.16373
3540000 9.47054
3550000 7.42626
3560000 9.27898
3570000 9.67143
3580000 7.94538
3590000 16.2294
3600000 8.74948
3610000 8.22279
3620000 8.1971
3630000 7.46142
3640000 6.90893
3650000 24.052
3660000 9.67207
3670000 7.28399
3680000 7.16215
3690000 7.60106
3700000 6.86342
3710000 6.69969
3720000 6.61892
3730000 6.66151
3740000 7.1641
3750000 7.17011
3760000 10.4989
3770000 8.77692
3780000 14.2354
3790000 9.88693
3800000 7.96665
3810000 16.287
3820000 11.1594
3830000 8.3306
3840000 7.93945
3850000 7.83978
3860000 6.86869
3870000 24.0661
3880000 12.2162
3890000 7.364
3900000 7.18452
3910000 7.58723
3920000 6.86712
3930000 6.75016
3940000 6.61478
3950000 6.63789
3960000 7.19905
3970000 7.13841
3980000 10.4752
3990000 8.89506
4000000 14.0972
4010000 12.241
4020000 8.03262
4030000 16.2754
4040000 11.4254
4050000 8.31884
4060000 8.07166
4070000 7.70504
4080000 6.95344
4090000 15.1211
4100000 12.282
4110000 7.82009
4120000 7.23955
4130000 7.61276
4140000 6.88878
4150000 6.69978
4160000 6.66273
4170000 6.62777
4180000 7.2272
4190000 7.13412
4200000 9.04007
4210000 8.94052
4220000 14.2392
4230000 12.2497
4240000 8.19178
4250000 7.61059
4260000 11.4739
4270000 8.3127
4280000 8.23212
4290000 7.68429
4300000 6.96994
4310000 15.1248
4320000 13.5703
4330000 7.8631
4340000 7.30161
4350000 7.50383
4360000 6.88347
4370000 6.64047
4380000 6.66641
4390000 6.61915
4400000 7.23602
4410000 7.14634
4420000 9.04018
4430000 9.51635
4440000 14.07
4450000 9.34909
4460000 8.21879
4470000 7.58179
4480000 11.5519
4490000 8.31247
4500000 7.6361
4510000 7.62525
4520000 7.03605
4530000 15.2901
4540000 13.5181
4550000 7.80753
4560000 7.31644
4570000 8.1623
4580000 6.89457
4590000 6.62711
4600000 6.72273
4610000 6.58976
4620000 7.24672
4630000 7.06128
4640000 9.04447
4650000 9.41288
4660000 17.6906
4670000 9.34678
4680000 8.73023
4690000 8.19853
4700000 11.4837
4710000 8.1788
4720000 7.63216
4730000 7.75457
4740000 6.97656
4750000 15.3148
4760000 13.5186
4770000 7.80055
4780000 7.29647
4790000 8.36267
4800000 6.95498
4810000 6.6491
4820000 6.82595
4830000 6.58656
4840000 7.25096
4850000 7.04376
4860000 7.09381
4870000 9.36493
4880000 17.9075
4890000 9.26198
4900000 8.72651
4910000 8.15564
4920000 16.2567
4930000 8.22241
4940000 7.60253
4950000 8.1576
4960000 6.99028
4970000 15.302
4980000 11.4793
4990000 8.39443
5000000 7.2341
5010000 8.26379
5020000 6.99667
5030000 6.81678
5040000 6.8231
5050000 6.59374
5060000 7.28169
5070000 7.06841
5080000 7.11563
5090000 9.37005
5100000 10.9906
5110000 9.21294
5120000 9.75312
5130000 8.1654
5140000 16.1949
5150000 7.86983
5160000 8.12089
5170000 8.16247
5180000 7.12032
5190000 26.5049
5200000 14.4753
5210000 8.74854
5220000 7.20761
5230000 7.05574
5240000 7.0219
5250000 6.8356
5260000 6.6672
5270000 6.60457
5280000 6.64548
5290000 7.08594
5300000 7.12627
5310000 9.44109
5320000 7.39961
5330000 9.24157
5340000 9.63132
5350000 7.90224
5360000 16.2022
5370000 8.71078
5380000 8.18523
5390000 8.16506
5400000 7.41809
5410000 6.85739
5420000 24.0338
5430000 9.64483
5440000 7.24619
5450000 7.1283
5460000 7.57268
5470000 6.83147
5480000 6.67021
5490000 6.58375
5500000 6.62666
5510000 7.13044
5520000 7.12905
5530000 10.4681
5540000 8.75297
5550000 14.2091
5560000 9.84377
5570000 7.92385
5580000 16.2632
5590000 11.1275
5600000 8.30144
5610000 7.90591
5620000 7.79864
5630000 6.82924
5640000 24.0502
5650000 12.1873
5660000 7.32715
5670000 7.15226
5680000 7.57236
5690000 6.83703
5700000 6.66724
5710000 6.57029
5720000 6.60948
5730000 7.15771
5740000 7.10354
5750000 10.4639
5760000 8.6499
5770000 14.0725
5780000 12.2054
5790000 7.99685
5800000 16.2519
5810000 11.3964
5820000 8.295
5830000 8.04416
5840000 7.67092
5850000 6.91268
5860000 15.1072
5870000 12.2677
5880000 7.79667
5890000 7.2079
5900000 7.57849
5910000 6.84955
5920000 6.67296
5930000 6.65823
5940000 6.59806
5950000 7.19535
5960000 7.10377
5970000 9.016
5980000 8.92174
5990000 14.2201
6000000 12.2131
6010000 8.1533
6020000 7.57652
6030000 11.4469
6040000 8.29221
6050000 8.20952
6060000 7.67679
6070000 6.9347
6080000 15.1141
6090000 13.5499
6100000 7.84524
6110000 7.27939
6120000 7.4771
6130000 6.85197
6140000 6.61637
6150000 6.64134
6160000 6.58899
6170000 7.20812
6180000 7.11216
6190000 9.0124
6200000 9.48806
6210000 14.0497
6220000 9.30695
6230000 8.18979
6240000 7.54852
6250000 11.5269
6260000 8.28985
6270000 7.60699
6280000 7.5938
6290000 7.00154
6300000 15.2776
6310000 13.5
6320000 7.81284
6330000 7.28847
6340000 8.15453
6350000 6.86637
6360000 6.6052
6370000 6.70148
6380000 6.5655
6390000 7.21856
6400000 7.03328
6410000 9.01771
6420000 9.3998
6430000 17.6753
6440000 9.30501
6450000 8.70046
6460000 8.16558
6470000 11.458
6480000 8.16805
6490000 7.61104
6500000 7.72641
6510000 6.96645
6520000 15.3105
6530000 13.5013
6540000 7.77201
6550000 7.26919
6560000 8.37637
6570000 6.92558
6580000 6.61953
6590000 6.80979
6600000 6.5627
6610000 7.22157
6620000 7.02211
6630000 7.06643
6640000 9.35561
6650000 17.916
6660000 9.2259
6670000 8.69601
6680000 8.12584
6690000 16.2413
6700000 8.20283
6710000 7.5765
6720000 8.13025
6730000 6.96105
6740000 15.2903
6750000 11.4576
6760000 8.36994
6770000 7.20524
6780000 8.23819
6790000 6.96962
6800000 6.80029
6810000 6.81608
6820000 6.569
6830000 7.24805
6840000 7.04668
6850000 7.09354
6860000 9.35023
6870000 10.9741
6880000 9.19237
6890000 9.73276
6900000 8.13586
6910000 16.1919
6920000 7.84494
6930000 8.09647
6940000 8.14449
6950000 6.96487
6960000 26.4984
6970000 14.461
6980000 8.72404
6990000 7.18628
7000000 7.03618
7010000 6.99786
7020000 6.81556
7030000 6.65018
7040000 6.57339
7050000 6.62054
7060000 7.0654
7070000 7.10542
7080000 9.42838
7090000 7.4363
7100000 9.21776
7110000 9.60631
7120000 7.88081
7130000 16.1886
7140000 8.69214
7150000 8.16578
7160000 8.15315
7170000 7.39165
7180000 6.83333
7190000 24.0178
7200000 9.63643
7210000 7.2307
7220000 7.10835
7230000 7.27942
7240000 6.81262
7250000 6.65335
7260000 6.56414
7270000 6.60979
7280000 7.09656
7290000 7.10837
7300000 10.4485
7310000 8.73952
7320000 14.1966
7330000 9.81599
7340000 7.9018
7350000 16.2495
7360000 11.1108
7370000 8.2846
7380000 7.88966
7390000 7.75888
7400000 6.81047
7410000 24.0441
7420000 12.1661
7430000 7.3066
7440000 7.1365
7450000 7.559
7460000 6.82149
7470000 6.65482
7480000 6.55254
7490000 6.59507
7500000 7.13961
7510000 7.08556
7520000 10.4456
7530000 8.63436
7540000 14.0568
7550000 12.1858
7560000 7.94462
7570000 16.2385
7580000 11.3789
7590000 8.28506
7600000 8.02277
7610000 7.64398
7620000 6.88974
7630000 15.0989
7640000 12.2524
7650000 7.78476
7660000 7.17351
7670000 7.55939
7680000 6.83277
7690000 6.6572
7700000 6.64236
7710000 6.58421
7720000 7.17778
7730000 7.08663
7740000 9.00237
7750000 8.90984
7760000 14.2018
7770000 12.1974
7780000 8.13146
7790000 7.55492
7800000 11.4288
7810000 8.28662
7820000 8.2002
7830000 7.65338
7840000 6.91229
7850000 15.1084
7860000 13.5387
7870000 7.8276
7880000 7.26138
7890000 7.46105
7900000 6.82658
7910000 6.60765
7920000 6.62517
7930000 6.57296
7940000 7.18997
7950000 7.09551
7960000 8.99812
7970000 9.47057
7980000 14.0329
7990000 9.28073
8000000 8.16923
8010000 7.54957
8020000 11.4123
8030000 8.27628
8040000 7.58816
8050000 7.57576
8060000 6.98118
8070000 15.2534
8080000 13.4156
8090000 7.79838
8100000 7.27303
8110000 8.13832
8120000 6.84813
8130000 6.59189
8140000 6.69426
8150000 6.54916
8160000 7.20134
8170000 7.01743
8180000 9.00147
8190000 9.3844
8200000 17.6665
8210000 9.27975
8220000 8.68441
8230000 8.14497
8240000 11.4412
8250000 8.20085
8260000 7.59366
8270000 7.71022
8280000 6.94784
8290000 15.3033
8300000 13.4909
8310000 7.76198
8320000 7.26042
8330000 8.35771
8340000 6.9191
8350000 6.60867
8360000 6.80141
8370000 6.55004
8380000 7.2015
8390000 7.00923
8400000 7.05611
8410000 9.34095
8420000 17.8518
8430000 9.20432
8440000 8.68126
8450000 8.10553
8460000 16.2271
8470000 8.19123
8480000 7.55864
8490000 8.11612
8500000 6.94443
8510000 15.2826
8520000 11.4442
8530000 8.35261
8540000 7.18644
8550000 8.22437
8560000 6.952
8570000 6.79088
8580000 6.79689
8590000 6.5543
8600000 7.23137
8610000 7.03557
8620000 7.08021
8630000 9.33407
8640000 10.967
8650000 9.17224
8660000 9.72484
8670000 8.1188
8680000 16.1781
8690000 7.82985
8700000 7.49078
8710000 8.12655
8720000 6.9503
8730000 26.5238
8740000 14.4525
8750000 8.7099
8760000 7.21035
8770000 7.02429
8780000 6.98324
8790000 6.80465
8800000 6.64705
8810000 6.5571
8820000 6.64092
8830000 7.05169
8840000 7.09431
8850000 9.38799
8860000 7.42954
8870000 9.20351
8880000 9.58795
8890000 7.86381
8900000 16.1824
8910000 8.68964
8920000 8.15706
8930000 8.13922
8940000 7.37415
8950000 6.81677
8960000 24.0106
8970000 9.62006
8980000 7.21701
8990000 7.09541
9000000 7.26472
9010000 6.80182
9020000 6.64126
9030000 6.55279
9040000 6.59915
9050000 7.08272
9060000 7.09907
9070000 10.4357
9080000 8.76024
9090000 14.1865
9100000 9.79727
9110000 7.88982
9120000 16.2096
9130000 11.097
9140000 8.17007
9150000 7.8788
9160000 7.74455
9170000 6.79405
9180000 24.0374
9190000 12.1532
9200000 7.29176
9210000 7.12528
9220000 7.54635
9230000 6.81141
9240000 6.64932
9250000 6.54398
9260000 6.58339
9270000 7.13002
9280000 7.0759
9290000 10.433
9300000 8.61323
9310000 14.0474
9320000 12.1693
9330000 7.92511
9340000 16.2326
9350000 11.3751
9360000 8.2769
9370000 7.89474
9380000 7.62774
9390000 6.87447
9400000 15.1024
9410000 12.141
9420000 7.77233
9430000 7.15952
9440000 7.54703
9450000 6.82358
9460000 6.64875
9470000 6.63375
9480000 6.57319
9490000 7.16602
9500000 7.07488
9510000 8.99084
9520000 8.89906
9530000 14.0996
9540000 12.1852
9550000 8.11703
9560000 7.54047
9570000 11.4178
9580000 8.29766
9590000 8.19403
9600000 7.63781
9610000 6.87239
9620000 15.1043
9630000 13.532
9640000 7.82845
9650000 7.25086
9660000 7.44213
9670000 6.81344
9680000 6.59847
9690000 6.61756
9700000 6.55922
9710000 7.16097
9720000 7.08994
9730000 8.98404
9740000 9.45191
9750000 14.0238
9760000 9.2605
9770000 8.15523
9780000 7.53918
9790000 11.3983
9800000 8.26657
9810000 7.5745
9820000 7.56241
9830000 6.96935
9840000 15.2489
9850000 13.4048
9860000 7.78888
9870000 7.26157
9880000 8.16478
9890000 6.83426
9900000 6.5834
9910000 6.68489
9920000 6.55074
9930000 7.19029
9940000 7.00665
9950000 8.98827
9960000 9.37423
9970000 14.047
9980000 9.26164
9990000 8.66817
10000000 8.12592
10010000 11.4304
10020000 8.25611
10030000 7.59517
10040000 7.70011
10050000 6.93227
10060000 15.2982
10070000 13.485
10080000 7.75256
10090000 7.25876
10100000 8.34374
10110000 6.90679
10120000 6.60155
10130000 6.79607
10140000 6.54134
10150000 7.19527
10160000 7.00003
10170000 7.04863
10180000 9.33986
10190000 17.7037
10200000 9.16781
10210000 8.6658
10220000 8.09268
10230000 16.1964
10240000 8.18298
10250000 7.54703
10260000 8.10766
10270000 6.92762
10280000 15.279
10290000 11.4344
10300000 8.34111
10310000 7.17424
10320000 8.21817
10330000 6.93841
10340000 6.78662
10350000 6.78676
10360000 6.54178
10370000 7.21722
10380000 7.02545
10390000 7.0729
10400000 9.32431
10410000 17.8973
10420000 9.15675
10430000 9.71379
10440000 8.10569
10450000 16.1688
10460000 7.81872
10470000 7.44863
10480000 8.11701
10490000 6.93542
10500000 26.5194
10510000 14.4451
10520000 8.69766
10530000 7.20223
10540000 7.01711
10550000 6.97088
10560000 6.79696
10570000 6.63888
10580000 6.54881
10590000 6.62975
10600000 7.04064
10610000 7.08861
10620000 9.38035
10630000 7.4268
10640000 9.19225
10650000 9.57364
10660000 7.84023
10670000 16.1658
10680000 8.6775
10690000 8.14719
10700000 8.13283
10710000 7.41052
10720000 26.5503
10730000 24.0033
10740000 9.60938
10750000 7.20652
10760000 7.08887
10770000 7.25369
10780000 6.79416
10790000 6.65132
10800000 6.54389
10810000 6.58498
10820000 7.0741
10830000 7.09169
10840000 10.4578
10850000 8.75441
10860000 14.1783
10870000 9.79252
10880000 7.88043
10890000 16.2028
10900000 11.088
10910000 8.16204
10920000 7.87025
10930000 7.73359
10940000 6.78551
10950000 24.0371
10960000 12.1461
10970000 7.27893
10980000 7.11896
10990000 7.53619
11000000 6.78871
11010000 6.6414
11020000 6.53963
11030000 6.57438
11040000 7.12058
11050000 7.07074
11060000 10.4274
11070000 8.60651
11080000 14.0394
11090000 12.1573
11100000 7.9103
11110000 16.2254
11120000 11.3635
11130000 8.26975
11140000 7.88677
11150000 7.61865
11160000 6.86387
11170000 15.0989
11180000 12.1326
11190000 7.76745
11200000 7.15053
11210000 7.5397
11220000 6.82256
11230000 6.64361
11240000 6.62638
11250000 6.56702
11260000 7.1599
11270000 7.07371
11280000 8.9743
11290000 8.8926
11300000 14.0915
11310000 12.1727
11320000 8.11207
11330000 7.53251
11340000 11.41
11350000 8.29401
11360000 8.19262
11370000 7.62717
11380000 6.86141
11390000 15.117
11400000 13.5236
11410000 7.82573
11420000 7.24354
11430000 7.43326
11440000 6.80686
11450000 6.59514
11460000 6.61315
11470000 6.54717
11480000 7.15449
11490000 7.08474
11500000 8.97603
11510000 9.45335
11520000 14.0168
11530000 9.24723
11540000 8.1432
11550000 7.52968
11560000 11.3901
11570000 8.26037
11580000 7.56761
11590000 7.55467
11600000 6.90458
11610000 15.2456
11620000 13.3989
11630000 7.78387
11640000 7.25227
11650000 8.15519
11660000 6.83368
11670000 6.60806
11680000 6.67998
11690000 6.54519
11700000 7.17907
11710000 7.00075
11720000 8.9813
11730000 9.36641
11740000 14.0404
11750000 9.24506
11760000 8.63971
11770000 7.53455
11780000 11.4239
11790000 8.26133
11800000 7.58539
11810000 7.69281
11820000 6.92056
11830000 15.2944
11840000 13.4788
11850000 7.74336
11860000 7.25555
11870000 8.3336
11880000 6.85524
11890000 6.59962
11900000 6.79057
11910000 6.53467
11920000 7.1891
11930000 6.99684
11940000 7.04682
11950000 9.33561
11960000 17.7036
11970000 9.15157
11980000 8.64531
11990000 8.0829
12000000 16.193
12010000 8.16919
12020000 7.53816
12030000 8.10178
12040000 6.9178
12050000 15.2732
12060000 11.4267
12070000 8.33734
12080000 7.22006
12090000 8.21046
12100000 6.92882
12110000 6.78141
12120000 6.77115
12130000 6.53688
12140000 7.20855
12150000 7.01705
12160000 7.06183
12170000 9.31404
12180000 17.8935
12190000 9.14176
12200000 9.70507
12210000 8.09692
12220000 16.1649
12230000 7.80448
12240000 7.47874
12250000 8.11096
12260000 6.93091
12270000 26.516
12280000 14.4416
12290000 8.5399
12300000 7.19622
12310000 7.01229
12320000 6.96543
12330000 6.78993
12340000 6.63132
12350000 6.54223
12360000 6.62099
12370000 7.03127
12380000 7.08822
12390000 9.32669
12400000 7.42017
12410000 9.18511
12420000 9.56364
12430000 7.8168
12440000 16.1608
12450000 8.669
12460000 8.14077
12470000 8.12802
12480000 7.1573
12490000 26.539
12500000 24.0029
12510000 9.59254
12520000 7.19602
12530000 7.08191
12540000 7.24698
12550000 6.78842
12560000 6.64519
12570000 6.53832
12580000 6.57646
12590000 7.06079
12600000 7.08562
12610000 10.4539
12620000 8.75194
12630000 14.1726
12640000 9.78645
12650000 7.86886
12660000 16.2129
12670000 11.082
12680000 8.1568
12690000 7.87794
12700000 7.72801
12710000 6.77302
12720000 24.0351
12730000 12.141
12740000 7.27632
12750000 7.11257
12760000 7.52553
12770000 6.78267
12780000 6.63745
12790000 6.52376
12800000 6.57414
12810000 7.11927
12820000 7.06626
12830000 10.4204
12840000 8.56586
12850000 14.0345
12860000 12.1489
12870000 7.90594
12880000 16.2225
12890000 11.3523
12900000 8.2656
12910000 7.88093
12920000 7.61135
12930000 6.85654
12940000 15.0967
12950000 12.1217
12960000 7.75994
12970000 7.14321
12980000 7.52095
12990000 6.80884
13000000 6.63955
13010000 6.62312
13020000 6.56659
13030000 7.15591
13040000 7.07189
13050000 8.98244
13060000 8.8921
13070000 14.0856
13080000 12.163
13090000 8.1013
13100000 7.53231
13110000 11.4033
13120000 8.28949
13130000 8.1887
13140000 7.61902
13150000 6.85084
13160000 15.1127
13170000 13.5202
13180000 7.79542
13190000 7.2346
13200000 7.42996
13210000 6.80213
13220000 6.59511
13230000 6.61373
13240000 6.54351
13250000 7.14869
13260000 7.08015
13270000 8.97172
13280000 9.44106
13290000 14.0111
13300000 9.24129
13310000 8.13406
13320000 7.52734
13330000 11.3839
13340000 8.25547
13350000 9.03444
13360000 7.54703
13370000 6.8997
13380000 15.2433
13390000 13.394
13400000 7.78207
13410000 7.2463
13420000 8.14267
13430000 6.82875
13440000 6.60478
13450000 6.67606
13460000 6.54295
13470000 7.17285
13480000 6.99941
13490000 8.97655
13500000 9.35924
13510000 14.0356
13520000 9.23302
13530000 8.63435
13540000 7.54062
13550000 11.4177
13560000 8.25535
13570000 7.57909
13580000 7.68723
13590000 6.91333
13600000 15.2899
13610000 13.4744
13620000 7.73684
13630000 7.24916
13640000 8.32467
13650000 6.80489
13660000 6.5959
13670000 6.70437
13680000 6.53365
13690000 7.18499
13700000 7.00188
13710000 7.04294
13720000 9.34432
13730000 17.6991
13740000 9.13814
13750000 8.63808
13760000 8.07508
13770000 16.1915
13780000 8.16359
13790000 7.53139
13800000 8.09328
13810000 6.91118
13820000 15.2703
13830000 11.413
13840000 8.33376
13850000 7.21043
13860000 8.21204
13870000 6.92545
13880000 6.76628
13890000 6.7768
13900000 6.53271
13910000 7.20282
13920000 7.01385
13930000 7.05805
13940000 9.31116
13950000 17.8914
13960000 9.1194
13970000 9.70158
13980000 8.0859
13990000 16.159
14000000 7.79857
14010000 7.4709
14020000 8.1037
14030000 6.92274
14040000 26.515
14050000 14.4384
14060000 8.53227
14070000 7.18685
14080000 7.00725
14090000 6.96261
14100000 6.76075
14110000 6.62857
14120000 6.53795
14130000 6.61846
14140000 7.02607
14150000 7.08554
14160000 9.32037
14170000 7.41794
14180000 9.18134
14190000 9.55661
14200000 7.81254
14210000 16.157
14220000 8.66708
14230000 8.13585
14240000 8.12197
14250000 7.15196
14260000 26.5381
14270000 23.9995
14280000 9.58625
14290000 7.18776
14300000 7.07674
14310000 7.23772
14320000 6.78521
14330000 6.60547
14340000 6.53526
14350000 6.57384
14360000 7.05914
14370000 7.08293
14380000 10.4769
14390000 8.74144
14400000 14.1682
14410000 9.77987
14420000 7.85647
14430000 16.1621
14440000 11.0783
14450000 8.15179
14460000 7.87343
14470000 7.72234
14480000 6.76863
14490000 24.0312
14500000 12.1363
14510000 7.27321
14520000 7.10667
14530000 7.51786
14540000 6.77882
14550000 6.6416
14560000 6.52099
14570000 6.56244
14580000 7.11415
14590000 7.06178
14600000 10.417
14610000 8.5629
14620000 14.0298
14630000 12.1424
14640000 7.89951
14650000 16.2147
14660000 11.3479
14670000 8.26051
14680000 7.87391
14690000 7.5675
14700000 6.84879
14710000 15.0943
14720000 12.1159
14730000 7.75049
14740000 7.13451
14750000 7.5156
14760000 6.80424
14770000 6.63605
14780000 6.61989
14790000 6.56339
14800000 7.14995
14810000 7.07182
14820000 8.97455
14830000 8.88841
14840000 14.0818
14850000 12.1569
14860000 8.07274
14870000 7.52963
14880000 11.3957
14890000 8.28714
14900000 8.03541
14910000 7.61019
14920000 6.84699
14930000 15.1109
14940000 13.5038
14950000 7.78888
14960000 7.23134
14970000 7.42553
14980000 6.79555
14990000 6.59235
15000000 6.6119
15010000 6.53494
15020000 7.145
15030000 7.08079
15040000 8.96829
15050000 9.43002
15060000 14.0051
15070000 9.22625
15080000 8.12494
15090000 7.52149
15100000 11.377
15110000 8.25418
15120000 9.03253
15130000 7.54067
15140000 6.90243
15150000 15.2382
15160000 13.3908
15170000 7.77651
15180000 7.23748
15190000 8.13911
15200000 6.82213
15210000 6.60307
15220000 6.65831
15230000 6.55367
15240000 7.16113
15250000 6.99658
15260000 8.97038
15270000 9.34503
15280000 14.0319
15290000 9.21785
15300000 8.65468
15310000 7.53753
15320000 11.4109
15330000 8.24902
15340000 7.57335
15350000 7.68442
15360000 6.90618
15370000 15.2874
15380000 13.5025
15390000 7.73694
15400000 7.24533
15410000 8.31904
15420000 6.79911
15430000 6.59428
15440000 6.68547
15450000 6.52983
15460000 7.17989
15470000 6.99267
15480000 7.04505
15490000 9.33938
15500000 17.6963
15510000 9.1236
15520000 8.63402
15530000 8.06229
15540000 16.1882
15550000 8.16658
15560000 7.52648
15570000 7.68275
15580000 6.90522
15590000 15.2678
15600000 11.4088
15610000 8.32971
15620000 7.20652
15630000 8.20542
15640000 6.92108
15650000 6.77107
15660000 6.77223
15670000 6.52789
15680000 7.19752
15690000 7.01045
15700000 7.05721
15710000 9.3018
15720000 17.8902
15730000 9.11206
15740000 9.69947
15750000 8.08026
15760000 16.156
15770000 7.79414
15780000 7.46433
15790000 8.09927
15800000 6.9136
15810000 26.5143
15820000 13.2417
15830000 8.51697
15840000 7.18282
15850000 7.00757
15860000 6.92885
15870000 6.75868
15880000 6.62476
15890000 6.53464
15900000 6.61548
15910000 7.01999
15920000 7.07416
15930000 9.31485
15940000 7.41524
15950000 9.17299
15960000 9.5512
15970000 7.87936
15980000 16.153
15990000 8.66076
16000000 8.14009
16010000 8.11809
16020000 7.09194
16030000 26.5357
16040000 23.9857
16050000 9.5502
16060000 7.18163
16070000 7.07783
16080000 7.23312
16090000 6.77995
16100000 6.60579
16110000 6.53185
16120000 6.57083
16130000 7.0561
16140000 7.08226
16150000 10.4733
16160000 7.30908
16170000 14.1797
16180000 9.76101
16190000 7.85451
16200000 16.1546
16210000 11.0722
16220000 8.14754
16230000 7.87107
16240000 7.71822
16250000 6.76305
16260000 24.0302
16270000 12.1325
16280000 7.26471
16290000 7.10333
16300000 7.51262
16310000 6.77521
16320000 6.63858
16330000 6.5181
16340000 6.55943
16350000 7.11019
16360000 7.05438
16370000 10.4199
16380000 8.55965
16390000 14.0257
16400000 12.138
16410000 7.89775
16420000 16.2123
16430000 11.389
16440000 8.25782
16450000 7.87342
16460000 7.56281
16470000 6.84296
16480000 15.0914
16490000 12.1123
16500000 7.74137
16510000 7.13145
16520000 7.51386
16530000 6.79934
16540000 6.63296
16550000 6.61492
16560000 6.56118
16570000 7.14253
16580000 7.06721
16590000 8.97233
16600000 8.88742
16610000 14.0784
16620000 12.1512
16630000 8.05999
16640000 7.52531
16650000 11.3911
16660000 8.28677
16670000 8.03086
16680000 7.60495
16690000 6.8453
16700000 15.1053
16710000 13.5009
16720000 7.78512
16730000 7.20576
16740000 7.42267
16750000 6.79236
16760000 6.59
16770000 6.61189
16780000 6.5451
16790000 7.14463
16800000 7.08419
16810000 8.96369
16820000 10.8275
16830000 14.0015
16840000 9.22038
16850000 8.11271
16860000 7.51768
16870000 11.372
16880000 8.25327
16890000 9.03143
16900000 7.53514
16910000 6.89812
16920000 15.1568
16930000 13.3882
16940000 7.77048
16950000 7.23397
16960000 8.13054
16970000 6.81939
16980000 6.6011
16990000 6.65985
17000000 6.55309
17010000 7.15739
17020000 6.99831
17030000 8.9635
17040000 9.34045
17050000 14.0135
17060000 9.20613
17070000 8.62708
17080000 7.53357
17090000 11.4026
17100000 8.24298
17110000 7.58282
17120000 7.68273
17130000 6.90215
17140000 15.286
17150000 13.5002
17160000 7.73493
17170000 7.23757
17180000 8.31874
17190000 6.79609
17200000 6.59253
17210000 6.68467
17220000 6.52794
17230000 7.16553
17240000 6.99261
17250000 7.04236
17260000 9.33692
17270000 17.6958
17280000 9.11777
17290000 8.6557
17300000 8.07817
17310000 16.1914
17320000 8.16332
17330000 7.52195
17340000 7.67753
17350000 6.90253
17360000 15.2663
17370000 11.4056
17380000 7.86984
17390000 7.20352
17400000 8.20191
17410000 6.91571
17420000 6.76917
17430000 6.76852
17440000 6.52266
17450000 7.18794
17460000 7.00699
17470000 7.05669
17480000 9.29524
17490000 17.8869
17500000 9.10675
17510000 8.64732
17520000 8.07574
17530000 16.1528
17540000 7.79066
17550000 7.45806
17560000 8.09543
17570000 6.91585
17580000 26.5004
17590000 13.2391
17600000 8.51063
17610000 7.17841
17620000 7.00437
17630000 6.92141
17640000 6.76007
17650000 6.62698
17660000 6.53413
17670000 6.61033
17680000 7.01615
17690000 7.0733
17700000 9.31512
17710000 7.41218
17720000 9.16722
17730000 9.54602
17740000 7.87614
17750000 16.1668
17760000 8.47578
17770000 8.13577
17780000 8.12011
17790000 7.08445
17800000 26.5361
17810000 23.9917
17820000 9.54475
17830000 7.15623
17840000 7.07463
17850000 7.22895
17860000 6.77686
17870000 6.59845
17880000 6.51051
17890000 6.56762
17900000 7.05484
17910000 7.07999
17920000 10.4706
17930000 7.30703
17940000 14.175
17950000 9.75569
17960000 7.84544
17970000 16.1515
17980000 11.0682
17990000 8.14305
18000000 7.86942
18010000 7.62151
18020000 6.75914
18030000 24.0329
18040000 9.55903
18050000 7.25901
18060000 7.0996
18070000 7.51069
18080000 6.78742
18090000 6.64078
18100000 6.51389
18110000 6.55249
18120000 7.10909
18130000 7.05142
18140000 10.4301
18150000 8.55651
18160000 14.0263
18170000 12.1325
18180000 7.88619
18190000 16.2111
18200000 11.3851
18210000 8.25165
18220000 7.87053
18230000 7.55836
18240000 6.82207
18250000 15.0882
18260000 12.1247
18270000 7.73394
18280000 7.1241
18290000 7.50942
18300000 6.79759
18310000 6.63093
18320000 6.61277
18330000 6.55938
18340000 7.13888
18350000 7.06561
18360000 8.96406
18370000 8.88615
18380000 14.075
18390000 12.1431
18400000 8.05692
18410000 7.52468
18420000 11.3876
18430000 8.28579
18440000 8.02828
18450000 7.60501
18460000 6.84308
18470000 15.1046
18480000 12.23
18490000 7.77221
18500000 7.20249
18510000 7.42055
18520000 6.77815
18530000 6.58276
18540000 6.609
18550000 6.5423
18560000 7.13219
18570000 7.07781
18580000 8.95866
18590000 10.8264
18600000 13.9993
18610000 12.1213
18620000 8.11401
18630000 7.49589
18640000 11.3616
18650000 8.25122
18660000 9.03088
18670000 7.53155
18680000 6.89544
18690000 15.156
18700000 13.3871
18710000 7.76451
18720000 7.23253
18730000 8.12334
18740000 6.81292
18750000 6.6034
18760000 6.6426
18770000 6.55427
18780000 7.15512
18790000 6.99629
18800000 8.95962
18810000 9.33597
18820000 14.0111
18830000 9.20051
18840000 8.61138
18850000 7.52899
18860000 11.4037
18870000 8.24193
18880000 7.58026
18890000 7.67682
18900000 6.89511
18910000 15.2858
18920000 13.4989
18930000 7.72594
18940000 7.2348
18950000 8.31209
18960000 6.79543
18970000 6.58804
18980000 6.68692
18990000 6.52484
19000000 7.16328
19010000 6.98941
19020000 7.02526
19030000 9.33076
19040000 17.6948
19050000 9.13473
19060000 8.64741
19070000 8.0745
19080000 16.1876
19090000 8.14348
19100000 7.51828
19110000 7.67144
19120000 6.89462
19130000 15.2651
19140000 11.4029
19150000 7.86562
19160000 7.20319
19170000 8.19539
19180000 6.9127
19190000 6.76611
19200000 6.76279
19210000 6.52011
19220000 7.1852
19230000 7.00143
19240000 7.05389
19250000 9.29575
19260000 17.8829
19270000 9.10189
19280000 8.65151
19290000 8.07046
19300000 16.1505
19310000 7.78774
19320000 7.4518
19330000 8.09176
19340000 6.90988
19350000 26.4997
19360000 13.2372
19370000 8.51085
19380000 7.15511
19390000 7.00101
19400000 6.91845
19410000 6.75887
19420000 6.65634
19430000 6.53239
19440000 6.61344
19450000 7.01419
19460000 7.07794
19470000 9.30852
19480000 7.41117
19490000 9.1679
19500000 9.54111
19510000 7.86231
19520000 16.167
19530000 8.46892
19540000 8.08059
19550000 8.13897
19560000 7.07947
19570000 26.5342
19580000 23.9936
19590000 9.54148
19600000 7.15344
19610000 7.0456
19620000 7.22763
19630000 6.77432
19640000 6.55514
19650000 6.50695
19660000 6.5659
19670000 7.02893
19680000 7.08357
19690000 10.4564
19700000 7.30424
19710000 14.1732
19720000 9.75408
19730000 7.84167
19740000 16.1529
19750000 11.0654
19760000 8.13921
19770000 7.86845
19780000 7.61749
19790000 6.75577
19800000 24.0326
19810000 9.55441
19820000 7.25536
19830000 7.09672
19840000 7.50773
19850000 6.78662
19860000 6.63773
19870000 6.51352
19880000 6.54966
19890000 7.10408
19900000 7.0496
19910000 10.4465
19920000 8.55187
19930000 14.0332
19940000 12.1365
19950000 7.87618
19960000 16.2143
19970000 11.0915
19980000 8.24197
19990000 7.85926
20000000 7.55455
20010000 6.81938
20020000 15.0865
20030000 12.1363
20040000 7.73217
20050000 7.12104
20060000 7.50629
20070000 6.78226
20080000 6.63012
20090000 6.61218
20100000 6.55853
20110000 7.1331
20120000 7.06591
20130000 8.96491
20140000 8.88557
20150000 14.0724
20160000 12.1392
20170000 8.05476
20180000 7.52329
20190000 11.3856
20200000 8.27868
20210000 8.02332
20220000 7.60273
20230000 6.85669
20240000 15.1047
20250000 12.2278
20260000 7.76916
20270000 7.20054
20280000 7.41667
20290000 6.77531
20300000 6.63152
20310000 6.5993
20320000 6.54025
20330000 7.13336
20340000 7.08025
20350000 8.95197
20360000 10.8314
20370000 13.9971
20380000 12.1163
20390000 8.10907
20400000 7.49358
20410000 11.3526
20420000 8.2267
20430000 9.02799
20440000 7.53045
20450000 6.87866
20460000 15.1538
20470000 13.386
20480000 7.76161
20490000 7.22677
20500000 8.11801
20510000 6.80927
20520000 6.59513
20530000 6.65278
20540000 6.5515
20550000 7.1529
20560000 6.99538
20570000 8.95897
20580000 9.33074
20590000 14.0095
20600000 9.19354
20610000 8.61609
20620000 7.52519
20630000 11.4028
20640000 8.23141
20650000 7.57811
20660000 7.6558
20670000 6.89138
20680000 15.2846
20690000 13.4874
20700000 7.72145
20710000 7.23304
20720000 8.30921
20730000 6.80937
20740000 6.58312
20750000 6.68904
20760000 6.52131
20770000 7.15941
20780000 6.98592
20790000 7.02209
20800000 9.32828
20810000 17.694
20820000 9.13243
20830000 8.64403
20840000 8.07209
20850000 16.1858
20860000 8.1392
20870000 7.51591
20880000 7.66917
20890000 6.89099
20900000 15.2599
20910000 11.4046
20920000 7.86315
20930000 7.22403
20940000 8.1971
20950000 6.90665
20960000 6.76877
20970000 6.76358
20980000 6.5186
20990000 7.18372
21000000 6.99276
21010000 7.04786
21020000 9.29837
21030000 17.8849
21040000 9.09936
21050000 8.61639
21060000 8.06646
21070000 16.149
21080000 7.77113
21090000 7.44833
21100000 8.09004
21110000 6.89678
21120000 26.4982
21130000 11.4687
21140000 8.50433
21150000 7.16229
21160000 6.99654
21170000 6.91513
21180000 6.74077
21190000 6.66718
21200000 6.53019
21210000 6.56546
21220000 7.01526
21230000 7.07977
21240000 9.30585
21250000 7.40998
21260000 9.14866
21270000 9.53701
21280000 7.85785
21290000 16.1654
21300000 8.45914
21310000 8.05288
21320000 8.13653
21330000 7.07021
21340000 26.5277
21350000 23.9889
21360000 9.5377
21370000 7.1514
21380000 7.03904
21390000 7.22564
21400000 6.76972
21410000 6.55391
21420000 6.50575
21430000 6.56372
21440000 7.02437
21450000 7.08293
21460000 10.4556
21470000 7.30222
21480000 14.1721
21490000 9.75152
21500000 7.83954
21510000 16.1539
21520000 11.0632
21530000 8.13926
21540000 7.86546
21550000 7.61374
21560000 6.75034
21570000 24.0319
21580000 9.54134
21590000 7.25637
21600000 7.0922
21610000 7.50561
21620000 6.78318
21630000 6.63775
21640000 6.51336
21650000 6.54536
21660000 7.10607
21670000 7.04471
21680000 10.4561
21690000 8.5549
21700000 14.0294
21710000 12.133
21720000 7.87372
21730000 16.2129
21740000 11.0898
21750000 8.23989
21760000 7.85757
21770000 7.74229
21780000 6.81813
21790000 15.0867
21800000 12.1344
21810000 7.72843
21820000 7.08995
21830000 7.51002
21840000 6.77702
21850000 6.63005
21860000 6.61319
21870000 6.55453
21880000 7.13323
21890000 7.06315
21900000 8.95929
21910000 8.88325
21920000 14.042
21930000 12.1326
21940000 8.05157
21950000 7.52126
21960000 11.3833
21970000 8.279
21980000 8.01928
21990000 7.59926
22000000 6.86158
22010000 15.1045
22020000 12.2258
22030000 7.76666
22040000 7.19483
22050000 7.41401
22060000 6.77451
22070000 6.63229
22080000 6.59606
22090000 6.53504
22100000 7.13405
22110000 7.0802
22120000 8.95213
22130000 10.8309
22140000 13.9888
22150000 12.1123
22160000 8.10111
22170000 7.49128
22180000 11.3427
22190000 8.22172
22200000 9.02663
22210000 7.52801
22220000 6.87821
22230000 15.1545
22240000 13.3849
22250000 7.75886
22260000 7.22348
22270000 8.10429
22280000 6.80805
22290000 6.59616
22300000 6.65604
22310000 6.55491
22320000 7.14867
22330000 6.99451
22340000 8.95948
22350000 9.3197
22360000 14.0082
22370000 9.19111
22380000 8.6164
22390000 7.49798
22400000 11.3989
22410000 8.22006
22420000 7.57569
22430000 7.65154
22440000 6.88894
22450000 15.2918
22460000 13.4904
22470000 7.73826
22480000 7.22534
22490000 8.30296
22500000 6.80556
22510000 6.58138
22520000 6.69095
22530000 6.51661
22540000 7.15329
22550000 6.98535
22560000 7.01678
22570000 9.33171
22580000 17.6944
22590000 9.1295
22600000 8.64336
22610000 8.06968
22620000 16.1845
22630000 8.14373
22640000 7.51272
22650000 7.67176
22660000 6.8871
22670000 15.2584
22680000 13.9253
22690000 7.8601
22700000 7.2209
22710000 8.1959
22720000 6.9029
22730000 6.77646
22740000 6.76313
22750000 6.51311
22760000 7.18348
22770000 6.98961
22780000 7.04722
22790000 9.29905
22800000 17.8909
22810000 9.0929
22820000 8.61154
22830000 8.06409
22840000 16.114
22850000 7.77987
22860000 7.44614
22870000 8.09085
22880000 6.89393
22890000 26.4983
22900000 11.3825
22910000 8.49454
22920000 7.16416
22930000 6.99553
22940000 6.9162
22950000 6.73653
22960000 6.66959
22970000 6.52878
22980000 6.56466
22990000 7.0134
23000000 7.07697
23010000 9.30327
23020000 7.41236
23030000 9.13986
23040000 9.53298
23050000 8.06722
23060000 16.1646
23070000 8.45846
23080000 8.05065
23090000 8.13478
23100000 7.06827
23110000 26.5247
23120000 23.9884
23130000 9.53438
23140000 7.14715
23150000 7.03875
23160000 7.22443
23170000 6.77402
23180000 6.5526
23190000 6.50735
23200000 6.5645
23210000 7.02325
23220000 7.07418
23230000 10.4585
23240000 7.30081
23250000 14.17
23260000 9.74364
23270000 7.83445
23280000 16.1514
23290000 11.0618
23300000 8.13661
23310000 7.8639
23320000 7.61084
23330000 6.79443
23340000 24.0475
23350000 9.53884
23360000 7.25927
23370000 7.09308
23380000 7.50469
23390000 6.7791
23400000 6.639
23410000 6.51073
23420000 6.54033
23430000 7.10108
23440000 7.04367
23450000 10.4492
23460000 8.55297
23470000 14.0275
23480000 12.1297
23490000 7.87015
23500000 16.2126
23510000 11.0883
23520000 8.23679
23530000 7.85576
23540000 7.73988
23550000 6.81433
23560000 15.0861
23570000 12.1338
23580000 7.7247
23590000 7.07414
23600000 7.50549
23610000 6.77735
23620000 6.64236
23630000 6.61626
23640000 6.55404
23650000 7.13301
23660000 7.07551
23670000 8.95306
23680000 8.88134
23690000 14.0391
23700000 12.1301
23710000 8.02846
23720000 7.51878
23730000 11.3812
23740000 8.2802
23750000 8.01544
23760000 7.5932
23770000 6.85754
23780000 15.1056
23790000 12.2252
23800000 7.76511
23810000 7.1855
23820000 7.4123
23830000 6.77328
23840000 6.63103
23850000 6.59644
23860000 6.5337
23870000 7.13278
23880000 7.0763
23890000 8.94717
23900000 10.8312
23910000 13.987
23920000 12.1086
23930000 8.09726
23940000 7.48713
23950000 11.3407
23960000 8.21828
23970000 9.02796
23980000 7.5252
23990000 6.87814
24000000 15.1543
24010000 13.3839
24020000 7.75677
24030000 7.21721
24040000 8.10122
24050000 6.80401
24060000 6.59276
24070000 6.65938
24080000 6.5549
24090000 7.14552
24100000 6.99275
24110000 8.95442
24120000 9.31383
24130000 14.0076
24140000 9.18455
24150000 8.63774
24160000 7.49505
24170000 11.3982
24180000 8.21866
24190000 7.56496
24200000 7.65078
24210000 6.88694
24220000 15.2915
24230000 13.484
24240000 7.73968
24250000 7.22155
24260000 8.45585
24270000 6.80516
24280000 6.57909
24290000 6.68988
24300000 6.51627
24310000 7.14797
24320000 6.98553
24330000 7.01754
24340000 9.33001
24350000 17.6941
24360000 9.12548
24370000 8.64236
24380000 8.06682
24390000 16.1893
24400000 8.132
24410000 7.51001
24420000 7.66451
24430000 6.88558
24440000 15.2573
24450000 13.9238
24460000 7.85794
24470000 7.21784
24480000 8.21744
24490000 6.90207
24500000 6.7756
24510000 6.75939
24520000 6.51216
24530000 7.18634
24540000 6.98468
24550000 7.04535
24560000 9.29513
24570000 17.8901
24580000 9.08981
24590000 8.60517
24600000 8.06167
24610000 16.1143
24620000 7.77304
24630000 7.44337
24640000 8.09067
24650000 6.89137
24660000 26.4979
24670000 11.3799
24680000 8.49583
24690000 7.16375
24700000 6.99125
24710000 6.91436
24720000 6.73619
24730000 6.66817
24740000 6.52864
24750000 6.57782
24760000 7.01033
24770000 7.07357
24780000 9.30837
24790000 7.41149
24800000 9.1349
24810000 9.52579
24820000 8.06458
24830000 16.1651
24840000 8.45442
24850000 8.05136
24860000 8.13591
24870000 7.06749
24880000 26.5217
24890000 23.9868
24900000 9.55311
24910000 7.14592
24920000 7.03768
24930000 7.22558
24940000 6.80236
24950000 6.55175
24960000 6.50705
24970000 6.56583
24980000 7.02146
24990000 7.06943
25000000 10.4525
25010000 7.32988
25020000 14.1733
25030000 9.7435
25040000 7.83194
25050000 16.1403
25060000 11.0606
25070000 8.13367
25080000 7.87097
25090000 7.60816
25100000 6.79142
25110000 24.0457
25120000 9.53525
25130000 7.25793
25140000 7.09116
25150000 7.49822
25160000 6.78036
25170000 6.63276
25180000 6.51332
25190000 6.5384
25200000 7.10266
25210000 7.07555
25220000 10.4506
25230000 8.63092
25240000 14.0227
25250000 12.1345
25260000 7.86768
25270000 16.2074
25280000 11.0871
25290000 8.23324
25300000 7.85338
25310000 7.73784
25320000 6.81475
25330000 15.0865
25340000 12.1321
25350000 7.72154
25360000 7.07284
25370000 7.49956
25380000 6.78963
25390000 6.64257
25400000 6.618
25410000 6.54652
25420000 7.1312
25430000 7.06709
25440000 8.99053
25450000 8.87849
25460000 14.0357
25470000 12.1277
25480000 8.02407
25490000 16.2114
25500000 11.3805
25510000 8.2771
25520000 8.01311
25530000 7.58972
25540000 6.85237
25550000 15.1097
25560000 12.2234
25570000 7.76031
25580000 7.1857
25590000 7.41242
25600000 6.74636
25610000 6.62942
25620000 6.59808
25630000 6.53193
25640000 7.13068
25650000 7.07798
25660000 8.93811
25670000 10.8308
25680000 13.986
25690000 12.1069
25700000 8.0937
25710000 7.48493
25720000 11.339
25730000 8.22578
25740000 9.02458
25750000 7.58712
25760000 6.88618
25770000 15.1543
25780000 13.3852
25790000 7.7675
25800000 7.21512
25810000 8.09918
25820000 6.7899
25830000 6.58927
25840000 6.66055
25850000 6.55395
25860000 7.14952
25870000 6.99022
25880000 8.94886
25890000 9.32005
25900000 14.0081
25910000 9.1865
25920000 8.63223
25930000 7.49128
25940000 11.3976
25950000 8.20787
25960000 7.56209
25970000 7.64914
25980000 6.87626
25990000 15.2888
26000000 13.482
26010000 7.73694
26020000 7.2213
26030000 8.45428
26040000 6.80527
26050000 6.56472
26060000 6.6856
26070000 6.5229
26080000 7.14035
26090000 6.98679
26100000 7.01629
26110000 9.32162
26120000 17.6884
26130000 9.08674
26140000 8.63963
26150000 8.06512
26160000 16.1894
26170000 8.13109
26180000 7.50711
26190000 7.66272
26200000 6.88345
26210000 15.2572
26220000 13.9263
26230000 7.85444
26240000 7.21576
26250000 8.2202
26260000 6.90161
26270000 6.77789
26280000 6.7707
26290000 6.51226
26300000 7.18701
26310000 6.9822
26320000 7.04685
26330000 9.29313
26340000 17.8997
26350000 9.08718
26360000 8.6055
26370000 8.05937
26380000 16.1122
26390000 7.9231
26400000 7.43975
26410000 8.09558
26420000 6.88747
26430000 26.4989
26440000 11.3765
26450000 8.31516
26460000 7.15311
26470000 8.23032
26480000 6.91036
26490000 6.73598
26500000 6.66744
26510000 6.52654
26520000 6.57554
26530000 7.00906
26540000 7.06955
26550000 9.32085
26560000 7.40854
26570000 9.1284
26580000 9.52611
26590000 8.06468
26600000 16.1632
26610000 8.44933
26620000 8.04741
26630000 8.13204
26640000 7.0582
26650000 26.5198
26660000 23.9899
26670000 9.55167
26680000 7.14513
26690000 7.0356
26700000 7.21602
26710000 6.80275
26720000 6.55677
26730000 6.50717
26740000 6.56365
26750000 7.01844
26760000 7.06927
26770000 10.447
26780000 7.3513
26790000 14.189
26800000 9.74833
26810000 7.83245
26820000 16.1479
26830000 11.0586
26840000 8.13284
26850000 7.8711
26860000 7.60073
26870000 6.7892
26880000 24.0529
26890000 9.53295
26900000 7.26287
26910000 7.08902
26920000 7.49376
26930000 6.76889
26940000 6.63233
26950000 6.51038
26960000 6.55
26970000 7.09935
26980000 7.07339
26990000 10.4524
27000000 8.62663
27010000 14.1434
27020000 12.1409
27030000 7.8645
27040000 16.2088
27050000 11.0731
27060000 8.24701
27070000 7.85261
27080000 7.73331
27090000 6.81375
27100000 15.0832
27110000 12.1301
27120000 7.72161
27130000 7.07
27140000 7.49809
27150000 6.79678
27160000 6.64324
27170000 6.60335
27180000 6.54369
27190000 7.13132
27200000 7.06548
27210000 8.98782
27220000 8.87501
27230000 14.0201
27240000 12.1251
27250000 8.02269
27260000 16.2116
27270000 11.3791
27280000 8.27633
27290000 8.01218
27300000 7.58768
27310000 6.84908
27320000 15.1102
27330000 12.2218
27340000 7.75545
27350000 7.18721
27360000 7.40588
27370000 6.74572
27380000 6.63026
27390000 6.59654
27400000 6.52917
27410000 7.1299
27420000 7.082
27430000 8.93735
27440000 10.8325
27450000 13.9856
27460000 12.1038
27470000 8.08838
27480000 7.48388
27490000 11.34
27500000 8.22401
27510000 9.02551
27520000 7.5845
27530000 6.88346
27540000 15.1483
27550000 13.3857
27560000 7.76778
27570000 7.21127
27580000 8.09578
27590000 6.78846
27600000 6.58211
27610000 6.66052
27620000 6.5545
27630000 7.14629
27640000 6.99237
27650000 8.94651
27660000 9.31558
27670000 14.0081
27680000 9.18943
27690000 8.6317
27700000 7.50781
27710000 11.3996
27720000 8.20544
27730000 7.55751
27740000 7.64619
27750000 6.87134
27760000 15.289
27770000 13.4752
27780000 7.73145
27790000 7.22259
27800000 8.45526
27810000 6.80483
27820000 6.56663
27830000 6.6878
27840000 6.51898
27850000 7.13966
27860000 6.9843
27870000 7.01676
27880000 9.32773
27890000 17.6879
27900000 9.08545
27910000 8.63776
27920000 8.06372
27930000 11.4089
27940000 8.12624
27950000 7.50696
27960000 7.6666
27970000 6.87722
27980000 15.2562
27990000 13.9262
28000000 7.85169
28010000 7.20123
28020000 8.23076
28030000 6.89616
28040000 6.77986
28050000 6.76913
28060000 6.51294
28070000 7.19166
28080000 6.97875
28090000 7.04938
28100000 9.28795
28110000 17.8978
28120000 9.08465
28130000 8.58632
28140000 8.05835
28150000 16.1141
28160000 7.93079
28170000 7.43657
28180000 8.09428
28190000 6.88341
28200000 15.2539
28210000 11.3736
28220000 8.31355
28230000 7.15234
28240000 8.22957
28250000 6.91033
28260000 6.73165
28270000 6.6667
28280000 6.52607
28290000 6.57583
28300000 7.00343
28310000 7.07254
28320000 9.31998
28330000 7.41294
28340000 9.12425
28350000 9.52301
28360000 8.06255
28370000 16.1606
28380000 8.44248
28390000 8.04568
28400000 8.13599
28410000 7.05594
28420000 26.518
28430000 23.9893
28440000 9.5491
28450000 7.14294
28460000 7.03251
28470000 7.2205
28480000 6.80314
28490000 6.55288
28500000 6.51685
28510000 6.56586
28520000 7.01205
28530000 7.0678
28540000 10.42
28550000 7.35553
28560000 9.17676
28570000 9.74704
28580000 7.8307
28590000 16.149
28600000 11.0581
28610000 8.1336
28620000 7.86926
28630000 7.59854
28640000 6.78995
28650000 24.0533
28660000 9.53176
28670000 7.26085
28680000 7.08818
28690000 7.4982
28700000 6.76402
28710000 6.6285
28720000 6.50978
28730000 6.54972
28740000 7.09617
28750000 7.07373
28760000 10.4483
28770000 8.66708
28780000 14.1443
28790000 12.1377
28800000 7.85653
28810000 16.2013
28820000 11.0762
28830000 8.24038
28840000 7.85628
28850000 7.73896
28860000 6.81349
28870000 26.4443
28880000 12.1308
28890000 7.71891
28900000 7.06825
28910000 7.49471
28920000 6.77811
28930000 6.64217
28940000 6.60415
28950000 6.55005
28960000 7.13059
28970000 7.06067
28980000 8.98497
28990000 8.87447
29000000 14.0191
29010000 12.1247
29020000 8.02066
29030000 16.2072
29040000 11.3764
29050000 8.26654
29060000 8.01143
29070000 7.58578
29080000 6.84837
29090000 15.1078
29100000 12.2204
29110000 7.75759
29120000 7.18651
29130000 7.40354
29140000 6.75621
29150000 6.62873
29160000 6.6022
29170000 6.52903
29180000 7.16581
29190000 7.08057
29200000 8.93493
29210000 10.8323
29220000 14.1455
29230000 12.0996
29240000 8.09149
29250000 7.48349
29260000 11.3403
29270000 8.24062
29280000 9.02523
29290000 7.58133
29300000 6.8821
29310000 15.1485
29320000 13.3859
29330000 7.76609
29340000 7.20873
29350000 8.09712
29360000 6.7844
29370000 6.58282
29380000 6.66501
29390000 6.55421
29400000 7.14654
29410000 6.99391
29420000 8.94616
29430000 9.31372
29440000 14.0066
29450000 9.1857
29460000 8.63177
29470000 7.50709
29480000 11.4001
29490000 8.20437
29500000 7.63038
29510000 7.64223
29520000 6.86643
29530000 15.2915
29540000 13.4751
29550000 7.72735
29560000 7.2219
29570000 8.45214
29580000 6.80394
29590000 6.56559
29600000 6.68638
29610000 6.51152
29620000 7.13574
29630000 6.98362
29640000 7.01485
29650000 9.32507
29660000 17.6872
29670000 9.08236
29680000 8.63397
29690000 8.06276
29700000 11.4075
29710000 8.12505
29720000 7.50885
29730000 7.6637
29740000 6.87761
29750000 15.2554
29760000 13.9278
29770000 7.84635
29780000 7.20029
29790000 8.23108
29800000 6.90543
29810000 6.60007
29820000 6.78718
29830000 6.51288
29840000 7.19106
29850000 6.9591
29860000 7.04963
29870000 9.28771
29880000 17.8984
29890000 9.08187
29900000 8.58854
29910000 8.05924
29920000 16.1134
29930000 7.93108
29940000 7.43408
29950000 8.09293
29960000 6.87461
29970000 15.2533
29980000 11.3736
29990000 8.31228
30000000 7.15115
