10000 95.547
20000 50.144
30000 31.5524
40000 22.2705
50000 17.4041
60000 15.2607
70000 12.9881
80000 11.6252
90000 10.7583
100000 10.0427
110000 9.67806
120000 9.81677
130000 8.86122
140000 9.60374
150000 8.23401
160000 7.81809
170000 9.23967
180000 7.86787
190000 7.50158
200000 7.33743
210000 7.23197
220000 7.43703
230000 8.30338
240000 7.37168
250000 8.44565
260000 7.09427
270000 6.80474
280000 8.5108
290000 7.08097
300000 6.75424
310000 6.61765
320000 6.54571
330000 6.74675
340000 7.82958
350000 6.90918
360000 8.04757
370000 6.6396
380000 6.36649
390000 8.22204
400000 6.69055
410000 6.42724
420000 6.23437
430000 6.19665
440000 6.41242
450000 7.55224
460000 6.59812
470000 7.81973
480000 6.26214
490000 6.10265
500000 7.97585
510000 6.43276
520000 6.20644
530000 5.98399
540000 5.95962
550000 6.1894
560000 7.59907
570000 6.47231
580000 7.64494
590000 6.06058
600000 5.89893
610000 7.94495
620000 6.30461
630000 6.05659
640000 5.81607
650000 5.78342
660000 5.74578
670000 7.50207
680000 6.31781
690000 7.84649
700000 5.90798
710000 5.75083
720000 6.98326
730000 6.16683
740000 5.92208
750000 5.68101
760000 5.58628
770000 5.61209
780000 5.96053
790000 6.26475
800000 7.71429
810000 5.90622
820000 5.64425
830000 7.27762
840000 6.15852
850000 5.83098
860000 5.58231
870000 5.4702
880000 5.5019
890000 5.48897
900000 6.44373
910000 7.64074
920000 5.8141
930000 5.56505
940000 7.6715
950000 6.07333
960000 5.78824
970000 5.49207
980000 5.39133
990000 5.42437
1000000 5.45862
1010000 6.38095
1020000 7.59963
1030000 5.7452
1040000 5.5431
1050000 7.62111
1060000 6.22764
1070000 5.71567
1080000 5.42163
1090000 5.3176
1100000 5.35457
1110000 5.39223
1120000 6.73827
1130000 7.54898
1140000 5.69161
1150000 5.50433
1160000 7.7462
1170000 6.15434
1180000 5.66273
1190000 5.36221
1200000 5.2574
1210000 5.29764
1220000 5.3339
1230000 6.68919
1240000 5.77154
1250000 5.63845
1260000 5.4515
1270000 7.71046
1280000 6.31538
1290000 5.60618
1300000 5.31139
1310000 5.21562
1320000 5.2467
1330000 5.59038
1340000 6.36264
1350000 5.72097
1360000 5.59379
1370000 5.41609
1380000 7.67707
1390000 6.26744
1400000 5.7608
1410000 5.26973
1420000 5.17975
1430000 5.19998
1440000 5.54651
1450000 6.32126
1460000 5.71794
1470000 5.55081
1480000 5.39992
1490000 7.64779
1500000 6.23249
1510000 5.7144
1520000 5.23353
1530000 5.15071
1540000 5.16775
1550000 5.50918
1560000 6.26963
1570000 5.6807
1580000 5.63681
1590000 5.4226
1600000 7.6233
1610000 6.22685
1620000 5.67952
1630000 5.20258
1640000 5.11828
1650000 5.13706
1660000 5.47718
1670000 6.24466
1680000 5.64659
1690000 6.25166
1700000 5.39841
1710000 8.06261
1720000 6.50353
1730000 5.58499
1740000 5.23057
1750000 5.08729
1760000 5.10414
1770000 5.44923
1780000 6.22664
1790000 5.58179
1800000 6.64016
1810000 5.36959
1820000 5.12756
1830000 6.69484
1840000 5.57975
1850000 5.20936
1860000 5.07984
1870000 5.07642
1880000 5.4801
1890000 6.63479
1900000 5.55637
1910000 6.89518
1920000 5.41037
1930000 5.13243
1940000 7.2101
1950000 5.58601
1960000 5.21259
1970000 5.04763
1980000 5.05526
1990000 5.45922
2000000 6.62404
2010000 5.54293
2020000 6.91476
2030000 5.40337
2040000 5.10797
2050000 7.22517
2060000 5.56049
2070000 5.19307
2080000 5.06806
2090000 5.03326
2100000 5.33289
2110000 6.61761
2120000 5.57965
2130000 6.92287
2140000 5.38514
2150000 5.09492
2160000 7.26686
2170000 5.54149
2180000 5.22129
2190000 5.04022
2200000 5.02057
2210000 5.31344
2220000 6.60552
2230000 5.55348
2240000 6.93694
2250000 5.24641
2260000 5.10084
2270000 7.21749
2280000 5.51743
2290000 5.26114
2300000 5.02527
2310000 5.00887
2320000 5.29687
2330000 6.84899
2340000 5.62694
2350000 6.92404
2360000 5.22763
2370000 5.07334
2380000 7.20026
2390000 5.55796
2400000 5.27702
2410000 5.03054
2420000 4.99233
2430000 4.96767
2440000 6.8775
2450000 5.60702
2460000 7.26016
2470000 5.20757
2480000 5.05757
2490000 6.40608
2500000 5.5308
2510000 5.25977
2520000 5.01481
2530000 4.98504
2540000 4.95128
2550000 5.3247
2560000 5.65911
2570000 7.20773
2580000 5.30606
2590000 5.04257
2600000 6.8082
2610000 5.61986
2620000 5.24441
2630000 5.00294
2640000 4.88951
2650000 4.92845
2660000 4.93348
2670000 5.93185
2680000 7.2007
2690000 5.29086
2700000 5.04893
2710000 7.28492
2720000 5.60213
2730000 5.27046
2740000 4.98524
2750000 4.88067
2760000 4.92072
2770000 4.96901
2780000 5.93037
2790000 7.21152
2800000 5.28428
2810000 5.08721
2820000 7.28106
2830000 5.82419
2840000 5.27161
2850000 4.97142
2860000 4.8633
2870000 4.90659
2880000 4.94212
2890000 6.36095
2900000 7.20058
2910000 5.28073
2920000 5.10115
2930000 7.46047
2940000 5.7944
2950000 5.26229
2960000 4.95838
2970000 4.84918
2980000 4.89545
2990000 4.94337
3000000 6.34468
3010000 5.39576
3020000 5.26977
3030000 5.09015
3040000 7.45444
3050000 6.00167
3060000 5.24459
3070000 4.94637
3080000 4.84755
3090000 4.88326
3100000 5.24821
3110000 6.03969
3120000 5.38069
3130000 5.25714
3140000 5.08695
3150000 7.44175
3160000 5.98673
3170000 5.44904
3180000 4.93782
3190000 4.84532
3200000 4.87008
3210000 5.23494
3220000 6.02786
3230000 5.40694
3240000 5.24274
3250000 5.10175
3260000 7.43642
3270000 5.96797
3280000 5.42356
3290000 4.92784
3300000 4.84465
3310000 4.86608
3320000 5.22394
3330000 6.00257
3340000 5.39441
3350000 5.356
3360000 5.14338
3370000 7.42769
3380000 5.9839
3390000 5.41002
3400000 4.92394
3410000 4.8358
3420000 4.85923
3430000 5.21234
3440000 5.99479
3450000 5.38255
3460000 6.0078
3470000 5.14928
3480000 7.89715
3490000 6.28808
3500000 5.34591
3510000 4.97555
3520000 4.8272
3530000 4.84549
3540000 5.20221
3550000 5.99547
3560000 5.33572
3570000 6.42398
3580000 5.14019
3590000 4.8854
3600000 6.49846
3610000 5.35712
3620000 4.97091
3630000 4.83758
3640000 4.83668
3650000 5.25269
3660000 6.42911
3670000 5.32636
3680000 6.69833
3690000 5.19489
3700000 4.91029
3710000 7.03977
3720000 5.37298
3730000 4.99131
3740000 4.82105
3750000 4.83136
3760000 5.24692
3770000 6.43017
3780000 5.32471
3790000 6.72995
3800000 5.1936
3810000 4.8996
3820000 7.0657
3830000 5.36702
3840000 4.98574
3850000 4.85623
3860000 4.82373
3870000 5.13298
3880000 6.43348
3890000 5.37765
3900000 6.75104
3910000 5.19685
3920000 4.89009
3930000 7.12047
3940000 5.36114
3950000 5.02776
3960000 4.84164
3970000 4.81967
3980000 5.12487
3990000 6.43458
4000000 5.36284
4010000 6.74514
4020000 5.06316
4030000 4.91983
4040000 7.07572
4050000 5.348
4060000 5.07878
4070000 4.83883
4080000 4.82148
4090000 5.11877
4100000 6.42995
4110000 5.44869
4120000 6.77108
4130000 5.05478
4140000 4.90466
4150000 7.06903
4160000 5.38991
4170000 5.10355
4180000 4.85778
4190000 4.8147
4200000 4.79039
4210000 6.69743
4220000 5.43805
4230000 7.11764
4240000 5.043
4250000 4.89476
4260000 6.26952
4270000 5.37832
4280000 5.09371
4290000 4.85118
4300000 4.81721
4310000 4.78473
4320000 6.72355
4330000 5.49991
4340000 7.07332
4350000 5.08359
4360000 4.88753
4370000 6.68491
4380000 5.48119
4390000 5.087
4400000 4.84503
4410000 4.73708
4420000 4.77042
4430000 4.77872
4440000 5.78415
4450000 7.07292
4460000 5.14192
4470000 4.90639
4480000 7.1732
4490000 5.47179
4500000 5.12076
4510000 4.83668
4520000 4.72911
4530000 4.76995
4540000 4.82424
4550000 5.79108
4560000 7.08606
4570000 5.13491
4580000 4.94232
4590000 7.17584
4600000 5.69919
4610000 5.12813
4620000 4.82976
4630000 4.71897
4640000 4.76261
4650000 4.80098
4660000 6.2329
4670000 7.08479
4680000 5.14573
4690000 4.96992
4700000 7.37049
4710000 5.6746
4720000 5.125
4730000 4.82262
4740000 4.71153
4750000 4.75717
4760000 4.8102
4770000 6.22146
4780000 5.26398
4790000 5.14139
4800000 4.96472
4810000 7.36902
4820000 5.89055
4830000 5.11352
4840000 4.81678
4850000 4.71542
4860000 4.75223
4870000 5.12453
4880000 5.91889
4890000 5.25477
4900000 5.13345
4910000 4.96692
4920000 7.35851
4930000 5.88084
4940000 5.33293
4950000 4.81169
4960000 4.72217
4970000 4.73854
4980000 5.11602
4990000 5.91229
5000000 5.25945
5010000 5.12664
5020000 4.98792
5030000 7.35592
5040000 5.86545
5050000 5.30719
5060000 4.80984
5070000 4.72531
5080000 4.74658
5090000 5.11156
5100000 5.89369
5110000 5.27764
5120000 5.24178
5130000 5.03541
5140000 7.35068
5150000 5.88606
5160000 5.29958
5170000 4.8105
5180000 4.72053
5190000 4.74423
5200000 5.10209
5210000 5.8888
5220000 5.27038
5230000 5.90612
5240000 5.04642
5250000 7.82662
5260000 5.89093
5270000 5.24515
5280000 4.86714
5290000 4.71609
5300000 4.73303
5310000 5.09664
5320000 5.89604
5330000 5.22566
5340000 6.32865
5350000 5.04102
5360000 7.81735
5370000 6.41417
5380000 5.26115
5390000 4.86605
5400000 4.72968
5410000 4.73028
5420000 5.15177
5430000 6.33505
5440000 5.22231
5450000 6.60893
5460000 5.10064
5470000 4.81139
5480000 6.96304
5490000 5.2864
5500000 4.89012
5510000 4.71999
5520000 4.72911
5530000 5.14956
5540000 6.33855
5550000 5.22412
5560000 6.64387
5570000 5.10155
5580000 4.80416
5590000 6.99243
5600000 5.27808
5610000 4.88847
5620000 4.75745
5630000 4.72775
5640000 5.0386
5650000 6.34543
5660000 5.28089
5670000 6.66856
5680000 5.10912
5690000 4.79792
5700000 7.04966
5710000 5.2745
5720000 4.93433
5730000 4.74561
5740000 4.72431
5750000 5.03328
5760000 6.34979
5770000 5.26868
5780000 6.66501
5790000 5.13778
5800000 4.82291
5810000 7.00643
5820000 5.26512
5830000 4.98974
5840000 4.74754
5850000 4.72627
5860000 5.02983
5870000 6.34782
5880000 5.35813
5890000 6.69376
5900000 4.96887
5910000 4.81954
5920000 7.00425
5930000 5.31053
5940000 5.01032
5950000 4.76022
5960000 4.72455
5970000 4.70115
5980000 6.61996
5990000 5.35025
6000000 7.04513
6010000 4.959
6020000 4.81242
6030000 6.20006
6040000 5.31437
6050000 5.00797
6060000 4.76727
6070000 4.7292
6080000 4.69844
6090000 6.6481
6100000 5.41568
6110000 7.00193
6120000 4.97905
6130000 4.80756
6140000 6.62092
6150000 5.40717
6160000 5.00418
6170000 4.76215
6180000 4.65253
6190000 4.68679
6200000 4.69673
6210000 5.70459
6220000 7.00362
6230000 5.06206
6240000 4.83939
6250000 7.11502
6260000 5.39721
6270000 5.03965
6280000 4.75697
6290000 4.64572
6300000 4.6884
6310000 4.74349
6320000 5.7141
6330000 7.00389
6340000 5.05765
6350000 4.86742
6360000 7.11835
6370000 5.63199
6380000 5.04837
6390000 4.75223
6400000 4.64416
6410000 4.68347
6420000 4.72412
6430000 6.16108
6440000 7.01986
6450000 5.07092
6460000 4.89253
6470000 7.3201
6480000 5.60856
6490000 5.04872
6500000 4.74676
6510000 4.63497
6520000 4.68028
6530000 4.73609
6540000 6.15116
6550000 5.18949
6560000 5.06897
6570000 4.89483
6580000 7.321
6590000 5.82816
6600000 5.03927
6610000 4.74473
6620000 4.63995
6630000 4.678
6640000 5.05218
6650000 5.84831
6660000 5.1826
6670000 5.06265
6680000 4.89893
6690000 7.31135
6700000 5.82075
6710000 5.26213
6720000 4.74052
6730000 4.63594
6740000 4.66621
6750000 5.04687
6760000 5.84382
6770000 5.19119
6780000 5.05796
6790000 4.92269
6800000 7.30931
6810000 5.80518
6820000 5.23929
6830000 4.74068
6840000 4.65507
6850000 4.67581
6860000 5.04457
6870000 5.82818
6880000 5.20755
6890000 5.17496
6900000 4.92318
6910000 7.30556
6920000 5.8281
6930000 5.23548
6940000 4.74283
6950000 4.65207
6960000 4.67618
6970000 5.03647
6980000 5.81827
6990000 5.20295
7000000 5.84385
7010000 4.98535
7020000 7.78545
7030000 5.8338
7040000 5.18553
7050000 4.80236
7060000 4.64939
7070000 4.6664
7080000 5.03292
7090000 5.83555
7100000 5.17981
7110000 6.27034
7120000 4.98164
7130000 7.77724
7140000 6.36565
7150000 5.20354
7160000 4.802
7170000 4.66452
7180000 4.66593
7190000 5.09186
7200000 6.27667
7210000 5.15799
7220000 6.55385
7230000 5.04254
7240000 4.75148
7250000 6.91623
7260000 5.2303
7270000 4.82854
7280000 4.65703
7290000 4.66613
7300000 5.08937
7310000 6.28162
7320000 5.15918
7330000 6.59034
7340000 5.04423
7350000 4.74532
7360000 6.94805
7370000 5.22279
7380000 4.82826
7390000 4.6963
7400000 4.66587
7410000 4.97921
7420000 6.29006
7430000 5.21909
7440000 6.61571
7450000 5.04937
7460000 4.74149
7470000 7.0031
7480000 5.2301
7490000 4.87574
7500000 4.68553
7510000 4.66449
7520000 4.97562
7530000 6.29517
7540000 5.2086
7550000 6.61353
7560000 5.08473
7570000 4.76816
7580000 6.96406
7590000 5.21272
7600000 4.93018
7610000 4.68886
7620000 4.6668
7630000 4.97329
7640000 6.29376
7650000 5.2912
7660000 6.64215
7670000 4.91485
7680000 4.76566
7690000 6.96771
7700000 5.25941
7710000 4.9537
7720000 4.70302
7730000 4.66616
7740000 4.64377
7750000 6.56913
7760000 5.29625
7770000 6.99861
7780000 4.90501
7790000 4.75977
7800000 6.15582
7810000 5.26495
7820000 4.95171
7830000 4.713
7840000 4.67131
7850000 4.6427
7860000 6.59839
7870000 5.28899
7880000 6.9553
7890000 4.92579
7900000 4.75575
7910000 6.46463
7920000 5.35879
7930000 4.94823
7940000 4.70816
7950000 4.59752
7960000 4.63143
7970000 4.64351
7980000 5.65206
7990000 6.95993
8000000 5.01055
8010000 4.77198
8020000 7.07718
8030000 5.3483
8040000 4.98588
8050000 4.70531
8060000 4.59221
8070000 4.63465
8080000 4.63105
8090000 5.66203
8100000 6.95877
8110000 5.0066
8120000 4.81867
8130000 7.08136
8140000 5.58692
8150000 4.99545
8160000 4.70147
8170000 4.59179
8180000 4.62933
8190000 4.6733
8200000 6.11282
8210000 6.97626
8220000 5.02044
8230000 4.84448
8240000 7.28664
8250000 5.56459
8260000 4.99692
8270000 4.69626
8280000 4.58395
8290000 4.62845
8300000 4.68712
8310000 6.10512
8320000 5.1388
8330000 5.01966
8340000 4.84983
8350000 7.28841
8360000 5.78623
8370000 4.98943
8380000 4.69485
8390000 4.58883
8400000 4.62752
8410000 4.68014
8420000 6.10117
8430000 5.13426
8440000 5.01464
8450000 4.85279
8460000 7.28584
8470000 5.77994
8480000 5.21334
8490000 4.69203
8500000 4.5869
8510000 4.61727
8520000 4.99999
8530000 5.79713
8540000 5.14216
8550000 5.01103
8560000 4.87773
8570000 7.27819
8580000 5.76447
8590000 5.19299
8600000 4.69313
8610000 4.60691
8620000 4.62848
8630000 4.99848
8640000 5.78665
8650000 5.16184
8660000 5.00571
8670000 4.87888
8680000 7.27477
8690000 5.79754
8700000 5.19044
8710000 4.69657
8720000 4.605
8730000 4.62913
8740000 4.99239
8750000 5.77365
8760000 5.15616
8770000 5.80094
8780000 4.94326
8790000 7.75146
8800000 5.79515
8810000 5.14442
8820000 4.75762
8830000 4.60596
8840000 4.61997
8850000 4.98884
8860000 5.79215
8870000 5.13425
8880000 6.21028
8890000 4.94529
8900000 7.7494
8910000 6.33027
8920000 5.16133
8930000 4.7576
8940000 4.61722
8950000 4.61933
8960000 5.04834
8970000 6.23596
8980000 5.11256
8990000 6.51496
9000000 5.00185
9010000 4.70954
9020000 6.32651
9030000 5.19019
9040000 4.75839
9050000 4.61273
9060000 4.62176
9070000 5.04966
9080000 6.23577
9090000 5.11393
9100000 6.54815
9110000 4.99883
9120000 4.70355
9130000 6.89175
9140000 5.18411
9150000 4.78484
9160000 4.65303
9170000 4.62235
9180000 4.93621
9190000 6.25011
9200000 5.17633
9210000 6.57869
9220000 5.01025
9230000 4.70278
9240000 6.91858
9250000 5.18424
9260000 4.78841
9270000 4.64375
9280000 4.62164
9290000 4.9337
9300000 6.25656
9310000 5.16674
9320000 6.57614
9330000 5.04694
9340000 4.72399
9350000 6.9339
9360000 5.17604
9370000 4.88792
9380000 4.64712
9390000 4.62446
9400000 4.93286
9410000 6.25534
9420000 5.24905
9430000 6.60688
9440000 4.87565
9450000 4.72661
9460000 6.9379
9470000 5.22375
9480000 4.91251
9490000 4.66129
9500000 4.62482
9510000 4.59668
9520000 6.53262
9530000 5.25514
9540000 6.96389
9550000 4.86599
9560000 4.72126
9570000 6.12496
9580000 5.23101
9590000 4.91112
9600000 4.67397
9610000 4.62986
9620000 4.6034
9630000 6.56253
9640000 5.24844
9650000 6.92133
9660000 4.88709
9670000 4.7165
9680000 6.19672
9690000 5.31891
9700000 4.90963
9710000 4.67165
9720000 4.55397
9730000 4.5922
9740000 4.60495
9750000 5.61332
9760000 6.92687
9770000 4.97244
9780000 4.73534
9790000 7.04964
9800000 5.31365
9810000 4.94655
9820000 4.6634
9830000 4.55384
9840000 4.59509
9850000 4.59297
9860000 5.62399
9870000 6.92645
9880000 4.96874
9890000 4.78267
9900000 7.0544
9910000 5.55386
9920000 4.95704
9930000 4.66388
9940000 4.55349
9950000 4.59062
9960000 4.63589
9970000 6.07754
9980000 6.94412
9990000 4.98467
10000000 4.81837
10010000 7.26267
10020000 5.53228
10030000 4.95916
10040000 4.65934
10050000 4.54646
10060000 4.59036
10070000 4.65062
10080000 6.06997
10090000 5.10171
10100000 4.98275
10110000 4.8159
10120000 7.26498
10130000 5.75556
10140000 4.95198
10150000 4.65882
10160000 4.55142
10170000 4.5905
10180000 4.64621
10190000 6.06646
10200000 5.09759
10210000 4.97947
10220000 4.81783
10230000 7.26275
10240000 5.74993
10250000 5.17715
10260000 4.65593
10270000 4.54982
10280000 4.58063
10290000 4.96462
10300000 5.76173
10310000 5.10586
10320000 4.97579
10330000 4.84372
10340000 7.26701
10350000 5.73975
10360000 5.15909
10370000 4.65781
10380000 4.5707
10390000 4.59275
10400000 4.96484
10410000 5.75267
10420000 5.12611
10430000 4.97207
10440000 4.8458
10450000 7.25144
10460000 5.76838
10470000 5.15725
10480000 4.66332
10490000 4.5698
10500000 4.59335
10510000 4.9595
10520000 5.74037
10530000 5.12097
10540000 5.77033
10550000 4.91207
10560000 7.73039
10570000 5.76633
10580000 5.1134
10590000 4.72635
10600000 4.57151
10610000 4.5853
10620000 4.95568
10630000 5.75868
10640000 5.11945
10650000 6.17938
10660000 4.91512
10670000 7.72778
10680000 6.30372
10690000 5.13136
10700000 4.72372
10710000 4.58299
10720000 4.58503
10730000 5.01649
10740000 6.20521
10750000 5.07818
10760000 6.48619
10770000 4.97128
10780000 4.64683
10790000 6.3015
10800000 5.1608
10810000 4.72509
10820000 4.57955
10830000 4.5888
10840000 5.01716
10850000 6.20449
10860000 5.07794
10870000 6.51959
10880000 4.96863
10890000 4.6724
10900000 6.86784
10910000 5.15872
10920000 4.75244
10930000 4.62187
10940000 4.5899
10950000 4.90365
10960000 6.21491
10970000 5.14283
10980000 6.55041
10990000 4.9805
11000000 4.67267
11010000 6.89503
11020000 5.15554
11030000 4.75669
11040000 4.61135
11050000 4.58797
11060000 4.90223
11070000 6.22476
11080000 5.13338
11090000 6.54622
11100000 5.01828
11110000 4.69446
11120000 6.91146
11130000 5.14753
11140000 4.85641
11150000 4.61528
11160000 4.5919
11170000 4.90183
11180000 6.22621
11190000 5.21749
11200000 6.57904
11210000 4.84524
11220000 4.69718
11230000 6.91643
11240000 5.19581
11250000 4.88147
11260000 4.63057
11270000 4.59269
11280000 4.5651
11290000 6.50447
11300000 5.22333
11310000 6.93831
11320000 4.83614
11330000 4.69233
11340000 7.06184
11350000 5.20374
11360000 4.88042
11370000 4.64384
11380000 4.59872
11390000 4.57238
11400000 6.53594
11410000 5.21712
11420000 6.89545
11430000 4.85715
11440000 4.68782
11450000 6.109
11460000 5.29215
11470000 4.87935
11480000 4.64173
11490000 4.52543
11500000 4.57082
11510000 4.57547
11520000 5.58432
11530000 6.90117
11540000 4.94315
11550000 4.70838
11560000 7.02759
11570000 5.28982
11580000 4.91652
11590000 4.63353
11600000 4.52383
11610000 4.55981
11620000 4.56982
11630000 5.59466
11640000 6.89914
11650000 4.93974
11660000 4.75461
11670000 7.03158
11680000 5.52877
11690000 4.92649
11700000 4.635
11710000 4.5239
11720000 4.56464
11730000 4.61578
11740000 6.05059
11750000 6.91872
11760000 4.95594
11770000 4.79168
11780000 7.24406
11790000 5.50724
11800000 4.92872
11810000 4.63125
11820000 4.51713
11830000 4.5602
11840000 4.62199
11850000 6.04252
11860000 6.93771
11870000 4.95485
11880000 4.7889
11890000 7.24841
11900000 5.73206
11910000 4.92292
11920000 4.63036
11930000 4.52242
11940000 4.56136
11950000 4.6182
11960000 6.03935
11970000 5.06865
11980000 4.95072
11990000 4.78585
12000000 7.24473
12010000 5.72649
12020000 5.14919
12030000 4.62802
12040000 4.52117
12050000 4.55213
12060000 4.93723
12070000 5.73456
12080000 5.07742
12090000 4.94845
12100000 4.81779
12110000 7.24572
12120000 5.71606
12130000 5.13564
12140000 4.62941
12150000 4.54228
12160000 4.56484
12170000 4.9367
12180000 5.72303
12190000 5.09788
12200000 4.94486
12210000 4.82074
12220000 7.2336
12230000 5.74535
12240000 5.13194
12250000 4.63627
12260000 4.54209
12270000 4.56553
12280000 4.93261
12290000 5.71889
12300000 5.09306
12310000 5.30436
12320000 4.88819
12330000 7.7139
12340000 5.72981
12350000 5.12958
12360000 4.69935
12370000 4.54428
12380000 4.55775
12390000 4.93181
12400000 5.73126
12410000 5.09198
12420000 6.15484
12430000 4.89101
12440000 7.71064
12450000 6.2788
12460000 5.10771
12470000 4.69347
12480000 4.55647
12490000 4.55794
12500000 4.98995
12510000 6.17619
12520000 5.05104
12530000 6.46305
12540000 4.94742
12550000 4.62133
12560000 6.28073
12570000 5.13745
12580000 4.69708
12590000 4.55303
12600000 4.56206
12610000 4.9915
12620000 6.17783
12630000 5.0514
12640000 6.49587
12650000 4.94502
12660000 4.64816
12670000 6.84849
12680000 5.13561
12690000 4.72659
12700000 4.59393
12710000 4.56304
12720000 4.8846
12730000 6.18914
12740000 5.11609
12750000 6.52779
12760000 4.95726
12770000 4.64798
12780000 6.8763
12790000 5.13306
12800000 4.72549
12810000 4.58548
12820000 4.56179
12830000 4.87764
12840000 6.20049
12850000 5.10659
12860000 6.5243
12870000 4.99531
12880000 4.67255
12890000 6.89441
12900000 5.12486
12910000 4.82866
12920000 4.59017
12930000 4.56783
12940000 4.87712
12950000 6.20308
12960000 5.19137
12970000 6.55491
12980000 4.82112
12990000 4.67178
13000000 6.89909
13010000 5.1738
13020000 4.85636
13030000 4.60639
13040000 4.5669
13050000 4.53989
13060000 6.48009
13070000 5.1976
13080000 6.55448
13090000 4.8123
13100000 4.66912
13110000 7.04521
13120000 5.18265
13130000 4.8562
13140000 4.62016
13150000 4.57374
13160000 4.54773
13170000 6.51483
13180000 5.19167
13190000 6.87428
13200000 4.83278
13210000 4.66452
13220000 6.08832
13230000 5.26852
13240000 4.85454
13250000 4.61775
13260000 4.49994
13270000 4.5464
13280000 4.55329
13290000 5.5598
13300000 6.88018
13310000 4.91945
13320000 4.68616
13330000 7.01057
13340000 5.26838
13350000 4.89335
13360000 4.6105
13370000 4.49986
13380000 4.53547
13390000 4.5456
13400000 5.56832
13410000 6.8789
13420000 4.91635
13430000 4.73316
13440000 7.01697
13450000 5.50805
13460000 4.9027
13470000 4.61145
13480000 4.4992
13490000 4.54053
13500000 4.59513
13510000 6.02998
13520000 6.89599
13530000 4.91933
13540000 4.77039
13550000 8.8002
13560000 5.48711
13570000 4.90429
13580000 4.60802
13590000 4.4934
13600000 4.5361
13610000 4.59884
13620000 6.01994
13630000 6.91686
13640000 4.9326
13650000 4.76755
13660000 7.23338
13670000 5.71289
13680000 4.89898
13690000 4.60742
13700000 4.49883
13710000 4.53749
13720000 4.5954
13730000 6.01543
13740000 5.04554
13750000 4.92925
13760000 4.76456
13770000 7.22966
13780000 5.70749
13790000 5.12642
13800000 4.60535
13810000 4.49798
13820000 4.52906
13830000 4.91496
13840000 5.71252
13850000 5.04799
13860000 4.92624
13870000 4.79682
13880000 7.23161
13890000 5.698
13900000 5.11262
13910000 4.60715
13920000 4.51848
13930000 4.54208
13940000 4.91572
13950000 5.70108
13960000 5.07494
13970000 4.9224
13980000 4.79555
13990000 7.2188
14000000 5.72599
14010000 5.11061
14020000 4.60685
14030000 4.51958
14040000 4.54134
14050000 4.91119
14060000 5.69722
14070000 5.07042
14080000 5.28536
14090000 4.86826
14100000 7.21551
14110000 5.71086
14120000 5.10851
14130000 4.67728
14140000 4.52164
14150000 4.53385
14160000 4.91046
14170000 5.70993
14180000 5.06932
14190000 6.12536
14200000 4.8721
14210000 7.69539
14220000 6.26127
14230000 5.08847
14240000 4.67211
14250000 4.53398
14260000 4.53599
14270000 4.96277
14280000 5.70504
14290000 5.02852
14300000 6.44311
14310000 4.92701
14320000 4.60086
14330000 6.26383
14340000 5.11865
14350000 4.67663
14360000 4.53136
14370000 4.54041
14380000 4.96979
14390000 6.15857
14400000 5.02901
14410000 6.47807
14420000 4.92623
14430000 4.62802
14440000 6.83342
14450000 5.1169
14460000 4.70498
14470000 4.57239
14480000 4.54153
14490000 4.86384
14500000 6.16926
14510000 5.09399
14520000 6.5091
14530000 4.93814
14540000 4.62852
14550000 6.86121
14560000 5.11441
14570000 4.70498
14580000 4.56587
14590000 4.54353
14600000 4.85733
14610000 6.17681
14620000 5.08562
14630000 6.50598
14640000 4.97692
14650000 4.65372
14660000 6.87918
14670000 5.10644
14680000 4.80761
14690000 4.56949
14700000 4.54651
14710000 4.85729
14720000 6.18321
14730000 5.16976
14740000 6.53658
14750000 4.80675
14760000 4.65159
14770000 6.88486
14780000 5.15691
14790000 4.83513
14800000 4.58601
14810000 4.54576
14820000 4.51902
14830000 6.4607
14840000 5.17616
14850000 6.53632
14860000 4.79255
14870000 4.65001
14880000 7.03081
14890000 5.16482
14900000 4.83802
14910000 4.60029
14920000 4.54757
14930000 4.52723
14940000 6.49582
14950000 5.17071
14960000 6.85686
14970000 4.79094
14980000 4.64572
14990000 6.07097
15000000 5.24995
15010000 4.83503
15020000 4.59979
15030000 4.48093
15040000 4.52611
15050000 4.8975
15060000 5.53965
15070000 6.86077
15080000 4.89999
15090000 4.66741
15100000 6.99668
15110000 5.25087
15120000 4.87316
15130000 4.59177
15140000 4.47966
15150000 4.51541
15160000 4.52567
15170000 5.54873
15180000 6.86135
15190000 4.8967
15200000 4.69926
15210000 7.00219
15220000 5.49085
15230000 4.88361
15240000 4.59185
15250000 4.4793
15260000 4.52056
15270000 4.57694
15280000 6.01159
15290000 6.8792
15300000 4.9
15310000 4.75198
15320000 8.78728
15330000 5.47053
15340000 4.88436
15350000 4.58981
15360000 4.47363
15370000 4.51594
15380000 4.58147
15390000 6.00107
15400000 6.86032
15410000 4.91472
15420000 4.75002
15430000 7.21708
15440000 5.69703
15450000 4.87639
15460000 4.58834
15470000 4.47961
15480000 4.5189
15490000 4.57848
15500000 5.99719
15510000 5.02724
15520000 4.90988
15530000 4.74665
15540000 7.21742
15550000 5.69162
15560000 5.10725
15570000 4.58641
15580000 4.47869
15590000 4.50962
15600000 4.8953
15610000 5.69363
15620000 5.02847
15630000 4.9077
15640000 4.77917
15650000 7.21915
15660000 5.68182
15670000 5.09415
15680000 4.58844
15690000 4.49897
15700000 4.52346
15710000 4.89811
15720000 5.68249
15730000 5.05553
15740000 4.90339
15750000 4.77873
15760000 7.20851
15770000 5.67393
15780000 5.09283
15790000 4.58806
15800000 4.50153
15810000 4.52204
15820000 4.89029
15830000 5.67895
15840000 5.05036
15850000 5.26714
15860000 4.85186
15870000 7.20333
15880000 5.69476
15890000 5.09071
15900000 4.6592
15910000 4.5009
15920000 4.51491
15930000 4.89204
15940000 5.69263
15950000 5.05092
15960000 6.10813
15970000 4.85606
15980000 7.68617
15990000 6.24852
16000000 5.0724
16010000 4.65406
16020000 4.51566
16030000 4.51693
16040000 4.89584
16050000 5.68649
16060000 5.00999
16070000 6.42704
16080000 4.8488
16090000 4.58362
16100000 6.24989
16110000 5.07699
16120000 4.65873
16130000 4.51867
16140000 4.51756
16150000 4.95175
16160000 6.14156
16170000 5.00999
16180000 6.46219
16190000 4.91025
16200000 4.61163
16210000 6.82122
16220000 5.10119
16230000 4.68744
16240000 4.5544
16250000 4.52348
16260000 4.84596
16270000 6.15275
16280000 5.01455
16290000 6.49347
16300000 4.92164
16310000 4.6107
16320000 6.8475
16330000 5.09921
16340000 4.68797
16350000 4.54883
16360000 4.52504
16370000 4.84094
16380000 6.1605
16390000 5.06759
16400000 6.49533
16410000 4.95719
16420000 4.63748
16430000 6.86657
16440000 5.09104
16450000 4.7899
16460000 4.55177
16470000 4.528
16480000 4.84037
16490000 6.16763
16500000 5.1426
16510000 6.52259
16520000 4.79019
16530000 4.63592
16540000 6.87241
16550000 5.09005
16560000 4.79153
16570000 4.5686
16580000 4.52819
16590000 4.50149
16600000 6.4442
16610000 5.15915
16620000 6.52161
16630000 4.77665
16640000 4.63309
16650000 7.01779
16660000 5.14978
16670000 4.82023
16680000 4.58327
16690000 4.52896
16700000 4.50976
16710000 6.48022
16720000 5.15308
16730000 6.84229
16740000 4.77441
16750000 4.62965
16760000 6.05726
16770000 5.23591
16780000 4.81816
16790000 4.58326
16800000 4.46376
16810000 4.50853
16820000 4.87848
16830000 5.22846
16840000 6.84625
16850000 4.88246
16860000 4.65204
16870000 6.9846
16880000 5.23483
16890000 4.85579
16900000 4.57456
16910000 4.46233
16920000 4.49825
16930000 4.50936
16940000 5.52045
16950000 6.8479
16960000 4.88019
16970000 4.68345
16980000 6.98962
16990000 5.22486
17000000 4.86664
17010000 4.57464
17020000 4.46043
17030000 4.50337
17040000 4.56184
17050000 5.94863
17060000 6.86453
17070000 4.88393
17080000 4.73477
17090000 8.77736
17100000 5.4532
17110000 4.86733
17120000 4.57356
17130000 4.45702
17140000 4.49933
17150000 4.56504
17160000 5.9846
17170000 6.84617
17180000 4.89849
17190000 4.73355
17200000 7.2065
17210000 5.65792
17220000 4.86006
17230000 4.57142
17240000 4.46295
17250000 4.50223
17260000 4.56234
17270000 5.98131
17280000 5.01075
17290000 4.89461
17300000 4.73224
17310000 7.20687
17320000 5.67879
17330000 5.09093
17340000 4.57023
17350000 4.46203
17360000 4.49398
17370000 4.87965
17380000 5.6778
17390000 5.01141
17400000 4.89197
17410000 4.76419
17420000 7.20876
17430000 5.66899
17440000 5.07803
17450000 4.57242
17460000 4.48417
17470000 4.50697
17480000 4.88433
17490000 5.6678
17500000 5.03919
17510000 4.88709
17520000 4.7651
17530000 7.19783
17540000 5.66069
17550000 5.07741
17560000 4.57222
17570000 4.48463
17580000 4.50596
17590000 4.8748
17600000 5.66346
17610000 5.03393
17620000 5.25159
17630000 4.84454
17640000 7.1931
17650000 5.68876
17660000 5.07571
17670000 4.64344
17680000 4.48573
17690000 4.49861
17700000 4.87638
17710000 5.67007
17720000 5.03456
17730000 6.09392
17740000 4.84194
17750000 7.6762
17760000 6.23605
17770000 5.05881
17780000 4.63901
17790000 4.49995
17800000 4.50078
17810000 4.87991
17820000 5.67111
17830000 4.99382
17840000 6.41437
17850000 4.83465
17860000 4.569
17870000 6.23822
17880000 5.05861
17890000 4.64281
17900000 4.50318
17910000 4.502
17920000 4.9369
17930000 6.12725
17940000 4.99395
17950000 6.41476
17960000 4.89518
17970000 4.59745
17980000 6.81006
17990000 5.09001
18000000 4.67194
18010000 4.53777
18020000 4.50781
18030000 4.83127
18040000 6.13795
18050000 4.99877
18060000 6.48061
18070000 4.90783
18080000 4.59607
18090000 6.83663
18100000 5.08589
18110000 4.67294
18120000 4.53386
18130000 4.50684
18140000 4.82663
18150000 6.14601
18160000 5.05163
18170000 6.48464
18180000 4.94467
18190000 4.60798
18200000 6.88167
18210000 5.07785
18220000 4.77258
18230000 4.53528
18240000 4.51283
18250000 4.82608
18260000 6.1536
18270000 5.1272
18280000 6.50843
18290000 4.77613
18300000 4.62059
18310000 6.86232
18320000 5.07683
18330000 4.77645
18340000 4.55372
18350000 4.51279
18360000 4.48691
18370000 6.42932
18380000 5.14373
18390000 6.5084
18400000 4.76401
18410000 4.61865
18420000 7.01082
18430000 5.13697
18440000 4.805
18450000 4.5689
18460000 4.51381
18470000 4.49458
18480000 6.46734
18490000 5.13663
18500000 6.87261
18510000 4.75999
18520000 4.61821
18530000 6.03784
18540000 5.22297
18550000 4.8037
18560000 4.56896
18570000 4.44839
18580000 4.49373
18590000 4.8629
18600000 5.2134
18610000 6.8337
18620000 4.86815
18630000 4.63728
18640000 6.46888
18650000 5.2218
18660000 4.8412
18670000 4.5599
18680000 4.4478
18690000 4.48373
18700000 4.49465
18710000 5.50618
18720000 6.83524
18730000 4.86572
18740000 4.66042
18750000 6.97878
18760000 5.21183
18770000 4.85174
18780000 4.56041
18790000 4.44607
18800000 4.48877
18810000 4.54768
18820000 5.51865
18830000 6.85248
18840000 4.87025
18850000 4.72169
18860000 6.9861
18870000 5.44113
18880000 4.85224
18890000 4.55935
18900000 4.44268
18910000 4.48486
18920000 4.55233
18930000 5.97042
18940000 6.83389
18950000 4.88463
18960000 4.7204
18970000 7.1975
18980000 5.64578
18990000 4.84554
19000000 4.5574
19010000 4.44161
19020000 4.48762
19030000 4.54882
19040000 5.97187
19050000 4.99671
19060000 4.88092
19070000 4.71877
19080000 7.20513
19090000 5.66754
19100000 4.85086
19110000 4.55627
19120000 4.44754
19130000 4.48392
19140000 4.87045
19150000 5.66404
19160000 4.99556
19170000 4.8778
19180000 4.75083
19190000 7.19208
19200000 5.65772
19210000 5.06416
19220000 4.55856
19230000 4.47038
19240000 4.48473
19250000 4.87107
19260000 5.65451
19270000 5.02472
19280000 4.87588
19290000 4.75251
19300000 7.18691
19310000 5.64904
19320000 5.06441
19330000 4.55871
19340000 4.47057
19350000 4.49217
19360000 4.86164
19370000 5.64942
19380000 5.01989
19390000 5.23832
19400000 4.82475
19410000 7.1841
19420000 5.6765
19430000 5.06306
19440000 4.63005
19450000 4.46956
19460000 4.4849
19470000 4.86294
19480000 5.65646
19490000 5.02036
19500000 5.67445
19510000 4.82998
19520000 7.66752
19530000 6.22521
19540000 5.04484
19550000 4.62625
19560000 4.48651
19570000 4.48754
19580000 4.86997
19590000 5.65993
19600000 4.97966
19610000 6.11092
19620000 4.82308
19630000 4.54939
19640000 6.22776
19650000 5.04678
19660000 4.62958
19670000 4.48953
19680000 4.48828
19690000 4.92549
19700000 6.11467
19710000 4.97961
19720000 6.40326
19730000 4.88277
19740000 4.58517
19750000 6.80061
19760000 5.08015
19770000 4.65849
19780000 4.52464
19790000 4.49414
19800000 4.81775
19810000 6.12546
19820000 4.98625
19830000 6.46885
19840000 4.89608
19850000 4.58377
19860000 6.82733
19870000 5.07587
19880000 4.66056
19890000 4.52077
19900000 4.49323
19910000 4.81346
19920000 6.13323
19930000 5.03957
19940000 6.46771
19950000 4.90218
19960000 4.59482
19970000 6.87419
19980000 5.06758
19990000 4.75293
20000000 4.52208
20010000 4.4995
20020000 4.81347
20030000 6.14191
20040000 5.11387
20050000 6.49921
20060000 4.75626
20070000 4.6125
20080000 6.85398
20090000 5.06517
20100000 4.76254
20110000 4.54085
20120000 4.49955
20130000 4.46922
20140000 6.41865
20150000 5.12988
20160000 6.49979
20170000 4.75176
20180000 4.60676
20190000 7.00151
20200000 5.12572
20210000 4.79197
20220000 4.55629
20230000 4.49942
20240000 4.48164
20250000 6.45573
20260000 5.12349
20270000 6.86264
20280000 4.74754
20290000 4.60633
20300000 6.02874
20310000 5.09728
20320000 4.79013
20330000 4.55679
20340000 4.43427
20350000 4.48087
20360000 4.84979
20370000 5.20115
20380000 6.82142
20390000 4.85573
20400000 4.62567
20410000 6.45844
20420000 5.21076
20430000 4.82828
20440000 4.54712
20450000 4.43132
20460000 4.47093
20470000 4.48272
20480000 5.49389
20490000 6.82468
20500000 4.85383
20510000 4.62513
20520000 6.96995
20530000 5.20074
20540000 4.83914
20550000 4.54829
20560000 4.43462
20570000 4.476
20580000 4.5361
20590000 5.50627
20600000 6.84164
20610000 4.86151
20620000 4.71009
20630000 6.97619
20640000 5.42971
20650000 4.83899
20660000 4.54706
20670000 4.43129
20680000 4.47224
20690000 4.54001
20700000 5.95886
20710000 6.79751
20720000 4.87266
20730000 4.7077
20740000 7.18929
20750000 5.63567
20760000 4.83459
20770000 4.54519
20780000 4.42917
20790000 4.47489
20800000 4.5353
20810000 5.95977
20820000 4.98202
20830000 4.86778
20840000 4.70763
20850000 7.19699
20860000 5.65733
20870000 4.83479
20880000 4.54418
20890000 4.43746
20900000 4.47302
20910000 4.85848
20920000 5.65202
20930000 4.97544
20940000 4.86621
20950000 4.71161
20960000 7.18436
20970000 5.64718
20980000 5.05224
20990000 4.5461
21000000 4.45732
21010000 4.47244
21020000 4.85928
21030000 5.65073
21040000 5.0122
21050000 4.86222
21060000 4.7416
21070000 7.17858
21080000 5.6438
21090000 5.05265
21100000 4.54687
21110000 4.45806
21120000 4.48055
21130000 4.85216
21140000 5.63801
21150000 5.01129
21160000 5.22651
21170000 4.81379
21180000 7.17618
21190000 5.66557
21200000 5.05164
21210000 4.61833
21220000 4.45724
21230000 4.47257
21240000 4.85137
21250000 5.64379
21260000 5.00782
21270000 5.66309
21280000 4.81929
21290000 7.66073
21300000 6.21696
21310000 5.03459
21320000 4.61445
21330000 4.45817
21340000 4.47497
21350000 4.85821
21360000 5.64849
21370000 4.96738
21380000 6.10009
21390000 4.81385
21400000 4.53812
21410000 6.21816
21420000 5.03669
21430000 4.61805
21440000 4.47757
21450000 4.47644
21460000 4.9141
21470000 6.1037
21480000 4.96721
21490000 6.3922
21500000 4.87194
21510000 4.57327
21520000 6.79209
21530000 5.07021
21540000 4.64696
21550000 4.51294
21560000 4.48225
21570000 4.80355
21580000 6.11315
21590000 4.97347
21600000 6.42868
21610000 4.88563
21620000 4.57389
21630000 6.81932
21640000 5.06563
21650000 4.65076
21660000 4.50874
21670000 4.48156
21680000 4.8019
21690000 6.12091
21700000 5.02818
21710000 6.45809
21720000 4.89183
21730000 4.58354
21740000 6.86609
21750000 5.05758
21760000 4.74159
21770000 4.50958
21780000 4.48873
21790000 4.80343
21800000 6.12836
21810000 5.10179
21820000 6.48987
21830000 4.74673
21840000 4.61105
21850000 6.84554
21860000 5.05515
21870000 4.75132
21880000 4.51874
21890000 4.48778
21900000 4.45756
21910000 6.3975
21920000 5.11723
21930000 6.48986
21940000 4.74131
21950000 4.59638
21960000 6.9924
21970000 5.11625
21980000 4.78152
21990000 4.54493
22000000 4.48746
22010000 4.46996
22020000 6.4446
22030000 5.11359
22040000 6.8528
22050000 4.73777
22060000 4.59588
22070000 6.01954
22080000 5.09318
22090000 4.77882
22100000 4.54528
22110000 4.42395
22120000 4.46937
22130000 4.83883
22140000 5.18912
22150000 6.81067
22160000 4.84418
22170000 4.6056
22180000 6.44929
22190000 5.20094
22200000 4.81163
22210000 4.53595
22220000 4.41936
22230000 4.45989
22240000 4.47119
22250000 5.48257
22260000 6.81506
22270000 4.8431
22280000 4.61772
22290000 6.96061
22300000 5.19131
22310000 4.82744
22320000 4.53713
22330000 4.42354
22340000 4.46362
22350000 4.52704
22360000 5.49455
22370000 6.83268
22380000 4.85112
22390000 4.69988
22400000 6.96798
22410000 5.44571
22420000 4.82786
22430000 4.53636
22440000 4.4206
22450000 4.46086
22460000 4.52914
22470000 5.94808
22480000 6.78795
22490000 4.86193
22500000 4.69725
22510000 7.18227
22520000 5.42388
22530000 4.82332
22540000 4.53444
22550000 4.41822
22560000 4.46333
22570000 4.52413
22580000 5.9487
22590000 4.97087
22600000 4.85647
22610000 4.69734
22620000 7.18151
22630000 5.64792
22640000 4.82302
22650000 4.53324
22660000 4.42634
22670000 4.4625
22680000 4.84653
22690000 5.64113
22700000 4.96364
22710000 4.85552
22720000 4.70153
22730000 7.17838
22740000 5.63807
22750000 5.04203
22760000 4.5354
22770000 4.44654
22780000 4.46132
22790000 4.84684
22800000 5.63896
22810000 5.00294
22820000 4.85131
22830000 4.72909
22840000 7.17183
22850000 5.63476
22860000 5.039
22870000 4.5362
22880000 4.44634
22890000 4.46983
22900000 4.84189
22910000 5.62766
22920000 5.00056
22930000 5.2149
22940000 4.80377
22950000 7.17073
22960000 5.65667
22970000 5.04103
22980000 4.54262
22990000 4.44656
23000000 4.46191
23010000 4.84088
23020000 5.6337
23030000 4.99692
23040000 5.6535
23050000 4.80989
23060000 7.65352
23070000 6.20934
23080000 5.00478
23090000 4.6043
23100000 4.4475
23110000 4.46409
23120000 4.84627
23130000 5.638
23140000 4.95767
23150000 6.09049
23160000 4.80398
23170000 4.5282
23180000 6.2103
23190000 5.02748
23200000 4.60753
23210000 4.46612
23220000 4.46604
23230000 4.90397
23240000 6.0941
23250000 4.95592
23260000 6.38248
23270000 4.86257
23280000 4.56302
23290000 6.78445
23300000 5.0611
23310000 4.63682
23320000 4.50276
23330000 4.47152
23340000 4.90224
23350000 6.10242
23360000 4.96204
23370000 6.41923
23380000 4.87634
23390000 4.56396
23400000 6.81162
23410000 5.05668
23420000 4.64019
23430000 4.4983
23440000 4.47133
23450000 4.79196
23460000 6.11466
23470000 5.01713
23480000 6.44941
23490000 4.88275
23500000 4.57338
23510000 6.85882
23520000 5.04889
23530000 4.73161
23540000 4.49893
23550000 4.478
23560000 4.79313
23570000 6.11883
23580000 5.01309
23590000 6.48106
23600000 4.73711
23610000 4.60176
23620000 6.83699
23630000 5.04643
23640000 4.74102
23650000 4.50068
23660000 4.47777
23670000 4.79361
23680000 6.38944
23690000 5.10669
23700000 6.48083
23710000 4.73155
23720000 4.5867
23730000 6.98392
23740000 5.10809
23750000 4.77292
23760000 4.53479
23770000 4.47709
23780000 4.45916
23790000 6.42954
23800000 5.10398
23810000 6.84388
23820000 4.72836
23830000 4.5872
23840000 6.01163
23850000 5.08404
23860000 4.76856
23870000 4.53501
23880000 4.41371
23890000 4.45935
23900000 4.82783
23910000 5.17884
23920000 6.80205
23930000 4.83454
23940000 4.59578
23950000 6.44139
23960000 5.19208
23970000 4.79936
23980000 4.52584
23990000 4.40927
24000000 4.44991
24010000 4.46144
24020000 5.47271
24030000 6.80057
24040000 4.8328
24050000 4.60823
24060000 6.95339
24070000 5.18309
24080000 4.81717
24090000 4.52804
24100000 4.41351
24110000 4.45352
24120000 4.51684
24130000 5.48482
24140000 6.82364
24150000 4.84149
24160000 4.66062
24170000 6.96123
24180000 5.43774
24190000 4.81679
24200000 4.5263
24210000 4.41082
24220000 4.4515
24230000 4.5193
24240000 5.93919
24250000 6.77304
24260000 4.85017
24270000 4.68856
24280000 7.1745
24290000 5.41565
24300000 4.81405
24310000 4.52476
24320000 4.40833
24330000 4.45332
24340000 4.51494
24350000 5.93898
24360000 4.96191
24370000 4.847
24380000 4.68792
24390000 7.1735
24400000 5.63974
24410000 4.81323
24420000 4.52301
24430000 4.41615
24440000 4.45253
24450000 4.83761
24460000 5.63173
24470000 4.95636
24480000 4.84609
24490000 4.69281
24500000 7.17366
24510000 5.63023
24520000 5.03421
24530000 4.52495
24540000 4.43671
24550000 4.45193
24560000 4.83731
24570000 5.62964
24580000 4.99366
24590000 4.84173
24600000 4.72017
24610000 7.16585
24620000 5.62725
24630000 5.02981
24640000 4.52662
24650000 4.43686
24660000 4.46041
24670000 4.83196
24680000 5.61682
24690000 4.99068
24700000 4.96437
24710000 4.79554
24720000 7.16448
24730000 5.64838
24740000 5.03183
24750000 4.53269
24760000 4.43725
24770000 4.4525
24780000 4.83134
24790000 5.62097
24800000 4.98703
24810000 5.64424
24820000 4.79876
24830000 7.64732
24840000 5.96903
24850000 4.99638
24860000 4.59515
24870000 4.43829
24880000 4.45428
24890000 4.83797
24900000 5.62884
24910000 4.94796
24920000 6.0822
24930000 4.79603
24940000 4.52067
24950000 6.20323
24960000 5.01977
24970000 4.59822
24980000 4.45695
24990000 4.45675
25000000 4.89154
25010000 6.08533
25020000 4.94679
25030000 6.37402
25040000 4.85423
25050000 4.55806
25060000 6.77861
25070000 5.05301
25080000 4.62774
25090000 4.49325
25100000 4.46194
25110000 4.89177
25120000 6.09293
25130000 4.95236
25140000 6.41529
25150000 4.86973
25160000 4.55529
25170000 6.80527
25180000 5.04883
25190000 4.62949
25200000 4.49132
25210000 4.46114
25220000 4.78313
25230000 6.10535
25240000 5.00731
25250000 6.44152
25260000 4.87344
25270000 4.56488
25280000 6.85298
25290000 5.04103
25300000 4.69655
25310000 4.48599
25320000 4.46931
25330000 4.78383
25340000 6.11084
25350000 5.00365
25360000 6.4723
25370000 4.72836
25380000 4.59393
25390000 6.8306
25400000 5.03897
25410000 4.73181
25420000 4.49152
25430000 4.46832
25440000 4.78432
25450000 6.38117
25460000 5.09853
25470000 6.47288
25480000 4.72279
25490000 4.58132
25500000 6.97167
25510000 5.09999
25520000 4.76358
25530000 4.52586
25540000 4.46696
25550000 4.44897
25560000 6.42159
25570000 5.09452
25580000 6.83582
25590000 4.71983
25600000 4.57951
25610000 6.00506
25620000 5.07733
25630000 4.75936
25640000 4.52614
25650000 4.47754
25660000 4.45039
25670000 4.81914
25680000 5.16729
25690000 6.79159
25700000 4.82597
25710000 4.5746
25720000 6.43519
25730000 5.18436
25740000 4.75631
25750000 4.51937
25760000 4.40068
25770000 4.44123
25780000 4.45134
25790000 5.46419
25800000 6.79797
25810000 4.82404
25820000 4.5999
25830000 6.94553
25840000 5.17962
25850000 4.80865
25860000 4.51881
25870000 4.40495
25880000 4.44405
25890000 4.508
25900000 5.47549
25910000 6.8162
25920000 4.83312
25930000 4.6525
25940000 6.94992
25950000 5.43078
25960000 4.80814
25970000 4.51739
25980000 4.40186
25990000 4.44248
26000000 4.51039
26010000 5.93076
26020000 6.82022
26030000 4.84192
26040000 4.68019
26050000 7.16866
26060000 5.40774
26070000 4.80911
26080000 4.51599
26090000 4.39944
26100000 4.443
26110000 4.50645
26120000 5.93129
26130000 4.95251
26140000 4.84154
26150000 4.68166
26160000 7.16952
26170000 5.63282
26180000 4.80411
26190000 4.51405
26200000 4.40729
26210000 4.44315
26220000 4.82899
26230000 5.62367
26240000 4.94777
26250000 4.83887
26260000 4.68588
26270000 7.16797
26280000 5.6332
26290000 5.0331
26300000 4.51601
26310000 4.41756
26320000 4.44301
26330000 4.82567
26340000 5.62235
26350000 4.98475
26360000 4.83318
26370000 4.71182
26380000 7.16267
26390000 5.62176
26400000 5.02408
26410000 4.518
26420000 4.42783
26430000 4.45186
26440000 4.82525
26450000 5.60936
26460000 4.98209
26470000 4.95568
26480000 4.78246
26490000 7.15908
26500000 5.6411
26510000 5.02258
26520000 4.52435
26530000 4.42935
26540000 4.45283
26550000 4.8225
26560000 5.61169
26570000 4.97821
26580000 5.63631
26590000 4.79105
26600000 7.64185
26610000 5.96205
26620000 4.98895
26630000 4.58805
26640000 4.42943
26650000 4.4455
26660000 4.82975
26670000 5.62129
26680000 4.93931
26690000 6.07453
26700000 4.78856
26710000 4.51229
26720000 6.19708
26730000 5.01238
26740000 4.58871
26750000 4.44842
26760000 4.44857
26770000 4.88216
26780000 6.07727
26790000 4.93756
26800000 6.36623
26810000 4.84538
26820000 4.5505
26830000 6.77299
26840000 5.04591
26850000 4.62006
26860000 4.44195
26870000 4.4514
26880000 4.88305
26890000 6.08497
26900000 4.94157
26910000 6.4078
26920000 4.86203
26930000 4.54733
26940000 6.80086
26950000 5.03884
26960000 4.62061
26970000 4.48558
26980000 4.45258
26990000 4.77615
27000000 6.09707
27010000 5.00176
27020000 6.43397
27030000 4.86612
27040000 4.5577
27050000 6.84715
27060000 5.03513
27070000 4.67136
27080000 4.47767
27090000 4.45622
27100000 4.77562
27110000 6.1039
27120000 4.99497
27130000 6.46485
27140000 4.72065
27150000 4.5862
27160000 6.82416
27170000 5.03177
27180000 4.7248
27190000 4.48299
27200000 4.45876
27210000 4.77598
27220000 6.37335
27230000 5.09004
27240000 6.4657
27250000 4.71655
27260000 4.57197
27270000 6.82763
27280000 5.09425
27290000 4.75507
27300000 4.51795
27310000 4.45857
27320000 4.44051
27330000 6.41789
27340000 5.0859
27350000 6.8292
27360000 4.71193
27370000 4.57171
27380000 5.99676
27390000 5.06959
27400000 4.75116
27410000 4.51763
27420000 4.46932
27430000 4.44218
27440000 4.81097
27450000 5.15854
27460000 6.7861
27470000 4.80437
27480000 4.57108
27490000 6.42916
27500000 5.18175
27510000 4.74832
27520000 4.51111
27530000 4.39681
27540000 4.43295
27550000 4.44869
27560000 5.45572
27570000 6.79133
27580000 4.8163
27590000 4.5922
27600000 6.9386
27610000 5.17218
27620000 4.78712
27630000 4.5109
27640000 4.39844
27650000 4.43595
27660000 4.49999
27670000 5.46733
27680000 6.81122
27690000 4.82557
27700000 4.63482
27710000 6.94454
27720000 5.42356
27730000 4.80022
27740000 4.51014
27750000 4.39377
27760000 4.43434
27770000 4.48121
27780000 5.92928
27790000 6.81263
27800000 4.83461
27810000 4.67293
27820000 7.16337
27830000 5.40096
27840000 4.80061
27850000 4.50813
27860000 4.39154
27870000 4.4352
27880000 4.49821
27890000 5.92398
27900000 4.94454
27910000 4.83547
27920000 4.67446
27930000 7.16453
27940000 5.62652
27950000 4.79529
27960000 4.50626
27970000 4.3991
27980000 4.43507
27990000 4.82123
28000000 5.61574
28010000 4.9409
28020000 4.83109
28030000 4.67848
28040000 7.1601
28050000 5.627
28060000 5.02943
28070000 4.50825
28080000 4.41
28090000 4.43516
28100000 4.81862
28110000 5.6144
28120000 4.97726
28130000 4.82983
28140000 4.70586
28150000 7.15746
28160000 5.6153
28170000 5.01687
28180000 4.50918
28190000 4.42017
28200000 4.44354
28210000 4.81791
28220000 5.60378
28230000 4.97373
28240000 4.94799
28250000 4.76422
28260000 7.15414
28270000 5.63483
28280000 5.01474
28290000 4.5167
28300000 4.42146
28310000 4.44546
28320000 4.81464
28330000 5.60416
28340000 4.97019
28350000 5.62893
28360000 4.78408
28370000 7.64266
28380000 5.9559
28390000 4.98235
28400000 4.58015
28410000 4.42149
28420000 4.43775
28430000 4.81846
28440000 5.61582
28450000 4.9301
28460000 6.06805
28470000 4.78303
28480000 4.50494
28490000 6.18913
28500000 5.00554
28510000 4.58152
28520000 4.44077
28530000 4.44067
28540000 4.87575
28550000 6.07074
28560000 4.93017
28570000 6.35892
28580000 4.83846
28590000 4.54314
28600000 6.76644
28610000 5.03017
28620000 4.61239
28630000 4.43694
28640000 4.44369
28650000 4.87526
28660000 6.07797
28670000 4.93338
28680000 6.39998
28690000 4.84587
28700000 4.54002
28710000 6.79273
28720000 5.03065
28730000 4.61363
28740000 4.4775
28750000 4.44484
28760000 4.76886
28770000 6.087
28780000 4.99407
28790000 6.42712
28800000 4.8592
28810000 4.53813
28820000 6.84253
28830000 5.02848
28840000 4.66355
28850000 4.46989
28860000 4.44573
28870000 4.76794
28880000 6.09659
28890000 4.98712
28900000 6.42714
28910000 4.71368
28920000 4.57908
28930000 6.81346
28940000 5.02519
28950000 4.71862
28960000 4.47573
28970000 4.45136
28980000 4.76852
28990000 6.09902
29000000 5.08202
29010000 6.45915
29020000 4.71045
29030000 4.56779
29040000 6.82258
29050000 5.07785
29060000 4.74727
29070000 4.51058
29080000 4.45106
29090000 4.4322
29100000 6.38077
29110000 5.07829
29120000 6.82084
29130000 4.70474
29140000 4.56472
29150000 5.99065
29160000 5.06297
29170000 4.74321
29180000 4.50984
29190000 4.46154
29200000 4.43497
29210000 6.41241
29220000 5.15016
29230000 6.77947
29240000 4.72699
29250000 4.56374
29260000 6.42385
29270000 5.17541
29280000 4.74101
29290000 4.50296
29300000 4.39061
29310000 4.42595
29320000 4.44172
29330000 5.44832
29340000 6.78403
29350000 4.80925
29360000 4.58932
29370000 6.9323
29380000 5.17129
29390000 4.78039
29400000 4.50405
29410000 4.39099
29420000 4.42857
29430000 4.49448
29440000 5.46034
29450000 6.80065
29460000 4.80949
29470000 4.62833
29480000 6.93953
29490000 5.41777
29500000 4.79264
29510000 4.50289
29520000 4.38636
29530000 4.42698
29540000 4.47374
29550000 5.92176
29560000 6.80646
29570000 4.82736
29580000 4.66598
29590000 7.16015
29600000 5.39438
29610000 4.79311
29620000 4.50078
29630000 4.38442
29640000 4.42748
29650000 4.49077
29660000 5.91609
29670000 4.93754
29680000 4.82896
29690000 4.66774
29700000 7.16206
29710000 5.61951
29720000 4.78802
29730000 4.50036
29740000 4.39157
29750000 4.42875
29760000 4.81494
29770000 5.60855
29780000 4.93393
29790000 4.82379
29800000 4.6721
29810000 7.15534
29820000 5.62092
29830000 5.02257
29840000 4.50022
29850000 4.40309
29860000 4.42118
29870000 4.81177
29880000 5.60751
29890000 4.9442
29900000 4.82218
29910000 4.69954
29920000 7.15274
29930000 5.60944
29940000 5.00884
29950000 4.5033
29960000 4.41398
29970000 4.43666
29980000 4.8125
29990000 5.59788
30000000 4.9661
