10000 8.08666
20000 6.30595
30000 5.67461
40000 5.33309
50000 5.33969
60000 5.04351
70000 4.90578
80000 4.8237
90000 4.74559
100000 4.6775
110000 5.09992
120000 4.64412
130000 4.54215
140000 4.4991
150000 4.47831
160000 4.43162
170000 4.39785
180000 4.36689
190000 4.34235
200000 4.32919
210000 4.30904
220000 4.35245
230000 4.29798
240000 4.46779
250000 4.32135
260000 4.26416
270000 4.48652
280000 4.34758
290000 4.22311
300000 4.21493
310000 4.19718
320000 4.17786
330000 4.68832
340000 4.29739
350000 4.16353
360000 4.15013
370000 4.15881
380000 4.13813
390000 4.12874
400000 4.12033
410000 4.11639
420000 4.12324
430000 4.12079
440000 4.18328
450000 4.14705
460000 4.33472
470000 4.26675
480000 4.15053
490000 4.38217
500000 4.26576
510000 4.14133
520000 4.14066
530000 4.13233
540000 4.12312
550000 4.31745
560000 4.26393
570000 4.14206
580000 4.12514
590000 4.14089
600000 4.12558
610000 4.12196
620000 4.11932
630000 4.12037
640000 4.13215
650000 4.13456
660000 4.17246
670000 4.19287
680000 4.36409
690000 4.29565
700000 4.18533
710000 4.17151
720000 4.30773
730000 4.18455
740000 4.18853
750000 4.18159
760000 4.17533
770000 4.36969
780000 4.34757
790000 4.20416
800000 4.18875
810000 4.20443
820000 4.19812
830000 4.19042
840000 4.18962
850000 4.19246
860000 4.20646
870000 4.21005
880000 4.24898
890000 4.2662
900000 4.442
910000 4.30993
920000 4.26771
930000 4.25597
940000 4.39345
950000 4.27116
960000 4.26631
970000 4.27008
980000 4.26591
990000 4.45691
1000000 4.44453
1010000 4.29692
1020000 4.28277
1030000 4.31266
1040000 4.29424
1050000 4.28742
1060000 4.28752
1070000 4.29127
1080000 4.30605
1090000 4.30969
1100000 4.34862
1110000 4.36753
1120000 4.60464
1130000 4.41046
1140000 4.37658
1150000 4.36544
1160000 4.49402
1170000 4.37521
1180000 4.37287
1190000 4.37666
1200000 4.37166
1210000 4.55949
1220000 4.55313
1230000 4.40414
1240000 4.39016
1250000 4.42196
1260000 4.40222
1270000 4.3968
1280000 4.39948
1290000 4.40078
1300000 4.41588
1310000 4.41906
1320000 4.42382
1330000 4.47687
1340000 4.7136
1350000 4.51661
1360000 4.48682
1370000 4.47644
1380000 4.7134
1390000 4.48766
1400000 4.48468
1410000 4.4941
1420000 4.48413
1430000 4.66784
1440000 4.58309
1450000 4.52531
1460000 4.50396
1470000 4.53461
1480000 4.51596
1490000 4.51387
1500000 4.51347
1510000 4.51505
1520000 4.51909
1530000 4.53368
1540000 4.53834
1550000 4.59014
1560000 4.62455
1570000 4.62981
1580000 4.61845
1590000 4.59067
1600000 4.81908
1610000 4.61507
1620000 4.60382
1630000 4.60866
1640000 4.60117
1650000 5.19408
1660000 4.75268
1670000 4.67522
1680000 4.61963
1690000 4.6209
1700000 4.63621
1710000 4.62931
1720000 4.63004
1730000 4.6302
1740000 4.63522
1750000 4.64921
1760000 4.65378
1770000 4.70297
1780000 4.665
1790000 4.74319
1800000 4.74215
1810000 4.71137
1820000 4.92891
1830000 4.75345
1840000 4.71922
1850000 4.72352
1860000 4.71906
1870000 4.71507
1880000 5.18635
1890000 4.78947
1900000 4.73601
1910000 4.73632
1920000 4.75408
1930000 4.74475
1940000 4.7452
1950000 4.74612
1960000 4.75082
1970000 4.76399
1980000 4.76918
1990000 4.83023
2000000 4.80152
2010000 4.97362
2020000 4.85937
2030000 4.82534
2040000 5.03835
2050000 4.92973
2060000 4.83429
2070000 4.8405
2080000 4.8378
2090000 4.83121
2100000 5.29058
2110000 4.95848
2120000 4.85276
2130000 4.85099
2140000 4.86773
2150000 4.85894
2160000 4.85947
2170000 4.86046
2180000 4.86487
2190000 4.87798
2200000 4.88303
2210000 4.9425
2220000 4.91818
2230000 5.08401
2240000 5.03148
2250000 4.93882
2260000 5.14045
2270000 5.04669
2280000 4.9469
2290000 4.9512
2300000 4.94904
2310000 4.94559
2320000 5.1128
2330000 5.07206
2340000 4.9738
2350000 4.96353
2360000 4.98004
2370000 4.97131
2380000 4.97187
2390000 4.97309
2400000 4.97722
2410000 4.99008
2420000 4.9952
2430000 5.02952
2440000 5.0294
2450000 5.19531
2460000 5.1402
2470000 5.05082
2480000 5.0419
2490000 5.15767
2500000 5.05751
2510000 5.06307
2520000 5.05965
2530000 5.05645
2540000 5.21999
2550000 5.20371
2560000 5.08632
2570000 5.07537
2580000 5.09017
2590000 5.08682
2600000 5.08221
2610000 5.08328
2620000 5.08726
2630000 5.10039
2640000 5.10498
2650000 5.13863
2660000 5.15425
2670000 5.30232
2680000 5.1933
2690000 5.15958
2700000 5.1512
2710000 5.26674
2720000 5.16634
2730000 5.16354
2740000 5.16794
2750000 5.16553
2760000 5.3253
2770000 5.31615
2780000 5.19438
2790000 5.18362
2800000 5.20938
2810000 5.19515
2820000 5.19049
2830000 5.19151
2840000 5.19552
2850000 5.20855
2860000 5.21252
2870000 5.24559
2880000 5.26201
2890000 5.46114
2900000 5.29928
2910000 5.27178
2920000 5.26332
2930000 5.37121
2940000 5.27287
2950000 5.27161
2960000 5.2755
2970000 5.27198
2980000 5.42918
2990000 5.42467
3000000 5.3007
3010000 5.28956
3020000 5.31655
3030000 5.30074
3040000 5.29683
3050000 5.29956
3060000 5.30117
3070000 5.31414
3080000 5.31737
3090000 5.32188
3100000 5.36639
3110000 5.5658
3120000 5.40042
3130000 5.37594
3140000 5.36772
3150000 5.56732
3160000 5.37705
3170000 5.37582
3180000 5.38411
3190000 5.37609
3200000 5.53047
3210000 5.4596
3220000 5.41146
3230000 5.39387
3240000 5.41981
3250000 5.40456
3260000 5.40309
3270000 5.4031
3280000 5.4047
3290000 5.40836
3300000 5.42078
3310000 5.42503
3320000 5.46862
3330000 5.49772
3340000 5.50244
3350000 5.49308
3360000 5.46995
3370000 5.66328
3380000 5.49092
3390000 5.48167
3400000 5.48598
3410000 5.47979
3420000 5.98636
3430000 5.60792
3440000 5.52305
3450000 5.49591
3460000 5.49713
3470000 5.50852
3480000 5.50453
3490000 5.50533
3500000 5.50558
3510000 5.50997
3520000 5.52186
3530000 5.52587
3540000 5.56743
3550000 5.53547
3560000 5.60165
3570000 5.60085
3580000 5.5749
3590000 5.76013
3600000 5.61075
3610000 5.58184
3620000 5.58563
3630000 5.58188
3640000 5.57848
3650000 5.98219
3660000 5.64167
3670000 5.59627
3680000 5.59667
3690000 5.61179
3700000 5.60394
3710000 5.60436
3720000 5.60521
3730000 5.60925
3740000 5.62044
3750000 5.6249
3760000 5.67651
3770000 5.65229
3780000 5.79944
3790000 5.70159
3800000 5.67262
3810000 5.85494
3820000 5.76178
3830000 5.68032
3840000 5.68563
3850000 5.68334
3860000 5.67762
3870000 6.07328
3880000 5.78633
3890000 5.69588
3900000 5.69437
3910000 5.70865
3920000 5.70113
3930000 5.70134
3940000 5.70244
3950000 5.70616
3960000 5.71732
3970000 5.72165
3980000 5.77244
3990000 5.75152
4000000 5.89408
4010000 5.84866
4020000 5.76907
4030000 5.94767
4040000 5.86166
4050000 5.77592
4060000 5.77954
4070000 5.77768
4080000 5.77458
4090000 5.91832
4100000 5.88313
4110000 5.79855
4120000 5.7896
4130000 5.80377
4140000 5.79622
4150000 5.79666
4160000 5.79764
4170000 5.80112
4180000 5.81209
4190000 5.81642
4200000 5.84587
4210000 5.84562
4220000 5.98903
4230000 5.94111
4240000 5.86383
4250000 5.85606
4260000 5.95601
4270000 5.86943
4280000 5.8741
4290000 5.87109
4300000 5.86817
4310000 6.00955
4320000 5.9954
4330000 5.89364
4340000 5.88406
4350000 5.89674
4360000 5.89165
4370000 5.8897
4380000 5.89055
4390000 5.89388
4400000 5.90506
4410000 5.909
4420000 5.938
4430000 5.95139
4440000 6.08006
4450000 5.98505
4460000 5.95567
4470000 5.9483
4480000 6.04858
4490000 5.96105
4500000 5.9587
4510000 5.96244
4520000 5.96016
4530000 6.09901
4540000 6.09094
4550000 5.98483
4560000 5.97534
4570000 5.99759
4580000 5.98513
4590000 5.98095
4600000 5.98174
4610000 5.98515
4620000 5.99629
4630000 5.99964
4640000 6.02829
4650000 6.0424
4660000 6.21645
4670000 6.07468
4680000 6.05054
4690000 6.04305
4700000 6.13717
4710000 6.05113
4720000 6.04991
4730000 6.05321
4740000 6.04996
4750000 6.18725
4760000 6.17881
4770000 6.07456
4780000 6.06468
4790000 6.08812
4800000 6.07419
4810000 6.07066
4820000 6.07291
4830000 6.07418
4840000 6.08537
4850000 6.08807
4860000 6.09189
4870000 6.13063
4880000 6.30576
4890000 6.16018
4900000 6.13857
4910000 6.13124
4920000 6.30664
4930000 6.13915
4940000 6.13794
4950000 6.14481
4960000 6.13788
4970000 6.27334
4980000 6.21086
4990000 6.16842
5000000 6.15282
5010000 6.17546
5020000 6.16191
5030000 6.16048
5040000 6.16036
5050000 6.16165
5060000 6.17255
5070000 6.17544
5080000 6.17906
5090000 6.21717
5100000 6.24262
5110000 6.24666
5120000 6.23827
5130000 6.21775
5140000 6.38834
5150000 6.23595
5160000 6.22764
5170000 6.23131
5180000 6.22546
5190000 6.67569
5200000 6.33841
5210000 6.2633
5220000 6.23921
5230000 6.24012
5240000 6.2479
5250000 6.24637
5260000 6.24693
5270000 6.24699
5280000 6.25077
5290000 6.26105
5300000 6.26445
5310000 6.30094
5320000 6.27257
5330000 6.33093
5340000 6.33005
5350000 6.30694
5360000 6.47113
5370000 6.33837
5380000 6.31264
5390000 6.31585
5400000 6.31237
5410000 6.30916
5420000 6.66861
5430000 6.36477
5440000 6.3244
5450000 6.3246
5460000 6.33785
5470000 6.33073
5480000 6.33095
5490000 6.33156
5500000 6.33498
5510000 6.34473
5520000 6.34855
5530000 6.39417
5540000 6.37247
5550000 6.5033
5560000 6.41595
5570000 6.39006
5580000 6.55232
5590000 6.46906
5600000 6.39644
5610000 6.40101
5620000 6.39882
5630000 6.39352
5640000 6.74716
5650000 6.48997
5660000 6.40924
5670000 6.40773
5680000 6.4203
5690000 6.41344
5700000 6.41369
5710000 6.41406
5720000 6.41745
5730000 6.42713
5740000 6.43093
5750000 6.47594
5760000 6.4557
5770000 6.5844
5780000 6.54355
5790000 6.47234
5800000 6.63189
5810000 6.55472
5820000 6.47798
5830000 6.48106
5840000 6.47925
5850000 6.47628
5860000 6.6046
5870000 6.57256
5880000 6.49708
5890000 6.48902
5900000 6.5015
5910000 6.49461
5920000 6.49484
5930000 6.49557
5940000 6.49851
5950000 6.50815
5960000 6.51187
5970000 6.53802
5980000 6.5376
5990000 6.66605
6000000 6.62285
6010000 6.55322
6020000 6.54632
6030000 6.63575
6040000 6.55798
6050000 6.56201
6060000 6.55918
6070000 6.55635
6080000 6.68301
6090000 6.67017
6100000 6.57866
6110000 6.56979
6120000 6.5811
6130000 6.5764
6140000 6.57449
6150000 6.57509
6160000 6.57792
6170000 6.58778
6180000 6.59117
6190000 6.61703
6200000 6.62885
6210000 6.74452
6220000 6.65879
6230000 6.63222
6240000 6.62545
6250000 6.71549
6260000 6.63659
6270000 6.63433
6280000 6.63753
6290000 6.63529
6300000 6.76011
6310000 6.7527
6320000 6.65688
6330000 6.64826
6340000 6.66815
6350000 6.65674
6360000 6.65284
6370000 6.6534
6380000 6.6563
6390000 6.66619
6400000 6.66902
6410000 6.69466
6420000 6.70723
6430000 6.86423
6440000 6.73595
6450000 6.71406
6460000 6.70715
6470000 6.79194
6480000 6.71411
6490000 6.7129
6500000 6.71568
6510000 6.71252
6520000 6.83643
6530000 6.82861
6540000 6.73427
6550000 6.72517
6560000 6.74616
6570000 6.73345
6580000 6.72989
6590000 6.73198
6600000 6.73297
6610000 6.74291
6620000 6.74519
6630000 6.7485
6640000 6.78331
6650000 6.94183
6660000 6.80973
6670000 6.79002
6680000 6.78324
6690000 6.94205
6700000 6.79008
6710000 6.78883
6720000 6.79494
6730000 6.78845
6740000 6.91099
6750000 6.8542
6760000 6.8156
6770000 6.80129
6780000 6.82164
6790000 6.80923
6800000 6.80778
6810000 6.80752
6820000 6.80853
6830000 6.81823
6840000 6.8207
6850000 6.82385
6860000 6.8582
6870000 6.8811
6880000 6.88466
6890000 6.87687
6900000 6.8581
6910000 7.013
6920000 6.87431
6930000 6.86662
6940000 6.86979
6950000 6.86322
6960000 7.27494
6970000 6.96659
6980000 6.89817
6990000 6.87614
7000000 6.87681
7010000 6.88373
7020000 6.88219
7030000 6.88254
7040000 6.88265
7050000 6.88573
7060000 6.8949
7070000 6.89786
7080000 6.93083
7090000 6.90494
7100000 6.95783
7110000 6.95686
7120000 6.93568
7130000 7.08518
7140000 6.96399
7150000 6.94042
7160000 6.9432
7170000 6.93987
7180000 6.93676
7190000 7.26508
7200000 6.98709
7210000 6.95016
7220000 6.95019
7230000 6.96053
7240000 6.95548
7250000 6.95553
7260000 6.95594
7270000 6.9589
7280000 6.96758
7290000 6.97097
7300000 7.01238
7310000 6.99242
7320000 7.11177
7330000 7.03179
7340000 7.00802
7350000 7.15615
7360000 7.07987
7370000 7.0134
7380000 7.01743
7390000 7.01528
7400000 7.01026
7410000 7.33408
7420000 7.09804
7430000 7.02414
7440000 7.02261
7450000 7.03394
7460000 7.02752
7470000 7.02761
7480000 7.0278
7490000 7.03075
7500000 7.03944
7510000 7.04276
7520000 7.08375
7530000 7.06508
7540000 7.18277
7550000 7.14515
7560000 7.07985
7570000 7.22588
7580000 7.15497
7590000 7.08458
7600000 7.08727
7610000 7.08545
7620000 7.08256
7630000 7.19993
7640000 7.17043
7650000 7.10113
7660000 7.0936
7670000 7.10488
7680000 7.09843
7690000 7.0985
7700000 7.09902
7710000 7.10157
7720000 7.11025
7730000 7.11352
7740000 7.13732
7750000 7.13677
7760000 7.25453
7770000 7.21466
7780000 7.15065
7790000 7.14419
7800000 7.2261
7810000 7.1546
7820000 7.15815
7830000 7.15541
7840000 7.15265
7850000 7.26876
7860000 7.25687
7870000 7.17266
7880000 7.16437
7890000 7.1746
7900000 7.16962
7910000 7.16825
7920000 7.16868
7930000 7.17112
7940000 7.18002
7950000 7.183
7960000 7.2066
7970000 7.2173
7980000 7.32357
7990000 7.24453
8000000 7.21997
8010000 7.21364
8020000 7.29441
8030000 7.22357
8040000 7.22135
8050000 7.22415
8060000 7.22193
8070000 7.33661
8080000 7.32929
8090000 7.24134
8100000 7.23326
8110000 7.25141
8120000 7.24078
8130000 7.23705
8140000 7.23743
8150000 7.23996
8160000 7.24891
8170000 7.25139
8180000 7.27484
8190000 7.28625
8200000 7.43089
8210000 7.3124
8220000 7.29213
8230000 7.28563
8240000 7.36363
8250000 7.29173
8260000 7.29051
8270000 7.29295
8280000 7.28987
8290000 7.40397
8300000 7.39662
8310000 7.30947
8320000 7.30095
8330000 7.32014
8340000 7.3083
8350000 7.30489
8360000 7.30667
8370000 7.30745
8380000 7.31647
8390000 7.31845
8400000 7.32137
8410000 7.35331
8420000 7.49952
8430000 7.37743
8440000 7.3591
8450000 7.35271
8460000 7.49932
8470000 7.35876
8480000 7.35746
8490000 7.36297
8500000 7.35683
8510000 7.4699
8520000 7.41727
8530000 7.38146
8540000 7.3681
8550000 7.38677
8560000 7.37517
8570000 7.3737
8580000 7.37334
8590000 7.37414
8600000 7.38295
8610000 7.3851
8620000 7.38789
8630000 7.41948
8640000 7.4405
8650000 7.44369
8660000 7.43634
8670000 7.41885
8680000 7.56215
8690000 7.4336
8700000 7.42369
8710000 7.42914
8720000 7.42292
8730000 7.80502
8740000 7.51831
8750000 7.45484
8760000 7.43438
8770000 7.43472
8780000 7.44107
8790000 7.43952
8800000 7.43967
8810000 7.43968
8820000 7.44244
8830000 7.45076
8840000 7.45338
8850000 7.48377
8860000 7.45964
8870000 7.50853
8880000 7.50749
8890000 7.48773
8900000 7.6263
8910000 7.51372
8920000 7.49171
8930000 7.49417
8940000 7.49096
8950000 7.48793
8960000 7.79293
8970000 7.53432
8980000 7.49994
8990000 7.49985
9000000 7.50929
9010000 7.50449
9020000 7.50441
9030000 7.50466
9040000 7.50728
9050000 7.5152
9060000 7.51822
9070000 7.5565
9080000 7.53786
9090000 7.64859
9100000 7.57413
9110000 7.55196
9120000 7.68946
9130000 7.61842
9140000 7.55588
9150000 7.56017
9160000 7.55806
9170000 7.55323
9180000 7.85457
9190000 7.63454
9200000 7.56573
9210000 7.56418
9220000 7.57458
9230000 7.5685
9240000 7.56845
9250000 7.56851
9260000 7.57111
9270000 7.57907
9280000 7.58204
9290000 7.62
9300000 7.60247
9310000 7.7119
9320000 7.67673
9330000 7.61586
9340000 7.75168
9350000 7.6855
9360000 7.61989
9370000 7.62349
9380000 7.62046
9390000 7.61762
9400000 7.72676
9410000 7.69783
9420000 7.63451
9430000 7.62738
9440000 7.63774
9450000 7.63163
9460000 7.63156
9470000 7.63193
9480000 7.63417
9490000 7.64214
9500000 7.64506
9510000 7.66709
9520000 7.66643
9530000 7.77469
9540000 7.73877
9550000 7.679
9560000 7.67286
9570000 7.74908
9580000 7.68232
9590000 7.6855
9600000 7.68283
9610000 7.68005
9620000 7.78823
9630000 7.77703
9640000 7.6984
9650000 7.69053
9660000 7.69995
9670000 7.69519
9680000 7.6938
9690000 7.69407
9700000 7.69623
9710000 7.70439
9720000 7.70707
9730000 7.72894
9740000 7.73879
9750000 7.83791
9760000 7.76396
9770000 7.74093
9780000 7.73492
9790000 7.81019
9800000 7.74393
9810000 7.74175
9820000 7.74424
9830000 7.74204
9840000 7.84899
9850000 7.84204
9860000 7.75978
9870000 7.75211
9880000 7.76892
9890000 7.7589
9900000 7.7553
9910000 7.75555
9920000 7.75776
9930000 7.76601
9940000 7.76822
9950000 7.79
9960000 7.80053
9970000 7.89827
9980000 7.82474
9990000 7.80567
10000000 7.79947
10010000 7.87229
10020000 7.80514
10030000 7.80366
10040000 7.80586
10050000 7.80276
10060000 7.90942
10070000 7.90245
10080000 7.82082
10090000 7.81278
10100000 7.83053
10110000 7.81938
10120000 7.81607
10130000 7.81761
10140000 7.81823
10150000 7.82653
10160000 7.82829
10170000 7.83092
10180000 7.86066
10190000 7.99504
10200000 7.8829
10210000 7.86573
10220000 7.85963
10230000 7.99685
10240000 7.86506
10250000 7.86374
10260000 7.86877
10270000 7.8629
10280000 7.96867
10290000 7.91925
10300000 7.88561
10310000 7.87298
10320000 7.89035
10330000 7.87939
10340000 7.87789
10350000 7.87744
10360000 7.87807
10370000 7.88623
10380000 7.88811
10390000 7.89061
10400000 7.92008
10410000 8.05623
10420000 7.94255
10430000 7.93555
10440000 7.91905
10450000 8.05335
10460000 7.93265
10470000 7.92365
10480000 7.92825
10490000 7.9223
10500000 8.28126
10510000 8.01152
10520000 7.95187
10530000 7.93257
10540000 7.93278
10550000 7.93863
10560000 7.93707
10570000 7.9371
10580000 7.93699
10590000 7.93947
10600000 7.94716
10610000 7.94951
10620000 7.97786
10630000 7.95513
10640000 8.00092
10650000 7.99983
10660000 7.98116
10670000 8.11121
10680000 8.00534
10690000 7.98458
10700000 7.98679
10710000 7.98365
10720000 8.33812
10730000 8.26742
10740000 8.02402
10750000 7.99102
10760000 7.99143
10770000 8.0002
10780000 7.99558
10790000 7.99539
10800000 7.99509
10810000 7.9978
10820000 8.0052
10830000 8.00794
10840000 8.04377
10850000 8.02614
10860000 8.13016
10870000 8.06006
10880000 8.03908
10890000 8.16828
10900000 8.10134
10910000 8.04245
10920000 8.04637
10930000 8.04428
10940000 8.03958
10950000 8.32326
10960000 8.11585
10970000 8.05103
10980000 8.04946
10990000 8.05913
11000000 8.05333
11010000 8.05317
11020000 8.05312
11030000 8.05546
11040000 8.06283
11050000 8.06552
11060000 8.10112
11070000 8.08451
11080000 8.18743
11090000 8.15419
11100000 8.0968
11110000 8.22459
11120000 8.16213
11130000 8.10028
11140000 8.10356
11150000 8.1006
11160000 8.09782
11170000 8.20045
11180000 8.17312
11190000 8.11339
11200000 8.10657
11210000 8.11622
11220000 8.11036
11230000 8.1102
11240000 8.11044
11250000 8.11245
11260000 8.11985
11270000 8.12249
11280000 8.14313
11290000 8.1424
11300000 8.24434
11310000 8.21036
11320000 8.15394
11330000 8.14805
11340000 8.21976
11350000 8.15675
11360000 8.15965
11370000 8.15703
11380000 8.1543
11390000 8.25618
11400000 8.24549
11410000 8.17127
11420000 8.16375
11430000 8.17252
11440000 8.16794
11450000 8.16653
11460000 8.16669
11470000 8.16861
11480000 8.1762
11490000 8.17863
11500000 8.19915
11510000 8.20832
11520000 8.30176
11530000 8.2319
11540000 8.21004
11550000 8.20428
11560000 8.27518
11570000 8.21257
11580000 8.21041
11590000 8.21267
11600000 8.21026
11610000 8.3113
11620000 8.30471
11630000 8.22691
11640000 8.21957
11650000 8.23532
11660000 8.2258
11670000 8.22221
11680000 8.22242
11690000 8.22441
11700000 8.23196
11710000 8.2341
11720000 8.25454
11730000 8.26437
11740000 8.3566
11750000 8.28702
11760000 8.2689
11770000 8.26028
11780000 8.33166
11790000 8.26813
11800000 8.26664
11810000 8.26862
11820000 8.26558
11830000 8.36623
11840000 8.35955
11850000 8.28234
11860000 8.27463
11870000 8.2913
11880000 8.28048
11890000 8.27744
11900000 8.27882
11910000 8.2793
11920000 8.28704
11930000 8.2886
11940000 8.29102
11950000 8.31899
11960000 8.44599
11970000 8.33983
11980000 8.3235
11990000 8.31763
12000000 8.44733
12010000 8.32257
12020000 8.32123
12030000 8.32589
12040000 8.32024
12050000 8.42016
12060000 8.37332
12070000 8.34141
12080000 8.32908
12090000 8.34569
12100000 8.33524
12110000 8.33372
12120000 8.3332
12130000 8.33371
12140000 8.34133
12150000 8.34302
12160000 8.34529
12170000 8.37305
12180000 8.50186
12190000 8.39413
12200000 8.38741
12210000 8.37171
12220000 8.49877
12230000 8.38437
12240000 8.37542
12250000 8.38004
12260000 8.3743
12270000 8.71456
12280000 8.45856
12290000 8.39551
12300000 8.38363
12310000 8.38374
12320000 8.38918
12330000 8.38761
12340000 8.38755
12350000 8.38735
12360000 8.38961
12370000 8.3968
12380000 8.39894
12390000 8.4265
12400000 8.40406
12410000 8.44732
12420000 8.4462
12430000 8.42841
12440000 8.55159
12450000 8.45115
12460000 8.43139
12470000 8.4334
12480000 8.42915
12490000 8.76665
12500000 8.69935
12510000 8.46827
12520000 8.43692
12530000 8.43722
12540000 8.44541
12550000 8.44096
12560000 8.4407
12570000 8.44032
12580000 8.44279
12590000 8.44971
12600000 8.45222
12610000 8.48609
12620000 8.46928
12630000 8.56786
12640000 8.50125
12650000 8.48127
12660000 8.60371
12670000 8.54015
12680000 8.4842
12690000 8.48781
12700000 8.48576
12710000 8.48119
12720000 8.75048
12730000 8.55336
12740000 8.49177
12750000 8.49007
12760000 8.49928
12770000 8.49369
12780000 8.49345
12790000 8.49329
12800000 8.49547
12810000 8.50235
12820000 8.50481
12830000 8.53849
12840000 8.52215
12850000 8.62025
12860000 8.58859
12870000 8.53403
12880000 8.65529
12890000 8.59587
12900000 8.53707
12910000 8.54009
12920000 8.53721
12930000 8.53447
12940000 8.63181
12950000 8.60575
12960000 8.54897
12970000 8.54241
12980000 8.5514
12990000 8.54583
13000000 8.54559
13010000 8.54574
13020000 8.54755
13030000 8.5545
13040000 8.55691
13050000 8.57632
13060000 8.57563
13070000 8.67241
13080000 8.64002
13090000 8.58633
13100000 8.58065
13110000 8.6487
13120000 8.58875
13130000 8.59141
13140000 8.58884
13150000 8.58614
13160000 8.68286
13170000 8.67262
13180000 8.60198
13190000 8.59477
13200000 8.60302
13210000 8.59857
13220000 8.59717
13230000 8.59722
13240000 8.59896
13250000 8.60608
13260000 8.60831
13270000 8.62773
13280000 8.63635
13290000 8.72514
13300000 8.65859
13310000 8.63772
13320000 8.63217
13330000 8.6995
13340000 8.63988
13350000 8.64741
13360000 8.63981
13370000 8.63742
13380000 8.73343
13390000 8.72707
13400000 8.65298
13410000 8.64591
13420000 8.66082
13430000 8.65168
13440000 8.64818
13450000 8.64829
13460000 8.6501
13470000 8.6572
13480000 8.65916
13490000 8.67851
13500000 8.68777
13510000 8.77549
13520000 8.70916
13530000 8.69184
13540000 8.68355
13550000 8.7514
13560000 8.69088
13570000 8.68935
13580000 8.69115
13590000 8.68817
13600000 8.78389
13610000 8.77745
13620000 8.70386
13630000 8.69644
13640000 8.71222
13650000 8.70175
13660000 8.69886
13670000 8.69932
13680000 8.70048
13690000 8.70775
13700000 8.70917
13710000 8.71138
13720000 8.73792
13730000 8.85884
13740000 8.75761
13750000 8.74197
13760000 8.7363
13770000 8.85979
13780000 8.74084
13790000 8.73949
13800000 8.74384
13810000 8.73837
13820000 8.83348
13830000 8.78875
13840000 8.75829
13850000 8.74645
13860000 8.76217
13870000 8.75216
13880000 8.75061
13890000 8.75006
13900000 8.75047
13910000 8.75764
13920000 8.75917
13930000 8.76126
13940000 8.78762
13950000 8.91034
13960000 8.8073
13970000 8.80105
13980000 8.78601
13990000 8.90709
14000000 8.79793
14010000 8.7893
14020000 8.79363
14030000 8.78808
14040000 9.11282
14050000 8.86824
14060000 8.80805
14070000 8.79663
14080000 8.79667
14090000 8.80178
14100000 8.80013
14110000 8.80006
14120000 8.79979
14130000 8.80187
14140000 8.80864
14150000 8.81061
14160000 8.8368
14170000 8.81533
14180000 8.85652
14190000 8.85535
14200000 8.83831
14210000 8.95578
14220000 8.85984
14230000 8.84092
14240000 8.84275
14250000 8.83861
14260000 9.16095
14270000 9.0965
14280000 8.87569
14290000 8.8457
14300000 8.84591
14310000 8.85363
14320000 8.84932
14330000 8.84922
14340000 8.84856
14350000 8.85088
14360000 8.85736
14370000 8.85968
14380000 8.89191
14390000 8.87575
14400000 8.96985
14410000 8.90615
14420000 8.88701
14430000 9.00388
14440000 8.94307
14450000 8.88958
14460000 8.89294
14470000 8.89092
14480000 8.88646
14490000 9.14374
14500000 8.95522
14510000 8.89632
14520000 8.89462
14530000 8.90334
14540000 8.89793
14550000 8.8976
14560000 8.8974
14570000 8.89933
14580000 8.90589
14590000 8.90817
14600000 8.94025
14610000 8.92456
14620000 9.01823
14630000 8.98789
14640000 8.9356
14650000 9.05149
14660000 8.99462
14670000 8.93836
14680000 8.94117
14690000 8.93803
14700000 8.93564
14710000 9.02858
14720000 9.0036
14730000 8.94928
14740000 8.94292
14750000 8.95143
14760000 8.94604
14770000 8.94573
14780000 8.9458
14790000 8.94746
14800000 8.95402
14810000 8.95625
14820000 8.97471
14830000 8.97398
14840000 9.06645
14850000 9.0354
14860000 8.984
14870000 8.97849
14880000 9.04347
14890000 8.98608
14900000 8.98791
14910000 8.98601
14920000 8.98335
14930000 9.07576
14940000 9.06588
14950000 8.99828
14960000 8.99131
14970000 8.99911
14980000 8.99479
14990000 8.99337
15000000 8.99335
15010000 8.99494
15020000 9.00167
15030000 9.00374
15040000 9.02223
15050000 9.0304
15060000 9.1153
15070000 9.05153
15080000 9.03149
15090000 9.02611
15100000 9.09046
15110000 9.03334
15120000 9.04047
15130000 9.03313
15140000 9.03076
15150000 9.12255
15160000 9.1164
15170000 9.04543
15180000 9.03859
15190000 9.05278
15200000 9.04396
15210000 9.04053
15220000 9.04054
15230000 9.04227
15240000 9.04895
15250000 9.05076
15260000 9.0692
15270000 9.07799
15280000 9.16191
15290000 9.09832
15300000 9.08162
15310000 9.07366
15320000 9.13856
15330000 9.08054
15340000 9.079
15350000 9.08065
15360000 9.07771
15370000 9.1693
15380000 9.16308
15390000 9.09252
15400000 9.08534
15410000 9.10038
15420000 9.09029
15430000 9.08745
15440000 9.08782
15450000 9.08887
15460000 9.09574
15470000 9.09703
15480000 9.09908
15490000 9.12442
15500000 9.24021
15510000 9.14313
15520000 9.12809
15530000 9.12259
15540000 9.24085
15550000 9.12679
15560000 9.12543
15570000 9.1271
15580000 9.12421
15590000 9.21526
15600000 9.17233
15610000 9.14308
15620000 9.13166
15630000 9.14666
15640000 9.137
15650000 9.13544
15660000 9.13485
15670000 9.13516
15680000 9.14196
15690000 9.14336
15700000 9.1453
15710000 9.17048
15720000 9.28793
15730000 9.18921
15740000 9.18315
15750000 9.16866
15760000 9.28469
15770000 9.17995
15780000 9.1716
15790000 9.17569
15800000 9.1703
15810000 9.48188
15820000 9.23775
15830000 9.18919
15840000 9.17821
15850000 9.17818
15860000 9.1829
15870000 9.18135
15880000 9.18122
15890000 9.18089
15900000 9.18282
15910000 9.18924
15920000 9.19105
15930000 9.2161
15940000 9.19544
15950000 9.23489
15960000 9.23369
15970000 9.21513
15980000 9.32991
15990000 9.23779
16000000 9.21955
16010000 9.22127
16020000 9.21687
16030000 9.52668
16040000 9.46461
16050000 9.25245
16060000 9.22374
16070000 9.22388
16080000 9.23121
16090000 9.22702
16100000 9.22686
16110000 9.22615
16120000 9.22831
16130000 9.23446
16140000 9.23662
16150000 9.26747
16160000 9.2411
16170000 9.34218
16180000 9.2809
16190000 9.2625
16200000 9.37463
16210000 9.31617
16220000 9.26478
16230000 9.26794
16240000 9.26591
16250000 9.26156
16260000 9.50863
16270000 9.32742
16280000 9.27082
16290000 9.26912
16300000 9.27743
16310000 9.27216
16320000 9.27174
16330000 9.27152
16340000 9.27332
16350000 9.27954
16360000 9.28167
16370000 9.31239
16380000 9.29726
16390000 9.38716
16400000 9.35794
16410000 9.30767
16420000 9.41891
16430000 9.36415
16440000 9.31012
16450000 9.31274
16460000 9.30967
16470000 9.3073
16480000 9.3965
16490000 9.37244
16500000 9.32018
16510000 9.31403
16520000 9.32215
16530000 9.31689
16540000 9.31653
16550000 9.31653
16560000 9.31806
16570000 9.32431
16580000 9.32638
16590000 9.34404
16600000 9.34327
16610000 9.43207
16620000 9.40216
16630000 9.35269
16640000 9.34734
16650000 9.40972
16660000 9.35451
16670000 9.3562
16680000 9.35431
16690000 9.35169
16700000 9.44042
16710000 9.43087
16720000 9.36583
16730000 9.35841
16740000 9.3665
16750000 9.36228
16760000 9.36086
16770000 9.36078
16780000 9.36225
16790000 9.36864
16800000 9.37057
16810000 9.38827
16820000 9.40115
16830000 9.47762
16840000 9.41623
16850000 9.39692
16860000 9.39168
16870000 9.45348
16880000 9.3985
16890000 9.40529
16900000 9.39817
16910000 9.39583
16920000 9.48401
16930000 9.47804
16940000 9.40974
16950000 9.40309
16960000 9.41668
16970000 9.40814
16980000 9.40478
16990000 9.40472
17000000 9.40632
17010000 9.41268
17020000 9.41436
17030000 9.43201
17040000 9.44041
17050000 9.52105
17060000 9.45984
17070000 9.44368
17080000 9.43599
17090000 9.49836
17100000 9.44249
17110000 9.44096
17120000 9.44247
17130000 9.43957
17140000 9.52762
17150000 9.52157
17160000 9.45363
17170000 9.44666
17180000 9.46106
17190000 9.45129
17200000 9.4485
17210000 9.4488
17220000 9.44974
17230000 9.45629
17240000 9.45748
17250000 9.45938
17260000 9.48369
17270000 9.59509
17280000 9.50158
17290000 9.48705
17300000 9.4817
17310000 9.59547
17320000 9.48561
17330000 9.48424
17340000 9.48578
17350000 9.48294
17360000 9.57051
17370000 9.52912
17380000 9.4988
17390000 9.48986
17400000 9.50423
17410000 9.49487
17420000 9.49331
17430000 9.49268
17440000 9.49292
17450000 9.4994
17460000 9.50068
17470000 9.50249
17480000 9.52667
17490000 9.63972
17500000 9.54458
17510000 9.52998
17520000 9.52468
17530000 9.63636
17540000 9.53543
17550000 9.52732
17560000 9.53121
17570000 9.52594
17580000 9.8262
17590000 9.59078
17600000 9.54395
17610000 9.53332
17620000 9.53323
17630000 9.53772
17640000 9.53619
17650000 9.53598
17660000 9.53561
17670000 9.5374
17680000 9.54352
17690000 9.54521
17700000 9.56927
17710000 9.54931
17720000 9.58725
17730000 9.58603
17740000 9.56809
17750000 9.67865
17760000 9.58895
17770000 9.57218
17780000 9.5738
17790000 9.56947
17800000 9.86816
17810000 9.80819
17820000 9.60356
17830000 9.57578
17840000 9.57592
17850000 9.58292
17860000 9.57883
17870000 9.57861
17880000 9.57785
17890000 9.57989
17900000 9.58576
17910000 9.58779
17920000 9.61745
17930000 9.59198
17940000 9.68935
17950000 9.63021
17960000 9.61242
17970000 9.72046
17980000 9.66404
17990000 9.61444
18000000 9.61742
18010000 9.61517
18020000 9.61116
18030000 9.8494
18040000 9.64567
18050000 9.6199
18060000 9.61821
18070000 9.62616
18080000 9.62097
18090000 9.62056
18100000 9.62029
18110000 9.62197
18120000 9.62791
18130000 9.6299
18140000 9.65946
18150000 9.64481
18160000 9.7314
18170000 9.70321
18180000 9.65467
18190000 9.76191
18200000 9.70903
18210000 9.65686
18220000 9.65933
18230000 9.65631
18240000 9.65396
18250000 9.73993
18260000 9.71667
18270000 9.66621
18280000 9.66022
18290000 9.66798
18300000 9.66286
18310000 9.66246
18320000 9.66241
18330000 9.66383
18340000 9.66979
18350000 9.67174
18360000 9.6887
18370000 9.68791
18380000 9.77352
18390000 9.7446
18400000 9.69684
18410000 9.6916
18420000 9.75173
18430000 9.6984
18440000 9.69998
18450000 9.69812
18460000 9.69551
18470000 9.78106
18480000 9.75931
18490000 9.70896
18500000 9.70175
18510000 9.70951
18520000 9.7051
18530000 9.70394
18540000 9.70382
18550000 9.70518
18560000 9.71128
18570000 9.7131
18580000 9.73011
18590000 9.74249
18600000 9.81626
18610000 9.78554
18620000 9.73824
18630000 9.73308
18640000 9.79274
18650000 9.73961
18660000 9.7461
18670000 9.73918
18680000 9.73686
18690000 9.82192
18700000 9.8161
18710000 9.7501
18720000 9.74364
18730000 9.75667
18740000 9.74839
18750000 9.74509
18760000 9.74498
18770000 9.74647
18780000 9.75255
18790000 9.75412
18800000 9.77111
18810000 9.77915
18820000 9.85698
18830000 9.79781
18840000 9.78214
18850000 9.77467
18860000 9.83484
18870000 9.78084
18880000 9.7793
18890000 9.78071
18900000 9.77786
18910000 9.86282
18920000 9.85693
18930000 9.79125
18940000 9.78447
18950000 9.79832
18960000 9.78884
18970000 9.78609
18980000 9.78634
18990000 9.78717
19000000 9.79344
19010000 9.79454
19020000 9.79633
19030000 9.81973
19040000 9.92731
19050000 9.83701
19060000 9.82282
19070000 9.8176
19080000 9.92746
19090000 9.82126
19100000 9.81989
19110000 9.82133
19120000 9.81852
19130000 9.90307
19140000 9.86303
19150000 9.83368
19160000 9.82498
19170000 9.8388
19180000 9.82971
19190000 9.82816
19200000 9.82749
19210000 9.82768
19220000 9.83388
19230000 9.83505
19240000 9.83675
19250000 9.8601
19260000 9.96927
19270000 9.87726
19280000 9.8631
19290000 9.85792
19300000 9.96583
19310000 9.86821
19320000 9.86032
19330000 9.86402
19340000 9.85886
19350000 10.1492
19360000 9.92143
19370000 9.87612
19380000 9.86568
19390000 9.86565
19400000 9.8699
19410000 9.8684
19420000 9.86798
19430000 9.86773
19440000 9.86943
19450000 9.87527
19460000 9.87686
19470000 9.90006
19480000 9.8807
19490000 9.91733
19500000 9.9161
19510000 9.8987
19520000 10.0056
19530000 9.91859
19540000 9.90229
19550000 9.904
19560000 9.89977
19570000 10.1887
19580000 10.1306
19590000 9.93257
19600000 9.90566
19610000 9.90571
19620000 9.91246
19630000 9.90845
19640000 9.90809
19650000 9.90739
19660000 9.90932
19670000 9.91508
19680000 9.91685
19690000 9.94548
19700000 9.92079
19710000 10.0149
19720000 9.95766
19730000 9.94041
19740000 10.0449
19750000 9.99023
19760000 9.94221
19770000 9.94503
19780000 9.94281
19790000 9.93887
19800000 10.1694
19810000 9.97214
19820000 9.94717
19830000 9.94546
19840000 9.95312
19850000 9.94804
19860000 9.94759
19870000 9.94729
19880000 9.94885
19890000 9.95455
19900000 9.95643
19910000 9.98494
19920000 9.97074
19930000 10.0545
19940000 10.0271
19950000 9.98013
19960000 10.0839
19970000 10.0304
19980000 9.98213
19990000 9.98442
20000000 9.98147
20010000 9.97913
20020000 10.0623
20030000 10.0392
20040000 9.99082
20050000 9.98498
20060000 9.99244
20070000 9.98745
20080000 9.987
20090000 9.98689
20100000 9.98822
20110000 9.99394
20120000 9.99577
20130000 10.0121
20140000 10.0113
20150000 10.0941
20160000 10.0661
20170000 10.0198
20180000 10.0147
20190000 10.0728
20200000 10.0212
20210000 10.0226
20220000 10.0208
20230000 10.0182
20240000 10.101
20250000 10.0799
20260000 10.0311
20270000 10.0241
20280000 10.0315
20290000 10.0272
20300000 10.026
20310000 10.0259
20320000 10.0271
20330000 10.033
20340000 10.0347
20350000 10.0511
20360000 10.0631
20370000 10.1344
20380000 10.1046
20390000 10.0588
20400000 10.0537
20410000 10.1114
20420000 10.0599
20430000 10.0662
20440000 10.0595
20450000 10.0571
20460000 10.1395
20470000 10.1338
20480000 10.0698
20490000 10.0635
20500000 10.0761
20510000 10.068
20520000 10.0648
20530000 10.0646
20540000 10.066
20550000 10.0718
20560000 10.0733
20570000 10.0897
20580000 10.0974
20590000 10.1728
20600000 10.1154
20610000 10.1002
20620000 10.0929
20630000 10.1512
20640000 10.0988
20650000 10.0973
20660000 10.0986
20670000 10.0958
20680000 10.178
20690000 10.1722
20700000 10.1086
20710000 10.102
20720000 10.1153
20730000 10.1061
20740000 10.1034
20750000 10.1036
20760000 10.1043
20770000 10.1104
20780000 10.1114
20790000 10.113
20800000 10.1357
20810000 10.2399
20820000 10.1523
20830000 10.1385
20840000 10.1334
20850000 10.2398
20860000 10.1369
20870000 10.1355
20880000 10.1368
20890000 10.1341
20900000 10.2159
20910000 10.1771
20920000 10.1485
20930000 10.1401
20940000 10.1535
20950000 10.1446
20960000 10.1431
20970000 10.1424
20980000 10.1425
20990000 10.1485
21000000 10.1495
21010000 10.1511
21020000 10.1737
21030000 10.2795
21040000 10.1903
21050000 10.1765
21060000 10.1714
21070000 10.276
21080000 10.1813
21090000 10.1736
21100000 10.1771
21110000 10.1721
21120000 10.4537
21130000 10.2157
21140000 10.1887
21150000 10.1785
21160000 10.1784
21170000 10.1825
21180000 10.1809
21190000 10.1805
21200000 10.1803
21210000 10.1817
21220000 10.1875
21230000 10.189
21240000 10.2114
21250000 10.1926
21260000 10.2281
21270000 10.2268
21280000 10.2099
21290000 10.3135
21300000 10.2291
21310000 10.2133
21320000 10.2149
21330000 10.2107
21340000 10.491
21350000 10.4346
21360000 10.2424
21370000 10.2162
21380000 10.2162
21390000 10.2227
21400000 10.2188
21410000 10.2184
21420000 10.2177
21430000 10.2195
21440000 10.225
21450000 10.2267
21460000 10.2544
21470000 10.2304
21480000 10.3217
21490000 10.2661
21500000 10.2493
21510000 10.3506
21520000 10.2976
21530000 10.2509
21540000 10.2536
21550000 10.2514
21560000 10.2475
21570000 10.4712
21580000 10.2797
21590000 10.2555
21600000 10.2538
21610000 10.2611
21620000 10.2562
21630000 10.2557
21640000 10.2553
21650000 10.2568
21660000 10.2623
21670000 10.2641
21680000 10.2917
21690000 10.2779
21700000 10.3591
21710000 10.3325
21720000 10.2868
21730000 10.3875
21740000 10.3355
21750000 10.2886
21760000 10.2908
21770000 10.2889
21780000 10.2856
21790000 10.3662
21800000 10.3438
21810000 10.2968
21820000 10.2911
21830000 10.2983
21840000 10.2934
21850000 10.2929
21860000 10.2928
21870000 10.294
21880000 10.2995
21890000 10.3012
21900000 10.3171
21910000 10.3162
21920000 10.3965
21930000 10.3693
21940000 10.3243
21950000 10.3193
21960000 10.3757
21970000 10.3255
21980000 10.3269
21990000 10.3251
22000000 10.3226
22010000 10.4028
22020000 10.3823
22030000 10.3349
22040000 10.328
22050000 10.3352
22060000 10.3309
22070000 10.3297
22080000 10.3296
22090000 10.3308
22100000 10.3364
22110000 10.338
22120000 10.3539
22130000 10.3654
22140000 10.4347
22150000 10.4057
22160000 10.3612
22170000 10.3562
22180000 10.4122
22190000 10.3622
22200000 10.3682
22210000 10.3616
22220000 10.3592
22230000 10.4392
22240000 10.4336
22250000 10.3715
22260000 10.3653
22270000 10.3774
22280000 10.3696
22290000 10.3664
22300000 10.3662
22310000 10.3674
22320000 10.3731
22330000 10.3745
22340000 10.3904
22350000 10.3978
22360000 10.471
22370000 10.4152
22380000 10.4004
22390000 10.3932
22400000 10.4498
22410000 10.3989
22420000 10.3974
22430000 10.3986
22440000 10.3958
22450000 10.4757
22460000 10.47
22470000 10.4079
22480000 10.4017
22490000 10.4144
22500000 10.4056
22510000 10.4029
22520000 10.403
22530000 10.4037
22540000 10.4096
22550000 10.4105
22560000 10.4121
22570000 10.434
22580000 10.5352
22590000 10.4501
22600000 10.4367
22610000 10.4316
22620000 10.535
22630000 10.4349
22640000 10.4336
22650000 10.4348
22660000 10.4321
22670000 10.5116
22680000 10.5085
22690000 10.4459
22700000 10.4378
22710000 10.4507
22720000 10.4421
22730000 10.4405
22740000 10.4398
22750000 10.4399
22760000 10.4456
22770000 10.4466
22780000 10.4481
22790000 10.47
22800000 10.5728
22810000 10.486
22820000 10.4726
22830000 10.4676
22840000 10.5688
22850000 10.4771
22860000 10.4696
22870000 10.473
22880000 10.4681
22890000 10.7419
22900000 10.5095
22910000 10.484
22920000 10.4741
22930000 10.474
22940000 10.4779
22950000 10.4763
22960000 10.4759
22970000 10.4756
22980000 10.4769
22990000 10.4825
23000000 10.4839
23010000 10.5057
23020000 10.4874
23030000 10.5218
23040000 10.5206
23050000 10.5034
23060000 10.6048
23070000 10.5226
23080000 10.5072
23090000 10.5087
23100000 10.5046
23110000 10.7773
23120000 10.7223
23130000 10.5353
23140000 10.5098
23150000 10.5098
23160000 10.5161
23170000 10.5122
23180000 10.5118
23190000 10.511
23200000 10.5128
23210000 10.5181
23220000 10.5197
23230000 10.5466
23240000 10.5232
23250000 10.612
23260000 10.5578
23270000 10.5415
23280000 10.6399
23290000 10.5883
23300000 10.5429
23310000 10.5455
23320000 10.5433
23330000 10.5386
23340000 10.757
23350000 10.5707
23360000 10.5471
23370000 10.5454
23380000 10.5525
23390000 10.5476
23400000 10.5471
23410000 10.5467
23420000 10.5481
23430000 10.5534
23440000 10.5551
23450000 10.582
23460000 10.5684
23470000 10.6474
23480000 10.6215
23490000 10.577
23500000 10.6749
23510000 10.6243
23520000 10.5786
23530000 10.5807
23540000 10.5788
23550000 10.5755
23560000 10.6539
23570000 10.6321
23580000 10.5863
23590000 10.5807
23600000 10.5877
23610000 10.5829
23620000 10.5824
23630000 10.5822
23640000 10.5833
23650000 10.5887
23660000 10.5903
23670000 10.6057
23680000 10.6048
23690000 10.6829
23700000 10.6564
23710000 10.6126
23720000 10.6077
23730000 10.6625
23740000 10.6136
23750000 10.6149
23760000 10.6131
23770000 10.6106
23780000 10.6886
23790000 10.6686
23800000 10.6225
23810000 10.6157
23820000 10.6227
23830000 10.6185
23840000 10.6173
23850000 10.6171
23860000 10.6182
23870000 10.6236
23880000 10.6252
23890000 10.6406
23900000 10.6518
23910000 10.7192
23920000 10.6909
23930000 10.6475
23940000 10.6427
23950000 10.6971
23960000 10.6484
23970000 10.6542
23980000 10.6477
23990000 10.6454
24000000 10.7232
24010000 10.7177
24020000 10.6572
24030000 10.6511
24040000 10.6629
24050000 10.6552
24060000 10.6521
24070000 10.6518
24080000 10.6529
24090000 10.6585
24100000 10.6598
24110000 10.6752
24120000 10.6824
24130000 10.7536
24140000 10.6993
24150000 10.6851
24160000 10.6778
24170000 10.7328
24180000 10.6832
24190000 10.6817
24200000 10.6828
24210000 10.6801
24220000 10.7578
24230000 10.7522
24240000 10.6918
24250000 10.6856
24260000 10.698
24270000 10.6894
24280000 10.6867
24290000 10.6868
24300000 10.6875
24310000 10.6931
24320000 10.694
24330000 10.6955
24340000 10.7168
24350000 10.8153
24360000 10.7324
24370000 10.7192
24380000 10.7143
24390000 10.815
24400000 10.7174
24410000 10.7161
24420000 10.7172
24430000 10.7145
24440000 10.7919
24450000 10.7889
24460000 10.7279
24470000 10.7199
24480000 10.7325
24490000 10.724
24500000 10.7225
24510000 10.7217
24520000 10.7218
24530000 10.7273
24540000 10.7283
24550000 10.7297
24560000 10.751
24570000 10.8511
24580000 10.7665
24590000 10.7534
24600000 10.7485
24610000 10.847
24620000 10.7577
24630000 10.7503
24640000 10.7536
24650000 10.7487
24660000 11.0155
24670000 10.789
24680000 10.7642
24690000 10.7545
24700000 10.7543
24710000 10.7581
24720000 10.7565
24730000 10.7561
24740000 10.7557
24750000 10.757
24760000 10.7624
24770000 10.7638
24780000 10.7849
24790000 10.767
24800000 10.8005
24810000 10.7993
24820000 10.7824
24830000 10.8812
24840000 10.8012
24850000 10.7861
24860000 10.7875
24870000 10.7835
24880000 11.0492
24890000 10.9955
24900000 10.8131
24910000 10.7884
24920000 10.7883
24930000 10.7944
24940000 10.7905
24950000 10.7901
24960000 10.7893
24970000 10.791
24980000 10.7962
24990000 10.7976
25000000 10.8239
25010000 10.8008
25020000 10.8875
25030000 10.8347
25040000 10.8187
25050000 10.9147
25060000 10.8643
25070000 10.82
25080000 10.8225
25090000 10.8203
25100000 10.8157
25110000 11.0286
25120000 10.8469
25130000 10.8238
25140000 10.8221
25150000 10.829
25160000 10.8242
25170000 10.8237
25180000 10.8233
25190000 10.8246
25200000 10.8297
25210000 10.8313
25220000 10.8575
25230000 10.8442
25240000 10.9212
25250000 10.8959
25260000 10.8526
25270000 10.9479
25280000 10.8985
25290000 10.854
25300000 10.856
25310000 10.8541
25320000 10.8509
25330000 10.9272
25340000 10.9059
25350000 10.8613
25360000 10.8557
25370000 10.8625
25380000 10.8578
25390000 10.8572
25400000 10.857
25410000 10.8581
25420000 10.8633
25430000 10.8648
25440000 10.8798
25450000 10.8789
25460000 10.9544
25470000 10.9291
25480000 10.8864
25490000 10.9807
25500000 10.935
25510000 10.8872
25520000 10.8885
25530000 10.8867
25540000 10.8842
25550000 10.9603
25560000 10.9407
25570000 10.8956
25580000 10.889
25590000 10.8958
25600000 10.8911
25610000 10.8905
25620000 10.8903
25630000 10.8913
25640000 10.8966
25650000 10.898
25660000 10.913
25670000 10.9239
25680000 10.9896
25690000 10.962
25700000 10.9196
25710000 10.9148
25720000 10.9679
25730000 10.9203
25740000 10.926
25750000 10.9198
25760000 10.9173
25770000 10.9931
25780000 10.9878
25790000 10.9287
25800000 10.9228
25810000 10.9342
25820000 10.9267
25830000 10.9236
25840000 10.9233
25850000 10.9243
25860000 10.9297
25870000 10.931
25880000 10.946
25890000 10.9529
25900000 11.0224
25910000 10.9693
25920000 10.9554
25930000 10.9483
25940000 11.0019
25950000 10.9535
25960000 10.952
25970000 10.9531
25980000 10.9503
25990000 11.0261
26000000 11.0206
26010000 10.9616
26020000 10.9556
26030000 10.9676
26040000 10.9592
26050000 10.9566
26060000 10.9566
26070000 10.9572
26080000 10.9627
26090000 10.9635
26100000 10.9649
26110000 10.9857
26120000 11.0819
26130000 11.0009
26140000 10.9879
26150000 10.9831
26160000 11.0813
26170000 10.9861
26180000 10.9847
26190000 10.9858
26200000 10.9831
26210000 11.0586
26220000 11.0556
26230000 10.9961
26240000 10.9882
26250000 11.0005
26260000 10.9922
26270000 10.9906
26280000 10.9899
26290000 10.9899
26300000 10.9953
26310000 10.9961
26320000 10.9975
26330000 11.0182
26340000 11.1159
26350000 11.0333
26360000 11.0205
26370000 11.0157
26380000 11.1118
26390000 11.019
26400000 11.0173
26410000 11.0205
26420000 11.0157
26430000 11.2761
26440000 11.0549
26450000 11.0306
26460000 11.0212
26470000 11.033
26480000 11.0246
26490000 11.023
26500000 11.0226
26510000 11.0222
26520000 11.0234
26530000 11.0286
26540000 11.0299
26550000 11.0505
26560000 11.033
26570000 11.0657
26580000 11.0644
26590000 11.048
26600000 11.1444
26610000 11.0662
26620000 11.0514
26630000 11.0528
26640000 11.0489
26650000 11.3083
26660000 11.2558
26670000 11.0777
26680000 11.0535
26690000 11.0534
26700000 11.0593
26710000 11.0554
26720000 11.0551
26730000 11.0542
26740000 11.0558
26750000 11.0609
26760000 11.0622
26770000 11.0878
26780000 11.0652
26790000 11.1499
26800000 11.0982
26810000 11.0826
26820000 11.1763
26830000 11.127
26840000 11.0838
26850000 11.0862
26860000 11.0837
26870000 11.0795
26880000 11.2874
26890000 11.1099
26900000 11.0873
26910000 11.0856
26920000 11.0923
26930000 11.0876
26940000 11.087
26950000 11.0866
26960000 11.0879
26970000 11.0928
26980000 11.0944
26990000 11.1199
27000000 11.1069
27010000 11.1816
27020000 11.1573
27030000 11.1149
27040000 11.208
27050000 11.1597
27060000 11.1162
27070000 11.1181
27080000 11.1162
27090000 11.113
27100000 11.1876
27110000 11.1667
27120000 11.1231
27130000 11.1176
27140000 11.1242
27150000 11.1196
27160000 11.119
27170000 11.1187
27180000 11.1198
27190000 11.1248
27200000 11.1263
27210000 11.1409
27220000 11.14
27230000 11.2136
27240000 11.1889
27250000 11.1472
27260000 11.2392
27270000 11.1946
27280000 11.1479
27290000 11.1491
27300000 11.1473
27310000 11.1448
27320000 11.2191
27330000 11.2
27340000 11.1559
27350000 11.1494
27360000 11.156
27370000 11.1514
27380000 11.1507
27390000 11.1505
27400000 11.1515
27410000 11.1566
27420000 11.158
27430000 11.1726
27440000 11.1832
27450000 11.2473
27460000 11.2203
27470000 11.1789
27480000 11.1742
27490000 11.226
27500000 11.1795
27510000 11.1849
27520000 11.1789
27530000 11.1764
27540000 11.2504
27550000 11.2452
27560000 11.1874
27570000 11.1816
27580000 11.1928
27590000 11.1854
27600000 11.1823
27610000 11.182
27620000 11.183
27630000 11.1882
27640000 11.1894
27650000 11.2041
27660000 11.2108
27670000 11.2786
27680000 11.2267
27690000 11.2131
27700000 11.2058
27710000 11.2585
27720000 11.2112
27730000 11.2096
27740000 11.2106
27750000 11.208
27760000 11.282
27770000 11.2766
27780000 11.2189
27790000 11.213
27800000 11.2247
27810000 11.2164
27820000 11.2138
27830000 11.2138
27840000 11.2144
27850000 11.2197
27860000 11.2204
27870000 11.2218
27880000 11.242
27890000 11.336
27900000 11.2568
27910000 11.2442
27920000 11.2394
27930000 11.2896
27940000 11.2422
27950000 11.2409
27960000 11.2419
27970000 11.2393
27980000 11.313
27990000 11.31
28000000 11.2518
28010000 11.2441
28020000 11.256
28030000 11.2479
28040000 11.2464
28050000 11.2456
28060000 11.2455
28070000 11.2508
28080000 11.2516
28090000 11.2529
28100000 11.2731
28110000 11.3686
28120000 11.2878
28130000 11.2752
28140000 11.2705
28150000 11.3645
28160000 11.2737
28170000 11.272
28180000 11.2751
28190000 11.2704
28200000 11.3439
28210000 11.3087
28220000 11.2848
28230000 11.2756
28240000 11.2871
28250000 11.2789
28260000 11.2773
28270000 11.2768
28280000 11.2764
28290000 11.2776
28300000 11.2826
28310000 11.2839
28320000 11.304
28330000 11.2868
28340000 11.3188
28350000 11.3175
28360000 11.3014
28370000 11.3956
28380000 11.3191
28390000 11.3047
28400000 11.306
28410000 11.3021
28420000 11.5558
28430000 11.5044
28440000 11.3301
28450000 11.3065
28460000 11.3063
28470000 11.312
28480000 11.3082
28490000 11.3079
28500000 11.307
28510000 11.3085
28520000 11.3134
28530000 11.3147
28540000 11.3397
28550000 11.3176
28560000 11.3496
28570000 11.3498
28580000 11.3345
28590000 11.4261
28600000 11.3779
28610000 11.3356
28620000 11.3379
28630000 11.3355
28640000 11.3313
28650000 11.5346
28660000 11.3609
28670000 11.3388
28680000 11.3371
28690000 11.3436
28700000 11.339
28710000 11.3384
28720000 11.338
28730000 11.3392
28740000 11.344
28750000 11.3455
28760000 11.3704
28770000 11.3576
28780000 11.4307
28790000 11.4069
28800000 11.3654
28810000 11.4564
28820000 11.4092
28830000 11.3665
28840000 11.3684
28850000 11.3665
28860000 11.3634
28870000 11.6225
28880000 11.4158
28890000 11.3731
28900000 11.3677
28910000 11.3741
28920000 11.3695
28930000 11.369
28940000 11.3687
28950000 11.3697
28960000 11.3746
28970000 11.376
28980000 11.3902
28990000 11.3893
29000000 11.4613
29010000 11.4371
29020000 11.3962
29030000 11.4863
29040000 11.4425
29050000 11.3969
29060000 11.398
29070000 11.3962
29080000 11.3938
29090000 11.4664
29100000 11.4476
29110000 11.4045
29120000 11.3981
29130000 11.4045
29140000 11.4
29150000 11.3993
29160000 11.399
29170000 11.4
29180000 11.4048
29190000 11.4063
29200000 11.4205
29210000 11.4308
29220000 11.493
29230000 11.4671
29240000 11.4266
29250000 11.4219
29260000 11.4726
29270000 11.4271
29280000 11.4324
29290000 11.4264
29300000 11.424
29310000 11.4964
29320000 11.4912
29330000 11.4347
29340000 11.4289
29350000 11.4398
29360000 11.4325
29370000 11.4295
29380000 11.4292
29390000 11.4301
29400000 11.4352
29410000 11.4363
29420000 11.4506
29430000 11.4572
29440000 11.5235
29450000 11.4727
29460000 11.4594
29470000 11.4521
29480000 11.5038
29490000 11.4574
29500000 11.4559
29510000 11.4568
29520000 11.4541
29530000 11.5265
29540000 11.5212
29550000 11.4647
29560000 11.4589
29570000 11.4703
29580000 11.4622
29590000 11.4596
29600000 11.4596
29610000 11.4602
29620000 11.4653
29630000 11.466
29640000 11.4673
29650000 11.4871
29660000 11.579
29670000 11.5015
29680000 11.4891
29690000 11.4844
29700000 11.5335
29710000 11.4871
29720000 11.4857
29730000 11.4867
29740000 11.4841
29750000 11.5562
29760000 11.5533
29770000 11.4963
29780000 11.4887
29790000 11.5004
29800000 11.4924
29810000 11.4896
29820000 11.49
29830000 11.49
29840000 11.4951
29850000 11.4958
29860000 11.4971
29870000 11.5168
29880000 11.6102
29890000 11.5311
29900000 11.5188
29910000 11.5141
29920000 11.6061
29930000 11.5172
29940000 11.5156
29950000 11.5185
29960000 11.5139
29970000 11.5858
29980000 11.5513
29990000 11.5279
30000000 11.5188
