1 8.55635
2 6.35745
3 5.6973
4 5.40142
5 5.2301
6 5.09635
7 5.01261
8 4.96242
9 4.94107
10 4.84191
11 4.81031
12 4.75333
13 4.72666
14 4.69811
15 4.68326
16 4.63503
17 4.63076
18 4.59984
19 4.56749
20 4.55858
21 4.56042
22 4.54299
23 4.52782
24 4.51208
25 4.49472
26 4.52738
27 4.48937
28 4.49462
29 4.46381
30 4.50487
31 4.45679
32 4.45177
33 4.44811
34 4.46799
35 4.44985
36 4.45497
37 4.45822
38 4.463
39 4.47377
40 4.46395
41 4.46231
42 4.4469
43 4.47892
44 4.45156
45 4.49734
46 4.46709
47 4.46732
48 4.46318
49 4.46471
50 4.47466
51 4.4872
52 4.51951
53 4.49131
54 4.49495
55 4.53813
56 4.52574
57 4.50886
58 4.53823
59 4.51986
60 4.53787
61 4.53299
62 4.524
63 4.54292
64 4.55725
65 4.56319
66 4.55818
67 4.58761
68 4.6342
69 4.58686
70 4.60612
71 4.59188
72 4.60631
73 4.61445
74 4.63515
75 4.61733
76 4.64226
77 4.63869
78 4.63145
79 4.64646
80 4.66991
81 4.67335
82 4.67868
83 4.68122
84 4.68107
85 4.72797
86 4.70578
87 4.72436
88 4.70861
89 4.75998
90 4.72643
91 4.73296
92 4.73986
93 4.76901
94 4.77775
95 4.77389
96 4.78603
97 4.799
98 4.81687
99 4.81492
100 4.82013
101 4.81285
102 4.84872
103 4.82983
104 4.87788
105 4.85573
106 4.86195
107 4.86298
108 4.86881
109 4.88309
110 4.89905
111 4.93275
112 4.91115
113 4.91855
114 4.96144
115 4.95392
116 4.9422
117 4.9714
118 4.95843
119 4.97798
120 4.97664
121 4.97129
122 4.99015
123 5.00672
124 5.01071
125 5.01265
126 5.04193
127 5.08676
128 5.04555
129 5.06516
130 5.05422
131 5.06926
132 5.0784
133 5.09899
134 5.08464
135 5.10948
136 5.10773
137 5.10196
138 5.1177
139 5.14045
140 5.14505
141 5.15124
142 5.15501
143 5.15603
144 5.20043
145 5.18092
146 5.19877
147 5.18536
148 5.23333
149 5.20388
150 5.21083
151 5.21809
152 5.24544
153 5.25444
154 5.25126
155 5.26361
156 5.2763
157 5.29337
158 5.29223
159 5.29768
160 5.29183
161 5.32505
162 5.30859
163 5.35286
164 5.33344
165 5.33971
166 5.34135
167 5.34628
168 5.36058
169 5.37571
170 5.40698
171 5.38775
172 5.39517
173 5.43497
174 5.42843
175 5.41817
176 5.44507
177 5.43359
178 5.45202
179 5.4512
180 5.44663
181 5.46419
182 5.47971
183 5.48363
184 5.48505
185 5.51273
186 5.55426
187 5.51668
188 5.5348
189 5.52534
190 5.53935
191 5.54781
192 5.56699
193 5.55404
194 5.57706
195 5.57574
196 5.57058
197 5.58806
198 5.60639
199 5.61051
200 5.61663
201 5.62033
202 5.62151
203 5.66237
204 5.64451
205 5.66105
206 5.64891
207 5.69296
208 5.66642
209 5.67284
210 5.68194
211 5.70476
212 5.71329
213 5.71046
214 5.72067
215 5.73372
216 5.74954
217 5.74866
218 5.75377
219 5.74847
220 5.77961
221 5.76409
222 5.80484
223 5.78667
224 5.79082
225 5.79432
226 5.8001
227 5.81239
228 5.82637
229 5.85513
230 5.83745
231 5.84444
232 5.88118
233 5.8751
234 5.86575
235 5.89066
236 5.87997
237 5.89698
238 5.89403
239 5.89279
240 5.90859
241 5.92277
242 5.92635
243 5.92771
244 5.9533
245 5.99175
246 5.95683
247 5.97362
248 5.96479
249 5.97776
250 5.98578
251 6.00269
252 5.99149
253 6.0113
254 6.01162
255 6.00673
256 6.02288
257 6.03991
258 6.04373
259 6.04929
260 6.05291
261 6.05395
262 6.09187
263 6.07517
264 6.09052
265 6.07915
266 6.12011
267 6.09538
268 6.09912
269 6.1098
270 6.13072
271 6.13867
272 6.13015
273 6.1453
274 6.15753
275 6.17225
276 6.17096
277 6.17605
278 6.17111
279 6.20011
280 6.18559
281 6.22325
282 6.20682
283 6.2105
284 6.21364
285 6.21895
286 6.23036
287 6.2434
288 6.27027
289 6.25354
290 6.26008
291 6.29433
292 6.28847
293 6.27976
294 6.30306
295 6.29293
296 6.30878
297 6.30597
298 6.30474
299 6.31928
300 6.33316
