10000 125.564
20000 64.2688
30000 40.5161
40000 28.0376
50000 22.4287
60000 17.6739
70000 14.5284
80000 13.0408
90000 11.735
100000 10.7598
110000 14.9185
120000 11.1345
130000 9.40216
140000 9.02424
150000 8.85058
160000 8.48091
170000 8.22408
180000 8.17435
190000 7.94707
200000 7.89345
210000 7.79863
220000 8.71532
230000 7.85181
240000 10.827
250000 9.01885
260000 7.97303
270000 11.3152
280000 9.91198
290000 7.47212
300000 7.57423
310000 7.37151
320000 7.09034
330000 12.9548
340000 10.2832
350000 7.3987
360000 7.03096
370000 7.0392
380000 6.73602
390000 6.65059
400000 6.64553
410000 6.58733
420000 6.71344
430000 6.68898
440000 7.82452
450000 7.01522
460000 10.2109
470000 9.47503
480000 7.21259
490000 10.6567
500000 9.45085
510000 6.82999
520000 7.01255
530000 6.78504
540000 6.51333
550000 11.5546
560000 9.9884
570000 6.93557
580000 6.5682
590000 6.55797
600000 6.26917
610000 6.18813
620000 6.17862
630000 6.14857
640000 6.29336
650000 6.28878
660000 7.08528
670000 6.74428
680000 10.0084
690000 9.19619
700000 6.92678
710000 6.82268
720000 9.26256
730000 6.53187
740000 6.76698
750000 6.49656
760000 6.24239
770000 11.405
780000 9.83192
790000 6.9866
800000 6.3269
810000 6.31084
820000 6.10981
830000 5.94055
840000 5.93423
850000 5.891
860000 6.09476
870000 6.05867
880000 6.90077
890000 7.03261
900000 9.84704
910000 8.17086
920000 6.73523
930000 6.61806
940000 9.18381
950000 6.37713
960000 6.28377
970000 6.31676
980000 6.11977
990000 11.3458
1000000 9.63604
1010000 6.8327
1020000 6.15892
1030000 6.43209
1040000 5.9657
1050000 5.78405
1060000 5.78752
1070000 5.73843
1080000 5.96101
1090000 5.89175
1100000 6.78884
1110000 6.89954
1120000 10.7988
1130000 8.05907
1140000 6.69177
1150000 6.67477
1160000 9.08046
1170000 6.24001
1180000 6.17174
1190000 6.28811
1200000 5.98181
1210000 11.2611
1220000 9.96372
1230000 6.73629
1240000 6.06197
1250000 6.30767
1260000 5.88071
1270000 5.68734
1280000 5.69701
1290000 5.63989
1300000 5.86813
1310000 5.79248
1320000 5.82156
1330000 6.80472
1340000 10.859
1350000 7.96002
1360000 6.60754
1370000 6.57961
1380000 10.2407
1390000 6.33362
1400000 6.08768
1410000 6.43173
1420000 5.90841
1430000 11.2172
1440000 8.19416
1450000 6.69173
1460000 5.94841
1470000 6.22034
1480000 5.806
1490000 5.61519
1500000 5.62101
1510000 5.56451
1520000 5.5753
1530000 5.71588
1540000 5.74972
1550000 6.7509
1560000 7.09406
1570000 7.89833
1580000 6.85275
1590000 6.51914
1600000 10.1445
1610000 6.91139
1620000 6.03775
1630000 6.37465
1640000 5.91765
1650000 13.6102
1660000 9.861
1670000 7.94401
1680000 5.96534
1690000 5.86725
1700000 5.83184
1710000 5.57788
1720000 5.53246
1730000 5.51566
1740000 5.50928
1750000 5.66632
1760000 5.68473
1770000 6.72289
1780000 5.8256
1790000 7.87297
1800000 7.37954
1810000 6.35601
1820000 10.0952
1830000 7.76923
1840000 6.00539
1850000 6.33283
1860000 5.97185
1870000 5.64082
1880000 12.2491
1890000 7.9194
1900000 5.94395
1910000 5.83777
1920000 5.89922
1930000 5.53935
1940000 5.49823
1950000 5.47342
1960000 5.46828
1970000 5.6328
1980000 5.65162
1990000 6.9935
2000000 6.04582
2010000 9.5392
2020000 7.37737
2030000 6.31963
2040000 10.1199
2050000 8.72299
2060000 6.01486
2070000 6.23543
2080000 6.03232
2090000 5.67561
2100000 12.2448
2110000 9.41541
2120000 6.22387
2130000 5.83631
2140000 5.85361
2150000 5.50878
2160000 5.45454
2170000 5.44013
2180000 5.42076
2190000 5.6163
2200000 5.61075
2210000 6.94352
2220000 6.07415
2230000 9.51669
2240000 8.717
2250000 6.30731
2260000 9.98633
2270000 8.77043
2280000 5.98847
2290000 6.23633
2300000 5.99119
2310000 5.68104
2320000 11.1162
2330000 9.46972
2340000 6.22035
2350000 5.82295
2360000 5.83626
2370000 5.48809
2380000 5.42315
2390000 5.41722
2400000 5.38823
2410000 5.58974
2420000 5.58655
2430000 6.47825
2440000 6.04504
2450000 9.54967
2460000 8.69431
2470000 6.32378
2480000 6.21182
2490000 8.79661
2500000 5.95979
2510000 6.24189
2520000 5.95643
2530000 5.66299
2540000 11.1027
2550000 9.47093
2560000 6.51057
2570000 5.80452
2580000 5.77524
2590000 5.56473
2600000 5.38731
2610000 5.38179
2620000 5.35175
2630000 5.583
2640000 5.55414
2650000 6.45958
2660000 6.60131
2670000 9.50996
2680000 7.77428
2690000 6.29757
2700000 6.1764
2710000 8.8366
2720000 5.95572
2730000 5.87074
2740000 5.91194
2750000 5.69329
2760000 11.1234
2770000 9.36325
2780000 6.47164
2790000 5.76944
2800000 6.0365
2810000 5.56051
2820000 5.36882
2830000 5.37159
2840000 5.32475
2850000 5.563
2860000 5.50229
2870000 6.4425
2880000 6.55947
2890000 10.5542
2900000 7.7503
2910000 6.35268
2920000 6.32969
2930000 8.80766
2940000 5.90921
2950000 5.84677
2960000 5.97679
2970000 5.65663
2980000 11.0876
2990000 9.75214
3000000 6.44799
3010000 5.7544
3020000 6.00031
3030000 5.55833
3040000 5.3569
3050000 5.37627
3060000 5.30779
3070000 5.54438
3080000 5.48217
3090000 5.50733
3100000 6.53575
3110000 10.6589
3120000 7.71502
3130000 6.32618
3140000 6.30288
3150000 10.0346
3160000 5.8967
3170000 5.82332
3180000 6.19412
3190000 5.63683
3200000 11.076
3210000 7.99362
3220000 6.45459
3230000 5.69102
3240000 5.95495
3250000 5.5407
3260000 5.3446
3270000 5.35831
3280000 5.29388
3290000 5.30821
3300000 5.47064
3310000 5.49036
3320000 6.52689
3330000 6.86921
3340000 7.69461
3350000 6.62369
3360000 6.28864
3370000 9.97111
3380000 6.69159
3390000 5.81271
3400000 6.17927
3410000 5.69102
3420000 13.5104
3430000 9.71683
3440000 7.10816
3450000 5.74889
3460000 5.64881
3470000 5.53405
3480000 5.35313
3490000 5.30905
3500000 5.28497
3510000 5.2856
3520000 5.44531
3530000 5.46423
3540000 6.5378
3550000 5.6221
3560000 7.70009
3570000 7.19211
3580000 6.15713
3590000 9.95868
3600000 7.59762
3610000 5.81283
3620000 6.16086
3630000 5.7854
3640000 5.43648
3650000 12.1418
3660000 7.76991
3670000 5.76547
3680000 5.65214
3690000 5.70257
3700000 5.34166
3710000 5.30067
3720000 5.27343
3730000 5.2731
3740000 5.44412
3750000 5.46002
3760000 6.8099
3770000 5.87777
3780000 9.40695
3790000 7.21262
3800000 6.14654
3810000 9.99027
3820000 8.58274
3830000 5.85152
3840000 6.08378
3850000 5.87314
3860000 5.50177
3870000 12.139
3880000 9.30186
3890000 6.0696
3900000 5.6712
3910000 5.6842
3920000 5.33461
3930000 5.28474
3940000 5.26471
3950000 5.25035
3960000 5.45041
3970000 5.44176
3980000 6.805
3990000 5.93103
4000000 9.39944
4010000 8.58783
4020000 6.15545
4030000 9.98017
4040000 8.64799
4050000 5.84423
4060000 6.10503
4070000 5.85191
4080000 5.52937
4090000 11.0396
4100000 9.36484
4110000 6.08749
4120000 5.67757
4130000 5.68395
4140000 5.32879
4150000 5.26877
4160000 5.26082
4170000 5.23731
4180000 5.44359
4190000 5.43151
4200000 6.34615
4210000 5.91812
4220000 9.44388
4230000 8.57973
4240000 6.18388
4250000 6.07174
4260000 8.6873
4270000 5.84285
4280000 6.12662
4290000 5.83153
4300000 5.52791
4310000 11.0368
4320000 9.38312
4330000 6.39639
4340000 5.67341
4350000 5.63683
4360000 5.39065
4370000 5.24924
4380000 5.24013
4390000 5.21565
4400000 5.43522
4410000 5.4208
4420000 6.33903
4430000 6.48476
4440000 9.41328
4450000 7.6622
4460000 6.17423
4470000 6.05177
4480000 8.73732
4490000 5.82978
4500000 5.75756
4510000 5.80077
4520000 5.57524
4530000 11.0629
4540000 9.28521
4550000 6.36626
4560000 5.65583
4570000 5.91513
4580000 5.43947
4590000 5.24696
4600000 5.24796
4610000 5.19622
4620000 5.43896
4630000 5.38108
4640000 6.33346
4650000 6.45535
4660000 10.4733
4670000 7.64775
4680000 6.23984
4690000 6.21726
4700000 8.71811
4710000 5.80542
4720000 5.74282
4730000 5.87756
4740000 5.54464
4750000 11.0329
4760000 9.26965
4770000 6.3504
4780000 5.6518
4790000 5.88602
4800000 5.44647
4810000 5.24615
4820000 5.27016
4830000 5.19285
4840000 5.43126
4850000 5.37276
4860000 5.39691
4870000 6.44059
4880000 10.5839
4890000 7.62942
4900000 6.22303
4910000 6.20181
4920000 9.95976
4930000 5.79887
4940000 5.72833
4950000 6.08912
4960000 5.53719
4970000 11.0246
4980000 7.91847
4990000 6.36414
5000000 5.59475
5010000 5.85266
5020000 5.43628
5030000 5.24501
5040000 5.2612
5050000 5.19192
5060000 5.43191
5070000 5.37047
5080000 5.38959
5090000 6.43892
5100000 6.78026
5110000 7.61209
5120000 6.52935
5130000 6.19461
5140000 9.89389
5150000 6.60349
5160000 5.72439
5170000 6.10323
5180000 5.56403
5190000 13.4719
5200000 9.65709
5210000 7.03108
5220000 5.66102
5230000 5.55443
5240000 5.4287
5250000 5.26111
5260000 5.21859
5270000 5.19003
5280000 5.19725
5290000 5.35127
5300000 5.3714
5310000 6.45945
5320000 5.53915
5330000 7.62642
5340000 7.10958
5350000 6.06939
5360000 9.89325
5370000 7.52198
5380000 5.73116
5390000 6.08999
5400000 5.70562
5410000 5.34684
5420000 12.0955
5430000 7.70612
5440000 5.68507
5450000 5.56895
5460000 5.61665
5470000 5.25635
5480000 5.21575
5490000 5.18676
5500000 5.18753
5510000 5.36015
5520000 5.373
5530000 6.73726
5540000 5.80315
5550000 9.3447
5560000 7.13528
5570000 6.06448
5580000 9.9311
5590000 8.51773
5600000 5.77871
5610000 6.01274
5620000 5.79994
5630000 5.42339
5640000 12.0955
5650000 9.24974
5660000 5.99752
5670000 5.59476
5680000 5.60695
5690000 5.25567
5700000 5.20657
5710000 5.17088
5720000 5.17088
5730000 5.36346
5740000 5.36094
5750000 6.73944
5760000 5.74515
5770000 9.34098
5780000 8.52319
5790000 6.08025
5800000 9.92269
5810000 8.58796
5820000 5.77703
5830000 6.04308
5840000 5.78526
5850000 5.45583
5860000 11.0035
5870000 9.32624
5880000 6.02225
5890000 5.60598
5900000 5.60399
5910000 5.25453
5920000 5.19386
5930000 5.19415
5940000 5.16226
5950000 5.36991
5960000 5.35552
5970000 6.28155
5980000 5.8557
5990000 9.38475
6000000 8.51947
6010000 6.12256
6020000 6.00117
6030000 8.63101
6040000 5.78055
6050000 6.07028
6060000 5.77737
6070000 5.46032
6080000 11.0035
6090000 9.3386
6100000 6.33918
6110000 5.60853
6120000 5.56418
6130000 5.32081
6140000 5.1799
6150000 5.16832
6160000 5.14489
6170000 5.36625
6180000 5.34879
6190000 6.27625
6200000 6.42324
6210000 9.36373
6220000 7.60109
6230000 6.10783
6240000 5.98538
6250000 8.68471
6260000 5.77023
6270000 5.69789
6280000 5.74167
6290000 5.51279
6300000 11.031
6310000 9.24292
6320000 6.32706
6330000 5.59323
6340000 5.83794
6350000 5.37375
6360000 5.18213
6370000 5.18167
6380000 5.13127
6390000 5.37051
6400000 5.31516
6410000 6.27291
6420000 6.4011
6430000 10.4275
6440000 7.59369
6450000 6.17738
6460000 6.1549
6470000 8.66733
6480000 5.74531
6490000 5.69129
6500000 5.82278
6510000 5.48785
6520000 11.0048
6530000 9.23104
6540000 6.29504
6550000 5.59278
6560000 5.83182
6570000 5.38238
6580000 5.17954
6590000 5.21191
6600000 5.1304
6610000 5.36708
6620000 5.31106
6630000 5.33348
6640000 6.39215
6650000 10.5521
6660000 7.57718
6670000 6.1626
6680000 6.14233
6690000 9.91599
6700000 5.74321
6710000 5.67499
6720000 6.0253
6730000 5.48106
6740000 10.9955
6750000 7.87655
6760000 6.31254
6770000 5.53919
6780000 5.78981
6790000 5.37523
6800000 5.18862
6810000 5.20704
6820000 5.13164
6830000 5.37288
6840000 5.31244
6850000 5.3315
6860000 6.38804
6870000 6.72808
6880000 7.56335
6890000 6.47566
6900000 6.1387
6910000 9.85664
6920000 6.55154
6930000 5.67198
6940000 6.0591
6950000 5.49632
6960000 13.4488
6970000 9.62252
6980000 6.98615
6990000 5.60972
7000000 5.503
7010000 5.3701
7020000 5.20721
7030000 5.16431
7040000 5.1334
7050000 5.14255
7060000 5.29548
7070000 5.31521
7080000 6.41359
7090000 5.51005
7100000 7.58024
7110000 7.05972
7120000 6.01708
7130000 9.85386
7140000 7.47736
7150000 5.68314
7160000 6.05076
7170000 5.65773
7180000 5.29478
7190000 12.0656
7200000 7.66705
7210000 5.63886
7220000 5.51819
7230000 5.47609
7240000 5.20492
7250000 5.16502
7260000 5.13428
7270000 5.1395
7280000 5.30679
7290000 5.3193
7300000 6.69222
7310000 5.7581
7320000 9.30713
7330000 7.08728
7340000 6.01377
7350000 9.89358
7360000 8.47754
7370000 5.73363
7380000 5.97241
7390000 5.74434
7400000 5.37674
7410000 12.0702
7420000 9.21663
7430000 5.95231
7440000 5.54801
7450000 5.55741
7460000 5.20726
7470000 5.15928
7480000 5.12099
7490000 5.12232
7500000 5.31445
7510000 5.30973
7520000 6.69695
7530000 5.70167
7540000 9.30315
7550000 8.49128
7560000 6.02218
7570000 9.8863
7580000 8.5497
7590000 5.73663
7600000 6.00349
7610000 5.74259
7620000 5.41054
7630000 10.9807
7640000 9.29708
7650000 5.98156
7660000 5.55761
7670000 5.55382
7680000 5.20798
7690000 5.1468
7700000 5.14547
7710000 5.1154
7720000 5.32397
7730000 5.30626
7740000 6.24007
7750000 5.8159
7760000 9.34731
7770000 8.48286
7780000 6.07619
7790000 5.95536
7800000 8.59434
7810000 5.7474
7820000 6.0363
7830000 5.73815
7840000 5.41799
7850000 10.9823
7860000 9.31185
7870000 6.30076
7880000 5.56518
7890000 5.51658
7900000 5.25259
7910000 5.13621
7920000 5.12279
7930000 5.10045
7940000 5.32127
7950000 5.30274
7960000 6.23589
7970000 6.38338
7980000 9.3282
7990000 7.56014
8000000 6.06336
8010000 5.94575
8020000 8.58531
8030000 5.73107
8040000 5.65988
8050000 5.70416
8060000 5.47245
8070000 11.0023
8080000 9.217
8090000 6.29105
8100000 5.55317
8110000 5.79332
8120000 5.33431
8130000 5.13913
8140000 5.13974
8150000 5.08858
8160000 5.32699
8170000 5.27113
8180000 6.23315
8190000 6.36331
8200000 10.397
8210000 7.55512
8220000 6.13556
8230000 6.11332
8240000 8.63379
8250000 5.72016
8260000 5.65398
8270000 5.78803
8280000 5.44917
8290000 10.9847
8300000 9.20534
8310000 6.26006
8320000 5.55305
8330000 5.78723
8340000 5.34244
8350000 5.13966
8360000 5.17349
8370000 5.08916
8380000 5.32418
8390000 5.27016
8400000 5.2918
8410000 6.35632
8420000 10.5072
8430000 7.54449
8440000 6.12255
8450000 6.10191
8460000 9.88518
8470000 5.70671
8480000 5.63946
8490000 5.99327
8500000 5.44434
8510000 10.9756
8520000 7.8481
8530000 6.27718
8540000 5.50048
8550000 5.74911
8560000 5.33232
8570000 5.15059
8580000 5.16895
8590000 5.09253
8600000 5.33261
8610000 5.27374
8620000 5.29154
8630000 6.35238
8640000 6.69387
8650000 7.52931
8660000 6.43925
8670000 6.10085
8680000 9.82672
8690000 6.51594
8700000 5.59855
8710000 6.02806
8720000 5.46011
8730000 13.4435
8740000 9.59929
8750000 6.95597
8760000 5.58359
8770000 5.46711
8780000 5.33104
8790000 5.17017
8800000 5.12713
8810000 5.09494
8820000 5.11716
8830000 5.25732
8840000 5.2775
8850000 6.36603
8860000 5.47722
8870000 7.54848
8880000 7.02365
8890000 5.97944
8900000 9.8271
8910000 7.45001
8920000 5.65057
8930000 6.03032
8940000 5.62489
8950000 5.25861
8960000 12.047
8970000 7.63962
8980000 5.60523
8990000 5.48198
9000000 5.43998
9010000 5.16903
9020000 5.12954
9030000 5.09853
9040000 5.10423
9050000 5.27084
9060000 5.28302
9070000 6.66123
9080000 5.73433
9090000 9.27961
9100000 7.05279
9110000 5.97931
9120000 9.85676
9130000 8.44846
9140000 5.65097
9150000 5.94418
9160000 5.71064
9170000 5.34274
9180000 12.052
9190000 9.19321
9200000 5.92068
9210000 5.4913
9220000 5.51994
9230000 5.1734
9240000 5.12665
9250000 5.08689
9260000 5.08793
9270000 5.28102
9280000 5.27432
9290000 6.6671
9300000 5.66699
9310000 9.27648
9320000 8.46166
9330000 5.98693
9340000 9.86101
9350000 8.52255
9360000 5.70759
9370000 5.96088
9380000 5.71253
9390000 5.37846
9400000 10.9683
9410000 9.23098
9420000 5.95171
9430000 5.52505
9440000 5.51668
9450000 5.17567
9460000 5.11394
9470000 5.11216
9480000 5.08244
9490000 5.29141
9500000 5.27135
9510000 6.20971
9520000 5.78764
9530000 9.29844
9540000 8.45435
9550000 6.04277
9560000 5.92263
9570000 8.56835
9580000 5.72559
9590000 6.01226
9600000 5.70966
9610000 5.37103
9620000 10.9669
9630000 9.29178
9640000 6.27617
9650000 5.53447
9660000 5.48036
9670000 5.22081
9680000 5.10482
9690000 5.09039
9700000 5.06647
9710000 5.28088
9720000 5.27056
9730000 6.20532
9740000 6.35341
9750000 9.30397
9760000 7.52977
9770000 6.03113
9780000 5.91526
9790000 8.55936
9800000 5.70338
9810000 5.63276
9820000 5.67661
9830000 5.44452
9840000 10.9873
9850000 9.19593
9860000 6.26487
9870000 5.52343
9880000 5.77746
9890000 5.30112
9900000 5.10864
9910000 5.10877
9920000 5.06299
9930000 5.29551
9940000 5.23953
9950000 6.20433
9960000 6.33621
9970000 9.31109
9980000 7.52643
9990000 6.10397
10000000 6.08314
