10000 207.223
20000 187.277
30000 76.3308
40000 68.893
50000 42.4745
60000 40.1773
70000 29.8903
80000 28.1424
90000 23.4162
100000 24.1811
110000 20.0201
120000 23.893
130000 20.5055
140000 20.4041
150000 18.1935
160000 18.7367
170000 16.7953
180000 16.1956
190000 16.2538
200000 33.3127
210000 15.643
220000 20.1335
230000 14.6787
240000 18.5669
250000 14.5433
260000 18.9155
270000 14.285
280000 18.4548
290000 14.0154
300000 17.0763
310000 13.7744
320000 17.3078
330000 14.9513
340000 16.45
350000 14.6707
360000 15.5479
370000 14.3459
380000 14.5825
390000 14.4466
400000 14.7933
410000 14.2258
420000 13.7251
430000 16.1083
440000 53.5283
450000 18.2385
460000 31.9656
470000 19.6887
480000 16.9001
490000 28.4905
500000 15.9803
510000 20.6822
520000 15.401
530000 15.8442
540000 14.6842
550000 22.7676
560000 14.4324
570000 19.0829
580000 17.8178
590000 16.2664
600000 14.9933
610000 15.3632
620000 14.3115
630000 13.7371
640000 14.0932
650000 32.378
660000 13.1843
670000 18.6907
680000 13.3483
690000 17.0263
700000 13.3092
710000 17.6759
720000 12.6713
730000 15.7647
740000 12.7533
750000 16.4689
760000 12.8017
770000 16.1816
780000 13.9481
790000 15.7507
800000 13.7031
810000 14.1083
820000 13.693
830000 13.5778
840000 13.8185
850000 54.1566
860000 15.4887
870000 13.2651
880000 19.361
890000 29.2589
900000 17.5648
910000 20.9344
920000 17.1039
930000 16.0957
940000 28.0023
950000 15.414
960000 20.9265
970000 14.9411
980000 16.4616
990000 14.2702
1000000 20.0881
1010000 14.2158
1020000 18.5586
1030000 14.619
1040000 15.7421
1050000 14.3007
1060000 15.1955
1070000 14.1283
1080000 32.672
1090000 13.5385
1100000 18.6451
1110000 12.9255
1120000 17.3831
1130000 12.9845
1140000 17.2923
1150000 12.9189
1160000 17.4072
1170000 12.7743
1180000 15.9739
1190000 12.5184
1200000 15.5044
1210000 12.4483
1220000 15.7873
1230000 13.8158
1240000 15.6742
1250000 13.4798
1260000 13.5443
1270000 13.6049
1280000 13.201
1290000 13.5618
1300000 13.0443
1310000 15.3901
1320000 53.3861
1330000 17.2959
1340000 33.6805
1350000 24.7003
1360000 20.0179
1370000 12.8574
1380000 15.4898
1390000 20.5108
1400000 15.3657
1410000 15.6248
1420000 14.367
1430000 22.5642
1440000 14.0721
1450000 19.1964
1460000 16.8393
1470000 16.4801
1480000 14.7
1490000 14.9911
1500000 13.9766
1510000 13.5512
1520000 13.8288
1530000 32.5417
1540000 13.1094
1550000 18.2098
1560000 12.7801
1570000 16.6735
1580000 13.0629
1590000 17.1703
1600000 12.5671
1610000 17.0405
1620000 12.6117
1630000 18.1618
1640000 12.571
1650000 16.0214
1660000 13.8082
1670000 15.472
1680000 13.6756
1690000 14.1588
1700000 13.4456
1710000 13.4238
1720000 13.5723
1730000 54.3269
1740000 13.4092
1750000 12.9014
1760000 19.1125
1770000 53.1432
1780000 17.1789
1790000 30.921
1800000 18.304
1810000 15.7905
1820000 28.0782
1830000 15.3768
1840000 20.1669
1850000 14.9521
1860000 15.3433
1870000 14.2714
1880000 22.4341
1890000 13.9524
1900000 18.4396
1910000 15.9391
1920000 15.4891
1930000 14.2521
1940000 14.7709
1950000 13.7402
1960000 32.1035
1970000 13.6862
1980000 32.6641
1990000 12.6911
2000000 18.2328
2010000 12.9458
2020000 17.7563
2030000 12.8593
2040000 17.3009
2050000 12.5272
2060000 15.8201
2070000 12.3993
2080000 16.0494
2090000 12.5099
2100000 15.8326
2110000 13.7451
2120000 15.3816
2130000 13.43
2140000 13.39
2150000 13.4092
2160000 13.0707
2170000 13.4914
2180000 12.9273
2190000 15.3748
2200000 12.8171
2210000 19.289
2220000 29.2775
2230000 17.2708
2240000 20.7266
2250000 12.6507
2260000 15.8286
2270000 20.4509
2280000 15.1988
2290000 20.8811
2300000 14.4628
2310000 16.079
2320000 14.0186
2330000 19.796
2340000 16.6625
2350000 18.2494
2360000 14.4917
2370000 15.496
2380000 14.0787
2390000 13.7564
2400000 13.8246
2410000 32.4738
2420000 13.3949
2430000 18.4817
2440000 12.7266
2450000 17.1012
2460000 12.9261
2470000 17.3088
2480000 12.7163
2490000 17.2517
2500000 12.5521
2510000 15.7812
2520000 12.3494
2530000 15.2681
2540000 12.4588
2550000 15.4609
2560000 13.7711
2570000 15.0183
2580000 13.3421
2590000 13.353
2600000 13.5134
2610000 14.0181
2620000 13.4224
2630000 12.957
2640000 15.3227
2650000 53.3646
2660000 17.1343
2670000 31.5574
2680000 21.7709
2690000 16.4254
2700000 21.3925
2710000 15.4341
2720000 20.2043
2730000 15.3449
2740000 15.4573
2750000 14.2557
2760000 22.4067
2770000 13.814
2780000 18.9583
2790000 17.4212
2800000 16.4029
2810000 14.6353
2820000 14.9404
2830000 13.747
2840000 13.242
2850000 13.7173
2860000 32.5302
2870000 12.7577
2880000 18.2859
2890000 13.0214
2900000 16.5519
2910000 12.9784
2920000 16.9621
2930000 12.3378
2940000 16.9283
2950000 12.5093
2960000 15.9114
2970000 12.5105
2980000 15.8206
2990000 13.7628
3000000 15.3472
3010000 13.5178
3020000 13.8932
3030000 13.4303
3040000 13.2553
3050000 13.4544
3060000 54.0998
3070000 13.3912
3080000 12.7874
3090000 19.2497
3100000 29.0081
3110000 17.1969
3120000 31.4168
3130000 16.7991
3140000 15.7173
3150000 28.0385
3160000 15.3709
3170000 20.1567
3180000 14.7851
3190000 15.2432
3200000 14.0642
3210000 22.4805
3220000 13.6783
3230000 18.4251
3240000 14.3827
3250000 15.3893
3260000 14.3379
3270000 14.7903
3280000 13.6818
3290000 32.5493
3300000 13.2587
3310000 32.5872
3320000 12.6623
3330000 17.258
3340000 12.8123
3350000 17.0964
3360000 12.794
3370000 17.208
3380000 12.678
3390000 15.7324
3400000 12.4089
3410000 15.261
3420000 12.4946
3430000 15.5553
3440000 13.7497
3450000 15.4098
3460000 13.3455
3470000 13.3124
3480000 13.4773
3490000 12.9629
3500000 13.5049
3510000 12.81
3520000 15.3774
3530000 12.799
3540000 17.2313
3550000 33.4871
3560000 17.5268
3570000 19.843
3580000 12.7506
3590000 15.235
3600000 20.3684
3610000 15.1124
3620000 15.5238
3630000 14.3535
3640000 15.9567
3650000 13.9349
3660000 19.0947
3670000 16.6618
3680000 16.2872
3690000 14.5862
3700000 15.3948
3710000 14.0181
3720000 13.2806
3730000 13.6917
3740000 32.5249
3750000 13.3841
3760000 18.4415
3770000 12.6525
3780000 16.8575
3790000 12.8579
3800000 17.3835
3810000 12.7776
3820000 17.2162
3830000 12.4773
3840000 15.5185
3850000 12.4384
3860000 15.8422
3870000 13.8552
3880000 15.3735
3890000 13.6432
3900000 14.3768
3910000 13.2903
3920000 13.2817
3930000 13.4108
3940000 13.9408
3950000 13.3799
3960000 12.6802
3970000 15.3953
3980000 53.251
3990000 17.1384
4000000 31.4513
4010000 18.512
4020000 16.0417
4030000 28.1798
4040000 15.306
4050000 20.0777
4060000 14.8637
4070000 14.9934
4080000 14.1467
4090000 22.306
4100000 13.9063
4110000 18.4333
4120000 15.8321
4130000 15.5432
4140000 14.5411
4150000 14.8385
4160000 13.8049
4170000 13.2023
4180000 13.6318
4190000 32.3326
4200000 12.6457
4210000 18.2423
4220000 12.9498
4230000 16.5798
4240000 12.9079
4250000 17.2006
4260000 12.3361
4270000 15.217
4280000 12.3969
4290000 15.7954
4300000 12.528
4310000 15.7038
4320000 13.7117
4330000 15.3179
4340000 13.4033
4350000 13.6464
4360000 13.3708
4370000 13.1067
4380000 13.4986
4390000 54.1295
4400000 15.2764
4410000 12.8638
4420000 19.2393
4430000 28.9822
4440000 17.2077
4450000 20.5246
4460000 16.9126
4470000 15.6786
4480000 28.0611
4490000 15.1582
4500000 20.7236
4510000 14.6938
4520000 15.9908
4530000 13.9825
4540000 19.8034
4550000 13.8861
4560000 18.2824
4570000 14.3393
4580000 15.4015
4590000 14.0452
4600000 14.9535
4610000 13.6388
4620000 32.6272
4630000 13.2768
4640000 18.4224
4650000 12.6492
4660000 17.1042
4670000 12.8191
4680000 17.0697
4690000 12.735
4700000 17.1403
4710000 12.681
4720000 15.7229
4730000 12.4061
4740000 15.1423
4750000 12.4343
4760000 15.5473
4770000 13.6515
4780000 15.399
4790000 13.3709
4800000 13.2453
4810000 13.423
4820000 12.9194
4830000 13.446
4840000 12.789
4850000 15.3173
4860000 53.3023
4870000 17.2345
4880000 33.5197
4890000 24.6602
4900000 19.748
4910000 12.8087
4920000 15.3616
4930000 20.3309
4940000 15.2051
4950000 15.2891
4960000 14.2524
4970000 22.3268
4980000 13.9376
4990000 18.9236
5000000 16.6639
5010000 16.2815
5020000 14.6079
5030000 14.8217
5040000 13.8265
5050000 13.39
5060000 13.654
5070000 32.5456
5080000 12.9685
5090000 18.0349
5100000 12.7122
5110000 16.4926
5120000 13.0693
5130000 16.9718
5140000 12.498
5150000 16.8784
5160000 12.5818
5170000 18.0632
5180000 12.5448
5190000 15.7768
5200000 13.784
5210000 15.291
5220000 13.5759
5230000 14.023
5240000 13.3315
5250000 13.2266
5260000 13.4288
5270000 54.3519
5280000 13.3466
5290000 12.7232
5300000 19.0928
5310000 53.0693
5320000 17.1717
5330000 30.7883
5340000 18.2473
5350000 15.6867
5360000 28.1189
5370000 15.2979
5380000 20.0395
5390000 14.8059
5400000 15.1068
5410000 14.1515
5420000 22.3056
5430000 13.8075
5440000 18.3298
5450000 15.8196
5460000 15.3276
5470000 14.1607
5480000 14.6655
5490000 13.5685
5500000 32.1429
5510000 13.6018
5520000 32.6774
5530000 12.5514
5540000 18.1269
5550000 12.8486
5560000 17.6382
5570000 12.7964
5580000 17.1337
5590000 12.5019
5600000 15.6838
5610000 12.3826
5620000 15.8534
5630000 12.5461
5640000 15.693
5650000 13.7469
5660000 15.2295
5670000 13.4102
5680000 13.2261
5690000 13.3321
5700000 12.925
5710000 13.456
5720000 12.7992
5730000 15.3209
5740000 12.7252
5750000 19.2885
5760000 29.1811
5770000 17.2615
5780000 20.5243
5790000 12.7321
5800000 15.6952
5810000 20.3597
5820000 15.1411
5830000 20.8294
5840000 14.3679
5850000 15.8334
5860000 13.966
5870000 19.6883
5880000 16.5899
5890000 18.2039
5900000 14.3887
5910000 15.386
5920000 13.9551
5930000 13.6912
5940000 13.6552
5950000 32.4694
5960000 13.306
5970000 18.3691
5980000 12.6179
5990000 17.0133
6000000 12.9289
6010000 17.1859
6020000 12.6772
6030000 17.1315
6040000 12.5411
6050000 15.6841
6060000 12.3559
6070000 15.1127
6080000 12.5265
6090000 15.3441
6100000 13.6995
6110000 14.8781
6120000 13.3149
6130000 13.2011
6140000 13.4253
6150000 14.0042
6160000 13.395
6170000 12.8393
6180000 15.3007
6190000 53.3119
6200000 17.1349
6210000 31.4291
6220000 21.799
6230000 16.2262
6240000 21.4266
6250000 15.3515
6260000 20.1553
6270000 15.2698
6280000 15.2839
6290000 14.2142
6300000 22.3026
6310000 13.7546
6320000 18.8972
6330000 17.3792
6340000 16.3109
6350000 14.5791
6360000 14.882
6370000 13.659
6380000 13.1902
6390000 13.6606
6400000 32.5479
6410000 12.6846
6420000 18.203
6430000 12.9781
6440000 16.4248
6450000 13.0191
6460000 16.8444
6470000 12.3279
6480000 16.8418
6490000 12.57
6500000 15.8216
6510000 12.5518
6520000 15.7129
6530000 13.7499
6540000 15.2532
6550000 13.5309
6560000 13.8102
6570000 13.3963
6580000 13.1569
6590000 13.4066
6600000 54.1326
6610000 13.3721
6620000 12.7057
6630000 19.2364
6640000 28.942
6650000 17.2475
6660000 31.3266
6670000 16.8163
6680000 15.6139
6690000 28.1034
6700000 15.3194
6710000 20.0985
6720000 14.7366
6730000 15.0913
6740000 14.0229
6750000 22.4271
6760000 13.6088
6770000 18.3717
6780000 14.3064
6790000 15.2844
6800000 14.2392
6810000 14.7605
6820000 13.4389
6830000 32.5793
6840000 13.2096
6850000 32.6276
6860000 12.6021
6870000 17.2037
6880000 12.7868
6890000 17.0068
6900000 12.7169
6910000 17.1123
6920000 12.6773
6930000 15.6445
6940000 12.4173
6950000 15.1233
6960000 12.5172
6970000 15.4782
6980000 13.7378
6990000 15.3227
7000000 13.3525
7010000 13.2379
7020000 13.4337
7030000 12.8804
7040000 13.5103
7050000 12.7451
7060000 15.3631
7070000 12.7385
7080000 17.26
7090000 33.4397
7100000 17.4846
7110000 19.735
7120000 12.8087
7130000 15.1585
7140000 20.3166
7150000 15.0792
7160000 15.3786
7170000 14.3208
7180000 15.7951
7190000 13.9136
7200000 19.0472
7210000 16.6216
7220000 16.2444
7230000 14.5408
7240000 15.3477
7250000 13.9497
7260000 13.2655
7270000 13.6725
7280000 32.4736
7290000 13.3365
7300000 18.3772
7310000 12.604
7320000 16.7966
7330000 12.921
7340000 17.3161
7350000 12.7873
7360000 17.1616
7370000 12.4844
7380000 15.4456
7390000 12.461
7400000 15.7611
7410000 13.8681
7420000 15.2732
7430000 13.625
7440000 14.3132
7450000 13.2875
7460000 13.1949
7470000 13.4464
7480000 13.9352
7490000 13.3758
7500000 12.6264
7510000 15.3867
7520000 53.2202
7530000 17.1631
7540000 31.4227
7550000 18.5047
7560000 15.9478
7570000 28.2118
7580000 15.2566
7590000 20.0329
7600000 14.8107
7610000 15.0216
7620000 14.1297
7630000 22.2495
7640000 13.8889
7650000 18.3881
7660000 15.7978
7670000 15.4806
7680000 14.4982
7690000 14.8206
7700000 13.7481
7710000 32.2002
7720000 13.589
7730000 32.3584
7740000 12.5516
7750000 18.1949
7760000 12.9075
7770000 16.4684
7780000 12.9367
7790000 17.1383
7800000 12.3894
7810000 15.1575
7820000 12.4101
7830000 15.7263
7840000 12.5539
7850000 15.6404
7860000 13.7561
7870000 15.2498
7880000 13.4304
7890000 13.6018
7900000 13.357
7910000 13.0441
7920000 13.5286
7930000 54.148
7940000 15.2705
7950000 12.8226
7960000 19.2427
7970000 28.9466
7980000 17.2502
7990000 20.4225
8000000 16.9448
8010000 15.6198
8020000 28.1126
8030000 15.0993
8040000 20.6935
8050000 14.68
8060000 15.8844
8070000 13.9738
8080000 19.7577
8090000 13.8151
8100000 18.2444
8110000 14.2967
8120000 15.3692
8130000 13.9956
8140000 14.9497
8150000 13.5938
8160000 32.6591
8170000 13.252
8180000 18.3756
8190000 12.6093
8200000 17.0838
8210000 12.8424
8220000 17.0166
8230000 12.7171
8240000 17.0736
8250000 12.6565
8260000 15.6872
8270000 12.4212
8280000 15.075
8290000 12.4877
8300000 15.4996
8310000 13.6624
8320000 15.349
8330000 13.388
8340000 13.1861
8350000 13.4325
8360000 13.0782
8370000 13.4595
8380000 12.7536
8390000 15.3022
8400000 53.2814
8410000 17.2542
8420000 33.4934
8430000 24.7074
8440000 19.6818
8450000 12.8546
8460000 15.3235
8470000 20.3004
8480000 15.1647
8490000 15.1983
8500000 14.2237
8510000 22.2655
8520000 13.934
8530000 18.9384
8540000 16.634
8550000 16.24
8560000 14.4551
8570000 14.8024
8580000 13.7938
8590000 13.3968
8600000 13.6143
8610000 32.5655
8620000 12.9533
8630000 17.9952
8640000 12.7324
8650000 16.4606
8660000 13.1609
8670000 16.9239
8680000 12.4718
8690000 16.8093
8700000 12.6096
8710000 18.0545
8720000 12.5807
8730000 15.7201
8740000 13.8046
8750000 15.2321
8760000 13.576
8770000 13.9892
8780000 13.3302
8790000 13.1781
8800000 13.4139
8810000 54.3825
8820000 13.3575
8830000 12.7055
8840000 19.0472
8850000 53.0454
8860000 17.2001
8870000 30.7559
8880000 18.2653
8890000 15.627
8900000 28.169
8910000 15.2733
8920000 20.0327
8930000 14.7668
8940000 15.0146
8950000 14.1451
8960000 22.2614
8970000 13.7702
8980000 18.3015
8990000 15.8007
9000000 15.2989
9010000 14.1261
9020000 14.6587
9030000 13.5236
9040000 32.1708
9050000 13.333
9060000 32.6526
9070000 12.534
9080000 18.0393
9090000 12.904
9100000 17.6028
9110000 12.8248
9120000 17.0875
9130000 12.4827
9140000 15.6413
9150000 12.4036
9160000 15.778
9170000 12.5823
9180000 15.6554
9190000 13.7681
9200000 15.1871
9210000 13.4291
9220000 13.1995
9230000 13.309
9240000 12.8871
9250000 13.4755
9260000 12.7575
9270000 15.3162
9280000 12.7081
9290000 19.2904
9300000 29.1456
9310000 17.3575
9320000 20.4657
9330000 12.7676
9340000 15.6887
9350000 20.3418
9360000 15.1297
9370000 20.7965
9380000 14.3411
9390000 15.7664
9400000 13.9774
9410000 19.6515
9420000 16.5744
9430000 18.1884
9440000 14.3679
9450000 15.3826
9460000 13.9188
9470000 13.6919
9480000 13.6035
9490000 32.4991
9500000 13.286
9510000 18.3392
9520000 12.5931
9530000 16.9927
9540000 12.9446
9550000 16.9942
9560000 12.6836
9570000 17.081
9580000 12.5258
9590000 15.6489
9600000 12.4077
9610000 15.0894
9620000 12.5875
9630000 15.3072
9640000 13.692
9650000 14.8316
9660000 13.3371
9670000 13.1585
9680000 13.4093
9690000 14.0148
9700000 13.4015
9710000 12.7813
9720000 15.3014
9730000 53.3432
9740000 17.1414
9750000 31.4043
9760000 21.8339
9770000 16.1678
9780000 21.458
9790000 15.3288
9800000 20.1393
9810000 15.2442
9820000 14.9873
9830000 14.219
9840000 22.2562
9850000 13.7512
9860000 18.8965
9870000 17.3809
9880000 16.2762
9890000 14.5658
9900000 14.873
9910000 13.6377
9920000 13.2139
9930000 13.642
9940000 32.5727
9950000 12.6535
9960000 18.1772
9970000 12.9776
9980000 16.3842
9990000 13.0832
10000000 16.8146
10010000 12.3206
10020000 16.7945
10030000 12.5893
10040000 15.7571
10050000 12.5491
10060000 15.6801
10070000 13.7957
10080000 15.222
10090000 13.5731
10100000 13.7849
10110000 13.4114
10120000 13.1086
10130000 13.4125
10140000 54.1505
10150000 13.3789
10160000 12.6946
10170000 19.2327
10180000 28.9101
10190000 17.2674
10200000 31.2975
10210000 17.0917
10220000 15.5815
10230000 28.14
10240000 15.2951
10250000 20.1099
10260000 14.7301
10270000 15.1206
10280000 14.0194
10290000 22.3863
10300000 13.5962
10310000 18.3479
10320000 14.2875
10330000 15.2897
10340000 14.209
10350000 14.7581
10360000 13.4085
10370000 32.6136
10380000 13.1926
10390000 32.6383
10400000 12.575
10410000 17.1795
10420000 12.7806
10430000 16.9851
10440000 12.7376
10450000 17.0792
10460000 12.6666
10470000 15.6118
10480000 12.4271
10490000 15.0836
10500000 12.5556
10510000 15.4549
10520000 13.7644
10530000 15.29
10540000 13.3733
10550000 13.1999
10560000 13.4422
10570000 12.8564
10580000 13.5328
10590000 12.7326
10600000 15.3196
10610000 12.7512
10620000 17.2911
10630000 33.4296
10640000 17.491
10650000 19.7065
10660000 12.8504
10670000 15.1274
10680000 20.298
10690000 15.0623
10700000 15.298
10710000 14.3159
10720000 15.7444
10730000 13.9168
10740000 19.0328
10750000 16.613
10760000 16.2395
10770000 14.5187
10780000 15.3465
10790000 13.9203
10800000 13.2743
10810000 13.6427
10820000 32.5059
10830000 13.3326
10840000 18.3603
10850000 12.6036
10860000 16.7865
10870000 12.9862
10880000 17.2931
10890000 12.8063
10900000 17.1212
10910000 12.4981
10920000 15.434
10930000 12.4974
10940000 15.729
10950000 13.8936
10960000 15.2316
10970000 13.6361
10980000 14.2792
10990000 13.3019
11000000 13.1631
11010000 13.4482
11020000 13.9457
11030000 13.3936
11040000 12.7384
11050000 15.4822
11060000 53.2094
11070000 17.1821
11080000 31.4116
11090000 18.5108
11100000 15.9061
11110000 28.2409
11120000 15.2391
11130000 20.0541
11140000 14.7874
11150000 14.9557
11160000 14.1382
11170000 22.2318
11180000 13.8911
11190000 18.4017
11200000 15.7952
11210000 15.4618
11220000 14.4854
11230000 14.8264
11240000 13.7374
11250000 32.2257
11260000 13.5773
11270000 32.3918
11280000 12.529
11290000 18.1739
11300000 12.8744
11310000 17.5342
11320000 12.9853
11330000 17.123
11340000 12.3806
11350000 15.133
11360000 12.4237
11370000 15.7033
11380000 12.5699
11390000 15.6175
11400000 13.7968
11410000 15.2159
11420000 13.4301
11430000 13.5758
11440000 13.3698
11450000 13.0142
11460000 13.5399
11470000 54.1659
11480000 15.2757
11490000 12.8178
11500000 19.2489
11510000 28.9268
11520000 17.2814
11530000 20.384
11540000 16.9864
11550000 15.5949
11560000 28.1444
11570000 15.0912
11580000 20.6852
11590000 14.6881
11600000 15.8418
11610000 13.9838
11620000 19.6206
11630000 13.6897
11640000 18.2247
11650000 14.2851
11660000 15.3559
11670000 13.9902
11680000 14.9636
11690000 13.5137
11700000 32.6864
11710000 13.26
11720000 18.3618
11730000 12.5938
11740000 17.0743
11750000 12.8795
11760000 17.0013
11770000 12.7297
11780000 17.0401
11790000 12.6476
11800000 15.6771
11810000 12.4323
11820000 15.0496
11830000 12.5384
11840000 15.481
11850000 13.6809
11860000 15.3237
11870000 13.4136
11880000 13.1689
11890000 13.4498
11900000 13.0819
11910000 13.4794
11920000 12.7469
11930000 15.2974
11940000 53.281
11950000 17.2754
11960000 33.4715
11970000 24.7434
11980000 19.6456
11990000 12.8724
12000000 15.3206
12010000 20.2867
12020000 15.144
12030000 15.1249
12040000 14.2219
12050000 22.2425
12060000 13.9359
12070000 18.9368
12080000 16.6317
12090000 16.2274
12100000 14.458
12110000 14.8016
12120000 13.7886
12130000 13.4077
12140000 13.5992
12150000 32.5949
12160000 12.9505
12170000 17.9852
12180000 12.7453
12190000 16.4426
12200000 13.2146
12210000 16.9029
12220000 12.4142
12230000 16.7721
12240000 12.6204
12250000 18.0529
12260000 12.6131
12270000 15.7051
12280000 13.8356
12290000 15.2498
12300000 13.5888
12310000 13.9644
12320000 13.3378
12330000 13.15
12340000 13.4255
12350000 54.4035
12360000 13.3752
12370000 12.7085
12380000 19.0533
12390000 53.0364
12400000 17.2187
12410000 30.7401
12420000 18.2895
12430000 15.5964
12440000 28.2058
12450000 15.2622
12460000 20.0422
12470000 14.7401
12480000 15.0011
12490000 14.1446
12500000 22.2528
12510000 13.7651
12520000 18.2915
12530000 15.8004
12540000 15.2795
12550000 14.1208
12560000 14.6649
12570000 13.4916
12580000 32.2148
12590000 13.319
12600000 32.6902
12610000 12.5139
12620000 18.031
12630000 12.9103
12640000 17.5908
12650000 12.8691
12660000 17.0707
12670000 12.53
12680000 15.6032
12690000 12.413
12700000 15.757
12710000 12.6156
12720000 15.6462
12730000 13.7998
12740000 15.1716
12750000 13.4358
12760000 13.1822
12770000 13.3275
12780000 12.8767
12790000 13.5008
12800000 12.7539
12810000 15.3154
12820000 12.713
12830000 19.2903
12840000 29.122
12850000 17.3873
12860000 20.4379
12870000 12.8694
12880000 15.6737
12890000 20.3324
12900000 15.1399
12910000 20.7924
12920000 14.3361
12930000 15.7219
12940000 13.982
12950000 19.6511
12960000 16.5683
12970000 18.1755
12980000 14.5127
12990000 15.3799
13000000 13.9146
13010000 13.6909
13020000 13.5781
13030000 32.5303
13040000 13.2909
13050000 18.3276
13060000 12.5934
13070000 16.9933
13080000 12.9598
13090000 16.9753
13100000 12.7235
13110000 17.0536
13120000 12.5383
13130000 15.6327
13140000 12.4191
13150000 15.0835
13160000 12.6169
13170000 15.2952
13180000 13.6921
13190000 14.9037
13200000 13.3492
13210000 13.1173
13220000 13.4265
13230000 14.0262
13240000 13.419
13250000 12.7701
13260000 15.3155
13270000 53.3151
13280000 17.1595
13290000 31.3936
13300000 18.6292
13310000 16.1295
13320000 21.4888
13330000 15.3195
13340000 20.1415
13350000 15.2209
13360000 14.9532
13370000 14.2347
13380000 22.2429
13390000 13.7574
13400000 18.9018
13410000 17.3961
13420000 16.2634
13430000 14.5464
13440000 14.8672
13450000 13.637
13460000 13.2273
13470000 13.6378
13480000 32.5962
13490000 12.6318
13500000 18.1617
13510000 12.9911
13520000 16.3756
13530000 13.1402
13540000 16.804
13550000 12.3226
13560000 16.7659
13570000 12.5982
13580000 15.7485
13590000 12.5625
13600000 15.6519
13610000 13.8289
13620000 15.2047
13630000 13.5698
13640000 13.7669
13650000 13.429
13660000 13.1078
13670000 13.4243
13680000 54.0874
13690000 13.391
13700000 12.6949
13710000 19.2697
13720000 28.8934
13730000 17.3002
13740000 31.283
13750000 17.1212
13760000 15.5684
13770000 28.1698
13780000 15.2844
13790000 20.1196
13800000 14.7209
13810000 15.077
13820000 14.0223
13830000 22.3959
13840000 13.5946
13850000 18.3245
13860000 14.2811
13870000 15.2868
13880000 14.1819
13890000 14.7628
13900000 13.393
13910000 32.645
13920000 13.1982
13930000 32.6609
13940000 12.6055
13950000 17.1722
13960000 12.7932
13970000 16.9743
13980000 12.7824
13990000 17.0416
14000000 12.6491
14010000 15.5959
14020000 12.4315
14030000 15.0686
14040000 12.5718
14050000 15.4571
14060000 13.7864
14070000 15.2781
14080000 13.3945
14090000 13.18
14100000 13.4629
14110000 12.8481
14120000 13.5992
14130000 12.7289
14140000 15.3188
14150000 12.7422
14160000 17.3036
14170000 33.4292
14180000 17.5206
14190000 19.659
14200000 12.8822
14210000 15.1196
14220000 20.2927
14230000 15.0602
14240000 15.2638
14250000 14.3127
14260000 15.7127
14270000 13.9205
14280000 19.0322
14290000 16.6175
14300000 16.2358
14310000 14.518
14320000 15.354
14330000 13.9082
14340000 13.3582
14350000 13.6349
14360000 32.513
14370000 13.3387
14380000 18.3547
14390000 12.605
14400000 16.7783
14410000 13.0162
14420000 17.2833
14430000 12.7872
14440000 17.0996
14450000 12.5032
14460000 15.4245
14470000 12.4988
14480000 15.7178
14490000 13.9091
14500000 15.2065
14510000 13.6627
14520000 14.2689
14530000 13.3178
14540000 13.1456
14550000 13.4624
14560000 13.956
14570000 13.4118
14580000 12.7248
14590000 15.465
14600000 53.1965
14610000 17.1886
14620000 31.4079
14630000 18.5045
14640000 15.8658
14650000 28.2881
14660000 15.2292
14670000 20.0454
14680000 14.9788
14690000 14.9468
14700000 14.1402
14710000 22.2214
14720000 13.8882
14730000 18.2703
14740000 15.7992
14750000 15.4548
14760000 14.4874
14770000 14.8313
14780000 13.7379
14790000 32.2521
14800000 13.5851
14810000 32.4178
14820000 12.5322
14830000 18.1725
14840000 12.8251
14850000 17.5117
14860000 13.0218
14870000 17.1249
14880000 12.3772
14890000 15.1259
14900000 12.4364
14910000 15.6996
14920000 12.5741
14930000 15.6234
14940000 13.8351
14950000 15.2001
14960000 13.436
14970000 13.5699
14980000 13.3913
14990000 13.0042
15000000 13.5609
15010000 54.1883
15020000 15.3442
15030000 12.826
15040000 19.2848
15050000 28.9181
15060000 17.3031
15070000 20.3511
15080000 17.0171
15090000 15.6082
15100000 28.172
15110000 15.0869
15120000 20.678
15130000 14.6817
15140000 15.8053
15150000 14.0074
15160000 19.6149
15170000 16.7983
15180000 18.1987
15190000 14.2833
15200000 15.3547
15210000 13.9862
15220000 14.978
15230000 13.5036
15240000 32.7062
15250000 13.2654
15260000 18.3559
15270000 12.5924
15280000 17.0704
15290000 12.9076
15300000 16.995
15310000 12.7509
15320000 17.0215
15330000 12.5904
15340000 15.6648
15350000 12.4274
15360000 15.0406
15370000 12.5648
15380000 15.4777
15390000 13.7019
15400000 15.312
15410000 13.4329
15420000 13.1865
15430000 13.4769
15440000 13.0853
15450000 13.4974
15460000 12.7531
15470000 15.3017
15480000 53.2575
15490000 17.3156
15500000 33.4588
15510000 24.7735
15520000 19.6238
15530000 12.9038
15540000 15.3283
15550000 20.2881
15560000 15.1298
15570000 15.1061
15580000 14.224
15590000 22.234
15600000 13.9438
15610000 18.9231
15620000 16.6358
15630000 16.1998
15640000 14.4665
15650000 14.8132
15660000 13.789
15670000 13.4206
15680000 13.5848
15690000 32.6193
15700000 12.9623
15710000 17.9803
15720000 12.7542
15730000 16.4348
15740000 13.2638
15750000 16.8937
15760000 12.4096
15770000 16.7565
15780000 12.6283
15790000 18.0558
15800000 12.629
15810000 15.6987
15820000 13.8584
15830000 15.2385
15840000 13.5987
15850000 13.9708
15860000 13.3722
15870000 13.1291
15880000 13.4335
15890000 54.4138
15900000 13.4008
15910000 12.6988
15920000 19.0571
15930000 53.0342
15940000 17.233
15950000 30.7289
15960000 18.3001
15970000 15.5732
15980000 28.234
15990000 15.2675
16000000 20.0441
16010000 14.7212
16020000 15.0309
16030000 14.1087
16040000 22.2542
16050000 13.7635
16060000 18.2793
16070000 15.8023
16080000 15.2894
16090000 14.133
16100000 14.6707
16110000 13.4856
16120000 32.2367
16130000 13.3227
16140000 32.7041
16150000 12.5215
16160000 18.0325
16170000 12.906
16180000 17.149
16190000 12.9144
16200000 17.0704
16210000 12.5192
16220000 15.5896
16230000 12.4249
16240000 15.7493
16250000 12.6351
16260000 15.6439
16270000 13.8152
16280000 15.1619
16290000 13.4494
16300000 13.1707
16310000 13.3412
16320000 12.8718
16330000 13.5211
16340000 12.7785
16350000 15.3203
16360000 12.7163
16370000 19.205
16380000 29.1123
16390000 17.386
16400000 20.4191
16410000 12.8974
16420000 15.6568
16430000 20.3476
16440000 15.1198
16450000 20.8047
16460000 14.327
16470000 15.6931
16480000 13.9901
16490000 19.6486
16500000 16.566
16510000 18.1657
16520000 14.5108
16530000 15.383
16540000 13.933
16550000 13.8061
16560000 13.57
16570000 32.5776
16580000 13.3018
16590000 18.3208
16600000 12.6016
16610000 16.9939
16620000 12.9932
16630000 16.9674
16640000 12.7465
16650000 17.0378
16660000 12.5558
16670000 15.6243
16680000 12.4422
16690000 15.0823
16700000 12.6389
16710000 15.2686
16720000 13.703
16730000 14.8965
16740000 13.3662
16750000 13.1141
16760000 13.4366
16770000 14.0294
16780000 13.4367
16790000 12.7841
16800000 15.3199
16810000 53.3099
16820000 17.1707
16830000 31.3896
16840000 18.6447
16850000 16.0907
16860000 21.5123
16870000 15.3386
16880000 20.1461
16890000 15.2108
16900000 14.9238
16910000 14.2384
16920000 22.2308
16930000 13.7575
16940000 18.92
16950000 17.4143
16960000 16.2356
16970000 14.5333
16980000 14.87
16990000 13.6413
17000000 13.2406
17010000 13.6356
17020000 32.6221
17030000 12.6482
17040000 18.1583
17050000 12.9695
17060000 16.372
17070000 13.1875
17080000 16.8076
17090000 12.3199
17100000 16.7498
17110000 12.5964
17120000 15.7505
17130000 12.5696
17140000 15.6502
17150000 13.8526
17160000 15.1965
17170000 13.5788
17180000 13.7677
17190000 13.4377
17200000 13.1077
17210000 13.4355
17220000 54.1025
17230000 13.4018
17240000 12.7076
17250000 19.2273
17260000 28.8856
17270000 17.3137
17280000 31.2806
17290000 17.1421
17300000 15.4498
17310000 28.191
17320000 15.2763
17330000 20.656
17340000 14.6979
17350000 15.0454
17360000 13.9963
17370000 22.3534
17380000 13.5924
17390000 18.3182
17400000 14.2829
17410000 15.2805
17420000 14.1777
17430000 14.7766
17440000 13.3931
17450000 32.6632
17460000 13.2051
17470000 18.3806
17480000 12.6041
17490000 17.1592
17500000 12.8294
17510000 16.9731
17520000 12.8074
17530000 17.0353
17540000 12.6339
17550000 15.6006
17560000 12.4275
17570000 15.0649
17580000 12.6182
17590000 15.4565
17600000 13.8075
17610000 15.2931
17620000 13.4145
17630000 13.158
17640000 13.4784
17650000 12.845
17660000 13.6264
17670000 12.7283
17680000 15.3238
17690000 12.752
17700000 17.3179
17710000 33.4258
17720000 17.5326
17730000 19.6429
17740000 12.9205
17750000 15.1115
17760000 20.2874
17770000 15.0485
17780000 15.2518
17790000 14.2934
17800000 15.6927
17810000 13.9266
17820000 19.0341
17830000 16.6371
17840000 16.2313
17850000 14.5185
17860000 15.3662
17870000 13.9104
17880000 13.3592
17890000 13.6252
17900000 32.6285
17910000 13.348
17920000 18.3521
17930000 12.6108
17940000 16.7783
17950000 13.042
17960000 17.287
17970000 12.8132
17980000 17.0762
17990000 12.5155
18000000 15.4196
18010000 12.4924
18020000 15.7214
18030000 13.9539
18040000 15.2001
18050000 13.6804
18060000 14.2607
18070000 13.3443
18080000 13.1502
18090000 13.4739
18100000 13.9687
18110000 13.4351
18120000 12.7305
18130000 15.4683
18140000 53.1786
18150000 17.1942
18160000 31.4053
18170000 18.5231
18180000 15.8405
18190000 28.3044
18200000 15.2169
18210000 20.0532
18220000 14.9692
18230000 14.914
18240000 14.1424
18250000 22.217
18260000 13.8873
18270000 18.2623
18280000 15.8056
18290000 15.4492
18300000 14.502
18310000 14.828
18320000 13.7575
18330000 32.2785
18340000 13.5881
18350000 32.4408
18360000 12.5365
18370000 18.1661
18380000 12.8
18390000 17.5166
18400000 13.0703
18410000 17.1293
18420000 12.3733
18430000 15.1254
18440000 12.4823
18450000 15.6977
18460000 12.5765
18470000 15.6213
18480000 13.8772
18490000 15.195
18500000 13.4502
18510000 13.5716
18520000 13.4156
18530000 12.9973
18540000 13.574
18550000 12.7407
18560000 15.3475
18570000 12.8484
18580000 19.2213
18590000 28.9091
18600000 17.2878
18610000 20.3341
18620000 17.0406
18630000 15.5944
18640000 28.1923
18650000 15.0833
18660000 20.6828
18670000 14.6688
18680000 15.7777
18690000 14.0112
18700000 19.6103
18710000 16.7951
18720000 18.2117
18730000 14.2758
18740000 15.3536
18750000 13.9816
18760000 14.9961
18770000 13.5002
18780000 32.7437
18790000 13.267
18800000 18.3564
18810000 12.5962
18820000 17.074
18830000 12.9212
18840000 16.9886
18850000 12.7697
18860000 17.0133
18870000 12.5732
18880000 15.6593
18890000 12.4126
18900000 15.039
18910000 12.5824
18920000 15.4673
18930000 13.7303
18940000 15.3109
18950000 13.4376
18960000 13.1785
18970000 13.4961
18980000 13.1131
18990000 13.5268
19000000 12.7637
19010000 15.3016
19020000 53.2418
19030000 17.3351
19040000 33.4583
19050000 24.791
19060000 19.5005
19070000 12.9268
19080000 15.3236
19090000 20.2909
19100000 15.1336
19110000 15.0898
19120000 14.2266
19130000 22.2189
19140000 13.9447
19150000 18.9099
19160000 16.8477
19170000 16.209
19180000 14.4639
19190000 14.8242
19200000 13.8042
19210000 13.4298
19220000 13.5835
19230000 32.6289
19240000 12.9583
19250000 17.979
19260000 12.7546
19270000 16.4405
19280000 13.2878
19290000 16.9231
19300000 12.4147
19310000 16.7346
19320000 12.6229
19330000 18.0625
19340000 12.6402
19350000 15.6978
19360000 13.8735
19370000 15.2301
19380000 13.6085
19390000 13.9687
19400000 13.3927
19410000 13.1237
19420000 13.4284
19430000 54.4315
19440000 13.4214
19450000 12.7182
19460000 19.0737
19470000 53.0294
19480000 17.2424
19490000 30.7218
19500000 18.3204
19510000 15.558
19520000 28.2556
19530000 15.2678
19540000 20.0445
19550000 14.7063
19560000 15.0034
19570000 14.0704
19580000 22.2565
19590000 13.755
19600000 18.2779
19610000 15.7974
19620000 15.2989
19630000 14.1497
19640000 14.6773
19650000 13.4818
19660000 32.6619
19670000 13.3307
19680000 32.7262
19690000 12.5798
19700000 18.0297
19710000 12.9038
19720000 17.1475
19730000 12.9621
19740000 17.0771
19750000 12.5322
19760000 15.5808
19770000 12.4331
19780000 15.7465
19790000 12.6571
19800000 15.6525
19810000 13.827
19820000 15.1605
19830000 13.4558
19840000 13.1771
19850000 13.364
19860000 12.8747
19870000 13.5423
19880000 12.8043
19890000 15.336
19900000 12.712
19910000 19.2093
19920000 29.1056
19930000 17.4047
19940000 20.332
19950000 12.9235
19960000 15.6453
19970000 20.3505
19980000 15.118
19990000 15.4118
20000000 14.3284
20010000 15.6765
20020000 13.9723
20030000 19.6478
20040000 16.569
20050000 18.1656
20060000 14.4984
20070000 15.3855
20080000 13.9289
20090000 13.8251
20100000 13.5689
20110000 32.6031
20120000 13.3148
20130000 18.3415
20140000 12.5986
20150000 16.997
20160000 13.0215
20170000 16.9589
20180000 12.7629
20190000 17.0273
20200000 12.5713
20210000 15.4905
20220000 12.4582
20230000 15.0872
20240000 12.6518
20250000 15.2691
20260000 13.7139
20270000 14.8915
20280000 13.3659
20290000 13.1151
20300000 13.4222
20310000 14.0376
20320000 13.4572
20330000 12.7965
20340000 15.3207
20350000 53.3156
20360000 17.1773
20370000 31.3864
20380000 18.6626
20390000 16.0786
20400000 21.5286
20410000 15.3317
20420000 20.1442
20430000 15.2042
20440000 14.9033
20450000 14.2349
20460000 22.2263
20470000 13.7594
20480000 18.9693
20490000 17.4295
20500000 16.2267
20510000 14.5411
20520000 14.887
20530000 13.65
20540000 13.2401
20550000 13.6301
20560000 32.659
20570000 12.6528
20580000 18.1549
20590000 12.9844
20600000 16.3741
20610000 13.2035
20620000 16.8033
20630000 12.3176
20640000 16.7334
20650000 12.6031
20660000 15.7499
20670000 12.5612
20680000 15.6558
20690000 13.87
20700000 15.189
20710000 13.5598
20720000 13.7473
20730000 13.4672
20740000 13.1128
20750000 13.4527
20760000 54.1109
20770000 13.413
20780000 12.7156
20790000 19.2533
20800000 28.884
20810000 17.3234
20820000 31.2788
20830000 17.1152
20840000 15.4377
20850000 28.2105
20860000 15.2692
20870000 20.6586
20880000 14.6883
20890000 15.0414
20900000 13.9955
20910000 22.3497
20920000 13.5925
20930000 18.3263
20940000 14.2832
20950000 15.2802
20960000 13.9912
20970000 14.7892
20980000 13.572
20990000 32.6756
21000000 13.2195
21010000 18.3778
21020000 12.6056
21030000 17.1488
21040000 12.8957
21050000 16.9695
21060000 12.8298
21070000 17.0327
21080000 12.6409
21090000 15.6028
21100000 12.4374
21110000 15.068
21120000 12.63
21130000 15.4651
21140000 13.7605
21150000 15.296
21160000 13.4279
21170000 13.1547
21180000 13.4983
21190000 12.8463
21200000 13.6554
21210000 12.7163
21220000 15.298
21230000 45.8736
21240000 17.3281
21250000 33.4565
21260000 17.5332
21270000 19.636
21280000 12.9469
21290000 15.1
21300000 20.2867
21310000 15.0452
21320000 15.2276
21330000 14.2393
21340000 15.6743
21350000 13.9287
21360000 19.0386
21370000 16.643
21380000 16.2287
21390000 14.5222
21400000 15.3721
21410000 13.9063
21420000 13.3739
21430000 13.6215
21440000 32.6466
21450000 13.351
21460000 18.3706
21470000 12.6155
21480000 16.7733
21490000 13.4417
21500000 17.285
21510000 12.8158
21520000 17.0622
21530000 12.5306
21540000 15.4148
21550000 12.4984
21560000 15.7253
21570000 13.9748
21580000 15.1918
21590000 13.6785
21600000 14.2597
21610000 13.3575
21620000 13.146
21630000 13.4851
21640000 13.9778
21650000 13.455
21660000 12.7419
21670000 15.4716
21680000 53.1799
21690000 17.2051
21700000 31.4043
21710000 18.5384
21720000 15.83
21730000 28.3208
21740000 15.2204
21750000 20.0585
21760000 14.9657
21770000 14.8945
21780000 14.1529
21790000 22.2245
21800000 13.8893
21810000 18.2512
21820000 15.8111
21830000 15.4425
21840000 14.5175
21850000 14.8334
21860000 13.7646
21870000 32.281
21880000 13.5826
21890000 32.4719
21900000 12.5411
21910000 18.1729
21920000 12.7985
21930000 17.5226
21940000 13.0933
21950000 17.1184
21960000 12.3719
21970000 15.1231
21980000 12.4947
21990000 15.6999
22000000 12.581
22010000 15.6245
22020000 13.8915
22030000 15.1963
22040000 13.449
22050000 13.5391
22060000 13.4236
22070000 13.0016
22080000 13.592
22090000 12.7462
22100000 15.3501
22110000 12.8565
22120000 19.2382
22130000 28.8975
22140000 17.2983
22150000 20.3028
22160000 17.0599
22170000 15.5675
22180000 28.2112
22190000 15.083
22200000 20.681
22210000 14.6616
22220000 15.7492
22230000 14.013
22240000 19.6063
22250000 16.7982
22260000 18.2084
22270000 14.2769
22280000 15.3578
22290000 13.9887
22300000 15.0048
22310000 13.529
22320000 32.7448
22330000 13.2703
22340000 18.3725
22350000 12.6015
22360000 17.0711
22370000 12.9704
22380000 16.9794
22390000 12.7926
22400000 17.0084
22410000 12.5996
22420000 15.6653
22430000 12.4169
22440000 15.0434
22450000 12.6122
22460000 15.4704
22470000 13.7315
22480000 15.3119
22490000 13.453
22500000 13.18
22510000 13.5157
22520000 13.1307
22530000 13.5413
22540000 12.7763
22550000 15.3058
22560000 53.2484
22570000 17.3442
22580000 31.4038
22590000 24.8133
22600000 19.4945
22610000 12.9327
22620000 15.3198
22630000 20.1634
22640000 15.1291
22650000 15.0716
22660000 14.2239
22670000 22.2097
22680000 13.9393
22690000 18.9107
22700000 16.8479
22710000 16.2142
22720000 14.4745
22730000 14.8313
22740000 13.813
22750000 13.4488
22760000 13.5938
22770000 32.6488
22780000 12.9652
22790000 17.9825
22800000 12.7588
22810000 16.4409
22820000 13.3002
22830000 16.9238
22840000 12.4202
22850000 16.7376
22860000 12.6129
22870000 18.0668
22880000 12.6459
22890000 15.6993
22900000 13.8858
22910000 15.2274
22920000 13.6178
22930000 13.973
22940000 13.4049
22950000 13.1119
22960000 13.4456
22970000 54.4408
22980000 13.4328
22990000 12.7342
23000000 19.0714
23010000 53.0275
23020000 17.2548
23030000 30.7171
23040000 18.3432
23050000 15.5472
23060000 28.2731
23070000 15.2572
23080000 20.0584
23090000 14.6915
23100000 15.0172
23110000 14.0719
23120000 22.2604
23130000 13.7542
23140000 18.2794
23150000 15.8022
23160000 15.3014
23170000 14.1575
23180000 14.6768
23190000 13.4807
23200000 32.6711
23210000 13.3379
23220000 32.7635
23230000 12.5794
23240000 18.0304
23250000 12.9249
23260000 17.1479
23270000 13.0005
23280000 17.0742
23290000 12.5405
23300000 15.5762
23310000 12.44
23320000 15.7473
23330000 12.6753
23340000 15.6509
23350000 13.8301
23360000 15.1618
23370000 13.472
23380000 13.181
23390000 13.3831
23400000 12.8811
23410000 13.5629
23420000 12.8128
23430000 15.3362
23440000 12.7244
23450000 19.209
23460000 29.1167
23470000 17.4121
23480000 20.3155
23490000 12.9427
23500000 15.6344
23510000 20.3499
23520000 15.1177
23530000 15.4023
23540000 14.3224
23550000 15.652
23560000 13.9598
23570000 19.6496
23580000 16.5696
23590000 18.1618
23600000 14.51
23610000 15.3781
23620000 13.938
23630000 13.8422
23640000 13.5695
23650000 32.6232
23660000 13.3194
23670000 18.3584
23680000 12.5945
23690000 16.9824
23700000 13.0633
23710000 16.9559
23720000 12.8162
23730000 17.0258
23740000 12.5648
23750000 15.4556
23760000 12.4714
23770000 15.0974
23780000 13.9853
23790000 15.2712
23800000 13.7224
23810000 14.8951
23820000 13.3758
23830000 13.0794
23840000 13.4337
23850000 14.0465
23860000 13.4823
23870000 12.8168
23880000 15.3429
23890000 53.2907
23900000 17.1788
23910000 31.3839
23920000 18.6319
23930000 16.0638
23940000 21.5456
23950000 15.3228
23960000 20.2066
23970000 15.205
23980000 14.8826
23990000 14.2304
24000000 22.2144
24010000 13.7638
24020000 18.9724
24030000 17.4421
24040000 16.2244
24050000 14.5432
24060000 14.9113
24070000 13.6583
24080000 13.2606
24090000 13.6188
24100000 32.5742
24110000 12.658
24120000 18.1524
24130000 12.9673
24140000 16.37
24150000 13.237
24160000 16.7255
24170000 12.319
24180000 16.726
24190000 12.6086
24200000 15.7512
24210000 12.5757
24220000 15.6628
24230000 13.8814
24240000 15.2322
24250000 13.5613
24260000 13.7276
24270000 13.4799
24280000 13.1208
24290000 13.4686
24300000 54.1183
24310000 13.4206
24320000 12.7447
24330000 19.2539
24340000 28.8829
24350000 17.3317
24360000 31.2739
24370000 17.1355
24380000 15.4286
24390000 28.2284
24400000 15.2642
24410000 20.6598
24420000 14.6743
24430000 15.017
24440000 13.9928
24450000 22.3458
24460000 13.5955
24470000 18.3226
24480000 14.285
24490000 15.2795
24500000 13.9954
24510000 14.7941
24520000 13.5652
24530000 32.7348
24540000 13.2128
24550000 18.3813
24560000 12.6111
24570000 17.1449
24580000 12.9085
24590000 16.9699
24600000 12.854
24610000 17.0347
24620000 12.6266
24630000 15.612
24640000 12.4393
24650000 15.0697
24660000 12.6496
24670000 15.4695
24680000 13.7808
24690000 15.2977
24700000 13.4462
24710000 13.1562
24720000 13.5156
24730000 12.8497
24740000 13.6813
24750000 12.7204
24760000 15.3019
24770000 45.877
24780000 17.3474
24790000 33.4575
24800000 17.5417
24810000 19.6276
24820000 12.9619
24830000 15.0899
24840000 20.281
24850000 15.0407
24860000 15.2415
24870000 14.2433
24880000 15.6635
24890000 13.9301
24900000 19.0438
24910000 16.6476
24920000 16.2324
24930000 14.5248
24940000 15.3791
24950000 13.9571
24960000 13.3771
24970000 13.6136
24980000 32.6636
24990000 13.3592
25000000 18.3829
25010000 12.6221
25020000 16.7721
25030000 13.4809
25040000 16.8916
25050000 12.8464
25060000 17.0571
25070000 12.5323
25080000 15.413
25090000 12.5057
25100000 15.7284
25110000 13.961
25120000 15.1784
25130000 13.6903
25140000 14.2661
25150000 13.3897
25160000 13.15
25170000 13.4933
25180000 13.9839
25190000 13.4731
25200000 12.7503
25210000 15.4783
25220000 53.178
25230000 17.1935
25240000 31.4077
25250000 18.5513
25260000 15.8141
25270000 28.3443
25280000 15.2456
25290000 20.0605
25300000 14.958
25310000 14.8693
25320000 14.1489
25330000 22.2214
25340000 13.8943
25350000 18.258
25360000 15.7774
25370000 15.4376
25380000 14.5267
25390000 14.8432
25400000 13.7736
25410000 32.3016
25420000 13.5856
25430000 32.4867
25440000 12.5506
25450000 18.1697
25460000 12.8076
25470000 17.5214
25480000 13.1198
25490000 17.1273
25500000 12.3772
25510000 15.1244
25520000 12.5058
25530000 15.7046
25540000 12.6006
25550000 15.6323
25560000 13.9235
25570000 15.1927
25580000 13.4587
25590000 13.5449
25600000 13.4372
25610000 13.0111
25620000 13.6078
25630000 12.7512
25640000 15.3434
25650000 12.849
25660000 19.2361
25670000 28.8943
25680000 17.3093
25690000 20.292
25700000 17.0746
25710000 15.5592
25720000 28.2268
25730000 15.0857
25740000 20.6848
25750000 14.6624
25760000 15.7128
25770000 14.0139
25780000 19.601
25790000 16.7991
25800000 18.1776
25810000 14.2777
25820000 15.3617
25830000 14.0131
25840000 15.0234
25850000 13.5341
25860000 32.759
25870000 13.2887
25880000 18.3759
25890000 12.6032
25900000 17.0578
25910000 13.0113
25920000 16.9782
25930000 12.8122
25940000 17.0085
25950000 12.6074
25960000 15.6506
25970000 12.4144
25980000 15.0541
25990000 12.6162
26000000 15.4743
26010000 13.7251
26020000 15.3101
26030000 13.4657
26040000 13.181
26050000 13.5297
26060000 13.1377
26070000 13.5591
26080000 12.7846
26090000 15.32
26100000 53.2556
26110000 17.3384
26120000 31.4021
26130000 24.8223
26140000 19.4872
26150000 12.9482
26160000 15.3074
26170000 20.1676
26180000 15.125
26190000 15.0636
26200000 14.2279
26210000 22.2063
26220000 13.9392
26230000 18.9134
26240000 16.8606
26250000 16.1986
26260000 14.6281
26270000 14.8423
26280000 13.8203
26290000 13.4702
26300000 13.5881
26310000 32.6377
26320000 12.9598
26330000 17.9829
26340000 12.7575
26350000 16.4258
26360000 13.3331
26370000 16.9281
26380000 12.3164
26390000 16.7242
26400000 12.5961
26410000 18.0722
26420000 12.6533
26430000 15.6944
26440000 13.8999
26450000 15.2312
26460000 13.6153
26470000 13.9113
26480000 13.4218
26490000 13.1216
26500000 13.4588
26510000 54.4511
26520000 13.4484
26530000 12.7488
26540000 19.1059
26550000 53.0268
26560000 17.2701
26570000 30.7166
26580000 18.3605
26590000 15.5371
26600000 28.2914
26610000 15.2513
26620000 20.0615
26630000 14.6795
26640000 14.9985
26650000 14.0726
26660000 22.2603
26670000 13.7529
26680000 18.2537
26690000 15.7957
26700000 15.3043
26710000 14.1675
26720000 14.677
26730000 13.4825
26740000 32.6822
26750000 13.3443
26760000 32.7889
26770000 12.5886
26780000 18.0285
26790000 12.9374
26800000 17.15
26810000 13.0149
26820000 17.078
26830000 12.5304
26840000 15.5771
26850000 12.439
26860000 15.7479
26870000 12.7
26880000 15.6599
26890000 13.8398
26900000 15.1626
26910000 13.4798
26920000 13.1798
26930000 13.3967
26940000 12.8902
26950000 13.5801
26960000 12.8144
26970000 15.346
26980000 12.7318
26990000 19.2068
27000000 29.1118
27010000 17.4175
27020000 20.2459
27030000 12.9583
27040000 15.629
27050000 20.339
27060000 15.1169
27070000 15.4061
27080000 14.3135
27090000 15.6409
27100000 13.9689
27110000 19.6464
27120000 16.5688
27130000 18.1587
27140000 14.5145
27150000 15.389
27160000 13.9539
27170000 13.8565
27180000 13.5716
27190000 32.6515
27200000 13.3414
27210000 18.3564
27220000 12.6012
27230000 16.9808
27240000 13.0901
27250000 16.9561
27260000 12.825
27270000 17.0265
27280000 12.5624
27290000 15.4551
27300000 12.4705
27310000 15.1046
27320000 13.981
27330000 15.271
27340000 13.7292
27350000 14.9016
27360000 13.3722
27370000 13.0812
27380000 13.4416
27390000 14.0529
27400000 13.4938
27410000 12.8314
27420000 15.3473
27430000 53.2914
27440000 17.1863
27450000 31.4004
27460000 18.6517
27470000 16.0446
27480000 21.5584
27490000 15.2677
27500000 20.2124
27510000 15.1896
27520000 14.877
27530000 14.2295
27540000 22.2063
27550000 13.7536
27560000 18.9733
27570000 17.4468
27580000 15.5045
27590000 14.5372
27600000 14.9065
27610000 13.6552
27620000 13.2756
27630000 13.6222
27640000 32.5999
27650000 12.6604
27660000 18.1505
27670000 13.0563
27680000 16.3701
27690000 13.2647
27700000 16.7316
27710000 12.3299
27720000 16.7227
27730000 12.6065
27740000 15.7508
27750000 12.5723
27760000 15.6716
27770000 13.8946
27780000 15.2268
27790000 13.5889
27800000 13.7328
27810000 13.4942
27820000 13.1219
27830000 13.4825
27840000 54.1252
27850000 13.4321
27860000 12.7553
27870000 19.2591
27880000 28.8808
27890000 17.3216
27900000 31.2717
27910000 17.1472
27920000 15.425
27930000 28.243
27940000 15.2618
27950000 20.6638
27960000 14.6643
27970000 14.9968
27980000 14.0132
27990000 22.3378
28000000 13.6139
28010000 18.3027
28020000 14.2903
28030000 15.2788
28040000 13.9987
28050000 14.8029
28060000 13.5751
28070000 32.7505
28080000 13.2042
28090000 18.3814
28100000 12.6155
28110000 17.1412
28120000 12.94
28130000 16.9746
28140000 12.8609
28150000 17.0349
28160000 12.5901
28170000 15.6097
28180000 12.4387
28190000 15.0742
28200000 12.6282
28210000 15.4758
28220000 13.7961
28230000 15.2971
28240000 13.4551
28250000 13.1487
28260000 13.5103
28270000 12.8484
28280000 13.7002
28290000 12.7292
28300000 15.3046
28310000 45.881
28320000 17.3567
28330000 33.452
28340000 17.5331
28350000 19.619
28360000 12.9742
28370000 15.0884
28380000 20.2917
28390000 15.0345
28400000 15.2246
28410000 14.2414
28420000 15.6485
28430000 13.932
28440000 19.0471
28450000 16.6551
28460000 16.23
28470000 14.5078
28480000 15.3866
28490000 13.958
28500000 13.3902
28510000 13.616
28520000 32.6801
28530000 13.1023
28540000 18.3841
28550000 12.6179
28560000 16.7604
28570000 13.5141
28580000 16.8935
28590000 12.8569
28600000 17.0506
28610000 12.5355
28620000 15.412
28630000 12.49
28640000 15.7401
28650000 13.9699
28660000 15.1764
28670000 13.6952
28680000 14.2576
28690000 13.4031
28700000 13.1454
28710000 13.5125
28720000 14.0028
28730000 13.4866
28740000 12.7523
28750000 15.4795
28760000 53.1819
28770000 17.2201
28780000 31.4043
28790000 18.5608
28800000 15.8046
28810000 28.3553
28820000 15.2304
28830000 20.0605
28840000 14.951
28850000 14.8608
28860000 14.1489
28870000 22.2129
28880000 13.8933
28890000 18.2544
28900000 15.7856
28910000 15.4328
28920000 14.525
28930000 14.8524
28940000 13.7769
28950000 32.3147
28960000 13.5894
28970000 32.5039
28980000 12.5566
28990000 18.166
29000000 12.793
29010000 17.5268
29020000 13.1307
29030000 17.1451
29040000 12.3769
29050000 15.1217
29060000 12.5062
29070000 15.7062
29080000 12.5917
29090000 15.6426
29100000 13.9366
29110000 15.1946
29120000 13.4645
29130000 13.5497
29140000 13.4467
29150000 13.0143
29160000 13.6146
29170000 12.7627
29180000 15.3469
29190000 12.7945
29200000 19.2486
29210000 28.8904
29220000 17.3649
29230000 20.2836
29240000 17.0892
29250000 15.5606
29260000 28.2392
29270000 15.0824
29280000 20.69
29290000 14.6197
29300000 15.6846
29310000 13.9916
29320000 19.6014
29330000 16.7986
29340000 18.1751
29350000 14.2793
29360000 15.3626
29370000 13.9638
29380000 15.0112
29390000 13.5331
29400000 32.8031
29410000 13.2926
29420000 18.3738
29430000 12.596
29440000 17.0565
29450000 13.0202
29460000 17.1364
29470000 12.8414
29480000 17.0003
29490000 12.6204
29500000 15.6726
29510000 12.4177
29520000 15.0582
29530000 12.614
29540000 15.4803
29550000 13.7327
29560000 15.3026
29570000 13.4739
29580000 13.2909
29590000 13.5451
29600000 13.1493
29610000 13.5722
29620000 12.8042
29630000 15.3223
29640000 53.2462
29650000 17.3476
29660000 31.3983
29670000 24.8254
29680000 19.4216
29690000 21.6099
29700000 15.3032
29710000 20.1713
29720000 15.1089
29730000 15.0647
29740000 14.2316
29750000 22.1969
29760000 13.935
29770000 18.917
29780000 16.8642
29790000 16.219
29800000 14.6454
29810000 14.8502
29820000 13.8219
29830000 13.49
29840000 13.5895
29850000 32.6569
29860000 12.7514
29870000 17.9841
29880000 12.7719
29890000 16.4203
29900000 13.3148
29910000 16.9312
29920000 12.3203
29930000 16.7161
29940000 12.6078
29950000 18.0798
29960000 12.6539
29970000 15.6993
29980000 13.9245
29990000 15.2323
30000000 13.6311
