1 115.481
2 57.3485
3 36.9475
4 29.3146
5 22.1256
6 18.5929
7 17.4198
8 21.5996
9 17.2729
10 15.6189
11 14.6223
12 14.3539
13 14.0259
14 13.7821
15 16.2457
16 14.5847
17 16.3097
18 13.2672
19 16.2465
20 13.5654
21 12.8178
22 13.4166
23 21.1036
24 12.4187
25 13.6088
26 13.9191
27 13.7072
28 13.052
29 12.9157
30 14.6879
31 13.6233
32 15.3522
33 12.6328
34 15.5133
35 12.7479
36 33.4949
37 12.7751
38 20.0901
39 16.4714
40 13.0328
41 15.8342
42 12.7072
43 12.7117
44 28.7156
45 16.7496
46 12.9093
47 14.1313
48 12.3867
49 13.9355
50 12.4597
51 19.022
52 13.8502
53 15.9388
54 13.6421
55 12.7104
56 14.6819
57 12.3206
58 12.2809
59 28.5776
60 13.6959
61 12.7733
62 14.0907
63 12.1859
64 13.1674
65 12.4068
66 19.2962
67 13.2864
68 14.8771
69 13.4766
70 12.6742
71 13.5126
72 12.2376
73 12.2521
74 17.5852
75 12.0215
76 12.4178
77 14.0096
78 13.3339
79 12.818
80 12.235
81 13.5784
82 13.1526
83 13.4754
84 13.39
85 12.452
86 13.13
87 12.4876
88 19.1636
89 18.4958
90 13.0803
91 12.454
92 15.7451
93 13.4096
94 12.4123
95 12.1093
96 13.4617
97 12.9589
98 13.38
99 12.2259
100 12.2593
