10000 10.821
20000 7.66466
30000 6.74829
40000 6.02825
50000 5.71605
60000 5.54152
70000 5.33197
80000 5.21267
90000 5.08625
100000 5.44327
110000 5.1111
120000 4.94634
130000 4.87844
140000 4.8299
150000 4.76972
160000 4.74284
170000 4.70078
180000 4.66391
190000 4.62104
200000 4.58654
210000 4.67719
220000 5.71468
230000 4.93711
240000 4.57448
250000 4.50884
260000 4.47536
270000 4.45701
280000 4.43984
290000 4.48236
300000 4.43645
310000 4.41366
320000 4.3957
330000 4.37336
340000 4.36381
350000 4.35163
360000 4.34285
370000 4.33649
380000 4.33032
390000 4.34997
400000 4.34336
410000 4.34031
420000 4.33578
430000 4.38623
440000 4.44683
450000 4.41555
460000 4.3841
470000 4.7897
480000 4.62119
490000 4.41855
500000 4.47889
510000 4.4204
520000 4.38367
530000 4.35811
540000 4.83981
550000 4.53678
560000 4.51331
570000 4.39852
580000 4.39679
590000 4.37823
600000 4.3931
610000 4.38307
620000 4.38904
630000 4.36316
640000 4.36447
650000 4.47853
660000 5.57339
670000 4.80516
680000 4.53429
690000 4.39584
700000 4.382
710000 4.3792
720000 4.38021
730000 4.44307
740000 4.40613
750000 4.39699
760000 4.39303
770000 4.38469
780000 4.38616
790000 4.38785
800000 4.38732
810000 4.39045
820000 4.39429
830000 4.42274
840000 4.42491
850000 4.42922
860000 4.43386
870000 4.43657
880000 4.55741
890000 4.53236
900000 4.51352
910000 4.91118
920000 4.75597
930000 4.54424
940000 4.69485
950000 4.57122
960000 4.54107
970000 4.52144
980000 4.97733
990000 4.99786
1000000 4.69807
1010000 4.57704
1020000 4.57874
1030000 4.56423
1040000 4.57873
1050000 4.58157
1060000 4.58064
1070000 4.56295
1080000 4.56721
1090000 4.67953
1100000 4.68202
1110000 4.86214
1120000 4.74975
1130000 4.62662
1140000 4.61348
1150000 4.59992
1160000 4.60242
1170000 4.6642
1180000 4.6336
1190000 4.62499
1200000 4.62287
1210000 4.62724
1220000 4.62009
1230000 4.62334
1240000 4.62524
1250000 4.62901
1260000 4.6346
1270000 4.63909
1280000 4.66695
1290000 4.67216
1300000 4.6784
1310000 4.68198
1320000 4.73784
1330000 4.77506
1340000 4.84653
1350000 4.85577
1360000 5.0023
1370000 4.79284
1380000 4.93501
1390000 4.8573
1400000 4.79466
1410000 4.77504
1420000 4.76478
1430000 5.2245
1440000 4.94624
1450000 4.83516
1460000 4.83292
1470000 4.83521
1480000 4.83609
1490000 4.83873
1500000 4.83749
1510000 4.82818
1520000 4.82643
1530000 6.05056
1540000 4.93609
1550000 5.14127
1560000 5.21442
1570000 4.91324
1580000 4.87476
1590000 4.862
1600000 4.86586
1610000 4.86756
1620000 4.89447
1630000 4.89485
1640000 4.89228
1650000 4.89059
1660000 4.8843
1670000 4.88944
1680000 4.8902
1690000 4.89334
1700000 4.89978
1710000 4.90485
1720000 4.93163
1730000 4.93693
1740000 4.94295
1750000 4.94717
1760000 5.00006
1770000 5.03311
1780000 5.03541
1790000 4.96453
1800000 5.26067
1810000 5.05339
1820000 5.07096
1830000 5.11591
1840000 5.05671
1850000 5.05817
1860000 5.02936
1870000 5.46786
1880000 5.20647
1890000 5.10612
1900000 5.09571
1910000 5.09866
1920000 5.0859
1930000 5.10112
1940000 5.09945
1950000 5.09874
1960000 5.09046
1970000 5.08766
1980000 5.19582
1990000 6.16759
2000000 5.47727
2010000 5.17417
2020000 5.13688
2030000 5.12667
2040000 5.12896
2050000 5.13147
2060000 5.18437
2070000 5.16
2080000 5.1552
2090000 5.1535
2100000 5.14783
2110000 5.15209
2120000 5.15383
2130000 5.15768
2140000 5.16304
2150000 5.16813
2160000 5.19416
2170000 5.19782
2180000 5.20424
2190000 5.20883
2200000 5.25887
2210000 5.31727
2220000 5.29828
2230000 5.2791
2240000 5.62694
2250000 5.4918
2260000 5.3272
2270000 5.38338
2280000 5.34036
2290000 5.31515
2300000 5.29952
2310000 5.70701
2320000 5.45721
2330000 5.44236
2340000 5.35209
2350000 5.35514
2360000 5.34401
2370000 5.36039
2380000 5.35626
2390000 5.36489
2400000 5.34671
2410000 5.35118
2420000 5.44751
2430000 6.38098
2440000 5.72531
2450000 5.50288
2460000 5.39216
2470000 5.38344
2480000 5.38394
2490000 5.38746
2500000 5.44128
2510000 5.41363
2520000 5.40875
2530000 5.40786
2540000 5.40354
2550000 5.40689
2560000 5.41046
2570000 5.41211
2580000 5.41668
2590000 5.42181
2600000 5.44674
2610000 5.45031
2620000 5.45566
2630000 5.46125
2640000 5.46509
2650000 5.5642
2660000 5.54619
2670000 5.53228
2680000 5.86264
2690000 5.73537
2700000 5.56175
2710000 5.68684
2720000 5.58648
2730000 5.56296
2740000 5.54823
2750000 5.92683
2760000 5.94515
2770000 5.6967
2780000 5.59839
2790000 5.60101
2800000 5.59015
2810000 5.6029
2820000 5.60651
2830000 5.60682
2840000 5.59275
2850000 5.5971
2860000 5.68968
2870000 5.69262
2880000 5.8426
2890000 5.75012
2900000 5.64943
2910000 5.63936
2920000 5.62898
2930000 5.63176
2940000 5.68307
2950000 5.65873
2960000 5.65234
2970000 5.65127
2980000 5.65569
2990000 5.65039
3000000 5.65368
3010000 5.65582
3020000 5.65954
3030000 5.66464
3040000 5.66885
3050000 5.69215
3060000 5.69696
3070000 5.70268
3080000 5.70608
3090000 5.75243
3100000 5.78352
3110000 5.84302
3120000 5.8511
3130000 5.97424
3140000 5.79992
3150000 5.91834
3160000 5.85409
3170000 5.80243
3180000 5.7866
3190000 5.77846
3200000 6.1634
3210000 5.92976
3220000 5.83773
3230000 5.83628
3240000 5.83849
3250000 5.83951
3260000 5.84203
3270000 5.84135
3280000 5.83362
3290000 5.83228
3300000 6.87967
3310000 5.92356
3320000 6.0959
3330000 6.15816
3340000 5.90515
3350000 5.87333
3360000 5.86282
3370000 5.86622
3380000 5.86781
3390000 5.89035
3400000 5.89087
3410000 5.88814
3420000 5.88764
3430000 5.88253
3440000 5.88708
3450000 5.88772
3460000 5.89059
3470000 5.8961
3480000 5.90045
3490000 5.9228
3500000 5.92738
3510000 5.93254
3520000 5.93617
3530000 5.98034
3540000 6.00812
3550000 6.01007
3560000 5.95084
3570000 6.20046
3580000 6.02542
3590000 6.0402
3600000 6.07807
3610000 6.02827
3620000 6.0295
3630000 6.00543
3640000 6.37725
3650000 6.15472
3660000 6.07007
3670000 6.06139
3680000 6.06395
3690000 6.05322
3700000 6.06611
3710000 6.06476
3720000 6.06401
3730000 6.05691
3740000 6.05439
3750000 6.14448
3760000 6.98643
3770000 6.38532
3780000 6.12712
3790000 6.09561
3800000 6.0869
3810000 6.08882
3820000 6.09091
3830000 6.13553
3840000 6.11495
3850000 6.11089
3860000 6.1094
3870000 6.10435
3880000 6.10819
3890000 6.10964
3900000 6.11286
3910000 6.11733
3920000 6.1216
3930000 6.14352
3940000 6.14658
3950000 6.15198
3960000 6.15583
3970000 6.19813
3980000 6.24774
3990000 6.23142
4000000 6.21486
4010000 6.51301
4020000 6.39695
4030000 6.25577
4040000 6.30362
4050000 6.26685
4060000 6.24518
4070000 6.23184
4080000 6.58178
4090000 6.36637
4100000 6.35357
4110000 6.27633
4120000 6.27892
4130000 6.26928
4140000 6.28321
4150000 6.27963
4160000 6.28688
4170000 6.27103
4180000 6.27115
4190000 6.35676
4200000 7.17281
4210000 6.59626
4220000 6.40397
4230000 6.30889
4240000 6.30122
4250000 6.30154
4260000 6.30444
4270000 6.35039
4280000 6.3266
4290000 6.32233
4300000 6.32142
4310000 6.3177
4320000 6.3204
4330000 6.32336
4340000 6.32467
4350000 6.32842
4360000 6.3327
4370000 6.35389
4380000 6.35686
4390000 6.36134
4400000 6.36604
4410000 6.36918
4420000 6.45427
4430000 6.43856
4440000 6.4264
4450000 6.71278
4460000 6.60204
4470000 6.45142
4480000 6.55944
4490000 6.47247
4500000 6.45197
4510000 6.43913
4520000 6.76812
4530000 6.78383
4540000 6.56715
4550000 6.48188
4560000 6.48405
4570000 6.4745
4580000 6.48539
4590000 6.48836
4600000 6.48852
4610000 6.47598
4620000 6.47953
4630000 6.55939
4640000 6.56179
4650000 6.69222
4660000 6.61143
4670000 6.5238
4680000 6.51486
4690000 6.5057
4700000 6.50795
4710000 6.55223
4720000 6.53099
4730000 6.5253
4740000 6.52419
4750000 6.52787
4760000 6.52314
4770000 6.52585
4780000 6.52757
4790000 6.53059
4800000 6.53484
4810000 6.53832
4820000 6.55837
4830000 6.56238
4840000 6.56721
4850000 6.57001
4860000 6.6101
4870000 6.63696
4880000 6.6253
4890000 6.69554
4900000 6.80349
4910000 6.6507
4920000 6.75394
4930000 6.69755
4940000 6.65219
4950000 6.63821
4960000 6.63092
4970000 6.96879
4980000 6.76292
4990000 6.68219
5000000 6.68076
5010000 6.68254
5020000 6.68319
5030000 6.68506
5040000 6.68453
5050000 6.67746
5060000 6.67602
5070000 7.60785
5080000 6.75544
5090000 6.9069
5100000 6.96185
5110000 6.73872
5120000 6.71063
5130000 6.70118
5140000 6.70397
5150000 6.7052
5160000 6.72476
5170000 6.72501
5180000 6.72247
5190000 6.72184
5200000 6.7172
5210000 6.721
5220000 6.72139
5230000 6.72371
5240000 6.72836
5250000 6.73199
5260000 6.75139
5270000 6.75522
5280000 6.75961
5290000 6.76241
5300000 6.80121
5310000 6.82542
5320000 6.82694
5330000 6.77465
5340000 6.99492
5350000 6.83992
5360000 6.85276
5370000 6.88597
5380000 6.84182
5390000 6.8427
5400000 6.82132
5410000 7.15019
5420000 6.95281
5430000 6.87777
5440000 6.86992
5450000 6.87203
5460000 6.86237
5470000 6.87356
5480000 6.8722
5490000 6.87127
5500000 6.86472
5510000 6.8622
5520000 6.94161
5530000 7.69671
5540000 7.15534
5550000 6.92562
5560000 6.89755
5570000 6.88959
5580000 6.89111
5590000 6.89277
5600000 6.93205
5610000 6.91365
5620000 6.90988
5630000 6.90836
5640000 6.90371
5650000 6.90693
5660000 6.90799
5670000 6.91068
5680000 6.91443
5690000 6.91803
5700000 6.93716
5710000 6.93976
5720000 6.94435
5730000 6.94759
5740000 6.98488
5750000 7.02877
5760000 7.01401
5770000 6.99908
5780000 7.26494
5790000 7.16111
5800000 7.03491
5810000 7.07722
5820000 7.04438
5830000 7.02487
5840000 7.01283
5850000 7.32537
5860000 7.13229
5870000 7.12071
5880000 7.05167
5890000 7.0538
5900000 7.04502
5910000 7.05723
5920000 7.05386
5930000 7.06013
5940000 7.0458
5950000 7.04551
5960000 7.12159
5970000 7.85845
5980000 7.33595
5990000 7.16319
6000000 7.07807
6010000 7.07098
6020000 7.07107
6030000 7.07346
6040000 7.11427
6050000 7.09286
6060000 7.08886
6070000 7.08783
6080000 7.08436
6090000 7.08656
6100000 7.08901
6110000 7.09
6120000 7.09315
6130000 7.09677
6140000 7.11548
6150000 7.11796
6160000 7.12176
6170000 7.1258
6180000 7.12842
6190000 7.20433
6200000 7.19003
6210000 7.17894
6220000 7.4362
6230000 7.33637
6240000 7.20076
6250000 7.29754
6260000 7.21929
6270000 7.20068
6280000 7.18898
6290000 7.48491
6300000 7.49893
6310000 7.30335
6320000 7.22643
6330000 7.22834
6340000 7.21958
6350000 7.22917
6360000 7.23164
6370000 7.23161
6380000 7.22003
6390000 7.223
6400000 7.29444
6410000 7.29642
6420000 7.41379
6430000 7.34073
6440000 7.26166
6450000 7.25339
6460000 7.24495
6470000 7.2468
6480000 7.28641
6490000 7.26595
6500000 7.26184
6510000 7.26064
6520000 7.26374
6530000 7.25933
6540000 7.26158
6550000 7.26293
6560000 7.26546
6570000 7.2691
6580000 7.27203
6590000 7.28987
6600000 7.29329
6610000 7.29747
6620000 7.2998
6630000 7.3357
6640000 7.35969
6650000 7.34897
6660000 7.41216
6670000 7.50978
6680000 7.37137
6690000 7.46446
6700000 7.4133
6710000 7.3721
6720000 7.35929
6730000 7.35253
6740000 7.65846
6750000 7.47147
6760000 7.39828
6770000 7.3968
6780000 7.39825
6790000 7.39864
6800000 7.40016
6810000 7.39948
6820000 7.39283
6830000 7.39128
6840000 8.24235
6850000 7.46265
6860000 7.59987
6870000 7.64972
6880000 7.43344
6890000 7.42131
6900000 7.41255
6910000 7.41488
6920000 7.41581
6930000 7.43328
6940000 7.43213
6950000 7.4309
6960000 7.43013
6970000 7.42574
6980000 7.42903
6990000 7.42919
7000000 7.43109
7010000 7.43513
7020000 7.43824
7030000 7.4556
7040000 7.45889
7050000 7.4627
7060000 7.46506
7070000 7.50003
7080000 7.52178
7090000 7.52297
7100000 7.47538
7110000 7.67548
7120000 7.53423
7130000 7.5457
7140000 7.57571
7150000 7.53537
7160000 7.53598
7170000 7.51639
7180000 7.81591
7190000 7.63561
7200000 7.56715
7210000 7.55984
7220000 7.56159
7230000 7.55262
7240000 7.56264
7250000 7.5612
7260000 7.56011
7270000 7.55393
7280000 7.5514
7290000 7.62344
7300000 8.31671
7310000 7.81823
7320000 7.60833
7330000 7.58257
7340000 7.57467
7350000 7.57632
7360000 7.57766
7370000 7.61323
7380000 7.59632
7390000 7.5927
7400000 7.59113
7410000 7.58674
7420000 7.58946
7430000 7.59029
7440000 7.59255
7450000 7.59579
7460000 7.59888
7470000 7.6161
7480000 7.61831
7490000 7.62233
7500000 7.62512
7510000 7.65888
7520000 7.69861
7530000 7.68511
7540000 7.67129
7550000 7.91444
7560000 7.81921
7570000 7.70351
7580000 7.74201
7590000 7.71181
7600000 7.69379
7610000 7.68263
7620000 7.96876
7630000 7.79151
7640000 7.78074
7650000 7.71741
7660000 7.71921
7670000 7.71099
7680000 7.722
7690000 7.71874
7700000 7.72429
7710000 7.71093
7720000 7.71044
7730000 7.77983
7740000 8.45939
7750000 7.97621
7760000 7.81733
7770000 7.73929
7780000 7.73258
7790000 7.7325
7800000 7.73451
7810000 7.77148
7820000 7.75191
7830000 7.7481
7840000 7.74697
7850000 7.74366
7860000 7.74509
7870000 7.74756
7880000 7.74829
7890000 7.751
7900000 7.75414
7910000 7.77107
7920000 7.7732
7930000 7.77652
7940000 7.78006
7950000 7.78231
7960000 7.8517
7970000 7.83839
7980000 7.82803
7990000 8.06445
8000000 7.97242
8010000 7.84756
8020000 7.9363
8030000 7.86424
8040000 7.84697
8050000 7.83606
8060000 8.11629
8070000 8.12104
8080000 7.94065
8090000 7.86979
8100000 7.87141
8110000 7.86317
8120000 7.87182
8130000 7.87391
8140000 7.87373
8150000 7.86283
8160000 7.86537
8170000 7.93081
8180000 7.93247
8190000 8.04042
8200000 7.97293
8210000 7.89999
8220000 7.89219
8230000 7.88427
8240000 7.8858
8250000 7.92206
8260000 7.90308
8270000 7.89914
8280000 7.89788
8290000 7.90056
8300000 7.89635
8310000 7.89826
8320000 7.89933
8330000 7.90149
8340000 7.90469
8350000 7.90721
8360000 7.92346
8370000 7.92664
8380000 7.93014
8390000 7.93212
8400000 7.965
8410000 7.98692
8420000 7.97687
8430000 8.03495
8440000 8.12504
8450000 7.99705
8460000 8.08277
8470000 8.03541
8480000 7.99722
8490000 7.98525
8500000 7.97884
8510000 8.26148
8520000 8.0883
8530000 8.02058
8540000 8.01904
8550000 8.02024
8560000 8.02043
8570000 8.02168
8580000 8.02089
8590000 8.0145
8600000 8.01292
8610000 8.8039
8620000 8.07844
8630000 8.20522
8640000 8.2513
8650000 8.05097
8660000 8.03959
8670000 8.03132
8680000 8.0333
8690000 8.03402
8700000 8.04999
8710000 8.04879
8720000 8.04749
8730000 8.04662
8740000 8.04241
8750000 8.04533
8760000 8.04528
8770000 8.04688
8780000 8.05045
8790000 8.05318
8800000 8.06903
8810000 8.07193
8820000 8.07531
8830000 8.07735
8840000 8.10952
8850000 8.12946
8860000 8.1304
8870000 8.08623
8880000 8.27148
8890000 8.14038
8900000 8.15084
8910000 8.17848
8920000 8.14095
8930000 8.14136
8940000 8.12307
8950000 8.40093
8960000 8.23323
8970000 8.16962
8980000 8.1627
8990000 8.16416
9000000 8.15572
9010000 8.16485
9020000 8.16336
9030000 8.16216
9040000 8.15623
9050000 8.1537
9060000 8.22031
9070000 8.86689
9080000 8.40098
9090000 8.20583
9100000 8.18179
9110000 8.17429
9120000 8.17567
9130000 8.17676
9140000 8.20959
9150000 8.19376
9160000 8.19027
9170000 8.18866
9180000 8.18444
9190000 8.18681
9200000 8.18743
9210000 8.18938
9220000 8.19229
9230000 8.19496
9240000 8.21077
9250000 8.21267
9260000 8.21625
9270000 8.2187
9280000 8.24989
9290000 8.28677
9300000 8.27392
9310000 8.26093
9320000 8.48706
9330000 8.39828
9340000 8.29044
9350000 8.32608
9360000 8.29786
9370000 8.28095
9380000 8.27044
9390000 8.53675
9400000 8.3714
9410000 8.36124
9420000 8.30218
9430000 8.30373
9440000 8.29593
9450000 8.30602
9460000 8.30286
9470000 8.30786
9480000 8.29524
9490000 8.29458
9500000 8.35896
9510000 8.99476
9520000 8.54177
9530000 8.39345
9540000 8.32065
9550000 8.31418
9560000 8.31401
9570000 8.31574
9580000 8.35001
9590000 8.33166
9600000 8.32796
9610000 8.32677
9620000 8.32356
9630000 8.32475
9640000 8.3269
9650000 8.32744
9660000 8.32981
9670000 8.3326
9680000 8.34821
9690000 8.35005
9700000 8.35301
9710000 8.35617
9720000 8.35812
9730000 8.42265
9740000 8.41005
9750000 8.40025
9760000 8.62085
9770000 8.53476
9780000 8.41805
9790000 8.5007
9800000 8.43333
9810000 8.41705
9820000 8.40675
9830000 8.6684
9840000 8.67275
9850000 8.50394
9860000 8.43766
9870000 8.43905
9880000 8.43121
9890000 8.43913
9900000 8.44079
9910000 8.44064
9920000 8.43028
9930000 8.4325
9940000 8.49339
9950000 8.49481
9960000 8.59557
9970000 8.53223
9980000 8.46404
9990000 8.45661
10000000 8.44908
10010000 8.45033
10020000 8.48408
10030000 8.46624
10040000 8.46243
10050000 8.46111
10060000 8.46347
10070000 8.4594
10080000 8.46106
10090000 8.46192
10100000 8.46383
10110000 8.46665
10120000 8.48175
10130000 8.48391
10140000 8.48674
10150000 8.48986
10160000 8.49161
10170000 8.52219
10180000 8.54252
10190000 8.53298
10200000 8.58717
10210000 8.67144
10220000 8.55147
10230000 8.63157
10240000 8.58711
10250000 8.55121
10260000 8.53988
10270000 8.53375
10280000 8.79841
10290000 8.63593
10300000 8.57241
10310000 8.57078
10320000 8.57183
10330000 8.57187
10340000 8.57291
10350000 8.57204
10360000 8.56588
10370000 8.56425
10380000 9.30834
10390000 8.62529
10400000 8.74403
10410000 8.78718
10420000 8.59916
10430000 8.58836
10440000 8.58046
10450000 8.5822
10460000 8.58274
10470000 8.59756
10480000 8.59336
10490000 8.59347
10500000 8.59401
10510000 8.58995
10520000 8.59258
10530000 8.59238
10540000 8.59374
10550000 8.59697
10560000 8.59938
10570000 8.61411
10580000 8.6167
10590000 8.61973
10600000 8.62152
10610000 8.65153
10620000 8.67008
10630000 8.67084
10640000 8.62929
10650000 8.80305
10660000 8.67982
10670000 8.68951
10680000 8.71531
10690000 8.67996
10700000 8.68021
10710000 8.66292
10720000 8.92388
10730000 8.76607
10740000 8.70622
10750000 8.69916
10760000 8.70086
10770000 8.69281
10780000 8.70126
10790000 8.69972
10800000 8.69845
10810000 8.69273
10820000 8.6902
10830000 8.75259
10840000 9.36237
10850000 8.92225
10860000 8.7386
10870000 8.7159
10880000 8.70871
10890000 8.70989
10900000 8.71079
10910000 8.74149
10920000 8.72653
10930000 8.72311
10940000 8.72146
10950000 8.71737
10960000 8.71949
10970000 8.71995
10980000 8.72165
10990000 8.72426
11000000 8.72665
11010000 8.74136
11020000 8.74302
11030000 8.74627
11040000 8.74846
11050000 8.77764
11060000 8.81219
11070000 8.79995
11080000 8.78762
11090000 9.00041
11100000 8.9167
11110000 8.81505
11120000 8.84843
11130000 8.82175
11140000 8.80572
11150000 8.79572
11160000 9.04646
11170000 8.89049
11180000 8.8808
11190000 8.82509
11200000 8.82643
11210000 8.81898
11220000 8.82835
11230000 8.82525
11240000 8.82983
11250000 8.81779
11260000 8.81702
11270000 8.87749
11280000 9.47846
11290000 9.04402
11300000 8.90961
11310000 8.84087
11320000 8.83469
11330000 8.83442
11340000 8.83592
11350000 8.86808
11360000 8.85065
11370000 8.84709
11380000 8.84583
11390000 8.8427
11400000 8.84398
11410000 8.84561
11420000 8.846
11430000 8.84811
11440000 8.85062
11450000 8.86519
11460000 8.86683
11470000 8.86949
11480000 8.87235
11490000 8.87408
11500000 8.93476
11510000 8.92275
11520000 8.91339
11530000 9.12147
11540000 9.04009
11550000 8.92983
11560000 9.00767
11570000 8.944
11580000 8.92853
11590000 8.91871
11600000 9.16563
11610000 9.16965
11620000 9.01004
11630000 8.94739
11640000 8.9486
11650000 8.94109
11660000 8.94844
11670000 8.94988
11680000 8.94962
11690000 8.9397
11700000 8.94166
11710000 8.99897
11720000 9.0002
11730000 9.09526
11740000 9.03503
11750000 8.9708
11760000 8.96361
11770000 8.95644
11780000 8.95752
11790000 8.98925
11800000 8.97229
11810000 8.96858
11820000 8.96723
11830000 8.96934
11840000 8.96539
11850000 8.96684
11860000 8.96769
11870000 8.96924
11880000 8.97178
11890000 8.98592
11900000 8.98785
11910000 8.9904
11920000 8.99324
11930000 8.99479
11940000 9.02352
11950000 9.04262
11960000 9.03349
11970000 9.08458
11980000 9.16381
11990000 9.05065
12000000 9.12624
12010000 9.08411
12020000 9.04918
12030000 9.03923
12040000 9.03332
12050000 9.28365
12060000 9.12972
12070000 9.06954
12080000 9.06789
12090000 9.06877
12100000 9.06869
12110000 9.06957
12120000 9.06867
12130000 9.06267
12140000 9.061
12150000 9.7672
12160000 9.11848
12170000 9.23077
12180000 9.27158
12190000 9.09342
12200000 9.08309
12210000 9.07551
12220000 9.07704
12230000 9.07743
12240000 9.09135
12250000 9.08729
12260000 9.08729
12270000 9.08767
12280000 9.08373
12290000 9.08611
12300000 9.08581
12310000 9.08699
12320000 9.08993
12330000 9.09216
12340000 9.10592
12350000 9.10827
12360000 9.11105
12370000 9.11262
12380000 9.14091
12390000 9.15832
12400000 9.15897
12410000 9.11953
12420000 9.28406
12430000 9.16719
12440000 9.17622
12450000 9.20056
12460000 9.16696
12470000 9.16709
12480000 9.15062
12490000 9.39794
12500000 9.24812
12510000 9.19131
12520000 9.18452
12530000 9.18603
12540000 9.1783
12550000 9.18619
12560000 9.18463
12570000 9.1833
12580000 9.17775
12590000 9.17524
12600000 9.23424
12610000 9.81402
12620000 9.39501
12630000 9.22062
12640000 9.19902
12650000 9.19209
12660000 9.19311
12670000 9.19386
12680000 9.22245
12690000 9.20857
12700000 9.20522
12710000 9.20357
12720000 9.19959
12730000 9.20149
12740000 9.20182
12750000 9.20333
12760000 9.2057
12770000 9.20786
12780000 9.22174
12790000 9.22317
12800000 9.22616
12810000 9.22813
12820000 9.25569
12830000 9.28836
12840000 9.27665
12850000 9.26483
12860000 9.4668
12870000 9.38721
12880000 9.29054
12890000 9.32216
12900000 9.29673
12910000 9.28139
12920000 9.27181
12930000 9.50981
12940000 9.36157
12950000 9.35228
12960000 9.29912
12970000 9.30045
12980000 9.29327
12990000 9.30209
13000000 9.29903
13010000 9.30327
13020000 9.29171
13030000 9.29086
13040000 9.34821
13050000 9.92056
13060000 9.50625
13070000 9.37835
13080000 9.31296
13090000 9.30699
13100000 9.30664
13110000 9.30796
13120000 9.3384
13130000 9.32175
13140000 9.31827
13150000 9.31698
13160000 9.31391
13170000 9.31503
13180000 9.31647
13190000 9.31635
13200000 9.31865
13210000 9.32094
13220000 9.33467
13230000 9.33609
13240000 9.33855
13250000 9.34119
13260000 9.34273
13270000 9.40026
13280000 9.38876
13290000 9.38009
13300000 9.57762
13310000 9.50009
13320000 9.39511
13330000 9.46903
13340000 9.40839
13350000 9.39357
13360000 9.38414
13370000 9.61903
13380000 9.62276
13390000 9.47069
13400000 9.41102
13410000 9.41207
13420000 9.40483
13430000 9.41173
13440000 9.413
13450000 9.41266
13460000 9.40309
13470000 9.40485
13480000 9.45923
13490000 9.46032
13500000 9.55071
13510000 9.49263
13520000 9.43205
13530000 9.42511
13540000 9.41818
13550000 9.41912
13560000 9.44921
13570000 9.43298
13580000 9.42936
13590000 9.42798
13600000 9.42989
13610000 9.42604
13620000 9.42733
13630000 9.42803
13640000 9.42942
13650000 9.43175
13660000 9.44508
13670000 9.44684
13680000 9.44916
13690000 9.45178
13700000 9.45318
13710000 9.48041
13720000 9.49849
13730000 9.48969
13740000 9.53825
13750000 9.61369
13760000 9.5058
13770000 9.57768
13780000 9.53745
13790000 9.50407
13800000 9.49451
13810000 9.4888
13820000 9.72732
13830000 9.58044
13840000 9.52302
13850000 9.52135
13860000 9.5221
13870000 9.52193
13880000 9.52266
13890000 9.52173
13900000 9.51368
13910000 9.51419
13920000 10.1889
13930000 9.56874
13940000 9.67573
13950000 9.71459
13960000 9.54459
13970000 9.53465
13980000 9.52732
13990000 9.52856
14000000 9.52897
14010000 9.54214
14020000 9.53819
14030000 9.5381
14040000 9.53837
14050000 9.53452
14060000 9.5367
14070000 9.53633
14080000 9.5377
14090000 9.54007
14100000 9.5421
14110000 9.55513
14120000 9.55727
14130000 9.55984
14140000 9.56125
14150000 9.58813
14160000 9.60461
14170000 9.60514
14180000 9.56746
14190000 9.72436
14200000 9.61273
14210000 9.62125
14220000 9.64438
14230000 9.61223
14240000 9.61226
14250000 9.59647
14260000 9.8325
14270000 9.68932
14280000 9.63502
14290000 9.62845
14300000 9.62981
14310000 9.62234
14320000 9.62979
14330000 9.62821
14340000 9.62683
14350000 9.62142
14360000 9.61892
14370000 9.67513
14380000 10.2299
14390000 9.82852
14400000 9.66186
14410000 9.64116
14420000 9.63444
14430000 9.63533
14440000 9.63596
14450000 9.66314
14460000 9.64836
14470000 9.64654
14480000 9.64488
14490000 9.641
14500000 9.64272
14510000 9.64295
14520000 9.64431
14530000 9.64648
14540000 9.64846
14550000 9.66161
14560000 9.66289
14570000 9.66566
14580000 9.66746
14590000 9.69368
14600000 9.7248
14610000 9.71355
14620000 9.70214
14630000 9.8951
14640000 9.81895
14650000 9.72644
14660000 9.75657
14670000 9.73219
14680000 9.71744
14690000 9.70821
14700000 9.93567
14710000 9.79381
14720000 9.78484
14730000 9.73396
14740000 9.73515
14750000 9.72824
14760000 9.73654
14770000 9.73353
14780000 9.7375
14790000 9.72623
14800000 9.72542
14810000 9.78013
14820000 10.3285
14830000 9.93114
14840000 9.80869
14850000 9.74611
14860000 9.74029
14870000 9.73986
14880000 9.74106
14890000 9.77002
14900000 9.75407
14910000 9.75067
14920000 9.74934
14930000 9.74581
14940000 9.74732
14950000 9.74861
14960000 9.74842
14970000 9.75053
14980000 9.75263
14990000 9.76567
15000000 9.76695
15010000 9.76921
15020000 9.77166
15030000 9.77305
15040000 9.82798
15050000 9.81688
15060000 9.80851
15070000 9.99749
15080000 9.9232
15090000 9.82264
15100000 9.89311
15110000 9.83517
15120000 9.8209
15130000 9.81181
15140000 10.0366
15150000 10.0401
15160000 9.89438
15170000 9.8372
15180000 9.83812
15190000 9.83111
15200000 9.83765
15210000 9.83885
15220000 9.83836
15230000 9.82909
15240000 9.83069
15250000 9.88263
15260000 9.88359
15270000 9.97007
15280000 9.91436
15290000 9.85628
15300000 9.84955
15310000 9.84284
15320000 9.84366
15330000 9.87238
15340000 9.85677
15350000 9.85323
15360000 9.85182
15370000 9.85357
15380000 9.8498
15390000 9.85096
15400000 9.85155
15410000 9.8528
15420000 9.85495
15430000 9.86761
15440000 9.86923
15450000 9.87137
15460000 9.87381
15470000 9.87506
15480000 9.90106
15490000 9.91828
15500000 9.90977
15510000 9.9562
15520000 10.0285
15530000 9.92497
15540000 9.99376
15550000 9.95513
15560000 9.92307
15570000 9.91384
15580000 9.90828
15590000 10.1369
15600000 9.99593
15610000 9.94083
15620000 9.93916
15630000 9.9398
15640000 9.93956
15650000 9.94018
15660000 9.9392
15670000 9.9314
15680000 9.9318
15690000 10.5798
15700000 9.98389
15710000 10.0864
15720000 10.1236
15730000 9.96051
15740000 9.9509
15750000 9.94379
15760000 9.9449
15770000 9.94522
15780000 9.95777
15790000 9.95391
15800000 9.95374
15810000 9.95393
15820000 9.95015
15830000 9.95217
15840000 9.95174
15850000 9.95297
15860000 9.95517
15870000 9.95704
15880000 9.96944
15890000 9.97142
15900000 9.97381
15910000 9.97508
15920000 10.0008
15930000 10.0165
15940000 10.0169
15950000 9.98079
15960000 10.1312
15970000 10.024
15980000 10.0321
15990000 10.0542
16000000 10.0233
16010000 10.0232
16020000 10.008
16030000 10.2345
16040000 10.0969
16050000 10.0447
16060000 10.0384
16070000 10.0396
16080000 10.0324
16090000 10.0394
16100000 10.0378
16110000 10.0364
16120000 10.0312
16130000 10.0287
16140000 10.0825
16150000 10.6159
16160000 10.2297
16170000 10.0696
16180000 10.0496
16190000 10.0431
16200000 10.0439
16210000 10.0444
16220000 10.0704
16230000 10.0561
16240000 10.0542
16250000 10.0526
16260000 10.0488
16270000 10.0504
16280000 10.0506
16290000 10.0518
16300000 10.0538
16310000 10.0557
16320000 10.0682
16330000 10.0693
16340000 10.0719
16350000 10.0736
16360000 10.0987
16370000 10.1285
16380000 10.1176
16390000 10.1066
16400000 10.2919
16410000 10.2186
16420000 10.1297
16430000 10.1586
16440000 10.1351
16450000 10.1208
16460000 10.1119
16470000 10.3304
16480000 10.194
16490000 10.1853
16500000 10.1363
16510000 10.1374
16520000 10.1307
16530000 10.1386
16540000 10.1356
16550000 10.1394
16560000 10.1284
16570000 10.1276
16580000 10.1801
16590000 10.7079
16600000 10.3251
16610000 10.2073
16620000 10.1471
16630000 10.1414
16640000 10.1409
16650000 10.142
16660000 10.1698
16670000 10.1544
16680000 10.151
16690000 10.1497
16700000 10.1462
16710000 10.1476
16720000 10.1488
16730000 10.1485
16740000 10.1505
16750000 10.1524
16760000 10.1649
16770000 10.166
16780000 10.1681
16790000 10.1704
16800000 10.1717
16810000 10.2244
16820000 10.2136
16830000 10.2055
16840000 10.3872
16850000 10.3157
16860000 10.2189
16870000 10.2866
16880000 10.2308
16890000 10.217
16900000 10.2082
16910000 10.4244
16920000 10.4277
16930000 10.2874
16940000 10.2323
16950000 10.2332
16960000 10.2263
16970000 10.2326
16980000 10.2336
16990000 10.2331
17000000 10.2241
17010000 10.2256
17020000 10.2754
17030000 10.2763
17040000 10.3594
17050000 10.3057
17060000 10.2498
17070000 10.2433
17080000 10.2367
17090000 10.2374
17100000 10.265
17110000 10.2499
17120000 10.2464
17130000 10.245
17140000 10.2466
17150000 10.2429
17160000 10.244
17170000 10.2445
17180000 10.2456
17190000 10.2476
17200000 10.2597
17210000 10.2612
17220000 10.2632
17230000 10.2655
17240000 10.2666
17250000 10.2916
17260000 10.3081
17270000 10.2998
17280000 10.3444
17290000 10.4139
17300000 10.3142
17310000 10.3804
17320000 10.3431
17330000 10.3122
17340000 10.3032
17350000 10.2978
17360000 10.5179
17370000 10.3821
17380000 10.329
17390000 10.3273
17400000 10.3227
17410000 10.3275
17420000 10.3281
17430000 10.3271
17440000 10.3195
17450000 10.3198
17460000 10.9448
17470000 10.3698
17480000 10.4684
17490000 10.5043
17500000 10.347
17510000 10.3377
17520000 10.331
17530000 10.3318
17540000 10.3318
17550000 10.3441
17560000 10.3403
17570000 10.3396
17580000 10.3402
17590000 10.3365
17600000 10.3384
17610000 10.3379
17620000 10.339
17630000 10.341
17640000 10.3428
17650000 10.3546
17660000 10.3565
17670000 10.3587
17680000 10.3599
17690000 10.3846
17700000 10.3996
17710000 10.4
17720000 10.3651
17730000 10.5099
17740000 10.4066
17750000 10.4143
17760000 10.4356
17770000 10.4057
17780000 10.4056
17790000 10.3909
17800000 10.6091
17810000 10.4741
17820000 10.4261
17830000 10.4199
17840000 10.4209
17850000 10.4139
17860000 10.4207
17870000 10.4191
17880000 10.4177
17890000 10.4125
17900000 10.41
17910000 10.4618
17920000 10.9768
17930000 10.6008
17940000 10.4492
17950000 10.4299
17960000 10.4235
17970000 10.4242
17980000 10.4246
17990000 10.4496
18000000 10.4358
18010000 10.4339
18020000 10.4323
18030000 10.4286
18040000 10.4301
18050000 10.4302
18060000 10.4313
18070000 10.4332
18080000 10.4349
18090000 10.4469
18100000 10.4479
18110000 10.4504
18120000 10.4519
18130000 10.476
18140000 10.5047
18150000 10.4941
18160000 10.4834
18170000 10.6621
18180000 10.5914
18190000 10.5055
18200000 10.5333
18210000 10.5106
18220000 10.4968
18230000 10.4881
18240000 10.6989
18250000 10.5671
18260000 10.5587
18270000 10.5114
18280000 10.5124
18290000 10.5059
18300000 10.5134
18310000 10.5105
18320000 10.514
18330000 10.5034
18340000 10.5025
18350000 10.5531
18360000 11.0631
18370000 10.6929
18380000 10.5791
18390000 10.521
18400000 10.5155
18410000 10.5149
18420000 10.5159
18430000 10.5426
18440000 10.5277
18450000 10.5244
18460000 10.5231
18470000 10.5197
18480000 10.5209
18490000 10.522
18500000 10.5217
18510000 10.5235
18520000 10.5253
18530000 10.5373
18540000 10.5384
18550000 10.5403
18560000 10.5425
18570000 10.5436
18580000 10.5944
18590000 10.584
18600000 10.5761
18610000 10.7513
18620000 10.6823
18630000 10.5888
18640000 10.6541
18650000 10.6002
18660000 10.5868
18670000 10.5783
18680000 10.787
18690000 10.7901
18700000 10.6545
18710000 10.6013
18720000 10.602
18730000 10.5954
18740000 10.6013
18750000 10.6023
18760000 10.6017
18770000 10.593
18780000 10.5943
18790000 10.6424
18800000 10.6431
18810000 10.7234
18820000 10.6715
18830000 10.6174
18840000 10.611
18850000 10.6046
18860000 10.6053
18870000 10.6318
18880000 10.6172
18890000 10.6138
18900000 10.6124
18910000 10.6139
18920000 10.6102
18930000 10.6112
18940000 10.6116
18950000 10.6127
18960000 10.6145
18970000 10.6262
18980000 10.6275
18990000 10.6294
19000000 10.6315
19010000 10.6326
19020000 10.6566
19030000 10.6725
19040000 10.6644
19050000 10.7075
19060000 10.7726
19070000 10.6782
19080000 10.742
19090000 10.706
19100000 10.676
19110000 10.6674
19120000 10.662
19130000 10.8747
19140000 10.7433
19150000 10.692
19160000 10.6903
19170000 10.6858
19180000 10.6904
19190000 10.6908
19200000 10.6898
19210000 10.6824
19220000 10.6826
19230000 11.2875
19240000 10.7308
19250000 10.8261
19260000 10.8608
19270000 10.7087
19280000 10.6996
19290000 10.693
19300000 10.6938
19310000 10.6938
19320000 10.7055
19330000 10.7018
19340000 10.7011
19350000 10.7016
19360000 10.698
19370000 10.6997
19380000 10.6992
19390000 10.7002
19400000 10.7022
19410000 10.704
19420000 10.7152
19430000 10.7169
19440000 10.719
19450000 10.7201
19460000 10.7439
19470000 10.7584
19480000 10.7586
19490000 10.7249
19500000 10.8649
19510000 10.7649
19520000 10.7723
19530000 10.7928
19540000 10.7638
19550000 10.7637
19560000 10.7494
19570000 10.9604
19580000 10.8297
19590000 10.7833
19600000 10.7772
19610000 10.7782
19620000 10.7714
19630000 10.7777
19640000 10.7762
19650000 10.7748
19660000 10.7697
19670000 10.7673
19680000 10.8173
19690000 11.316
19700000 10.9516
19710000 10.8049
19720000 10.7861
19730000 10.7799
19740000 10.7805
19750000 10.7809
19760000 10.805
19770000 10.7916
19780000 10.7897
19790000 10.7881
19800000 10.7845
19810000 10.7859
19820000 10.7859
19830000 10.7869
19840000 10.7887
19850000 10.7903
19860000 10.8018
19870000 10.8028
19880000 10.8051
19890000 10.8065
19900000 10.8298
19910000 10.8575
19920000 10.8472
19930000 10.8368
19940000 10.9501
19950000 10.9412
19960000 10.858
19970000 10.8848
19980000 10.8628
19990000 10.8494
20000000 10.8408
20010000 11.0449
20020000 10.9173
20030000 10.9091
20040000 10.8636
20050000 10.8637
20060000 10.8578
20070000 10.865
20080000 10.8622
20090000 10.8655
20100000 10.8552
20110000 10.8543
20120000 10.9031
20130000 11.3974
20140000 11.0384
20150000 10.9282
20160000 10.8718
20170000 10.8664
20180000 10.8659
20190000 10.8667
20200000 10.8926
20210000 10.8781
20220000 10.8749
20230000 10.8735
20240000 10.8701
20250000 10.8713
20260000 10.8723
20270000 10.8719
20280000 10.8737
20290000 10.8754
20300000 10.8869
20310000 10.8878
20320000 10.8897
20330000 10.8917
20340000 10.8928
20350000 10.9419
20360000 10.9318
20370000 10.924
20380000 11.0927
20390000 11.0269
20400000 10.9361
20410000 10.9994
20420000 10.9471
20430000 10.9341
20440000 10.9258
20450000 11.1279
20460000 11.1309
20470000 10.9995
20480000 10.9479
20490000 10.9486
20500000 10.9421
20510000 10.9494
20520000 10.9487
20530000 10.9481
20540000 10.9395
20550000 10.9407
20560000 10.9872
20570000 10.9879
20580000 11.0656
20590000 11.0134
20600000 10.9628
20610000 10.9566
20620000 10.9503
20630000 10.9509
20640000 10.9766
20650000 10.9624
20660000 10.959
20670000 10.9576
20680000 10.959
20690000 10.9554
20700000 10.9563
20710000 10.9566
20720000 10.9576
20730000 10.9593
20740000 10.9706
20750000 10.9718
20760000 10.9736
20770000 10.9756
20780000 10.9766
20790000 10.9998
20800000 11.0151
20810000 11.0073
20820000 11.0489
20830000 11.112
20840000 11.0205
20850000 11.0823
20860000 11.0473
20870000 11.0182
20880000 11.0097
20890000 11.0046
20900000 11.2107
20910000 11.0832
20920000 11.0334
20930000 11.0317
20940000 11.0271
20950000 11.0317
20960000 11.0321
20970000 11.0311
20980000 11.0238
20990000 11.0239
21000000 11.611
21010000 11.0705
21020000 11.1629
21030000 11.1965
21040000 11.049
21050000 11.0401
21060000 11.0337
21070000 11.0344
21080000 11.0343
21090000 11.0456
21100000 11.042
21110000 11.0412
21120000 11.0417
21130000 11.0381
21140000 11.0397
21150000 11.0392
21160000 11.0401
21170000 11.042
21180000 11.0437
21190000 11.0545
21200000 11.0561
21210000 11.0581
21220000 11.0591
21230000 11.0821
21240000 11.0961
21250000 11.0963
21260000 11.0635
21270000 11.1993
21280000 11.1023
21290000 11.1094
21300000 11.1292
21310000 11.1011
21320000 11.1008
21330000 11.087
21340000 11.2916
21350000 11.1648
21360000 11.1197
21370000 11.1137
21380000 11.1146
21390000 11.108
21400000 11.1141
21410000 11.1126
21420000 11.1111
21430000 11.1062
21440000 11.1037
21450000 11.1522
21460000 11.6365
21470000 11.2825
21480000 11.14
21490000 11.1218
21500000 11.1157
21510000 11.1162
21520000 11.1166
21530000 11.1399
21540000 11.1269
21550000 11.1249
21560000 11.1233
21570000 11.1198
21580000 11.1211
21590000 11.121
21600000 11.122
21610000 11.1236
21620000 11.1251
21630000 11.1363
21640000 11.1372
21650000 11.1394
21660000 11.1407
21670000 11.1632
21680000 11.19
21690000 11.18
21700000 11.1699
21710000 11.2798
21720000 11.2711
21730000 11.1903
21740000 11.2164
21750000 11.1949
21760000 11.1818
21770000 11.1734
21780000 11.3715
21790000 11.2476
21800000 11.2396
21810000 11.1954
21820000 11.1954
21830000 11.1896
21840000 11.1966
21850000 11.1938
21860000 11.197
21870000 11.1868
21880000 11.1859
21890000 11.2333
21900000 11.7136
21910000 11.3646
21920000 11.2575
21930000 11.2028
21940000 11.1975
21950000 11.1969
21960000 11.1976
21970000 11.2227
21980000 11.2086
21990000 11.2054
22000000 11.204
22010000 11.2007
22020000 11.2018
22030000 11.2027
22040000 11.2023
22050000 11.204
22060000 11.2056
22070000 11.2167
22080000 11.2176
22090000 11.2193
22100000 11.2213
22110000 11.2222
22120000 11.2699
22130000 11.26
22140000 11.2524
22150000 11.4162
22160000 11.3522
22170000 11.2639
22180000 11.3254
22190000 11.2746
22200000 11.2619
22210000 11.2538
22220000 11.4501
22230000 11.4529
22240000 11.3253
22250000 11.2751
22260000 11.2757
22270000 11.2693
22280000 11.2764
22290000 11.2756
22300000 11.275
22310000 11.2666
22320000 11.2678
22330000 11.3129
22340000 11.3135
22350000 11.3889
22360000 11.3382
22370000 11.289
22380000 11.2829
22390000 11.2768
22400000 11.2773
22410000 11.3022
22420000 11.2883
22430000 11.285
22440000 11.2836
22450000 11.2849
22460000 11.2814
22470000 11.2822
22480000 11.2825
22490000 11.2834
22500000 11.285
22510000 11.2959
22520000 11.2971
22530000 11.2987
22540000 11.3006
22550000 11.3015
22560000 11.324
22570000 11.3389
22580000 11.3312
22590000 11.4954
22600000 11.4329
22610000 11.3439
22620000 11.4039
22630000 11.3699
22640000 11.3416
22650000 11.3333
22660000 11.3282
22670000 11.5285
22680000 11.4046
22690000 11.3561
22700000 11.3544
22710000 11.3499
22720000 11.3543
22730000 11.3547
22740000 11.3536
22750000 11.3465
22760000 11.3465
22770000 11.9177
22780000 11.3918
22790000 11.4815
22800000 11.5141
22810000 11.3706
22820000 11.362
22830000 11.3557
22840000 11.3563
22850000 11.3562
22860000 11.3672
22870000 11.3636
22880000 11.3628
22890000 11.3632
22900000 11.3597
22910000 11.3612
22920000 11.3607
22930000 11.3615
22940000 11.3633
22950000 11.3649
22960000 11.3753
22970000 11.3769
22980000 11.3788
22990000 11.3797
23000000 11.402
23010000 11.4155
23020000 11.4157
23030000 11.3838
23040000 11.5158
23050000 11.4214
23060000 11.4282
23070000 11.4475
23080000 11.4201
23090000 11.4198
23100000 11.4063
23110000 11.6053
23120000 11.4819
23130000 11.438
23140000 11.4321
23150000 11.433
23160000 11.4264
23170000 11.4324
23180000 11.4308
23190000 11.4294
23200000 11.4245
23210000 11.9936
23220000 11.4692
23230000 11.9406
23240000 11.5959
23250000 11.4572
23260000 11.4394
23270000 11.4333
23280000 11.4339
23290000 11.4342
23300000 11.4568
23310000 11.4441
23320000 11.4422
23330000 11.4406
23340000 11.4372
23350000 11.4383
23360000 11.4382
23370000 11.4385
23380000 11.4407
23390000 11.442
23400000 11.4529
23410000 11.4537
23420000 11.4559
23430000 11.4571
23440000 11.4789
23450000 11.505
23460000 11.4952
23470000 11.4853
23480000 11.5922
23490000 11.5837
23500000 11.505
23510000 11.5303
23520000 11.5094
23530000 11.4966
23540000 11.4884
23550000 11.6811
23560000 11.5605
23570000 11.5526
23580000 11.5096
23590000 11.5096
23600000 11.5039
23610000 11.5107
23620000 11.5079
23630000 11.511
23640000 11.501
23650000 11.5
23660000 11.5461
23670000 12.0139
23680000 11.6738
23690000 11.5696
23700000 11.5163
23710000 11.511
23720000 11.5105
23730000 11.5111
23740000 11.5355
23750000 11.5217
23760000 11.5186
23770000 11.5172
23780000 11.5139
23790000 11.515
23800000 11.5158
23810000 11.5154
23820000 11.5169
23830000 11.5184
23840000 11.5292
23850000 11.53
23860000 11.5317
23870000 11.5335
23880000 11.5345
23890000 11.5808
23900000 11.5711
23910000 11.5637
23920000 11.7231
23930000 11.6607
23940000 11.5747
23950000 11.6346
23960000 11.5851
23970000 11.5727
23980000 11.5647
23990000 11.7558
24000000 11.7585
24010000 11.6342
24020000 11.5853
24030000 11.5858
24040000 11.5796
24050000 11.5864
24060000 11.5857
24070000 11.585
24080000 11.5768
24090000 11.5779
24100000 11.6217
24110000 11.6223
24120000 11.6957
24130000 11.6462
24140000 11.5983
24150000 11.5923
24160000 11.5863
24170000 11.5868
24180000 11.611
24190000 11.5974
24200000 11.5942
24210000 11.5927
24220000 11.594
24230000 11.5905
24240000 11.5913
24250000 11.5915
24260000 11.5923
24270000 11.5939
24280000 11.6044
24290000 11.6055
24300000 11.6071
24310000 11.6089
24320000 11.6098
24330000 11.6317
24340000 11.646
24350000 11.6385
24360000 11.7984
24370000 11.7375
24380000 11.6508
24390000 11.7092
24400000 11.676
24410000 11.6484
24420000 11.6403
24430000 11.6353
24440000 11.8303
24450000 11.7096
24460000 11.6623
24470000 11.6606
24480000 11.655
24490000 11.6605
24500000 11.6608
24510000 11.6597
24520000 11.6527
24530000 11.6527
24540000 12.2095
24550000 11.6967
24560000 11.7841
24570000 11.8158
24580000 11.6735
24590000 11.6676
24600000 11.6613
24610000 11.6619
24620000 11.6618
24630000 11.6724
24640000 11.6689
24650000 11.6681
24660000 11.6684
24670000 11.665
24680000 11.6664
24690000 11.6658
24700000 11.6666
24710000 11.6683
24720000 11.6698
24730000 11.68
24740000 11.6814
24750000 11.6832
24760000 11.6841
24770000 11.7058
24780000 11.72
24790000 11.7191
24800000 11.6879
24810000 11.8165
24820000 11.7245
24830000 11.7311
24840000 11.7498
24850000 11.7231
24860000 11.7228
24870000 11.7096
24880000 11.9034
24890000 11.7831
24900000 11.7403
24910000 11.7346
24920000 11.7353
24930000 11.729
24940000 11.7347
24950000 11.7332
24960000 11.7317
24970000 11.7266
24980000 12.2818
24990000 11.7703
25000000 12.2301
25010000 11.8938
25020000 11.7585
25030000 11.7412
25040000 11.7352
25050000 11.7358
25060000 11.736
25070000 11.758
25080000 11.7456
25090000 11.7437
25100000 11.7421
25110000 11.7387
25120000 11.7398
25130000 11.7397
25140000 11.7399
25150000 11.742
25160000 11.7432
25170000 11.7535
25180000 11.7545
25190000 11.7566
25200000 11.7577
25210000 11.779
25220000 11.8043
25230000 11.7947
25240000 11.785
25250000 11.8893
25260000 11.8809
25270000 11.8042
25280000 11.8288
25290000 11.8083
25300000 11.7959
25310000 11.784
25320000 11.9757
25330000 11.858
25340000 11.8503
25350000 11.8083
25360000 11.8083
25370000 11.8027
25380000 11.8093
25390000 11.8065
25400000 11.8095
25410000 11.7997
25420000 11.7987
25430000 11.8436
25440000 12.3001
25450000 11.9681
25460000 11.8664
25470000 11.8144
25480000 11.8092
25490000 11.8087
25500000 11.8092
25510000 11.8329
25520000 11.8195
25530000 11.8161
25540000 11.815
25550000 11.8118
25560000 11.8127
25570000 11.8135
25580000 11.8131
25590000 11.8145
25600000 11.816
25610000 11.8264
25620000 11.8272
25630000 11.8288
25640000 11.8305
25650000 11.8314
25660000 11.8765
25670000 11.867
25680000 11.8598
25690000 12.0153
25700000 11.9544
25710000 11.8704
25720000 11.9288
25730000 11.8805
25740000 11.8684
25750000 11.8606
25760000 12.0469
25770000 12.0495
25780000 11.9281
25790000 11.8804
25800000 11.8809
25810000 11.8748
25820000 11.8814
25830000 11.8807
25840000 11.88
25850000 11.8719
25860000 11.873
25870000 11.9157
25880000 11.9162
25890000 11.9877
25900000 11.9395
25910000 11.8926
25920000 11.8868
25930000 11.8807
25940000 11.8813
25950000 11.9049
25960000 11.8916
25970000 11.8884
25980000 11.887
25990000 11.8882
26000000 11.8848
26010000 11.8855
26020000 11.8857
26030000 11.8864
26040000 11.8879
26050000 11.8982
26060000 11.8992
26070000 11.9007
26080000 11.9024
26090000 11.9032
26100000 11.9244
26110000 11.9385
26120000 11.9311
26130000 12.0871
26140000 12.0276
26150000 11.943
26160000 11.9999
26170000 11.9675
26180000 11.9405
26190000 11.9326
26200000 11.9277
26210000 12.118
26220000 12.0001
26230000 11.9539
26240000 11.9523
26250000 11.9468
26260000 11.9521
26270000 11.9523
26280000 11.9512
26290000 11.9444
26300000 11.9443
26310000 12.4881
26320000 11.9871
26330000 12.0724
26340000 12.1033
26350000 11.9644
26360000 11.9586
26370000 11.9525
26380000 11.953
26390000 11.9528
26400000 11.9632
26410000 11.9597
26420000 11.9589
26430000 11.9592
26440000 11.9558
26450000 11.9571
26460000 11.9565
26470000 11.9573
26480000 11.9588
26490000 11.9603
26500000 11.9702
26510000 11.9716
26520000 11.9733
26530000 11.9741
26540000 11.9952
26550000 12.0091
26560000 12.0081
26570000 11.9777
26580000 12.1031
26590000 12.0133
26600000 12.0198
26610000 12.0379
26620000 12.0118
26630000 12.0114
26640000 11.9986
26650000 12.1878
26660000 12.0703
26670000 12.0284
26680000 12.0228
26690000 12.0236
26700000 12.0173
26710000 12.0229
26720000 12.0213
26730000 12.0167
26740000 12.0148
26750000 12.5573
26760000 12.0574
26770000 12.5066
26780000 12.1779
26790000 12.0458
26800000 12.0288
26810000 12.023
26820000 12.0235
26830000 12.0237
26840000 12.0451
26850000 12.0329
26860000 12.0311
26870000 12.0295
26880000 12.0261
26890000 12.0271
26900000 12.027
26910000 12.0272
26920000 12.0292
26930000 12.0304
26940000 12.0404
26950000 12.0413
26960000 12.0433
26970000 12.0444
26980000 12.0651
26990000 12.0898
27000000 12.0804
27010000 12.0709
27020000 12.1727
27030000 12.1645
27040000 12.0895
27050000 12.1135
27060000 12.0935
27070000 12.0813
27080000 12.0697
27090000 12.2568
27100000 12.1419
27110000 12.1343
27120000 12.0933
27130000 12.0932
27140000 12.0878
27150000 12.0942
27160000 12.0914
27170000 12.0943
27180000 12.0847
27190000 12.0837
27200000 12.1275
27210000 12.5736
27220000 12.249
27230000 12.1496
27240000 12.0987
27250000 12.0937
27260000 12.0931
27270000 12.0934
27280000 12.1167
27290000 12.1036
27300000 12.1003
27310000 12.0991
27320000 12.096
27330000 12.0969
27340000 12.0976
27350000 12.0971
27360000 12.0985
27370000 12.0999
27380000 12.11
27390000 12.1108
27400000 12.1123
27410000 12.1139
27420000 12.1148
27430000 12.1588
27440000 12.1494
27450000 12.1408
27460000 12.2943
27470000 12.2347
27480000 12.1527
27490000 12.2096
27500000 12.1624
27510000 12.1506
27520000 12.1429
27530000 12.325
27540000 12.3275
27550000 12.2088
27560000 12.1622
27570000 12.1626
27580000 12.1567
27590000 12.1631
27600000 12.1623
27610000 12.1616
27620000 12.1537
27630000 12.1546
27640000 12.1963
27650000 12.1968
27660000 12.2667
27670000 12.2194
27680000 12.1737
27690000 12.1679
27700000 12.162
27710000 12.1626
27720000 12.1855
27730000 12.1724
27740000 12.1694
27750000 12.1679
27760000 12.169
27770000 12.1657
27780000 12.1663
27790000 12.1665
27800000 12.1672
27810000 12.1686
27820000 12.1786
27830000 12.1796
27840000 12.181
27850000 12.1827
27860000 12.1834
27870000 12.2041
27880000 12.2178
27890000 12.2106
27900000 12.363
27910000 12.3049
27920000 12.2221
27930000 12.2777
27940000 12.246
27950000 12.2196
27960000 12.2118
27970000 12.207
27980000 12.3929
27990000 12.2777
28000000 12.2325
28010000 12.2309
28020000 12.2254
28030000 12.2306
28040000 12.2308
28050000 12.2297
28060000 12.223
28070000 12.2229
28080000 12.7548
28090000 12.2646
28100000 12.348
28110000 12.3781
28120000 12.2424
28130000 12.2365
28140000 12.2306
28150000 12.2311
28160000 12.2309
28170000 12.241
28180000 12.2375
28190000 12.2367
28200000 12.237
28210000 12.2336
28220000 12.2349
28230000 12.2343
28240000 12.235
28250000 12.2365
28260000 12.2379
28270000 12.2475
28280000 12.2488
28290000 12.2505
28300000 12.2512
28310000 12.2718
28320000 12.2854
28330000 12.2844
28340000 12.2546
28350000 12.3772
28360000 12.2894
28370000 12.2956
28380000 12.3134
28390000 12.2878
28400000 12.2874
28410000 12.2748
28420000 12.4598
28430000 12.3448
28440000 12.3039
28450000 12.2984
28460000 12.2991
28470000 12.307
28480000 12.2983
28490000 12.2968
28500000 12.2922
28510000 12.2904
28520000 12.8211
28530000 12.3319
28540000 12.7714
28550000 12.4497
28560000 12.3204
28570000 12.3038
28580000 12.2981
28590000 12.2985
28600000 12.2987
28610000 12.3196
28620000 12.3077
28630000 12.3058
28640000 12.3042
28650000 12.3009
28660000 12.3019
28670000 12.3017
28680000 12.3019
28690000 12.3038
28700000 12.3049
28710000 12.3147
28720000 12.3156
28730000 12.3175
28740000 12.3185
28750000 12.3388
28760000 12.3629
28770000 12.3536
28780000 12.3443
28790000 12.4438
28800000 12.4358
28810000 12.3624
28820000 12.3858
28830000 12.3662
28840000 12.3543
28850000 12.3429
28860000 12.5259
28870000 12.4134
28880000 12.406
28890000 12.3659
28900000 12.3658
28910000 12.3604
28920000 12.3666
28930000 12.3639
28940000 12.3666
28950000 12.3572
28960000 12.3562
28970000 12.399
28980000 12.8357
28990000 12.5178
29000000 12.4205
29010000 12.3708
29020000 12.3658
29030000 12.3652
29040000 12.3655
29050000 12.3883
29060000 12.3753
29070000 12.372
29080000 12.371
29090000 12.3678
29100000 12.3687
29110000 12.3686
29120000 12.3688
29130000 12.3702
29140000 12.3715
29150000 12.3814
29160000 12.3821
29170000 12.3836
29180000 12.3851
29190000 12.3859
29200000 12.4289
29210000 12.4198
29220000 12.4113
29230000 12.5614
29240000 12.5031
29250000 12.4228
29260000 12.4785
29270000 12.4323
29280000 12.4206
29290000 12.4131
29300000 12.5912
29310000 12.5937
29320000 12.4775
29330000 12.4319
29340000 12.4323
29350000 12.4264
29360000 12.4326
29370000 12.4318
29380000 12.4308
29390000 12.4233
29400000 12.4243
29410000 12.465
29420000 12.4654
29430000 12.5338
29440000 12.4875
29450000 12.4427
29460000 12.4371
29470000 12.4312
29480000 12.4318
29490000 12.4541
29500000 12.4413
29510000 12.4383
29520000 12.4369
29530000 12.4379
29540000 12.4346
29550000 12.4352
29560000 12.4354
29570000 12.436
29580000 12.4374
29590000 12.4471
29600000 12.4481
29610000 12.4494
29620000 12.451
29630000 12.4517
29640000 12.4719
29650000 12.4853
29660000 12.4782
29670000 12.6274
29680000 12.5704
29690000 12.4888
29700000 12.5438
29710000 12.5127
29720000 12.4868
29730000 12.4792
29740000 12.4744
29750000 12.6564
29760000 12.5435
29770000 12.4994
29780000 12.4977
29790000 12.4923
29800000 12.4967
29810000 12.4975
29820000 12.4964
29830000 12.4898
29840000 12.4897
29850000 13.0106
29860000 12.5305
29870000 12.612
29880000 12.6416
29890000 12.5086
29900000 12.5029
29910000 12.497
29920000 12.4975
29930000 12.4972
29940000 12.5071
29950000 12.5037
29960000 12.5028
29970000 12.503
29980000 12.4998
29990000 12.501
30000000 12.5004
