10000 106.876
20000 37.8774
30000 24.1447
40000 16.7565
50000 19.6739
60000 12.7568
70000 11.4576
80000 11.0435
90000 10.0762
100000 9.32984
110000 24.8308
120000 11.201
130000 9.00303
140000 8.7359
150000 9.07231
160000 8.35816
170000 8.13793
180000 8.05597
190000 7.94033
200000 8.29
210000 8.3102
220000 11.3348
230000 9.83212
240000 14.8518
250000 10.7751
260000 8.87003
270000 16.8239
280000 11.8195
290000 9.04138
300000 8.70407
310000 8.60625
320000 7.81523
330000 24.3799
340000 12.7099
350000 8.03263
360000 7.83519
370000 8.19702
380000 7.51855
390000 7.32963
400000 7.26687
410000 7.21649
420000 7.75541
430000 7.70022
440000 10.881
450000 9.3581
460000 14.428
470000 12.6664
480000 8.52403
490000 16.3533
500000 11.8017
510000 8.71914
520000 8.49954
530000 8.16446
540000 7.48395
550000 15.3305
560000 12.5982
570000 8.17342
580000 7.66472
590000 7.9309
600000 7.34893
610000 7.11451
620000 7.06302
630000 7.00683
640000 7.60478
650000 7.51251
660000 9.35426
670000 10.3436
680000 14.4746
690000 12.5637
700000 8.54995
710000 7.97571
720000 11.744
730000 8.57647
740000 8.49923
750000 8.01042
760000 7.35863
770000 15.27
780000 13.7756
790000 8.11782
800000 7.61727
810000 7.7985
820000 7.15561
830000 6.9591
840000 6.98513
850000 6.89536
860000 7.53415
870000 7.41521
880000 9.28922
890000 9.76697
900000 14.2574
910000 9.65466
920000 8.47375
930000 7.85353
940000 11.7671
950000 8.60088
960000 7.8767
970000 7.88804
980000 7.3323
990000 15.4041
1000000 13.6726
1010000 8.01055
1020000 7.53119
1030000 8.39163
1040000 7.13143
1050000 6.8479
1060000 6.94293
1070000 6.79978
1080000 7.46884
1090000 7.28373
1100000 9.24405
1110000 9.60142
1120000 17.8092
1130000 9.59957
1140000 8.94233
1150000 8.43128
1160000 11.6627
1170000 8.36637
1180000 7.83022
1190000 7.96006
1200000 7.2057
1210000 15.4025
1220000 14.0736
1230000 7.9802
1240000 7.47843
1250000 8.50343
1260000 7.14871
1270000 6.83453
1280000 6.97379
1290000 6.78503
1300000 7.45918
1310000 7.22036
1320000 7.28984
1330000 9.51098
1340000 18.0109
1350000 9.41072
1360000 8.9129
1370000 8.34532
1380000 16.3722
1390000 8.19114
1400000 7.77704
1410000 8.33282
1420000 7.1892
1430000 15.3802
1440000 11.6022
1450000 8.55084
1460000 7.40161
1470000 8.41319
1480000 7.16322
1490000 6.96238
1500000 6.9422
1510000 6.75407
1520000 6.83027
1530000 7.23945
1540000 7.27939
1550000 9.50035
1560000 11.1076
1570000 9.36726
1580000 9.89343
1590000 8.33149
1600000 16.3177
1610000 8.02927
1620000 8.25902
1630000 8.28091
1640000 7.33818
1650000 26.5501
1660000 14.5685
1670000 9.75687
1680000 7.35301
1690000 7.1989
1700000 7.37846
1710000 6.97566
1720000 6.76336
1730000 6.75443
1740000 6.76274
1750000 7.22542
1760000 7.26178
1770000 9.5399
1780000 7.5059
1790000 9.36991
1800000 9.76269
1810000 8.04593
1820000 16.259
1830000 8.83929
1840000 8.31098
1850000 8.28055
1860000 7.56421
1870000 7.0155
1880000 24.1036
1890000 9.75535
1900000 7.37032
1910000 7.24017
1920000 7.68161
1930000 6.94633
1940000 6.78898
1950000 6.70971
1960000 6.74642
1970000 7.24633
1980000 7.26024
1990000 10.6129
2000000 8.83468
2010000 14.2924
2020000 9.97439
2030000 8.05495
2040000 16.3373
2050000 11.2331
2060000 8.39738
2070000 8.0129
2080000 7.923
2090000 6.95835
2100000 24.1308
2110000 12.2886
2120000 7.44728
2130000 7.26171
2140000 7.65657
2150000 6.94613
2160000 6.78805
2170000 6.69293
2180000 6.70656
2190000 7.27164
2200000 7.22033
2210000 10.5312
2220000 8.94356
2230000 14.1465
2240000 12.313
2250000 8.10451
2260000 16.0859
2270000 11.4865
2280000 8.37634
2290000 8.13248
2300000 7.77756
2310000 7.03632
2320000 15.1531
2330000 12.3466
2340000 7.87172
2350000 7.33201
2360000 7.67708
2370000 6.9629
2380000 6.76309
2390000 6.72921
2400000 6.68765
2410000 7.29102
2420000 7.21582
2430000 9.10221
2440000 8.98232
2450000 14.2872
2460000 12.3171
2470000 8.26968
2480000 7.68515
2490000 11.5293
2500000 8.34658
2510000 8.28156
2520000 7.75108
2530000 7.04376
2540000 15.1458
2550000 13.6122
2560000 7.91274
2570000 7.37324
2580000 7.56246
2590000 6.89604
2600000 6.6995
2610000 6.72719
2620000 6.67871
2630000 7.32442
2640000 7.20536
2650000 9.10161
2660000 9.57216
2670000 14.1148
2680000 9.42603
2690000 8.27537
2700000 7.65139
2710000 11.6045
2720000 8.42782
2730000 7.69218
2740000 7.68361
2750000 7.09824
2760000 15.3135
2770000 13.5518
2780000 7.85484
2790000 7.36679
2800000 8.21515
2810000 6.95086
2820000 6.66893
2830000 6.76538
2840000 6.62996
2850000 7.30584
2860000 7.11843
2870000 9.09692
2880000 9.45524
2890000 17.7194
2900000 9.41798
2910000 8.78656
2920000 8.25972
2930000 11.5265
2940000 8.2233
2950000 7.68469
2960000 7.80319
2970000 7.04751
2980000 15.3352
2990000 13.9724
3000000 7.85363
3010000 7.34393
3020000 8.41594
3030000 7.00514
3040000 6.69651
3050000 6.85418
3060000 6.64155
3070000 7.30644
3080000 7.08904
3090000 7.14385
3100000 9.40311
3110000 17.9352
3120000 9.30075
3130000 8.77241
3140000 8.20683
3150000 16.2824
3160000 8.2635
3170000 7.65107
3180000 8.22316
3190000 7.04374
3200000 15.3247
3210000 11.5127
3220000 8.44282
3230000 7.27914
3240000 8.29933
3250000 7.04742
3260000 6.85047
3270000 6.84816
3280000 6.64218
3290000 6.7236
3300000 7.1113
3310000 7.1598
3320000 9.40778
3330000 11.022
3340000 9.26006
3350000 9.79501
3360000 8.21206
3370000 16.245
3380000 7.91448
3390000 8.16014
3400000 8.19602
3410000 7.21185
3420000 26.5142
3430000 14.503
3440000 8.78828
3450000 7.24842
3460000 7.10025
3470000 7.2254
3480000 6.88229
3490000 6.68909
3500000 6.6491
3510000 6.6792
3520000 7.12762
3530000 7.16373
3540000 9.47054
3550000 7.42626
3560000 9.27898
3570000 9.67143
3580000 7.94538
3590000 16.2294
3600000 8.74948
3610000 8.22279
3620000 8.1971
3630000 7.46142
3640000 6.90893
3650000 24.052
3660000 9.67207
3670000 7.28399
3680000 7.16215
3690000 7.60106
3700000 6.86342
3710000 6.69969
3720000 6.61892
3730000 6.66151
3740000 7.1641
3750000 7.17011
3760000 10.4989
3770000 8.77692
3780000 14.2354
3790000 9.88693
3800000 7.96665
3810000 16.287
3820000 11.1594
3830000 8.3306
3840000 7.93945
3850000 7.83978
3860000 6.86869
3870000 24.0661
3880000 12.2162
3890000 7.364
3900000 7.18452
3910000 7.58723
3920000 6.86712
3930000 6.75016
3940000 6.61478
3950000 6.63789
3960000 7.19905
3970000 7.13841
3980000 10.4752
3990000 8.89506
4000000 14.0972
4010000 12.241
4020000 8.03262
4030000 16.2754
4040000 11.4254
4050000 8.31884
4060000 8.07166
4070000 7.70504
4080000 6.95344
4090000 15.1211
4100000 12.282
4110000 7.82009
4120000 7.23955
4130000 7.61276
4140000 6.88878
4150000 6.69978
4160000 6.66273
4170000 6.62777
4180000 7.2272
4190000 7.13412
4200000 9.04007
4210000 8.94052
4220000 14.2392
4230000 12.2497
4240000 8.19178
4250000 7.61059
4260000 11.4739
4270000 8.3127
4280000 8.23212
4290000 7.68429
4300000 6.96994
4310000 15.1248
4320000 13.5703
4330000 7.8631
4340000 7.30161
4350000 7.50383
4360000 6.88347
4370000 6.64047
4380000 6.66641
4390000 6.61915
4400000 7.23602
4410000 7.14634
4420000 9.04018
4430000 9.51635
4440000 14.07
4450000 9.34909
4460000 8.21879
4470000 7.58179
4480000 11.5519
4490000 8.31247
4500000 7.6361
4510000 7.62525
4520000 7.03605
4530000 15.2901
4540000 13.5181
4550000 7.80753
4560000 7.31644
4570000 8.1623
4580000 6.89457
4590000 6.62711
4600000 6.72273
4610000 6.58976
4620000 7.24672
4630000 7.06128
4640000 9.04447
4650000 9.41288
4660000 17.6906
4670000 9.34678
4680000 8.73023
4690000 8.19853
4700000 11.4837
4710000 8.1788
4720000 7.63216
4730000 7.75457
4740000 6.97656
4750000 15.3148
4760000 13.5186
4770000 7.80055
4780000 7.29647
4790000 8.36267
4800000 6.95498
4810000 6.6491
4820000 6.82595
4830000 6.58656
4840000 7.25096
4850000 7.04376
4860000 7.09381
4870000 9.36493
4880000 17.9075
4890000 9.26198
4900000 8.72651
4910000 8.15564
4920000 16.2567
4930000 8.22241
4940000 7.60253
4950000 8.1576
4960000 6.99028
4970000 15.302
4980000 11.4793
4990000 8.39443
5000000 7.2341
5010000 8.26379
5020000 6.99667
5030000 6.81678
5040000 6.8231
5050000 6.59374
5060000 7.28169
5070000 7.06841
5080000 7.11563
5090000 9.37005
5100000 10.9906
5110000 9.21294
5120000 9.75312
5130000 8.1654
5140000 16.1949
5150000 7.86983
5160000 8.12089
5170000 8.16247
5180000 7.12032
5190000 26.5049
5200000 14.4753
5210000 8.74854
5220000 7.20761
5230000 7.05574
5240000 7.0219
5250000 6.8356
5260000 6.6672
5270000 6.60457
5280000 6.64548
5290000 7.08594
5300000 7.12627
5310000 9.44109
5320000 7.39961
5330000 9.24157
5340000 9.63132
5350000 7.90224
5360000 16.2022
5370000 8.71078
5380000 8.18523
5390000 8.16506
5400000 7.41809
5410000 6.85739
5420000 24.0338
5430000 9.64483
5440000 7.24619
5450000 7.1283
5460000 7.57268
5470000 6.83147
5480000 6.67021
5490000 6.58375
5500000 6.62666
5510000 7.13044
5520000 7.12905
5530000 10.4681
5540000 8.75297
5550000 14.2091
5560000 9.84377
5570000 7.92385
5580000 16.2632
5590000 11.1275
5600000 8.30144
5610000 7.90591
5620000 7.79864
5630000 6.82924
5640000 24.0502
5650000 12.1873
5660000 7.32715
5670000 7.15226
5680000 7.57236
5690000 6.83703
5700000 6.66724
5710000 6.57029
5720000 6.60948
5730000 7.15771
5740000 7.10354
5750000 10.4639
5760000 8.6499
5770000 14.0725
5780000 12.2054
5790000 7.99685
5800000 16.2519
5810000 11.3964
5820000 8.295
5830000 8.04416
5840000 7.67092
5850000 6.91268
5860000 15.1072
5870000 12.2677
5880000 7.79667
5890000 7.2079
5900000 7.57849
5910000 6.84955
5920000 6.67296
5930000 6.65823
5940000 6.59806
5950000 7.19535
5960000 7.10377
5970000 9.016
5980000 8.92174
5990000 14.2201
6000000 12.2131
6010000 8.1533
6020000 7.57652
6030000 11.4469
6040000 8.29221
6050000 8.20952
6060000 7.67679
6070000 6.9347
6080000 15.1141
6090000 13.5499
6100000 7.84524
6110000 7.27939
6120000 7.4771
6130000 6.85197
6140000 6.61637
6150000 6.64134
6160000 6.58899
6170000 7.20812
6180000 7.11216
6190000 9.0124
6200000 9.48806
6210000 14.0497
6220000 9.30695
6230000 8.18979
6240000 7.54852
6250000 11.5269
6260000 8.28985
6270000 7.60699
6280000 7.5938
6290000 7.00154
6300000 15.2776
6310000 13.5
6320000 7.81284
6330000 7.28847
6340000 8.15453
6350000 6.86637
6360000 6.6052
6370000 6.70148
6380000 6.5655
6390000 7.21856
6400000 7.03328
6410000 9.01771
6420000 9.3998
6430000 17.6753
6440000 9.30501
6450000 8.70046
6460000 8.16558
6470000 11.458
6480000 8.16805
6490000 7.61104
6500000 7.72641
6510000 6.96645
6520000 15.3105
6530000 13.5013
6540000 7.77201
6550000 7.26919
6560000 8.37637
6570000 6.92558
6580000 6.61953
6590000 6.80979
6600000 6.5627
6610000 7.22157
6620000 7.02211
6630000 7.06643
6640000 9.35561
6650000 17.916
6660000 9.2259
6670000 8.69601
6680000 8.12584
6690000 16.2413
6700000 8.20283
6710000 7.5765
6720000 8.13025
6730000 6.96105
6740000 15.2903
6750000 11.4576
6760000 8.36994
6770000 7.20524
6780000 8.23819
6790000 6.96962
6800000 6.80029
6810000 6.81608
6820000 6.569
6830000 7.24805
6840000 7.04668
6850000 7.09354
6860000 9.35023
6870000 10.9741
6880000 9.19237
6890000 9.73276
6900000 8.13586
6910000 16.1919
6920000 7.84494
6930000 8.09647
6940000 8.14449
6950000 6.96487
6960000 26.4984
6970000 14.461
6980000 8.72404
6990000 7.18628
7000000 7.03618
7010000 6.99786
7020000 6.81556
7030000 6.65018
7040000 6.57339
7050000 6.62054
7060000 7.0654
7070000 7.10542
7080000 9.42838
7090000 7.4363
7100000 9.21776
7110000 9.60631
7120000 7.88081
7130000 16.1886
7140000 8.69214
7150000 8.16578
7160000 8.15315
7170000 7.39165
7180000 6.83333
7190000 24.0178
7200000 9.63643
7210000 7.2307
7220000 7.10835
7230000 7.27942
7240000 6.81262
7250000 6.65335
7260000 6.56414
7270000 6.60979
7280000 7.09656
7290000 7.10837
7300000 10.4485
7310000 8.73952
7320000 14.1966
7330000 9.81599
7340000 7.9018
7350000 16.2495
7360000 11.1108
7370000 8.2846
7380000 7.88966
7390000 7.75888
7400000 6.81047
7410000 24.0441
7420000 12.1661
7430000 7.3066
7440000 7.1365
7450000 7.559
7460000 6.82149
7470000 6.65482
7480000 6.55254
7490000 6.59507
7500000 7.13961
7510000 7.08556
7520000 10.4456
7530000 8.63436
7540000 14.0568
7550000 12.1858
7560000 7.94462
7570000 16.2385
7580000 11.3789
7590000 8.28506
7600000 8.02277
7610000 7.64398
7620000 6.88974
7630000 15.0989
7640000 12.2524
7650000 7.78476
7660000 7.17351
7670000 7.55939
7680000 6.83277
7690000 6.6572
7700000 6.64236
7710000 6.58421
7720000 7.17778
7730000 7.08663
7740000 9.00237
7750000 8.90984
7760000 14.2018
7770000 12.1974
7780000 8.13146
7790000 7.55492
7800000 11.4288
7810000 8.28662
7820000 8.2002
7830000 7.65338
7840000 6.91229
7850000 15.1084
7860000 13.5387
7870000 7.8276
7880000 7.26138
7890000 7.46105
7900000 6.82658
7910000 6.60765
7920000 6.62517
7930000 6.57296
7940000 7.18997
7950000 7.09551
7960000 8.99812
7970000 9.47057
7980000 14.0329
7990000 9.28073
8000000 8.16923
8010000 7.54957
8020000 11.4123
8030000 8.27628
8040000 7.58816
8050000 7.57576
8060000 6.98118
8070000 15.2534
8080000 13.4156
8090000 7.79838
8100000 7.27303
8110000 8.13832
8120000 6.84813
8130000 6.59189
8140000 6.69426
8150000 6.54916
8160000 7.20134
8170000 7.01743
8180000 9.00147
8190000 9.3844
8200000 17.6665
8210000 9.27975
8220000 8.68441
8230000 8.14497
8240000 11.4412
8250000 8.20085
8260000 7.59366
8270000 7.71022
8280000 6.94784
8290000 15.3033
8300000 13.4909
8310000 7.76198
8320000 7.26042
8330000 8.35771
8340000 6.9191
8350000 6.60867
8360000 6.80141
8370000 6.55004
8380000 7.2015
8390000 7.00923
8400000 7.05611
8410000 9.34095
8420000 17.8518
8430000 9.20432
8440000 8.68126
8450000 8.10553
8460000 16.2271
8470000 8.19123
8480000 7.55864
8490000 8.11612
8500000 6.94443
8510000 15.2826
8520000 11.4442
8530000 8.35261
8540000 7.18644
8550000 8.22437
8560000 6.952
8570000 6.79088
8580000 6.79689
8590000 6.5543
8600000 7.23137
8610000 7.03557
8620000 7.08021
8630000 9.33407
8640000 10.967
8650000 9.17224
8660000 9.72484
8670000 8.1188
8680000 16.1781
8690000 7.82985
8700000 7.49078
8710000 8.12655
8720000 6.9503
8730000 26.5238
8740000 14.4525
8750000 8.7099
8760000 7.21035
8770000 7.02429
8780000 6.98324
8790000 6.80465
8800000 6.64705
8810000 6.5571
8820000 6.64092
8830000 7.05169
8840000 7.09431
8850000 9.38799
8860000 7.42954
8870000 9.20351
8880000 9.58795
8890000 7.86381
8900000 16.1824
8910000 8.68964
8920000 8.15706
8930000 8.13922
8940000 7.37415
8950000 6.81677
8960000 24.0106
8970000 9.62006
8980000 7.21701
8990000 7.09541
9000000 7.26472
9010000 6.80182
9020000 6.64126
9030000 6.55279
9040000 6.59915
9050000 7.08272
9060000 7.09907
9070000 10.4357
9080000 8.76024
9090000 14.1865
9100000 9.79727
9110000 7.88982
9120000 16.2096
9130000 11.097
9140000 8.17007
9150000 7.8788
9160000 7.74455
9170000 6.79405
9180000 24.0374
9190000 12.1532
9200000 7.29176
9210000 7.12528
9220000 7.54635
9230000 6.81141
9240000 6.64932
9250000 6.54398
9260000 6.58339
9270000 7.13002
9280000 7.0759
9290000 10.433
9300000 8.61323
9310000 14.0474
9320000 12.1693
9330000 7.92511
9340000 16.2326
9350000 11.3751
9360000 8.2769
9370000 7.89474
9380000 7.62774
9390000 6.87447
9400000 15.1024
9410000 12.141
9420000 7.77233
9430000 7.15952
9440000 7.54703
9450000 6.82358
9460000 6.64875
9470000 6.63375
9480000 6.57319
9490000 7.16602
9500000 7.07488
9510000 8.99084
9520000 8.89906
9530000 14.0996
9540000 12.1852
9550000 8.11703
9560000 7.54047
9570000 11.4178
9580000 8.29766
9590000 8.19403
9600000 7.63781
9610000 6.87239
9620000 15.1043
9630000 13.532
9640000 7.82845
9650000 7.25086
9660000 7.44213
9670000 6.81344
9680000 6.59847
9690000 6.61756
9700000 6.55922
9710000 7.16097
9720000 7.08994
9730000 8.98404
9740000 9.45191
9750000 14.0238
9760000 9.2605
9770000 8.15523
9780000 7.53918
9790000 11.3983
9800000 8.26657
9810000 7.5745
9820000 7.56241
9830000 6.96935
9840000 15.2489
9850000 13.4048
9860000 7.78888
9870000 7.26157
9880000 8.16478
9890000 6.83426
9900000 6.5834
9910000 6.68489
9920000 6.55074
9930000 7.19029
9940000 7.00665
9950000 8.98827
9960000 9.37423
9970000 14.047
9980000 9.26164
9990000 8.66817
10000000 8.12592
