10000 226.917
20000 192.902
30000 106.118
40000 73.5266
50000 58.6424
60000 49.1284
70000 50.1571
80000 37.9189
90000 42.0202
100000 41.9143
110000 39.4703
120000 35.834
130000 50.8009
140000 32.8245
150000 40.5152
160000 31.5742
170000 39.2202
180000 28.6413
190000 39.1215
200000 82.8007
210000 36.5888
220000 58.6138
230000 32.8891
240000 39.5705
250000 31.912
260000 37.9859
270000 31.41
280000 35.0922
290000 30.6158
300000 34.004
310000 30.2808
320000 50.1513
330000 29.8228
340000 43.4151
350000 29.409
360000 36.4108
370000 29.552
380000 33.4565
390000 31.2019
400000 32.729
410000 30.5477
420000 30.7493
430000 40.1026
440000 112.496
450000 48.4731
460000 78.1281
470000 49.8421
480000 46.061
490000 41.1103
500000 42.519
510000 35.165
520000 40.4557
530000 30.4191
540000 36.5952
550000 44.0384
560000 36.7536
570000 32.8141
580000 49.6949
590000 30.4714
600000 38.7245
610000 28.9114
620000 38.3555
630000 27.6247
640000 37.098
650000 82.5091
660000 32.0167
670000 58.2489
680000 31.4241
690000 37.3228
700000 31.207
710000 35.7805
720000 30.1165
730000 33.6943
740000 30.2291
750000 50.5101
760000 29.5375
770000 45.8496
780000 28.8626
790000 43.2083
800000 29.0174
810000 35.4967
820000 31.5323
830000 32.6837
840000 30.5537
850000 111.913
860000 40.7245
870000 30.5002
880000 53.0738
890000 44.3403
900000 48.0761
910000 76.9444
920000 46.959
930000 46.2166
940000 41.0355
950000 42.1657
960000 35.3299
970000 38.2042
980000 39.0023
990000 36.2388
1000000 41.6491
1010000 35.5904
1020000 32.8247
1030000 40.3122
1040000 29.9189
1050000 38.1429
1060000 28.4921
1070000 37.5697
1080000 82.3894
1090000 35.6988
1100000 57.6632
1110000 31.5891
1120000 38.6013
1130000 31.3286
1140000 37.7699
1150000 30.7223
1160000 35.1484
1170000 30.0803
1180000 33.8636
1190000 29.8412
1200000 50.5885
1210000 29.332
1220000 42.6603
1230000 29.5752
1240000 45.4412
1250000 28.7158
1260000 34.1357
1270000 30.6618
1280000 32.1357
1290000 29.8679
1300000 30.5658
1310000 40.3383
1320000 112.627
1330000 48.3492
1340000 97.961
1350000 53.9043
1360000 76.4719
1370000 28.3628
1380000 42.1676
1390000 36.0264
1400000 41.3872
1410000 30.8212
1420000 36.5107
1430000 43.9461
1440000 36.2067
1450000 33.5865
1460000 49.697
1470000 31.0304
1480000 38.4813
1490000 29.0807
1500000 37.2801
1510000 27.789
1520000 37.4075
1530000 83.0156
1540000 32.8616
1550000 58.2837
1560000 31.6876
1570000 38.8842
1580000 30.9864
1590000 35.5488
1600000 29.9274
1610000 35.4125
1620000 30.0298
1630000 89.2686
1640000 29.7477
1650000 45.3517
1660000 29.2998
1670000 43.0363
1680000 28.981
1690000 36.0969
1700000 29.3808
1710000 33.1941
1720000 30.8818
1730000 112.337
1740000 29.9531
1750000 30.4492
1760000 53.6694
1770000 112.514
1780000 48.0688
1790000 77.6741
1800000 48.7375
1810000 44.6111
1820000 40.6462
1830000 42.0497
1840000 34.8932
1850000 38.3761
1860000 30.6093
1870000 36.0412
1880000 43.8885
1890000 36.407
1900000 32.9515
1910000 45.8152
1920000 30.2607
1930000 38.1442
1940000 29.2448
1950000 37.6243
1960000 70.1686
1970000 36.8052
1980000 82.7329
1990000 31.741
2000000 58.1018
2010000 31.1358
2020000 38.1397
2030000 31.1725
2040000 35.3952
2050000 29.959
2060000 33.998
2070000 30.0814
2080000 50.286
2090000 29.8737
2100000 43.1025
2110000 28.927
2120000 43.1433
2130000 28.8543
2140000 34.5381
2150000 31.4976
2160000 31.7761
2170000 30.4848
2180000 30.7376
2190000 40.4715
2200000 30.3307
2210000 53.4192
2220000 44.3199
2230000 48.2871
2240000 77.0622
2250000 28.722
2260000 46.5771
2270000 35.7513
2280000 42.0703
2290000 35.1351
2300000 37.0208
2310000 39.0531
2320000 36.1046
2330000 41.6902
2340000 49.5163
2350000 32.8943
2360000 39.6189
2370000 30.1167
2380000 37.7887
2390000 28.029
2400000 37.3715
2410000 83.1401
2420000 35.2866
2430000 57.8265
2440000 31.5855
2450000 38.1405
2460000 30.936
2470000 37.8812
2480000 30.6861
2490000 35.0747
2500000 30.2545
2510000 33.9339
2520000 29.9501
2530000 50.2239
2540000 29.0763
2550000 42.6938
2560000 29.1845
2570000 45.2856
2580000 29.3237
2590000 33.3933
2600000 30.7717
2610000 32.4551
2620000 29.7475
2630000 30.5343
2640000 39.9808
2650000 112.48
2660000 48.4682
2670000 77.9281
2680000 51.6073
2690000 45.9311
2700000 119.649
2710000 41.873
2720000 35.8233
2730000 40.813
2740000 30.9924
2750000 36.1027
2760000 44.2086
2770000 36.3433
2780000 33.8758
2790000 50.0062
2800000 31.3039
2810000 38.534
2820000 29.135
2830000 37.354
2840000 28.0378
2850000 37.1473
2860000 83.2807
2870000 32.5836
2880000 58.3478
2890000 31.3575
2900000 37.2549
2910000 31.3179
2920000 36.1584
2930000 30.0168
2940000 35.417
2950000 30.2628
2960000 48.8793
2970000 29.8926
2980000 45.5665
2990000 28.9771
3000000 43.0867
3010000 29.0763
3020000 35.8122
3030000 29.2158
3040000 33.0685
3050000 30.8941
3060000 111.914
3070000 29.371
3080000 30.5774
3090000 53.1954
3100000 44.306
3110000 48.0493
3120000 83.139
3130000 47.1167
3140000 44.6853
3150000 40.6532
3160000 41.828
3170000 35.0426
3180000 38.2548
3190000 30.4756
3200000 36.0276
3210000 44.0282
3220000 35.4947
3230000 33.229
3240000 40.08
3250000 30.3872
3260000 38.1624
3270000 29.334
3280000 37.3392
3290000 82.7537
3300000 35.5913
3310000 82.723
3320000 31.6532
3330000 38.1095
3340000 31.215
3350000 37.6526
3360000 31.0077
3370000 35.5188
3380000 29.9633
3390000 33.9549
3400000 30.1408
3410000 50.344
3420000 29.7997
3430000 43.328
3440000 29.0938
3450000 43.0591
3460000 28.7323
3470000 34.6266
3480000 30.7212
3490000 31.8196
3500000 29.8506
3510000 30.7662
3520000 40.4117
3530000 30.3117
3540000 48.6491
3550000 98.048
3560000 48.9188
3570000 76.6668
3580000 28.6166
3590000 41.9906
3600000 35.8857
3610000 42.2453
3620000 31.1315
3630000 36.7565
3640000 39.199
3650000 35.8091
3660000 33.8664
3670000 49.9076
3680000 31.1687
3690000 38.7752
3700000 30.2399
3710000 37.6938
3720000 28.2388
3730000 37.4997
3740000 83.2857
3750000 35.1829
3760000 58.746
3770000 31.7014
3780000 38.3557
3790000 30.9208
3800000 37.3818
3810000 30.517
3820000 34.8507
3830000 30.3234
3840000 33.4625
3850000 29.9498
3860000 49.5866
3870000 29.5793
3880000 43.1313
3890000 29.0559
3900000 36.299
3910000 29.846
3920000 33.1783
3930000 31.0167
3940000 32.547
3950000 30.0698
3960000 30.3073
3970000 39.992
3980000 112.486
3990000 48.4844
4000000 77.8729
4010000 49.4719
4020000 45.3946
4030000 40.6897
4040000 41.8567
4050000 34.9575
4060000 39.7483
4070000 30.7629
4080000 36.0444
4090000 44.1528
4100000 36.3528
4110000 33.1906
4120000 46.3254
4130000 30.6003
4140000 38.4573
4150000 29.3074
4160000 38.0149
4170000 28.1195
4180000 36.6124
4190000 83.0586
4200000 31.7355
4210000 58.5037
4220000 31.3086
4230000 37.1519
4240000 31.3618
4250000 35.6647
4260000 30.0514
4270000 33.5466
4280000 30.4101
4290000 50.2367
4300000 29.848
4310000 45.8378
4320000 29.0629
4330000 43.1984
4340000 28.9509
4350000 35.7057
4360000 31.5837
4370000 32.5789
4380000 30.487
4390000 111.65
4400000 40.4149
4410000 30.3324
4420000 53.3325
4430000 44.1666
4440000 48.2688
4450000 76.7721
4460000 46.9943
4470000 45.9299
4480000 40.6664
4490000 41.8046
4500000 35.1554
4510000 37.7893
4520000 39.2197
4530000 35.7836
4540000 41.9628
4550000 35.4573
4560000 33.2599
4570000 40.1066
4580000 30.2967
4590000 38.0563
4600000 28.9442
4610000 37.3402
4620000 82.8663
4630000 35.4557
4640000 57.999
4650000 31.5338
4660000 38.0547
4670000 31.5202
4680000 37.6955
4690000 30.8877
4700000 35.3607
4710000 30.2716
4720000 33.8805
4730000 30.174
4740000 50.4979
4750000 29.6017
4760000 42.6159
4770000 29.7785
4780000 45.5366
4790000 28.7911
4800000 34.303
4810000 30.7473
4820000 32.1987
4830000 30.0278
4840000 30.6589
4850000 40.2441
4860000 112.592
4870000 48.7733
4880000 98.0487
4890000 54.1243
4900000 76.3939
4910000 28.5204
4920000 41.921
4930000 36.0637
4940000 40.9128
4950000 31.0713
4960000 36.1986
4970000 44.1609
4980000 36.0034
4990000 33.8307
5000000 49.9258
5010000 31.2763
5020000 38.5612
5030000 29.2722
5040000 37.2905
5050000 28.3115
5060000 37.2595
5070000 83.4804
5080000 33.0052
5090000 58.5504
5100000 31.6339
5110000 38.6185
5120000 31.4456
5130000 35.5133
5140000 30.0182
5150000 35.4346
5160000 30.2738
5170000 89.2515
5180000 30.0574
5190000 45.2941
5200000 29.5998
5210000 43.0516
5220000 29.0889
5230000 36.3255
5240000 29.6298
5250000 33.2086
5260000 30.8714
5270000 112.155
5280000 29.9697
5290000 30.4442
5300000 53.836
5310000 112.562
5320000 48.3068
5330000 77.6432
5340000 48.9133
5350000 44.5091
5360000 40.569
5370000 41.886
5380000 34.9708
5390000 38.1234
5400000 30.9705
5410000 35.9161
5420000 44.0564
5430000 36.2944
5440000 33.2951
5450000 45.8696
5460000 30.4976
5470000 38.1455
5480000 29.5892
5490000 37.5237
5500000 70.5118
5510000 36.6723
5520000 83.1517
5530000 31.7772
5540000 58.3292
5550000 31.2689
5560000 38.1024
5570000 31.3503
5580000 35.4827
5590000 30.1779
5600000 33.986
5610000 30.3272
5620000 50.4296
5630000 30.246
5640000 43.0307
5650000 29.1241
5660000 43.1687
5670000 28.8988
5680000 34.6072
5690000 31.5136
5700000 31.8729
5710000 29.9434
5720000 30.8743
5730000 40.3785
5740000 30.4139
5750000 53.6636
5760000 44.349
5770000 48.5359
5780000 76.9676
5790000 28.8197
5800000 46.5212
5810000 35.7047
5820000 41.9285
5830000 35.175
5840000 36.8499
5850000 39.2744
5860000 35.9308
5870000 41.9228
5880000 49.6026
5890000 33.8895
5900000 39.53
5910000 30.3225
5920000 37.8529
5930000 28.4266
5940000 37.2684
5950000 83.5656
5960000 35.2254
5970000 58.0959
5980000 31.6507
5990000 38.0333
6000000 31.1011
6010000 37.8742
6020000 30.8824
6030000 35.2353
6040000 30.3759
6050000 34.0076
6060000 30.1574
6070000 49.9085
6080000 29.2472
6090000 42.6829
6100000 29.4546
6110000 45.3425
6120000 29.3692
6130000 33.5611
6140000 30.8144
6150000 32.6388
6160000 29.8622
6170000 30.6115
6180000 39.9491
6190000 112.515
6200000 48.7009
6210000 77.8419
6220000 51.7762
6230000 45.7568
6240000 119.961
6250000 41.7582
6260000 35.8222
6270000 40.5588
6280000 31.139
6290000 35.9777
6300000 44.3373
6310000 36.2516
6320000 34.1364
6330000 50.1292
6340000 31.5148
6350000 38.5742
6360000 29.326
6370000 37.3845
6380000 28.3732
6390000 37.1077
6400000 83.6227
6410000 32.5689
6420000 58.498
6430000 31.4263
6440000 37.2009
6450000 31.488
6460000 36.1048
6470000 30.1097
6480000 35.4231
6490000 30.5172
6500000 48.8085
6510000 30.0801
6520000 45.53
6530000 29.1766
6540000 43.0675
6550000 29.2285
6560000 35.9266
6570000 29.3931
6580000 33.1562
6590000 30.9611
6600000 111.798
6610000 29.5156
6620000 30.6614
6630000 53.3769
6640000 44.3378
6650000 48.2459
6660000 83.1249
6670000 47.2502
6680000 44.554
6690000 40.6814
6700000 41.7465
6710000 35.0498
6720000 38.1745
6730000 30.6976
6740000 35.9683
6750000 44.1754
6760000 35.441
6770000 33.4608
6780000 39.9611
6790000 30.5932
6800000 38.1217
6810000 29.6165
6820000 36.8471
6830000 83.0085
6840000 35.5473
6850000 83.0403
6860000 31.586
6870000 38.1486
6880000 31.3751
6890000 37.7095
6900000 31.0359
6910000 35.5752
6920000 30.1087
6930000 33.9815
6940000 30.3547
6950000 50.3479
6960000 30.0131
6970000 43.2888
6980000 29.4577
6990000 43.0809
7000000 28.8175
7010000 34.6529
7020000 30.7837
7030000 31.9198
7040000 29.9304
7050000 30.8867
7060000 40.3629
7070000 30.422
7080000 48.7969
7090000 98.0907
7100000 49.0915
7110000 76.6396
7120000 28.7262
7130000 41.9008
7140000 35.9239
7150000 42.1771
7160000 31.3189
7170000 36.6721
7180000 39.3066
7190000 35.7356
7200000 34.0571
7210000 49.9909
7220000 31.3149
7230000 38.8015
7240000 30.404
7250000 37.7068
7260000 28.5518
7270000 37.244
7280000 83.5952
7290000 35.1181
7300000 59.0034
7310000 31.783
7320000 38.2054
7330000 31.0824
7340000 37.3979
7350000 30.6468
7360000 34.9375
7370000 30.4261
7380000 33.5296
7390000 30.1351
7400000 49.5736
7410000 29.7948
7420000 43.1231
7430000 29.232
7440000 36.3776
7450000 29.8767
7460000 33.2997
7470000 31.0241
7480000 32.6951
7490000 30.2127
7500000 30.3842
7510000 40.0575
7520000 112.505
7530000 48.6398
7540000 78.0386
7550000 49.6054
7560000 45.3033
7570000 40.6579
7580000 41.7826
7590000 35.0254
7600000 39.597
7610000 31.1157
7620000 36.0185
7630000 44.255
7640000 36.311
7650000 33.4106
7660000 46.3511
7670000 30.7473
7680000 38.4514
7690000 29.5337
7700000 38.1007
7710000 70.6783
7720000 36.5763
7730000 83.29
7740000 31.768
7750000 58.5938
7760000 31.385
7770000 37.1815
7780000 31.5037
7790000 35.6767
7800000 30.1534
7810000 33.5828
7820000 30.5395
7830000 50.2174
7840000 30.0487
7850000 45.8336
7860000 29.2422
7870000 43.2401
7880000 29.0122
7890000 35.8616
7900000 31.6399
7910000 32.6355
7920000 30.5406
7930000 111.583
7940000 40.4309
7950000 30.3845
7960000 53.4748
7970000 44.2009
7980000 48.425
7990000 76.7304
8000000 47.1053
8010000 45.9116
8020000 40.5861
8030000 41.7404
8040000 35.1995
8050000 37.6487
8060000 39.3378
8070000 35.7122
8080000 42.1101
8090000 35.4316
8100000 33.4594
8110000 40.0218
8120000 30.4087
8130000 38.0153
8140000 29.1516
8150000 37.3467
8160000 83.1036
8170000 35.415
8180000 58.1193
8190000 31.5633
8200000 38.042
8210000 31.6565
8220000 37.7138
8230000 30.9802
8240000 35.4676
8250000 30.4097
8260000 33.9412
8270000 30.3367
8280000 50.5156
8290000 29.729
8300000 42.6378
8310000 29.9116
8320000 45.5506
8330000 28.8706
8340000 34.4167
8350000 30.8477
8360000 32.1053
8370000 30.1205
8380000 30.7419
8390000 40.2608
8400000 112.584
8410000 48.9159
8420000 98.0744
8430000 54.2723
8440000 76.3891
8450000 28.6605
8460000 41.8657
8470000 36.1023
8480000 40.745
8490000 31.2101
8500000 36.1072
8510000 44.2597
8520000 35.972
8530000 33.9963
8540000 49.9937
8550000 31.4006
8560000 38.5429
8570000 29.3895
8580000 37.3237
8590000 28.5518
8600000 37.2447
8610000 83.6938
8620000 33.0419
8630000 58.6911
8640000 31.6711
8650000 38.5756
8660000 31.5226
8670000 36.0651
8680000 30.0948
8690000 35.4365
8700000 30.4101
8710000 89.2739
8720000 30.2104
8730000 45.2603
8740000 29.6883
8750000 43.0754
8760000 29.1867
8770000 36.4759
8780000 29.7032
8790000 33.2523
8800000 30.9193
8810000 112.115
8820000 30.1141
8830000 30.4668
8840000 53.2808
8850000 112.583
8860000 48.4366
8870000 77.6493
8880000 49.0311
8890000 44.4627
8900000 40.5763
8910000 41.8698
8920000 35.0377
8930000 38.0343
8940000 31.1513
8950000 35.9038
8960000 44.1733
8970000 36.2644
8980000 33.4755
8990000 45.8925
9000000 30.61
9010000 38.1193
9020000 29.7771
9030000 37.5358
9040000 70.6922
9050000 35.7578
9060000 83.3251
9070000 31.8173
9080000 58.4026
9090000 31.3105
9100000 38.098
9110000 31.4697
9120000 35.5226
9130000 30.2451
9140000 34.0147
9150000 30.4407
9160000 50.4385
9170000 30.4114
9180000 42.9867
9190000 29.2711
9200000 43.2275
9210000 28.9855
9220000 34.7712
9230000 31.5382
9240000 31.9613
9250000 30.0289
9260000 30.972
9270000 40.4009
9280000 30.4558
9290000 53.7885
9300000 44.3652
9310000 48.723
9320000 76.9333
9330000 28.7696
9340000 46.4623
9350000 35.7774
9360000 41.9464
9370000 35.2597
9380000 36.7637
9390000 39.3871
9400000 35.8772
9410000 42.0431
9420000 49.6469
9430000 34.0349
9440000 39.4139
9450000 30.3858
9460000 37.8603
9470000 28.6318
9480000 37.2419
9490000 83.732
9500000 35.1853
9510000 58.2223
9520000 31.6995
9530000 38.0837
9540000 31.2101
9550000 37.9932
9560000 31.0065
9570000 35.3122
9580000 30.4001
9590000 34.0532
9600000 30.2681
9610000 49.9329
9620000 29.414
9630000 42.7115
9640000 29.6941
9650000 45.4279
9660000 29.3957
9670000 33.6091
9680000 30.8599
9690000 32.7738
9700000 29.9859
9710000 30.6409
9720000 40.008
9730000 112.524
9740000 48.8064
9750000 77.8373
9760000 51.8833
9770000 45.6082
9780000 120.097
9790000 41.7169
9800000 35.8564
9810000 40.4268
9820000 31.066
9830000 35.9433
9840000 44.4384
9850000 36.2324
9860000 34.2779
9870000 50.1501
9880000 31.6226
9890000 38.5439
9900000 29.4465
9910000 37.3829
9920000 28.5523
9930000 37.1315
9940000 83.7863
9950000 32.5444
9960000 58.5988
9970000 31.4925
9980000 37.2054
9990000 31.5911
10000000 36.1008
10010000 30.2169
10020000 35.4869
10030000 30.5807
10040000 48.798
10050000 30.1949
10060000 45.5297
10070000 29.312
10080000 43.0995
10090000 29.3049
10100000 36.0576
10110000 29.5287
10120000 33.239
10130000 31.024
10140000 111.76
10150000 29.6414
10160000 30.7003
10170000 53.4782
10180000 44.3568
10190000 48.3179
10200000 83.1229
10210000 47.8656
10220000 44.5182
10230000 40.7357
10240000 41.7209
10250000 35.1601
10260000 38.0685
10270000 30.8385
10280000 35.9551
10290000 44.2047
10300000 35.4135
10310000 33.601
10320000 39.8762
10330000 30.672
10340000 38.0754
10350000 29.7756
10360000 36.8553
10370000 83.1412
10380000 35.542
10390000 83.2064
10400000 31.5947
10410000 38.1907
10420000 31.4276
10430000 37.7445
10440000 31.161
10450000 35.5735
10460000 30.1751
10470000 34.0139
10480000 30.4401
10490000 50.3746
10500000 30.1657
10510000 43.3057
10520000 29.5694
10530000 43.1047
10540000 28.9086
10550000 34.7061
10560000 30.8079
10570000 31.9932
10580000 30.0208
10590000 30.9473
10600000 40.2163
10610000 30.4736
10620000 48.8885
10630000 98.0889
10640000 49.1849
10650000 76.6247
10660000 28.8175
10670000 41.8571
10680000 35.9535
10690000 42.1501
10700000 31.4371
10710000 36.613
10720000 39.3731
10730000 35.7112
10740000 34.1773
10750000 50.0003
10760000 31.4175
10770000 38.7224
10780000 30.5028
10790000 37.6829
10800000 28.7496
10810000 37.1514
10820000 83.761
10830000 35.092
10840000 59.0875
10850000 31.8241
10860000 38.1618
10870000 31.1775
10880000 37.4906
10890000 30.7494
10900000 34.9631
10910000 30.4419
10920000 33.5753
10930000 30.2269
10940000 49.6011
10950000 29.9048
10960000 43.1589
10970000 29.3512
10980000 36.5182
10990000 29.9016
11000000 33.3698
11010000 31.0723
11020000 32.8566
11030000 30.3324
11040000 30.0721
11050000 40.0901
11060000 112.51
11070000 48.726
11080000 78.0315
11090000 49.7047
11100000 45.2876
11110000 40.6842
11120000 41.7537
11130000 35.1035
11140000 39.5019
11150000 31.2435
11160000 36.0172
11170000 44.3159
11180000 36.2969
11190000 33.559
11200000 46.3382
11210000 30.8426
11220000 38.4063
11230000 29.6681
11240000 38.0973
11250000 70.8091
11260000 36.5555
11270000 83.4194
11280000 31.9285
11290000 58.6652
11300000 31.4613
11310000 38.3023
11320000 31.588
11330000 35.7296
11340000 30.2492
11350000 33.5825
11360000 30.5977
11370000 50.2307
11380000 30.1877
11390000 45.8478
11400000 29.3635
11410000 43.2753
11420000 29.0501
11430000 35.9609
11440000 31.6564
11450000 32.6818
11460000 30.6289
11470000 111.556
11480000 40.4803
11490000 30.4123
11500000 53.5622
11510000 44.2164
11520000 48.5089
11530000 76.7123
11540000 47.1969
11550000 45.8967
11560000 40.5416
11570000 41.7158
11580000 35.2448
11590000 37.4519
11600000 39.4135
11610000 35.6753
11620000 42.2813
11630000 35.6474
11640000 33.5803
11650000 39.9693
11660000 30.4807
11670000 37.961
11680000 29.2658
11690000 37.3777
11700000 83.2383
11710000 35.3923
11720000 58.18
11730000 31.5951
11740000 38.0973
11750000 31.7302
11760000 37.7472
11770000 31.0883
11780000 35.5473
11790000 30.4911
11800000 33.9829
11810000 30.4128
11820000 50.5305
11830000 29.8336
11840000 42.6494
11850000 30.0005
11860000 45.6144
11870000 28.9143
11880000 34.3791
11890000 30.9394
11900000 32.1845
11910000 30.231
11920000 30.7993
11930000 40.2987
11940000 112.548
11950000 49
11960000 98.128
11970000 54.3359
11980000 76.4798
11990000 28.7588
12000000 41.7205
12010000 36.1407
12020000 40.6253
12030000 31.3666
12040000 36.0514
12050000 44.329
12060000 35.9593
12070000 34.1139
12080000 50.012
12090000 31.4847
12100000 38.5283
12110000 29.4445
12120000 37.3446
12130000 28.7045
12140000 37.2543
12150000 83.8126
12160000 33.0457
12170000 58.7779
12180000 31.6957
12190000 38.5149
12200000 31.5739
12210000 36.0494
12220000 30.1595
12230000 35.4526
12240000 30.4876
12250000 89.3001
12260000 30.2859
12270000 45.2521
12280000 29.7506
12290000 43.0686
12300000 29.2732
12310000 36.5695
12320000 29.7616
12330000 33.3224
12340000 30.9405
12350000 112.082
12360000 30.2262
12370000 30.4913
12380000 53.3571
12390000 112.589
12400000 48.5177
12410000 77.6526
12420000 49.1078
12430000 44.4243
12440000 40.5992
12450000 41.862
12460000 35.0843
12470000 37.9219
12480000 31.2975
12490000 35.8952
12500000 44.2559
12510000 36.2644
12520000 33.5938
12530000 45.8461
12540000 30.6842
12550000 37.9994
12560000 29.8948
12570000 37.5108
12580000 70.8201
12590000 35.7397
12600000 83.4445
12610000 31.7118
12620000 58.4542
12630000 31.3579
12640000 38.1314
12650000 31.5473
12660000 35.6338
12670000 30.3183
12680000 34.0461
12690000 30.4779
12700000 50.4095
12710000 30.5872
12720000 42.9703
12730000 29.353
12740000 43.2677
12750000 29.0204
12760000 34.8261
12770000 31.5433
12780000 32.0226
12790000 30.1034
12800000 31.0034
12810000 40.4438
12820000 30.4749
12830000 53.8674
12840000 44.3715
12850000 48.796
12860000 76.9135
12870000 28.8784
12880000 46.4427
12890000 35.8468
12900000 42.2071
12910000 35.3225
12920000 36.7098
12930000 39.4776
12940000 35.8472
12950000 42.0519
12960000 49.6799
12970000 34.1299
12980000 39.219
12990000 30.4496
13000000 37.8544
13010000 28.7869
13020000 37.2001
13030000 83.8399
13040000 35.1703
13050000 58.2872
13060000 31.7408
13070000 38.1358
13080000 31.2614
13090000 37.9833
13100000 31.1435
13110000 35.363
13120000 30.4254
13130000 34.0778
13140000 30.5352
13150000 49.9708
13160000 29.429
13170000 42.7358
13180000 29.8737
13190000 38.4354
13200000 29.4327
13210000 33.6314
13220000 30.8676
13230000 32.8655
13240000 30.1032
13250000 30.6804
13260000 40.057
13270000 112.543
13280000 48.8834
13290000 77.8558
13300000 49.6447
13310000 45.5895
13320000 120.186
13330000 41.6847
13340000 35.8932
13350000 40.337
13360000 31.1464
13370000 35.9377
13380000 44.5055
13390000 36.2337
13400000 34.4008
13410000 50.1531
13420000 31.712
13430000 38.4859
13440000 29.532
13450000 37.3683
13460000 28.6633
13470000 37.1383
13480000 83.8843
13490000 32.5103
13500000 58.629
13510000 31.5436
13520000 37.2213
13530000 31.6513
13540000 36.0778
13550000 30.2445
13560000 35.437
13570000 30.6277
13580000 48.7987
13590000 30.2418
13600000 46.0407
13610000 29.3945
13620000 43.1242
13630000 29.3424
13640000 36.1575
13650000 29.599
13660000 33.2985
13670000 31.0575
13680000 111.576
13690000 29.7472
13700000 30.7218
13710000 53.5299
13720000 44.3696
13730000 48.3936
13740000 83.1104
13750000 47.9101
13760000 44.5164
13770000 40.758
13780000 41.7064
13790000 35.2546
13800000 37.9987
13810000 30.9392
13820000 35.9465
13830000 44.2713
13840000 35.4287
13850000 33.7004
13860000 39.7872
13870000 30.7407
13880000 38.1517
13890000 29.8814
13900000 36.8077
13910000 83.2314
13920000 35.5275
13930000 83.3123
13940000 31.6103
13950000 38.2414
13960000 31.4496
13970000 37.8068
13980000 31.2244
13990000 35.5684
14000000 30.2034
14010000 34.0415
14020000 30.4502
14030000 50.4006
14040000 30.2233
14050000 43.3245
14060000 29.6462
14070000 43.1489
14080000 28.9531
14090000 34.7413
14100000 30.8684
14110000 32.0512
14120000 30.1277
14130000 30.977
14140000 40.258
14150000 30.4731
14160000 48.9481
14170000 98.1039
14180000 49.263
14190000 76.5616
14200000 28.906
14210000 41.8355
14220000 35.9702
14230000 42.0437
14240000 31.5278
14250000 36.5699
14260000 39.4663
14270000 35.7089
14280000 34.2612
14290000 49.9658
14300000 31.4991
14310000 38.6689
14320000 30.572
14330000 37.6789
14340000 28.8988
14350000 37.1448
14360000 83.9171
14370000 35.0728
14380000 59.1406
14390000 31.7851
14400000 38.1432
14410000 31.2256
14420000 37.5081
14430000 30.7999
14440000 34.9864
14450000 30.4548
14460000 33.6148
14470000 30.259
14480000 49.6194
14490000 29.9072
14500000 43.1888
14510000 29.4326
14520000 36.5656
14530000 29.9254
14540000 33.4077
14550000 31.1241
14560000 32.9518
14570000 30.4302
14580000 30.0923
14590000 40.1344
14600000 112.522
14610000 48.7142
14620000 78.0314
14630000 49.798
14640000 45.2955
14650000 40.726
14660000 41.7514
14670000 35.158
14680000 39.5185
14690000 31.3411
14700000 36.017
14710000 44.3813
14720000 36.3289
14730000 33.6643
14740000 46.313
14750000 30.9139
14760000 38.3605
14770000 29.7611
14780000 38.0801
14790000 70.8925
14800000 36.5382
14810000 83.5099
14820000 31.9334
14830000 58.7181
14840000 31.5912
14850000 38.4063
14860000 31.5504
14870000 35.8027
14880000 30.2768
14890000 33.6171
14900000 30.6048
14910000 50.2518
14920000 30.2276
14930000 45.8772
14940000 29.4135
14950000 43.3004
14960000 29.1078
14970000 35.9963
14980000 31.7035
14990000 32.7164
15000000 30.6713
15010000 111.567
15020000 40.4374
15030000 30.4356
15040000 53.6237
15050000 44.2428
15060000 48.5877
15070000 76.7021
15080000 47.3025
15090000 46.735
15100000 40.5239
15110000 41.7009
15120000 35.2933
15130000 37.3906
15140000 39.4759
15150000 35.653
15160000 42.3473
15170000 49.936
15180000 33.7123
15190000 39.8944
15200000 30.5367
15210000 37.9133
15220000 29.2958
15230000 37.3898
15240000 83.3096
15250000 35.3746
15260000 58.2086
15270000 31.6065
15280000 38.1433
15290000 31.7697
15300000 37.7808
15310000 31.1356
15320000 35.5749
15330000 30.5135
15340000 33.9942
15350000 30.441
15360000 50.5522
15370000 29.8786
15380000 42.6922
15390000 30.1187
15400000 45.6529
15410000 28.9495
15420000 34.3973
15430000 30.9943
15440000 32.2453
15450000 30.3608
15460000 30.8548
15470000 40.3375
15480000 112.534
15490000 49.0383
15500000 98.1469
15510000 54.3563
15520000 76.5031
15530000 28.8432
15540000 41.7052
15550000 36.185
15560000 40.5535
15570000 31.4398
15580000 36.0358
15590000 44.3844
15600000 35.9573
15610000 34.1955
15620000 50.0019
15630000 31.555
15640000 38.5121
15650000 29.5528
15660000 37.3459
15670000 28.812
15680000 37.3553
15690000 83.9026
15700000 33.052
15710000 58.824
15720000 31.7824
15730000 38.5172
15740000 31.5898
15750000 36.0293
15760000 30.1789
15770000 35.4749
15780000 30.5733
15790000 89.3252
15800000 30.3144
15810000 45.2573
15820000 29.705
15830000 43.1039
15840000 29.3184
15850000 36.6758
15860000 29.8154
15870000 33.378
15880000 30.9663
15890000 112.089
15900000 29.7805
15910000 30.52
15920000 53.4178
15930000 112.581
15940000 48.5743
15950000 77.6449
15960000 49.122
15970000 44.3963
15980000 40.6357
15990000 41.8588
16000000 35.1497
16010000 37.8818
16020000 31.4179
16030000 35.8766
16040000 44.3137
16050000 36.2706
16060000 33.7153
16070000 45.8201
16080000 30.7393
16090000 37.9208
16100000 29.9669
16110000 37.488
16120000 70.8937
16130000 35.7277
16140000 83.5222
16150000 31.7247
16160000 58.5042
16170000 31.3853
16180000 38.2499
16190000 31.6402
16200000 35.6943
16210000 30.2825
16220000 34.0634
16230000 30.4743
16240000 50.4264
16250000 30.5973
16260000 42.978
16270000 29.3821
16280000 43.3265
16290000 29.0686
16300000 34.8677
16310000 31.5642
16320000 32.0715
16330000 30.1672
16340000 30.982
16350000 40.4767
16360000 30.486
16370000 54.0442
16380000 44.3532
16390000 48.8615
16400000 76.8983
16410000 28.9403
16420000 46.4469
16430000 35.9479
16440000 42.1486
16450000 35.4997
16460000 36.6847
16470000 39.5305
16480000 35.8419
16490000 42.1109
16500000 49.7001
16510000 34.1927
16520000 39.172
16530000 30.493
16540000 37.8261
16550000 28.8409
16560000 37.1779
16570000 83.8858
16580000 35.1434
16590000 58.334
16600000 31.7703
16610000 38.1648
16620000 31.2891
16630000 37.9885
16640000 31.219
16650000 35.428
16660000 30.4052
16670000 34.1226
16680000 30.5858
16690000 49.9991
16700000 29.4438
16710000 42.0127
16720000 29.9233
16730000 38.4968
16740000 29.4787
16750000 33.6577
16760000 30.901
16770000 32.933
16780000 30.1802
16790000 30.7167
16800000 40.0963
16810000 112.536
16820000 48.9303
16830000 77.8542
16840000 49.6938
16850000 45.5613
16860000 120.251
16870000 41.7254
16880000 35.9342
16890000 40.267
16900000 31.2272
16910000 35.9202
16920000 44.5372
16930000 36.2419
16940000 34.4854
16950000 50.1442
16960000 31.7624
16970000 38.3722
16980000 29.669
16990000 37.354
17000000 28.7837
17010000 37.1449
17020000 83.9441
17030000 32.4839
17040000 58.6736
17050000 31.5979
17060000 37.2399
17070000 31.6229
17080000 36.0658
17090000 30.2615
17100000 35.4514
17110000 30.6292
17120000 48.7488
17130000 30.0899
17140000 46.0457
17150000 29.4419
17160000 43.1396
17170000 29.3973
17180000 36.2273
17190000 29.6595
17200000 33.3356
17210000 31.0991
17220000 111.57
17230000 29.8215
17240000 30.743
17250000 53.557
17260000 44.3155
17270000 48.4498
17280000 83.1126
17290000 47.9711
17300000 64.3613
17310000 40.7795
17320000 41.6915
17330000 35.4741
17340000 37.903
17350000 31.023
17360000 35.8265
17370000 44.3421
17380000 35.4199
17390000 33.7638
17400000 39.7134
17410000 30.7899
17420000 38.0821
17430000 29.9324
17440000 36.9479
17450000 83.2961
17460000 35.5374
17470000 58.4899
17480000 31.6125
17490000 38.2747
17500000 31.4759
17510000 37.8317
17520000 31.2579
17530000 35.609
17540000 30.2389
17550000 34.0374
17560000 30.4719
17570000 50.4206
17580000 30.2996
17590000 43.352
17600000 29.6799
17610000 43.1814
17620000 28.9891
17630000 34.7461
17640000 30.9058
17650000 32.1006
17660000 30.202
17670000 31.0149
17680000 40.2948
17690000 30.4993
17700000 48.9975
17710000 98.1018
17720000 49.3097
17730000 76.5675
17740000 28.9637
17750000 41.8218
17760000 36.0239
17770000 42.0359
17780000 31.6114
17790000 36.5034
17800000 39.5307
17810000 35.688
17820000 34.328
17830000 49.9424
17840000 31.5632
17850000 38.6119
17860000 30.6249
17870000 37.6474
17880000 29.0063
17890000 37.1424
17900000 84.0251
17910000 35.0476
17920000 59.1841
17930000 31.8234
17940000 38.1414
17950000 31.2557
17960000 37.526
17970000 30.8821
17980000 34.9998
17990000 30.4739
18000000 33.6281
18010000 30.2942
18020000 49.6337
18030000 29.8768
18040000 43.2057
18050000 29.4901
18060000 36.6198
18070000 29.9129
18080000 33.4283
18090000 31.1655
18100000 32.9471
18110000 30.5015
18120000 30.1139
18130000 40.1705
18140000 112.515
18150000 48.6627
18160000 78.0218
18170000 49.8451
18180000 45.2714
18190000 40.7609
18200000 41.7324
18210000 35.1937
18220000 39.4842
18230000 31.4144
18240000 36.015
18250000 44.4307
18260000 36.3352
18270000 33.7606
18280000 46.2876
18290000 31.0203
18300000 38.3203
18310000 29.8391
18320000 38.0554
18330000 70.9534
18340000 36.5275
18350000 83.5794
18360000 31.9307
18370000 58.7628
18380000 31.599
18390000 38.4104
18400000 31.6356
18410000 35.8359
18420000 30.2916
18430000 33.6492
18440000 30.5729
18450000 50.2667
18460000 30.2361
18470000 45.8906
18480000 29.4156
18490000 43.3295
18500000 29.1443
18510000 35.9192
18520000 31.6778
18530000 32.7584
18540000 30.7191
18550000 30.964
18560000 40.4696
18570000 30.4465
18580000 53.6704
18590000 44.2462
18600000 48.7224
18610000 76.6893
18620000 47.3681
18630000 46.7295
18640000 40.5343
18650000 41.6922
18660000 35.341
18670000 37.3322
18680000 39.5371
18690000 35.6454
18700000 42.3975
18710000 49.9537
18720000 33.8034
18730000 39.825
18740000 30.5781
18750000 37.8828
18760000 29.3469
18770000 37.3784
18780000 83.3403
18790000 35.3653
18800000 58.235
18810000 31.6161
18820000 38.1866
18830000 31.8011
18840000 37.8854
18850000 31.1875
18860000 35.6114
18870000 30.5021
18880000 34.0336
18890000 30.4654
18900000 50.5763
18910000 29.8913
18920000 42.7127
18930000 30.1408
18940000 45.6868
18950000 28.9689
18960000 34.3934
18970000 31.0331
18980000 32.308
18990000 30.3329
19000000 30.8716
19010000 40.3542
19020000 112.433
19030000 49.0789
19040000 98.1638
19050000 54.3863
19060000 76.5006
19070000 28.9217
19080000 41.6906
19090000 36.2291
19100000 40.4627
19110000 31.5085
19120000 36.0113
19130000 44.56
19140000 35.9371
19150000 34.252
19160000 50.1562
19170000 31.6144
19180000 38.4764
19190000 29.5923
19200000 37.3196
19210000 28.8792
19220000 37.2898
19230000 83.952
19240000 33.052
19250000 58.8699
19260000 31.8004
19270000 38.5238
19280000 31.6121
19290000 36.0342
19300000 30.1911
19310000 35.5053
19320000 30.5799
19330000 89.3492
19340000 30.3639
19350000 45.2681
19360000 29.7478
19370000 43.1394
19380000 29.3942
19390000 36.74
19400000 29.8406
19410000 33.4177
19420000 30.9599
19430000 112.09
19440000 29.8637
19450000 30.5344
19460000 53.4708
19470000 112.58
19480000 48.6187
19490000 77.6412
19500000 49.1572
19510000 44.3732
19520000 40.6709
19530000 41.864
19540000 35.187
19550000 37.8539
19560000 31.469
19570000 35.8537
19580000 44.3499
19590000 36.2757
19600000 33.7718
19610000 45.7827
19620000 30.8129
19630000 37.8844
19640000 30.0283
19650000 37.3791
19660000 83.3405
19670000 35.718
19680000 83.582
19690000 31.7043
19700000 58.5381
19710000 31.3959
19720000 38.2611
19730000 31.6496
19740000 35.7041
19750000 30.2791
19760000 34.087
19770000 30.4573
19780000 50.4435
19790000 30.6429
19800000 42.9628
19810000 29.4175
19820000 43.3642
19830000 29.1139
19840000 34.9245
19850000 31.5556
19860000 32.1184
19870000 30.1938
19880000 30.9817
19890000 40.4886
19900000 30.4946
19910000 54.1017
19920000 44.3417
19930000 48.9108
19940000 76.4361
19950000 29.0107
19960000 46.5051
19970000 35.9914
19980000 42.1438
19990000 31.5941
20000000 36.6617
20010000 39.6367
20020000 35.7681
20030000 42.16
20040000 49.719
20050000 34.2529
20060000 39.0346
20070000 30.537
20080000 37.7758
20090000 28.9049
20100000 37.0435
20110000 83.9389
20120000 35.1398
20130000 58.3928
20140000 31.8819
20150000 38.2033
20160000 31.308
20170000 38.0144
20180000 31.2419
20190000 35.4497
20200000 30.4237
20210000 33.9758
20220000 30.6093
20230000 50.0175
20240000 29.4905
20250000 42.036
20260000 29.9705
20270000 38.5665
20280000 29.6084
20290000 33.6859
20300000 30.9391
20310000 32.9542
20320000 30.258
20330000 30.7474
20340000 40.1211
20350000 112.524
20360000 48.9673
20370000 77.8541
20380000 49.7182
20390000 45.546
20400000 120.293
20410000 41.6894
20420000 35.9767
20430000 40.221
20440000 31.2858
20450000 35.8867
20460000 44.5758
20470000 36.2543
20480000 34.5561
20490000 50.1246
20500000 31.8106
20510000 38.3365
20520000 29.7191
20530000 37.3222
20540000 28.8696
20550000 37.1811
20560000 83.6137
20570000 32.4666
20580000 58.7019
20590000 31.6428
20600000 37.2537
20610000 31.6417
20620000 36.055
20630000 30.2774
20640000 35.476
20650000 30.6338
20660000 48.7567
20670000 30.1107
20680000 46.0545
20690000 29.5164
20700000 43.1603
20710000 29.4591
20720000 36.2605
20730000 29.6822
20740000 33.3657
20750000 31.1385
20760000 111.569
20770000 29.8748
20780000 30.7526
20790000 53.6013
20800000 44.3241
20810000 48.4778
20820000 83.099
20830000 47.8765
20840000 64.3413
20850000 40.8063
20860000 41.6923
20870000 35.5152
20880000 37.8813
20890000 31.0908
20900000 35.8137
20910000 44.3803
20920000 35.4163
20930000 33.8285
20940000 39.6504
20950000 30.8313
20960000 37.7251
20970000 29.9821
20980000 37.7609
20990000 83.3338
21000000 35.5335
21010000 58.4937
21020000 31.6238
21030000 38.2278
21040000 31.2317
21050000 37.8595
21060000 31.298
21070000 35.6702
21080000 30.2265
21090000 34.0732
21100000 30.477
21110000 50.4332
21120000 30.3226
21130000 42.7191
21140000 29.8849
21150000 43.1915
21160000 29.0246
21170000 34.7769
21180000 30.9144
21190000 32.1411
21200000 30.2466
21210000 31.0057
21220000 40.3341
21230000 107.378
21240000 49.0353
21250000 98.1034
21260000 49.3572
21270000 76.5767
21280000 28.9657
21290000 41.8083
21300000 36.0541
21310000 42.0193
21320000 31.6736
21330000 36.1191
21340000 39.55
21350000 35.6763
21360000 34.3789
21370000 49.9321
21380000 31.6163
21390000 38.5548
21400000 30.6965
21410000 37.6175
21420000 29.072
21430000 37.1391
21440000 84.0765
21450000 35.0492
21460000 59.2032
21470000 31.8719
21480000 38.1504
21490000 31.4474
21500000 37.5367
21510000 30.898
21520000 35.0599
21530000 30.4524
21540000 33.6458
21550000 30.3113
21560000 49.6472
21570000 29.8802
21580000 43.2398
21590000 29.5245
21600000 36.6657
21610000 29.8995
21620000 33.4578
21630000 31.1822
21640000 32.9822
21650000 30.5748
21660000 30.1325
21670000 40.2039
21680000 112.511
21690000 48.6982
21700000 78.0173
21710000 49.883
21720000 45.2564
21730000 40.8062
21740000 41.7228
21750000 35.2383
21760000 39.3831
21770000 31.4821
21780000 36.009
21790000 44.4994
21800000 36.3481
21810000 33.8535
21820000 46.2857
21830000 31.0692
21840000 38.2781
21850000 29.8964
21860000 38.0574
21870000 71.0004
21880000 36.5232
21890000 83.6347
21900000 31.9373
21910000 58.8326
21920000 31.5959
21930000 38.4422
21940000 31.6719
21950000 35.727
21960000 30.3382
21970000 33.7048
21980000 30.5787
21990000 50.2828
22000000 30.3023
22010000 45.8926
22020000 29.4297
22030000 43.3613
22040000 29.1997
22050000 35.9771
22060000 31.6971
22070000 32.7968
22080000 30.6894
22090000 30.9882
22100000 40.5063
22110000 30.4627
22120000 53.7159
22130000 44.2325
22140000 48.7745
22150000 76.6297
22160000 47.386
22170000 46.709
22180000 40.5506
22190000 41.707
22200000 35.3852
22210000 37.3042
22220000 39.6566
22230000 35.6419
22240000 42.4402
22250000 49.9661
22260000 33.8724
22270000 39.7594
22280000 30.6206
22290000 37.8621
22300000 29.3963
22310000 37.4325
22320000 83.3855
22330000 35.3571
22340000 58.2752
22350000 31.6253
22360000 38.2011
22370000 31.8585
22380000 37.904
22390000 31.2069
22400000 35.7108
22410000 30.5144
22420000 34.0476
22430000 30.4792
22440000 50.6005
22450000 29.9307
22460000 42.7598
22470000 30.1586
22480000 45.7287
22490000 29.0159
22500000 34.4067
22510000 31.0621
22520000 32.3505
22530000 30.3707
22540000 30.8718
22550000 40.3711
22560000 112.416
22570000 49.1115
22580000 77.908
22590000 54.4235
22600000 76.5335
22610000 28.9996
22620000 41.6732
22630000 35.7416
22640000 40.4247
22650000 31.569
22660000 35.9699
22670000 44.5962
22680000 35.9373
22690000 34.2985
22700000 50.1284
22710000 31.6633
22720000 38.3454
22730000 29.5669
22740000 37.2886
22750000 28.9719
22760000 37.2878
22770000 84.0021
22780000 33.051
22790000 58.8735
22800000 31.8388
22810000 38.5331
22820000 31.6283
22830000 36.0507
22840000 30.1849
22850000 35.5202
22860000 30.5264
22870000 89.3727
22880000 30.3715
22890000 45.2844
22900000 29.7526
22910000 43.161
22920000 29.4282
22930000 36.8015
22940000 29.845
22950000 33.4644
22960000 30.9684
22970000 112.087
22980000 29.9292
22990000 30.5608
23000000 53.5111
23010000 112.574
23020000 48.6553
23030000 77.6365
23040000 49.1861
23050000 44.3435
23060000 40.7047
23070000 41.873
23080000 35.2335
23090000 37.8247
23100000 31.5441
23110000 35.8602
23120000 44.39
23130000 36.2812
23140000 33.8525
23150000 45.7759
23160000 30.8528
23170000 37.8268
23180000 30.0144
23190000 37.3635
23200000 83.3894
23210000 35.7106
23220000 83.609
23230000 31.7115
23240000 58.5577
23250000 31.4058
23260000 38.2706
23270000 31.6793
23280000 35.7155
23290000 30.3222
23300000 34.112
23310000 30.4512
23320000 50.4602
23330000 30.6243
23340000 43.0169
23350000 29.4513
23360000 43.3998
23370000 29.1484
23380000 34.9614
23390000 31.5706
23400000 32.1398
23410000 30.219
23420000 31.009
23430000 40.5005
23440000 30.4738
23450000 54.1383
23460000 44.3139
23470000 48.9375
23480000 76.4008
23490000 29.0484
23500000 46.4845
23510000 36.0456
23520000 42.1169
23530000 31.66
23540000 36.6149
23550000 39.7132
23560000 35.7738
23570000 42.2044
23580000 49.7448
23590000 34.3137
23600000 38.9956
23610000 30.5835
23620000 37.743
23630000 28.9733
23640000 37.006
23650000 84.0021
23660000 35.1341
23670000 58.4817
23680000 31.8936
23690000 38.285
23700000 31.3214
23710000 38.0064
23720000 31.1397
23730000 35.5088
23740000 30.4544
23750000 33.9939
23760000 30.5473
23770000 50.0386
23780000 29.7284
23790000 42.0764
23800000 29.9256
23810000 38.5799
23820000 29.6174
23830000 33.6356
23840000 31.01
23850000 32.9915
23860000 30.3192
23870000 30.771
23880000 40.1462
23890000 112.524
23900000 49.002
23910000 77.8563
23920000 49.7046
23930000 45.5333
23940000 120.332
23950000 41.6733
23960000 35.7276
23970000 40.1891
23980000 31.3401
23990000 35.8775
24000000 44.633
24010000 36.2621
24020000 34.6042
24030000 50.1184
24040000 31.8323
24050000 38.2939
24060000 29.7645
24070000 37.3121
24080000 28.9409
24090000 37.0303
24100000 83.8515
24110000 32.4611
24120000 58.9
24130000 31.6678
24140000 37.2736
24150000 31.6464
24160000 36.0846
24170000 30.2985
24180000 35.4869
24190000 30.6129
24200000 48.7607
24210000 30.1399
24220000 46.0774
24230000 29.5568
24240000 43.2378
24250000 29.4992
24260000 36.3384
24270000 29.7089
24280000 33.3848
24290000 31.145
24300000 111.568
24310000 29.9165
24320000 30.7644
24330000 53.6396
24340000 44.3412
24350000 48.5058
24360000 83.0861
24370000 47.867
24380000 64.3306
24390000 40.8409
24400000 41.6921
24410000 35.5634
24420000 37.8796
24430000 31.1528
24440000 35.813
24450000 44.4421
24460000 35.4383
24470000 33.8982
24480000 39.6106
24490000 30.862
24500000 37.6973
24510000 30.0572
24520000 37.7582
24530000 83.3555
24540000 35.5454
24550000 58.498
24560000 31.6577
24570000 38.2554
24580000 31.2326
24590000 37.8614
24600000 31.3242
24610000 35.6834
24620000 30.2376
24630000 34.0738
24640000 30.4474
24650000 50.5069
24660000 30.3439
24670000 42.7373
24680000 29.9164
24690000 43.219
24700000 29.0905
24710000 34.8031
24720000 30.9514
24730000 32.18
24740000 30.2732
24750000 31.0286
24760000 40.3616
24770000 107.375
24780000 49.0803
24790000 98.1048
24800000 49.3562
24810000 76.5847
24820000 29.019
24830000 41.8087
24840000 36.0971
24850000 42.017
24860000 31.7203
24870000 36.1118
24880000 39.6083
24890000 35.6809
24900000 34.4299
24910000 49.9173
24920000 31.6774
24930000 38.5037
24940000 30.73
24950000 37.5375
24960000 29.12
24970000 37.1577
24980000 84.1058
24990000 35.033
25000000 59.2167
25010000 31.9086
25020000 38.1598
25030000 31.4446
25040000 35.6914
25050000 30.9522
25060000 35.0986
25070000 30.4555
25080000 33.6769
25090000 30.3391
25100000 49.6566
25110000 29.9395
25120000 43.2574
25130000 29.5728
25140000 36.7148
25150000 29.9451
25160000 33.4724
25170000 31.2377
25180000 33.0279
25190000 30.6338
25200000 30.1483
25210000 40.2405
25220000 112.525
25230000 48.7176
25240000 78.0112
25250000 49.9231
25260000 45.24
25270000 40.8464
25280000 41.7543
25290000 35.2796
25300000 39.3467
25310000 31.5732
25320000 36.0286
25330000 44.5569
25340000 36.3731
25350000 33.9056
25360000 45.8938
25370000 31.1101
25380000 38.2498
25390000 29.9486
25400000 38.0649
25410000 71.0263
25420000 36.5107
25430000 83.6755
25440000 31.9621
25450000 58.8587
25460000 31.6023
25470000 38.4533
25480000 31.7165
25490000 35.7078
25500000 30.3694
25510000 33.7283
25520000 30.5519
25530000 50.2995
25540000 30.3162
25550000 45.9149
25560000 29.4479
25570000 43.3969
25580000 29.2374
25590000 35.9564
25600000 31.6301
25610000 32.8307
25620000 30.7254
25630000 30.9983
25640000 40.5135
25650000 30.4876
25660000 53.7449
25670000 44.2324
25680000 48.7982
25690000 76.6244
25700000 47.3783
25710000 46.6943
25720000 40.5693
25730000 41.7053
25740000 35.4198
25750000 37.2857
25760000 39.5985
25770000 35.6401
25780000 42.4877
25790000 49.9889
25800000 33.9268
25810000 39.728
25820000 30.6553
25830000 37.8314
25840000 29.4344
25850000 37.4309
25860000 83.435
25870000 35.3513
25880000 58.3038
25890000 31.6384
25900000 38.2286
25910000 31.4399
25920000 37.9251
25930000 31.2298
25940000 35.7797
25950000 30.5697
25960000 34.0727
25970000 30.5111
25980000 50.3552
25990000 29.8846
26000000 42.778
26010000 30.1767
26020000 45.76
26030000 29.0194
26040000 34.4183
26050000 30.9725
26060000 32.3882
26070000 30.4181
26080000 30.8872
26090000 40.3831
26100000 112.415
26110000 49.1512
26120000 77.9072
26130000 54.4347
26140000 76.5608
26150000 29.0445
26160000 41.6845
26170000 35.7796
26180000 40.387
26190000 31.6199
26200000 35.8868
26210000 44.6291
26220000 35.9355
26230000 34.3286
26240000 50.1217
26250000 31.7081
26260000 38.2356
26270000 29.6015
26280000 37.2574
26290000 29.0526
26300000 37.2908
26310000 84.0329
26320000 33.063
26330000 58.8933
26340000 31.8504
26350000 38.5455
26360000 31.6423
26370000 36.0467
26380000 30.2772
26390000 35.5295
26400000 30.4821
26410000 89.3752
26420000 30.3573
26430000 45.2929
26440000 29.802
26450000 43.1753
26460000 29.4829
26470000 36.83
26480000 29.876
26490000 33.4863
26500000 31.0108
26510000 112.072
26520000 29.9693
26530000 30.5893
26540000 53.6215
26550000 112.569
26560000 48.6858
26570000 77.6694
26580000 49.2036
26590000 44.3419
26600000 40.7353
26610000 41.8649
26620000 35.2743
26630000 37.8044
26640000 31.5963
26650000 35.8396
26660000 44.4281
26670000 36.3
26680000 33.8873
26690000 45.7745
26700000 30.8974
26710000 37.8036
26720000 30.0285
26730000 37.3435
26740000 83.4176
26750000 35.7074
26760000 83.6564
26770000 31.7136
26780000 58.5697
26790000 31.4359
26800000 38.2951
26810000 31.6435
26820000 35.7738
26830000 30.3612
26840000 34.1322
26850000 30.4783
26860000 50.4774
26870000 30.7809
26880000 43.0278
26890000 29.4631
26900000 43.4005
26910000 29.1679
26920000 34.9876
26930000 31.5278
26940000 32.1758
26950000 30.2261
26960000 31.0365
26970000 40.5186
26980000 30.4914
26990000 54.1869
27000000 44.3189
27010000 48.9427
27020000 76.9384
27030000 29.1505
27040000 46.4975
27050000 36.0835
27060000 42.123
27070000 31.6908
27080000 36.6097
27090000 39.7342
27100000 35.7105
27110000 42.2411
27120000 49.7435
27130000 34.3658
27140000 38.9725
27150000 30.6111
27160000 37.7506
27170000 29.0157
27180000 37.0196
27190000 84.0465
27200000 35.1297
27210000 58.4988
27220000 31.9141
27230000 38.3127
27240000 31.3289
27250000 38.0445
27260000 31.1723
27270000 35.5437
27280000 30.4448
27290000 34.0159
27300000 30.5475
27310000 50.0585
27320000 29.7724
27330000 42.0927
27340000 29.9614
27350000 38.5843
27360000 29.5862
27370000 33.6489
27380000 31.0438
27390000 33.0286
27400000 30.3533
27410000 30.794
27420000 40.1709
27430000 112.509
27440000 49.0187
27450000 77.9175
27460000 49.7346
27470000 45.504
27480000 120.37
27490000 41.6886
27500000 35.7658
27510000 40.1588
27520000 31.383
27530000 35.8418
27540000 44.6631
27550000 36.2785
27560000 34.6398
27570000 50.1085
27580000 31.6058
27590000 38.2591
27600000 29.7977
27610000 37.3008
27620000 29.025
27630000 37.1
27640000 83.8548
27650000 32.459
27660000 58.9364
27670000 31.6892
27680000 37.2944
27690000 31.6588
27700000 36.1039
27710000 30.3047
27720000 35.4874
27730000 30.6031
27740000 48.7524
27750000 30.1332
27760000 45.9195
27770000 29.5809
27780000 43.2457
27790000 29.3467
27800000 36.3749
27810000 29.7547
27820000 33.4164
27830000 31.1593
27840000 111.564
27850000 29.9639
27860000 30.7829
27870000 53.6699
27880000 44.3343
27890000 48.5533
27900000 83.091
27910000 47.8731
27920000 64.3209
27930000 40.8763
27940000 41.6907
27950000 35.6212
27960000 37.8605
27970000 31.2084
27980000 35.8303
27990000 44.4756
28000000 35.4558
28010000 33.8724
28020000 39.5766
28030000 30.8831
28040000 37.6578
28050000 30.1001
28060000 37.7668
28070000 83.4088
28080000 35.5673
28090000 58.5181
28100000 31.6629
28110000 38.2844
28120000 31.2474
28130000 37.887
28140000 31.3183
28150000 35.6918
28160000 30.5134
28170000 34.0968
28180000 30.419
28190000 50.525
28200000 30.3328
28210000 42.7568
28220000 29.938
28230000 43.2395
28240000 29.1236
28250000 34.7897
28260000 31.0712
28270000 32.2058
28280000 30.3129
28290000 31.0545
28300000 40.3799
28310000 107.344
28320000 49.122
28330000 98.1004
28340000 49.3679
28350000 76.5957
28360000 29.0634
28370000 41.7785
28380000 36.126
28390000 42.0297
28400000 31.7741
28410000 36.1048
28420000 39.6212
28430000 35.6932
28440000 34.4714
28450000 49.9075
28460000 31.7152
28470000 38.3397
28480000 30.7778
28490000 37.5166
28500000 29.1644
28510000 37.1494
28520000 84.1377
28530000 33.3002
28540000 59.2284
28550000 31.8829
28560000 38.1729
28570000 31.464
28580000 35.725
28590000 30.9645
28600000 35.1089
28610000 30.4508
28620000 33.7121
28630000 30.3277
28640000 49.6655
28650000 29.8919
28660000 43.2963
28670000 29.6501
28680000 36.7892
28690000 30.0122
28700000 33.494
28710000 31.2191
28720000 33.0708
28730000 30.686
28740000 30.1947
28750000 40.2611
28760000 112.519
28770000 48.7803
28780000 77.9962
28790000 49.9656
28800000 45.242
28810000 40.8794
28820000 41.7869
28830000 35.3082
28840000 39.322
28850000 31.6349
28860000 36.0334
28870000 44.5085
28880000 36.3981
28890000 33.9719
28900000 45.8412
28910000 31.1736
28920000 38.2279
28930000 29.9968
28940000 37.9388
28950000 71.0625
28960000 36.5233
28970000 83.6862
28980000 31.9947
28990000 58.844
29000000 31.618
29010000 38.4748
29020000 31.6801
29030000 35.7219
29040000 30.3648
29050000 33.7757
29060000 30.5689
29070000 50.314
29080000 30.3294
29090000 45.933
29100000 29.4392
29110000 43.4391
29120000 29.2711
29130000 35.9704
29140000 31.6261
29150000 32.8589
29160000 30.7628
29170000 31.0212
29180000 40.5364
29190000 30.2889
29200000 53.7641
29210000 44.2285
29220000 48.9037
29230000 76.6199
29240000 47.4135
29250000 46.6866
29260000 40.5902
29270000 41.7106
29280000 35.4641
29290000 37.2641
29300000 39.6041
29310000 35.6444
29320000 42.5169
29330000 50.0026
29340000 33.9657
29350000 39.685
29360000 30.6683
29370000 37.7415
29380000 29.4702
29390000 37.4152
29400000 83.4551
29410000 35.3374
29420000 58.3148
29430000 31.6639
29440000 38.257
29450000 31.4669
29460000 37.9298
29470000 31.2553
29480000 35.8306
29490000 30.565
29500000 34.1025
29510000 30.5351
29520000 50.3731
29530000 29.8795
29540000 42.7981
29550000 30.2646
29560000 45.7689
29570000 29.0458
29580000 34.0454
29590000 30.9802
29600000 32.4097
29610000 30.4797
29620000 30.8945
29630000 40.4156
29640000 112.419
29650000 49.2427
29660000 77.9332
29670000 54.4572
29680000 76.5657
29690000 120.339
29700000 41.6847
29710000 35.8408
29720000 40.2962
29730000 31.5459
29740000 35.8249
29750000 44.6785
29760000 35.9464
29770000 34.3705
29780000 50.1548
29790000 31.7474
29800000 38.2238
29810000 29.6293
29820000 37.2032
29830000 29.0947
29840000 37.2844
29850000 84.0512
29860000 32.6265
29870000 58.9163
29880000 31.8677
29890000 38.6318
29900000 31.6203
29910000 36.0562
29920000 30.2856
29930000 35.5223
29940000 30.4846
29950000 89.3848
29960000 30.3782
29970000 45.3027
29980000 29.8061
29990000 43.1909
30000000 29.5116
30010000 36.8922
30020000 29.9039
30030000 33.5162
30040000 31.0442
30050000 111.734
30060000 29.9743
30070000 30.6057
30080000 53.638
30090000 112.565
30100000 48.7127
30110000 77.6562
30120000 47.6246
30130000 44.3356
30140000 40.7014
30150000 41.874
30160000 35.3579
30170000 37.7845
30180000 31.6486
30190000 35.8394
30200000 44.6111
30210000 36.3208
30220000 33.9425
30230000 45.7772
30240000 30.9508
30250000 37.8244
30260000 30.1247
30270000 37.3365
30280000 83.4362
30290000 35.7075
30300000 83.6913
30310000 31.7595
30320000 58.5789
30330000 31.4368
30340000 38.2652
30350000 31.6867
30360000 35.75
30370000 30.3319
30380000 34.1515
30390000 30.4944
30400000 50.503
30410000 30.7617
30420000 43.0397
30430000 29.4826
30440000 43.4035
30450000 29.2209
30460000 35.0087
30470000 31.5733
30480000 32.2015
30490000 30.2709
30500000 31.0537
30510000 40.5777
30520000 30.5062
30530000 54.2178
30540000 44.3197
30550000 48.9682
30560000 76.9419
30570000 29.1949
30580000 46.5065
30590000 36.1254
30600000 42.1352
30610000 31.7563
30620000 36.5849
30630000 39.7717
30640000 35.7052
30650000 42.2735
30660000 49.7445
30670000 34.4094
30680000 38.9754
30690000 30.6723
30700000 37.7556
30710000 29.0717
30720000 37.4907
30730000 84.0837
30740000 35.1294
30750000 58.516
30760000 31.9426
30770000 38.3429
30780000 31.332
30790000 38.0682
30800000 31.1629
30810000 35.5461
30820000 30.4272
30830000 34.0342
30840000 30.5376
30850000 50.0369
30860000 29.8452
30870000 42.1115
30880000 29.963
30890000 38.6084
30900000 29.6236
30910000 33.6028
30920000 31.0658
30930000 33.0688
30940000 30.442
30950000 30.8205
30960000 40.1925
30970000 112.502
30980000 49.0382
30990000 77.9256
31000000 49.7626
31010000 45.2994
31020000 120.4
31030000 41.6561
31040000 35.7983
31050000 40.1601
31060000 31.4296
31070000 35.8191
31080000 44.6546
31090000 36.2216
31100000 34.6762
31110000 50.1006
31120000 31.6413
31130000 38.239
31140000 29.8463
31150000 37.2685
31160000 29.0532
31170000 37.0397
31180000 83.8926
31190000 31.7974
31200000 58.9646
31210000 31.6877
31220000 37.312
31230000 31.6955
31240000 36.1169
31250000 30.3316
31260000 35.3052
31270000 30.5496
31280000 48.724
31290000 30.1529
31300000 45.9141
31310000 29.5916
31320000 43.2515
31330000 29.3835
31340000 36.353
31350000 29.8045
31360000 33.4408
31370000 31.1667
31380000 111.569
31390000 30.0066
31400000 30.7784
31410000 53.69
31420000 44.337
31430000 48.5618
31440000 83.0828
31450000 47.6789
31460000 64.315
31470000 40.8937
31480000 41.6969
31490000 35.6632
31500000 37.835
31510000 31.2547
31520000 35.8238
31530000 44.5048
31540000 35.4863
31550000 33.8992
31560000 39.5623
31570000 30.9183
31580000 37.6296
31590000 30.1666
31600000 37.7933
31610000 83.4384
31620000 35.5969
31630000 58.515
31640000 31.6577
31650000 38.3069
31660000 31.2495
31670000 37.9031
31680000 31.3414
31690000 35.7581
31700000 30.5335
31710000 34.0997
31720000 30.3846
31730000 50.5419
31740000 30.3422
31750000 42.8178
31760000 29.9212
31770000 43.2825
31780000 29.1675
31790000 34.821
31800000 31.0364
31810000 32.2398
31820000 30.3242
31830000 31.0175
31840000 40.4105
31850000 107.292
31860000 49.1642
31870000 98.1004
31880000 49.3792
31890000 76.6075
31900000 29.1434
31910000 41.7767
31920000 36.1622
31930000 42.021
31940000 31.7148
31950000 36.0779
31960000 39.6106
31970000 35.7041
31980000 34.5039
31990000 49.8993
32000000 31.7512
32010000 38.3112
32020000 30.7996
32030000 37.5077
32040000 29.1688
32050000 37.1701
32060000 84.178
32070000 33.3018
32080000 59.2162
32090000 31.9143
32100000 38.1929
32110000 31.4685
32120000 35.7372
32130000 30.8903
32140000 35.1238
32150000 30.3571
32160000 33.7525
32170000 30.3466
32180000 49.6691
32190000 29.9073
32200000 43.3059
32210000 29.6601
32220000 36.8207
32230000 30.0703
32240000 33.5105
32250000 31.2072
32260000 33.1009
32270000 30.6982
32280000 30.2059
32290000 40.2161
32300000 112.531
32310000 48.8038
32320000 77.994
32330000 49.9866
32340000 45.2863
32350000 40.8811
32360000 41.7784
32370000 35.3428
32380000 39.3004
32390000 31.6829
32400000 36.0389
32410000 44.5041
32420000 36.3994
32430000 33.9849
32440000 45.8576
32450000 31.0135
32460000 37.9068
32470000 30.0193
32480000 37.8224
32490000 71.0687
32500000 36.5283
32510000 83.7164
32520000 32.0055
32530000 58.854
32540000 31.6212
32550000 38.5028
32560000 31.6754
32570000 35.7555
32580000 30.3654
32590000 33.8001
32600000 30.5567
32610000 50.3171
32620000 30.3141
32630000 45.9316
32640000 29.4363
32650000 43.4606
32660000 29.2916
32670000 35.9783
32680000 31.6482
32690000 32.3255
32700000 30.7877
32710000 31.0425
32720000 40.5603
32730000 30.3184
32740000 53.7761
32750000 44.2269
32760000 48.9109
32770000 76.6142
32780000 47.4464
32790000 46.6966
32800000 40.6075
32810000 41.6977
32820000 35.5079
32830000 37.2806
32840000 39.6482
32850000 35.6709
32860000 42.5363
32870000 50.005
32880000 33.9979
32890000 39.6934
32900000 30.6973
32910000 37.6492
32920000 29.5011
32930000 37.4007
32940000 83.4808
32950000 35.3395
32960000 58.3232
32970000 31.675
32980000 38.2709
32990000 31.5085
33000000 37.9448
33010000 31.3059
33020000 35.8224
33030000 30.5704
33040000 34.1182
33050000 30.3734
33060000 50.3997
33070000 29.8873
33080000 42.8373
33090000 30.2755
33100000 45.7911
33110000 29.074
33120000 34.0714
33130000 30.9862
33140000 32.4403
33150000 30.4768
33160000 30.9094
33170000 40.4286
33180000 112.406
33190000 49.2622
33200000 77.9332
33210000 54.4661
33220000 76.5754
33230000 120.363
33240000 41.7027
33250000 35.8555
33260000 40.2836
33270000 31.5927
33280000 35.838
33290000 44.7006
33300000 35.9515
33310000 34.4052
33320000 50.2411
33330000 31.8635
33340000 38.2041
33350000 29.657
33360000 37.1929
33370000 29.0388
33380000 37.2737
33390000 84.0747
33400000 32.6361
33410000 58.7491
33420000 31.9024
33430000 38.6444
33440000 31.6038
33450000 36.0198
33460000 30.3105
33470000 35.5363
33480000 30.456
33490000 89.3995
33500000 30.3315
33510000 45.3244
33520000 29.8197
33530000 43.228
33540000 29.5405
33550000 36.9415
33560000 29.8946
33570000 33.5435
33580000 31.111
33590000 111.733
33600000 30.001
33610000 30.6316
33620000 53.6588
33630000 112.57
33640000 48.7392
33650000 77.6615
33660000 47.6667
33670000 44.3216
33680000 40.7311
33690000 41.8671
33700000 35.4038
33710000 37.7633
33720000 31.6976
33730000 35.8599
33740000 44.6446
33750000 36.3312
33760000 33.9935
33770000 45.772
33780000 30.9721
33790000 37.8164
33800000 30.1609
33810000 37.3356
33820000 83.4652
33830000 35.7134
33840000 83.7092
33850000 31.7685
33860000 58.6608
33870000 31.4459
33880000 38.2865
33890000 31.6946
33900000 35.7766
33910000 30.3372
33920000 34.1852
33930000 30.4958
33940000 50.506
33950000 30.765
33960000 43.0576
33970000 29.5004
33980000 43.4298
33990000 29.2536
34000000 35.0265
34010000 31.5988
34020000 32.2301
34030000 30.2903
34040000 31.083
34050000 40.6012
34060000 30.5161
34070000 49.2292
34080000 44.3249
34090000 48.9884
34100000 76.9728
34110000 29.257
34120000 46.494
34130000 36.153
34140000 42.1408
34150000 31.832
34160000 36.5734
34170000 39.8009
34180000 35.7126
34190000 42.3188
34200000 49.7418
34210000 31.6565
34220000 38.9595
34230000 30.708
34240000 37.7557
34250000 29.1312
34260000 37.4913
34270000 84.055
34280000 35.1343
34290000 58.5405
34300000 31.9913
34310000 38.367
34320000 31.2667
34330000 38.0698
34340000 31.1891
34350000 35.5116
34360000 30.4363
34370000 34.0662
34380000 30.5526
34390000 50.0376
34400000 29.9259
34410000 42.1298
34420000 30.0658
34430000 38.6297
34440000 29.6262
34450000 33.6365
34460000 31.0861
34470000 33.1015
34480000 30.4803
34490000 30.8425
34500000 40.2059
34510000 112.517
34520000 49.0623
34530000 77.9037
34540000 49.7881
34550000 45.2902
34560000 120.427
34570000 41.6546
34580000 35.8367
34590000 40.1572
34600000 31.4507
34610000 35.9349
34620000 44.6636
34630000 36.2332
34640000 34.7014
34650000 50.0928
34660000 31.6689
34670000 38.2247
34680000 29.883
34690000 37.2693
34700000 29.0962
34710000 37.0457
34720000 83.9114
34730000 31.8204
34740000 58.9534
34750000 31.721
34760000 37.3412
34770000 31.6919
34780000 36.1096
34790000 30.3456
34800000 35.3198
34810000 30.5701
34820000 48.733
34830000 30.1449
34840000 45.9244
34850000 29.6042
34860000 43.2762
34870000 29.3619
34880000 36.2322
34890000 31.9886
34900000 33.1306
34910000 31.1268
34920000 111.509
34930000 30.0401
34940000 30.7944
34950000 53.7529
34960000 44.3581
34970000 48.591
34980000 83.0408
34990000 47.6961
35000000 64.3088
35010000 40.9227
35020000 41.6972
35030000 35.6909
35040000 37.569
35050000 31.2829
35060000 35.8278
35070000 44.5322
35080000 35.5073
35090000 33.94
35100000 39.5522
35110000 30.9479
35120000 37.621
35130000 30.1864
35140000 37.7974
35150000 83.4055
35160000 35.6263
35170000 58.5373
35180000 31.6506
35190000 38.3292
35200000 31.2548
35210000 37.9462
35220000 31.3682
35230000 35.7695
35240000 30.6126
35250000 34.1003
35260000 30.3897
35270000 50.5562
35280000 30.3444
35290000 42.8359
35300000 29.9271
35310000 43.3678
35320000 29.171
35330000 34.8164
35340000 31.0538
35350000 32.2471
35360000 30.3402
35370000 30.9534
35380000 40.434
35390000 107.287
35400000 49.1937
35410000 98.0971
35420000 49.4033
35430000 76.6112
35440000 29.1917
35450000 41.7803
35460000 36.2255
35470000 41.9947
35480000 31.7462
35490000 36.044
35500000 39.6062
35510000 35.7132
35520000 34.5437
35530000 49.9016
35540000 31.788
35550000 38.3279
35560000 30.8309
35570000 37.3387
35580000 29.1967
35590000 37.169
35600000 84.1995
35610000 33.3024
35620000 59.2364
35630000 31.9867
35640000 38.1926
35650000 31.4515
35660000 35.76
35670000 30.8702
35680000 35.1494
35690000 30.3958
35700000 33.6988
35710000 30.349
35720000 49.6794
35730000 29.8655
35740000 43.3277
35750000 29.7225
35760000 36.8498
35770000 30.0887
35780000 33.5165
35790000 31.3064
35800000 33.1114
35810000 30.7422
35820000 30.2205
35830000 40.2334
35840000 112.559
35850000 48.825
35860000 77.6242
35870000 50.0346
35880000 45.2881
35890000 40.9087
35900000 41.7861
35910000 35.3774
35920000 39.2919
35930000 31.7281
35940000 36.0389
35950000 44.5267
35960000 36.3618
35970000 34.0397
35980000 45.8233
35990000 31.0459
36000000 37.897
36010000 30.05
36020000 37.7856
36030000 71.0943
36040000 36.5301
36050000 83.7418
36060000 32.0702
36070000 58.8473
36080000 31.6366
36090000 38.5246
36100000 31.6843
36110000 35.7633
36120000 30.3694
36130000 34.2724
36140000 30.5604
36150000 50.329
36160000 30.3803
36170000 45.9466
36180000 29.4434
36190000 43.4801
36200000 29.1798
36210000 36.0022
36220000 31.6577
36230000 32.3598
36240000 30.8531
36250000 31.069
36260000 40.5731
36270000 30.3767
36280000 53.7923
36290000 44.2372
36300000 48.9299
36310000 76.6158
36320000 47.4801
36330000 46.6797
36340000 40.6447
36350000 41.7163
36360000 35.5424
36370000 37.2518
36380000 39.6641
36390000 35.684
36400000 42.5677
36410000 50.0097
36420000 34.0384
36430000 39.6675
36440000 30.7517
36450000 37.6473
36460000 29.5257
36470000 37.3645
36480000 83.4969
36490000 35.3535
36500000 58.3437
36510000 31.6885
36520000 38.2847
36530000 31.5342
36540000 37.957
36550000 31.3088
36560000 35.8333
36570000 30.4408
36580000 34.1219
36590000 30.3286
36600000 50.4194
36610000 29.8799
36620000 42.8424
36630000 30.2905
36640000 45.801
36650000 29.67
36660000 34.0802
36670000 31.0105
36680000 32.4528
36690000 30.5207
36700000 30.9276
36710000 40.4469
36720000 112.398
36730000 49.2803
36740000 77.9254
36750000 54.9719
36760000 76.5776
36770000 120.391
36780000 41.6975
36790000 35.887
36800000 40.2712
36810000 31.6492
36820000 35.6188
36830000 44.7202
36840000 36.2997
36850000 34.4308
36860000 50.2379
36870000 31.8977
36880000 38.1887
36890000 29.7549
36900000 37.2006
36910000 29.0571
36920000 37.2668
36930000 84.0992
36940000 32.6487
36950000 58.7559
36960000 31.9475
36970000 38.6609
36980000 31.5987
36990000 36.0212
37000000 30.329
37010000 35.5284
37020000 30.4142
37030000 89.3736
37040000 30.3654
37050000 45.3297
37060000 29.8437
37070000 43.2421
37080000 29.5734
37090000 36.9782
37100000 29.929
37110000 33.563
37120000 31.1288
37130000 111.72
37140000 30.0201
37150000 30.6177
37160000 53.6763
37170000 112.57
37180000 48.7429
37190000 77.6595
37200000 47.6987
37210000 44.3039
37220000 40.7659
37230000 41.861
37240000 35.4468
37250000 37.7548
37260000 31.8183
37270000 35.8643
37280000 44.6919
37290000 36.3407
37300000 34.032
37310000 45.7473
37320000 31.0095
37330000 37.7957
37340000 30.1999
37350000 37.3331
37360000 83.4976
37370000 35.7154
37380000 83.7298
37390000 31.7947
37400000 58.6828
37410000 31.4415
37420000 38.2912
37430000 31.7249
37440000 35.7876
37450000 30.3242
37460000 34.1928
37470000 30.5097
37480000 50.5185
37490000 30.7325
37500000 43.0781
37510000 29.5205
37520000 43.4519
37530000 29.2728
37540000 35.0491
37550000 31.6243
37560000 32.2697
37570000 30.3262
37580000 31.0839
37590000 40.6149
37600000 30.5428
37610000 49.2478
37620000 44.321
37630000 49.2008
37640000 77.0213
37650000 29.3036
37660000 46.5187
37670000 36.1913
37680000 42.1762
37690000 31.8818
37700000 36.6223
37710000 39.8607
37720000 35.7141
37730000 42.3638
37740000 49.7479
37750000 31.6956
37760000 38.9436
37770000 30.705
37780000 37.7552
37790000 29.1561
37800000 37.4897
37810000 84.0877
37820000 35.1312
37830000 58.561
37840000 32.0219
37850000 38.3896
37860000 31.2958
37870000 38.0903
37880000 31.0688
37890000 35.5124
37900000 30.463
37910000 34.0802
37920000 30.4881
37930000 49.6963
37940000 30.0057
37950000 42.136
37960000 30.0862
37970000 38.7844
37980000 29.5715
37990000 33.6157
38000000 31.0379
38010000 33.1334
38020000 30.491
38030000 30.8588
38040000 40.2194
38050000 112.478
38060000 49.0945
38070000 77.9077
38080000 49.8047
38090000 45.2983
38100000 120.445
38110000 41.6482
38120000 35.3651
38130000 40.1448
38140000 31.4898
38150000 35.9765
38160000 44.6695
38170000 36.241
38180000 34.7436
38190000 50.0984
38200000 31.7034
38210000 38.2179
38220000 29.9165
38230000 37.2851
38240000 29.0677
38250000 37.062
38260000 83.9393
38270000 31.8138
38280000 58.9665
38290000 31.7294
38300000 37.3671
38310000 31.6619
38320000 36.2203
38330000 30.3605
38340000 33.4873
38350000 30.592
38360000 48.7429
38370000 30.1633
38380000 45.9346
38390000 29.6077
38400000 43.2617
38410000 29.3376
38420000 36.2748
38430000 32.0279
38440000 33.1554
38450000 31.1363
38460000 111.511
38470000 30.072
38480000 30.8706
38490000 53.7774
38500000 44.3833
38510000 48.6047
38520000 83.0419
38530000 47.7002
38540000 64.3104
38550000 40.9492
38560000 41.7082
38570000 35.7284
38580000 37.5239
38590000 31.3128
38600000 35.8346
38610000 44.5655
38620000 35.517
38630000 33.959
38640000 39.5461
38650000 30.972
38660000 37.614
38670000 30.2472
38680000 37.4427
38690000 83.435
38700000 35.6049
38710000 58.5575
38720000 31.6729
38730000 38.3565
38740000 31.2811
38750000 37.9663
38760000 31.398
38770000 35.822
38780000 30.6251
38790000 34.1177
38800000 30.3978
38810000 50.5742
38820000 30.3229
38830000 42.8507
38840000 30.3087
38850000 43.4495
38860000 29.1891
38870000 34.8608
38880000 31.0637
38890000 32.2708
38900000 30.3778
38910000 30.9784
38920000 40.45
38930000 107.284
38940000 49.2178
38950000 98.1016
38960000 49.415
38970000 76.5724
38980000 29.2287
38990000 41.7771
39000000 36.2457
39010000 42.0007
39020000 31.787
39030000 35.9928
39040000 39.614
39050000 35.7149
39060000 34.5762
39070000 49.8902
39080000 31.8082
39090000 38.3241
39100000 30.8553
39110000 37.3317
39120000 29.2424
39130000 37.17
39140000 84.2165
39150000 33.2205
39160000 59.0486
39170000 32.0451
39180000 38.1494
39190000 31.4466
39200000 35.7543
39210000 30.8819
39220000 35.1364
39230000 30.3954
39240000 33.7084
39250000 30.3629
39260000 49.6882
39270000 29.9108
39280000 43.3786
39290000 29.7236
39300000 36.8751
39310000 30.1052
39320000 33.5286
39330000 31.3289
39340000 33.1469
39350000 30.7303
39360000 30.2721
39370000 40.2871
39380000 112.593
39390000 48.7693
39400000 77.6292
39410000 49.2798
39420000 44.9809
39430000 40.9289
39440000 41.8808
39450000 35.4086
39460000 39.2915
39470000 31.7806
39480000 36.0472
39490000 44.408
39500000 36.373
39510000 34.0472
39520000 45.8173
39530000 31.0761
39540000 37.8916
39550000 30.0622
39560000 37.7789
39570000 71.119
39580000 36.5453
39590000 83.7521
39600000 32.0896
39610000 58.8419
39620000 31.6462
39630000 38.5624
39640000 31.7005
39650000 35.7859
39660000 30.4215
39670000 34.2838
39680000 30.5407
39690000 50.3404
39700000 30.3759
39710000 45.946
39720000 29.4614
39730000 43.4971
39740000 29.2066
39750000 36.0307
39760000 31.6755
39770000 32.2161
39780000 30.8656
39790000 31.0711
39800000 40.5771
39810000 30.4578
39820000 53.8109
39830000 44.2534
39840000 48.9486
39850000 76.616
39860000 47.7454
39870000 46.6932
39880000 36.1951
39890000 41.7269
39900000 35.5663
39910000 37.2442
39920000 39.6925
39930000 35.6895
39940000 42.6
39950000 50.0238
39960000 34.0919
39970000 39.6548
39980000 30.7834
39990000 37.6502
40000000 29.5546
40010000 37.3725
40020000 83.6426
40030000 35.3632
40040000 58.3575
40050000 31.7111
40060000 38.3029
40070000 31.5529
40080000 37.7938
40090000 31.3101
40100000 35.8096
40110000 30.4459
40120000 34.1197
40130000 30.3406
40140000 50.4431
40150000 29.8999
40160000 42.8624
40170000 30.2979
40180000 45.812
40190000 29.617
40200000 34.0926
40210000 31.0249
40220000 32.4564
40230000 30.5411
40240000 30.9404
40250000 40.4958
40260000 112.395
40270000 49.302
40280000 77.92
40290000 55.0026
40300000 76.5795
40310000 120.391
40320000 41.707
40330000 35.8923
40340000 40.2616
40350000 31.6786
40360000 35.6115
40370000 44.7457
40380000 36.3191
40390000 34.4598
40400000 50.2259
40410000 31.9447
40420000 38.2065
40430000 29.788
40440000 37.2038
40450000 29.1041
40460000 37.2978
40470000 84.124
40480000 32.6535
40490000 58.7799
40500000 31.9914
40510000 38.6553
40520000 31.5997
40530000 36.0302
40540000 30.3081
40550000 35.5466
40560000 30.4113
40570000 89.3722
40580000 30.3785
40590000 45.3446
40600000 29.8347
40610000 43.2608
40620000 29.6023
40630000 37.004
40640000 29.9355
40650000 33.5928
40660000 31.1896
40670000 111.72
40680000 30.0385
40690000 30.6308
40700000 53.6948
40710000 112.559
40720000 48.7708
40730000 77.6613
40740000 47.6833
40750000 44.3124
40760000 40.8898
40770000 41.7623
40780000 35.4902
40790000 37.7593
40800000 31.4342
40810000 35.8757
40820000 44.7064
40830000 36.3713
40840000 34.0581
40850000 45.7385
40860000 31.0468
40870000 37.788
40880000 30.2484
40890000 37.3072
40900000 83.5173
40910000 35.7304
40920000 83.7794
40930000 31.8381
40940000 58.6855
40950000 31.4436
40960000 38.3062
40970000 31.746
40980000 35.85
40990000 30.3261
41000000 34.2029
41010000 30.5185
41020000 50.4632
41030000 30.6856
41040000 43.0039
41050000 29.5288
41060000 43.4773
41070000 29.2892
41080000 35.044
41090000 31.6424
41100000 32.2946
41110000 30.3421
41120000 31.0854
41130000 40.6281
41140000 30.5835
41150000 49.2618
41160000 44.3311
41170000 49.2283
41180000 77.1045
41190000 29.3535
41200000 46.4965
41210000 36.2233
41220000 42.0862
41230000 31.905
41240000 36.6205
41250000 39.9274
41260000 35.7177
41270000 42.3904
41280000 49.7271
41290000 31.7179
41300000 38.924
41310000 30.7296
41320000 37.7696
41330000 29.192
41340000 37.4858
41350000 84.1456
41360000 35.1348
41370000 58.7082
41380000 32.0454
41390000 38.4126
41400000 31.3054
41410000 38.0958
41420000 31.088
41430000 35.6103
41440000 30.4486
41450000 34.1118
41460000 30.5128
41470000 49.6972
41480000 30.0091
41490000 42.1687
41500000 30.1143
41510000 38.822
41520000 29.6448
41530000 33.6343
41540000 31.0364
41550000 33.1615
41560000 30.491
41570000 30.8844
41580000 40.2353
41590000 112.482
41600000 49.1019
41610000 77.9087
41620000 49.8183
41630000 45.2995
41640000 120.466
41650000 41.6576
41660000 35.4045
41670000 39.6911
41680000 31.5283
41690000 35.9874
41700000 44.6897
41710000 36.1933
41720000 34.7776
41730000 50.0999
41740000 31.7351
41750000 38.2239
41760000 29.9616
41770000 37.1397
41780000 29.1075
41790000 37.0368
41800000 83.9616
41810000 31.8351
41820000 58.9687
41830000 31.7644
41840000 37.3784
41850000 31.6765
41860000 36.2067
41870000 30.3804
41880000 33.5022
41890000 30.5515
41900000 48.7346
41910000 30.2067
41920000 45.9477
41930000 29.6155
41940000 43.2853
41950000 29.3563
41960000 36.2924
41970000 31.9997
41980000 32.9379
41990000 31.1533
42000000 111.518
42010000 30.0764
42020000 30.8837
42030000 53.794
42040000 44.3877
42050000 48.6264
42060000 83.0406
42070000 47.7499
42080000 64.3009
42090000 40.9639
42100000 41.7125
42110000 35.6068
42120000 37.5029
42130000 31.3472
42140000 35.7877
42150000 44.7129
42160000 35.5303
42170000 34.03
42180000 39.5477
42190000 31.0033
42200000 37.5879
42210000 30.2681
42220000 37.4501
42230000 83.4563
42240000 35.5691
42250000 58.5764
42260000 31.6806
42270000 38.3751
42280000 31.2826
42290000 37.9705
42300000 31.4101
42310000 35.8395
42320000 30.6573
42330000 34.1484
42340000 30.3815
42350000 50.5965
42360000 30.2502
42370000 42.8678
42380000 30.3185
42390000 43.4482
42400000 29.2127
42410000 34.8768
42420000 31.0385
42430000 32.2919
42440000 30.3975
42450000 30.9977
42460000 40.4555
42470000 107.288
42480000 48.9805
42490000 98.1009
42500000 49.3919
42510000 76.5807
42520000 29.2486
42530000 41.7838
42540000 36.2668
42550000 42.0073
42560000 31.8147
42570000 35.9703
42580000 39.6299
42590000 35.7289
42600000 34.6089
42610000 49.8744
42620000 31.8385
42630000 38.4072
42640000 30.8705
42650000 37.3454
42660000 29.2634
42670000 37.1838
42680000 84.2415
42690000 33.2153
42700000 59.0543
42710000 32.0627
42720000 38.163
42730000 31.4559
42740000 35.7754
42750000 30.915
42760000 35.1303
42770000 30.3789
42780000 33.7476
42790000 30.3533
42800000 49.6815
42810000 29.9045
42820000 43.3503
42830000 29.7863
42840000 36.8549
42850000 30.1212
42860000 33.5417
42870000 31.3197
42880000 33.1569
42890000 30.7524
42900000 30.2792
42910000 40.2802
42920000 112.597
42930000 48.7949
42940000 77.6359
42950000 49.3165
42960000 44.9825
42970000 40.9546
42980000 41.8937
42990000 35.4192
43000000 39.2791
43010000 31.8136
43020000 36.0449
43030000 44.4316
43040000 36.3666
43050000 34.0765
43060000 45.7874
43070000 31.0234
43080000 37.9057
43090000 30.1196
43100000 37.7618
43110000 71.1487
43120000 36.5492
43130000 83.7711
43140000 32.1524
43150000 58.8408
43160000 31.5476
43170000 38.5647
43180000 31.6923
43190000 35.7983
43200000 30.4259
43210000 34.3035
43220000 30.5407
43230000 50.3528
43240000 30.3822
43250000 45.9628
43260000 29.476
43270000 43.5046
43280000 29.2316
43290000 36.0458
43300000 31.669
43310000 32.2218
43320000 30.8856
43330000 31.1456
43340000 40.5986
43350000 30.4826
43360000 53.8319
43370000 44.2653
43380000 48.9741
43390000 76.5526
43400000 47.764
43410000 46.6929
43420000 36.2294
43430000 41.7402
43440000 35.5931
43450000 36.9169
43460000 39.725
43470000 35.7048
43480000 42.5028
43490000 50.0281
43500000 34.1314
43510000 39.6483
43520000 30.8102
43530000 37.6407
43540000 29.479
43550000 37.3611
43560000 83.6449
43570000 35.368
43580000 58.3867
43590000 31.6992
43600000 38.3398
43610000 31.5843
43620000 37.8027
43630000 31.4581
43640000 35.7394
43650000 30.4416
43660000 34.1995
43670000 30.3473
43680000 50.4346
43690000 29.9239
43700000 42.867
43710000 30.2449
43720000 45.8316
43730000 29.6335
43740000 34.0809
43750000 31.0294
43760000 32.4796
43770000 30.572
43780000 30.9696
43790000 40.4905
43800000 112.397
43810000 49.3215
43820000 77.9221
43830000 55.0238
43840000 76.5861
43850000 120.418
43860000 41.7079
43870000 35.9122
43880000 40.2604
43890000 31.7279
43900000 35.8266
43910000 44.7705
43920000 36.3215
43930000 34.49
43940000 50.2243
43950000 31.9712
43960000 38.2143
43970000 29.9005
43980000 37.1874
43990000 29.116
44000000 37.2819
44010000 84.1278
44020000 32.667
44030000 58.7924
44040000 32.0117
44050000 38.6666
44060000 31.5976
44070000 36.024
44080000 30.4048
44090000 35.5617
44100000 30.3989
44110000 89.3794
44120000 30.391
44130000 45.3564
44140000 29.6461
44150000 43.2692
44160000 29.688
44170000 37.0354
44180000 29.935
44190000 33.6063
44200000 31.1634
44210000 111.718
44220000 30.0645
44230000 30.6476
44240000 53.7067
44250000 112.66
44260000 48.796
44270000 77.6723
44280000 47.6861
44290000 44.3177
44300000 40.9088
44310000 41.7703
44320000 35.53
44330000 37.7717
44340000 31.4353
44350000 35.8849
44360000 44.7231
44370000 36.3913
44380000 34.0597
44390000 45.7122
44400000 31.072
44410000 37.8012
44420000 30.225
44430000 37.3017
44440000 83.5336
44450000 35.7478
44460000 83.803
44470000 31.8351
44480000 58.6782
44490000 31.4541
44500000 38.3464
44510000 31.8556
44520000 35.9175
44530000 30.3416
44540000 34.2178
44550000 30.4744
44560000 50.4774
44570000 30.6543
44580000 42.9777
44590000 29.5568
44600000 43.3211
44610000 29.2663
44620000 34.9118
44630000 31.6454
44640000 32.3184
44650000 30.368
44660000 31.1132
44670000 40.6302
44680000 30.5957
44690000 49.2798
44700000 44.3239
44710000 49.2389
44720000 77.113
44730000 29.3709
44740000 46.4951
44750000 36.243
44760000 42.0838
44770000 32.1323
44780000 36.5885
44790000 39.9933
44800000 35.7319
44810000 42.4099
44820000 49.6958
44830000 31.6533
44840000 38.9581
44850000 30.7579
44860000 37.7623
44870000 29.2388
44880000 37.5034
44890000 84.1673
44900000 35.1522
44910000 58.7276
44920000 32.1038
44930000 38.4308
44940000 31.2977
44950000 38.1071
44960000 31.1073
44970000 35.6159
44980000 30.4475
44990000 34.0865
45000000 30.5262
45010000 49.7113
45020000 29.9692
45030000 42.1731
45040000 30.185
45050000 38.8319
45060000 29.6792
45070000 33.6501
45080000 31.0398
45090000 33.2049
45100000 30.5714
45110000 30.8787
45120000 40.2376
45130000 112.485
45140000 49.1182
45150000 77.9138
45160000 49.8549
45170000 45.3107
45180000 40.9177
45190000 41.6492
45200000 35.4285
45210000 39.6909
45220000 31.5607
45230000 35.9919
45240000 44.7071
45250000 36.187
45260000 34.7948
45270000 49.9074
45280000 31.7706
45290000 38.1904
45300000 30.0121
45310000 37.1471
45320000 29.1339
45330000 36.7322
45340000 83.9749
45350000 31.8606
45360000 58.9939
45370000 31.7178
45380000 37.3756
45390000 31.6685
45400000 36.004
45410000 30.3943
45420000 33.6125
45430000 30.5618
45440000 48.7418
45450000 30.2364
45460000 45.9325
45470000 29.6123
45480000 43.3108
45490000 29.3796
45500000 36.3211
45510000 32.01
45520000 32.9705
45530000 31.1829
45540000 111.519
45550000 30.0869
45560000 30.9113
45570000 53.8102
45580000 44.3889
45590000 48.6515
45600000 83.037
45610000 47.8102
45620000 64.3065
45630000 40.9899
45640000 41.7413
45650000 35.6334
45660000 37.4992
45670000 31.326
45680000 35.7961
45690000 44.7334
45700000 35.5283
45710000 34.0663
45720000 39.5374
45730000 31.0259
45740000 37.5791
45750000 30.3123
45760000 37.2791
45770000 83.4797
45780000 35.5841
45790000 58.557
45800000 31.7112
45810000 38.3831
45820000 31.3101
45830000 37.9918
45840000 31.4196
45850000 35.9086
45860000 30.6646
45870000 34.1638
45880000 30.3811
45890000 50.7107
45900000 30.2559
45910000 42.8828
45920000 30.333
45930000 43.4684
45940000 29.234
45950000 34.8941
45960000 31.0735
45970000 32.3073
45980000 30.4136
45990000 31.0124
46000000 40.4774
46010000 107.282
46020000 49.0691
46030000 98.1031
46040000 49.412
46050000 76.5887
46060000 29.3165
46070000 41.7907
46080000 36.2917
46090000 41.9694
46100000 31.8383
46110000 35.9541
46120000 39.6574
46130000 35.7215
46140000 34.6369
46150000 49.8839
46160000 31.8674
46170000 38.4045
46180000 30.8877
46190000 37.3426
46200000 29.3239
46210000 37.1756
46220000 84.2454
46230000 33.2296
46240000 59.0591
46250000 32.0819
46260000 38.2883
46270000 31.4627
46280000 35.784
46290000 30.9035
46300000 35.1498
46310000 30.408
46320000 33.7577
46330000 30.4009
46340000 49.6905
46350000 29.9354
46360000 43.3687
46370000 29.7824
46380000 36.8916
46390000 30.1306
46400000 33.5663
46410000 31.3157
46420000 33.1859
46430000 30.695
46440000 30.2974
46450000 40.2895
46460000 112.586
46470000 48.8278
46480000 77.6301
46490000 49.3237
46500000 44.9647
46510000 40.9775
46520000 41.9105
46530000 35.4416
46540000 39.2468
46550000 31.922
46560000 36.0541
46570000 44.4465
46580000 36.3673
46590000 34.0863
46600000 45.7877
46610000 31.0643
46620000 37.8981
46630000 30.1437
46640000 37.7061
46650000 71.1671
46660000 36.5709
46670000 83.7955
46680000 31.9869
46690000 58.8547
46700000 31.5622
46710000 38.5784
46720000 31.6901
46730000 35.7678
46740000 30.4598
46750000 34.295
46760000 30.6148
46770000 50.3669
46780000 30.2675
46790000 45.9772
46800000 29.4589
46810000 43.5095
46820000 29.2551
46830000 36.0737
46840000 31.6572
46850000 32.2523
46860000 30.8932
46870000 31.1584
46880000 40.6153
46890000 30.4949
46900000 53.9451
46910000 44.2723
46920000 48.9845
46930000 76.5542
46940000 47.7409
46950000 46.6906
46960000 36.2497
46970000 41.7323
46980000 35.6307
46990000 36.8869
47000000 39.752
47010000 35.7122
47020000 42.526
47030000 50.0445
47040000 34.1422
47050000 39.6426
47060000 30.8391
47070000 37.6998
47080000 29.5216
47090000 37.3832
47100000 83.662
47110000 35.3553
47120000 58.4098
47130000 31.7319
47140000 38.3596
47150000 31.5866
47160000 37.8241
47170000 31.448
47180000 35.7492
47190000 30.4646
47200000 34.23
47210000 30.3624
47220000 50.4463
47230000 29.9535
47240000 42.916
47250000 30.2577
47260000 45.8511
47270000 29.6626
47280000 34.1376
47290000 31.0409
47300000 32.5108
47310000 30.6156
47320000 30.984
47330000 40.4634
47340000 112.445
47350000 49.3327
47360000 77.924
47370000 55.0375
47380000 76.589
47390000 120.439
47400000 41.7191
47410000 35.9348
47420000 40.25
47430000 31.7669
47440000 35.821
47450000 44.7487
47460000 36.3299
47470000 34.962
47480000 50.2966
47490000 31.9639
47500000 38.2179
47510000 29.9203
47520000 37.1847
47530000 29.3304
47540000 37.2294
47550000 84.149
47560000 32.6871
47570000 58.8334
47580000 32.035
47590000 38.6774
47600000 31.6063
47610000 36.0332
47620000 30.4012
47630000 35.5746
47640000 30.4008
47650000 89.3436
47660000 30.4368
47670000 45.3609
47680000 29.6552
47690000 43.3556
47700000 29.7033
47710000 37.0657
47720000 29.936
47730000 33.6141
47740000 31.1948
47750000 111.727
47760000 30.0911
47770000 30.6662
47780000 53.7225
47790000 112.662
47800000 48.8182
47810000 77.6638
47820000 47.697
47830000 44.3221
47840000 40.9397
47850000 41.7717
47860000 35.6094
47870000 37.8074
47880000 31.4672
47890000 35.9025
47900000 44.7709
47910000 36.4061
47920000 34.0964
47930000 45.7056
47940000 31.0972
47950000 37.8049
47960000 30.255
47970000 37.3057
47980000 83.5536
47990000 35.7276
48000000 83.809
48010000 31.8623
48020000 58.6936
48030000 31.5368
48040000 38.3279
48050000 31.8621
48060000 35.9315
48070000 30.3704
48080000 34.232
48090000 30.4741
48100000 50.4904
48110000 30.656
48120000 43.0103
48130000 29.5648
48140000 43.3301
48150000 29.2802
48160000 34.9288
48170000 31.6567
48180000 32.3422
48190000 30.3741
48200000 31.1368
48210000 40.6428
48220000 30.6107
48230000 49.2627
48240000 44.3971
48250000 49.259
48260000 77.1394
48270000 29.3884
48280000 46.4964
48290000 36.2664
48300000 42.0947
48310000 32.1694
48320000 36.5633
48330000 40.033
48340000 35.7368
48350000 42.4326
48360000 49.6885
48370000 31.6726
48380000 38.9487
48390000 30.783
48400000 37.7726
48410000 29.2614
48420000 37.4225
48430000 84.1826
48440000 35.1397
48450000 58.7214
48460000 32.1577
48470000 38.4247
48480000 31.3365
48490000 38.1118
48500000 31.1274
48510000 35.6718
48520000 30.4678
48530000 34.104
48540000 30.5345
48550000 49.7216
48560000 30.012
48570000 42.1956
48580000 30.1534
48590000 38.6535
48600000 29.6841
48610000 33.6531
48620000 31.0126
48630000 33.2239
48640000 30.5716
48650000 30.8992
48660000 40.2517
48670000 112.456
48680000 49.1304
48690000 77.9233
48700000 49.883
48710000 45.2906
48720000 40.9408
48730000 41.6644
48740000 35.4525
48750000 39.3412
48760000 31.621
48770000 36.0007
48780000 44.704
48790000 36.1877
48800000 34.8124
48810000 49.9134
48820000 31.7924
48830000 38.1895
48840000 30.0321
48850000 37.7743
48860000 29.1683
48870000 36.6597
48880000 83.9816
48890000 31.8846
48900000 59.0423
48910000 31.773
48920000 37.3817
48930000 31.6716
48940000 36.0035
48950000 30.3899
48960000 33.9407
48970000 30.5708
48980000 48.7556
48990000 30.2498
49000000 45.9302
49010000 29.654
49020000 43.3223
49030000 29.4036
49040000 36.3481
49050000 31.9955
49060000 32.985
49070000 31.1812
49080000 111.524
49090000 30.09
49100000 30.8651
49110000 53.822
49120000 44.3957
49130000 48.6644
49140000 82.9462
49150000 47.7964
49160000 45.981
49170000 41.017
49180000 41.7619
49190000 35.6466
49200000 37.5083
49210000 31.3575
49220000 35.8056
49230000 42.363
49240000 35.5267
49250000 34.1165
49260000 39.5402
49270000 31.0488
49280000 37.5855
49290000 30.3568
49300000 37.2838
49310000 83.4966
49320000 35.6005
49330000 58.5616
49340000 31.7409
49350000 38.4034
49360000 31.3557
49370000 37.9995
49380000 31.4126
49390000 35.916
49400000 30.6449
49410000 34.1653
49420000 30.3532
49430000 50.7286
49440000 30.2722
49450000 42.8961
49460000 30.3019
49470000 43.4907
49480000 29.1906
49490000 34.9038
49500000 31.1016
49510000 32.333
49520000 30.4569
49530000 31.0245
49540000 40.4782
49550000 107.338
49560000 49.2697
49570000 98.0888
49580000 49.421
49590000 76.5811
49600000 29.3484
49610000 41.8047
49620000 36.321
49630000 41.9779
49640000 31.8506
49650000 35.9533
49660000 39.7612
49670000 35.656
49680000 34.6657
49690000 49.8913
49700000 31.8982
49710000 38.4139
49720000 30.9175
49730000 37.3334
49740000 29.3292
49750000 37.166
49760000 84.2632
49770000 33.2178
49780000 59.0438
49790000 32.0291
49800000 38.2981
49810000 31.466
49820000 35.7923
49830000 30.382
49840000 35.1926
49850000 30.4055
49860000 33.774
49870000 30.3964
49880000 49.7038
49890000 29.9884
49900000 43.3973
49910000 29.8229
49920000 36.9178
49930000 30.129
49940000 33.5821
49950000 31.3195
49960000 112.454
49970000 30.7154
49980000 30.3128
49990000 40.3016
50000000 112.582
