10000 205.365
20000 187.172
30000 74.5325
40000 68.3752
50000 40.6612
60000 35.3447
70000 27.3418
80000 24.5428
90000 20.6846
100000 32.1884
110000 16.7303
120000 19.1306
130000 16.1071
140000 16.2436
150000 14.2292
160000 14.8448
170000 12.9564
180000 12.9872
190000 12.5059
200000 13.8687
210000 11.921
220000 13.4848
230000 11.077
240000 11.1944
250000 10.6721
260000 10.8096
270000 10.5735
280000 10.4619
290000 10.2014
300000 9.97241
310000 9.86151
320000 13.1036
330000 9.65651
340000 11.5799
350000 9.49129
360000 10.3182
370000 9.40674
380000 9.93541
390000 9.39948
400000 9.63897
410000 9.08064
420000 9.30836
430000 21.2607
440000 23.8639
450000 16.2901
460000 23.3212
470000 14.2472
480000 11.1422
490000 9.89099
500000 10.4103
510000 9.30302
520000 10.0957
530000 9.08941
540000 9.92301
550000 30.1901
560000 9.75586
570000 12.3186
580000 11.5663
590000 11.4792
600000 10.069
610000 10.8903
620000 9.85112
630000 9.62363
640000 9.93107
650000 11.3181
660000 9.11721
670000 11.699
680000 9.02662
690000 9.23212
700000 8.86659
710000 8.81461
720000 8.84069
730000 8.67734
740000 8.69432
750000 12.3025
760000 8.60332
770000 11.2355
780000 8.39916
790000 10.4368
800000 8.64232
810000 9.34856
820000 8.53661
830000 9.01654
840000 8.64503
850000 13.946
860000 21.0909
870000 8.57135
880000 21.5814
890000 22.8406
900000 14.9848
910000 12.4111
920000 11.0678
930000 10.2191
940000 9.04612
950000 9.85923
960000 8.72683
970000 9.69784
980000 27.0601
990000 9.38875
1000000 28.2744
1010000 9.16848
1020000 11.7561
1030000 9.62251
1040000 11.1336
1050000 9.5403
1060000 10.4892
1070000 9.50779
1080000 11.208
1090000 9.3605
1100000 10.7613
1110000 8.74847
1120000 8.8834
1130000 8.65368
1140000 8.76146
1150000 8.51842
1160000 8.64382
1170000 8.73188
1180000 8.33563
1190000 8.41411
1200000 12.1027
1210000 8.36586
1220000 10.3319
1230000 8.16945
1240000 10.3544
1250000 8.27292
1260000 8.97368
1270000 8.22739
1280000 8.57924
1290000 8.22288
1300000 8.37148
1310000 20.8071
1320000 23.5334
1330000 15.0921
1340000 23.2368
1350000 17.1083
1360000 11.1672
1370000 8.8973
1380000 9.76149
1390000 8.8324
1400000 9.67649
1410000 8.26724
1420000 9.35105
1430000 29.7374
1440000 9.10654
1450000 12.3788
1460000 11.2004
1470000 11.5941
1480000 9.48145
1490000 10.5815
1500000 9.3299
1510000 8.97853
1520000 9.44208
1530000 11.1622
1540000 8.68951
1550000 10.9476
1560000 8.62143
1570000 8.59485
1580000 8.44974
1590000 8.51295
1600000 8.52826
1610000 8.58829
1620000 8.4268
1630000 21.3174
1640000 8.36303
1650000 10.8428
1660000 8.1366
1670000 10.1887
1680000 8.14707
1690000 8.99973
1700000 8.17428
1710000 8.59517
1720000 8.31512
1730000 13.8111
1740000 7.96964
1750000 8.26715
1760000 21.4503
1770000 23.3344
1780000 14.9026
1790000 22.4315
1800000 12.2206
1810000 9.92223
1820000 8.82145
1830000 9.68879
1840000 8.41037
1850000 9.51727
1860000 8.06925
1870000 9.26184
1880000 29.741
1890000 9.01197
1900000 11.6107
1910000 10.6814
1920000 10.8217
1930000 9.29532
1940000 10.2701
1950000 9.32033
1960000 8.84374
1970000 9.50349
1980000 10.7476
1990000 8.63557
2000000 10.9381
2010000 8.59699
2020000 8.52869
2030000 8.43404
2040000 8.32149
2050000 8.4911
2060000 8.19934
2070000 8.34301
2080000 11.9971
2090000 8.31229
2100000 10.1991
2110000 8.00136
2120000 10.1249
2130000 8.14107
2140000 8.98874
2150000 8.14881
2160000 8.51736
2170000 8.31969
2180000 8.24867
2190000 20.844
2200000 8.20614
2210000 21.4321
2220000 22.9412
2230000 14.5493
2240000 11.723
2250000 8.9555
2260000 9.80087
2270000 8.70642
2280000 9.59356
2290000 8.46691
2300000 9.28188
2310000 26.9364
2320000 9.10906
2330000 28.1367
2340000 11.1751
2350000 11.5258
2360000 9.44255
2370000 10.9166
2380000 9.29456
2390000 9.10097
2400000 9.20334
2410000 10.9555
2420000 9.12802
2430000 10.528
2440000 8.54241
2450000 8.55655
2460000 8.45266
2470000 8.39416
2480000 8.34351
2490000 8.42128
2500000 8.41463
2510000 8.31546
2520000 8.30182
2530000 12.0209
2540000 8.09981
2550000 10.1683
2560000 8.02156
2570000 10.26
2580000 8.1286
2590000 8.63232
2600000 8.09428
2610000 8.4561
2620000 8.09181
2630000 8.25414
2640000 20.717
2650000 23.3839
2660000 14.9438
2670000 22.9782
2680000 12.9661
2690000 10.4683
2700000 19.7526
2710000 9.54492
2720000 8.82065
2730000 9.5703
2740000 8.10646
2750000 9.19847
2760000 29.8232
2770000 9.02087
2780000 12.0847
2790000 11.1448
2800000 11.4392
2810000 9.45445
2820000 10.2564
2830000 9.19844
2840000 8.84844
2850000 9.38051
2860000 10.9264
2870000 8.51521
2880000 10.7012
2890000 8.53517
2900000 8.34539
2910000 8.43971
2920000 8.27533
2930000 8.43227
2940000 8.47318
2950000 8.28843
2960000 11.631
2970000 8.32481
2980000 10.7804
2990000 8.04907
3000000 10.1292
3010000 8.13893
3020000 8.93914
3030000 8.07754
3040000 8.46516
3050000 8.24264
3060000 13.8464
3070000 7.95039
3080000 8.20343
3090000 21.3946
3100000 22.6235
3110000 14.4436
3120000 22.438
3130000 10.3863
3140000 9.79516
3150000 8.74712
3160000 9.62629
3170000 8.36558
3180000 9.45763
3190000 7.98944
3200000 9.05715
3210000 29.655
3220000 8.87801
3230000 11.4764
3240000 9.39533
3250000 10.8235
3260000 9.21412
3270000 10.1781
3280000 9.26807
3290000 10.8411
3300000 9.14283
3310000 10.6039
3320000 8.49781
3330000 8.62831
3340000 8.54862
3350000 8.41453
3360000 8.36495
3370000 8.23614
3380000 8.50013
3390000 8.16419
3400000 8.29865
3410000 11.9473
3420000 8.25995
3430000 10.2527
3440000 7.96398
3450000 10.0798
3460000 8.03508
3470000 8.90886
3480000 8.03051
3490000 8.46024
3500000 8.14917
3510000 8.23395
3520000 20.8107
3530000 8.20992
3540000 14.9291
3550000 23.1748
3560000 15.1754
3570000 10.947
3580000 8.7328
3590000 9.62519
3600000 8.65325
3610000 9.53291
3620000 8.15946
3630000 9.20513
3640000 26.7254
3650000 9.01392
3660000 12.1927
3670000 11.1251
3680000 11.4188
3690000 9.35336
3700000 10.9907
3710000 9.211
3720000 8.85062
3730000 9.31029
3740000 10.8946
3750000 9.04603
3760000 10.6801
3770000 8.47627
3780000 8.42779
3790000 8.37248
3800000 8.36316
3810000 8.40219
3820000 8.40647
3830000 8.36337
3840000 7.99855
3850000 8.29985
3860000 11.7272
3870000 8.07299
3880000 10.2893
3890000 7.98789
3900000 8.91209
3910000 8.05605
3920000 8.4824
3930000 8.04883
3940000 8.43279
3950000 8.00036
3960000 8.19864
3970000 20.6652
3980000 23.3406
3990000 14.8999
4000000 22.8684
4010000 11.9939
4020000 10.0616
4030000 8.77785
4040000 9.55049
4050000 8.25592
4060000 9.37772
4070000 8.07874
4080000 9.17033
4090000 29.782
4100000 8.99745
4110000 11.5925
4120000 10.6267
4130000 10.7316
4140000 9.37715
4150000 10.1896
4160000 9.25515
4170000 8.79996
4180000 9.37419
4190000 10.7612
4200000 8.54755
4210000 10.8279
4220000 8.55055
4230000 8.45464
4240000 8.39721
4250000 8.25098
4260000 8.42083
4270000 8.21694
4280000 8.2803
4290000 11.958
4300000 8.27211
4310000 10.8722
4320000 7.98652
4330000 10.1143
4340000 8.11896
4350000 8.94537
4360000 8.13854
4370000 8.66958
4380000 8.21731
4390000 13.8832
4400000 20.7968
4410000 8.20505
4420000 21.3502
4430000 22.6195
4440000 14.3654
4450000 11.9136
4460000 10.3465
4470000 9.78832
4480000 8.68289
4490000 9.53674
4500000 8.33613
4510000 9.36424
4520000 26.8921
4530000 9.06492
4540000 28.0884
4550000 8.84193
4560000 11.4614
4570000 9.3587
4580000 10.8282
4590000 9.25215
4600000 10.1291
4610000 9.22085
4620000 10.8898
4630000 9.09972
4640000 10.4802
4650000 8.50748
4660000 8.42769
4670000 8.44303
4680000 8.44436
4690000 8.3736
4700000 8.38806
4710000 8.60042
4720000 8.13919
4730000 8.27924
4740000 11.9666
4750000 8.22195
4760000 10.1962
4770000 7.9703
4780000 10.2026
4790000 8.04857
4800000 8.7802
4810000 7.98482
4820000 8.4554
4830000 8.12276
4840000 8.21779
4850000 20.696
4860000 23.3743
4870000 14.9135
4880000 23.1059
4890000 16.7712
4900000 10.8814
4910000 8.7062
4920000 9.5261
4930000 8.65711
4940000 9.50117
4950000 8.07548
4960000 9.16152
4970000 29.6285
4980000 8.95371
4990000 12.1518
5000000 11.0959
5010000 11.4116
5020000 9.34934
5030000 10.3757
5040000 9.17048
5050000 8.79481
5060000 9.30469
5070000 10.8553
5080000 8.53696
5090000 10.7023
5100000 8.49257
5110000 8.39095
5120000 8.35265
5130000 8.34684
5140000 8.42768
5150000 8.45191
5160000 8.36511
5170000 21.211
5180000 8.3158
5190000 10.7691
5200000 8.06733
5210000 10.1369
5220000 8.02871
5230000 8.91783
5240000 8.07963
5250000 8.47231
5260000 8.1343
5270000 13.8496
5280000 7.95674
5290000 8.19484
5300000 21.3527
5310000 23.2451
5320000 14.7468
5330000 22.3252
5340000 11.9094
5350000 9.74468
5360000 8.74997
5370000 9.55126
5380000 8.30307
5390000 9.40945
5400000 7.9581
5410000 9.17612
5420000 29.6467
5430000 8.8851
5440000 11.501
5450000 10.6115
5460000 10.6936
5470000 9.20081
5480000 10.1303
5490000 9.23762
5500000 8.71156
5510000 9.40023
5520000 10.6344
5530000 8.55416
5540000 10.7625
5550000 8.53247
5560000 8.40015
5570000 8.40253
5580000 8.21244
5590000 8.41971
5600000 8.16054
5610000 8.31634
5620000 11.9782
5630000 8.28625
5640000 10.1399
5650000 7.95455
5660000 10.0975
5670000 8.02668
5680000 8.9462
5690000 8.09449
5700000 8.49224
5710000 8.19224
5720000 8.21128
5730000 20.7691
5740000 8.16841
5750000 21.3558
5760000 22.8535
5770000 14.379
5780000 11.5415
5790000 8.86431
5800000 9.68862
5810000 8.65682
5820000 9.50048
5830000 8.36148
5840000 9.20438
5850000 26.8817
5860000 9.04133
5870000 28.0721
5880000 11.1465
5890000 11.4497
5900000 9.39488
5910000 10.8375
5920000 9.22313
5930000 8.99898
5940000 9.13696
5950000 10.8633
5960000 9.04341
5970000 10.4374
5980000 8.49509
5990000 8.43409
6000000 8.40047
6010000 8.31477
6020000 8.3418
6030000 8.35853
6040000 8.40832
6050000 8.2989
6060000 8.28937
6070000 11.8419
6080000 8.08077
6090000 10.1723
6100000 7.99618
6110000 10.2373
6120000 8.10051
6130000 8.58957
6140000 8.05278
6150000 8.44459
6160000 8.0981
6170000 8.24766
6180000 20.6727
6190000 23.3167
6200000 14.8605
6210000 22.878
6220000 12.8343
6230000 10.3334
6240000 19.7419
6250000 9.45924
6260000 8.79613
6270000 9.51241
6280000 8.0553
6290000 9.15422
6300000 29.7739
6310000 8.96943
6320000 12.0016
6330000 11.1234
6340000 11.371
6350000 9.41354
6360000 10.1685
6370000 9.17809
6380000 8.791
6390000 9.32748
6400000 10.8495
6410000 8.47547
6420000 10.6115
6430000 8.51731
6440000 8.2862
6450000 8.44122
6460000 8.22671
6470000 8.41896
6480000 8.43938
6490000 8.29698
6500000 11.6204
6510000 8.31541
6520000 10.7656
6530000 8.03469
6540000 10.1446
6550000 8.09176
6560000 8.92717
6570000 8.06004
6580000 8.45127
6590000 8.1918
6600000 13.8947
6610000 7.99389
6620000 8.20376
6630000 21.3461
6640000 22.5655
6650000 14.3438
6660000 22.3773
6670000 10.2732
6680000 9.72003
6690000 8.76519
6700000 9.5648
6710000 8.31006
6720000 9.39039
6730000 7.9694
6740000 9.02115
6750000 29.6072
6760000 8.82906
6770000 11.4312
6780000 9.36589
6790000 10.7726
6800000 9.19084
6810000 10.1038
6820000 9.14277
6830000 10.7984
6840000 9.10732
6850000 10.5525
6860000 8.46332
6870000 8.54898
6880000 8.52997
6890000 8.35044
6900000 8.36726
6910000 8.19245
6920000 8.48473
6930000 8.16222
6940000 8.30958
6950000 11.9568
6960000 8.2595
6970000 10.269
6980000 7.95318
6990000 10.0899
7000000 7.99883
7010000 8.90592
7020000 8.02792
7030000 8.47554
7040000 8.15294
7050000 8.23319
7060000 20.7698
7070000 8.21371
7080000 14.8836
7090000 23.1273
7100000 15.0869
7110000 10.8522
7120000 8.73804
7130000 9.5681
7140000 8.65091
7150000 9.46922
7160000 8.13127
7170000 9.15638
7180000 26.6905
7190000 8.9808
7200000 12.1199
7210000 11.1263
7220000 11.3822
7230000 9.34047
7240000 10.9503
7250000 9.18946
7260000 8.81033
7270000 9.26661
7280000 10.8487
7290000 9.01342
7300000 10.6526
7310000 8.45409
7320000 8.3809
7330000 8.34779
7340000 8.33472
7350000 8.39901
7360000 8.37238
7370000 8.3805
7380000 7.99978
7390000 8.3043
7400000 11.7374
7410000 8.07619
7420000 10.1891
7430000 7.99128
7440000 8.9139
7450000 8.06967
7460000 8.48136
7470000 8.04588
7480000 8.45301
7490000 8.03932
7500000 8.20918
7510000 20.6404
7520000 23.3014
7530000 14.8479
7540000 22.8389
7550000 11.9118
7560000 9.96111
7570000 8.78629
7580000 9.50793
7590000 8.25238
7600000 9.34798
7610000 8.08969
7620000 9.14842
7630000 29.7556
7640000 8.96275
7650000 11.5615
7660000 10.6126
7670000 10.6945
7680000 9.35901
7690000 10.1341
7700000 9.25596
7710000 8.773
7720000 9.33679
7730000 10.7291
7740000 8.54358
7750000 10.7557
7760000 8.57168
7770000 8.40227
7780000 8.384
7790000 8.2063
7800000 8.42747
7810000 8.2265
7820000 8.29743
7830000 11.9727
7840000 8.26307
7850000 10.883
7860000 8.00065
7870000 10.1319
7880000 8.09719
7890000 8.9457
7900000 8.13747
7910000 8.68799
7920000 8.20413
7930000 13.9253
7940000 20.7615
7950000 8.21177
7960000 21.3174
7970000 22.5857
7980000 14.3124
7990000 11.8407
8000000 10.2986
8010000 9.74398
8020000 8.67445
8030000 9.49006
8040000 8.3168
8050000 9.32286
8060000 26.8582
8070000 9.02822
8080000 28.0603
8090000 8.80712
8100000 11.4444
8110000 9.3486
8120000 10.8017
8130000 9.24895
8140000 10.0871
8150000 9.20801
8160000 10.85
8170000 9.07345
8180000 10.4513
8190000 8.51104
8200000 8.39551
8210000 8.4227
8220000 8.4146
8230000 8.38427
8240000 8.36113
8250000 8.6019
8260000 8.15086
8270000 8.28556
8280000 11.974
8290000 8.23126
8300000 10.2172
8310000 7.98206
8320000 10.2163
8330000 8.07305
8340000 8.78754
8350000 8.00377
8360000 8.44524
8370000 8.15691
8380000 8.23222
8390000 20.6846
8400000 23.3407
8410000 14.8875
8420000 23.0753
8430000 16.7162
8440000 10.8263
8450000 8.71971
8460000 9.48762
8470000 8.66373
8480000 9.46626
8490000 8.06946
8500000 9.1299
8510000 29.5962
8520000 8.94035
8530000 12.095
8540000 11.0973
8550000 11.3883
8560000 9.3896
8570000 10.3327
8580000 9.1724
8590000 8.78184
8600000 9.28332
8610000 10.8035
8620000 8.52873
8630000 10.6764
8640000 8.48869
8650000 8.35833
8660000 8.34585
8670000 8.33256
8680000 8.42936
8690000 8.44417
8700000 8.38915
8710000 21.1923
8720000 8.31286
8730000 10.7783
8740000 8.07036
8750000 10.1582
8760000 8.0482
8770000 8.92903
8780000 8.08777
8790000 8.47798
8800000 8.12105
8810000 13.8895
8820000 7.99741
8830000 8.20906
8840000 21.3145
8850000 23.2182
8860000 14.7228
8870000 22.2967
8880000 11.8619
8890000 9.70127
8900000 8.76628
8910000 9.51477
8920000 8.29704
8930000 9.34448
8940000 7.95481
8950000 9.15535
8960000 29.6176
8970000 8.85189
8980000 11.4803
8990000 10.611
9000000 10.6634
9010000 9.19678
9020000 10.091
9030000 9.24742
9040000 8.71528
9050000 9.23621
9060000 10.616
9070000 8.55387
9080000 10.7177
9090000 8.5503
9100000 8.37226
9110000 8.41009
9120000 8.19499
9130000 8.41242
9140000 8.17237
9150000 8.33552
9160000 11.9664
9170000 8.28627
9180000 10.1468
9190000 7.96764
9200000 10.1151
9210000 8.02953
9220000 8.99631
9230000 8.11454
9240000 8.51144
9250000 8.21213
9260000 8.22494
9270000 20.7488
9280000 8.18303
9290000 21.3318
9300000 22.8268
9310000 14.3402
9320000 11.4844
9330000 8.7945
9340000 9.59092
9350000 8.66293
9360000 9.46598
9370000 8.35498
9380000 9.17343
9390000 26.7146
9400000 9.02566
9410000 28.0508
9420000 11.1433
9430000 11.4233
9440000 9.39897
9450000 10.8234
9460000 9.22622
9470000 8.98079
9480000 9.12882
9490000 10.8368
9500000 9.03547
9510000 10.4235
9520000 8.4982
9530000 8.40932
9540000 8.38868
9550000 8.32543
9560000 8.35436
9570000 8.34878
9580000 8.42055
9590000 8.31065
9600000 8.29425
9610000 11.866
9620000 8.08764
9630000 10.1897
9640000 8.00658
9650000 10.246
9660000 8.11375
9670000 8.60166
9680000 8.06628
9690000 8.45773
9700000 8.13273
9710000 8.26284
9720000 20.661
9730000 23.2976
9740000 14.8503
9750000 22.8617
9760000 12.8098
9770000 10.2836
9780000 19.7614
9790000 9.42833
9800000 8.81109
9810000 9.48303
9820000 8.04169
9830000 9.14045
9840000 29.747
9850000 8.94863
9860000 11.9707
9870000 11.1194
9880000 11.3626
9890000 9.41309
9900000 10.14
9910000 9.19017
9920000 8.79906
9930000 9.31617
9940000 10.8352
9950000 8.47674
9960000 10.5974
9970000 8.52101
9980000 8.27204
9990000 8.42286
10000000 8.21331
10010000 8.42925
10020000 8.43347
10030000 8.32318
10040000 11.6678
10050000 8.32131
10060000 10.771
10070000 8.02753
10080000 10.1666
10090000 8.10292
10100000 8.94979
10110000 8.07714
10120000 8.47468
10130000 8.19798
10140000 13.9276
10150000 8.03483
10160000 8.22466
10170000 21.329
10180000 22.5443
10190000 14.3124
10200000 22.359
10210000 10.3077
10220000 9.68967
10230000 8.77278
10240000 9.54463
10250000 8.30484
10260000 9.35638
10270000 7.97201
10280000 9.00036
10290000 29.5864
10300000 8.81395
10310000 11.4171
10320000 9.36069
10330000 10.7572
10340000 9.19725
10350000 10.0732
10360000 9.14669
10370000 10.7796
10380000 9.10582
10390000 10.5336
10400000 8.46876
10410000 8.52903
10420000 8.53507
10430000 8.33626
10440000 8.37406
10450000 8.18116
10460000 8.49023
10470000 8.16918
10480000 8.32331
10490000 11.9685
10500000 8.26783
10510000 10.2874
10520000 7.97228
10530000 10.1058
10540000 7.99991
10550000 8.91344
10560000 8.04894
10570000 8.4959
10580000 8.17822
10590000 8.25288
10600000 20.7032
10610000 8.1352
10620000 14.8693
10630000 23.1063
10640000 15.0549
10650000 10.8099
10660000 8.75227
10670000 9.53244
10680000 8.66257
10690000 9.4453
10700000 8.12051
10710000 9.13308
10720000 26.6754
10730000 8.96525
10740000 12.1092
10750000 11.1245
10760000 11.3725
10770000 9.3446
10780000 10.9478
10790000 9.19287
10800000 8.78763
10810000 9.25731
10820000 10.8538
10830000 9.00819
10840000 10.6486
10850000 8.45534
10860000 8.37138
10870000 8.34349
10880000 8.35149
10890000 8.39264
10900000 8.37119
10910000 8.39659
10920000 8.00804
10930000 8.30991
10940000 11.7425
10950000 8.07915
10960000 10.2029
10970000 8.01077
10980000 8.92556
10990000 8.08647
11000000 8.48733
11010000 8.07065
11020000 8.43952
11030000 8.07265
11040000 8.21118
11050000 20.6312
11060000 23.2848
11070000 14.8336
11080000 22.826
11090000 11.8936
11100000 9.92243
11110000 8.80316
11120000 9.48647
11130000 8.25733
11140000 9.33047
11150000 8.09637
11160000 9.13022
11170000 29.7423
11180000 8.94031
11190000 11.5523
11200000 10.6071
11210000 10.6826
11220000 9.3631
11230000 10.1075
11240000 9.27283
11250000 8.75474
11260000 9.32055
11270000 10.7274
11280000 8.59485
11290000 10.7307
11300000 8.59213
11310000 8.36762
11320000 8.38064
11330000 8.19559
11340000 8.43855
11350000 8.24027
11360000 8.31306
11370000 11.9837
11380000 8.26568
11390000 10.8956
11400000 8.01512
11410000 10.1488
11420000 8.10499
11430000 8.95549
11440000 8.16078
11450000 8.70561
11460000 8.22371
11470000 13.9559
11480000 20.7455
11490000 8.23067
11500000 21.3031
11510000 22.5708
11520000 14.2935
11530000 11.8082
11540000 10.2864
11550000 9.71807
11560000 8.68032
11570000 9.46056
11580000 8.31588
11590000 9.29309
11600000 26.838
11610000 9.003
11620000 28.0577
11630000 8.80537
11640000 11.432
11650000 9.34831
11660000 10.7963
11670000 9.25948
11680000 10.0679
11690000 9.20953
11700000 10.8304
11710000 9.06674
11720000 10.4465
11730000 8.51885
11740000 8.38564
11750000 8.41956
11760000 8.40515
11770000 8.39076
11780000 8.35605
11790000 8.60067
11800000 8.17139
11810000 8.29503
11820000 11.9751
11830000 8.2416
11840000 10.2347
11850000 8.0027
11860000 10.2316
11870000 8.08976
11880000 8.80195
11890000 8.03067
11900000 8.46276
11910000 8.1806
11920000 8.25364
11930000 20.6795
11940000 23.3251
11950000 14.8756
11960000 23.0394
11970000 16.6934
11980000 10.7984
11990000 8.73526
12000000 9.43807
12010000 8.67258
12020000 9.44958
12030000 8.07243
12040000 9.11625
12050000 29.5777
12060000 8.9299
12070000 12.0716
12080000 11.0967
12090000 11.3829
12100000 9.3988
12110000 10.2906
12120000 9.18403
12130000 8.78491
12140000 9.27553
12150000 10.7956
12160000 8.53278
12170000 10.6629
12180000 8.493
12190000 8.35242
12200000 8.34346
12210000 8.32463
12220000 8.43951
12230000 8.4442
12240000 8.40001
12250000 21.1902
12260000 8.315
12270000 10.783
12280000 8.0731
12290000 10.1744
12300000 8.06632
12310000 8.9385
12320000 8.10428
12330000 8.48611
12340000 8.13554
12350000 13.9173
12360000 8.032
12370000 8.23068
12380000 21.3031
12390000 23.2051
12400000 14.7281
12410000 22.2854
12420000 11.8516
12430000 9.67276
12440000 8.78344
12450000 9.49412
12460000 8.30283
12470000 9.31125
12480000 7.95853
12490000 9.15272
12500000 29.6025
12510000 8.82631
12520000 11.4727
12530000 10.6128
12540000 10.6552
12550000 9.19982
12560000 10.0743
12570000 9.26258
12580000 8.74481
12590000 9.1741
12600000 10.6049
12610000 8.56316
12620000 10.6991
12630000 8.57076
12640000 8.36112
12650000 8.41566
12660000 8.19401
12670000 8.46822
12680000 8.18608
12690000 8.35127
12700000 11.9629
12710000 8.28954
12720000 10.1539
12730000 7.98665
12740000 10.13
12750000 8.04385
12760000 9.00643
12770000 8.13652
12780000 8.52786
12790000 8.2325
12800000 8.24117
12810000 20.7388
12820000 8.20367
12830000 21.32
12840000 22.8158
12850000 14.3057
12860000 11.4622
12870000 8.81238
12880000 9.57178
12890000 8.68553
12900000 9.46005
12910000 8.35254
12920000 9.15995
12930000 26.6823
12940000 9.00221
12950000 28.0404
12960000 11.1472
12970000 11.4177
12980000 9.40355
12990000 10.82
13000000 9.23873
13010000 8.97671
13020000 9.12855
13030000 10.8225
13040000 9.03406
13050000 10.4207
13060000 8.50918
13070000 8.39453
13080000 8.38823
13090000 8.32057
13100000 8.37666
13110000 8.34338
13120000 8.42785
13130000 8.31554
13140000 8.30323
13150000 11.8711
13160000 8.09774
13170000 10.1963
13180000 8.04702
13190000 9.09486
13200000 8.12215
13210000 8.60788
13220000 8.06766
13230000 8.47401
13240000 8.16695
13250000 8.28347
13260000 20.6551
13270000 23.2856
13280000 14.8444
13290000 22.854
13300000 11.9115
13310000 10.2568
13320000 19.7719
13330000 9.40532
13340000 8.82267
13350000 9.47719
13360000 8.05429
13370000 9.13549
13380000 29.7299
13390000 8.93913
13400000 11.9587
13410000 11.1182
13420000 11.3614
13430000 9.42064
13440000 10.1175
13450000 9.20783
13460000 8.7988
13470000 9.30741
13480000 10.8267
13490000 8.48244
13500000 10.5885
13510000 8.52811
13520000 8.24647
13530000 8.41748
13540000 8.21464
13550000 8.4357
13560000 8.43523
13570000 8.34504
13580000 11.6739
13590000 8.31998
13600000 10.8944
13610000 8.02685
13620000 10.1848
13630000 8.11176
13640000 8.964
13650000 8.09782
13660000 8.48312
13670000 8.21186
13680000 13.9284
13690000 8.06355
13700000 8.25216
13710000 21.3327
13720000 22.5352
13730000 14.2858
13740000 22.3503
13750000 10.2958
13760000 9.80313
13770000 8.78421
13780000 9.52424
13790000 8.30926
13800000 9.32873
13810000 7.97907
13820000 8.97389
13830000 29.5755
13840000 8.80732
13850000 11.4111
13860000 9.36198
13870000 10.7518
13880000 9.22722
13890000 10.0593
13900000 9.14994
13910000 10.7678
13920000 9.10566
13930000 10.5235
13940000 8.50969
13950000 8.52802
13960000 8.54468
13970000 8.33719
13980000 8.37724
13990000 8.30656
14000000 8.48195
14010000 8.18344
14020000 8.32402
14030000 11.9769
14040000 8.27774
14050000 10.3649
14060000 7.98816
14070000 10.121
14080000 8.03136
14090000 8.92298
14100000 8.07012
14110000 8.51262
14120000 8.19238
14130000 8.26956
14140000 20.6982
14150000 8.15018
14160000 14.8631
14170000 23.1007
14180000 15.0388
14190000 10.7753
14200000 8.76364
14210000 9.50755
14220000 8.67078
14230000 9.43624
14240000 8.12622
14250000 9.12084
14260000 26.6604
14270000 8.95666
14280000 12.0907
14290000 11.1181
14300000 11.3688
14310000 9.35028
14320000 10.9451
14330000 9.20219
14340000 8.77473
14350000 9.25283
14360000 10.9086
14370000 9.00438
14380000 10.6606
14390000 8.47132
14400000 8.36587
14410000 8.34312
14420000 8.34623
14430000 8.3979
14440000 8.36854
14450000 8.40712
14460000 8.02363
14470000 8.3172
14480000 11.7446
14490000 8.08501
14500000 10.214
14510000 8.03886
14520000 8.94471
14530000 8.09614
14540000 8.49933
14550000 8.09286
14560000 8.45515
14570000 8.10265
14580000 8.23074
14590000 20.6247
14600000 23.2783
14610000 14.8229
14620000 22.8188
14630000 11.8245
14640000 9.89816
14650000 8.80186
14660000 9.4725
14670000 8.26721
14680000 9.37449
14690000 8.1039
14700000 9.12272
14710000 29.7274
14720000 8.93295
14730000 11.4803
14740000 10.6055
14750000 10.6799
14760000 9.3654
14770000 10.0887
14780000 9.29757
14790000 8.75358
14800000 9.3178
14810000 10.7245
14820000 8.6056
14830000 10.7194
14840000 8.60185
14850000 8.35426
14860000 8.38098
14870000 8.19796
14880000 8.44482
14890000 8.24744
14900000 8.32651
14910000 11.991
14920000 8.26879
14930000 10.9077
14940000 8.02728
14950000 10.1601
14960000 8.11845
14970000 8.97039
14980000 8.18051
14990000 8.71099
15000000 8.24891
15010000 13.9718
15020000 20.7064
15030000 8.25053
15040000 21.2873
15050000 22.5567
15060000 14.2811
15070000 11.7883
15080000 10.2804
15090000 9.69706
15100000 8.69235
15110000 9.44397
15120000 8.31558
15130000 9.2819
15140000 26.8302
15150000 8.98786
15160000 28.0497
15170000 11.1347
15180000 11.4289
15190000 9.34842
15200000 10.7961
15210000 9.26966
15220000 10.0604
15230000 9.21824
15240000 10.822
15250000 9.06164
15260000 10.4451
15270000 8.53339
15280000 8.38772
15290000 8.42371
15300000 8.39726
15310000 8.40342
15320000 8.35826
15330000 8.59309
15340000 8.18214
15350000 8.30329
15360000 11.9786
15370000 8.24679
15380000 10.2438
15390000 8.02465
15400000 10.2443
15410000 8.08808
15420000 8.81101
15430000 8.05472
15440000 8.46543
15450000 8.20671
15460000 8.2708
15470000 20.6749
15480000 23.2969
15490000 14.8652
15500000 23.0389
15510000 16.6839
15520000 10.7799
15530000 8.7514
15540000 9.41741
15550000 8.688
15560000 9.44255
15570000 8.0802
15580000 9.10368
15590000 29.5642
15600000 8.92181
15610000 12.0546
15620000 11.0887
15630000 11.3815
15640000 9.40921
15650000 10.2697
15660000 9.19947
15670000 8.79176
15680000 9.27229
15690000 10.7942
15700000 8.53951
15710000 10.6498
15720000 8.49762
15730000 8.33911
15740000 8.3462
15750000 8.32382
15760000 8.44629
15770000 8.44918
15780000 8.40316
15790000 21.1812
15800000 8.31482
15810000 10.7892
15820000 8.07706
15830000 10.1887
15840000 8.08279
15850000 8.94762
15860000 8.11959
15870000 8.49743
15880000 8.15083
15890000 13.9321
15900000 8.04437
15910000 8.24922
15920000 21.2972
15930000 23.2013
15940000 14.7213
15950000 22.2784
15960000 11.8346
15970000 9.65752
15980000 8.79588
15990000 9.48845
16000000 8.31588
16010000 9.29287
16020000 7.9628
16030000 9.14291
16040000 29.5991
16050000 8.82146
16060000 11.4698
16070000 10.6108
16080000 10.6478
16090000 9.20331
16100000 10.0658
16110000 9.27623
16120000 8.75546
16130000 9.17204
16140000 10.5974
16150000 8.57351
16160000 10.6983
16170000 8.58571
16180000 8.35378
16190000 8.41761
16200000 8.19525
16210000 8.47666
16220000 8.20095
16230000 8.36283
16240000 11.9694
16250000 8.28791
16260000 10.1589
16270000 8.00324
16280000 10.1415
16290000 8.05699
16300000 9.03363
16310000 8.15879
16320000 8.5388
16330000 8.25213
16340000 8.25676
16350000 20.7326
16360000 8.22318
16370000 21.2913
16380000 22.8092
16390000 14.2968
16400000 11.447
16410000 8.82541
16420000 9.56149
16430000 8.69218
16440000 9.44501
16450000 8.35734
16460000 9.14261
16470000 26.6666
16480000 8.99416
16490000 28.0344
16500000 11.1507
16510000 11.4157
16520000 9.40572
16530000 10.8186
16540000 9.24206
16550000 8.86653
16560000 9.1334
16570000 10.7928
16580000 9.03231
16590000 10.4214
16600000 8.53918
16610000 8.40997
16620000 8.38704
16630000 8.32162
16640000 8.40457
16650000 8.3442
16660000 8.42756
16670000 8.35079
16680000 8.30992
16690000 11.879
16700000 8.10653
16710000 10.0189
16720000 8.06712
16730000 9.09036
16740000 8.13609
16750000 8.6156
16760000 8.08799
16770000 8.48575
16780000 8.19246
16790000 8.30021
16800000 20.653
16810000 23.2819
16820000 14.8429
16830000 22.8508
16840000 11.9033
16850000 10.2383
16860000 19.7838
16870000 9.38555
16880000 8.83124
16890000 9.47618
16900000 8.06695
16910000 9.128
16920000 29.7237
16930000 8.93562
16940000 11.9427
16950000 11.1144
16960000 11.3616
16970000 9.43175
16980000 10.1012
16990000 9.22459
17000000 8.8051
17010000 9.30255
17020000 10.8241
17030000 8.48693
17040000 10.5851
17050000 8.55459
17060000 8.24713
17070000 8.42476
17080000 8.21778
17090000 8.44869
17100000 8.43903
17110000 8.36415
17120000 11.6757
17130000 8.29781
17140000 10.9071
17150000 8.03583
17160000 10.1956
17170000 8.13094
17180000 8.97748
17190000 8.11936
17200000 8.49032
17210000 8.24568
17220000 13.9458
17230000 8.08959
17240000 8.27515
17250000 21.3077
17260000 22.535
17270000 14.2733
17280000 22.3475
17290000 10.285
17300000 9.78081
17310000 8.79465
17320000 9.51104
17330000 8.31185
17340000 9.31252
17350000 7.98801
17360000 8.96461
17370000 29.5695
17380000 8.79805
17390000 11.409
17400000 9.36226
17410000 10.7516
17420000 9.22967
17430000 10.053
17440000 9.16066
17450000 10.7656
17460000 9.1096
17470000 10.5015
17480000 8.5226
17490000 8.53576
17500000 8.53654
17510000 8.3258
17520000 8.38385
17530000 8.31262
17540000 8.48412
17550000 8.1947
17560000 8.33244
17570000 11.9877
17580000 8.28683
17590000 10.3807
17600000 8.00385
17610000 10.1273
17620000 8.04591
17630000 8.93337
17640000 8.09
17650000 8.52621
17660000 8.21475
17670000 8.28194
17680000 20.6951
17690000 8.16941
17700000 14.8652
17710000 23.0972
17720000 15.0327
17730000 10.7583
17740000 8.77324
17750000 9.49608
17760000 8.68401
17770000 9.42763
17780000 8.13431
17790000 9.11117
17800000 26.6516
17810000 8.94211
17820000 12.0922
17830000 11.1211
17840000 11.3655
17850000 9.35277
17860000 10.945
17870000 9.21281
17880000 8.7756
17890000 9.25293
17900000 10.9128
17910000 9.00828
17920000 10.662
17930000 8.48305
17940000 8.35995
17950000 8.34681
17960000 8.34958
17970000 8.40287
17980000 8.36386
17990000 8.4112
18000000 8.03393
18010000 8.32363
18020000 11.7499
18030000 8.10284
18040000 10.2208
18050000 8.05653
18060000 8.9597
18070000 8.12683
18080000 8.50897
18090000 8.11154
18100000 8.45728
18110000 8.13082
18120000 8.25169
18130000 20.6226
18140000 23.275
18150000 14.8227
18160000 22.8162
18170000 11.811
18180000 9.88228
18190000 8.81256
18200000 9.46405
18210000 8.27865
18220000 9.3644
18230000 8.11315
18240000 9.1199
18250000 29.7132
18260000 8.91509
18270000 11.4765
18280000 10.61
18290000 10.6735
18300000 9.3594
18310000 10.0809
18320000 9.31191
18330000 8.75431
18340000 9.31771
18350000 10.7215
18360000 8.61397
18370000 10.7242
18380000 8.60677
18390000 8.35379
18400000 8.43304
18410000 8.20649
18420000 8.45224
18430000 8.26168
18440000 8.39153
18450000 12.0038
18460000 8.2725
18470000 10.9166
18480000 8.03681
18490000 10.1714
18500000 8.12495
18510000 8.98274
18520000 8.19812
18530000 8.7209
18540000 8.26805
18550000 8.30691
18560000 20.6998
18570000 8.26838
18580000 21.274
18590000 22.552
18600000 14.2785
18610000 11.7863
18620000 10.276
18630000 9.68819
18640000 8.70113
18650000 9.43391
18660000 8.30968
18670000 9.27297
18680000 26.8208
18690000 8.97558
18700000 28.0451
18710000 11.1443
18720000 11.4307
18730000 9.35102
18740000 10.7984
18750000 9.27498
18760000 10.0536
18770000 9.22511
18780000 10.8167
18790000 9.06817
18800000 10.4446
18810000 8.55089
18820000 8.38951
18830000 8.43058
18840000 8.38795
18850000 8.41371
18860000 8.36114
18870000 8.59394
18880000 8.19404
18890000 8.31323
18900000 11.9826
18910000 8.2578
18920000 10.2517
18930000 8.04125
18940000 10.2541
18950000 8.1067
18960000 8.81429
18970000 8.07457
18980000 8.47198
18990000 8.22775
19000000 8.28792
19010000 20.6699
19020000 23.2873
19030000 14.8533
19040000 23.0343
19050000 16.6776
19060000 10.703
19070000 8.76163
19080000 9.40695
19090000 8.70045
19100000 9.43832
19110000 8.09103
19120000 9.09736
19130000 29.5576
19140000 8.94607
19150000 12.0382
19160000 11.0977
19170000 11.3821
19180000 9.40734
19190000 10.2538
19200000 9.21047
19210000 8.80111
19220000 9.2721
19230000 10.7996
19240000 8.54819
19250000 10.6472
19260000 8.54027
19270000 8.33993
19280000 8.34359
19290000 8.33205
19300000 8.4533
19310000 8.45784
19320000 8.41074
19330000 21.1777
19340000 8.31862
19350000 10.7935
19360000 8.08366
19370000 10.1997
19380000 8.11455
19390000 8.9597
19400000 8.14083
19410000 8.50401
19420000 8.16751
19430000 13.95
19440000 8.06986
19450000 8.26725
19460000 21.2915
19470000 23.2003
19480000 14.716
19490000 22.2759
19500000 11.8399
19510000 9.64757
19520000 8.80714
19530000 9.48101
19540000 8.32234
19550000 9.28119
19560000 7.97023
19570000 9.11753
19580000 29.5857
19590000 8.80643
19600000 11.4682
19610000 10.6144
19620000 10.6546
19630000 9.20713
19640000 10.0576
19650000 9.29026
19660000 10.7232
19670000 9.16741
19680000 10.588
19690000 8.58528
19700000 10.7005
19710000 8.60958
19720000 8.35659
19730000 8.41425
19740000 8.17951
19750000 8.48525
19760000 8.21645
19770000 8.37374
19780000 11.9779
19790000 8.2941
19800000 10.1641
19810000 8.01704
19820000 10.152
19830000 8.06934
19840000 9.0475
19850000 8.1789
19860000 8.55206
19870000 8.27605
19880000 8.28119
19890000 20.7266
19900000 8.24316
19910000 21.2837
19920000 22.8015
19930000 14.2959
19940000 11.4279
19950000 8.82221
19960000 9.55634
19970000 8.70161
19980000 9.43717
19990000 8.37995
20000000 9.12656
20010000 26.6582
20020000 8.98666
20030000 28.0299
20040000 11.141
20050000 11.4171
20060000 9.36954
20070000 10.8201
20080000 9.25404
20090000 8.8709
20100000 9.1441
20110000 10.7896
20120000 9.03536
20130000 10.4755
20140000 8.55957
20150000 8.40291
20160000 8.38782
20170000 8.32428
20180000 8.41537
20190000 8.35116
20200000 8.43092
20210000 8.34337
20220000 8.31857
20230000 11.8799
20240000 8.11792
20250000 10.0246
20260000 8.08429
20270000 9.09417
20280000 8.14233
20290000 8.61991
20300000 8.11139
20310000 8.49109
20320000 8.22274
20330000 8.31475
20340000 20.6523
20350000 23.2807
20360000 14.8498
20370000 22.8501
20380000 11.8975
20390000 10.2285
20400000 19.7884
20410000 9.37641
20420000 8.84284
20430000 9.4716
20440000 8.07699
20450000 9.12526
20460000 29.7239
20470000 8.93512
20480000 11.9261
20490000 11.1148
20500000 11.3704
20510000 9.44104
20520000 10.0928
20530000 9.23741
20540000 8.82365
20550000 9.2949
20560000 10.8784
20570000 8.49252
20580000 10.5847
20590000 8.5641
20600000 8.24576
20610000 8.43451
20620000 8.21788
20630000 8.44769
20640000 8.44768
20650000 8.38525
20660000 11.6837
20670000 8.31041
20680000 10.9118
20690000 8.05282
20700000 10.2045
20710000 8.15299
20720000 9.00153
20730000 8.14289
20740000 8.50453
20750000 8.26607
20760000 13.9587
20770000 8.11144
20780000 8.29061
20790000 21.304
20800000 22.5365
20810000 14.2692
20820000 22.3409
20830000 10.2559
20840000 9.77702
20850000 8.8055
20860000 9.50325
20870000 8.32092
20880000 9.30858
20890000 7.99879
20900000 8.96296
20910000 29.5662
20920000 8.79201
20930000 11.4082
20940000 9.36684
20950000 10.7512
20960000 9.25416
20970000 10.0512
20980000 9.25419
20990000 10.766
21000000 9.11317
21010000 10.4984
21020000 8.53542
21030000 8.52867
21040000 8.4888
21050000 8.33015
21060000 8.39174
21070000 8.32154
21080000 8.48792
21090000 8.20667
21100000 8.3425
21110000 11.9941
21120000 8.29589
21130000 10.2449
21140000 8.02277
21150000 10.1343
21160000 8.06279
21170000 8.93941
21180000 8.10601
21190000 8.53796
21200000 8.22748
21210000 8.29769
21220000 20.6784
21230000 9.94075
21240000 14.8644
21250000 23.0773
21260000 15.0294
21270000 10.7489
21280000 8.76541
21290000 9.48903
21300000 8.69317
21310000 9.42621
21320000 8.14195
21330000 9.08489
21340000 26.6377
21350000 8.93527
21360000 12.0794
21370000 11.1094
21380000 11.3662
21390000 9.35396
21400000 10.9427
21410000 9.2191
21420000 8.78908
21430000 9.24773
21440000 10.9081
21450000 9.01399
21460000 10.663
21470000 8.49609
21480000 8.36217
21490000 8.31138
21500000 8.35047
21510000 8.4519
21520000 8.36856
21530000 8.41794
21540000 8.04531
21550000 8.32776
21560000 11.753
21570000 8.11115
21580000 10.2297
21590000 8.07211
21600000 8.95396
21610000 8.14574
21620000 8.51744
21630000 8.12593
21640000 8.46489
21650000 8.15941
21660000 8.26506
21670000 20.6217
21680000 23.2731
21690000 14.8165
21700000 22.817
21710000 11.8036
21720000 9.87297
21730000 8.83245
21740000 9.4566
21750000 8.28759
21760000 9.36832
21770000 8.12229
21780000 9.11757
21790000 29.7057
21800000 8.91014
21810000 11.4766
21820000 10.6075
21830000 10.6745
21840000 9.35527
21850000 10.0778
21860000 9.32726
21870000 8.75644
21880000 9.30932
21890000 10.721
21900000 8.62567
21910000 10.7079
21920000 8.62371
21930000 8.35965
21940000 8.43499
21950000 8.20911
21960000 8.47073
21970000 8.27357
21980000 8.40656
21990000 12.011
22000000 8.28042
22010000 10.9251
22020000 8.03495
22030000 10.1796
22040000 8.14768
22050000 8.98384
22060000 8.21347
22070000 8.73963
22080000 8.29289
22090000 8.31925
22100000 20.6961
22110000 8.28038
22120000 21.2648
22130000 22.5538
22140000 14.2733
22150000 11.7305
22160000 10.2638
22170000 9.67842
22180000 8.71161
22190000 9.42554
22200000 8.3161
22210000 9.26811
22220000 26.8181
22230000 8.97446
22240000 28.0386
22250000 11.1465
22260000 11.431
22270000 9.34974
22280000 10.8041
22290000 9.27823
22300000 10.0466
22310000 9.23083
22320000 10.8081
22330000 9.06883
22340000 10.4508
22350000 8.56384
22360000 8.37053
22370000 8.45058
22380000 8.38927
22390000 8.4019
22400000 8.37189
22410000 8.59511
22420000 8.20742
22430000 8.32049
22440000 11.9889
22450000 8.26761
22460000 10.2587
22470000 8.08444
22480000 10.2621
22490000 8.17631
22500000 8.82513
22510000 8.09053
22520000 8.48326
22530000 8.25157
22540000 8.30033
22550000 20.6602
22560000 23.2718
22570000 14.8556
22580000 22.8741
22590000 16.6709
22600000 10.6985
22610000 8.78395
22620000 9.39907
22630000 8.7103
22640000 9.44362
22650000 8.09878
22660000 9.09163
22670000 29.5513
22680000 8.94596
22690000 12.0388
22700000 11.1027
22710000 11.3829
22720000 9.42585
22730000 10.0718
22740000 9.21369
22750000 8.81605
22760000 9.27493
22770000 10.7951
22780000 8.55563
22790000 10.646
22800000 8.54855
22810000 8.3381
22820000 8.34567
22830000 8.334
22840000 8.45998
22850000 8.47154
22860000 8.40509
22870000 21.1686
22880000 8.3238
22890000 10.7996
22900000 8.08433
22910000 10.2159
22920000 8.10975
22930000 8.96595
22940000 8.16884
22950000 8.50493
22960000 8.1821
22970000 13.9657
22980000 8.09048
22990000 8.27773
23000000 21.2864
23010000 23.2003
23020000 14.7121
23030000 22.2765
23040000 11.8402
23050000 9.63948
23060000 8.81618
23070000 9.47453
23080000 8.33601
23090000 9.27686
23100000 7.97062
23110000 9.11172
23120000 29.5799
23130000 8.79562
23140000 11.4671
23150000 10.6163
23160000 10.6548
23170000 9.2059
23180000 10.0571
23190000 9.30162
23200000 10.7409
23210000 9.15913
23220000 10.584
23230000 8.58914
23240000 10.6994
23250000 8.62775
23260000 8.35758
23270000 8.41772
23280000 8.18249
23290000 8.49513
23300000 8.22934
23310000 8.3841
23320000 11.9818
23330000 8.29866
23340000 10.1445
23350000 8.02984
23360000 10.1597
23370000 8.08293
23380000 9.04793
23390000 8.19007
23400000 8.55934
23410000 8.29236
23420000 8.29689
23430000 20.7236
23440000 8.25427
23450000 21.2765
23460000 22.7936
23470000 14.2915
23480000 11.4078
23490000 8.82857
23500000 9.55234
23510000 8.71345
23520000 9.44774
23530000 8.3828
23540000 9.12164
23550000 26.6511
23560000 8.99368
23570000 28.0274
23580000 11.2118
23590000 11.4175
23600000 9.36631
23610000 10.8255
23620000 9.26139
23630000 8.86636
23640000 9.14873
23650000 10.794
23660000 9.0369
23670000 10.4704
23680000 8.56947
23690000 8.39317
23700000 8.38715
23710000 8.32466
23720000 8.40778
23730000 8.35909
23740000 8.41034
23750000 8.35251
23760000 8.3297
23770000 11.8872
23780000 8.14824
23790000 10.0314
23800000 8.09064
23810000 9.10379
23820000 8.16264
23830000 8.60312
23840000 8.14007
23850000 8.49958
23860000 8.24582
23870000 8.32821
23880000 20.6483
23890000 23.2737
23900000 14.8575
23910000 22.8495
23920000 11.8993
23930000 10.2188
23940000 19.7887
23950000 9.37031
23960000 8.37553
23970000 9.47166
23980000 8.0881
23990000 9.12585
24000000 29.7168
24010000 8.92722
24020000 11.9245
24030000 11.1106
24040000 11.3776
24050000 9.44026
24060000 10.0862
24070000 9.24786
24080000 8.82739
24090000 9.2802
24100000 10.8737
24110000 8.49802
24120000 10.7444
24130000 8.57318
24140000 8.24107
24150000 8.42621
24160000 8.27319
24170000 8.46242
24180000 8.45637
24190000 8.40076
24200000 11.6884
24210000 8.31575
24220000 10.9173
24230000 8.06191
24240000 10.2126
24250000 8.16541
24260000 9.00917
24270000 8.16639
24280000 8.50833
24290000 8.27727
24300000 13.9688
24310000 8.13145
24320000 8.30546
24330000 21.3038
24340000 22.5368
24350000 14.2661
24360000 22.337
24370000 10.2349
24380000 9.7642
24390000 8.81432
24400000 9.49307
24410000 8.32917
24420000 9.28257
24430000 8.00894
24440000 8.9592
24450000 29.5649
24460000 8.78837
24470000 11.4104
24480000 9.36665
24490000 10.7532
24500000 9.26243
24510000 10.0485
24520000 9.26083
24530000 10.7664
24540000 9.11888
24550000 10.4982
24560000 8.54443
24570000 8.53089
24580000 8.49896
24590000 8.33526
24600000 8.3995
24610000 8.3286
24620000 8.49616
24630000 8.21941
24640000 8.35409
24650000 12.0211
24660000 8.30432
24670000 10.2503
24680000 8.03846
24690000 10.1418
24700000 8.07465
24710000 8.94542
24720000 8.12227
24730000 8.54951
24740000 8.27313
24750000 8.30651
24760000 20.6768
24770000 9.95661
24780000 14.8595
24790000 23.0764
24800000 15.0261
24810000 10.7447
24820000 8.77766
24830000 9.48629
24840000 8.70948
24850000 9.42517
24860000 8.14915
24870000 9.09359
24880000 26.6334
24890000 8.92845
24900000 12.0738
24910000 11.1163
24920000 11.3678
24930000 9.36115
24940000 10.9433
24950000 9.22682
24960000 8.79261
24970000 9.2482
24980000 10.9068
24990000 9.0193
25000000 10.6397
25010000 8.50812
25020000 8.3734
25030000 8.31624
25040000 8.34373
25050000 8.45564
25060000 8.3764
25070000 8.42311
25080000 8.06462
25090000 8.33351
25100000 11.7568
25110000 8.10311
25120000 10.2352
25130000 8.08481
25140000 8.96312
25150000 8.17163
25160000 8.52285
25170000 8.13937
25180000 8.4774
25190000 8.18528
25200000 8.27883
25210000 20.621
25220000 23.2721
25230000 14.8005
25240000 22.8171
25250000 11.7915
25260000 9.86648
25270000 8.8424
25280000 9.4563
25290000 8.29604
25300000 9.35477
25310000 8.09599
25320000 9.11323
25330000 29.701
25340000 8.90397
25350000 11.4759
25360000 10.6596
25370000 10.6776
25380000 9.35788
25390000 10.0592
25400000 9.34036
25410000 8.75997
25420000 9.30555
25430000 10.7168
25440000 8.64024
25450000 10.7053
25460000 8.62997
25470000 8.35942
25480000 8.43403
25490000 8.2098
25500000 8.4777
25510000 8.28412
25520000 8.41279
25530000 12.0136
25540000 8.28615
25550000 10.9282
25560000 8.04521
25570000 10.1842
25580000 8.1584
25590000 8.9932
25600000 8.24109
25610000 8.73878
25620000 8.30732
25630000 8.32904
25640000 20.6928
25650000 8.29236
25660000 21.2617
25670000 22.5551
25680000 14.2699
25690000 11.7296
25700000 10.2693
25710000 9.67421
25720000 8.72088
25730000 9.42014
25740000 8.32102
25750000 9.26513
25760000 26.8188
25770000 8.96721
25780000 28.0379
25790000 11.1499
25800000 11.4317
25810000 9.36058
25820000 10.8066
25830000 9.2814
25840000 10.043
25850000 9.23452
25860000 10.804
25870000 9.0712
25880000 10.4528
25890000 8.5747
25900000 8.37272
25910000 8.39971
25920000 8.3892
25930000 8.40595
25940000 8.38033
25950000 8.59367
25960000 8.21751
25970000 8.32971
25980000 11.9682
25990000 8.27206
26000000 10.2634
26010000 8.1043
26020000 10.2689
26030000 8.18432
26040000 8.83026
26050000 8.11801
26060000 8.49242
26070000 8.27194
26080000 8.3117
26090000 20.6631
26100000 23.2733
26110000 14.8523
26120000 22.8724
26130000 16.6645
26140000 10.7037
26150000 8.78608
26160000 9.39127
26170000 8.72048
26180000 9.43907
26190000 8.10682
26200000 9.08971
26210000 29.5483
26220000 8.94211
26230000 12.0408
26240000 11.097
26250000 11.3861
26260000 9.46183
26270000 10.0683
26280000 9.22823
26290000 8.8101
26300000 9.2766
26310000 10.7946
26320000 8.56031
26330000 10.6456
26340000 8.5488
26350000 8.30016
26360000 8.35257
26370000 8.34328
26380000 8.46866
26390000 8.47735
26400000 8.41254
26410000 21.1687
26420000 8.32621
26430000 10.7987
26440000 8.08971
26450000 10.2147
26460000 8.12504
26470000 8.9701
26480000 8.15711
26490000 8.5109
26500000 8.19485
26510000 13.9765
26520000 8.11065
26530000 8.29022
26540000 21.3156
26550000 23.2
26560000 14.721
26570000 22.2826
26580000 11.8346
26590000 9.63588
26600000 8.82331
26610000 9.47615
26620000 8.3483
26630000 9.27312
26640000 7.97903
26650000 9.10971
26660000 29.5745
26670000 8.78943
26680000 11.4669
26690000 10.6252
26700000 10.6458
26710000 9.2131
26720000 10.0563
26730000 9.30213
26740000 10.7381
26750000 9.16106
26760000 10.5783
26770000 8.59952
26780000 10.7134
26790000 8.63545
26800000 8.3634
26810000 8.42228
26820000 8.18999
26830000 8.49673
26840000 8.24241
26850000 8.3919
26860000 11.9894
26870000 8.3049
26880000 10.1478
26890000 8.04998
26900000 10.1663
26910000 8.09681
26920000 9.04987
26930000 8.18898
26940000 8.56364
26950000 8.30741
26960000 8.30178
26970000 20.7221
26980000 8.26721
26990000 21.2747
27000000 22.7891
27010000 14.2836
27020000 11.4378
27030000 8.82603
27040000 9.55075
27050000 8.72506
27060000 9.44382
27070000 8.38903
27080000 9.12851
27090000 26.647
27100000 8.94701
27110000 28.0262
27120000 11.2022
27130000 11.4186
27140000 9.36984
27150000 10.8293
27160000 9.26671
27170000 8.86843
27180000 9.15446
27190000 10.7905
27200000 9.04037
27210000 10.4727
27220000 8.58719
27230000 8.38888
27240000 8.39033
27250000 8.32928
27260000 8.41177
27270000 8.36147
27280000 8.43433
27290000 8.36539
27300000 8.33497
27310000 11.8931
27320000 8.15889
27330000 10.037
27340000 8.10332
27350000 9.10199
27360000 8.17254
27370000 8.6185
27380000 8.15079
27390000 8.50764
27400000 8.26137
27410000 8.33923
27420000 20.647
27430000 23.2743
27440000 14.8833
27450000 22.8603
27460000 11.8962
27470000 10.213
27480000 19.791
27490000 9.36877
27500000 8.38232
27510000 9.48037
27520000 8.09721
27530000 9.1275
27540000 29.708
27550000 8.92391
27560000 11.9267
27570000 11.1094
27580000 10.6644
27590000 9.4193
27600000 10.0905
27610000 9.25571
27620000 8.82838
27630000 9.2772
27640000 10.877
27650000 8.50527
27660000 10.7481
27670000 8.58098
27680000 8.24739
27690000 8.43265
27700000 8.27712
27710000 8.46861
27720000 8.466
27730000 8.40987
27740000 11.7095
27750000 8.31625
27760000 10.9239
27770000 8.06987
27780000 10.2198
27790000 8.13194
27800000 9.01632
27810000 8.18266
27820000 8.51096
27830000 8.29554
27840000 13.9782
27850000 8.14029
27860000 8.32114
27870000 21.3029
27880000 22.538
27890000 14.2641
27900000 22.3379
27910000 10.2351
27920000 9.76286
27930000 8.81879
27940000 9.48902
27950000 8.33448
27960000 9.27757
27970000 8.01474
27980000 8.95839
27990000 29.5624
28000000 8.79779
28010000 11.4092
28020000 9.36182
28030000 10.756
28040000 9.2679
28050000 10.0474
28060000 9.26469
28070000 10.7664
28080000 9.1225
28090000 10.4982
28100000 8.55749
28110000 8.53357
28120000 8.50629
28130000 8.33652
28140000 8.38995
28150000 8.32418
28160000 8.5667
28170000 8.23137
28180000 8.36692
28190000 12.0273
28200000 8.3027
28210000 10.2583
28220000 8.04946
28230000 10.1466
28240000 8.08755
28250000 8.94716
28260000 8.13374
28270000 8.55942
28280000 8.29258
28290000 8.31246
28300000 20.6775
28310000 9.96714
28320000 14.8502
28330000 23.0738
28340000 15.0245
28350000 10.7324
28360000 8.78467
28370000 9.43493
28380000 8.71555
28390000 9.42348
28400000 8.15412
28410000 9.09149
28420000 26.631
28430000 8.9252
28440000 12.078
28450000 11.1025
28460000 11.3687
28470000 9.34963
28480000 10.9445
28490000 9.22768
28500000 8.79637
28510000 9.25254
28520000 10.9064
28530000 8.58299
28540000 10.6387
28550000 8.51845
28560000 8.37243
28570000 8.3183
28580000 8.3478
28590000 8.47016
28600000 8.37421
28610000 8.42216
28620000 8.06962
28630000 8.3451
28640000 11.7609
28650000 8.11058
28660000 10.2414
28670000 8.09685
28680000 8.96586
28690000 8.18145
28700000 8.52932
28710000 8.15226
28720000 8.48148
28730000 8.20801
28740000 8.29524
28750000 20.6213
28760000 23.2746
28770000 14.7914
28780000 22.8195
28790000 11.7919
28800000 9.85733
28810000 8.85003
28820000 9.44585
28830000 8.30353
28840000 9.34983
28850000 8.1055
28860000 9.1082
28870000 29.6946
28880000 8.89345
28890000 11.4753
28900000 10.6496
28910000 10.6783
28920000 9.36014
28930000 10.0563
28940000 9.34985
28950000 8.7639
28960000 9.30677
28970000 10.7161
28980000 8.64719
28990000 10.7076
29000000 8.64338
29010000 8.36745
29020000 8.4371
29030000 8.2194
29040000 8.48231
29050000 8.28838
29060000 8.43522
29070000 12.0193
29080000 8.29138
29090000 10.9293
29100000 8.05305
29110000 10.192
29120000 8.16958
29130000 8.99302
29140000 8.24996
29150000 8.74558
29160000 8.32463
29170000 8.33725
29180000 20.6901
29190000 8.31
29200000 21.2599
29210000 22.556
29220000 14.2689
29230000 11.7228
29240000 10.2781
29250000 9.67368
29260000 8.72691
29270000 9.41274
29280000 8.32625
29290000 9.26343
29300000 26.8153
29310000 8.96112
29320000 28.0365
29330000 11.1518
29340000 11.4276
29350000 9.36025
29360000 10.8131
29370000 9.28793
29380000 10.0407
29390000 9.24513
29400000 10.7789
29410000 9.0668
29420000 10.4545
29430000 8.57892
29440000 8.3847
29450000 8.40338
29460000 8.3928
29470000 8.40699
29480000 8.38958
29490000 8.5964
29500000 8.22983
29510000 8.34134
29520000 11.9714
29530000 8.2599
29540000 10.2647
29550000 8.1036
29560000 10.274
29570000 8.19669
29580000 8.54866
29590000 8.13045
29600000 8.50014
29610000 8.29428
29620000 8.31965
29630000 20.6627
29640000 23.2704
29650000 14.8112
29660000 22.8693
29670000 16.6614
29680000 10.683
29690000 19.792
29700000 9.39207
29710000 8.72647
29720000 9.4406
29730000 8.10936
29740000 9.10178
29750000 29.5411
29760000 8.96153
29770000 12.0497
29780000 11.0903
29790000 11.3874
29800000 9.47074
29810000 10.063
29820000 9.24085
29830000 8.81358
29840000 9.2742
29850000 10.8417
29860000 8.56294
29870000 10.6478
29880000 8.55467
29890000 8.30143
29900000 8.35566
29910000 8.34882
29920000 8.47055
29930000 8.48373
29940000 8.41857
29950000 21.1607
29960000 8.33761
29970000 10.8026
29980000 8.09545
29990000 10.2104
30000000 8.13455
