10000 19.7042
20000 12.3691
30000 11.6035
40000 8.07227
50000 8.08729
60000 7.38244
70000 7.46401
80000 6.67004
90000 6.88714
100000 6.90787
110000 6.74551
120000 6.5659
130000 7.3645
140000 6.3862
150000 6.84349
160000 6.33297
170000 6.77604
180000 6.24553
190000 6.7045
200000 9.52528
210000 6.62636
220000 8.16373
230000 6.47134
240000 6.86184
250000 6.4806
260000 6.85013
270000 6.50034
280000 6.81206
290000 6.52938
300000 6.76334
310000 6.57241
320000 7.86648
330000 6.61832
340000 7.4623
350000 6.6603
360000 7.11163
370000 6.70341
380000 7.02939
390000 6.8406
400000 6.98787
410000 6.87929
420000 7.0033
430000 7.4379
440000 12.2575
450000 7.977
460000 10.5838
470000 7.86391
480000 8.0282
490000 7.63209
500000 7.78757
510000 7.47183
520000 7.58409
530000 7.28489
540000 7.61366
550000 7.96957
560000 7.66255
570000 7.50372
580000 8.32473
590000 7.50976
600000 7.95486
610000 7.51234
620000 7.96026
630000 7.54722
640000 7.94367
650000 10.4598
660000 7.80122
670000 9.27236
680000 7.84324
690000 8.17074
700000 7.89028
710000 8.15534
720000 7.93127
730000 8.13701
740000 7.99148
750000 9.09512
760000 8.04615
770000 9.07954
780000 8.1024
790000 8.81191
800000 8.15231
810000 8.48184
820000 8.27458
830000 8.46307
840000 8.32032
850000 13.2183
860000 8.794
870000 8.45864
880000 9.43059
890000 9.03205
900000 9.30158
910000 11.0043
920000 9.1686
930000 9.25518
940000 9.02975
950000 9.16777
960000 8.87569
970000 8.98515
980000 9.07981
990000 9.02861
1000000 9.27309
1010000 9.06317
1020000 8.94146
1030000 9.32217
1040000 8.94299
1050000 9.29795
1060000 8.95135
1070000 9.30365
1080000 11.5122
1090000 9.28224
1100000 10.4456
1110000 9.20153
1120000 9.62944
1130000 9.24421
1140000 9.51153
1150000 9.28233
1160000 9.50848
1170000 9.32663
1180000 9.4949
1190000 9.37304
1200000 10.3771
1210000 9.41952
1220000 10.0894
1230000 9.47025
1240000 10.1207
1250000 9.50831
1260000 9.77381
1270000 9.61503
1280000 9.74335
1290000 9.6531
1300000 9.7467
1310000 10.0695
1320000 14.0124
1330000 10.4803
1340000 13.1254
1350000 10.6154
1360000 12.0125
1370000 9.82703
1380000 10.3656
1390000 10.1475
1400000 10.2076
1410000 9.98603
1420000 10.2299
1430000 10.4996
1440000 10.2729
1450000 10.2084
1460000 10.7805
1470000 10.1685
1480000 10.4989
1490000 10.1641
1500000 10.508
1510000 10.1935
1520000 10.5065
1530000 12.5114
1540000 10.4161
1550000 11.5302
1560000 10.4232
1570000 10.6781
1580000 10.4557
1590000 10.6618
1600000 10.4829
1610000 10.6861
1620000 10.5298
1630000 13.2705
1640000 10.5729
1650000 11.3815
1660000 10.6157
1670000 11.1667
1680000 10.654
1690000 10.9168
1700000 10.6886
1710000 10.8987
1720000 10.7844
1730000 14.8985
1740000 10.8182
1750000 10.8909
1760000 11.6999
1770000 14.8359
1780000 11.5561
1790000 13.4836
1800000 11.484
1810000 11.6004
1820000 11.3318
1830000 11.4433
1840000 11.2193
1850000 11.2971
1860000 11.1086
1870000 11.33
1880000 11.5719
1890000 11.3633
1900000 11.2585
1910000 11.7805
1920000 11.2619
1930000 11.5597
1940000 11.2658
1950000 11.5691
1960000 12.7271
1970000 11.564
1980000 13.4243
1990000 11.4594
2000000 12.5065
2010000 11.4904
2020000 11.7046
2030000 11.5234
2040000 11.7037
2050000 11.5513
2060000 11.6879
2070000 11.5904
2080000 12.3756
2090000 11.6282
2100000 12.244
2110000 11.6667
2120000 12.1585
2130000 11.6974
2140000 11.9102
2150000 11.7844
2160000 11.8849
2170000 11.8132
2180000 11.8884
2190000 12.1509
2200000 11.9078
2210000 12.6167
2220000 12.3227
2230000 12.5194
2240000 13.831
2250000 11.9426
2260000 12.4802
2270000 12.2074
2280000 12.4192
2290000 12.2026
2300000 12.2759
2310000 12.3491
2320000 12.3112
2330000 12.4903
2340000 12.7371
2350000 12.2432
2360000 12.5108
2370000 12.2418
2380000 12.5042
2390000 12.2362
2400000 12.5048
2410000 14.2227
2420000 12.4882
2430000 13.373
2440000 12.4231
2450000 12.7402
2460000 12.4487
2470000 12.6494
2480000 12.4794
2490000 12.645
2500000 12.5072
2510000 12.6335
2520000 12.5429
2530000 13.3062
2540000 12.5708
2550000 13.0827
2560000 12.6079
2570000 13.0802
2580000 12.6323
2590000 12.8122
2600000 12.7137
2610000 12.7966
2620000 12.7405
2630000 12.81
2640000 13.0558
2650000 16.2912
2660000 13.3715
2670000 15.0788
2680000 13.4424
2690000 13.4086
2700000 16.7737
2710000 13.2771
2720000 13.0914
2730000 13.1518
2740000 12.9798
2750000 13.167
2760000 13.3753
2770000 13.1971
2780000 13.1461
2790000 13.5901
2800000 13.1138
2810000 13.3679
2820000 13.1062
2830000 13.3706
2840000 13.1255
2850000 13.3631
2860000 14.9959
2870000 13.2829
2880000 14.1853
2890000 13.2954
2900000 13.4872
2910000 13.3269
2920000 13.477
2930000 13.3452
2940000 13.501
2950000 13.3782
2960000 14.0869
2970000 13.4086
2980000 14.0501
2990000 13.4392
3000000 13.877
3010000 13.4679
3020000 13.6734
3030000 13.4913
3040000 13.6575
3050000 13.5652
3060000 17.0123
3070000 13.5882
3080000 13.6471
3090000 14.2658
3100000 14.0078
3110000 14.1769
3120000 15.6152
3130000 14.0894
3140000 14.2132
3150000 13.9954
3160000 14.0842
3170000 13.9024
3180000 13.9623
3190000 13.8081
3200000 13.987
3210000 14.1811
3220000 14.0052
3230000 13.9238
3240000 14.1702
3250000 13.9235
3260000 14.1667
3270000 13.9259
3280000 14.171
3290000 15.6903
3300000 14.1568
3310000 15.7199
3320000 14.0773
3330000 14.3563
3340000 14.1015
3350000 14.2738
3360000 14.1259
3370000 14.2711
3380000 14.146
3390000 14.2564
3400000 14.1765
3410000 14.8555
3420000 14.2055
3430000 14.658
3440000 14.2351
3450000 14.644
3460000 14.2562
3470000 14.4307
3480000 14.3231
3490000 14.4082
3500000 14.3449
3510000 14.4083
3520000 14.625
3530000 14.4233
3540000 14.9042
3550000 16.8711
3560000 14.8801
3570000 16.0193
3580000 14.4466
3590000 14.8198
3600000 14.6638
3610000 14.8396
3620000 14.5494
3630000 14.7178
3640000 14.778
3650000 14.7447
3660000 14.6959
3670000 15.0972
3680000 14.6645
3690000 14.8955
3700000 14.6825
3710000 14.9013
3720000 14.6759
3730000 14.8962
3740000 16.367
3750000 14.8834
3760000 15.632
3770000 14.8275
3780000 15.0041
3790000 14.8475
3800000 15.0132
3810000 14.8684
3820000 15.0079
3830000 14.8926
3840000 14.9945
3850000 14.9195
3860000 15.531
3870000 14.9469
3880000 15.3412
3890000 14.9703
3900000 15.1747
3910000 14.991
3920000 15.1393
3930000 15.0564
3940000 15.1254
3950000 15.0769
3960000 15.1345
3970000 15.3423
3980000 18.1748
3990000 15.6096
4000000 17.0928
4010000 15.5533
4020000 15.6388
4030000 15.4368
4040000 15.5191
4050000 15.3602
4060000 15.4145
4070000 15.2682
4080000 15.4279
4090000 15.6046
4100000 15.4501
4110000 15.3698
4120000 15.7714
4130000 15.3702
4140000 15.5942
4150000 15.3691
4160000 15.596
4170000 15.3839
4180000 15.5854
4190000 17.0014
4200000 15.5066
4210000 16.2939
4220000 15.5251
4230000 15.6872
4240000 15.5459
4250000 15.6769
4260000 15.5638
4270000 15.6634
4280000 15.5911
4290000 16.1787
4300000 15.6153
4310000 16.1668
4320000 15.6403
4330000 16.0172
4340000 15.6621
4350000 15.8307
4360000 15.7206
4370000 15.8172
4380000 15.7406
4390000 18.7941
4400000 15.9923
4410000 15.8083
4420000 16.3473
4430000 16.1195
4440000 16.2686
4450000 17.2991
4460000 16.188
4470000 16.236
4480000 16.1055
4490000 16.1846
4500000 16.0172
4510000 16.0759
4520000 16.1256
4530000 16.0958
4540000 16.2315
4550000 16.1103
4560000 16.0385
4570000 16.2527
4580000 16.0348
4590000 16.2362
4600000 16.0349
4610000 16.2347
4620000 17.5896
4630000 16.2188
4640000 16.9062
4650000 16.1656
4660000 16.4067
4670000 16.1858
4680000 16.3345
4690000 16.2034
4700000 16.3291
4710000 16.2242
4720000 16.3166
4730000 16.2464
4740000 16.8411
4750000 16.2687
4760000 16.6625
4770000 16.2932
4780000 16.6773
4790000 16.3099
4800000 16.4621
4810000 16.3674
4820000 16.4406
4830000 16.3853
4840000 16.4384
4850000 16.6298
4860000 19.2725
4870000 16.8762
4880000 18.6342
4890000 16.9561
4900000 17.8647
4910000 16.4692
4920000 16.7971
4930000 16.6588
4940000 16.6935
4950000 16.5561
4960000 16.7033
4970000 16.8663
4980000 16.7248
4990000 16.6823
5000000 17.0366
5010000 16.6529
5020000 16.8559
5030000 16.6457
5040000 16.8582
5050000 16.6593
5060000 16.8529
5070000 18.1666
5080000 16.7914
5090000 17.5007
5100000 16.7906
5110000 16.9456
5120000 16.8064
5130000 16.9316
5140000 16.8196
5150000 16.943
5160000 16.8444
5170000 18.677
5180000 16.867
5190000 17.3816
5200000 16.8894
5210000 17.2392
5220000 16.9091
5230000 17.0724
5240000 16.9257
5250000 17.0563
5260000 16.982
5270000 19.8489
5280000 16.9994
5290000 17.0437
5300000 17.57
5310000 19.7955
5320000 17.4697
5330000 18.7999
5340000 17.4176
5350000 17.4939
5360000 17.3135
5370000 17.3871
5380000 17.2369
5390000 17.2859
5400000 17.1602
5410000 17.3033
5420000 17.4596
5430000 17.3209
5440000 17.2491
5450000 17.5932
5460000 17.2473
5470000 17.4427
5480000 17.2456
5490000 17.4452
5500000 18.2301
5510000 17.4383
5520000 18.7201
5530000 17.3634
5540000 18.0689
5550000 17.3802
5560000 17.5185
5570000 17.3982
5580000 17.5147
5590000 17.4124
5600000 17.5001
5610000 17.4347
5620000 17.9609
5630000 17.4558
5640000 17.8697
5650000 17.4773
5660000 17.8079
5670000 17.4937
5680000 17.6336
5690000 17.5476
5700000 17.6134
5710000 17.5606
5720000 17.612
5730000 17.7883
5740000 17.6215
5750000 18.1061
5760000 17.9012
5770000 18.0344
5780000 18.9681
5790000 17.6352
5800000 18.0021
5810000 17.8118
5820000 17.9572
5830000 17.8052
5840000 17.8537
5850000 17.9014
5860000 17.8743
5870000 17.9958
5880000 18.1663
5890000 17.8289
5900000 18.0048
5910000 17.8163
5920000 17.9972
5930000 17.8087
5940000 17.9941
5950000 19.2247
5960000 17.9794
5970000 18.6013
5980000 17.9292
5990000 18.1469
6000000 17.9436
6010000 18.0799
6020000 17.9615
6030000 18.074
6040000 17.9773
6050000 18.0624
6060000 17.9986
6070000 18.5357
6080000 18.0144
6090000 18.3735
6100000 18.0366
6110000 18.368
6120000 18.0494
6130000 18.1736
6140000 18.103
6150000 18.1597
6160000 18.1185
6170000 18.1658
6180000 18.3383
6190000 20.7649
6200000 18.5604
6210000 19.825
6220000 18.6081
6230000 18.5828
6240000 21.1374
6250000 18.4856
6260000 18.3499
6270000 18.3913
6280000 18.2666
6290000 18.399
6300000 18.5462
6310000 18.4171
6320000 18.3785
6330000 18.6973
6340000 18.3518
6350000 18.5334
6360000 18.343
6370000 18.5327
6380000 18.3534
6390000 18.5241
6400000 19.7315
6410000 18.4623
6420000 19.1193
6430000 18.4678
6440000 18.6034
6450000 18.4874
6460000 18.5934
6470000 18.4974
6480000 18.6077
6490000 18.5178
6500000 19.0338
6510000 18.5366
6520000 19.0037
6530000 18.5554
6540000 18.8739
6550000 18.5722
6560000 18.7202
6570000 18.5862
6580000 18.7053
6590000 18.6367
6600000 21.2763
6610000 18.6504
6620000 18.6919
6630000 19.1467
6640000 18.9541
6650000 19.0774
6660000 20.1691
6670000 19.0089
6680000 19.1001
6690000 18.9359
6700000 19.0019
6710000 18.8642
6720000 18.908
6730000 18.7922
6740000 18.9231
6750000 19.0649
6760000 18.9333
6770000 18.871
6780000 19.0525
6790000 18.8677
6800000 19.0475
6810000 18.8665
6820000 19.0458
6830000 20.2011
6840000 19.0346
6850000 20.2216
6860000 18.9714
6870000 19.1767
6880000 18.9867
6890000 19.1124
6900000 19.0005
6910000 19.108
6920000 19.0139
6930000 19.094
6940000 19.0336
6950000 19.5427
6960000 19.0523
6970000 19.3907
6980000 19.0711
6990000 19.3774
7000000 19.0838
7010000 19.2127
7020000 19.1307
7030000 19.1932
7040000 19.1444
7050000 19.1906
7060000 19.3522
7070000 19.1989
7080000 19.5609
7090000 21.0975
7100000 19.5397
7110000 20.4206
7120000 19.2087
7130000 19.4909
7140000 19.37
7150000 19.503
7160000 19.2805
7170000 19.4071
7180000 19.4507
7190000 19.4245
7200000 19.3857
7210000 19.6906
7220000 19.359
7230000 19.5335
7240000 19.3698
7250000 19.5357
7260000 19.3619
7270000 19.5286
7280000 20.6708
7290000 19.5169
7300000 20.091
7310000 19.4706
7320000 19.6032
7330000 19.4833
7340000 19.6074
7350000 19.4967
7360000 19.6014
7370000 19.5123
7380000 19.5883
7390000 19.5302
7400000 19.9995
7410000 19.5483
7420000 19.8506
7430000 19.5633
7440000 19.7186
7450000 19.5761
7460000 19.6885
7470000 19.6232
7480000 19.6754
7490000 19.6368
7500000 19.6799
7510000 19.8389
7520000 22.1012
7530000 20.0432
7540000 21.2172
7550000 19.9968
7560000 20.0625
7570000 19.9036
7580000 19.9673
7590000 19.8421
7600000 19.8828
7610000 19.767
7620000 19.8907
7630000 20.0262
7640000 19.9053
7650000 19.8412
7660000 20.1531
7670000 19.8391
7680000 20.0123
7690000 19.8356
7700000 20.0115
7710000 20.6964
7720000 20.001
7730000 21.1209
7740000 19.9355
7750000 20.553
7760000 19.9483
7770000 20.0724
7780000 19.962
7790000 20.0625
7800000 19.9734
7810000 20.0494
7820000 19.9922
7830000 20.4522
7840000 20.0085
7850000 20.4405
7860000 20.0254
7870000 20.3204
7880000 20.0398
7890000 20.1703
7900000 20.0829
7910000 20.1573
7920000 20.096
7930000 22.5669
7940000 20.2915
7950000 20.1457
7960000 20.5701
7970000 20.3885
7980000 20.5051
7990000 21.3315
8000000 20.4385
8010000 20.4757
8020000 20.3708
8030000 20.4332
8040000 20.2991
8050000 20.3443
8060000 20.3819
8070000 20.3577
8080000 20.4635
8090000 20.3665
8100000 20.3082
8110000 20.4769
8120000 20.3029
8130000 20.4619
8140000 20.3006
8150000 20.4584
8160000 21.5476
8170000 20.4436
8180000 20.9911
8190000 20.3984
8200000 20.588
8210000 20.4122
8220000 20.5283
8230000 20.4238
8240000 20.5222
8250000 20.438
8260000 20.5099
8270000 20.4533
8280000 20.9275
8290000 20.4687
8300000 20.7822
8310000 20.4857
8320000 20.7916
8330000 20.4964
8340000 20.6165
8350000 20.5399
8360000 20.5946
8370000 20.552
8380000 20.5933
8390000 20.7452
8400000 22.9172
8410000 20.9407
8420000 22.3813
8430000 21.003
8440000 21.743
8450000 20.6095
8460000 20.8723
8470000 20.7594
8480000 20.7861
8490000 20.6747
8500000 20.7919
8510000 20.9215
8520000 20.8069
8530000 20.7713
8540000 21.0561
8550000 20.7455
8560000 20.908
8570000 20.7375
8580000 20.9081
8590000 20.7461
8600000 20.9016
8610000 21.9729
8620000 20.8496
8630000 21.4234
8640000 20.8465
8650000 20.9699
8660000 20.8572
8670000 20.9532
8680000 20.8657
8690000 20.9641
8700000 20.8835
8710000 22.3866
8720000 20.8995
8730000 21.3158
8740000 20.9153
8750000 21.1983
8760000 20.9291
8770000 21.06
8780000 20.9401
8790000 21.0445
8800000 20.9835
8810000 23.3637
8820000 20.9956
8830000 21.0304
8840000 21.4342
8850000 23.3147
8860000 21.3738
8870000 22.4737
8880000 21.329
8890000 21.3908
8900000 21.242
8910000 21.3017
8920000 21.1779
8930000 21.2167
8940000 21.1131
8950000 21.2289
8960000 21.3551
8970000 21.2411
8980000 21.1811
8990000 21.4616
9000000 21.1776
9010000 21.3366
9020000 21.1742
9030000 21.3368
9040000 21.9814
9050000 21.326
9060000 22.3877
9070000 21.2654
9080000 21.844
9090000 21.2772
9100000 21.3886
9110000 21.2899
9120000 21.384
9130000 21.2994
9140000 21.37
9150000 21.3156
9160000 21.7471
9170000 21.3308
9180000 21.6701
9190000 21.3463
9200000 21.6173
9210000 21.3576
9220000 21.4712
9230000 21.3997
9240000 21.4528
9250000 21.4085
9260000 21.4496
9270000 21.5937
9280000 21.4555
9290000 21.8543
9300000 21.684
9310000 21.793
9320000 22.5712
9330000 21.4615
9340000 21.7622
9350000 21.6049
9360000 21.7246
9370000 21.5978
9380000 21.6369
9390000 21.6749
9400000 21.652
9410000 21.7512
9420000 21.8915
9430000 21.6113
9440000 21.7559
9450000 21.599
9460000 21.7479
9470000 21.5907
9480000 21.7434
9490000 22.7709
9500000 21.7296
9510000 22.2452
9520000 21.6856
9530000 21.8644
9540000 21.6957
9550000 21.8071
9560000 21.7086
9570000 21.8007
9580000 21.7199
9590000 21.7892
9600000 21.7355
9610000 22.1814
9620000 21.7467
9630000 22.0445
9640000 21.7632
9650000 22.0379
9660000 21.7716
9670000 21.8738
9680000 21.8143
9690000 21.8605
9700000 21.8254
9710000 21.8637
9720000 22.0064
9730000 24.0651
9740000 22.1897
9750000 23.2574
9760000 22.2277
9770000 22.2058
9780000 24.3828
9790000 22.1232
9800000 22.0087
9810000 22.0422
9820000 21.9367
9830000 22.0469
9840000 22.1686
9850000 22.0601
9860000 22.0269
9870000 22.2927
9880000 22.0026
9890000 22.1538
9900000 21.9935
9910000 22.1516
9920000 22.0004
9930000 22.1427
9940000 23.1609
9950000 22.0889
9960000 22.6398
9970000 22.0917
9980000 22.2038
9990000 22.1063
10000000 22.194
10010000 22.1129
10020000 22.2044
10030000 22.1282
10040000 22.5608
10050000 22.1423
10060000 22.5337
10070000 22.156
10080000 22.4231
10090000 22.1682
10100000 22.2915
10110000 22.178
10120000 22.2772
10130000 22.2187
10140000 24.4744
10150000 22.2285
10160000 22.2625
10170000 22.6448
10180000 22.4816
10190000 22.5845
10200000 23.5138
10210000 22.5247
10220000 22.6012
10230000 22.4615
10240000 22.5168
10250000 22.3997
10260000 22.4357
10270000 22.3373
10280000 22.4467
10290000 22.5652
10300000 22.4535
10310000 22.3999
10320000 22.5524
10330000 22.3954
10340000 22.5467
10350000 22.3927
10360000 22.5438
10370000 23.5266
10380000 22.5326
10390000 23.5427
10400000 22.4772
10410000 22.6493
10420000 22.4885
10430000 22.5934
10440000 22.4985
10450000 22.5884
10460000 22.5081
10470000 22.5749
10480000 22.5231
10490000 22.9542
10500000 22.5372
10510000 22.8234
10520000 22.5513
10530000 22.8106
10540000 22.5604
10550000 22.6686
10560000 22.5982
10570000 22.6505
10580000 22.6083
10590000 22.6467
10600000 22.7828
10610000 22.6521
10620000 22.9587
10630000 24.2809
10640000 22.9392
10650000 23.6938
10660000 22.6561
10670000 22.8956
10680000 22.7916
10690000 22.9042
10700000 22.7139
10710000 22.8208
10720000 22.8568
10730000 22.834
10740000 22.8
10750000 23.0591
10760000 22.7756
10770000 22.9235
10780000 22.7833
10790000 22.924
10800000 22.7748
10810000 22.9162
10820000 23.8961
10830000 22.9049
10840000 23.3948
10850000 22.8636
10860000 22.9754
10870000 22.8729
10880000 22.9774
10890000 22.8827
10900000 22.971
10910000 22.8945
10920000 22.9584
10930000 22.908
10940000 23.3087
10950000 22.9219
10960000 23.1798
10970000 22.9331
10980000 23.0649
10990000 22.9423
11000000 23.0376
11010000 22.981
11020000 23.0249
11030000 22.9912
11040000 23.0233
11050000 23.1626
11060000 25.1266
11070000 23.3361
11080000 24.3515
11090000 23.2947
11100000 23.3505
11110000 23.2131
11120000 23.2674
11130000 23.1536
11140000 23.1932
11150000 23.0931
11160000 23.1986
11170000 23.3139
11180000 23.2095
11190000 23.1535
11200000 23.4208
11210000 23.1503
11220000 23.2984
11230000 23.1458
11240000 23.2964
11250000 23.8861
11260000 23.286
11270000 24.2534
11280000 23.2275
11290000 23.759
11300000 23.2373
11310000 23.3382
11320000 23.2477
11330000 23.3333
11340000 23.256
11350000 23.3204
11360000 23.2706
11370000 23.6663
11380000 23.2832
11390000 23.6547
11400000 23.2961
11410000 23.5499
11420000 23.307
11430000 23.4185
11440000 23.3425
11450000 23.4058
11460000 23.3523
11470000 25.5092
11480000 23.5193
11490000 23.393
11500000 23.7587
11510000 23.6011
11520000 23.701
11530000 24.4192
11540000 23.6415
11550000 23.6735
11560000 23.582
11570000 23.6355
11580000 23.5188
11590000 23.5565
11600000 23.5886
11610000 23.5672
11620000 23.6578
11630000 23.5735
11640000 23.5221
11650000 23.6673
11660000 23.5161
11670000 23.6532
11680000 23.5127
11690000 23.6487
11700000 24.596
11710000 23.6347
11720000 24.1087
11730000 23.5938
11740000 23.7569
11750000 23.6044
11760000 23.7038
11770000 23.613
11780000 23.6975
11790000 23.6239
11800000 23.6854
11810000 23.6358
11820000 24.0467
11830000 23.6476
11840000 23.9191
11850000 23.6609
11860000 23.9259
11870000 23.6686
11880000 23.772
11890000 23.705
11900000 23.7519
11910000 23.7142
11920000 23.7493
11930000 23.8805
11940000 25.7892
11950000 24.049
11960000 25.3141
11970000 24.1019
11980000 24.7491
11990000 23.7584
12000000 23.9861
12010000 23.8872
12020000 23.9097
12030000 23.8123
12040000 23.9136
12050000 24.0255
12060000 23.9253
12070000 23.8935
12080000 24.1408
12090000 23.8697
12100000 24.0105
12110000 23.8613
12120000 24.0095
12130000 23.8675
12140000 24.0026
12150000 24.9399
12160000 23.9557
12170000 24.4559
12180000 23.9516
12190000 24.0582
12200000 23.9597
12210000 24.0425
12220000 23.9658
12230000 24.0508
12240000 23.9799
12250000 25.2991
12260000 23.9925
12270000 24.3554
12280000 24.0049
12290000 24.2513
12300000 24.0156
12310000 24.1289
12320000 24.0237
12330000 24.1142
12340000 24.0603
12350000 26.1615
12360000 24.0696
12370000 24.0993
12380000 24.4518
12390000 26.1155
12400000 24.3976
12410000 25.3665
12420000 24.357
12430000 24.4107
12440000 24.2796
12450000 24.3315
12460000 24.2224
12470000 24.2556
12480000 24.1643
12490000 24.2651
12500000 24.3747
12510000 24.2744
12520000 24.2211
12530000 24.4663
12540000 24.2168
12550000 24.3554
12560000 24.2125
12570000 24.3545
12580000 24.9198
12590000 24.344
12600000 25.2783
12610000 24.2892
12620000 24.7967
12630000 24.2984
12640000 24.3951
12650000 24.3083
12660000 24.3901
12670000 24.3154
12680000 24.3766
12690000 24.3283
12700000 24.7065
12710000 24.3403
12720000 24.6378
12730000 24.3526
12740000 24.5902
12750000 24.3612
12760000 24.4603
12770000 24.3968
12780000 24.4429
12790000 24.4034
12800000 24.4389
12810000 24.5648
12820000 24.4429
12830000 24.793
12840000 24.6426
12850000 24.7377
12860000 25.4257
12870000 24.4449
12880000 24.7088
12890000 24.5698
12900000 24.6743
12910000 24.5624
12920000 24.5961
12930000 24.6288
12940000 24.6081
12950000 24.695
12960000 24.8179
12970000 24.5704
12980000 24.6931
12990000 24.5584
13000000 24.6891
13010000 24.5499
13020000 24.684
13030000 25.5929
13040000 24.6707
13050000 25.1252
13060000 24.6305
13070000 24.7872
13080000 24.6383
13090000 24.7355
13100000 24.6482
13110000 24.729
13120000 24.6572
13130000 24.7176
13140000 24.6693
13150000 25.0629
13160000 24.6783
13170000 24.9408
13180000 24.6917
13190000 24.8369
13200000 24.6978
13210000 24.7874
13220000 24.7343
13230000 24.7745
13240000 24.7429
13250000 24.7762
13260000 24.9016
13270000 26.7378
13280000 25.0625
13290000 26.0123
13300000 25.023
13310000 25.0752
13320000 27.0213
13330000 25.001
13340000 24.899
13350000 24.928
13360000 24.8341
13370000 24.9311
13380000 25.0381
13390000 24.9415
13400000 24.9115
13410000 25.1463
13420000 24.889
13430000 25.0222
13440000 24.8798
13450000 25.0193
13460000 24.8846
13470000 25.0104
13480000 25.9153
13490000 24.9614
13500000 25.4494
13510000 24.9626
13520000 25.0611
13530000 24.9745
13540000 25.0516
13550000 24.9792
13560000 25.0597
13570000 24.9916
13580000 25.3749
13590000 25.003
13600000 25.3492
13610000 25.0139
13620000 25.2506
13630000 25.0236
13640000 25.1324
13650000 25.0311
13660000 25.1185
13670000 25.066
13680000 27.0849
13690000 25.0737
13700000 25.1033
13710000 25.4424
13720000 25.2968
13730000 25.3876
13740000 26.2176
13750000 25.3332
13760000 25.3989
13770000 25.2759
13780000 25.3248
13790000 25.2201
13800000 25.2515
13810000 25.1634
13820000 25.2602
13830000 25.3649
13840000 25.2651
13850000 25.2168
13860000 25.3519
13870000 25.2117
13880000 25.3438
13890000 25.2083
13900000 25.3423
13910000 26.2196
13920000 25.3313
13930000 26.2331
13940000 25.2807
13950000 25.4331
13960000 25.2897
13970000 25.3822
13980000 25.2975
13990000 25.3773
14000000 25.305
14010000 25.364
14020000 25.3173
14030000 25.7011
14040000 25.3287
14050000 25.583
14060000 25.3402
14070000 25.5709
14080000 25.3471
14090000 25.443
14100000 25.3797
14110000 25.4258
14120000 25.3877
14130000 25.4214
14140000 25.5422
14150000 25.4251
14160000 25.6981
14170000 26.8855
14180000 25.6795
14190000 26.3556
14200000 25.4259
14210000 25.6393
14220000 25.5457
14230000 25.6457
14240000 25.4754
14250000 25.5703
14260000 25.6018
14270000 25.581
14280000 25.5501
14290000 25.7811
14300000 25.5273
14310000 25.6589
14320000 25.5331
14330000 25.6584
14340000 25.5245
14350000 25.6505
14360000 26.5288
14370000 25.6394
14380000 26.0771
14390000 25.6011
14400000 25.7004
14410000 25.6085
14420000 25.7012
14430000 25.6157
14440000 25.6948
14450000 25.6259
14460000 25.6824
14470000 25.6368
14480000 25.9951
14490000 25.6482
14500000 25.8787
14510000 25.6572
14520000 25.7746
14530000 25.6642
14540000 25.749
14550000 25.6978
14560000 25.7367
14570000 25.706
14580000 25.7343
14590000 25.8585
14600000 27.6311
14610000 26.0127
14620000 26.9273
14630000 25.9746
14640000 26.0244
14650000 25.9007
14660000 25.949
14670000 25.8465
14680000 25.8804
14690000 25.7912
14700000 25.8852
14710000 25.988
14720000 25.894
14730000 25.8432
14740000 26.0826
14750000 25.8394
14760000 25.9718
14770000 25.8343
14780000 25.9691
14790000 26.4986
14800000 25.9589
14810000 26.8294
14820000 25.9052
14830000 26.3823
14840000 25.9131
14850000 26.0028
14860000 25.9213
14870000 25.9977
14880000 25.9278
14890000 25.9851
14900000 25.94
14910000 26.2951
14920000 25.9502
14930000 26.2837
14940000 25.9609
14950000 26.1886
14960000 25.9696
14970000 26.0693
14980000 26.0004
14990000 26.0569
15000000 26.0083
15010000 27.9608
15020000 26.1574
15030000 26.0435
15040000 26.372
15050000 26.2297
15060000 26.319
15070000 26.9673
15080000 26.2644
15090000 26.2923
15100000 26.2099
15110000 26.2578
15120000 26.1522
15130000 26.1857
15140000 26.214
15150000 26.1943
15160000 26.2753
15170000 26.391
15180000 26.1522
15190000 26.2825
15200000 26.1459
15210000 26.269
15220000 26.1419
15230000 26.264
15240000 27.1195
15250000 26.2505
15260000 26.6774
15270000 26.2126
15280000 26.3588
15290000 26.2212
15300000 26.3101
15310000 26.228
15320000 26.3037
15330000 26.2369
15340000 26.2918
15350000 26.2467
15360000 26.617
15370000 26.2564
15380000 26.5009
15390000 26.2673
15400000 26.5061
15410000 26.2733
15420000 26.3664
15430000 26.3052
15440000 26.3471
15450000 26.3126
15460000 26.3438
15470000 26.4616
15480000 28.1958
15490000 26.6129
15500000 27.7611
15510000 26.6597
15520000 27.2462
15530000 26.3487
15540000 26.554
15550000 26.4641
15560000 26.4839
15570000 26.3955
15580000 26.4866
15590000 26.5871
15600000 26.4962
15610000 26.467
15620000 26.69
15630000 26.4445
15640000 26.5714
15650000 26.436
15660000 26.5697
15670000 26.4407
15680000 26.5626
15690000 27.4119
15700000 26.5192
15710000 26.9713
15720000 26.5144
15730000 26.6102
15740000 26.5209
15750000 26.5954
15760000 26.5256
15770000 26.6021
15780000 26.5375
15790000 27.7349
15800000 26.5479
15810000 26.876
15820000 26.558
15830000 26.7809
15840000 26.5669
15850000 26.669
15860000 26.5733
15870000 26.6548
15880000 26.6055
15890000 28.5195
15900000 26.612
15910000 26.6396
15920000 26.9584
15930000 28.4757
15940000 26.9084
15950000 27.7896
15960000 26.8708
15970000 26.919
15980000 26.7997
15990000 26.8465
16000000 26.7471
16010000 26.7767
16020000 26.6936
16030000 26.7844
16040000 26.8833
16050000 26.792
16060000 26.7432
16070000 26.9651
16080000 26.7385
16090000 26.8637
16100000 26.7337
16110000 26.8621
16120000 27.3751
16130000 26.8518
16140000 27.701
16150000 26.801
16160000 27.2614
16170000 26.8086
16180000 26.8959
16190000 26.8167
16200000 26.8905
16210000 26.8222
16220000 26.8774
16230000 26.8331
16240000 27.1762
16250000 26.8431
16260000 27.1129
16270000 26.8533
16280000 27.0688
16290000 26.8603
16300000 26.9498
16310000 26.8917
16320000 26.9332
16330000 26.8969
16340000 26.9286
16350000 27.0426
16360000 26.9315
16370000 27.2491
16380000 27.1121
16390000 27.1981
16400000 27.8251
16410000 26.9311
16420000 27.1705
16430000 27.0436
16440000 27.1384
16450000 27.0362
16460000 27.0665
16470000 27.0957
16480000 27.0766
16490000 27.1551
16500000 27.2665
16510000 27.0409
16520000 27.1521
16530000 27.0292
16540000 27.1478
16550000 27.0205
16560000 27.1423
16570000 27.9709
16580000 27.1294
16590000 27.5427
16600000 27.0918
16610000 27.2338
16620000 27.0981
16630000 27.186
16640000 27.1063
16650000 27.1795
16660000 27.1137
16670000 27.1683
16680000 27.1238
16690000 27.4821
16700000 27.1313
16710000 27.3627
16720000 27.1426
16730000 27.2745
16740000 27.1472
16750000 27.2284
16760000 27.1796
16770000 27.2159
16780000 27.1868
16790000 27.2166
16800000 27.3305
16810000 29.013
16820000 27.4763
16830000 28.3451
16840000 27.4394
16850000 27.4866
16860000 29.2725
16870000 27.4183
16880000 27.3249
16890000 27.3508
16900000 27.2649
16910000 27.3529
16920000 27.45
16930000 27.3616
16940000 27.3339
16950000 27.5476
16960000 27.3125
16970000 27.4336
16980000 27.3031
16990000 27.4303
17000000 27.3069
17010000 27.4214
17020000 28.2485
17030000 27.3758
17040000 27.821
17050000 27.3761
17060000 27.4654
17070000 27.3861
17080000 27.4561
17090000 27.3896
17100000 27.4628
17110000 27.4002
17120000 27.7495
17130000 27.4095
17140000 27.7256
17150000 27.4189
17160000 27.6348
17170000 27.4269
17180000 27.5259
17190000 27.4329
17200000 27.5124
17210000 27.464
17220000 29.318
17230000 27.4703
17240000 27.4969
17250000 27.8065
17260000 27.6715
17270000 27.7555
17280000 28.5166
17290000 27.7051
17300000 28.2858
17310000 27.6519
17320000 27.6964
17330000 27.5962
17340000 27.6284
17350000 27.5475
17360000 27.6355
17370000 27.731
17380000 27.6393
17390000 27.5947
17400000 27.7179
17410000 27.5894
17420000 27.7099
17430000 27.5854
17440000 27.7077
17450000 28.5119
17460000 27.697
17470000 28.0909
17480000 27.6497
17490000 27.7887
17500000 27.6573
17510000 27.7414
17520000 27.6637
17530000 27.7363
17540000 27.6697
17550000 27.7234
17560000 27.6803
17570000 28.0314
17580000 27.6899
17590000 27.9225
17600000 27.6996
17610000 27.9107
17620000 27.7051
17630000 27.7926
17640000 27.7342
17650000 27.7762
17660000 27.7409
17670000 27.7713
17680000 27.8816
17690000 27.774
17700000 28.0236
17710000 29.1162
17720000 28.0059
17730000 28.627
17740000 27.7728
17750000 27.968
17760000 27.8819
17770000 27.9732
17780000 27.8166
17790000 27.9032
17800000 27.9317
17810000 27.9123
17820000 27.8836
17830000 28.095
17840000 27.8619
17850000 27.9822
17860000 27.8665
17870000 27.9812
17880000 27.8579
17890000 27.9733
17900000 28.7802
17910000 27.9623
17920000 28.3637
17930000 27.9263
17940000 28.0169
17950000 27.9324
17960000 28.0169
17970000 27.9382
17980000 28.0105
17990000 27.9468
18000000 27.9984
18010000 27.9562
18020000 28.2847
18030000 27.9659
18040000 28.1773
18050000 27.9733
18060000 28.0808
18070000 27.979
18080000 28.0565
18090000 28.0091
18100000 28.0443
18110000 28.016
18120000 28.0416
18130000 28.1552
18140000 29.7911
18150000 28.296
18160000 29.139
18170000 28.2604
18180000 28.3058
18190000 28.1918
18200000 28.2359
18210000 28.1414
18220000 28.1721
18230000 28.0898
18240000 28.1758
18250000 28.2699
18260000 28.1832
18270000 28.1361
18280000 28.3559
18290000 28.1319
18300000 28.2533
18310000 28.1266
18320000 28.2502
18330000 28.7372
18340000 28.2402
18350000 29.0418
18360000 28.1899
18370000 28.6286
18380000 28.1965
18390000 28.2786
18400000 28.2033
18410000 28.2732
18420000 28.2086
18430000 28.261
18440000 28.2191
18450000 28.5456
18460000 28.2278
18470000 28.5345
18480000 28.2369
18490000 28.4463
18500000 28.2442
18510000 28.3356
18520000 28.2718
18530000 28.3235
18540000 28.2783
18550000 28.3083
18560000 28.4149
18570000 28.3098
18580000 28.6113
18590000 28.4805
18600000 28.5619
18610000 29.1607
18620000 28.5113
18630000 28.5367
18640000 28.4604
18650000 28.5043
18660000 28.4068
18670000 28.4371
18680000 28.4628
18690000 28.4444
18700000 28.5187
18710000 28.625
18720000 28.4046
18730000 28.5243
18740000 28.3981
18750000 28.5112
18760000 28.3937
18770000 28.5059
18780000 29.2956
18790000 28.4929
18800000 28.8862
18810000 28.4571
18820000 28.5914
18830000 28.4644
18840000 28.5458
18850000 28.47
18860000 28.5395
18870000 28.4775
18880000 28.5278
18890000 28.4858
18900000 28.8272
18910000 28.4941
18920000 28.7194
18930000 28.5034
18940000 28.7236
18950000 28.5082
18960000 28.5938
18970000 28.537
18980000 28.5754
18990000 28.5431
19000000 28.5717
19010000 28.68
19020000 30.2871
19030000 28.8188
19040000 29.8822
19050000 28.8615
19060000 29.404
19070000 28.5738
19080000 28.7629
19090000 28.6796
19100000 28.6974
19110000 28.6156
19120000 28.6993
19130000 28.7915
19140000 28.7076
19150000 28.6803
19160000 28.8858
19170000 28.6588
19180000 28.7756
19190000 28.6503
19200000 28.7735
19210000 28.6539
19220000 28.7663
19230000 29.5519
19240000 28.7254
19250000 29.143
19260000 28.7203
19270000 28.8084
19280000 28.7258
19290000 28.7942
19300000 28.7294
19310000 28.7999
19320000 28.7397
19330000 29.8487
19340000 28.7487
19350000 29.0518
19360000 28.7574
19370000 28.9633
19380000 28.7649
19390000 28.859
19400000 28.7702
19410000 28.8452
19420000 28.7993
19430000 30.576
19440000 28.8046
19450000 28.8299
19460000 29.1244
19470000 30.534
19480000 29.0774
19490000 29.8946
19500000 29.0419
19510000 29.0862
19520000 28.9755
19530000 29.0186
19540000 28.9263
19550000 28.9533
19560000 28.8761
19570000 28.9598
19580000 29.051
19590000 28.9662
19600000 28.9207
19610000 29.1257
19620000 28.9157
19630000 29.0313
19640000 28.9106
19650000 29.0292
19660000 29.7957
19670000 29.0191
19680000 29.8062
19690000 28.9712
19700000 29.3974
19710000 28.9777
19720000 29.0581
19730000 28.9846
19740000 29.0526
19750000 28.9891
19760000 29.0399
19770000 28.9985
19780000 29.3161
19790000 29.0072
19800000 29.2568
19810000 29.016
19820000 29.2154
19830000 29.0217
19840000 29.1044
19850000 29.0502
19860000 29.0883
19870000 29.0544
19880000 29.0834
19890000 29.1887
19900000 29.0855
19910000 29.3795
19920000 29.2523
19930000 29.3316
19940000 29.9114
19950000 29.0836
19960000 29.305
19970000 29.1872
19980000 29.2747
19990000 29.1253
20000000 29.2074
20010000 29.2341
20020000 29.216
20030000 29.2886
20040000 29.3916
20050000 29.1821
20060000 29.2849
20070000 29.1707
20080000 29.2803
20090000 29.162
20100000 29.2746
20110000 30.0441
20120000 29.2621
20130000 29.6454
20140000 29.2265
20150000 29.3578
20160000 29.2318
20170000 29.3129
20180000 29.2388
20190000 29.3064
20200000 29.245
20210000 29.2953
20220000 29.2538
20230000 29.5861
20240000 29.2601
20250000 29.4747
20260000 29.27
20270000 29.3921
20280000 29.2746
20290000 29.3487
20300000 29.303
20310000 29.3365
20320000 29.3091
20330000 29.3365
20340000 29.4419
20350000 31.0097
20360000 29.5766
20370000 30.3853
20380000 29.5418
20390000 29.5854
20400000 31.2513
20410000 29.5214
20420000 29.4343
20430000 29.458
20440000 29.378
20450000 29.4594
20460000 29.5492
20470000 29.4668
20480000 29.4408
20490000 29.6391
20500000 29.4203
20510000 29.5326
20520000 29.411
20530000 29.529
20540000 29.4139
20550000 29.5201
20560000 30.2892
20570000 29.477
20580000 29.8906
20590000 29.4767
20600000 29.5593
20610000 29.4854
20620000 29.5502
20630000 29.4881
20640000 29.5559
20650000 29.4973
20660000 29.8219
20670000 29.5054
20680000 29.7991
20690000 29.5135
20700000 29.7141
20710000 29.5203
20720000 29.6121
20730000 29.5253
20740000 29.5989
20750000 29.5536
20760000 31.2838
20770000 29.5589
20780000 29.5834
20790000 29.871
20800000 29.7452
20810000 29.823
20820000 30.5325
20830000 29.7754
20840000 30.3163
20850000 29.7254
20860000 29.7665
20870000 29.6731
20880000 29.7027
20890000 29.6272
20900000 29.7087
20910000 29.7972
20920000 29.7117
20930000 29.6699
20940000 29.7842
20950000 29.6643
20960000 29.7713
20970000 29.6601
20980000 29.769
20990000 30.523
21000000 29.7631
21010000 30.1296
21020000 29.7185
21030000 29.8473
21040000 29.7248
21050000 29.8029
21060000 29.7303
21070000 29.7977
21080000 29.7354
21090000 29.7851
21100000 29.7446
21110000 30.0715
21120000 29.753
21130000 29.9682
21140000 29.7612
21150000 29.9579
21160000 29.766
21170000 29.8472
21180000 29.7924
21190000 29.8313
21200000 29.7981
21210000 29.8262
21220000 29.9286
21230000 31.3244
21240000 30.0604
21250000 31.0813
21260000 30.0433
21270000 30.623
21280000 29.8255
21290000 30.0073
21300000 29.9266
21310000 30.0115
21320000 29.8652
21330000 29.9453
21340000 29.9718
21350000 29.9535
21360000 29.9265
21370000 30.1233
21380000 29.9057
21390000 30.0175
21400000 29.9094
21410000 30.0162
21420000 29.9007
21430000 30.0082
21440000 30.7614
21450000 29.9974
21460000 30.3715
21470000 29.9632
21480000 30.0473
21490000 29.968
21500000 30.0467
21510000 29.9731
21520000 30.0404
21530000 29.9807
21540000 30.0286
21550000 29.9888
21560000 30.2952
21570000 29.9973
21580000 30.1944
21590000 30.0037
21600000 30.1037
21610000 30.0084
21620000 30.0805
21630000 30.0359
21640000 30.0685
21650000 30.0418
21660000 30.0654
21670000 30.1712
21680000 31.703
21690000 30.302
21700000 31.0905
21710000 30.2682
21720000 30.3103
21730000 30.2036
21740000 30.2446
21750000 30.1561
21760000 30.1839
21770000 30.1073
21780000 30.1874
21790000 30.2749
21800000 30.1937
21810000 30.1495
21820000 30.3544
21830000 30.145
21840000 30.258
21850000 30.1395
21860000 30.2546
21870000 30.7095
21880000 30.2448
21890000 30.9943
21900000 30.1972
21910000 30.6068
21920000 30.2029
21930000 30.2792
21940000 30.2086
21950000 30.2737
21960000 30.2131
21970000 30.2618
21980000 30.2224
21990000 30.5273
22000000 30.2299
22010000 30.5163
22020000 30.2378
22030000 30.4334
22040000 30.2441
22050000 30.3293
22060000 30.2693
22070000 30.3174
22080000 30.2749
22090000 30.3026
22100000 30.4019
22110000 30.3035
22120000 30.5851
22130000 30.4626
22140000 30.5383
22150000 31.0989
22160000 30.4905
22170000 30.514
22180000 30.4424
22190000 30.4832
22200000 30.3917
22210000 30.4199
22220000 30.4435
22230000 30.4261
22240000 30.4953
22250000 30.5944
22260000 30.388
22270000 30.4997
22280000 30.3815
22290000 30.487
22300000 30.3768
22310000 30.4816
22320000 31.221
22330000 30.4689
22340000 30.8366
22350000 30.4348
22360000 30.56
22370000 30.4409
22380000 30.5169
22390000 30.4458
22400000 30.5106
22410000 30.4523
22420000 30.4991
22430000 30.4596
22440000 30.7788
22450000 30.4668
22460000 30.6775
22470000 30.4745
22480000 30.6808
22490000 30.4789
22500000 30.5588
22510000 30.5052
22520000 30.541
22530000 30.5105
22540000 30.537
22550000 30.6381
22560000 32.1472
22570000 30.7675
22580000 31.548
22590000 30.807
22600000 31.3157
22610000 30.5374
22620000 30.7139
22630000 30.6302
22640000 30.652
22650000 30.5752
22660000 30.6533
22670000 30.7393
22680000 30.6605
22690000 30.6347
22700000 30.8269
22710000 30.6141
22720000 30.7231
22730000 30.6056
22740000 30.7208
22750000 30.6085
22760000 30.7135
22770000 31.4501
22780000 30.6747
22790000 31.0658
22800000 30.6694
22810000 30.7516
22820000 30.674
22830000 30.7379
22840000 30.6768
22850000 30.7427
22860000 30.686
22870000 31.7269
22880000 30.6939
22890000 30.9778
22900000 30.7015
22910000 30.8943
22920000 30.7081
22930000 30.796
22940000 30.7124
22950000 30.7825
22960000 30.7392
22970000 32.4095
22980000 30.7437
22990000 30.7671
23000000 31.043
23010000 32.369
23020000 30.9985
23030000 31.7662
23040000 30.9646
23050000 31.0059
23060000 30.9018
23070000 30.9421
23080000 30.8553
23090000 30.8803
23100000 30.8077
23110000 30.8859
23120000 30.9711
23130000 30.8914
23140000 30.8484
23150000 31.0404
23160000 30.8433
23170000 30.9515
23180000 30.838
23190000 30.9491
23200000 31.6687
23210000 30.9391
23220000 31.6781
23230000 30.8935
23240000 31.2933
23250000 30.8992
23260000 30.9743
23270000 30.9051
23280000 30.9688
23290000 30.9088
23300000 30.9563
23310000 30.9172
23320000 31.2151
23330000 30.9248
23340000 31.1592
23350000 30.9325
23360000 31.1196
23370000 30.9374
23380000 31.0148
23390000 30.9635
23400000 30.9992
23410000 30.9671
23420000 30.9941
23430000 31.0926
23440000 30.9957
23450000 31.2714
23460000 31.1518
23470000 31.2259
23480000 31.771
23490000 30.9925
23500000 31.2001
23510000 31.0892
23520000 31.1713
23530000 31.0307
23540000 31.1075
23550000 31.1322
23560000 31.1151
23570000 31.1831
23580000 31.2794
23590000 31.0825
23600000 31.1788
23610000 31.0714
23620000 31.174
23630000 31.0626
23640000 31.1683
23650000 31.8917
23660000 31.1561
23670000 31.516
23680000 31.1221
23690000 31.245
23700000 31.1265
23710000 31.2024
23720000 31.1324
23730000 31.196
23740000 31.138
23750000 31.185
23760000 31.1457
23770000 31.4579
23780000 31.1534
23790000 31.3527
23800000 31.1599
23810000 31.2745
23820000 31.1638
23830000 31.2331
23840000 31.19
23850000 31.2212
23860000 31.1952
23870000 31.2208
23880000 31.3195
23890000 32.7976
23900000 31.4457
23910000 32.2074
23920000 31.4125
23930000 31.4532
23940000 33.0248
23950000 31.3926
23960000 31.3099
23970000 31.3325
23980000 31.2571
23990000 31.3334
24000000 31.4176
24010000 31.3399
24020000 31.3151
24030000 31.5014
24040000 31.2954
24050000 31.4008
24060000 31.2862
24070000 31.397
24080000 31.2885
24090000 31.3881
24100000 32.1123
24110000 31.3471
24120000 31.7359
24130000 31.3463
24140000 31.4237
24150000 31.3541
24160000 31.415
24170000 31.3561
24180000 31.4197
24190000 31.3643
24200000 31.6696
24210000 31.3714
24220000 31.6476
24230000 31.3786
24240000 31.5672
24250000 31.3845
24260000 31.4706
24270000 31.3887
24280000 31.4578
24290000 31.4148
24300000 33.0476
24310000 31.4193
24320000 31.4422
24330000 31.7127
24340000 31.5941
24350000 31.6671
24360000 32.336
24370000 31.6217
24380000 32.1314
24390000 31.5742
24400000 31.6127
24410000 31.5245
24420000 31.5521
24430000 31.4808
24440000 31.5573
24450000 31.6404
24460000 31.5596
24470000 31.52
24480000 31.6275
24490000 31.5144
24500000 31.6149
24510000 31.5099
24520000 31.6123
24530000 32.323
24540000 31.6063
24550000 31.9514
24560000 31.5637
24570000 31.6847
24580000 31.5692
24590000 31.6425
24600000 31.574
24610000 31.6372
24620000 31.5783
24630000 31.6249
24640000 31.5865
24650000 31.8943
24660000 31.5936
24670000 31.7966
24680000 31.6012
24690000 31.7864
24700000 31.6052
24710000 31.6815
24720000 31.6296
24730000 31.6661
24740000 31.6345
24750000 31.6609
24760000 31.757
24770000 33.0756
24780000 31.8806
24790000 32.845
24800000 31.8642
24810000 32.4114
24820000 31.6585
24830000 31.8299
24840000 31.7534
24850000 31.8331
24860000 31.695
24870000 31.7703
24880000 31.795
24890000 31.7776
24900000 31.7519
24910000 31.9373
24920000 31.7319
24930000 31.8371
24940000 31.7349
24950000 31.8353
24960000 31.7262
24970000 31.8274
24980000 32.5382
24990000 31.8167
25000000 32.1694
25010000 31.784
25020000 31.863
25030000 31.7881
25040000 31.8514
25050000 31.7925
25060000 31.8557
25070000 31.7992
25080000 31.8441
25090000 31.8064
25100000 32.0952
25110000 31.8139
25120000 31.9997
25130000 31.8195
25140000 31.9136
25150000 31.8234
25160000 31.8912
25170000 31.849
25180000 31.8795
25190000 31.8541
25200000 31.8761
25210000 31.9756
25220000 33.4247
25230000 32.0986
25240000 32.844
25250000 32.0663
25260000 32.1059
25270000 32.0049
25280000 32.0435
25290000 31.9597
25300000 31.9856
25310000 31.9132
25320000 31.9885
25330000 32.0708
25340000 31.994
25350000 31.952
25360000 32.1381
25370000 31.9474
25380000 32.0539
25390000 31.9417
25400000 32.0503
25410000 32.4797
25420000 32.0406
25430000 32.7486
25440000 31.9951
25450000 32.3818
25460000 32
25470000 32.0718
25480000 32.005
25490000 32.0663
25500000 32.0088
25510000 32.0546
25520000 32.0171
25530000 32.3049
25540000 32.0238
25550000 32.2942
25560000 32.0308
25570000 32.2154
25580000 32.0363
25590000 32.1166
25600000 32.0596
25610000 32.1049
25620000 32.0645
25630000 32.0905
25640000 32.184
25650000 32.0909
25660000 32.3567
25670000 32.2407
25680000 32.3121
25690000 32.8422
25700000 32.2664
25710000 32.2883
25720000 32.2205
25730000 32.2589
25740000 32.1722
25750000 32.1986
25760000 32.2207
25770000 32.2041
25780000 32.2692
25790000 32.3626
25800000 32.1673
25810000 32.2727
25820000 32.1608
25830000 32.2603
25840000 32.1559
25850000 32.2548
25860000 32.9541
25870000 32.2424
25880000 32.5898
25890000 32.2097
25900000 32.3278
25910000 32.2134
25920000 32.2865
25930000 32.2192
25940000 32.2803
25950000 32.2249
25960000 32.269
25970000 32.2314
25980000 32.533
25990000 32.2377
26000000 32.4368
26010000 32.2446
26020000 32.4396
26030000 32.2482
26040000 32.3236
26050000 32.2725
26060000 32.3064
26070000 32.2774
26080000 32.3022
26090000 32.3976
26100000 33.8281
26110000 32.5195
26120000 33.2588
26130000 32.5564
26140000 33.0382
26150000 32.3011
26160000 32.4678
26170000 32.3884
26180000 32.4088
26190000 32.3359
26200000 32.4096
26210000 32.4907
26220000 32.416
26230000 32.3913
26240000 32.573
26250000 32.3714
26260000 32.4741
26270000 32.3629
26280000 32.4718
26290000 32.3652
26300000 32.4645
26310000 33.162
26320000 32.4273
26330000 32.7973
26340000 32.4218
26350000 32.4994
26360000 32.4258
26370000 32.486
26380000 32.4295
26390000 32.4902
26400000 32.4363
26410000 33.4226
26420000 32.4433
26430000 32.7119
26440000 32.4502
26450000 32.6325
26460000 32.4559
26470000 32.5389
26480000 32.4596
26490000 32.5257
26500000 32.4845
26510000 34.0692
26520000 32.4884
26530000 32.5104
26540000 32.7713
26550000 34.0299
26560000 32.7287
26570000 33.4566
26580000 32.6962
26590000 32.7352
26600000 32.6364
26610000 32.6743
26620000 32.592
26630000 32.6154
26640000 32.5464
26650000 32.6202
26660000 32.7007
26670000 32.625
26680000 32.5841
26690000 32.7658
26700000 32.5788
26710000 32.6812
26720000 32.5734
26730000 32.6785
26740000 33.3606
26750000 32.6686
26760000 33.3691
26770000 32.625
26780000 33.0036
26790000 32.63
26800000 32.7008
26810000 32.6352
26820000 32.6953
26830000 32.6382
26840000 32.6831
26850000 32.6458
26860000 32.9279
26870000 32.6525
26880000 32.8745
26890000 32.6595
26900000 32.8366
26910000 32.6637
26920000 32.7368
26930000 32.688
26940000 32.7216
26950000 32.691
26960000 32.7164
26970000 32.8095
26980000 32.7174
26990000 32.9786
27000000 32.865
27010000 32.935
27020000 33.4454
27030000 32.7134
27040000 32.91
27050000 32.8047
27060000 32.8822
27070000 32.7488
27080000 32.8214
27090000 32.8446
27100000 32.8282
27110000 32.8924
27120000 32.9835
27130000 32.7967
27140000 32.8878
27150000 32.7857
27160000 32.8829
27170000 32.777
27180000 32.877
27190000 33.5634
27200000 32.8651
27210000 33.2062
27220000 32.8323
27230000 32.9486
27240000 32.8362
27250000 32.9078
27260000 32.8413
27270000 32.9015
27280000 32.8463
27290000 32.8907
27300000 32.8532
27310000 33.1492
27320000 32.8601
27330000 33.0489
27340000 32.8658
27350000 32.9742
27360000 32.869
27370000 32.9347
27380000 32.8935
27390000 32.9229
27400000 32.8981
27410000 32.9221
27420000 33.0156
27430000 34.4207
27440000 33.1349
27450000 33.8574
27460000 33.1029
27470000 33.1414
27480000 34.6363
27490000 33.0836
27500000 33.0049
27510000 33.0261
27520000 32.9543
27530000 33.0265
27540000 33.1062
27550000 33.0323
27560000 33.0086
27570000 33.1852
27580000 32.9891
27590000 33.0893
27600000 32.9804
27610000 33.0853
27620000 32.9821
27630000 33.0765
27640000 33.7642
27650000 33.0372
27660000 33.4061
27670000 33.036
27680000 33.1092
27690000 33.043
27700000 33.1006
27710000 33.0445
27720000 33.1048
27730000 33.0519
27740000 33.3416
27750000 33.0583
27760000 33.32
27770000 33.0647
27780000 33.2436
27790000 33.0698
27800000 33.1515
27810000 33.0735
27820000 33.1389
27830000 33.0979
27840000 34.6513
27850000 33.1018
27860000 33.1233
27870000 33.38
27880000 33.2671
27890000 33.3362
27900000 33.9723
27910000 33.2927
27920000 33.777
27930000 33.2472
27940000 33.2837
27950000 33.1997
27960000 33.2257
27970000 33.1577
27980000 33.2303
27990000 33.3089
28000000 33.232
28010000 33.1941
28020000 33.2961
28030000 33.1885
28040000 33.2838
28050000 33.1838
28060000 33.281
28070000 33.9565
28080000 33.2749
28090000 33.6026
28100000 33.234
28110000 33.3487
28120000 33.2388
28130000 33.3082
28140000 33.2429
28150000 33.3029
28160000 33.2486
28170000 33.2909
28180000 33.2541
28190000 33.5465
28200000 33.2604
28210000 33.4532
28220000 33.2673
28230000 33.4432
28240000 33.2706
28250000 33.343
28260000 33.2934
28270000 33.328
28280000 33.2978
28290000 33.3226
28300000 33.4138
28310000 34.6693
28320000 33.5308
28330000 34.449
28340000 33.5149
28350000 34.0355
28360000 33.319
28370000 33.4816
28380000 33.4088
28390000 33.4844
28400000 33.3529
28410000 33.4243
28420000 33.4476
28430000 33.4309
28440000 33.4062
28450000 33.5823
28460000 33.3868
28470000 33.4865
28480000 33.3893
28490000 33.4846
28500000 33.3807
28510000 33.4768
28520000 34.153
28530000 33.4402
28540000 33.8014
28550000 33.4346
28560000 33.5095
28570000 33.4382
28580000 33.4982
28590000 33.442
28600000 33.502
28610000 33.448
28620000 33.4906
28630000 33.4544
28640000 33.729
28650000 33.4612
28660000 33.6378
28670000 33.4661
28680000 33.5555
28690000 33.4694
28700000 33.5338
28710000 33.4934
28720000 33.5223
28730000 33.4979
28740000 33.5187
28750000 33.6132
28760000 34.9943
28770000 33.7298
28780000 34.4397
28790000 33.6987
28800000 33.7361
28810000 33.6398
28820000 33.6764
28830000 33.5965
28840000 33.621
28850000 33.5518
28860000 33.6233
28870000 33.7013
28880000 33.6282
28890000 33.588
28900000 33.7649
28910000 33.5833
28920000 33.6844
28930000 33.5775
28940000 33.6806
28950000 34.0893
28960000 33.6711
28970000 34.3453
28980000 33.6274
28990000 33.9952
29000000 33.6317
29010000 33.6997
29020000 33.636
29030000 33.6943
29040000 33.6392
29050000 33.6827
29060000 33.6468
29070000 33.9207
29080000 33.6528
29090000 33.9101
29100000 33.6591
29110000 33.8348
29120000 33.6639
29130000 33.7402
29140000 33.6857
29150000 33.7287
29160000 33.69
29170000 33.7146
29180000 33.8034
29190000 33.7141
29200000 33.9675
29210000 33.8569
29220000 33.9247
29230000 34.4299
29240000 33.8808
29250000 33.9015
29260000 33.8367
29270000 33.8731
29280000 33.7904
29290000 33.8153
29300000 33.8362
29310000 33.8202
29320000 33.882
29330000 33.9708
29340000 33.7846
29350000 33.8848
29360000 33.778
29370000 33.8727
29380000 33.773
29390000 33.867
29400000 34.5335
29410000 33.8549
29420000 34.1857
29430000 33.8233
29440000 33.9355
29450000 33.8265
29460000 33.8959
29470000 33.8316
29480000 33.8897
29490000 33.8368
29500000 33.8786
29510000 33.8425
29520000 34.1298
29530000 33.8482
29540000 34.0377
29550000 33.8544
29560000 34.0401
29570000 33.8574
29580000 33.9211
29590000 33.8802
29600000 33.9124
29610000 33.8845
29620000 33.9079
29630000 33.9987
29640000 35.3643
29650000 34.1145
29660000 34.8198
29670000 34.1493
29680000 34.6088
29690000 35.5738
29700000 34.0643
29710000 33.9886
29720000 34.0077
29730000 33.9381
29740000 34.0081
29750000 34.0853
29760000 34.0139
29770000 33.9902
29780000 34.1633
29790000 33.9708
29800000 34.0686
29810000 33.9624
29820000 34.0661
29830000 33.9642
29840000 34.0588
29850000 34.7238
29860000 34.0215
29870000 34.3755
29880000 34.0173
29890000 34.0909
29900000 34.0207
29910000 34.078
29920000 34.0239
29930000 34.0817
29940000 34.03
29950000 34.9712
29960000 34.0363
29970000 34.2924
29980000 34.0425
29990000 34.2163
30000000 34.0476
30010000 34.1266
30020000 34.0507
30030000 34.1137
30040000 34.0742
30050000 35.5847
30060000 34.0775
30070000 34.0983
30080000 34.347
30090000 35.5497
30100000 34.306
30110000 35.0011
30120000 34.2653
30130000 34.3116
30140000 34.2173
30150000 34.2532
30160000 34.1745
30170000 34.1966
30180000 34.1307
30190000 34.201
30200000 34.2772
30210000 34.2052
30220000 34.1659
30230000 34.3391
30240000 34.1606
30250000 34.258
30260000 34.1551
30270000 34.2552
30280000 34.9062
30290000 34.2454
30300000 34.914
30310000 34.2034
30320000 34.5645
30330000 34.2078
30340000 34.2751
30350000 34.2124
30360000 34.2696
30370000 34.215
30380000 34.2576
30390000 34.2218
30400000 34.4909
30410000 34.2279
30420000 34.4396
30430000 34.2341
30440000 34.4031
30450000 34.2378
30460000 34.3074
30470000 34.2606
30480000 34.2926
30490000 34.2632
30500000 34.2872
30510000 34.3759
30520000 34.2879
30530000 34.537
30540000 34.4284
30550000 34.495
30560000 34.9826
30570000 34.2831
30580000 34.4705
30590000 34.37
30600000 34.4438
30610000 34.3162
30620000 34.3853
30630000 34.4073
30640000 34.3915
30650000 34.4526
30660000 34.5395
30670000 34.3609
30680000 34.4477
30690000 34.3501
30700000 34.4427
30710000 34.3414
30720000 34.4354
30730000 35.0924
30740000 34.425
30750000 34.7506
30760000 34.3934
30770000 34.5042
30780000 34.3967
30790000 34.4649
30800000 34.4012
30810000 34.4586
30820000 34.4057
30830000 34.4479
30840000 34.4119
30850000 34.6945
30860000 34.4182
30870000 34.5984
30880000 34.4233
30890000 34.5267
30900000 34.426
30910000 34.4884
30920000 34.449
30930000 34.477
30940000 34.4531
30950000 34.4759
30960000 34.5649
30970000 35.9093
30980000 34.6785
30990000 35.3694
31000000 34.6477
31010000 34.6838
31020000 36.1152
31030000 34.6287
31040000 34.5534
31050000 34.5734
31060000 34.5047
31070000 34.5735
31080000 34.6494
31090000 34.5786
31100000 34.5559
31110000 34.7244
31120000 34.5369
31130000 34.6324
31140000 34.5282
31150000 34.6283
31160000 34.5295
31170000 34.6196
31180000 35.277
31190000 34.5769
31200000 34.9341
31210000 34.5802
31220000 34.6499
31230000 34.5865
31240000 34.6415
31250000 34.5877
31260000 34.6446
31270000 34.5944
31280000 34.8711
31290000 34.6001
31300000 34.8502
31310000 34.6059
31320000 34.7769
31330000 34.6104
31340000 34.6867
31350000 34.6136
31360000 34.676
31370000 34.6366
31380000 36.1238
31390000 34.64
31400000 34.6604
31410000 34.9056
31420000 34.7975
31430000 34.8635
31440000 35.472
31450000 34.8214
31460000 35.2846
31470000 34.7776
31480000 34.8123
31490000 34.7319
31500000 34.7566
31510000 34.6914
31520000 34.7607
31530000 34.8356
31540000 34.762
31550000 34.7256
31560000 34.8229
31570000 34.7198
31580000 34.8109
31590000 34.715
31600000 34.8078
31610000 35.4541
31620000 34.8016
31630000 35.1149
31640000 34.7622
31650000 34.8716
31660000 34.7664
31670000 34.8326
31680000 34.7701
31690000 34.8273
31700000 34.7752
31710000 34.8154
31720000 34.78
31730000 35.0596
31740000 34.7857
31750000 34.9699
31760000 34.7919
31770000 34.9602
31780000 34.7948
31790000 34.864
31800000 34.8162
31810000 34.8492
31820000 34.8202
31830000 34.8437
31840000 34.9308
31850000 36.1335
31860000 35.0422
31870000 35.9219
31880000 35.0268
31890000 35.5252
31900000 34.8393
31910000 34.9946
31920000 34.9247
31930000 34.9969
31940000 34.8709
31950000 34.939
31960000 34.9611
31970000 34.945
31980000 34.9212
31990000 35.0896
32000000 34.9024
32010000 34.9976
32020000 34.9044
32030000 34.9955
32040000 34.8954
32050000 34.9876
32060000 35.635
32070000 34.9523
32080000 35.2979
32090000 34.9466
32100000 35.0181
32110000 34.9497
32120000 35.0069
32130000 34.9522
32140000 35.0103
32150000 34.9583
32160000 34.999
32170000 34.9642
32180000 35.227
32190000 34.9704
32200000 35.1394
32210000 34.9748
32220000 35.0602
32230000 34.9776
32240000 35.0391
32250000 35.0002
32260000 35.0277
32270000 35.0042
32280000 35.024
32290000 35.1142
32300000 36.4383
32310000 35.2255
32320000 35.9058
32330000 35.1954
32340000 35.2311
32350000 35.1387
32360000 35.1736
32370000 35.0969
32380000 35.1202
32390000 35.0539
32400000 35.1222
32410000 35.1967
32420000 35.1265
32430000 35.0879
32440000 35.2571
32450000 35.0824
32460000 35.1776
32470000 35.0771
32480000 35.1744
32490000 35.5665
32500000 35.1665
32510000 35.8121
32520000 35.1241
32530000 35.4763
32540000 35.1279
32550000 35.1929
32560000 35.1318
32570000 35.1874
32580000 35.1345
32590000 35.1761
32600000 35.1415
32610000 35.4036
32620000 35.1469
32630000 35.3932
32640000 35.1525
32650000 35.3208
32660000 35.1569
32670000 35.2297
32680000 35.1774
32690000 35.2127
32700000 35.1812
32710000 35.2046
32720000 35.2895
32730000 35.2038
32740000 35.4464
32750000 35.3403
32760000 35.405
32770000 35.8893
32780000 35.3626
32790000 35.3823
32800000 35.3201
32810000 35.3549
32820000 35.2755
32830000 35.2991
32840000 35.3189
32850000 35.3035
32860000 35.3626
32870000 35.4475
32880000 35.2689
32890000 35.3653
32900000 35.2623
32910000 35.3528
32920000 35.2571
32930000 35.3471
32940000 35.986
32950000 35.3352
32960000 35.6521
32970000 35.3046
32980000 35.4119
32990000 35.3073
33000000 35.3736
33010000 35.3119
33020000 35.3675
33030000 35.3165
33040000 35.3565
33050000 35.3217
33060000 35.597
33070000 35.3268
33080000 35.5084
33090000 35.3324
33100000 35.5103
33110000 35.335
33120000 35.3959
33130000 35.3566
33140000 35.3873
33150000 35.3603
33160000 35.3827
33170000 35.4695
33180000 36.7804
33190000 35.5802
33200000 36.2569
33210000 35.6133
33220000 36.0541
33230000 36.9811
33240000 35.5313
33250000 35.4586
33260000 35.4767
33270000 35.4099
33280000 35.4767
33290000 35.5506
33300000 35.482
33310000 35.4591
33320000 35.6248
33330000 35.4408
33340000 35.5339
33350000 35.4319
33360000 35.5312
33370000 35.433
33380000 35.5238
33390000 36.1617
33400000 35.4878
33410000 35.827
33420000 35.4834
33430000 35.5538
33440000 35.4864
33450000 35.5412
33460000 35.4891
33470000 35.5444
33480000 35.4947
33490000 36.3979
33500000 35.5005
33510000 35.7459
33520000 35.506
33530000 35.6726
33540000 35.5106
33550000 35.5862
33560000 35.5133
33570000 35.5735
33580000 35.5355
33590000 36.9862
33600000 35.5383
33610000 35.5582
33620000 35.7965
33630000 36.952
33640000 35.7569
33650000 36.4242
33660000 35.7176
33670000 35.7618
33680000 35.6712
33690000 35.7055
33700000 35.6299
33710000 35.6509
33720000 35.5875
33730000 35.6547
33740000 35.7278
33750000 35.6585
33760000 35.6207
33770000 35.7867
33780000 35.6152
33790000 35.7086
33800000 35.6096
33810000 35.7056
33820000 36.3304
33830000 35.6959
33840000 36.3376
33850000 35.6552
33860000 36.0016
33870000 35.6591
33880000 35.7236
33890000 35.6632
33900000 35.7181
33910000 35.6654
33920000 35.7062
33930000 35.6717
33940000 35.9299
33950000 35.6772
33960000 35.8803
33970000 35.6829
33980000 35.845
33990000 35.6861
34000000 35.7528
34010000 35.7076
34020000 35.7383
34030000 35.7098
34040000 35.7328
34050000 35.8177
34060000 35.7331
34070000 35.9263
34080000 35.8677
34090000 35.9315
34100000 36.3998
34110000 35.7277
34120000 35.9075
34130000 35.8108
34140000 35.8815
34150000 35.7589
34160000 35.8251
34170000 35.846
34180000 35.8307
34190000 35.8892
34200000 35.9724
34210000 35.7893
34220000 35.8841
34230000 35.7902
34240000 35.879
34250000 35.7816
34260000 35.8717
34270000 36.5026
34280000 35.8614
34290000 36.1739
34300000 35.8307
34310000 35.9369
34320000 35.8336
34330000 35.8989
34340000 35.8376
34350000 35.8926
34360000 35.8416
34370000 35.8821
34380000 35.8473
34390000 36.1186
34400000 35.853
34410000 36.026
34420000 35.8576
34430000 35.9568
34440000 35.8599
34450000 35.9197
34460000 35.8816
34470000 35.9084
34480000 35.8853
34490000 35.9071
34500000 35.9924
34510000 37.2853
34520000 36.1012
34530000 36.7653
34540000 36.0713
34550000 36.1058
34560000 37.4828
34570000 36.0526
34580000 35.9802
34590000 35.9991
34600000 35.9331
34610000 35.9992
34620000 36.0718
34630000 36.0036
34640000 35.9817
34650000 36.1434
34660000 35.9631
34670000 36.0547
34680000 35.9545
34690000 36.0505
34700000 35.9554
34710000 36.0418
34720000 36.6736
34730000 36.0005
34740000 36.3435
34750000 36.0034
34760000 36.0702
34770000 36.0092
34780000 36.0618
34790000 36.0099
34800000 36.0646
34810000 36.0161
34820000 36.2819
34830000 36.0213
34840000 36.2615
34850000 36.0265
34860000 36.1907
34870000 36.0305
34880000 36.1037
34890000 36.0504
34900000 36.0929
34910000 36.0552
34920000 37.486
34930000 36.0581
34940000 36.0776
34950000 36.3131
34960000 36.2091
34970000 36.2723
34980000 36.8575
34990000 36.2316
35000000 36.6768
35010000 36.1892
35020000 36.2224
35030000 36.145
35040000 36.1687
35050000 36.1058
35060000 36.1722
35070000 36.2441
35080000 36.173
35090000 36.138
35100000 36.2314
35110000 36.1322
35120000 36.2196
35130000 36.1273
35140000 36.2164
35150000 36.8376
35160000 36.2101
35170000 36.5111
35180000 36.1719
35190000 36.2768
35200000 36.1757
35210000 36.239
35220000 36.1789
35230000 36.2337
35240000 36.1835
35250000 36.2221
35260000 36.1879
35270000 36.4566
35280000 36.1931
35290000 36.37
35300000 36.1987
35310000 36.3604
35320000 36.2012
35330000 36.2676
35340000 36.2214
35350000 36.2531
35360000 36.225
35370000 36.2473
35380000 36.331
35390000 37.4887
35400000 36.4379
35410000 37.2846
35420000 36.4228
35430000 36.9023
35440000 36.2422
35450000 36.3914
35460000 36.3241
35470000 36.3933
35480000 36.272
35490000 36.3374
35500000 36.3585
35510000 36.3428
35520000 36.3198
35530000 36.4816
35540000 36.3014
35550000 36.3928
35560000 36.3031
35570000 36.3901
35580000 36.2941
35590000 36.3827
35600000 37.0054
35610000 36.3484
35620000 36.6806
35630000 36.3427
35640000 36.4112
35650000 36.3453
35660000 36.4002
35670000 36.3475
35680000 36.4033
35690000 36.3531
35700000 36.3921
35710000 36.3584
35720000 36.6111
35730000 36.3641
35740000 36.5265
35750000 36.368
35760000 36.4501
35770000 36.3704
35780000 36.4295
35790000 36.3918
35800000 36.4182
35810000 36.3954
35820000 36.4143
35830000 36.501
35840000 37.7764
35850000 36.6078
35860000 37.2597
35870000 36.5785
35880000 36.6127
35890000 36.5237
35900000 36.5571
35910000 36.4832
35920000 36.5053
35930000 36.4415
35940000 36.5071
35950000 36.5786
35960000 36.5109
35970000 36.4736
35980000 36.6363
35990000 36.4681
36000000 36.5595
36010000 36.4627
36020000 36.5562
36030000 36.9334
36040000 36.5484
36050000 37.1698
36060000 36.5072
36070000 36.846
36080000 36.5106
36090000 36.573
36100000 36.514
36110000 36.5675
36120000 36.5164
36130000 36.5559
36140000 36.5228
36150000 36.775
36160000 36.5278
36170000 36.7647
36180000 36.5329
36190000 36.6947
36200000 36.5359
36210000 36.6068
36220000 36.5562
36230000 36.5901
36240000 36.5596
36250000 36.582
36260000 36.6636
36270000 36.581
36280000 36.8143
36290000 36.7121
36300000 36.7742
36310000 37.2406
36320000 36.7331
36330000 36.7519
36340000 36.6918
36350000 36.7252
36360000 36.6487
36370000 36.6712
36380000 36.6902
36390000 36.6751
36400000 36.732
36410000 36.8136
36420000 36.6415
36430000 36.7342
36440000 36.6349
36450000 36.7219
36460000 36.6296
36470000 36.7161
36480000 37.3314
36490000 36.7043
36500000 37.0093
36510000 36.6746
36520000 36.7777
36530000 36.6769
36540000 36.7406
36550000 36.6811
36560000 36.7345
36570000 36.684
36580000 36.7236
36590000 36.6899
36600000 36.955
36610000 36.6946
36620000 36.8693
36630000 36.6997
36640000 36.8709
36650000 36.7009
36660000 36.7605
36670000 36.7224
36680000 36.7518
36690000 36.7257
36700000 36.7471
36710000 36.8306
36720000 38.0946
36730000 36.9369
36740000 37.5891
36750000 36.9681
36760000 37.3933
36770000 38.2877
36780000 36.8892
36790000 36.819
36800000 36.8362
36810000 36.7718
36820000 36.8359
36830000 36.907
36840000 36.8406
36850000 36.8187
36860000 36.9781
36870000 36.8008
36880000 36.8902
36890000 36.7919
36900000 36.8874
36910000 36.7927
36920000 36.8801
36930000 37.4947
36940000 36.8451
36950000 37.1717
36960000 36.8405
36970000 36.9082
36980000 36.8431
36990000 36.8958
37000000 36.8455
37010000 36.8987
37020000 36.8506
37030000 37.721
37040000 36.8558
37050000 37.0922
37060000 36.861
37070000 37.0213
37080000 36.8651
37090000 36.9378
37100000 36.8674
37110000 36.9253
37120000 36.8885
37130000 38.2879
37140000 36.891
37150000 36.91
37160000 37.1395
37170000 38.2543
37180000 37.1011
37190000 37.7445
37200000 37.0626
37210000 37.1053
37220000 37.0179
37230000 37.0508
37240000 36.9778
37250000 36.9979
37260000 36.9366
37270000 37.0014
37280000 37.0716
37290000 37.0047
37300000 36.9681
37310000 37.128
37320000 36.9626
37330000 37.0524
37340000 36.9569
37350000 37.0493
37360000 37.6516
37370000 37.0397
37380000 37.6583
37390000 37.0002
37400000 37.3339
37410000 37.0038
37420000 37.0656
37430000 37.0074
37440000 37.0601
37450000 37.0092
37460000 37.0484
37470000 37.015
37480000 37.2638
37490000 37.02
37500000 37.2157
37510000 37.0252
37520000 37.1814
37530000 37.028
37540000 37.0923
37550000 37.0485
37560000 37.0779
37570000 37.0504
37580000 37.0724
37590000 37.1541
37600000 37.0725
37610000 37.2585
37620000 37.2019
37630000 37.2632
37640000 37.715
37650000 37.0665
37660000 37.2397
37670000 37.1463
37680000 37.2144
37690000 37.096
37700000 37.1597
37710000 37.1798
37720000 37.1649
37730000 37.2212
37740000 37.3013
37750000 37.1246
37760000 37.2159
37770000 37.1252
37780000 37.2107
37790000 37.1166
37800000 37.2034
37810000 37.8119
37820000 37.1932
37830000 37.4944
37840000 37.1632
37850000 37.2655
37860000 37.1658
37870000 37.2286
37880000 37.1694
37890000 37.2223
37900000 37.173
37910000 37.2119
37920000 37.1781
37930000 37.4252
37940000 37.1834
37950000 37.3502
37960000 37.1876
37970000 37.2832
37980000 37.1894
37990000 37.2471
38000000 37.2102
38010000 37.236
38020000 37.2135
38030000 37.2344
38040000 37.3165
38050000 38.5649
38060000 37.4212
38070000 38.0622
38080000 37.3921
38090000 37.4253
38100000 38.7553
38110000 37.3737
38120000 37.3019
38130000 37.3218
38140000 37.258
38150000 37.3214
38160000 37.3915
38170000 37.3257
38180000 37.3043
38190000 37.4602
38200000 37.2861
38210000 37.3744
38220000 37.2775
38230000 37.3701
38240000 37.2781
38250000 37.3615
38260000 37.9711
38270000 37.3213
38280000 37.6522
38290000 37.3239
38300000 37.3881
38310000 37.3291
38320000 37.38
38330000 37.3296
38340000 37.3732
38350000 37.3353
38360000 37.5917
38370000 37.34
38380000 37.5717
38390000 37.3448
38400000 37.5032
38410000 37.3485
38420000 37.4189
38430000 37.3673
38440000 37.4082
38450000 37.3717
38460000 38.7539
38470000 37.3743
38480000 37.3929
38490000 37.6201
38500000 37.5196
38510000 37.5804
38520000 38.1455
38530000 37.5408
38540000 37.9706
38550000 37.4997
38560000 37.5317
38570000 37.4568
38580000 37.4795
38590000 37.4187
38600000 37.4826
38610000 37.5519
38620000 37.4831
38630000 37.4492
38640000 37.5393
38650000 37.4434
38660000 37.5275
38670000 37.4383
38680000 37.5228
38690000 38.1241
38700000 37.518
38710000 37.8083
38720000 37.4808
38730000 37.5819
38740000 37.4842
38750000 37.5452
38760000 37.487
38770000 37.5399
38780000 37.4912
38790000 37.5284
38800000 37.4952
38810000 37.7545
38820000 37.4999
38830000 37.6707
38840000 37.5049
38850000 37.6612
38860000 37.5072
38870000 37.5712
38880000 37.5265
38890000 37.557
38900000 37.5297
38910000 37.5511
38920000 37.6318
38930000 38.7505
38940000 37.7347
38950000 38.5529
38960000 37.7199
38970000 38.1829
38980000 37.5452
38990000 37.6892
39000000 37.6241
39010000 37.6908
39020000 37.5735
39030000 37.6365
39040000 37.6567
39050000 37.6415
39060000 37.6192
39070000 37.7752
39080000 37.6011
39090000 37.6893
39100000 37.6025
39110000 37.6865
39120000 37.5936
39130000 37.679
39140000 38.2805
39150000 37.6456
39160000 37.9639
39170000 37.6398
39180000 37.7058
39190000 37.6421
39200000 37.695
39210000 37.644
39220000 37.6978
39230000 37.6491
39240000 37.6867
39250000 37.654
39260000 37.898
39270000 37.6591
39280000 37.8161
39290000 37.6627
39300000 37.7419
39310000 37.6649
39320000 37.7217
39330000 37.6853
39340000 37.7106
39350000 37.6885
39360000 37.7067
39370000 37.7903
39380000 39.0234
39390000 37.893
39400000 38.5231
39410000 37.8638
39420000 37.8971
39430000 37.8113
39440000 37.8433
39450000 37.772
39460000 37.7932
39470000 37.7314
39480000 37.7946
39490000 37.8635
39500000 37.7981
39510000 37.762
39520000 37.919
39530000 37.7563
39540000 37.8446
39550000 37.7509
39560000 37.8411
39570000 38.2055
39580000 37.8333
39590000 38.4338
39600000 37.7933
39610000 38.1205
39620000 37.7963
39630000 37.8564
39640000 37.7993
39650000 37.8509
39660000 37.8014
39670000 37.8395
39680000 37.8073
39690000 38.0509
39700000 37.8119
39710000 38.0407
39720000 37.8166
39730000 37.9729
39740000 37.8192
39750000 37.8876
39760000 37.8385
39770000 37.8709
39780000 37.8416
39790000 37.8632
39800000 37.9418
39810000 37.8616
39820000 38.0873
39830000 37.9884
39840000 38.0482
39850000 38.4991
39860000 38.0082
39870000 38.0263
39880000 37.9337
39890000 38.0003
39900000 37.9262
39910000 37.9479
39920000 37.966
39930000 37.9514
39940000 38.0062
39950000 38.0849
39960000 37.9185
39970000 38.0079
39980000 37.9118
39990000 37.9958
40000000 37.9065
40010000 37.99
40020000 38.5847
40030000 37.9783
40040000 38.273
40050000 37.9493
40060000 38.0488
40070000 37.9513
40080000 38.0126
40090000 37.9551
40100000 38.0066
40110000 37.9578
40120000 37.9959
40130000 37.9632
40140000 38.2193
40150000 37.9674
40160000 38.1363
40170000 37.9721
40180000 38.1375
40190000 37.973
40200000 38.0305
40210000 37.9935
40220000 38.0219
40230000 37.9965
40240000 38.0171
40250000 38.0976
40260000 39.3208
40270000 38.2002
40280000 38.8311
40290000 38.2301
40300000 38.6413
40310000 39.5073
40320000 38.1534
40330000 38.0854
40340000 38.1019
40350000 38.0395
40360000 38.1014
40370000 38.17
40380000 38.1057
40390000 38.0844
40400000 38.2384
40410000 38.0668
40420000 38.1532
40430000 38.058
40440000 38.1502
40450000 38.0585
40460000 38.1429
40470000 38.7374
40480000 38.1088
40490000 38.4246
40500000 38.1042
40510000 38.1694
40520000 38.1064
40530000 38.1572
40540000 38.1085
40550000 38.1598
40560000 38.1132
40570000 38.9553
40580000 38.118
40590000 38.3465
40600000 38.1227
40610000 38.2777
40620000 38.1264
40630000 38.1966
40640000 38.1284
40650000 38.1843
40660000 38.1485
40670000 39.5033
40680000 38.1507
40690000 38.169
40700000 38.3908
40710000 39.4703
40720000 38.3534
40730000 38.9761
40740000 38.316
40750000 38.3572
40760000 38.2732
40770000 38.3041
40780000 38.2335
40790000 38.2528
40800000 38.193
40810000 38.2559
40820000 38.3237
40830000 38.2589
40840000 38.2234
40850000 38.3779
40860000 38.2178
40870000 38.3046
40880000 38.212
40890000 38.3013
40900000 38.8841
40910000 38.2918
40920000 38.8904
40930000 38.2533
40940000 38.5761
40950000 38.2565
40960000 38.3162
40970000 38.2598
40980000 38.3107
40990000 38.2613
41000000 38.2992
41010000 38.2667
41020000 38.52
41030000 38.2713
41040000 38.4605
41050000 38.2761
41060000 38.4271
41070000 38.2785
41080000 38.3406
41090000 38.2981
41100000 38.3264
41110000 38.2997
41120000 38.3209
41130000 38.3998
41140000 38.3207
41150000 38.5006
41160000 38.4457
41170000 38.5049
41180000 38.9417
41190000 38.3143
41200000 38.4817
41210000 38.3913
41220000 38.457
41230000 38.3424
41240000 38.4039
41250000 38.4232
41260000 38.4087
41270000 38.463
41280000 38.5403
41290000 38.3693
41300000 38.4575
41310000 38.3696
41320000 38.4523
41330000 38.361
41340000 38.445
41350000 39.034
41360000 38.4349
41370000 38.7262
41380000 38.4056
41390000 38.5044
41400000 38.4079
41410000 38.4685
41420000 38.4111
41430000 38.4623
41440000 38.4143
41450000 38.4519
41460000 38.4191
41470000 38.6581
41480000 38.424
41490000 38.5853
41500000 38.4277
41510000 38.5202
41520000 38.4293
41530000 38.485
41540000 38.4492
41550000 38.474
41560000 38.4521
41570000 38.4722
41580000 38.5516
41590000 39.7611
41600000 38.6526
41610000 39.2735
41620000 38.6242
41630000 38.6563
41640000 39.9452
41650000 38.6061
41660000 38.5365
41670000 38.5553
41680000 38.4937
41690000 38.555
41700000 38.6227
41710000 38.5587
41720000 38.5381
41730000 38.6889
41740000 38.5202
41750000 38.6056
41760000 38.5117
41770000 38.6011
41780000 38.512
41790000 38.5927
41800000 39.1829
41810000 38.5535
41820000 38.8737
41830000 38.5557
41840000 38.6178
41850000 38.5606
41860000 38.6097
41870000 38.5608
41880000 38.603
41890000 38.5661
41900000 38.8143
41910000 38.5704
41920000 38.7947
41930000 38.5748
41940000 38.7282
41950000 38.5781
41960000 38.6463
41970000 38.5961
41980000 38.6333
41990000 38.6001
42000000 39.9397
42010000 38.6024
42020000 38.6204
42030000 38.8402
42040000 38.7428
42050000 38.8016
42060000 39.349
42070000 38.763
42080000 39.1792
42090000 38.7229
42100000 38.7537
42110000 38.681
42120000 38.703
42130000 38.644
42140000 38.7058
42150000 38.7729
42160000 38.7061
42170000 38.6731
42180000 38.7602
42190000 38.6662
42200000 38.7486
42210000 38.6621
42220000 38.7438
42230000 39.3262
42240000 38.7389
42250000 39.02
42260000 38.7026
42270000 38.8004
42280000 38.7057
42290000 38.7646
42300000 38.7082
42310000 38.7593
42320000 38.712
42330000 38.7479
42340000 38.7156
42350000 38.9667
42360000 38.72
42370000 38.8853
42380000 38.7245
42390000 38.8759
42400000 38.7266
42410000 38.7885
42420000 38.745
42430000 38.7744
42440000 38.7478
42450000 38.7685
42460000 38.8466
42470000 39.9312
42480000 38.9462
42490000 39.7392
42500000 38.9314
42510000 39.3802
42520000 38.762
42530000 38.9013
42540000 38.8381
42550000 38.9027
42560000 38.789
42570000 38.8498
42580000 38.8693
42590000 38.8544
42600000 38.8327
42610000 38.9838
42620000 38.815
42630000 38.9002
42640000 38.8161
42650000 38.8974
42660000 38.8072
42670000 38.8899
42680000 39.4728
42690000 38.8572
42700000 39.1656
42710000 38.8515
42720000 38.9152
42730000 38.8534
42740000 38.9046
42750000 38.855
42760000 38.907
42770000 38.8597
42780000 38.8961
42790000 38.8643
42800000 39.1004
42810000 38.869
42820000 39.021
42830000 38.8723
42840000 38.9489
42850000 38.8741
42860000 38.9291
42870000 38.8936
42880000 38.9181
42890000 38.8965
42900000 38.914
42910000 38.995
42920000 40.191
42930000 39.0942
42940000 39.7053
42950000 39.0657
42960000 39.0978
42970000 39.0147
42980000 39.0455
42990000 38.9763
43000000 38.9967
43010000 38.9368
43020000 38.9979
43030000 39.0645
43040000 39.001
43050000 38.9659
43060000 39.1179
43070000 38.9601
43080000 39.0457
43090000 38.9547
43100000 39.0421
43110000 39.3951
43120000 39.0343
43130000 39.6164
43140000 38.9952
43150000 39.3123
43160000 38.9976
43170000 39.056
43180000 39.0006
43190000 39.0505
43200000 39.0024
43210000 39.0392
43220000 39.0079
43230000 39.244
43240000 39.0121
43250000 39.2338
43260000 39.0164
43270000 39.1679
43280000 39.0187
43290000 39.085
43300000 39.0373
43310000 39.0652
43320000 39.04
43330000 39.06
43340000 39.1369
43350000 39.0591
43360000 39.2777
43370000 39.1817
43380000 39.2396
43390000 39.6768
43400000 39.2006
43410000 39.218
43420000 39.1282
43430000 39.1926
43440000 39.1207
43450000 39.1409
43460000 39.159
43470000 39.1447
43480000 39.1978
43490000 39.274
43500000 39.1125
43510000 39.1991
43520000 39.1058
43530000 39.1871
43540000 39.1
43550000 39.1813
43560000 39.758
43570000 39.1698
43580000 39.4554
43590000 39.1414
43600000 39.2377
43610000 39.1431
43620000 39.2023
43630000 39.1465
43640000 39.1963
43650000 39.1489
43660000 39.1859
43670000 39.1539
43680000 39.4021
43690000 39.1578
43700000 39.3215
43710000 39.162
43720000 39.3225
43730000 39.1628
43740000 39.2184
43750000 39.1825
43760000 39.2099
43770000 39.1851
43780000 39.205
43790000 39.283
43800000 40.4702
43810000 39.3821
43820000 39.9944
43830000 39.411
43840000 39.81
43850000 40.6509
43860000 39.3363
43870000 39.2702
43880000 39.2861
43890000 39.2256
43900000 39.2855
43910000 39.3518
43920000 39.2894
43930000 39.2685
43940000 39.4179
43950000 39.2513
43960000 39.335
43970000 39.2424
43980000 39.3319
43990000 39.2427
44000000 39.3246
44010000 39.9013
44020000 39.2913
44030000 39.5974
44040000 39.2865
44050000 39.3497
44060000 39.2885
44070000 39.3377
44080000 39.2902
44090000 39.34
44100000 39.2946
44110000 40.1118
44120000 39.299
44130000 39.5207
44140000 39.3031
44150000 39.4537
44160000 39.3068
44170000 39.3748
44180000 39.3085
44190000 39.3626
44200000 39.3277
44210000 40.6432
44220000 39.3297
44230000 39.3473
44240000 39.5624
44250000 40.6106
44260000 39.5259
44270000 40.1303
44280000 39.4894
44290000 39.5293
44300000 39.4477
44310000 39.4775
44320000 39.4089
44330000 39.4275
44340000 39.3694
44350000 39.4303
44360000 39.4959
44370000 39.433
44380000 39.3984
44390000 39.5483
44400000 39.3927
44410000 39.4769
44420000 39.3869
44430000 39.4735
44440000 40.0391
44450000 39.4641
44460000 40.045
44470000 39.4264
44480000 39.7397
44490000 39.4293
44500000 39.4872
44510000 39.4323
44520000 39.4816
44530000 39.4335
44540000 39.4702
44550000 39.4385
44560000 39.6844
44570000 39.4428
44580000 39.6264
44590000 39.4472
44600000 39.5936
44610000 39.4494
44620000 39.5095
44630000 39.4681
44640000 39.4956
44650000 39.4695
44660000 39.49
44670000 39.5664
44680000 39.4896
44690000 39.664
44700000 39.6107
44710000 39.668
44720000 40.0921
44730000 39.4828
44740000 39.6452
44750000 39.5573
44760000 39.621
44770000 39.5095
44780000 39.5692
44790000 39.5878
44800000 39.5736
44810000 39.6262
44820000 39.7012
44830000 39.535
44840000 39.6206
44850000 39.5352
44860000 39.6153
44870000 39.5266
44880000 39.608
44890000 40.1798
44900000 39.598
44910000 39.8806
44920000 39.5694
44930000 39.6651
44940000 39.5713
44950000 39.63
44960000 39.5742
44970000 39.6239
44980000 39.5772
44990000 39.6135
45000000 39.5816
45010000 39.8135
45020000 39.5861
45030000 39.7427
45040000 39.5895
45050000 39.6792
45060000 39.5908
45070000 39.6448
45080000 39.6099
45090000 39.6339
45100000 39.6125
45110000 39.6319
45120000 39.7089
45130000 40.8841
45140000 39.8068
45150000 40.4098
45160000 39.779
45170000 39.81
45180000 39.7279
45190000 39.7611
45200000 39.6934
45210000 39.7115
45220000 39.6517
45230000 39.7111
45240000 39.7767
45250000 39.7144
45260000 39.6943
45270000 39.8404
45280000 39.6767
45290000 39.7595
45300000 39.6682
45310000 39.755
45320000 39.6683
45330000 39.7462
45340000 40.3198
45350000 39.7082
45360000 40.0192
45370000 39.7102
45380000 39.7703
45390000 39.7147
45400000 39.7622
45410000 39.7148
45420000 39.7522
45430000 39.7197
45440000 39.9606
45450000 39.7236
45460000 39.9414
45470000 39.7277
45480000 39.8766
45490000 39.7307
45500000 39.7968
45510000 39.7479
45520000 39.784
45530000 39.7516
45540000 41.0536
45550000 39.7536
45560000 39.771
45570000 39.9844
45580000 39.8897
45590000 39.9467
45600000 40.4786
45610000 39.909
45620000 40.3132
45630000 39.8698
45640000 39.8997
45650000 39.8289
45660000 39.8502
45670000 39.7924
45680000 39.8526
45690000 39.9177
45700000 39.8527
45710000 39.8206
45720000 39.9051
45730000 39.8137
45740000 39.8936
45750000 39.8095
45760000 39.8886
45770000 40.4546
45780000 39.8838
45790000 40.1567
45800000 39.8483
45810000 39.9432
45820000 39.851
45830000 39.9082
45840000 39.8533
45850000 39.9029
45860000 39.8568
45870000 39.8916
45880000 39.8601
45890000 40.104
45900000 39.8641
45910000 40.0246
45920000 39.8683
45930000 40.0153
45940000 39.8701
45950000 39.9301
45960000 39.8878
45970000 39.9163
45980000 39.8903
45990000 39.9103
46000000 39.986
46010000 41.0404
46020000 40.0827
46030000 40.8535
46040000 40.0681
46050000 40.5042
46060000 39.9033
46070000 40.0385
46080000 39.977
46090000 40.0395
46100000 39.929
46110000 39.9881
46120000 40.0069
46130000 39.9923
46140000 39.9711
46150000 40.1178
46160000 39.9537
46170000 40.0364
46180000 39.9545
46190000 40.0334
46200000 39.9457
46210000 40.026
46220000 40.5924
46230000 39.994
46240000 40.2936
46250000 39.9881
46260000 40.05
46270000 39.9899
46280000 40.0395
46290000 39.9912
46300000 40.0417
46310000 39.9956
46320000 40.0308
46330000 39.9998
46340000 40.2292
46350000 40.0042
46360000 40.1518
46370000 40.0071
46380000 40.0815
46390000 40.0087
46400000 40.062
46410000 40.0274
46420000 40.0511
46430000 40.03
46440000 40.047
46450000 40.1255
46460000 41.2888
46470000 40.2218
46480000 40.8159
46490000 40.1939
46500000 40.225
46510000 40.144
46520000 40.1739
46530000 40.1066
46540000 40.1263
46550000 40.0678
46560000 40.1273
46570000 40.1919
46580000 40.1301
46590000 40.0958
46600000 40.2435
46610000 40.09
46620000 40.1731
46630000 40.0846
46640000 40.1694
46650000 40.5125
46660000 40.1616
46670000 40.7275
46680000 40.1229
46690000 40.4315
46700000 40.1256
46710000 40.1821
46720000 40.1282
46730000 40.1767
46740000 40.1295
46750000 40.1655
46760000 40.1348
46770000 40.3643
46780000 40.1387
46790000 40.3543
46800000 40.1428
46810000 40.2899
46820000 40.1448
46830000 40.2091
46840000 40.1626
46850000 40.1896
46860000 40.1651
46870000 40.1844
46880000 40.2591
46890000 40.1834
46900000 40.3957
46910000 40.3024
46920000 40.3585
46930000 40.7837
46940000 40.3204
46950000 40.3372
46960000 40.2497
46970000 40.3122
46980000 40.2423
46990000 40.2619
47000000 40.2794
47010000 40.2653
47020000 40.3168
47030000 40.3908
47040000 40.2337
47050000 40.3178
47060000 40.227
47070000 40.3059
47080000 40.2212
47090000 40.3001
47100000 40.8609
47110000 40.2887
47120000 40.5663
47130000 40.2609
47140000 40.3544
47150000 40.2623
47160000 40.3198
47170000 40.2654
47180000 40.3138
47190000 40.2676
47200000 40.3035
47210000 40.2722
47220000 40.5135
47230000 40.2759
47240000 40.4349
47250000 40.2797
47260000 40.4357
47270000 40.2802
47280000 40.3342
47290000 40.2992
47300000 40.3257
47310000 40.3016
47320000 40.3208
47330000 40.3965
47340000 41.5519
47350000 40.4927
47360000 41.0884
47370000 40.5206
47380000 40.9088
47390000 41.7273
47400000 40.4476
47410000 40.3833
47420000 40.3986
47430000 40.3397
47440000 40.3979
47450000 40.4623
47460000 40.4014
47470000 40.3813
47480000 40.5254
47490000 40.3641
47500000 40.4454
47510000 40.3552
47520000 40.4422
47530000 40.3554
47540000 40.4343
47550000 40.9958
47560000 40.4023
47570000 40.6999
47580000 40.3975
47590000 40.4587
47600000 40.3991
47610000 40.4469
47620000 40.4006
47630000 40.449
47640000 40.4047
47650000 41.1998
47660000 40.4088
47670000 40.6243
47680000 40.4126
47690000 40.5589
47700000 40.4159
47710000 40.482
47720000 40.4174
47730000 40.47
47740000 40.4359
47750000 41.7163
47760000 40.4376
47770000 40.4546
47780000 40.6638
47790000 41.6843
47800000 40.6281
47810000 41.2163
47820000 40.5923
47830000 40.631
47840000 40.5516
47850000 40.5805
47860000 40.5137
47870000 40.5316
47880000 40.475
47890000 40.5341
47900000 40.5979
47910000 40.5366
47920000 40.5028
47930000 40.6485
47940000 40.4971
47950000 40.5789
47960000 40.4913
47970000 40.5754
47980000 41.1257
47990000 40.5661
48000000 41.1313
48010000 40.5292
48020000 40.8339
48030000 40.532
48040000 40.588
48050000 40.5345
48060000 40.5824
48070000 40.5355
48080000 40.5712
48090000 40.5402
48100000 40.7793
48110000 40.5441
48120000 40.7227
48130000 40.5483
48140000 40.6906
48150000 40.5501
48160000 40.6085
48170000 40.5682
48180000 40.5948
48190000 40.5693
48200000 40.5891
48210000 40.6634
48220000 40.5886
48230000 40.7582
48240000 40.7063
48250000 40.7619
48260000 41.1746
48270000 40.5815
48280000 40.7393
48290000 40.6538
48300000 40.7156
48310000 40.607
48320000 40.665
48330000 40.683
48340000 40.6691
48350000 40.7203
48360000 40.7931
48370000 40.6313
48380000 40.7145
48390000 40.6313
48400000 40.7091
48410000 40.6227
48420000 40.7018
48430000 41.2584
48440000 40.6919
48450000 40.9669
48460000 40.6638
48470000 40.7568
48480000 40.6656
48490000 40.7225
48500000 40.6682
48510000 40.7164
48520000 40.6708
48530000 40.7061
48540000 40.6749
48550000 40.9006
48560000 40.6791
48570000 40.8314
48580000 40.6823
48590000 40.7694
48600000 40.6833
48610000 40.7358
48620000 40.7017
48630000 40.725
48640000 40.704
48650000 40.7229
48660000 40.7977
48670000 41.9422
48680000 40.8927
48690000 41.4799
48700000 40.8655
48710000 40.8955
48720000 40.8156
48730000 40.8477
48740000 40.7818
48750000 40.7993
48760000 40.741
48770000 40.7987
48780000 40.8624
48790000 40.8018
48800000 40.7821
48810000 40.9242
48820000 40.7648
48830000 40.8453
48840000 40.7563
48850000 40.8412
48860000 40.7562
48870000 40.8319
48880000 41.3904
48890000 40.7948
48900000 41.0973
48910000 40.7965
48920000 40.8549
48930000 40.8007
48940000 40.8468
48950000 40.8006
48960000 40.8357
48970000 40.8052
48980000 41.0396
48990000 40.8088
49000000 41.0207
49010000 40.8125
49020000 40.9574
49030000 40.8153
49040000 40.8795
49050000 40.8318
49060000 40.8669
49070000 40.8352
49080000 42.1037
49090000 40.837
49100000 40.8531
49110000 41.0615
49120000 40.9692
49130000 41.0246
49140000 41.5425
49150000 40.9875
49160000 41.0035
49170000 40.9493
49180000 40.9783
49190000 40.9094
49200000 40.9299
49210000 40.8736
49220000 40.9321
49230000 40.9833
49240000 40.932
49250000 40.9006
49260000 40.9828
49270000 40.8937
49280000 40.9715
49290000 40.8895
49300000 40.9664
49310000 41.5175
49320000 40.9615
49330000 41.2272
49340000 40.9267
49350000 41.019
49360000 40.9292
49370000 40.9848
49380000 40.9312
49390000 40.9795
49400000 40.9345
49410000 40.9683
49420000 40.9375
49430000 41.1749
49440000 40.9412
49450000 41.0974
49460000 40.9451
49470000 41.0882
49480000 40.9466
49490000 41.005
49500000 40.9637
49510000 40.9914
49520000 40.9659
49530000 40.9854
49540000 41.059
49550000 42.0861
49560000 41.1537
49570000 41.9039
49580000 41.1385
49590000 41.5633
49600000 40.9779
49610000 41.1094
49620000 41.0494
49630000 41.1102
49640000 41.0024
49650000 41.0599
49660000 41.0786
49670000 41.0639
49680000 41.0431
49690000 41.1859
49700000 41.0259
49710000 41.1064
49720000 41.0266
49730000 41.1033
49740000 41.0177
49750000 41.0959
49760000 41.6476
49770000 41.0645
49780000 41.3562
49790000 41.0586
49800000 41.1188
49810000 41.0601
49820000 41.1084
49830000 41.0604
49840000 41.1103
49850000 41.0654
49860000 41.0996
49870000 41.0692
49880000 41.2927
49890000 41.0733
49900000 41.2171
49910000 41.076
49920000 41.1484
49930000 41.0773
49940000 41.1292
49950000 41.0954
49960000 42.3616
49970000 41.0977
49980000 41.1142
49990000 41.1906
50000000 42.3245
