10000 226.917
20000 192.902
30000 106.118
40000 73.5266
50000 58.6424
60000 49.1284
70000 50.1571
80000 37.9189
90000 42.0202
100000 41.9143
110000 39.4703
120000 35.834
130000 50.8009
140000 32.8245
150000 40.5152
160000 31.5742
170000 39.2202
180000 28.6413
190000 39.1215
200000 82.8007
210000 36.5888
220000 58.6138
230000 32.8891
240000 39.5705
250000 31.912
260000 37.9859
270000 31.41
280000 35.0922
290000 30.6158
300000 34.004
310000 30.2808
320000 50.1513
330000 29.8228
340000 43.4151
350000 29.409
360000 36.4108
370000 29.552
380000 33.4565
390000 31.2019
400000 32.729
410000 30.5477
420000 30.7493
430000 40.1026
440000 112.496
450000 48.4731
460000 78.1281
470000 49.8421
480000 46.061
490000 41.1103
500000 42.519
510000 35.165
520000 40.4557
530000 30.4191
540000 36.5952
550000 44.0384
560000 36.7536
570000 32.8141
580000 49.6949
590000 30.4714
600000 38.7245
610000 28.9114
620000 38.3555
630000 27.6247
640000 37.098
650000 82.5091
660000 32.0167
670000 58.2489
680000 31.4241
690000 37.3228
700000 31.207
710000 35.7805
720000 30.1165
730000 33.6943
740000 30.2291
750000 50.5101
760000 29.5375
770000 45.8496
780000 28.8626
790000 43.2083
800000 29.0174
810000 35.4967
820000 31.5323
830000 32.6837
840000 30.5537
850000 111.913
860000 40.7245
870000 30.5002
880000 53.0738
890000 44.3403
900000 48.0761
910000 76.9444
920000 46.959
930000 46.2166
940000 41.0355
950000 42.1657
960000 35.3299
970000 38.2042
980000 39.0023
990000 36.2388
1000000 41.6491
1010000 35.5904
1020000 32.8247
1030000 40.3122
1040000 29.9189
1050000 38.1429
1060000 28.4921
1070000 37.5697
1080000 82.3894
1090000 35.6988
1100000 57.6632
1110000 31.5891
1120000 38.6013
1130000 31.3286
1140000 37.7699
1150000 30.7223
1160000 35.1484
1170000 30.0803
1180000 33.8636
1190000 29.8412
1200000 50.5885
1210000 29.332
1220000 42.6603
1230000 29.5752
1240000 45.4412
1250000 28.7158
1260000 34.1357
1270000 30.6618
1280000 32.1357
1290000 29.8679
1300000 30.5658
1310000 40.3383
1320000 112.627
1330000 48.3492
1340000 97.961
1350000 53.9043
1360000 76.4719
1370000 28.3628
1380000 42.1676
1390000 36.0264
1400000 41.3872
1410000 30.8212
1420000 36.5107
1430000 43.9461
1440000 36.2067
1450000 33.5865
1460000 49.697
1470000 31.0304
1480000 38.4813
1490000 29.0807
1500000 37.2801
1510000 27.789
1520000 37.4075
1530000 83.0156
1540000 32.8616
1550000 58.2837
1560000 31.6876
1570000 38.8842
1580000 30.9864
1590000 35.5488
1600000 29.9274
1610000 35.4125
1620000 30.0298
1630000 89.2686
1640000 29.7477
1650000 45.3517
1660000 29.2998
1670000 43.0363
1680000 28.981
1690000 36.0969
1700000 29.3808
1710000 33.1941
1720000 30.8818
1730000 112.337
1740000 29.9531
1750000 30.4492
1760000 53.6694
1770000 112.514
1780000 48.0688
1790000 77.6741
1800000 48.7375
1810000 44.6111
1820000 40.6462
1830000 42.0497
1840000 34.8932
1850000 38.3761
1860000 30.6093
1870000 36.0412
1880000 43.8885
1890000 36.407
1900000 32.9515
1910000 45.8152
1920000 30.2607
1930000 38.1442
1940000 29.2448
1950000 37.6243
1960000 70.1686
1970000 36.8052
1980000 82.7329
1990000 31.741
2000000 58.1018
2010000 31.1358
2020000 38.1397
2030000 31.1725
2040000 35.3952
2050000 29.959
2060000 33.998
2070000 30.0814
2080000 50.286
2090000 29.8737
2100000 43.1025
2110000 28.927
2120000 43.1433
2130000 28.8543
2140000 34.5381
2150000 31.4976
2160000 31.7761
2170000 30.4848
2180000 30.7376
2190000 40.4715
2200000 30.3307
2210000 53.4192
2220000 44.3199
2230000 48.2871
2240000 77.0622
2250000 28.722
2260000 46.5771
2270000 35.7513
2280000 42.0703
2290000 35.1351
2300000 37.0208
2310000 39.0531
2320000 36.1046
2330000 41.6902
2340000 49.5163
2350000 32.8943
2360000 39.6189
2370000 30.1167
2380000 37.7887
2390000 28.029
2400000 37.3715
2410000 83.1401
2420000 35.2866
2430000 57.8265
2440000 31.5855
2450000 38.1405
2460000 30.936
2470000 37.8812
2480000 30.6861
2490000 35.0747
2500000 30.2545
2510000 33.9339
2520000 29.9501
2530000 50.2239
2540000 29.0763
2550000 42.6938
2560000 29.1845
2570000 45.2856
2580000 29.3237
2590000 33.3933
2600000 30.7717
2610000 32.4551
2620000 29.7475
2630000 30.5343
2640000 39.9808
2650000 112.48
2660000 48.4682
2670000 77.9281
2680000 51.6073
2690000 45.9311
2700000 119.649
2710000 41.873
2720000 35.8233
2730000 40.813
2740000 30.9924
2750000 36.1027
2760000 44.2086
2770000 36.3433
2780000 33.8758
2790000 50.0062
2800000 31.3039
2810000 38.534
2820000 29.135
2830000 37.354
2840000 28.0378
2850000 37.1473
2860000 83.2807
2870000 32.5836
2880000 58.3478
2890000 31.3575
2900000 37.2549
2910000 31.3179
2920000 36.1584
2930000 30.0168
2940000 35.417
2950000 30.2628
2960000 48.8793
2970000 29.8926
2980000 45.5665
2990000 28.9771
3000000 43.0867
3010000 29.0763
3020000 35.8122
3030000 29.2158
3040000 33.0685
3050000 30.8941
3060000 111.914
3070000 29.371
3080000 30.5774
3090000 53.1954
3100000 44.306
3110000 48.0493
3120000 83.139
3130000 47.1167
3140000 44.6853
3150000 40.6532
3160000 41.828
3170000 35.0426
3180000 38.2548
3190000 30.4756
3200000 36.0276
3210000 44.0282
3220000 35.4947
3230000 33.229
3240000 40.08
3250000 30.3872
3260000 38.1624
3270000 29.334
3280000 37.3392
3290000 82.7537
3300000 35.5913
3310000 82.723
3320000 31.6532
3330000 38.1095
3340000 31.215
3350000 37.6526
3360000 31.0077
3370000 35.5188
3380000 29.9633
3390000 33.9549
3400000 30.1408
3410000 50.344
3420000 29.7997
3430000 43.328
3440000 29.0938
3450000 43.0591
3460000 28.7323
3470000 34.6266
3480000 30.7212
3490000 31.8196
3500000 29.8506
3510000 30.7662
3520000 40.4117
3530000 30.3117
3540000 48.6491
3550000 98.048
3560000 48.9188
3570000 76.6668
3580000 28.6166
3590000 41.9906
3600000 35.8857
3610000 42.2453
3620000 31.1315
3630000 36.7565
3640000 39.199
3650000 35.8091
3660000 33.8664
3670000 49.9076
3680000 31.1687
3690000 38.7752
3700000 30.2399
3710000 37.6938
3720000 28.2388
3730000 37.4997
3740000 83.2857
3750000 35.1829
3760000 58.746
3770000 31.7014
3780000 38.3557
3790000 30.9208
3800000 37.3818
3810000 30.517
3820000 34.8507
3830000 30.3234
3840000 33.4625
3850000 29.9498
3860000 49.5866
3870000 29.5793
3880000 43.1313
3890000 29.0559
3900000 36.299
3910000 29.846
3920000 33.1783
3930000 31.0167
3940000 32.547
3950000 30.0698
3960000 30.3073
3970000 39.992
3980000 112.486
3990000 48.4844
4000000 77.8729
4010000 49.4719
4020000 45.3946
4030000 40.6897
4040000 41.8567
4050000 34.9575
4060000 39.7483
4070000 30.7629
4080000 36.0444
4090000 44.1528
4100000 36.3528
4110000 33.1906
4120000 46.3254
4130000 30.6003
4140000 38.4573
4150000 29.3074
4160000 38.0149
4170000 28.1195
4180000 36.6124
4190000 83.0586
4200000 31.7355
4210000 58.5037
4220000 31.3086
4230000 37.1519
4240000 31.3618
4250000 35.6647
4260000 30.0514
4270000 33.5466
4280000 30.4101
4290000 50.2367
4300000 29.848
4310000 45.8378
4320000 29.0629
4330000 43.1984
4340000 28.9509
4350000 35.7057
4360000 31.5837
4370000 32.5789
4380000 30.487
4390000 111.65
4400000 40.4149
4410000 30.3324
4420000 53.3325
4430000 44.1666
4440000 48.2688
4450000 76.7721
4460000 46.9943
4470000 45.9299
4480000 40.6664
4490000 41.8046
4500000 35.1554
4510000 37.7893
4520000 39.2197
4530000 35.7836
4540000 41.9628
4550000 35.4573
4560000 33.2599
4570000 40.1066
4580000 30.2967
4590000 38.0563
4600000 28.9442
4610000 37.3402
4620000 82.8663
4630000 35.4557
4640000 57.999
4650000 31.5338
4660000 38.0547
4670000 31.5202
4680000 37.6955
4690000 30.8877
4700000 35.3607
4710000 30.2716
4720000 33.8805
4730000 30.174
4740000 50.4979
4750000 29.6017
4760000 42.6159
4770000 29.7785
4780000 45.5366
4790000 28.7911
4800000 34.303
4810000 30.7473
4820000 32.1987
4830000 30.0278
4840000 30.6589
4850000 40.2441
4860000 112.592
4870000 48.7733
4880000 98.0487
4890000 54.1243
4900000 76.3939
4910000 28.5204
4920000 41.921
4930000 36.0637
4940000 40.9128
4950000 31.0713
4960000 36.1986
4970000 44.1609
4980000 36.0034
4990000 33.8307
5000000 49.9258
5010000 31.2763
5020000 38.5612
5030000 29.2722
5040000 37.2905
5050000 28.3115
5060000 37.2595
5070000 83.4804
5080000 33.0052
5090000 58.5504
5100000 31.6339
5110000 38.6185
5120000 31.4456
5130000 35.5133
5140000 30.0182
5150000 35.4346
5160000 30.2738
5170000 89.2515
5180000 30.0574
5190000 45.2941
5200000 29.5998
5210000 43.0516
5220000 29.0889
5230000 36.3255
5240000 29.6298
5250000 33.2086
5260000 30.8714
5270000 112.155
5280000 29.9697
5290000 30.4442
5300000 53.836
5310000 112.562
5320000 48.3068
5330000 77.6432
5340000 48.9133
5350000 44.5091
5360000 40.569
5370000 41.886
5380000 34.9708
5390000 38.1234
5400000 30.9705
5410000 35.9161
5420000 44.0564
5430000 36.2944
5440000 33.2951
5450000 45.8696
5460000 30.4976
5470000 38.1455
5480000 29.5892
5490000 37.5237
5500000 70.5118
5510000 36.6723
5520000 83.1517
5530000 31.7772
5540000 58.3292
5550000 31.2689
5560000 38.1024
5570000 31.3503
5580000 35.4827
5590000 30.1779
5600000 33.986
5610000 30.3272
5620000 50.4296
5630000 30.246
5640000 43.0307
5650000 29.1241
5660000 43.1687
5670000 28.8988
5680000 34.6072
5690000 31.5136
5700000 31.8729
5710000 29.9434
5720000 30.8743
5730000 40.3785
5740000 30.4139
5750000 53.6636
5760000 44.349
5770000 48.5359
5780000 76.9676
5790000 28.8197
5800000 46.5212
5810000 35.7047
5820000 41.9285
5830000 35.175
5840000 36.8499
5850000 39.2744
5860000 35.9308
5870000 41.9228
5880000 49.6026
5890000 33.8895
5900000 39.53
5910000 30.3225
5920000 37.8529
5930000 28.4266
5940000 37.2684
5950000 83.5656
5960000 35.2254
5970000 58.0959
5980000 31.6507
5990000 38.0333
6000000 31.1011
6010000 37.8742
6020000 30.8824
6030000 35.2353
6040000 30.3759
6050000 34.0076
6060000 30.1574
6070000 49.9085
6080000 29.2472
6090000 42.6829
6100000 29.4546
6110000 45.3425
6120000 29.3692
6130000 33.5611
6140000 30.8144
6150000 32.6388
6160000 29.8622
6170000 30.6115
6180000 39.9491
6190000 112.515
6200000 48.7009
6210000 77.8419
6220000 51.7762
6230000 45.7568
6240000 119.961
6250000 41.7582
6260000 35.8222
6270000 40.5588
6280000 31.139
6290000 35.9777
6300000 44.3373
6310000 36.2516
6320000 34.1364
6330000 50.1292
6340000 31.5148
6350000 38.5742
6360000 29.326
6370000 37.3845
6380000 28.3732
6390000 37.1077
6400000 83.6227
6410000 32.5689
6420000 58.498
6430000 31.4263
6440000 37.2009
6450000 31.488
6460000 36.1048
6470000 30.1097
6480000 35.4231
6490000 30.5172
6500000 48.8085
6510000 30.0801
6520000 45.53
6530000 29.1766
6540000 43.0675
6550000 29.2285
6560000 35.9266
6570000 29.3931
6580000 33.1562
6590000 30.9611
6600000 111.798
6610000 29.5156
6620000 30.6614
6630000 53.3769
6640000 44.3378
6650000 48.2459
6660000 83.1249
6670000 47.2502
6680000 44.554
6690000 40.6814
6700000 41.7465
6710000 35.0498
6720000 38.1745
6730000 30.6976
6740000 35.9683
6750000 44.1754
6760000 35.441
6770000 33.4608
6780000 39.9611
6790000 30.5932
6800000 38.1217
6810000 29.6165
6820000 36.8471
6830000 83.0085
6840000 35.5473
6850000 83.0403
6860000 31.586
6870000 38.1486
6880000 31.3751
6890000 37.7095
6900000 31.0359
6910000 35.5752
6920000 30.1087
6930000 33.9815
6940000 30.3547
6950000 50.3479
6960000 30.0131
6970000 43.2888
6980000 29.4577
6990000 43.0809
7000000 28.8175
7010000 34.6529
7020000 30.7837
7030000 31.9198
7040000 29.9304
7050000 30.8867
7060000 40.3629
7070000 30.422
7080000 48.7969
7090000 98.0907
7100000 49.0915
7110000 76.6396
7120000 28.7262
7130000 41.9008
7140000 35.9239
7150000 42.1771
7160000 31.3189
7170000 36.6721
7180000 39.3066
7190000 35.7356
7200000 34.0571
7210000 49.9909
7220000 31.3149
7230000 38.8015
7240000 30.404
7250000 37.7068
7260000 28.5518
7270000 37.244
7280000 83.5952
7290000 35.1181
7300000 59.0034
7310000 31.783
7320000 38.2054
7330000 31.0824
7340000 37.3979
7350000 30.6468
7360000 34.9375
7370000 30.4261
7380000 33.5296
7390000 30.1351
7400000 49.5736
7410000 29.7948
7420000 43.1231
7430000 29.232
7440000 36.3776
7450000 29.8767
7460000 33.2997
7470000 31.0241
7480000 32.6951
7490000 30.2127
7500000 30.3842
7510000 40.0575
7520000 112.505
7530000 48.6398
7540000 78.0386
7550000 49.6054
7560000 45.3033
7570000 40.6579
7580000 41.7826
7590000 35.0254
7600000 39.597
7610000 31.1157
7620000 36.0185
7630000 44.255
7640000 36.311
7650000 33.4106
7660000 46.3511
7670000 30.7473
7680000 38.4514
7690000 29.5337
7700000 38.1007
7710000 70.6783
7720000 36.5763
7730000 83.29
7740000 31.768
7750000 58.5938
7760000 31.385
7770000 37.1815
7780000 31.5037
7790000 35.6767
7800000 30.1534
7810000 33.5828
7820000 30.5395
7830000 50.2174
7840000 30.0487
7850000 45.8336
7860000 29.2422
7870000 43.2401
7880000 29.0122
7890000 35.8616
7900000 31.6399
7910000 32.6355
7920000 30.5406
7930000 111.583
7940000 40.4309
7950000 30.3845
7960000 53.4748
7970000 44.2009
7980000 48.425
7990000 76.7304
8000000 47.1053
8010000 45.9116
8020000 40.5861
8030000 41.7404
8040000 35.1995
8050000 37.6487
8060000 39.3378
8070000 35.7122
8080000 42.1101
8090000 35.4316
8100000 33.4594
8110000 40.0218
8120000 30.4087
8130000 38.0153
8140000 29.1516
8150000 37.3467
8160000 83.1036
8170000 35.415
8180000 58.1193
8190000 31.5633
8200000 38.042
8210000 31.6565
8220000 37.7138
8230000 30.9802
8240000 35.4676
8250000 30.4097
8260000 33.9412
8270000 30.3367
8280000 50.5156
8290000 29.729
8300000 42.6378
8310000 29.9116
8320000 45.5506
8330000 28.8706
8340000 34.4167
8350000 30.8477
8360000 32.1053
8370000 30.1205
8380000 30.7419
8390000 40.2608
8400000 112.584
8410000 48.9159
8420000 98.0744
8430000 54.2723
8440000 76.3891
8450000 28.6605
8460000 41.8657
8470000 36.1023
8480000 40.745
8490000 31.2101
8500000 36.1072
8510000 44.2597
8520000 35.972
8530000 33.9963
8540000 49.9937
8550000 31.4006
8560000 38.5429
8570000 29.3895
8580000 37.3237
8590000 28.5518
8600000 37.2447
8610000 83.6938
8620000 33.0419
8630000 58.6911
8640000 31.6711
8650000 38.5756
8660000 31.5226
8670000 36.0651
8680000 30.0948
8690000 35.4365
8700000 30.4101
8710000 89.2739
8720000 30.2104
8730000 45.2603
8740000 29.6883
8750000 43.0754
8760000 29.1867
8770000 36.4759
8780000 29.7032
8790000 33.2523
8800000 30.9193
8810000 112.115
8820000 30.1141
8830000 30.4668
8840000 53.2808
8850000 112.583
8860000 48.4366
8870000 77.6493
8880000 49.0311
8890000 44.4627
8900000 40.5763
8910000 41.8698
8920000 35.0377
8930000 38.0343
8940000 31.1513
8950000 35.9038
8960000 44.1733
8970000 36.2644
8980000 33.4755
8990000 45.8925
9000000 30.61
9010000 38.1193
9020000 29.7771
9030000 37.5358
9040000 70.6922
9050000 35.7578
9060000 83.3251
9070000 31.8173
9080000 58.4026
9090000 31.3105
9100000 38.098
9110000 31.4697
9120000 35.5226
9130000 30.2451
9140000 34.0147
9150000 30.4407
9160000 50.4385
9170000 30.4114
9180000 42.9867
9190000 29.2711
9200000 43.2275
9210000 28.9855
9220000 34.7712
9230000 31.5382
9240000 31.9613
9250000 30.0289
9260000 30.972
9270000 40.4009
9280000 30.4558
9290000 53.7885
9300000 44.3652
9310000 48.723
9320000 76.9333
9330000 28.7696
9340000 46.4623
9350000 35.7774
9360000 41.9464
9370000 35.2597
9380000 36.7637
9390000 39.3871
9400000 35.8772
9410000 42.0431
9420000 49.6469
9430000 34.0349
9440000 39.4139
9450000 30.3858
9460000 37.8603
9470000 28.6318
9480000 37.2419
9490000 83.732
9500000 35.1853
9510000 58.2223
9520000 31.6995
9530000 38.0837
9540000 31.2101
9550000 37.9932
9560000 31.0065
9570000 35.3122
9580000 30.4001
9590000 34.0532
9600000 30.2681
9610000 49.9329
9620000 29.414
9630000 42.7115
9640000 29.6941
9650000 45.4279
9660000 29.3957
9670000 33.6091
9680000 30.8599
9690000 32.7738
9700000 29.9859
9710000 30.6409
9720000 40.008
9730000 112.524
9740000 48.8064
9750000 77.8373
9760000 51.8833
9770000 45.6082
9780000 120.097
9790000 41.7169
9800000 35.8564
9810000 40.4268
9820000 31.066
9830000 35.9433
9840000 44.4384
9850000 36.2324
9860000 34.2779
9870000 50.1501
9880000 31.6226
9890000 38.5439
9900000 29.4465
9910000 37.3829
9920000 28.5523
9930000 37.1315
9940000 83.7863
9950000 32.5444
9960000 58.5988
9970000 31.4925
9980000 37.2054
9990000 31.5911
10000000 36.1008
