10000 17.5293
20000 11.5994
30000 8.94888
40000 7.61193
50000 6.87325
60000 6.39078
70000 6.04957
80000 5.80289
90000 5.6178
100000 5.47515
110000 5.34856
120000 5.27407
130000 5.15624
140000 5.09486
150000 5.00711
160000 4.95854
170000 4.88377
180000 4.83357
190000 4.77913
200000 4.84882
210000 4.68558
220000 4.75503
230000 4.60371
240000 4.57175
250000 4.53004
260000 4.50057
270000 4.46334
280000 4.43629
290000 4.40197
300000 4.3775
310000 4.34589
320000 4.32793
330000 4.29419
340000 4.27581
350000 4.24613
360000 4.22877
370000 4.2013
380000 4.18385
390000 4.15956
400000 4.14267
410000 4.11989
420000 4.10421
430000 4.16469
440000 4.07643
450000 4.11738
460000 4.04219
470000 4.04452
480000 4.00309
490000 4.02607
500000 3.97163
510000 3.98229
520000 3.94189
530000 3.93506
540000 3.91403
550000 3.96446
560000 3.88748
570000 3.90318
580000 3.86212
590000 3.87355
600000 3.83772
610000 3.83863
620000 3.81745
630000 3.81153
640000 3.79274
650000 3.92929
660000 3.77087
670000 3.89881
680000 3.75032
690000 3.74719
700000 3.73036
710000 3.72685
720000 3.71117
730000 3.70781
740000 3.69265
750000 3.69486
760000 3.67491
770000 3.67608
780000 3.65794
790000 3.65716
800000 3.64152
810000 3.6393
820000 3.62578
830000 3.62266
840000 3.61013
850000 3.61767
860000 3.68813
870000 3.59172
880000 3.69871
890000 3.57915
900000 3.64434
910000 3.56981
920000 3.58413
930000 3.55133
940000 3.58894
950000 3.53776
960000 3.55831
970000 3.52421
980000 3.53263
990000 3.51177
1000000 3.55878
1010000 3.49964
1020000 3.52553
1030000 3.48785
1040000 3.50823
1050000 3.4763
1060000 3.48433
1070000 3.46666
1080000 3.62294
1090000 3.45459
1100000 3.60047
1110000 3.44416
1120000 3.44807
1130000 3.43383
1140000 3.43603
1150000 3.42375
1160000 3.42544
1170000 3.41368
1180000 3.41534
1190000 3.4041
1200000 3.41132
1210000 3.39478
1220000 3.39906
1230000 3.38594
1240000 3.39527
1250000 3.37709
1260000 3.37901
1270000 3.36875
1280000 3.36883
1290000 3.36011
1300000 3.36022
1310000 3.45145
1320000 3.3621
1330000 3.42815
1340000 3.35605
1350000 3.38402
1360000 3.34288
1370000 3.33392
1380000 3.32947
1390000 3.35972
1400000 3.3212
1410000 3.3265
1420000 3.31379
1430000 3.3855
1440000 3.3065
1450000 3.35219
1460000 3.29929
1470000 3.32579
1480000 3.29227
1490000 3.30384
1500000 3.28546
1510000 3.29233
1520000 3.28026
1530000 3.44706
1540000 3.27288
1550000 3.42795
1560000 3.26644
1570000 3.27194
1580000 3.26005
1590000 3.26394
1600000 3.25385
1610000 3.25722
1620000 3.24762
1630000 3.27246
1640000 3.24174
1650000 3.24985
1660000 3.2362
1670000 3.24184
1680000 3.23058
1690000 3.23554
1700000 3.22506
1710000 3.22784
1720000 3.21982
1730000 3.23399
1740000 3.21453
1750000 3.21625
1760000 3.34107
1770000 3.22155
1780000 3.29191
1790000 3.21637
1800000 3.2374
1810000 3.20288
1820000 3.24855
1830000 3.19704
1840000 3.22544
1850000 3.1913
1860000 3.19798
1870000 3.18657
1880000 3.26257
1890000 3.18179
1900000 3.2145
1910000 3.17715
1920000 3.20374
1930000 3.17251
1940000 3.18577
1950000 3.1717
1960000 3.18951
1970000 3.16454
1980000 3.3382
1990000 3.15983
2000000 3.32138
2010000 3.15563
2020000 3.16144
2030000 3.15139
2040000 3.15625
2050000 3.14716
2060000 3.15191
2070000 3.1431
2080000 3.15395
2090000 3.13923
2100000 3.14748
2110000 3.13558
2120000 3.14202
2130000 3.13187
2140000 3.1366
2150000 3.12852
2160000 3.13139
2170000 3.12474
2180000 3.12739
2190000 3.22794
2200000 3.12374
2210000 3.25274
2220000 3.12227
2230000 3.20289
2240000 3.12417
2250000 3.11701
2260000 3.11505
2270000 3.14923
2280000 3.11111
2290000 3.14027
2300000 3.10694
2310000 3.12206
2320000 3.1037
2330000 3.16217
2340000 3.10041
2350000 3.13477
2360000 3.09708
2370000 3.12512
2380000 3.09391
2390000 3.10334
2400000 3.09245
2410000 3.27105
2420000 3.08843
2430000 3.25491
2440000 3.08546
2450000 3.09386
2460000 3.08242
2470000 3.08869
2480000 3.07955
2490000 3.08513
2500000 3.07652
2510000 3.082
2520000 3.07372
2530000 3.08472
2540000 3.0709
2550000 3.0792
2560000 3.06859
2570000 3.08191
2580000 3.06595
2590000 3.07045
2600000 3.06373
2610000 3.0671
2620000 3.06111
2630000 3.06437
2640000 3.16747
2650000 3.07291
2660000 3.14795
2670000 3.07042
2680000 3.10464
2690000 3.05909
2700000 3.11431
2710000 3.05568
2720000 3.0897
2730000 3.05257
2740000 3.0612
2750000 3.05016
2760000 3.13072
2770000 3.04783
2780000 3.09997
2790000 3.0454
2800000 3.07676
2810000 3.04307
2820000 3.05817
2830000 3.04083
2840000 3.05056
2850000 3.03958
2860000 3.22157
2870000 3.03721
2880000 3.20608
2890000 3.03503
2900000 3.04199
2910000 3.03284
2920000 3.03888
2930000 3.03073
2940000 3.03647
2950000 3.02864
2960000 3.04124
2970000 3.02668
2980000 3.03724
2990000 3.02498
3000000 3.03287
3010000 3.02318
3020000 3.03027
3030000 3.0213
3040000 3.02612
3050000 3.01967
3060000 3.0366
3070000 3.01791
3080000 3.02155
3090000 3.15576
3100000 3.02192
3110000 3.106
3120000 3.02817
3130000 3.04988
3140000 3.01847
3150000 3.06872
3160000 3.01584
3170000 3.0477
3180000 3.01319
3190000 3.02186
3200000 3.01151
3210000 3.09348
3220000 3.00978
3230000 3.04608
3240000 3.00812
3250000 3.0378
3260000 3.00645
3270000 3.02205
3280000 3.00878
3290000 3.19088
3300000 3.00411
3310000 3.18805
3320000 3.00234
3330000 3.01165
3340000 3.00086
3350000 3.0081
3360000 2.99934
3370000 3.00572
3380000 2.99765
3390000 3.00398
3400000 2.99629
3410000 3.0087
3420000 2.99496
3430000 3.00404
3440000 2.99377
3450000 3.00289
3460000 2.99248
3470000 2.99864
3480000 2.99161
3490000 2.99577
3500000 2.99021
3510000 2.9941
3520000 3.10033
3530000 2.9927
3540000 3.08114
3550000 3.00509
3560000 3.05817
3570000 2.99799
3580000 2.99171
3590000 2.99036
3600000 3.02761
3610000 2.98899
3620000 2.99768
3630000 2.98707
3640000 3.00378
3650000 2.98579
3660000 3.03978
3670000 2.98444
3680000 3.01709
3690000 2.98327
3700000 3.01337
3710000 2.98207
3720000 2.99292
3730000 2.98262
3740000 3.16837
3750000 2.98053
3760000 3.15357
3770000 2.97952
3780000 2.98835
3790000 2.97833
3800000 2.98554
3810000 2.97731
3820000 2.98385
3830000 2.97604
3840000 2.9822
3850000 2.97502
3860000 2.98719
3870000 2.97426
3880000 2.9829
3890000 2.97342
3900000 2.98109
3910000 2.97252
3920000 2.97791
3930000 2.97195
3940000 2.97622
3950000 2.97101
3960000 2.97511
3970000 3.08216
3980000 2.9856
3990000 3.06357
4000000 2.98466
4010000 3.00962
4020000 2.97474
4030000 3.02598
4040000 2.97284
4050000 3.00674
4060000 2.97118
4070000 2.98072
4080000 2.97028
4090000 3.05378
4100000 2.96939
4110000 3.00661
4120000 2.96853
4130000 2.99938
4140000 2.96759
4150000 2.98385
4160000 2.97067
4170000 2.97748
4180000 2.96696
4190000 3.15272
4200000 2.96582
4210000 3.13928
4220000 2.96517
4230000 2.97282
4240000 2.96433
4250000 2.97106
4260000 2.96353
4270000 2.97003
4280000 2.96279
4290000 2.97576
4300000 2.96212
4310000 2.97342
4320000 2.96167
4330000 2.97022
4340000 2.96117
4350000 2.96759
4360000 2.9609
4370000 2.9659
4380000 2.96017
4390000 2.9779
4400000 3.07202
4410000 2.96379
4420000 3.10112
4430000 2.9654
4440000 3.05165
4450000 2.97046
4460000 2.99542
4470000 2.96395
4480000 3.01645
4490000 2.9628
4500000 2.99486
4510000 2.96129
4520000 2.97854
4530000 2.9607
4540000 3.02347
4550000 2.96004
4560000 2.99755
4570000 2.95946
4580000 2.99013
4590000 2.95881
4600000 2.97467
4610000 2.9601
4620000 3.14755
4630000 2.95826
4640000 3.13314
4650000 2.958
4660000 2.96784
4670000 2.95749
4680000 2.96519
4690000 2.95702
4700000 2.96397
4710000 2.95631
4720000 2.96311
4730000 2.95586
4740000 2.9689
4750000 2.9554
4760000 2.965
4770000 2.95531
4780000 2.9705
4790000 2.95494
4800000 2.96159
4810000 2.95497
4820000 2.9594
4830000 2.95447
4840000 2.95884
4850000 3.06677
4860000 2.96988
4870000 3.04863
4880000 2.9718
4890000 3.00755
4900000 2.96551
4910000 2.95954
4920000 2.95874
4930000 2.99683
4940000 2.95749
4950000 2.96743
4960000 2.95712
4970000 3.04115
4980000 2.95669
4990000 3.01172
5000000 2.9562
5010000 2.9896
5020000 2.95578
5030000 2.97235
5040000 2.95544
5050000 2.9667
5060000 2.9568
5070000 3.14421
5080000 2.95563
5090000 3.12978
5100000 2.95532
5110000 2.96434
5120000 2.9549
5130000 2.96209
5140000 2.95461
5150000 2.96114
5160000 2.95416
5170000 2.9842
5180000 2.95391
5190000 2.96555
5200000 2.95391
5210000 2.96282
5220000 2.95376
5230000 2.96184
5240000 2.9536
5250000 2.95923
5260000 2.95366
5270000 2.97164
5280000 2.95356
5290000 2.95793
5300000 3.09614
5310000 2.96918
5320000 3.04796
5330000 2.96895
5340000 2.9943
5350000 2.95966
5360000 3.01154
5370000 2.95848
5380000 2.99174
5390000 2.95732
5400000 2.96704
5410000 2.95721
5420000 3.04144
5430000 2.95692
5440000 2.99465
5450000 2.95672
5460000 2.98776
5470000 2.95645
5480000 2.97306
5490000 2.96023
5500000 2.98162
5510000 2.95716
5520000 3.1445
5530000 2.95663
5540000 3.13087
5550000 2.95656
5560000 2.96462
5570000 2.95636
5580000 2.9634
5590000 2.95607
5600000 2.96299
5610000 2.95599
5620000 2.96922
5630000 2.95596
5640000 2.96647
5650000 2.95608
5660000 2.96467
5670000 2.95612
5680000 2.96285
5690000 2.95649
5700000 2.96122
5710000 2.95635
5720000 2.96081
5730000 3.06889
5740000 2.9607
5750000 3.09856
5760000 2.96286
5770000 3.04943
5780000 2.96852
5790000 2.96272
5800000 2.9625
5810000 3.0002
5820000 2.96183
5830000 2.99427
5840000 2.96087
5850000 2.97848
5860000 2.96087
5870000 3.02395
5880000 2.96077
5890000 2.99902
5900000 2.96058
5910000 2.99161
5920000 2.9605
5930000 2.97201
5940000 2.96219
5950000 3.14974
5960000 2.96122
5970000 3.13598
5980000 2.96123
5990000 2.97124
6000000 2.96113
6010000 2.96892
6020000 2.9612
6030000 2.96821
6040000 2.96101
6050000 2.96794
6060000 2.96102
6070000 2.97364
6080000 2.96095
6090000 2.97079
6100000 2.9614
6110000 2.97639
6120000 2.96147
6130000 2.9673
6140000 2.96193
6150000 2.96659
6160000 2.96197
6170000 2.96649
6180000 3.0744
6190000 2.97796
6200000 3.05661
6210000 2.97805
6220000 3.01457
6230000 2.96899
6240000 3.02707
6250000 2.96801
6260000 3.00436
6270000 2.9673
6280000 2.97744
6290000 2.96731
6300000 3.05135
6310000 2.96735
6320000 3.02228
6330000 2.96727
6340000 3.00073
6350000 2.96727
6360000 2.98398
6370000 2.96733
6380000 2.9785
6390000 2.96841
6400000 3.15566
6410000 2.9683
6420000 3.142
6430000 2.96835
6440000 2.97638
6450000 2.96835
6460000 2.97544
6470000 2.96841
6480000 2.97516
6490000 2.96848
6500000 2.98218
6510000 2.96862
6520000 2.98025
6530000 2.96898
6540000 2.9779
6550000 2.96925
6560000 2.97732
6570000 2.9694
6580000 2.97514
6590000 2.96983
6600000 2.98784
6610000 2.97005
6620000 2.97456
6630000 3.11196
6640000 2.97693
6650000 3.06322
6660000 2.98524
6670000 3.00819
6680000 2.97736
6690000 3.02968
6700000 2.97658
6710000 3.00985
6720000 2.97576
6730000 2.9855
6740000 2.9759
6750000 3.05981
6760000 2.97599
6770000 3.01371
6780000 2.97612
6790000 3.00709
6800000 2.97622
6810000 2.99291
6820000 2.97843
6830000 3.16495
6840000 2.97743
6850000 3.1638
6860000 2.97742
6870000 2.98742
6880000 2.97762
6890000 2.98557
6900000 2.97785
6910000 2.98487
6920000 2.97775
6930000 2.98479
6940000 2.97806
6950000 2.99117
6960000 2.97834
6970000 2.9881
6980000 2.97875
6990000 2.98855
7000000 2.97904
7010000 2.98586
7020000 2.97976
7030000 2.98456
7040000 2.97994
7050000 2.98443
7060000 3.09192
7070000 2.98457
7080000 3.07399
7090000 2.99852
7100000 3.05266
7110000 2.99293
7120000 2.98734
7130000 2.98677
7140000 3.02484
7150000 2.98683
7160000 2.99626
7170000 2.98635
7180000 3.00383
7190000 2.9865
7200000 3.04132
7210000 2.98657
7220000 3.01997
7230000 2.98679
7240000 3.01763
7250000 2.98698
7260000 2.99854
7270000 2.9889
7280000 3.17498
7290000 2.98821
7300000 3.16152
7310000 2.98855
7320000 2.99784
7330000 2.98871
7340000 2.99638
7350000 2.98902
7360000 2.99601
7370000 2.98906
7380000 2.99565
7390000 2.98933
7400000 3.00192
7410000 2.98983
7420000 2.99884
7430000 2.99025
7440000 2.99835
7450000 2.9906
7460000 2.99642
7470000 2.99123
7480000 2.99597
7490000 2.99158
7500000 2.9961
7510000 3.10318
7520000 3.00771
7530000 3.08572
7540000 3.00797
7550000 3.03332
7560000 2.99933
7570000 3.05072
7580000 2.9986
7590000 3.03285
7600000 2.99809
7610000 3.0078
7620000 2.99834
7630000 3.08169
7640000 2.99857
7650000 3.03608
7660000 2.99883
7670000 3.03001
7680000 2.99901
7690000 3.01569
7700000 3.00316
7710000 3.02521
7720000 3.00058
7730000 3.18494
7740000 3.00054
7750000 3.17265
7760000 3.00098
7770000 3.0089
7780000 3.0012
7790000 3.00823
7800000 3.00146
7810000 3.00825
7820000 3.00177
7830000 3.01493
7840000 3.00213
7850000 3.01363
7860000 3.00267
7870000 3.01148
7880000 3.00318
7890000 3.00986
7900000 3.00392
7910000 3.00918
7920000 3.0042
7930000 3.02201
7940000 3.11541
7950000 3.00906
7960000 3.14507
7970000 3.01162
7980000 3.09708
7990000 3.01757
8000000 3.04259
8010000 3.01211
8020000 3.06424
8030000 3.0119
8040000 3.04396
8050000 3.01131
8060000 3.02878
8070000 3.01163
8080000 3.07392
8090000 3.0119
8100000 3.0493
8110000 3.01222
8120000 3.04286
8130000 3.01246
8140000 3.02851
8150000 3.01461
8160000 3.19931
8170000 3.0137
8180000 3.18597
8190000 3.01431
8200000 3.02424
8210000 3.01467
8220000 3.0225
8230000 3.01506
8240000 3.02216
8250000 3.01521
8260000 3.02215
8270000 3.01561
8280000 3.02865
8290000 3.01596
8300000 3.02565
8310000 3.01669
8320000 3.03185
8330000 3.01713
8340000 3.02392
8350000 3.01796
8360000 3.02254
8370000 3.01829
8380000 3.02281
8390000 3.12908
8400000 3.0344
8410000 3.11192
8420000 3.03707
8430000 3.07243
8440000 3.03171
8450000 3.02623
8460000 3.02584
8470000 3.06351
8480000 3.02535
8490000 3.03547
8500000 3.02573
8510000 3.10833
8520000 3.02604
8530000 3.08031
8540000 3.02629
8550000 3.05935
8560000 3.0266
8570000 3.04319
8580000 3.027
8590000 3.03838
8600000 3.02903
8610000 3.21262
8620000 3.02863
8630000 3.19916
8640000 3.02904
8650000 3.03805
8660000 3.02932
8670000 3.03638
8680000 3.02974
8690000 3.03632
8700000 3.03
8710000 3.05949
8720000 3.03043
8730000 3.04198
8740000 3.03108
8750000 3.04
8760000 3.0316
8770000 3.03969
8780000 3.03211
8790000 3.0378
8800000 3.03283
8810000 3.05054
8820000 3.03339
8830000 3.03785
8840000 3.17268
8850000 3.04944
8860000 3.12654
8870000 3.04986
8880000 3.07485
8890000 3.04146
8900000 3.09227
8910000 3.04093
8920000 3.07365
8930000 3.04041
8940000 3.05019
8950000 3.04091
8960000 3.12324
8970000 3.04123
8980000 3.0783
8990000 3.04163
9000000 3.07217
9010000 3.04197
9020000 3.05844
9030000 3.04623
9040000 3.06733
9050000 3.04375
9060000 3.22647
9070000 3.04393
9080000 3.21373
9090000 3.04445
9100000 3.05244
9110000 3.04482
9120000 3.05184
9130000 3.04512
9140000 3.05201
9150000 3.04561
9160000 3.05861
9170000 3.04614
9180000 3.0565
9190000 3.0468
9200000 3.0553
9210000 3.04738
9220000 3.05407
9230000 3.04829
9240000 3.05305
9250000 3.04871
9260000 3.05318
9270000 3.15849
9280000 3.05361
9290000 3.18786
9300000 3.05625
9310000 3.14053
9320000 3.06226
9330000 3.05688
9340000 3.05694
9350000 3.09381
9360000 3.05682
9370000 3.08857
9380000 3.05639
9390000 3.07368
9400000 3.05689
9410000 3.11836
9420000 3.0573
9430000 3.09466
9440000 3.05761
9450000 3.08796
9460000 3.05803
9470000 3.06944
9480000 3.06016
9490000 3.24231
9500000 3.05972
9510000 3.2294
9520000 3.06022
9530000 3.07002
9540000 3.06061
9550000 3.06825
9560000 3.06116
9570000 3.06806
9580000 3.06146
9590000 3.06828
9600000 3.06194
9610000 3.07424
9620000 3.06232
9630000 3.07196
9640000 3.06321
9650000 3.07783
9660000 3.06374
9670000 3.06949
9680000 3.06464
9690000 3.06926
9700000 3.06516
9710000 3.06963
9720000 3.17437
9730000 3.08115
9740000 3.15748
9750000 3.0817
9760000 3.11721
9770000 3.07338
9780000 3.12974
9790000 3.07288
9800000 3.10825
9810000 3.0726
9820000 3.08262
9830000 3.07305
9840000 3.15451
9850000 3.07351
9860000 3.12687
9870000 3.07384
9880000 3.10641
9890000 3.07426
9900000 3.09062
9910000 3.07473
9920000 3.08573
9930000 3.07619
9940000 3.25747
9950000 3.0765
9960000 3.24462
9970000 3.07696
9980000 3.08479
9990000 3.07736
10000000 3.0843
10010000 3.07783
10020000 3.08443
10030000 3.0783
10040000 3.09145
10050000 3.07883
10060000 3.09013
10070000 3.07955
10080000 3.08826
10090000 3.0802
10100000 3.08807
10110000 3.08073
10120000 3.08634
10130000 3.08154
10140000 3.09898
10150000 3.08213
10160000 3.08655
10170000 3.21947
10180000 3.08922
10190000 3.17267
10200000 3.09761
10210000 3.11989
10220000 3.09038
10230000 3.14101
10240000 3.09
10250000 3.12228
10260000 3.08957
10270000 3.09915
10280000 3.09006
10290000 3.17117
10300000 3.0905
10310000 3.12707
10320000 3.09097
10330000 3.12102
10340000 3.09142
10350000 3.10769
10360000 3.0939
10370000 3.27402
10380000 3.0933
10390000 3.27326
10400000 3.09363
10410000 3.10332
10420000 3.09417
10430000 3.10189
10440000 3.09473
10450000 3.10157
10460000 3.09498
10470000 3.10183
10480000 3.09561
10490000 3.10831
10500000 3.09622
10510000 3.10568
10520000 3.09693
10530000 3.10643
10540000 3.09754
10550000 3.10417
10560000 3.09855
10570000 3.10324
10580000 3.09906
10590000 3.10344
10600000 3.20714
10610000 3.10389
10620000 3.19015
10630000 3.11763
10640000 3.16993
10650000 3.11258
10660000 3.10736
10670000 3.10698
10680000 3.14377
10690000 3.10734
10700000 3.11656
10710000 3.10718
10720000 3.12416
10730000 3.10763
10740000 3.16056
10750000 3.10798
10760000 3.14028
10770000 3.10847
10780000 3.13832
10790000 3.10898
10800000 3.12024
10810000 3.11111
10820000 3.29046
10830000 3.11077
10840000 3.27774
10850000 3.11139
10860000 3.12036
10870000 3.11183
10880000 3.11924
10890000 3.11242
10900000 3.11919
10910000 3.11275
10920000 3.11913
10930000 3.11329
10940000 3.12543
10950000 3.11405
10960000 3.12277
10970000 3.11474
10980000 3.12256
10990000 3.11534
11000000 3.12098
11010000 3.11624
11020000 3.1208
11030000 3.11684
11040000 3.12123
11050000 3.22437
11060000 3.13264
11070000 3.20778
11080000 3.13318
11090000 3.15765
11100000 3.12515
11110000 3.17464
11120000 3.12472
11130000 3.15666
11140000 3.12448
11150000 3.13395
11160000 3.12497
11170000 3.2052
11180000 3.12547
11190000 3.16159
11200000 3.12596
11210000 3.15605
11220000 3.12639
11230000 3.14254
11240000 3.13062
11250000 3.15192
11260000 3.12842
11270000 3.30579
11280000 3.12862
11290000 3.29418
11300000 3.1293
11310000 3.13708
11320000 3.12977
11330000 3.13655
11340000 3.13027
11350000 3.13681
11360000 3.13082
11370000 3.14347
11380000 3.1314
11390000 3.14247
11400000 3.13216
11410000 3.14064
11420000 3.13288
11430000 3.13932
11440000 3.13382
11450000 3.13891
11460000 3.13435
11470000 3.15144
11480000 3.24131
11490000 3.13926
11500000 3.27007
11510000 3.14196
11520000 3.2241
11530000 3.1479
11540000 3.17198
11550000 3.14289
11560000 3.193
11570000 3.14292
11580000 3.1738
11590000 3.14256
11600000 3.15945
11610000 3.1431
11620000 3.203
11630000 3.14357
11640000 3.17958
11650000 3.1441
11660000 3.17361
11670000 3.14455
11680000 3.16006
11690000 3.1467
11700000 3.3243
11710000 3.14619
11720000 3.31168
11730000 3.14698
11740000 3.15651
11750000 3.14755
11760000 3.15508
11770000 3.14813
11780000 3.15497
11790000 3.14849
11800000 3.15517
11810000 3.14909
11820000 3.1616
11830000 3.14963
11840000 3.15893
11850000 3.15053
11860000 3.16508
11870000 3.15116
11880000 3.15769
11890000 3.15215
11900000 3.15657
11910000 3.15268
11920000 3.15704
11930000 3.25912
11940000 3.16833
11950000 3.24277
11960000 3.17106
11970000 3.20508
11980000 3.16617
11990000 3.16102
12000000 3.16075
12010000 3.19692
12020000 3.16046
12030000 3.17027
12040000 3.16103
12050000 3.2403
12060000 3.16151
12070000 3.21364
12080000 3.16194
12090000 3.1937
12100000 3.16242
12110000 3.17841
12120000 3.16299
12130000 3.17398
12140000 3.16513
12150000 3.34135
12160000 3.16494
12170000 3.32859
12180000 3.16551
12190000 3.17415
12200000 3.16597
12210000 3.17274
12220000 3.16656
12230000 3.17287
12240000 3.16699
12250000 3.19524
12260000 3.16759
12270000 3.17864
12280000 3.16838
12290000 3.17683
12300000 3.16906
12310000 3.1768
12320000 3.16972
12330000 3.17518
12340000 3.1706
12350000 3.18755
12360000 3.1713
12370000 3.17558
12380000 3.30497
12390000 3.18685
12400000 3.2608
12410000 3.18743
12420000 3.21143
12430000 3.17957
12440000 3.22829
12450000 3.17923
12460000 3.21064
12470000 3.17889
12480000 3.18835
12490000 3.17954
12500000 3.25847
12510000 3.18
12520000 3.21559
12530000 3.18055
12540000 3.20987
12550000 3.18102
12560000 3.19689
12570000 3.18528
12580000 3.20551
12590000 3.18307
12600000 3.35832
12610000 3.18341
12620000 3.34623
12630000 3.18407
12640000 3.19172
12650000 3.18459
12660000 3.19131
12670000 3.18504
12680000 3.19163
12690000 3.18567
12700000 3.19809
12710000 3.18633
12720000 3.19625
12730000 3.18711
12740000 3.19525
12750000 3.18782
12760000 3.19423
12770000 3.18885
12780000 3.1934
12790000 3.18941
12800000 3.19368
12810000 3.29465
12820000 3.19424
12830000 3.32297
12840000 3.19693
12850000 3.27768
12860000 3.20282
12870000 3.19772
12880000 3.19789
12890000 3.23324
12900000 3.19792
12910000 3.22839
12920000 3.19765
12930000 3.21428
12940000 3.19827
12950000 3.25715
12960000 3.1988
12970000 3.23463
12980000 3.19923
12990000 3.22834
13000000 3.19979
13010000 3.21077
13020000 3.20196
13030000 3.37655
13040000 3.20169
13050000 3.36429
13060000 3.20231
13070000 3.21167
13080000 3.20282
13090000 3.21013
13100000 3.20349
13110000 3.21009
13120000 3.20391
13130000 3.21044
13140000 3.20446
13150000 3.21627
13160000 3.20502
13170000 3.21423
13180000 3.206
13190000 3.21372
13200000 3.20664
13210000 3.21213
13220000 3.20764
13230000 3.21205
13240000 3.20827
13250000 3.21254
13260000 3.3129
13270000 3.22367
13280000 3.29679
13290000 3.22435
13300000 3.24806
13310000 3.21652
13320000 3.27048
13330000 3.21617
13340000 3.25007
13350000 3.21604
13360000 3.22567
13370000 3.21659
13380000 3.29459
13390000 3.21715
13400000 3.26827
13410000 3.21759
13420000 3.24879
13430000 3.21811
13440000 3.23382
13450000 3.21869
13460000 3.22926
13470000 3.22021
13480000 3.39388
13490000 3.22063
13500000 3.38164
13510000 3.22119
13520000 3.22867
13530000 3.22169
13540000 3.22833
13550000 3.22227
13560000 3.22857
13570000 3.22285
13580000 3.2354
13590000 3.22347
13600000 3.23425
13610000 3.22427
13620000 3.2326
13630000 3.22501
13640000 3.23253
13650000 3.22563
13660000 3.23099
13670000 3.22653
13680000 3.24318
13690000 3.22721
13700000 3.23143
13710000 3.35874
13720000 3.23409
13730000 3.31398
13740000 3.24222
13750000 3.26357
13760000 3.23541
13770000 3.28389
13780000 3.23518
13790000 3.26611
13800000 3.23488
13810000 3.2441
13820000 3.23547
13830000 3.31309
13840000 3.23599
13850000 3.27101
13860000 3.23655
13870000 3.26532
13880000 3.23704
13890000 3.25268
13900000 3.23956
13910000 3.41206
13920000 3.2391
13930000 3.41144
13940000 3.23952
13950000 3.24876
13960000 3.24014
13970000 3.24752
13980000 3.24079
13990000 3.24739
14000000 3.24114
14010000 3.24768
14020000 3.24185
14030000 3.25397
14040000 3.24253
14050000 3.25146
14060000 3.24331
14070000 3.25238
14080000 3.244
14090000 3.25033
14100000 3.24506
14110000 3.24954
14120000 3.24566
14130000 3.24983
14140000 3.34911
14150000 3.25036
14160000 3.3329
14170000 3.26359
14180000 3.31366
14190000 3.25887
14200000 3.25393
14210000 3.25362
14220000 3.28884
14230000 3.25405
14240000 3.26293
14250000 3.254
14260000 3.27029
14270000 3.25453
14280000 3.3052
14290000 3.25496
14300000 3.28588
14310000 3.25552
14320000 3.2841
14330000 3.2561
14340000 3.26688
14350000 3.25824
14360000 3.42969
14370000 3.25801
14380000 3.41784
14390000 3.25869
14400000 3.26724
14410000 3.25921
14420000 3.26627
14430000 3.25986
14440000 3.26632
14450000 3.26028
14460000 3.26636
14470000 3.2609
14480000 3.27247
14490000 3.26171
14500000 3.27002
14510000 3.26245
14520000 3.26992
14530000 3.26312
14540000 3.2685
14550000 3.26407
14560000 3.26842
14570000 3.26474
14580000 3.26892
14590000 3.36764
14600000 3.2799
14610000 3.3518
14620000 3.28051
14630000 3.30391
14640000 3.27293
14650000 3.32026
14660000 3.27261
14670000 3.30318
14680000 3.27246
14690000 3.28155
14700000 3.27302
14710000 3.34976
14720000 3.27357
14730000 3.30811
14740000 3.27413
14750000 3.30292
14760000 3.27462
14770000 3.29009
14780000 3.27875
14790000 3.29912
14800000 3.27673
14810000 3.44653
14820000 3.277
14830000 3.43547
14840000 3.27774
14850000 3.28512
14860000 3.27827
14870000 3.28473
14880000 3.27883
14890000 3.28507
14900000 3.27944
14910000 3.29151
14920000 3.28008
14930000 3.29063
14940000 3.28086
14950000 3.28897
14960000 3.28165
14970000 3.28778
14980000 3.28262
14990000 3.28747
15000000 3.28322
15010000 3.29952
15020000 3.38558
15030000 3.28797
15040000 3.41319
15050000 3.29062
15060000 3.3692
15070000 3.29638
15080000 3.31942
15090000 3.29164
15100000 3.33959
15110000 3.29178
15120000 3.32134
15130000 3.29151
15140000 3.30768
15150000 3.2921
15160000 3.3494
15170000 3.29263
15180000 3.32707
15190000 3.2932
15200000 3.32143
15210000 3.2937
15220000 3.30855
15230000 3.29582
15240000 3.46584
15250000 3.29542
15260000 3.4538
15270000 3.29625
15280000 3.30533
15290000 3.29686
15300000 3.30403
15310000 3.29749
15320000 3.30401
15330000 3.29791
15340000 3.30428
15350000 3.29857
15360000 3.31049
15370000 3.29915
15380000 3.30802
15390000 3.30009
15400000 3.31395
15410000 3.30074
15420000 3.30696
15430000 3.30176
15440000 3.30596
15450000 3.30235
15460000 3.30648
15470000 3.40418
15480000 3.31734
15490000 3.38855
15500000 3.32002
15510000 3.35256
15520000 3.31542
15530000 3.31053
15540000 3.31032
15550000 3.34492
15560000 3.3101
15570000 3.31951
15580000 3.31071
15590000 3.38652
15600000 3.31124
15610000 3.3611
15620000 3.31171
15630000 3.34209
15640000 3.31223
15650000 3.32754
15660000 3.31285
15670000 3.32337
15680000 3.31495
15690000 3.48364
15700000 3.31484
15710000 3.47145
15720000 3.31545
15730000 3.32368
15740000 3.31595
15750000 3.3224
15760000 3.31658
15770000 3.3226
15780000 3.31706
15790000 3.34402
15800000 3.3177
15810000 3.32824
15820000 3.31853
15830000 3.32657
15840000 3.31923
15850000 3.3266
15860000 3.31992
15870000 3.32511
15880000 3.32083
15890000 3.33699
15900000 3.32156
15910000 3.32563
15920000 3.44947
15930000 3.33644
15940000 3.40719
15950000 3.33706
15960000 3.36003
15970000 3.32962
15980000 3.3762
15990000 3.32936
16000000 3.3594
16010000 3.32909
16020000 3.33816
16030000 3.32977
16040000 3.40526
16050000 3.33027
16060000 3.36432
16070000 3.33085
16080000 3.35889
16090000 3.33135
16100000 3.34654
16110000 3.33549
16120000 3.35483
16130000 3.33343
16140000 3.50119
16150000 3.33381
16160000 3.48965
16170000 3.3345
16180000 3.34167
16190000 3.33505
16200000 3.34146
16210000 3.33554
16220000 3.34183
16230000 3.33621
16240000 3.34805
16250000 3.33689
16260000 3.34635
16270000 3.33769
16280000 3.34545
16290000 3.33842
16300000 3.34453
16310000 3.33946
16320000 3.34379
16330000 3.34006
16340000 3.34411
16350000 3.44074
16360000 3.3447
16370000 3.46794
16380000 3.34733
16390000 3.42458
16400000 3.35301
16410000 3.34817
16420000 3.34835
16430000 3.38216
16440000 3.34843
16450000 3.37759
16460000 3.34823
16470000 3.36415
16480000 3.34887
16490000 3.4052
16500000 3.34943
16510000 3.38371
16520000 3.34989
16530000 3.37774
16540000 3.35048
16550000 3.36096
16560000 3.3526
16570000 3.51976
16580000 3.3524
16590000 3.50805
16600000 3.35305
16610000 3.36195
16620000 3.35358
16630000 3.36054
16640000 3.35427
16650000 3.36057
16660000 3.35473
16670000 3.36094
16680000 3.3553
16690000 3.36657
16700000 3.35589
16710000 3.3646
16720000 3.35687
16730000 3.36423
16740000 3.35753
16750000 3.36276
16760000 3.35854
16770000 3.36273
16780000 3.35919
16790000 3.36325
16800000 3.45931
16810000 3.37393
16820000 3.4439
16830000 3.37463
16840000 3.39731
16850000 3.3672
16860000 3.4188
16870000 3.36692
16880000 3.39936
16890000 3.36683
16900000 3.37606
16910000 3.36741
16920000 3.44202
16930000 3.36798
16940000 3.4169
16950000 3.36845
16960000 3.3983
16970000 3.36899
16980000 3.38403
16990000 3.36959
17000000 3.37971
17010000 3.3711
17020000 3.53739
17030000 3.37154
17040000 3.52569
17050000 3.37212
17060000 3.37924
17070000 3.37265
17080000 3.37897
17090000 3.37324
17100000 3.37925
17110000 3.37385
17120000 3.38581
17130000 3.37448
17140000 3.38476
17150000 3.37529
17160000 3.38323
17170000 3.37605
17180000 3.3832
17190000 3.37668
17200000 3.38178
17210000 3.37759
17220000 3.39347
17230000 3.37828
17240000 3.38228
17250000 3.5042
17260000 3.38489
17270000 3.46132
17280000 3.39269
17290000 3.41311
17300000 3.39091
17310000 3.43259
17320000 3.38605
17330000 3.41482
17340000 3.3858
17350000 3.39464
17360000 3.3864
17370000 3.46067
17380000 3.38694
17390000 3.42045
17400000 3.38751
17410000 3.41504
17420000 3.38803
17430000 3.40299
17440000 3.39047
17450000 3.55567
17460000 3.39008
17470000 3.5439
17480000 3.39052
17490000 3.39932
17500000 3.39115
17510000 3.39818
17520000 3.39182
17530000 3.3981
17540000 3.39218
17550000 3.39842
17560000 3.39291
17570000 3.40447
17580000 3.3936
17590000 3.40212
17600000 3.39439
17610000 3.40303
17620000 3.39508
17630000 3.40111
17640000 3.39613
17650000 3.40039
17660000 3.39675
17670000 3.40072
17680000 3.49577
17690000 3.40126
17700000 3.48024
17710000 3.41394
17720000 3.46187
17730000 3.40947
17740000 3.40472
17750000 3.40449
17760000 3.4382
17770000 3.40494
17780000 3.41344
17790000 3.40493
17800000 3.42052
17810000 3.40547
17820000 3.45396
17830000 3.40591
17840000 3.4355
17850000 3.40648
17860000 3.43383
17870000 3.40708
17880000 3.41739
17890000 3.40915
17900000 3.57339
17910000 3.40898
17920000 3.56206
17930000 3.40966
17940000 3.41781
17950000 3.41019
17960000 3.41692
17970000 3.41085
17980000 3.41701
17990000 3.41129
18000000 3.41709
18010000 3.41192
18020000 3.42295
18030000 3.41272
18040000 3.42066
18050000 3.41347
18060000 3.42058
18070000 3.41414
18080000 3.41927
18090000 3.41509
18100000 3.41922
18110000 3.41577
18120000 3.41974
18130000 3.51428
18140000 3.43027
18150000 3.49911
18160000 3.43089
18170000 3.45328
18180000 3.42368
18190000 3.46896
18200000 3.42341
18210000 3.45268
18220000 3.42329
18230000 3.43201
18240000 3.42386
18250000 3.49732
18260000 3.42441
18270000 3.45748
18280000 3.42498
18290000 3.45253
18300000 3.42548
18310000 3.4403
18320000 3.42946
18330000 3.44896
18340000 3.42756
18350000 3.59026
18360000 3.42786
18370000 3.57967
18380000 3.42859
18390000 3.43564
18400000 3.42915
18410000 3.4353
18420000 3.42971
18430000 3.43566
18440000 3.43027
18450000 3.44184
18460000 3.43097
18470000 3.44103
18480000 3.43175
18490000 3.43948
18500000 3.43253
18510000 3.43837
18520000 3.43349
18530000 3.4381
18540000 3.43409
18550000 3.4381
18560000 3.53211
18570000 3.43864
18580000 3.55862
18590000 3.44121
18600000 3.51641
18610000 3.44675
18620000 3.46879
18630000 3.44224
18640000 3.48813
18650000 3.44241
18660000 3.47072
18670000 3.44218
18680000 3.45767
18690000 3.44277
18700000 3.49763
18710000 3.44331
18720000 3.47628
18730000 3.44388
18740000 3.4709
18750000 3.44439
18760000 3.45861
18770000 3.44644
18780000 3.60938
18790000 3.44609
18800000 3.59786
18810000 3.44691
18820000 3.45557
18830000 3.44752
18840000 3.45436
18850000 3.44816
18860000 3.45437
18870000 3.44859
18880000 3.45466
18890000 3.44925
18900000 3.46063
18910000 3.44983
18920000 3.45829
18930000 3.45075
18940000 3.464
18950000 3.4514
18960000 3.45733
18970000 3.45241
18980000 3.45641
18990000 3.45301
19000000 3.45693
19010000 3.55055
19020000 3.46735
19030000 3.53556
19040000 3.46994
19050000 3.50109
19060000 3.46556
19070000 3.4609
19080000 3.46071
19090000 3.49385
19100000 3.46053
19110000 3.46955
19120000 3.46114
19130000 3.53375
19140000 3.46167
19150000 3.50943
19160000 3.46214
19170000 3.49123
19180000 3.46267
19190000 3.47733
19200000 3.46328
19210000 3.47335
19220000 3.46531
19230000 3.62704
19240000 3.46524
19250000 3.61536
19260000 3.46585
19270000 3.4737
19280000 3.46635
19290000 3.47252
19300000 3.46699
19310000 3.47272
19320000 3.46747
19330000 3.49325
19340000 3.4681
19350000 3.47817
19360000 3.46892
19370000 3.4766
19380000 3.46962
19390000 3.47665
19400000 3.4703
19410000 3.47525
19420000 3.47121
19430000 3.48664
19440000 3.47193
19450000 3.47579
19460000 3.59452
19470000 3.48617
19480000 3.55396
19490000 3.48679
19500000 3.50878
19510000 3.47969
19520000 3.5243
19530000 3.47947
19540000 3.50824
19550000 3.47923
19560000 3.48792
19570000 3.4799
19580000 3.55222
19590000 3.4804
19600000 3.51301
19610000 3.48098
19620000 3.50783
19630000 3.48148
19640000 3.49603
19650000 3.48546
19660000 3.64486
19670000 3.48352
19680000 3.64439
19690000 3.48389
19700000 3.63332
19710000 3.48458
19720000 3.49143
19730000 3.48514
19740000 3.49124
19750000 3.48563
19760000 3.49163
19770000 3.48629
19780000 3.4976
19790000 3.48697
19800000 3.496
19810000 3.48776
19820000 3.49516
19830000 3.48848
19840000 3.4943
19850000 3.48949
19860000 3.49361
19870000 3.49009
19880000 3.49394
19890000 3.58659
19900000 3.49452
19910000 3.61271
19920000 3.49706
19930000 3.5711
19940000 3.50252
19950000 3.4979
19960000 3.49809
19970000 3.53048
19980000 3.49819
19990000 3.50673
20000000 3.49802
20010000 3.51327
20020000 3.49865
20030000 3.55263
20040000 3.49921
20050000 3.53204
20060000 3.49966
20070000 3.52634
20080000 3.50024
20090000 3.51028
20100000 3.50228
20110000 3.66264
20120000 3.50213
20130000 3.65141
20140000 3.50276
20150000 3.51126
20160000 3.5033
20170000 3.50993
20180000 3.50398
20190000 3.50998
20200000 3.50444
20210000 3.51034
20220000 3.50501
20230000 3.51577
20240000 3.50558
20250000 3.51391
20260000 3.50655
20270000 3.51357
20280000 3.50722
20290000 3.51217
20300000 3.50817
20310000 3.51217
20320000 3.50883
20330000 3.51269
20340000 3.60482
20350000 3.52294
20360000 3.59002
20370000 3.52363
20380000 3.54536
20390000 3.51653
20400000 3.56598
20410000 3.51628
20420000 3.54737
20430000 3.51622
20440000 3.52506
20450000 3.51679
20460000 3.58831
20470000 3.51735
20480000 3.56424
20490000 3.51781
20500000 3.54642
20510000 3.51835
20520000 3.53276
20530000 3.51895
20540000 3.52864
20550000 3.52041
20560000 3.67997
20570000 3.52085
20580000 3.66874
20590000 3.52142
20600000 3.52822
20610000 3.52194
20620000 3.52799
20630000 3.52254
20640000 3.52826
20650000 3.52313
20660000 3.53457
20670000 3.52376
20680000 3.53359
20690000 3.52455
20700000 3.53214
20710000 3.52529
20720000 3.53209
20730000 3.52591
20740000 3.53077
20750000 3.52681
20760000 3.54199
20770000 3.52749
20780000 3.53129
20790000 3.64828
20800000 3.5338
20810000 3.6071
20820000 3.5413
20830000 3.56083
20840000 3.53961
20850000 3.57956
20860000 3.53497
20870000 3.56256
20880000 3.53475
20890000 3.54322
20900000 3.53534
20910000 3.60655
20920000 3.53587
20930000 3.56799
20940000 3.53643
20950000 3.56282
20960000 3.53692
20970000 3.55128
20980000 3.53941
20990000 3.69786
21000000 3.53894
21010000 3.68656
21020000 3.53937
21030000 3.54778
21040000 3.53999
21050000 3.54671
21060000 3.54065
21070000 3.54666
21080000 3.54102
21090000 3.54698
21100000 3.54173
21110000 3.55279
21120000 3.54242
21130000 3.55053
21140000 3.54318
21150000 3.55144
21160000 3.54385
21170000 3.54961
21180000 3.54488
21190000 3.54894
21200000 3.54549
21210000 3.54927
21220000 3.64049
21230000 3.55742
21240000 3.62556
21250000 3.56197
21260000 3.60795
21270000 3.5577
21280000 3.55316
21290000 3.55295
21300000 3.58527
21310000 3.55339
21320000 3.56155
21330000 3.55338
21340000 3.56833
21350000 3.55392
21360000 3.60044
21370000 3.55436
21380000 3.58273
21390000 3.55492
21400000 3.58115
21410000 3.5555
21420000 3.56539
21430000 3.55748
21440000 3.7152
21450000 3.55735
21460000 3.70431
21470000 3.55802
21480000 3.56581
21490000 3.55852
21500000 3.56497
21510000 3.55919
21520000 3.56508
21530000 3.55963
21540000 3.56516
21550000 3.56024
21560000 3.5708
21570000 3.56103
21580000 3.56861
21590000 3.56176
21600000 3.56856
21610000 3.56241
21620000 3.5673
21630000 3.56334
21640000 3.56727
21650000 3.56401
21660000 3.56779
21670000 3.65855
21680000 3.57789
21690000 3.64396
21700000 3.5785
21710000 3.59998
21720000 3.5716
21730000 3.61504
21740000 3.57136
21750000 3.59944
21760000 3.57122
21770000 3.57962
21780000 3.57181
21790000 3.6423
21800000 3.57236
21810000 3.60408
21820000 3.57291
21830000 3.59933
21840000 3.5734
21850000 3.58761
21860000 3.57723
21870000 3.59593
21880000 3.57543
21890000 3.73169
21900000 3.57572
21910000 3.72151
21920000 3.57644
21930000 3.58317
21940000 3.57698
21950000 3.58287
21960000 3.57753
21970000 3.58322
21980000 3.57809
21990000 3.58916
22000000 3.57876
22010000 3.58839
22020000 3.57953
22030000 3.58692
22040000 3.58029
22050000 3.58586
22060000 3.58121
22070000 3.58561
22080000 3.58181
22090000 3.58563
22100000 3.67591
22110000 3.58616
22120000 3.70139
22130000 3.58864
22140000 3.66082
22150000 3.59396
22160000 3.6151
22170000 3.58963
22180000 3.63368
22190000 3.58982
22200000 3.61699
22210000 3.58961
22220000 3.60447
22230000 3.59019
22240000 3.64285
22250000 3.59072
22260000 3.62235
22270000 3.59126
22280000 3.6172
22290000 3.59177
22300000 3.60541
22310000 3.59376
22320000 3.7503
22330000 3.59343
22340000 3.73922
22350000 3.59422
22360000 3.6025
22370000 3.59481
22380000 3.60136
22390000 3.59544
22400000 3.60138
22410000 3.59586
22420000 3.60167
22430000 3.59651
22440000 3.60741
22450000 3.59707
22460000 3.60517
22470000 3.59794
22480000 3.61065
22490000 3.5986
22500000 3.60427
22510000 3.59958
22520000 3.60339
22530000 3.60017
22540000 3.60391
22550000 3.69383
22560000 3.61391
22570000 3.67941
22580000 3.6145
22590000 3.64631
22600000 3.61222
22610000 3.60765
22620000 3.60758
22630000 3.63799
22640000 3.6074
22650000 3.61607
22660000 3.608
22670000 3.67772
22680000 3.60852
22690000 3.65436
22700000 3.60898
22710000 3.63691
22720000 3.60949
22730000 3.62354
22740000 3.61009
22750000 3.61976
22760000 3.61203
22770000 3.76749
22780000 3.61199
22790000 3.75625
22800000 3.61258
22810000 3.62009
22820000 3.61307
22830000 3.61898
22840000 3.6137
22850000 3.61918
22860000 3.61418
22870000 3.6389
22880000 3.61479
22890000 3.62443
22900000 3.61558
22910000 3.62293
22920000 3.61626
22930000 3.62299
22940000 3.61692
22950000 3.62165
22960000 3.61781
22970000 3.63259
22980000 3.61851
22990000 3.62219
23000000 3.7363
23010000 3.63216
23020000 3.69728
23030000 3.63277
23040000 3.65387
23050000 3.62595
23060000 3.66879
23070000 3.62576
23080000 3.65339
23090000 3.62554
23100000 3.63388
23110000 3.62618
23120000 3.69565
23130000 3.62667
23140000 3.65799
23150000 3.62723
23160000 3.65302
23170000 3.62772
23180000 3.64169
23190000 3.63155
23200000 3.7848
23210000 3.62969
23220000 3.78437
23230000 3.63006
23240000 3.77371
23250000 3.63073
23260000 3.63728
23270000 3.63127
23280000 3.63712
23290000 3.63175
23300000 3.63749
23310000 3.6324
23320000 3.64323
23330000 3.63306
23340000 3.64168
23350000 3.63382
23360000 3.6409
23370000 3.63452
23380000 3.64009
23390000 3.6355
23400000 3.63943
23410000 3.63609
23420000 3.63976
23430000 3.72881
23440000 3.64031
23450000 3.75396
23460000 3.64282
23470000 3.71391
23480000 3.64801
23490000 3.64358
23500000 3.64377
23510000 3.67489
23520000 3.64388
23530000 3.65208
23540000 3.64372
23550000 3.65837
23560000 3.64433
23570000 3.69619
23580000 3.64483
23590000 3.67641
23600000 3.64531
23610000 3.67094
23620000 3.64588
23630000 3.65552
23640000 3.64784
23650000 3.80207
23660000 3.64771
23670000 3.79125
23680000 3.64832
23690000 3.65645
23700000 3.64884
23710000 3.65519
23720000 3.6495
23730000 3.65525
23740000 3.64996
23750000 3.6556
23760000 3.65051
23770000 3.66082
23780000 3.65129
23790000 3.65904
23800000 3.652
23810000 3.65872
23820000 3.65264
23830000 3.65739
23840000 3.65357
23850000 3.65739
23860000 3.6542
23870000 3.65789
23880000 3.74649
23890000 3.66774
23900000 3.73223
23910000 3.66842
23920000 3.68929
23930000 3.6616
23940000 3.70911
23950000 3.66137
23960000 3.69048
23970000 3.66131
23980000 3.66981
23990000 3.66187
24000000 3.73061
24010000 3.66242
24020000 3.70748
24030000 3.66286
24040000 3.69034
24050000 3.66338
24060000 3.67723
24070000 3.66396
24080000 3.67328
24090000 3.66537
24100000 3.81888
24110000 3.6658
24120000 3.80799
24130000 3.66635
24140000 3.67286
24150000 3.66686
24160000 3.67266
24170000 3.66744
24180000 3.67292
24190000 3.66801
24200000 3.67898
24210000 3.66862
24220000 3.67805
24230000 3.66939
24240000 3.67663
24250000 3.67011
24260000 3.67662
24270000 3.67071
24280000 3.67536
24290000 3.67158
24300000 3.68614
24310000 3.67224
24320000 3.67587
24330000 3.78842
24340000 3.67829
24350000 3.74876
24360000 3.6855
24370000 3.70427
24380000 3.68388
24390000 3.72228
24400000 3.67943
24410000 3.70595
24420000 3.67922
24430000 3.68736
24440000 3.67979
24450000 3.74826
24460000 3.6803
24470000 3.71118
24480000 3.68084
24490000 3.70621
24500000 3.68132
24510000 3.69512
24520000 3.68372
24530000 3.83621
24540000 3.68326
24550000 3.82533
24560000 3.68369
24570000 3.69174
24580000 3.68429
24590000 3.69072
24600000 3.68493
24610000 3.69068
24620000 3.68529
24630000 3.691
24640000 3.68598
24650000 3.69659
24660000 3.68664
24670000 3.69443
24680000 3.68738
24690000 3.69529
24700000 3.68803
24710000 3.69355
24720000 3.68902
24730000 3.6929
24740000 3.68962
24750000 3.69322
24760000 3.781
24770000 3.70106
24780000 3.76661
24790000 3.70544
24800000 3.74967
24810000 3.70135
24820000 3.69697
24830000 3.69675
24840000 3.72786
24850000 3.69721
24860000 3.70506
24870000 3.6972
24880000 3.71158
24890000 3.69773
24900000 3.74247
24910000 3.69815
24920000 3.72542
24930000 3.69869
24940000 3.72391
24950000 3.69925
24960000 3.70876
24970000 3.70116
24980000 3.85301
24990000 3.70104
25000000 3.84251
25010000 3.70169
25020000 3.70915
25030000 3.70217
25040000 3.70804
25050000 3.70282
25060000 3.70847
25070000 3.70325
25080000 3.70855
25090000 3.70384
25100000 3.71397
25110000 3.7046
25120000 3.71187
25130000 3.70531
25140000 3.71182
25150000 3.70592
25160000 3.71061
25170000 3.70683
25180000 3.71059
25190000 3.70748
25200000 3.71109
25210000 3.79846
25220000 3.72081
25230000 3.78439
25240000 3.72141
25250000 3.74206
25260000 3.71477
25270000 3.75655
25280000 3.71455
25290000 3.74156
25300000 3.71441
25310000 3.72248
25320000 3.71498
25330000 3.78281
25340000 3.71551
25350000 3.74602
25360000 3.71599
25370000 3.74146
25380000 3.71652
25390000 3.73018
25400000 3.7202
25410000 3.73818
25420000 3.71847
25430000 3.86896
25440000 3.71875
25450000 3.85915
25460000 3.71945
25470000 3.7259
25480000 3.71997
25490000 3.72562
25500000 3.72051
25510000 3.72596
25520000 3.72104
25530000 3.73167
25540000 3.7217
25550000 3.73094
25560000 3.72244
25570000 3.72953
25580000 3.72317
25590000 3.72851
25600000 3.72406
25610000 3.72828
25620000 3.72465
25630000 3.72829
25640000 3.81522
25650000 3.7288
25660000 3.83979
25670000 3.7312
25680000 3.80067
25690000 3.73631
25700000 3.75665
25710000 3.73215
25720000 3.77454
25730000 3.73234
25740000 3.75849
25750000 3.73214
25760000 3.74643
25770000 3.7327
25780000 3.78338
25790000 3.73321
25800000 3.76365
25810000 3.73373
25820000 3.75868
25830000 3.73422
25840000 3.74734
25850000 3.73613
25860000 3.88694
25870000 3.73582
25880000 3.87627
25890000 3.73658
25900000 3.74453
25910000 3.7371
25920000 3.74344
25930000 3.73776
25940000 3.74346
25950000 3.73818
25960000 3.74374
25970000 3.7388
25980000 3.74925
25990000 3.73934
26000000 3.74712
26010000 3.74018
26020000 3.75239
26030000 3.74082
26040000 3.74625
26050000 3.74176
26060000 3.74541
26070000 3.74233
26080000 3.74591
26090000 3.83252
26100000 3.75554
26110000 3.81861
26120000 3.7561
26130000 3.78672
26140000 3.75391
26150000 3.74951
26160000 3.74945
26170000 3.77872
26180000 3.74928
26190000 3.75762
26200000 3.74986
26210000 3.81699
26220000 3.75036
26230000 3.7945
26240000 3.7508
26250000 3.77768
26260000 3.75129
26270000 3.76481
26280000 3.75187
26290000 3.76117
26300000 3.75374
26310000 3.90355
26320000 3.75371
26330000 3.89271
26340000 3.7542
26350000 3.76112
26360000 3.75475
26370000 3.76041
26380000 3.75526
26390000 3.76061
26400000 3.75581
26410000 3.77959
26420000 3.75641
26430000 3.76567
26440000 3.75717
26450000 3.76423
26460000 3.75782
26470000 3.76428
26480000 3.75846
26490000 3.76299
26500000 3.75932
26510000 3.77353
26520000 3.75999
26530000 3.76352
26540000 3.87349
26550000 3.77312
26560000 3.83584
26570000 3.7737
26580000 3.79402
26590000 3.76714
26600000 3.80838
26610000 3.76696
26620000 3.79356
26630000 3.76675
26640000 3.77477
26650000 3.76736
26660000 3.83428
26670000 3.76784
26680000 3.79799
26690000 3.76838
26700000 3.7932
26710000 3.76884
26720000 3.78229
26730000 3.77253
26740000 3.92027
26750000 3.77075
26760000 3.91986
26770000 3.77109
26780000 3.90957
26790000 3.77175
26800000 3.77803
26810000 3.77227
26820000 3.77788
26830000 3.77273
26840000 3.77824
26850000 3.77336
26860000 3.78377
26870000 3.774
26880000 3.78228
26890000 3.77473
26900000 3.78153
26910000 3.7754
26920000 3.78074
26930000 3.77634
26940000 3.78011
26950000 3.77691
26960000 3.78042
26970000 3.86626
26980000 3.78096
26990000 3.89052
27000000 3.78338
27010000 3.85188
27020000 3.78835
27030000 3.7841
27040000 3.7843
27050000 3.81427
27060000 3.7844
27070000 3.79229
27080000 3.78424
27090000 3.79835
27100000 3.78483
27110000 3.8348
27120000 3.78531
27130000 3.81573
27140000 3.78577
27150000 3.81046
27160000 3.78632
27170000 3.7956
27180000 3.78821
27190000 3.93694
27200000 3.78808
27210000 3.9265
27220000 3.78868
27230000 3.79649
27240000 3.78917
27250000 3.79527
27260000 3.78981
27270000 3.79533
27280000 3.79025
27290000 3.79567
27300000 3.79079
27310000 3.8007
27320000 3.79154
27330000 3.79899
27340000 3.79222
27350000 3.79867
27360000 3.79284
27370000 3.7974
27380000 3.79374
27390000 3.7974
27400000 3.79434
27410000 3.79788
27420000 3.8833
27430000 3.80736
27440000 3.86952
27450000 3.80799
27460000 3.82813
27470000 3.80145
27480000 3.84723
27490000 3.80123
27500000 3.82928
27510000 3.80117
27520000 3.80936
27530000 3.80171
27540000 3.86796
27550000 3.80223
27560000 3.84566
27570000 3.80266
27580000 3.82785
27590000 3.80316
27600000 3.8165
27610000 3.80372
27620000 3.81269
27630000 3.80507
27640000 3.95316
27650000 3.80549
27660000 3.94264
27670000 3.80602
27680000 3.81227
27690000 3.80651
27700000 3.81208
27710000 3.80707
27720000 3.81234
27730000 3.80762
27740000 3.81817
27750000 3.80821
27760000 3.81724
27770000 3.80895
27780000 3.81591
27790000 3.80964
27800000 3.81589
27810000 3.81022
27820000 3.81468
27830000 3.81106
27840000 3.82507
27850000 3.81169
27860000 3.81517
27870000 3.92375
27880000 3.8175
27890000 3.88545
27900000 3.82445
27910000 3.84253
27920000 3.82289
27930000 3.8599
27940000 3.8186
27950000 3.84416
27960000 3.8184
27970000 3.82624
27980000 3.81894
27990000 3.88496
28000000 3.81944
28010000 3.8492
28020000 3.81995
28030000 3.8444
28040000 3.82041
28050000 3.83371
28060000 3.82273
28070000 3.96988
28080000 3.82228
28090000 3.95936
28100000 3.82269
28110000 3.83043
28120000 3.82327
28130000 3.82945
28140000 3.82389
28150000 3.82942
28160000 3.82429
28170000 3.82972
28180000 3.8249
28190000 3.83511
28200000 3.82553
28210000 3.83302
28220000 3.82625
28230000 3.83385
28240000 3.82687
28250000 3.83217
28260000 3.82783
28270000 3.83155
28280000 3.8284
28290000 3.83186
28300000 3.91655
28310000 3.83941
28320000 3.90264
28330000 3.84364
28340000 3.8863
28350000 3.83968
28360000 3.83546
28370000 3.8353
28380000 3.86525
28390000 3.83569
28400000 3.84326
28410000 3.83568
28420000 3.84954
28430000 3.83619
28440000 3.87934
28450000 3.83659
28460000 3.86288
28470000 3.8371
28480000 3.86142
28490000 3.83765
28500000 3.84681
28510000 3.83949
28520000 3.98607
28530000 3.83944
28540000 3.97593
28550000 3.84
28560000 3.84717
28570000 3.84046
28580000 3.8461
28590000 3.84108
28600000 3.84651
28610000 3.8415
28620000 3.84659
28630000 3.84207
28640000 3.85182
28650000 3.8428
28660000 3.8498
28670000 3.84348
28680000 3.84974
28690000 3.84407
28700000 3.84857
28710000 3.84495
28720000 3.84855
28730000 3.84557
28740000 3.84903
28750000 3.93335
28760000 3.85841
28770000 3.91976
28780000 3.85897
28790000 3.87889
28800000 3.85257
28810000 3.89287
28820000 3.85236
28830000 3.87841
28840000 3.85223
28850000 3.86
28860000 3.85278
28870000 3.91821
28880000 3.85328
28890000 3.88271
28900000 3.85374
28910000 3.8783
28920000 3.85425
28930000 3.86742
28940000 3.8578
28950000 3.87514
28960000 3.85613
28970000 4.00145
28980000 3.8564
28990000 3.99195
29000000 3.85707
29010000 3.86327
29020000 3.85756
29030000 3.86302
29040000 3.85808
29050000 3.86333
29060000 3.8586
29070000 3.86884
29080000 3.85923
29090000 3.86813
29100000 3.85994
29110000 3.86676
29120000 3.86065
29130000 3.86578
29140000 3.8615
29150000 3.86555
29160000 3.86207
29170000 3.86556
29180000 3.94949
29190000 3.86605
29200000 3.97323
29210000 3.86836
29220000 3.93542
29230000 3.8733
29240000 3.89291
29250000 3.86928
29260000 3.91018
29270000 3.86946
29280000 3.89469
29290000 3.86926
29300000 3.88305
29310000 3.86979
29320000 3.91871
29330000 3.87029
29340000 3.89966
29350000 3.87079
29360000 3.89486
29370000 3.87125
29380000 3.88391
29390000 3.8731
29400000 4.0187
29410000 3.87279
29420000 4.00845
29430000 3.87353
29440000 3.88118
29450000 3.87402
29460000 3.88008
29470000 3.87467
29480000 3.88015
29490000 3.87506
29500000 3.88043
29510000 3.87566
29520000 3.88573
29530000 3.87618
29540000 3.88367
29550000 3.87698
29560000 3.88875
29570000 3.8776
29580000 3.88219
29590000 3.8785
29600000 3.88201
29610000 3.87906
29620000 3.8825
29630000 3.96614
29640000 3.89178
29650000 3.95268
29660000 3.89232
29670000 3.92187
29680000 3.89016
29690000 3.93079
29700000 3.8859
29710000 3.91415
29720000 3.88573
29730000 3.89377
29740000 3.88628
29750000 3.9511
29760000 3.88675
29770000 3.92937
29780000 3.88719
29790000 3.91312
29800000 3.88766
29810000 3.9007
29820000 3.88822
29830000 3.89718
29840000 3.89002
29850000 4.03469
29860000 3.88997
29870000 4.02428
29880000 3.89046
29890000 3.89711
29900000 3.89098
29910000 3.89643
29920000 3.89148
29930000 3.89662
29940000 3.892
29950000 3.91494
29960000 3.89257
29970000 3.9015
29980000 3.89331
29990000 3.9001
30000000 3.89399
30010000 3.90015
30020000 3.89454
30030000 3.8989
30040000 3.89538
30050000 3.90907
30060000 3.89602
30070000 3.89941
30080000 4.00568
30090000 3.90867
30100000 3.96925
30110000 3.90923
30120000 3.92826
30130000 3.9029
30140000 3.94271
30150000 3.90271
30160000 3.9284
30170000 3.90251
30180000 3.91025
30190000 3.9031
30200000 3.96768
30210000 3.90355
30220000 3.93266
30230000 3.90407
30240000 3.92803
30250000 3.90452
30260000 3.91749
30270000 3.90807
30280000 4.05086
30290000 3.90635
30300000 4.05047
30310000 3.90668
30320000 4.04051
30330000 3.90731
30340000 3.91335
30350000 3.90781
30360000 3.91321
30370000 3.90825
30380000 3.91356
30390000 3.90886
30400000 3.91889
30410000 3.90947
30420000 3.91744
30430000 3.91017
30440000 3.91672
30450000 3.91082
30460000 3.91596
30470000 3.91173
30480000 3.91534
30490000 3.91227
30500000 3.91564
30510000 3.9986
30520000 3.91616
30530000 4.02205
30540000 3.91849
30550000 3.98467
30560000 3.92328
30570000 3.91918
30580000 3.91937
30590000 3.94832
30600000 3.91947
30610000 3.92708
30620000 3.91931
30630000 3.93293
30640000 3.91987
30650000 3.96815
30660000 3.92033
30670000 3.94971
30680000 3.92078
30690000 3.94461
30700000 3.9213
30710000 3.93025
30720000 3.92311
30730000 4.06692
30740000 3.923
30750000 4.05681
30760000 3.92357
30770000 3.93109
30780000 3.92404
30790000 3.92991
30800000 3.92465
30810000 3.92997
30820000 3.92506
30830000 3.9303
30840000 3.92559
30850000 3.93515
30860000 3.92632
30870000 3.93349
30880000 3.92697
30890000 3.93319
30900000 3.92756
30910000 3.93194
30920000 3.92843
30930000 3.93194
30940000 3.929
30950000 3.9324
30960000 4.01498
30970000 3.94156
30980000 4.00163
30990000 3.94217
31000000 3.96161
31010000 3.93584
31020000 3.98008
31030000 3.93563
31040000 3.96272
31050000 3.93557
31060000 3.94347
31070000 3.93608
31080000 4.00011
31090000 3.93658
31100000 3.97855
31110000 3.93699
31120000 3.96132
31130000 3.93747
31140000 3.95035
31150000 3.93801
31160000 3.94666
31170000 3.93931
31180000 4.08252
31190000 3.93957
31200000 4.07234
31210000 3.94022
31220000 3.94624
31230000 3.94068
31240000 3.94606
31250000 3.94122
31260000 3.94629
31270000 3.94176
31280000 3.95193
31290000 3.94232
31300000 3.95103
31310000 3.94303
31320000 3.94974
31330000 3.94369
31340000 3.94885
31350000 3.94424
31360000 3.94854
31370000 3.94505
31380000 3.95858
31390000 3.94566
31400000 3.94901
31410000 4.05401
31420000 3.95126
31430000 4.01695
31440000 3.95796
31450000 3.97543
31460000 3.95645
31470000 3.99222
31480000 3.9523
31490000 3.97701
31500000 3.9521
31510000 3.95967
31520000 3.95263
31530000 4.01645
31540000 3.9531
31550000 3.98186
31560000 3.95359
31570000 3.97721
31580000 3.95403
31590000 3.96688
31600000 3.95626
31610000 4.09862
31620000 3.95583
31630000 4.08843
31640000 3.95622
31650000 3.96368
31660000 3.95678
31670000 3.96273
31680000 3.95737
31690000 3.9627
31700000 3.95776
31710000 3.96299
31720000 3.95834
31730000 3.96819
31740000 3.95895
31750000 3.96616
31760000 3.95964
31770000 3.96697
31780000 3.96023
31790000 3.96534
31800000 3.96114
31810000 3.96473
31820000 3.96171
31830000 3.96503
31840000 4.04695
31850000 3.97232
31860000 4.03347
31870000 3.97641
31880000 4.01765
31890000 3.97258
31900000 3.96849
31910000 3.96834
31920000 3.99729
31930000 3.96872
31940000 3.97602
31950000 3.9687
31960000 3.98209
31970000 3.96919
31980000 4.0109
31990000 3.96957
32000000 3.99498
32010000 3.97006
32020000 3.99356
32030000 3.97058
32040000 3.97938
32050000 3.97235
32060000 4.1142
32070000 3.97231
32080000 4.10437
32090000 3.97283
32100000 3.97975
32110000 3.97328
32120000 3.97872
32130000 3.97385
32140000 3.97911
32150000 3.97427
32160000 3.97919
32170000 3.97482
32180000 3.98423
32190000 3.97551
32200000 3.98227
32210000 3.97618
32220000 3.98221
32230000 3.97674
32240000 3.98108
32250000 3.97759
32260000 3.98106
32270000 3.97819
32280000 3.98152
32290000 4.06311
32300000 3.99057
32310000 4.04992
32320000 3.99112
32330000 4.01037
32340000 3.98492
32350000 4.02389
32360000 3.98472
32370000 4.00989
32380000 3.98458
32390000 3.99209
32400000 3.98511
32410000 4.0484
32420000 3.98559
32430000 4.01405
32440000 3.98603
32450000 4.00966
32460000 3.9865
32470000 3.99924
32480000 3.98994
32490000 4.00616
32500000 3.98834
32510000 4.12899
32520000 3.98858
32530000 4.11978
32540000 3.98922
32550000 3.9952
32560000 3.9897
32570000 3.99496
32580000 3.9902
32590000 3.99525
32600000 3.99069
32610000 4.00057
32620000 3.9913
32630000 3.99988
32640000 3.99198
32650000 3.99856
32660000 3.99266
32670000 3.9976
32680000 3.99348
32690000 3.9971
32700000 3.99402
32710000 3.99738
32720000 4.07861
32730000 3.99785
32740000 4.1016
32750000 4.00008
32760000 4.06497
32770000 4.00485
32780000 4.02381
32790000 4.00096
32800000 4.04052
32810000 4.00113
32820000 4.02553
32830000 4.00093
32840000 4.01426
32850000 4.00143
32860000 4.04876
32870000 4.00191
32880000 4.03032
32890000 4.00236
32900000 4.02567
32910000 4.00283
32920000 4.01507
32930000 4.00461
32940000 4.1456
32950000 4.00432
32960000 4.13565
32970000 4.00502
32980000 4.0124
32990000 4.00549
33000000 4.01133
33010000 4.00611
33020000 4.0114
33030000 4.00649
33040000 4.01167
33050000 4.00706
33060000 4.01679
33070000 4.00756
33080000 4.01479
33090000 4.00833
33100000 4.01971
33110000 4.00893
33120000 4.01335
33130000 4.00979
33140000 4.01317
33150000 4.01033
33160000 4.01364
33170000 4.09461
33180000 4.02261
33190000 4.08155
33200000 4.02313
33210000 4.05172
33220000 4.02103
33230000 4.06034
33240000 4.01689
33250000 4.04424
33260000 4.01674
33270000 4.02451
33280000 4.01727
33290000 4.08
33300000 4.01772
33310000 4.05896
33320000 4.01813
33330000 4.04323
33340000 4.01858
33350000 4.03119
33360000 4.01912
33370000 4.02777
33380000 4.02085
33390000 4.16097
33400000 4.0208
33410000 4.15088
33420000 4.02127
33430000 4.02768
33440000 4.02176
33450000 4.02703
33460000 4.02224
33470000 4.02721
33480000 4.02275
33490000 4.04493
33500000 4.0233
33510000 4.03191
33520000 4.024
33530000 4.03056
33540000 4.02466
33550000 4.03059
33560000 4.02518
33570000 4.02939
33580000 4.02599
33590000 4.03922
33600000 4.02661
33610000 4.02986
33620000 4.13279
33630000 4.03882
33640000 4.09748
33650000 4.03936
33660000 4.05777
33670000 4.03323
33680000 4.07176
33690000 4.03304
33700000 4.05791
33710000 4.03284
33720000 4.04032
33730000 4.03341
33740000 4.09593
33750000 4.03384
33760000 4.06201
33770000 4.03433
33780000 4.05752
33790000 4.03476
33800000 4.04731
33810000 4.0382
33820000 4.17653
33830000 4.03652
33840000 4.17615
33850000 4.03683
33860000 4.16649
33870000 4.03744
33880000 4.04327
33890000 4.03791
33900000 4.04313
33910000 4.03834
33920000 4.04347
33930000 4.03892
33940000 4.04862
33950000 4.03951
33960000 4.04722
33970000 4.04018
33980000 4.0465
33990000 4.0408
34000000 4.04576
34010000 4.04168
34020000 4.04516
34030000 4.0422
34040000 4.04544
34050000 4.1258
34060000 4.04594
34070000 4.11258
34080000 4.04819
34090000 4.11228
34100000 4.05283
34110000 4.04885
34120000 4.04903
34130000 4.07706
34140000 4.04912
34150000 4.05648
34160000 4.04897
34170000 4.06215
34180000 4.0495
34190000 4.09625
34200000 4.04994
34210000 4.07496
34220000 4.05036
34230000 4.07343
34240000 4.05086
34250000 4.05952
34260000 4.05261
34270000 4.19194
34280000 4.0525
34290000 4.18216
34300000 4.05304
34310000 4.0603
34320000 4.0535
34330000 4.05916
34340000 4.05408
34350000 4.05921
34360000 4.05447
34370000 4.05952
34380000 4.05498
34390000 4.06422
34400000 4.05567
34410000 4.06261
34420000 4.05629
34430000 4.0623
34440000 4.05687
34450000 4.06109
34460000 4.0577
34470000 4.06109
34480000 4.05826
34490000 4.06153
34500000 4.14155
34510000 4.07039
34520000 4.12859
34530000 4.07098
34540000 4.0898
34550000 4.06484
34560000 4.10768
34570000 4.06464
34580000 4.09087
34590000 4.06457
34600000 4.07221
34610000 4.06506
34620000 4.12708
34630000 4.06554
34640000 4.10619
34650000 4.06593
34660000 4.08948
34670000 4.06638
34680000 4.07885
34690000 4.0669
34700000 4.07527
34710000 4.06815
34720000 4.20698
34730000 4.0684
34740000 4.19709
34750000 4.06902
34760000 4.07483
34770000 4.06946
34780000 4.07465
34790000 4.06998
34800000 4.07487
34810000 4.07049
34820000 4.08033
34830000 4.07103
34840000 4.07946
34850000 4.07171
34860000 4.07819
34870000 4.07236
34880000 4.07732
34890000 4.07318
34900000 4.07702
34910000 4.07366
34920000 4.08674
34930000 4.07424
34940000 4.07746
34950000 4.17925
34960000 4.07964
34970000 4.14329
34980000 4.08612
34990000 4.10303
35000000 4.08466
35010000 4.11931
35020000 4.08063
35030000 4.10457
35040000 4.08046
35050000 4.08776
35060000 4.08093
35070000 4.14277
35080000 4.08138
35090000 4.10924
35100000 4.08185
35110000 4.10473
35120000 4.08227
35130000 4.09471
35140000 4.08443
35150000 4.22245
35160000 4.084
35170000 4.21257
35180000 4.08438
35190000 4.09158
35200000 4.08491
35210000 4.09066
35220000 4.08548
35230000 4.09062
35240000 4.08585
35250000 4.0909
35260000 4.0864
35270000 4.09593
35280000 4.08699
35290000 4.09396
35300000 4.08765
35310000 4.09474
35320000 4.08822
35330000 4.09316
35340000 4.08909
35350000 4.09255
35360000 4.08964
35370000 4.09284
35380000 4.17226
35390000 4.0999
35400000 4.15917
35410000 4.10385
35420000 4.14383
35430000 4.10014
35440000 4.09617
35450000 4.09602
35460000 4.12407
35470000 4.09638
35480000 4.10345
35490000 4.09636
35500000 4.10933
35510000 4.09682
35520000 4.13725
35530000 4.09718
35540000 4.1218
35550000 4.09765
35560000 4.12043
35570000 4.09816
35580000 4.10667
35590000 4.09986
35600000 4.23744
35610000 4.09981
35620000 4.22789
35630000 4.10032
35640000 4.107
35650000 4.10074
35660000 4.106
35670000 4.10129
35680000 4.10638
35690000 4.10169
35700000 4.10644
35710000 4.10222
35720000 4.11133
35730000 4.10288
35740000 4.10942
35750000 4.10352
35760000 4.10935
35770000 4.10406
35780000 4.10825
35790000 4.10484
35800000 4.10822
35810000 4.10545
35820000 4.10866
35830000 4.18778
35840000 4.11743
35850000 4.17497
35860000 4.11796
35870000 4.13659
35880000 4.11194
35890000 4.14971
35900000 4.11174
35910000 4.13614
35920000 4.11159
35930000 4.11887
35940000 4.11211
35950000 4.17347
35960000 4.11256
35970000 4.14014
35980000 4.11298
35990000 4.13588
36000000 4.11343
36010000 4.12577
36020000 4.11676
36030000 4.13247
36040000 4.1152
36050000 4.25165
36060000 4.11543
36070000 4.2427
36080000 4.11604
36090000 4.12182
36100000 4.11649
36110000 4.12158
36120000 4.11697
36130000 4.12189
36140000 4.11745
36150000 4.12701
36160000 4.11803
36170000 4.12634
36180000 4.11869
36190000 4.12505
36200000 4.1193
36210000 4.12411
36220000 4.12012
36230000 4.12362
36240000 4.12064
36250000 4.12389
36260000 4.20268
36270000 4.12433
36280000 4.22498
36290000 4.12649
36300000 4.18941
36310000 4.1311
36320000 4.14948
36330000 4.12733
36340000 4.16568
36350000 4.12749
36360000 4.15114
36370000 4.12729
36380000 4.1402
36390000 4.12777
36400000 4.17366
36410000 4.12822
36420000 4.15577
36430000 4.12865
36440000 4.15123
36450000 4.1291
36460000 4.14096
36470000 4.13082
36480000 4.26763
36490000 4.13053
36500000 4.25797
36510000 4.1312
36520000 4.13834
36530000 4.13165
36540000 4.1373
36550000 4.13225
36560000 4.13736
36570000 4.13262
36580000 4.13761
36590000 4.13316
36600000 4.14257
36610000 4.13364
36620000 4.14062
36630000 4.13438
36640000 4.1454
36650000 4.13494
36660000 4.13922
36670000 4.13578
36680000 4.13903
36690000 4.13629
36700000 4.13948
36710000 4.21805
36720000 4.14817
36730000 4.20535
36740000 4.14868
36750000 4.17639
36760000 4.14664
36770000 4.18476
36780000 4.1426
36790000 4.16914
36800000 4.14245
36810000 4.14998
36820000 4.14296
36830000 4.20381
36840000 4.14339
36850000 4.1834
36860000 4.14378
36870000 4.16812
36880000 4.14422
36890000 4.15644
36900000 4.14473
36910000 4.15312
36920000 4.1464
36930000 4.28241
36940000 4.14635
36950000 4.2726
36960000 4.14679
36970000 4.153
36980000 4.14727
36990000 4.15236
37000000 4.14772
37010000 4.15252
37020000 4.14821
37030000 4.16968
37040000 4.14874
37050000 4.15708
37060000 4.14941
37070000 4.15576
37080000 4.15004
37090000 4.15578
37100000 4.15054
37110000 4.15461
37120000 4.15132
37130000 4.16414
37140000 4.15191
37150000 4.15505
37160000 4.25497
37170000 4.16374
37180000 4.22065
37190000 4.16425
37200000 4.18211
37210000 4.1583
37220000 4.19568
37230000 4.15811
37240000 4.18223
37250000 4.1579
37260000 4.16508
37270000 4.15845
37280000 4.21912
37290000 4.15886
37300000 4.18619
37310000 4.15933
37320000 4.18182
37330000 4.15974
37340000 4.17191
37350000 4.16307
37360000 4.29736
37370000 4.16143
37380000 4.297
37390000 4.16173
37400000 4.2876
37410000 4.16228
37420000 4.16795
37430000 4.16276
37440000 4.16781
37450000 4.16317
37460000 4.16814
37470000 4.16373
37480000 4.17313
37490000 4.16429
37500000 4.17176
37510000 4.16493
37520000 4.17105
37530000 4.16553
37540000 4.17033
37550000 4.16637
37560000 4.16974
37570000 4.16687
37580000 4.17001
37590000 4.24802
37600000 4.17048
37610000 4.23515
37620000 4.17266
37630000 4.23485
37640000 4.17715
37650000 4.17328
37660000 4.17346
37670000 4.20066
37680000 4.17354
37690000 4.18068
37700000 4.17338
37710000 4.18617
37720000 4.17389
37730000 4.21926
37740000 4.17431
37750000 4.19858
37760000 4.17472
37770000 4.19709
37780000 4.17519
37790000 4.18359
37800000 4.17687
37810000 4.31219
37820000 4.17676
37830000 4.30268
37840000 4.17728
37850000 4.18432
37860000 4.17772
37870000 4.1832
37880000 4.17828
37890000 4.18325
37900000 4.17865
37910000 4.18354
37920000 4.17914
37930000 4.18808
37940000 4.1798
37950000 4.18652
37960000 4.1804
37970000 4.18615
37980000 4.18095
37990000 4.18503
38000000 4.18175
38010000 4.18502
38020000 4.18228
38030000 4.18544
38040000 4.26315
38050000 4.19403
38060000 4.25053
38070000 4.1946
38080000 4.21286
38090000 4.18864
38100000 4.23022
38110000 4.18843
38120000 4.21326
38130000 4.18835
38140000 4.19576
38150000 4.18879
38160000 4.24903
38170000 4.18928
38180000 4.22874
38190000 4.18965
38200000 4.21251
38210000 4.19008
38220000 4.20218
38230000 4.19058
38240000 4.1987
38250000 4.19179
38260000 4.32665
38270000 4.19202
38280000 4.31703
38290000 4.19262
38300000 4.19824
38310000 4.19304
38320000 4.19807
38330000 4.19354
38340000 4.19823
38350000 4.19402
38360000 4.20357
38370000 4.19455
38380000 4.20271
38390000 4.19519
38400000 4.20147
38410000 4.19581
38420000 4.20062
38430000 4.1966
38440000 4.20032
38450000 4.19706
38460000 4.20974
38470000 4.19762
38480000 4.20073
38490000 4.29961
38500000 4.20284
38510000 4.26465
38520000 4.20913
38530000 4.22554
38540000 4.2077
38550000 4.24133
38560000 4.20378
38570000 4.22702
38580000 4.20361
38590000 4.21069
38600000 4.20406
38610000 4.26411
38620000 4.20449
38630000 4.23153
38640000 4.20494
38650000 4.22714
38660000 4.20533
38670000 4.2174
38680000 4.20735
38690000 4.34153
38700000 4.207
38710000 4.33191
38720000 4.20735
38730000 4.21434
38740000 4.20787
38750000 4.21343
38760000 4.20841
38770000 4.21339
38780000 4.20876
38790000 4.21366
38800000 4.2093
38810000 4.21854
38820000 4.20985
38830000 4.21661
38840000 4.21049
38850000 4.21736
38860000 4.21104
38870000 4.21581
38880000 4.21187
38890000 4.21522
38900000 4.2124
38910000 4.21549
38920000 4.29265
38930000 4.22234
38940000 4.27991
38950000 4.22617
38960000 4.265
38970000 4.22255
38980000 4.21868
38990000 4.21856
39000000 4.24579
39010000 4.2189
39020000 4.22575
39030000 4.21886
39040000 4.23145
39050000 4.21931
39060000 4.25857
39070000 4.21965
39080000 4.24355
39090000 4.2201
39100000 4.24221
39110000 4.22058
39120000 4.22884
39130000 4.22223
39140000 4.35594
39150000 4.22217
39160000 4.34621
39170000 4.22265
39180000 4.22913
39190000 4.22306
39200000 4.22815
39210000 4.22359
39220000 4.22852
39230000 4.22397
39240000 4.22856
39250000 4.22447
39260000 4.2333
39270000 4.22511
39280000 4.23144
39290000 4.22572
39300000 4.23137
39310000 4.22624
39320000 4.23029
39330000 4.22699
39340000 4.23026
39350000 4.22757
39360000 4.2307
39370000 4.30756
39380000 4.23919
39390000 4.29509
39400000 4.23969
39410000 4.25774
39420000 4.23384
39430000 4.27052
39440000 4.23363
39450000 4.25733
39460000 4.23349
39470000 4.24055
39480000 4.23398
39490000 4.29359
39500000 4.23442
39510000 4.2612
39520000 4.23481
39530000 4.25705
39540000 4.23524
39550000 4.24722
39560000 4.23847
39570000 4.25372
39580000 4.23694
39590000 4.36959
39600000 4.23715
39610000 4.36087
39620000 4.23774
39630000 4.24335
39640000 4.23818
39650000 4.24311
39660000 4.23863
39670000 4.2434
39680000 4.23909
39690000 4.24836
39700000 4.23965
39710000 4.24771
39720000 4.24028
39730000 4.24644
39740000 4.24086
39750000 4.24552
39760000 4.24165
39770000 4.24498
39780000 4.24216
39790000 4.24529
39800000 4.32188
39810000 4.2457
39820000 4.34356
39830000 4.2478
39840000 4.30895
39850000 4.25228
39860000 4.27013
39870000 4.24861
39880000 4.27533
39890000 4.24875
39900000 4.27173
39910000 4.24855
39920000 4.26109
39930000 4.24901
39940000 4.29361
39950000 4.24944
39960000 4.2762
39970000 4.24985
39980000 4.27178
39990000 4.25028
40000000 4.2618
40010000 4.25194
40020000 4.38495
40030000 4.25165
40040000 4.37556
40050000 4.2523
40060000 4.25921
40070000 4.25273
40080000 4.25819
40090000 4.2533
40100000 4.25826
40110000 4.25365
40120000 4.25849
40130000 4.25417
40140000 4.2633
40150000 4.25463
40160000 4.2614
40170000 4.25534
40180000 4.26603
40190000 4.25587
40200000 4.26002
40210000 4.25668
40220000 4.25983
40230000 4.25717
40240000 4.26026
40250000 4.33665
40260000 4.2687
40270000 4.32428
40280000 4.26918
40290000 4.29611
40300000 4.26719
40310000 4.30424
40320000 4.26326
40330000 4.28906
40340000 4.26311
40350000 4.27042
40360000 4.26359
40370000 4.32274
40380000 4.264
40390000 4.30289
40400000 4.26438
40410000 4.28802
40420000 4.26479
40430000 4.27666
40440000 4.26528
40450000 4.27342
40460000 4.2669
40470000 4.39918
40480000 4.26684
40490000 4.38961
40500000 4.26726
40510000 4.27328
40520000 4.26771
40530000 4.27265
40540000 4.26815
40550000 4.2728
40560000 4.26862
40570000 4.28947
40580000 4.26912
40590000 4.27721
40600000 4.26977
40610000 4.27592
40620000 4.27037
40630000 4.27593
40640000 4.27085
40650000 4.27479
40660000 4.2716
40670000 4.28404
40680000 4.27217
40690000 4.27521
40700000 4.37238
40710000 4.28364
40720000 4.33898
40730000 4.28414
40740000 4.30149
40750000 4.27833
40760000 4.31474
40770000 4.27815
40780000 4.30159
40790000 4.27794
40800000 4.28491
40810000 4.27846
40820000 4.33744
40830000 4.27885
40840000 4.30541
40850000 4.2793
40860000 4.30115
40870000 4.27969
40880000 4.29151
40890000 4.28292
40900000 4.41356
40910000 4.28132
40920000 4.4132
40930000 4.2816
40940000 4.40405
40950000 4.28213
40960000 4.28762
40970000 4.28259
40980000 4.28748
40990000 4.28298
41000000 4.28779
41010000 4.28351
41020000 4.29257
41030000 4.28405
41040000 4.2913
41050000 4.28467
41060000 4.2906
41070000 4.28523
41080000 4.2899
41090000 4.28605
41100000 4.28931
41110000 4.28653
41120000 4.28956
41130000 4.36544
41140000 4.29
41150000 4.35291
41160000 4.29213
41170000 4.35261
41180000 4.2965
41190000 4.29271
41200000 4.29289
41210000 4.31933
41220000 4.29296
41230000 4.29989
41240000 4.2928
41250000 4.30522
41260000 4.29328
41270000 4.3374
41280000 4.29368
41290000 4.31727
41300000 4.29407
41310000 4.31581
41320000 4.29452
41330000 4.30268
41340000 4.29615
41350000 4.42782
41360000 4.29603
41370000 4.41849
41380000 4.29653
41390000 4.30335
41400000 4.29695
41410000 4.30227
41420000 4.29748
41430000 4.3023
41440000 4.29782
41450000 4.30258
41460000 4.2983
41470000 4.30699
41480000 4.29894
41490000 4.30546
41500000 4.29952
41510000 4.3051
41520000 4.30004
41530000 4.304
41540000 4.30081
41550000 4.30398
41560000 4.30132
41570000 4.30438
41580000 4.37998
41590000 4.31273
41600000 4.36769
41610000 4.31327
41620000 4.33102
41630000 4.30747
41640000 4.3479
41650000 4.30725
41660000 4.3314
41670000 4.30717
41680000 4.31437
41690000 4.30759
41700000 4.36619
41710000 4.30806
41720000 4.34644
41730000 4.30841
41740000 4.33063
41750000 4.30882
41760000 4.32058
41770000 4.3093
41780000 4.31719
41790000 4.31046
41800000 4.44171
41810000 4.31068
41820000 4.43234
41830000 4.31125
41840000 4.31671
41850000 4.31165
41860000 4.31653
41870000 4.31213
41880000 4.31668
41890000 4.3126
41900000 4.32186
41910000 4.3131
41920000 4.32102
41930000 4.31372
41940000 4.31981
41950000 4.31431
41960000 4.31898
41970000 4.31507
41980000 4.31863
41990000 4.31551
42000000 4.32783
42010000 4.31605
42020000 4.31905
42030000 4.41529
42040000 4.3211
42050000 4.38123
42060000 4.32721
42070000 4.34317
42080000 4.32581
42090000 4.35853
42100000 4.322
42110000 4.34459
42120000 4.32182
42130000 4.3287
42140000 4.32225
42150000 4.38066
42160000 4.32265
42170000 4.34896
42180000 4.32308
42190000 4.34462
42200000 4.32348
42210000 4.33519
42220000 4.32541
42230000 4.45603
42240000 4.32507
42250000 4.44666
42260000 4.3254
42270000 4.33218
42280000 4.32589
42290000 4.3313
42300000 4.32641
42310000 4.33125
42320000 4.32675
42330000 4.3315
42340000 4.32726
42350000 4.33624
42360000 4.3277
42370000 4.33435
42380000 4.3284
42390000 4.33507
42400000 4.32893
42410000 4.33356
42420000 4.32973
42430000 4.33298
42440000 4.33024
42450000 4.33323
42460000 4.40834
42470000 4.33988
42480000 4.39591
42490000 4.34361
42500000 4.38139
42510000 4.34008
42520000 4.3363
42530000 4.33618
42540000 4.36268
42550000 4.3365
42560000 4.34317
42570000 4.33646
42580000 4.34871
42590000 4.33689
42600000 4.37509
42610000 4.33721
42620000 4.36046
42630000 4.33764
42640000 4.35915
42650000 4.3381
42660000 4.34613
42670000 4.3397
42680000 4.46989
42690000 4.33963
42700000 4.4604
42710000 4.34009
42720000 4.34638
42730000 4.34048
42740000 4.34542
42750000 4.34099
42760000 4.34577
42770000 4.34135
42780000 4.34581
42790000 4.34183
42800000 4.35041
42810000 4.34244
42820000 4.34859
42830000 4.34301
42840000 4.34852
42850000 4.34352
42860000 4.34745
42870000 4.34425
42880000 4.34741
42890000 4.3448
42900000 4.34783
42910000 4.42267
42920000 4.35609
42930000 4.41051
42940000 4.35657
42950000 4.37413
42960000 4.35086
42970000 4.38657
42980000 4.35066
42990000 4.37372
43000000 4.35051
43010000 4.35737
43020000 4.35098
43030000 4.409
43040000 4.35139
43050000 4.37745
43060000 4.35177
43070000 4.37341
43080000 4.35216
43090000 4.36383
43100000 4.35531
43110000 4.37015
43120000 4.35382
43130000 4.48301
43140000 4.35402
43150000 4.4745
43160000 4.35455
43170000 4.36002
43180000 4.355
43190000 4.35978
43200000 4.35543
43210000 4.36006
43220000 4.35587
43230000 4.36488
43240000 4.3564
43250000 4.36423
43260000 4.35701
43270000 4.363
43280000 4.35757
43290000 4.36209
43300000 4.35833
43310000 4.36156
43320000 4.35881
43330000 4.36183
43340000 4.43643
43350000 4.36223
43360000 4.45755
43370000 4.36428
43380000 4.42381
43390000 4.36862
43400000 4.38599
43410000 4.36504
43420000 4.39105
43430000 4.36517
43440000 4.38755
43450000 4.36492
43460000 4.37717
43470000 4.36542
43480000 4.40883
43490000 4.36582
43500000 4.39186
43510000 4.36621
43520000 4.38755
43530000 4.36662
43540000 4.37781
43550000 4.36823
43560000 4.4978
43570000 4.36794
43580000 4.48863
43590000 4.36856
43600000 4.37528
43610000 4.36897
43620000 4.37427
43630000 4.36949
43640000 4.37425
43650000 4.36985
43660000 4.37452
43670000 4.37035
43680000 4.37923
43690000 4.37078
43700000 4.37737
43710000 4.37147
43720000 4.38187
43730000 4.37198
43740000 4.37601
43750000 4.37276
43760000 4.37581
43770000 4.37323
43780000 4.37623
43790000 4.45062
43800000 4.38443
43810000 4.43856
43820000 4.38489
43830000 4.41111
43840000 4.38295
43850000 4.41902
43860000 4.37911
43870000 4.40423
43880000 4.37896
43890000 4.38606
43900000 4.37941
43910000 4.43702
43920000 4.37981
43930000 4.41767
43940000 4.38017
43950000 4.40318
43960000 4.38056
43970000 4.39211
43980000 4.38103
43990000 4.38895
44000000 4.38259
44010000 4.51148
44020000 4.38253
44030000 4.50214
44040000 4.38293
44050000 4.38878
44060000 4.38336
44070000 4.38816
44080000 4.38378
44090000 4.3883
44100000 4.38422
44110000 4.40452
44120000 4.38471
44130000 4.39258
44140000 4.38532
44150000 4.39131
44160000 4.38591
44170000 4.39131
44180000 4.38637
44190000 4.39019
44200000 4.38709
44210000 4.39919
44220000 4.38763
44230000 4.39058
44240000 4.48525
44250000 4.39878
44260000 4.45269
44270000 4.39926
44280000 4.41615
44290000 4.39359
44300000 4.42905
44310000 4.39341
44320000 4.41624
44330000 4.3932
44340000 4.39998
44350000 4.3937
44360000 4.45115
44370000 4.39407
44380000 4.41992
44390000 4.3945
44400000 4.41577
44410000 4.39486
44420000 4.40637
44430000 4.398
44440000 4.52532
44450000 4.39644
44460000 4.52496
44470000 4.3967
44480000 4.51601
44490000 4.39721
44500000 4.40254
44510000 4.39765
44520000 4.4024
44530000 4.39802
44540000 4.4027
44550000 4.39853
44560000 4.40734
44570000 4.39905
44580000 4.40609
44590000 4.39964
44600000 4.40541
44610000 4.40018
44620000 4.4047
44630000 4.40097
44640000 4.40413
44650000 4.40143
44660000 4.40437
44670000 4.47831
44680000 4.40479
44690000 4.46607
44700000 4.40685
44710000 4.46577
44720000 4.4111
44730000 4.40742
44740000 4.40758
44750000 4.43333
44760000 4.40764
44770000 4.41431
44780000 4.40747
44790000 4.41956
44800000 4.40793
44810000 4.45091
44820000 4.40831
44830000 4.4313
44840000 4.40869
44850000 4.42986
44860000 4.40911
44870000 4.41705
44880000 4.41069
44890000 4.53903
44900000 4.41057
44910000 4.52992
44920000 4.41104
44930000 4.41768
44940000 4.41144
44950000 4.41661
44960000 4.41195
44970000 4.41664
44980000 4.41227
44990000 4.4169
45000000 4.41274
45010000 4.42118
45020000 4.41335
45030000 4.41969
45040000 4.4139
45050000 4.41932
45060000 4.4144
45070000 4.41824
45080000 4.41514
45090000 4.41822
45100000 4.41564
45110000 4.41861
45120000 4.49229
45130000 4.42673
45140000 4.48028
45150000 4.42725
45160000 4.44453
45170000 4.42158
45180000 4.45671
45190000 4.42137
45200000 4.44489
45210000 4.42128
45220000 4.42829
45230000 4.42168
45240000 4.47878
45250000 4.42213
45260000 4.45952
45270000 4.42248
45280000 4.44411
45290000 4.42285
45300000 4.4343
45310000 4.4233
45320000 4.43098
45330000 4.42443
45340000 4.5524
45350000 4.42464
45360000 4.54324
45370000 4.42519
45380000 4.43049
45390000 4.42557
45400000 4.43031
45410000 4.42602
45420000 4.43054
45430000 4.42647
45440000 4.43549
45450000 4.42695
45460000 4.43465
45470000 4.42755
45480000 4.43347
45490000 4.42812
45500000 4.43265
45510000 4.42885
45520000 4.4323
45530000 4.42926
45540000 4.44126
45550000 4.42978
45560000 4.43269
45570000 4.52652
45580000 4.43468
45590000 4.49329
45600000 4.44063
45610000 4.45617
45620000 4.43925
45630000 4.47114
45640000 4.43553
45650000 4.45755
45660000 4.43535
45670000 4.44191
45680000 4.43576
45690000 4.49269
45700000 4.43614
45710000 4.46178
45720000 4.43655
45730000 4.45753
45740000 4.43693
45750000 4.44834
45760000 4.4388
45770000 4.56618
45780000 4.43846
45790000 4.55702
45800000 4.43878
45810000 4.44537
45820000 4.43925
45830000 4.4445
45840000 4.43975
45850000 4.44445
45860000 4.44006
45870000 4.44468
45880000 4.44056
45890000 4.44929
45900000 4.44097
45910000 4.44745
45920000 4.44165
45930000 4.44814
45940000 4.44215
45950000 4.44666
45960000 4.44293
45970000 4.44608
45980000 4.44341
45990000 4.44632
46000000 4.51955
46010000 4.45279
46020000 4.50741
46030000 4.45641
46040000 4.49324
46050000 4.45297
46060000 4.44926
46070000 4.44916
46080000 4.47498
46090000 4.44947
46100000 4.45596
46110000 4.44942
46120000 4.46135
46130000 4.44982
46140000 4.48706
46150000 4.45013
46160000 4.47278
46170000 4.45054
46180000 4.47149
46190000 4.45098
46200000 4.45879
46210000 4.45252
46220000 4.57951
46230000 4.45245
46240000 4.57024
46250000 4.45289
46260000 4.45898
46270000 4.45326
46280000 4.45806
46290000 4.45375
46300000 4.4584
46310000 4.4541
46320000 4.45843
46330000 4.45455
46340000 4.4629
46350000 4.45513
46360000 4.46112
46370000 4.45568
46380000 4.46105
46390000 4.45617
46400000 4.46
46410000 4.45688
46420000 4.45995
46430000 4.45741
46440000 4.46035
46450000 4.53333
46460000 4.46838
46470000 4.52145
46480000 4.46884
46490000 4.48596
46500000 4.46328
46510000 4.49808
46520000 4.46307
46530000 4.48555
46540000 4.46291
46550000 4.46959
46560000 4.46336
46570000 4.51994
46580000 4.46376
46590000 4.48916
46600000 4.46411
46610000 4.48521
46620000 4.46449
46630000 4.47586
46640000 4.46755
46650000 4.48201
46660000 4.46609
46670000 4.59212
46680000 4.46627
46690000 4.5838
46700000 4.46679
46710000 4.4721
46720000 4.46721
46730000 4.47187
46740000 4.46756
46750000 4.47213
46760000 4.46803
46770000 4.47682
46780000 4.46856
46790000 4.47618
46800000 4.46913
46810000 4.47497
46820000 4.46967
46830000 4.47407
46840000 4.4704
46850000 4.47354
46860000 4.47087
46870000 4.4738
46880000 4.54656
46890000 4.47419
46900000 4.56718
46910000 4.47617
46920000 4.53423
46930000 4.4804
46940000 4.49733
46950000 4.4769
46960000 4.50226
46970000 4.477
46980000 4.49883
46990000 4.47676
47000000 4.4887
47010000 4.47723
47020000 4.51957
47030000 4.47762
47040000 4.50301
47050000 4.47799
47060000 4.49879
47070000 4.47839
47080000 4.48929
47090000 4.47994
47100000 4.60636
47110000 4.47965
47120000 4.59741
47130000 4.48025
47140000 4.48678
47150000 4.48064
47160000 4.4858
47170000 4.48113
47180000 4.48577
47190000 4.48148
47200000 4.48602
47210000 4.48195
47220000 4.49061
47230000 4.48237
47240000 4.48878
47250000 4.48304
47260000 4.49317
47270000 4.48352
47280000 4.48732
47290000 4.48427
47300000 4.48724
47310000 4.48472
47320000 4.48763
47330000 4.56022
47340000 4.49563
47350000 4.54843
47360000 4.49607
47370000 4.52163
47380000 4.49416
47390000 4.52934
47400000 4.49041
47410000 4.51491
47420000 4.49025
47430000 4.49717
47440000 4.49068
47450000 4.54688
47460000 4.49107
47470000 4.52794
47480000 4.4914
47490000 4.51384
47500000 4.49178
47510000 4.50303
47520000 4.49223
47530000 4.49982
47540000 4.49375
47550000 4.61952
47560000 4.49367
47570000 4.6104
47580000 4.49406
47590000 4.49974
47600000 4.49447
47610000 4.49913
47620000 4.49486
47630000 4.49926
47640000 4.4953
47650000 4.51508
47660000 4.49576
47670000 4.50342
47680000 4.49635
47690000 4.50217
47700000 4.49691
47710000 4.50217
47720000 4.49735
47730000 4.50107
47740000 4.49804
47750000 4.50983
47760000 4.49856
47770000 4.50143
47780000 4.59382
47790000 4.50942
47800000 4.56201
47810000 4.50987
47820000 4.52635
47830000 4.50434
47840000 4.53892
47850000 4.50415
47860000 4.52642
47870000 4.50395
47880000 4.51055
47890000 4.50441
47900000 4.56046
47910000 4.50477
47920000 4.52999
47930000 4.50517
47940000 4.52592
47950000 4.50552
47960000 4.51675
47970000 4.50858
47980000 4.63285
47990000 4.50704
48000000 4.6325
48010000 4.50729
48020000 4.62374
48030000 4.50777
48040000 4.51297
48050000 4.5082
48060000 4.51282
48070000 4.50855
48080000 4.51311
48090000 4.50904
48100000 4.51763
48110000 4.50954
48120000 4.5164
48130000 4.51011
48140000 4.51572
48150000 4.51063
48160000 4.51502
48170000 4.51138
48180000 4.51446
48190000 4.51182
48200000 4.51468
48210000 4.58685
48220000 4.51508
48230000 4.57488
48240000 4.51709
48250000 4.57458
48260000 4.52123
48270000 4.51762
48280000 4.51778
48290000 4.5429
48300000 4.51783
48310000 4.52432
48320000 4.51765
48330000 4.52945
48340000 4.5181
48350000 4.56003
48360000 4.51846
48370000 4.54088
48380000 4.51881
48390000 4.53946
48400000 4.51922
48410000 4.52696
48420000 4.52075
48430000 4.64605
48440000 4.52062
48450000 4.63714
48460000 4.52108
48470000 4.52754
48480000 4.52145
48490000 4.52649
48500000 4.52195
48510000 4.5265
48520000 4.52225
48530000 4.52676
48540000 4.5227
48550000 4.53093
48560000 4.52328
48570000 4.52946
48580000 4.52381
48590000 4.52909
48600000 4.52429
48610000 4.52803
48620000 4.52501
48630000 4.528
48640000 4.52548
48650000 4.52837
48660000 4.60029
48670000 4.53628
48680000 4.58855
48690000 4.53678
48700000 4.55364
48710000 4.53124
48720000 4.56552
48730000 4.53103
48740000 4.55398
48750000 4.53091
48760000 4.53776
48770000 4.53131
48780000 4.58704
48790000 4.53174
48800000 4.56823
48810000 4.53207
48820000 4.55318
48830000 4.53243
48840000 4.54359
48850000 4.53542
48860000 4.54035
48870000 4.53395
48880000 4.65891
48890000 4.53415
48900000 4.64995
48910000 4.53467
48920000 4.53983
48930000 4.53504
48940000 4.53965
48950000 4.53547
48960000 4.53985
48970000 4.5359
48980000 4.54469
48990000 4.53636
49000000 4.54387
49010000 4.53693
49020000 4.5427
49030000 4.53748
49040000 4.54189
49050000 4.53818
49060000 4.54154
49070000 4.53858
49080000 4.55028
49090000 4.53907
49100000 4.5419
49110000 4.63353
49120000 4.54384
49130000 4.60105
49140000 4.54964
49150000 4.56479
49160000 4.54456
49170000 4.5794
49180000 4.54464
49190000 4.56613
49200000 4.54445
49210000 4.55085
49220000 4.54485
49230000 4.58675
49240000 4.54521
49250000 4.57023
49260000 4.5456
49270000 4.56607
49280000 4.54596
49290000 4.55709
49300000 4.54778
49310000 4.67218
49320000 4.54744
49330000 4.66322
49340000 4.54774
49350000 4.55416
49360000 4.54819
49370000 4.5533
49380000 4.54867
49390000 4.55325
49400000 4.54897
49410000 4.55346
49420000 4.54944
49430000 4.55796
49440000 4.54984
49450000 4.55615
49460000 4.5505
49470000 4.55681
49480000 4.55097
49490000 4.55536
49500000 4.55172
49510000 4.55479
49520000 4.55219
49530000 4.55501
49540000 4.62652
49550000 4.56132
49560000 4.61488
49570000 4.56485
49580000 4.60081
49590000 4.56147
49600000 4.55785
49610000 4.55775
49620000 4.58295
49630000 4.55804
49640000 4.56437
49650000 4.55798
49660000 4.56962
49670000 4.55836
49680000 4.59472
49690000 4.55866
49700000 4.58077
49710000 4.55905
49720000 4.5795
49730000 4.55947
49740000 4.56709
49750000 4.56097
49760000 4.68501
49770000 4.56089
49780000 4.67594
49790000 4.56131
49800000 4.56724
49810000 4.56166
49820000 4.56634
49830000 4.56211
49840000 4.56665
49850000 4.56245
49860000 4.56668
49870000 4.56289
49880000 4.57103
49890000 4.56346
49900000 4.56929
49910000 4.56398
49920000 4.56921
49930000 4.56445
49940000 4.56817
49950000 4.56513
49960000 4.57681
49970000 4.56564
49980000 4.5685
49990000 4.63979
50000000 4.57633
