1 13.9884
2 17.3069
3 15.9238
4 12.9723
5 10.4435
6 8.80229
7 7.59137
8 6.34136
9 5.14662
10 4.04356
11 3.04107
12 2.38548
13 2.16364
14 2.21764
15 2.39867
16 2.59192
17 2.61815
18 2.44184
19 2.19296
20 1.98364
21 1.8638
22 1.8206
23 1.78286
24 1.69932
25 1.58286
26 1.49665
27 1.49049
28 1.53775
29 1.58358
30 1.59335
31 1.56495
32 1.51978
33 1.48912
34 1.48618
35 1.50072
36 1.51474
37 1.51678
38 1.50803
39 1.49736
40 1.49405
41 1.50056
42 1.51109
43 1.51875
44 1.5201
45 1.51743
46 1.51474
47 1.51553
48 1.51967
49 1.5249
50 1.52863
51 1.53015
52 1.53038
53 1.5311
54 1.5331
55 1.53629
56 1.53948
57 1.54199
58 1.54356
59 1.54486
60 1.54638
61 1.54847
62 1.55084
63 1.55315
64 1.55509
65 1.55673
66 1.55825
67 1.55993
68 1.56174
69 1.56365
70 1.56543
71 1.56709
72 1.56858
73 1.57007
74 1.57158
75 1.57315
76 1.57469
77 1.57619
78 1.57759
79 1.57896
80 1.58028
81 1.58164
82 1.58296
83 1.58429
84 1.58556
85 1.5868
86 1.588
87 1.5892
88 1.59037
89 1.59155
90 1.59269
91 1.59382
92 1.59491
93 1.596
94 1.59706
95 1.59813
96 1.59917
97 1.6002
98 1.60121
99 1.60221
100 1.60319
101 1.60417
102 1.60514
103 1.6061
104 1.60704
105 1.60798
106 1.6089
107 1.60982
108 1.61073
109 1.61164
110 1.61253
111 1.61342
112 1.61431
113 1.61519
114 1.61606
115 1.61693
116 1.61779
117 1.61865
118 1.61951
119 1.62036
120 1.62121
121 1.62205
122 1.6229
123 1.62374
124 1.62458
125 1.62541
126 1.62625
127 1.62708
128 1.62792
129 1.62875
130 1.62958
131 1.63041
132 1.63124
133 1.63207
134 1.6329
135 1.63373
136 1.63456
137 1.63539
138 1.63622
139 1.63705
140 1.63789
141 1.63872
142 1.63956
143 1.64039
144 1.64123
145 1.64207
146 1.64291
147 1.64376
148 1.6446
149 1.64545
150 1.6463
151 1.64715
152 1.648
153 1.64885
154 1.64971
155 1.65057
156 1.65143
157 1.6523
158 1.65317
159 1.65404
160 1.65491
161 1.65579
162 1.65667
163 1.65755
164 1.65843
165 1.65932
166 1.66021
167 1.6611
168 1.662
169 1.6629
170 1.6638
171 1.66471
172 1.66562
173 1.66653
174 1.66745
175 1.66837
176 1.66929
177 1.67022
178 1.67115
179 1.67208
180 1.67302
181 1.67396
182 1.6749
183 1.67585
184 1.6768
185 1.67775
186 1.67871
187 1.67967
188 1.68064
189 1.68161
190 1.68258
191 1.68355
192 1.68453
193 1.68551
194 1.6865
195 1.68749
196 1.68848
197 1.68948
198 1.69048
199 1.69148
200 1.69249
