1 14.2516
2 17.5565
3 16.2482
4 13.4199
5 11.049
6 9.57644
7 8.52978
8 7.49641
9 6.58225
10 5.82539
11 5.24868
12 4.97631
13 4.93627
14 5.03137
15 5.17266
16 5.32586
17 5.39679
18 5.37162
19 5.32114
20 5.29752
21 5.30956
22 5.3518
23 5.39434
24 5.42237
25 5.44259
26 5.47179
27 5.52477
28 5.58952
29 5.6552
30 5.70879
31 5.75232
32 5.79075
33 5.83276
34 5.8821
35 5.93415
36 5.98709
37 6.03501
38 6.08106
39 6.12547
40 6.17171
41 6.21971
42 6.26837
43 6.31587
44 6.36154
45 6.40584
46 6.44991
47 6.49424
48 6.53932
49 6.58396
50 6.62826
