1 15.1875
2 10.0372
3 7.77188
4 7.05555
5 6.57639
6 6.04673
7 5.60171
8 5.35922
9 5.23271
10 5.16661
11 5.11457
12 5.0189
13 4.88688
14 4.74502
15 4.60725
16 4.48338
17 4.3966
18 4.35097
19 4.32103
20 4.29026
21 4.25258
22 4.21249
23 4.17582
24 4.14851
25 4.12625
26 4.1038
27 4.07602
28 4.04606
29 4.01754
30 3.99443
31 3.97631
32 3.96163
33 3.94656
34 3.93027
35 3.91287
36 3.89669
37 3.88212
38 3.86966
39 3.8578
40 3.84601
41 3.83363
42 3.82149
43 3.8099
44 3.79953
45 3.78979
46 3.78063
47 3.77129
48 3.76215
49 3.75301
50 3.74452
51 3.73635
52 3.72876
53 3.72124
54 3.71396
55 3.70669
56 3.69975
57 3.693
58 3.68666
59 3.68044
60 3.6745
61 3.66858
62 3.6629
63 3.65731
64 3.65201
65 3.64682
66 3.64187
67 3.63698
68 3.63229
69 3.62766
70 3.62324
71 3.6189
72 3.61477
73 3.61069
74 3.60679
75 3.60295
76 3.59927
77 3.59565
78 3.5922
79 3.58881
80 3.58556
81 3.58237
82 3.57931
83 3.57631
84 3.57344
85 3.57063
86 3.56794
87 3.5653
88 3.56278
89 3.56031
90 3.55794
91 3.55563
92 3.55342
93 3.55126
94 3.5492
95 3.54718
96 3.54526
97 3.54338
98 3.54159
99 3.53985
100 3.53818
101 3.53657
102 3.53503
103 3.53353
104 3.53211
105 3.53073
106 3.52942
107 3.52815
108 3.52695
109 3.52579
110 3.5247
111 3.52364
112 3.52264
113 3.52168
114 3.52078
115 3.51992
116 3.51911
117 3.51834
118 3.51762
119 3.51694
120 3.5163
121 3.51571
122 3.51516
123 3.51464
124 3.51417
125 3.51373
126 3.51333
127 3.51297
128 3.51265
129 3.51236
130 3.51211
131 3.5119
132 3.51172
133 3.51157
134 3.51145
135 3.51137
136 3.51132
137 3.5113
138 3.51131
139 3.51135
140 3.51142
141 3.51152
142 3.51165
143 3.51181
144 3.512
145 3.51221
146 3.51245
147 3.51271
148 3.51301
149 3.51333
150 3.51367
151 3.51404
152 3.51443
153 3.51485
154 3.51529
155 3.51575
156 3.51624
157 3.51675
158 3.51728
159 3.51783
160 3.51841
161 3.519
162 3.51962
163 3.52025
164 3.52091
165 3.52159
166 3.52228
167 3.523
168 3.52374
169 3.52449
170 3.52526
171 3.52605
172 3.52686
173 3.52768
174 3.52852
175 3.52938
176 3.53026
177 3.53115
178 3.53206
179 3.53299
180 3.53393
181 3.53488
182 3.53586
183 3.53684
184 3.53784
185 3.53886
186 3.53989
187 3.54094
188 3.542
189 3.54307
190 3.54416
191 3.54526
192 3.54637
193 3.5475
194 3.54864
195 3.54979
196 3.55095
197 3.55213
198 3.55332
199 3.55452
200 3.55573
