1 494.422
2 345.632
3 270.348
4 241.896
5 216.372
6 186.966
7 161.008
8 147.915
9 146.414
10 150.267
11 153.002
12 150.008
13 140.866
14 127.159
15 110.675
16 94.8646
17 85.302
18 82.8723
19 82.3856
20 80.337
21 76.0625
22 70.5431
23 65.2672
24 61.628
25 59.5132
26 57.7305
27 55.0686
28 51.429
29 47.5913
30 44.5774
31 42.7856
32 41.7685
33 40.5008
34 38.5816
35 36.1462
36 33.9551
37 32.3491
38 31.3871
39 30.5462
40 29.4616
41 27.9548
42 26.2766
43 24.7286
44 23.6083
45 22.7958
46 22.1363
47 21.2831
48 20.286
49 19.1596
50 18.2022
51 17.3991
52 16.7999
53 16.1809
54 15.5405
55 14.7939
56 14.0964
57 13.4432
58 12.9451
59 12.4659
60 12.0406
61 11.5252
62 11.0455
63 10.5324
64 10.1377
65 9.75178
66 9.4494
67 9.09611
68 8.77438
69 8.40536
70 8.10561
71 7.79618
72 7.57065
73 7.31153
74 7.10636
75 6.8467
76 6.6454
77 6.40939
78 6.24661
79 6.05272
80 5.91664
81 5.73767
82 5.6071
83 5.44053
84 5.32942
85 5.18852
86 5.10049
87 4.97545
88 4.897
89 4.78017
90 4.71175
91 4.61036
92 4.55618
93 4.46976
94 4.42371
95 4.34559
96 4.30482
97 4.23547
98 4.20294
99 4.14333
100 4.11781
101 4.06473
102 4.04325
103 3.99557
104 3.97824
105 3.93681
106 3.92345
107 3.88734
108 3.87639
109 3.8443
110 3.83536
111 3.80713
112 3.80045
113 3.77561
114 3.77067
115 3.74838
116 3.74466
117 3.72473
118 3.7221
119 3.70451
120 3.70268
121 3.68705
122 3.68572
123 3.67173
124 3.67085
125 3.65833
126 3.6579
127 3.64664
128 3.64652
129 3.63629
130 3.63639
131 3.62712
132 3.62737
133 3.619
134 3.61931
135 3.61173
136 3.61205
137 3.60515
138 3.60549
139 3.59919
140 3.59954
141 3.59375
142 3.5941
143 3.58877
144 3.58909
145 3.58417
146 3.58445
147 3.57992
148 3.58014
149 3.57596
150 3.57611
151 3.57224
152 3.57234
153 3.56874
154 3.56879
155 3.56543
156 3.56543
157 3.56229
158 3.56224
159 3.5593
160 3.5592
161 3.55645
162 3.55629
163 3.55371
164 3.5535
165 3.55108
166 3.55082
167 3.54854
168 3.54825
169 3.54609
170 3.54576
171 3.54372
172 3.54336
173 3.54143
174 3.54103
175 3.5392
176 3.53878
177 3.53704
178 3.53658
179 3.53493
180 3.53445
181 3.53288
182 3.53238
183 3.53088
184 3.53036
185 3.52892
186 3.5284
187 3.52702
188 3.52647
189 3.52515
190 3.5246
191 3.52333
192 3.52277
193 3.52155
194 3.52098
195 3.51981
196 3.51923
197 3.5181
198 3.51751
199 3.51643
200 3.51584
