10000 21.0861
20000 16.701
30000 14.6308
40000 11.5519
50000 10.0888
60000 9.17778
70000 8.34206
80000 7.38063
90000 6.59354
100000 6.19883
110000 5.66096
120000 5.13009
130000 4.86752
140000 4.55692
150000 4.09214
160000 3.82041
170000 3.73439
180000 3.58163
190000 3.41552
200000 3.26872
210000 3.2195
220000 3.55238
230000 2.86949
240000 2.82012
250000 2.77461
260000 2.68354
270000 2.62096
280000 2.58136
290000 2.48538
300000 2.42774
310000 2.40265
320000 2.382
330000 2.32108
340000 2.45835
350000 2.25979
360000 2.19601
370000 2.16548
380000 2.15768
390000 2.1395
400000 2.13935
410000 2.05511
420000 2.05361
430000 2.0313
440000 1.98299
450000 1.98678
460000 1.96397
470000 1.91212
480000 1.89782
490000 1.90031
500000 1.88583
510000 2.66142
520000 1.87897
530000 1.82976
540000 1.77947
550000 1.76951
560000 1.78437
570000 1.76895
580000 1.7392
590000 1.71174
600000 1.72549
610000 1.71175
620000 1.67462
630000 1.69735
640000 1.67651
650000 1.62881
660000 1.80863
670000 1.64156
680000 1.63236
690000 1.60426
700000 1.64631
710000 1.59995
720000 1.55037
730000 1.54834
740000 1.57469
750000 1.56484
760000 1.54159
770000 1.51706
780000 1.53758
790000 1.5256
800000 1.49212
810000 1.52352
820000 1.5074
830000 1.98242
840000 1.54989
850000 1.48491
860000 1.4769
870000 1.44585
880000 1.49406
890000 1.45799
900000 1.40737
910000 1.40968
920000 1.44143
930000 1.43271
940000 1.41526
950000 1.4545
960000 1.41599
970000 1.40271
980000 1.3721
990000 1.40932
1000000 1.39347
1010000 1.41896
1020000 1.36555
1030000 1.37932
1040000 1.37127
1050000 1.34052
1060000 1.39412
1070000 1.35879
1080000 1.30776
1090000 1.31226
1100000 1.34832
1110000 1.34091
1120000 1.84027
1130000 1.32531
1140000 1.32871
1150000 1.31381
1160000 1.286
1170000 1.32517
1180000 1.31265
1190000 1.31025
1200000 1.28418
1210000 1.30221
1220000 1.29447
1230000 1.26524
1240000 1.32274
1250000 1.28725
1260000 1.23445
1270000 1.24051
1280000 1.27968
1290000 1.27256
1300000 1.26891
1310000 1.24263
1320000 1.2646
1330000 1.21047
1340000 1.22027
1350000 1.26245
1360000 1.25143
1370000 1.23222
1380000 1.35797
1390000 1.24453
1400000 1.23633
1410000 1.2079
1420000 1.2661
1430000 1.23227
1440000 1.17845
1450000 1.1858
1460000 1.22727
1470000 1.22056
1480000 1.19629
1490000 2.09548
1500000 1.21487
1510000 1.15883
1520000 1.17018
1530000 1.21435
1540000 1.20454
1550000 2.24555
1560000 1.16311
1570000 1.19962
1580000 1.19101
1590000 1.16303
1600000 1.21034
1610000 1.18986
1620000 1.13634
1630000 1.14261
1640000 1.18631
1650000 1.17954
1660000 2.23854
1670000 1.31398
1680000 1.17609
1690000 1.11867
1700000 1.12964
1710000 1.17597
1720000 1.16741
1730000 1.14916
1740000 1.12532
1750000 1.16425
1760000 1.15509
1770000 1.12559
1780000 1.17341
1790000 1.15593
1800000 1.10433
1810000 1.11152
1820000 1.15366
1830000 1.1469
1840000 1.12053
1850000 1.19867
1860000 1.14502
1870000 1.0876
1880000 1.09807
1890000 1.14593
1900000 1.13783
1910000 1.11977
1920000 1.09659
1930000 1.13574
1940000 1.12568
1950000 1.09436
1960000 1.14599
1970000 1.12883
1980000 1.07552
1990000 1.34691
2000000 1.12743
2010000 1.12066
2020000 1.09184
2030000 1.16835
2040000 1.12014
2050000 1.06078
2060000 1.07431
2070000 1.12149
2080000 1.11395
2090000 1.09466
2100000 1.07376
2110000 1.11285
2120000 1.10126
2130000 1.06993
2140000 1.12394
2150000 1.10677
2160000 2.80369
2170000 1.09449
2180000 1.10632
2190000 1.09926
2200000 1.06792
2210000 1.13912
2220000 1.09995
2230000 1.04059
2240000 1.0518
2250000 1.10165
2260000 1.09446
2270000 1.14129
2280000 1.1019
2290000 1.0942
2300000 1.08019
2310000 1.05024
2320000 1.10344
2330000 1.08899
2340000 1.12804
2350000 1.06325
2360000 1.08906
2370000 1.08158
2380000 1.05124
2390000 1.12355
2400000 1.08363
2410000 1.02413
2420000 1.03444
2430000 1.08555
2440000 1.07861
2450000 1.66312
2460000 1.06196
2470000 1.07906
2480000 1.02604
2490000 1.03442
2500000 1.08586
2510000 1.07439
2520000 1.06782
2530000 1.35935
2540000 1.07497
2550000 1.06712
2560000 1.03645
2570000 1.10747
2580000 1.07033
2590000 1.01035
2600000 1.02151
2610000 1.07239
2620000 1.06566
2630000 1.04564
2640000 1.03814
2650000 1.06663
2660000 1.00441
2670000 1.02011
2680000 1.07285
2690000 1.06254
2700000 2.17373
2710000 1.02805
2720000 1.0636
2730000 1.05526
2740000 1.0275
2750000 1.08333
2760000 1.05948
2770000 0.999869
2780000 1.01271
2790000 1.06163
2800000 1.05492
2810000 1.02818
2820000 1.38735
2830000 1.05647
2840000 0.993826
2850000 1.00939
2860000 1.06206
2870000 1.05278
2880000 1.11851
2890000 1.01027
2900000 1.05429
2910000 1.04526
2920000 1.01656
2930000 1.07277
2940000 1.05056
2950000 0.995551
2960000 1.01034
2970000 1.05276
2980000 1.04595
2990000 2.17246
3000000 1.1137
3010000 1.04811
3020000 0.986811
3030000 0.999405
3040000 1.05317
3050000 1.04486
3060000 1.02556
3070000 1.00481
3080000 1.04656
3090000 1.03684
3100000 1.00397
3110000 1.06265
3120000 1.04323
3130000 0.987058
3140000 1.2779
3150000 1.04541
3160000 1.03861
3170000 1.0173
3180000 1.09885
3190000 1.04136
3200000 0.978167
3210000 0.991039
3220000 1.04624
3230000 1.03835
3240000 1.02035
3250000 0.997291
3260000 1.0403
3270000 1.0292
3280000 0.996077
3290000 1.05467
3300000 1.03724
3310000 1.66131
3320000 1.12023
3330000 1.03957
3340000 1.03259
3350000 1.00211
3360000 1.08031
3370000 1.03583
3380000 0.973178
3390000 0.986121
3400000 1.04044
3410000 1.03298
3420000 1.0192
3430000 1.08148
3440000 1.03515
3450000 1.02194
3460000 0.99017
3470000 1.04907
3480000 1.03232
3490000 1.07389
3500000 1.00984
3510000 1.03476
3520000 1.02746
3530000 0.995041
3540000 1.07303
3550000 1.0314
3560000 0.968973
3570000 0.981559
3580000 1.0357
3590000 1.02856
3600000 1.63143
3610000 1.02172
3620000 1.03101
3630000 1.01428
3640000 0.985564
3650000 1.04171
3660000 1.02833
3670000 1.03119
3680000 1.00355
3690000 1.03079
3700000 1.02311
3710000 0.992407
3720000 1.06939
3730000 1.02786
3740000 0.965643
3750000 0.97779
3760000 1.03185
3770000 1.02501
3780000 1.02546
3790000 0.997444
3800000 1.0276
3810000 0.964046
3820000 0.980193
3830000 1.03631
3840000 1.02512
3850000 1.0057
3860000 1.15965
3870000 1.02769
3880000 1.01957
3890000 0.989486
3900000 1.06322
3910000 1.02505
3920000 0.962938
3930000 0.975204
3940000 1.0288
3950000 1.02204
3960000 0.996783
3970000 1.99013
3980000 1.02494
3990000 0.960438
4000000 0.977029
4010000 1.03265
4020000 1.02255
4030000 2.15482
4040000 0.979732
4050000 1.02532
4060000 1.01658
4070000 0.987105
4080000 1.04516
4090000 1.02284
4100000 0.962687
4110000 0.972713
4120000 1.02638
4130000 1.01958
4140000 2.15988
4150000 1.17734
4160000 1.02277
4170000 0.958273
4180000 0.973326
4190000 1.02921
4200000 1.0206
4210000 1.00213
4220000 0.977009
4230000 1.02342
4240000 1.01406
4250000 0.983037
4260000 1.03963
4270000 1.02106
4280000 0.963929
4290000 0.97457
4300000 1.02436
4310000 1.01754
4320000 0.989965
4330000 1.07956
4340000 1.02113
4350000 0.957783
4360000 0.971506
4370000 1.02724
4380000 1.01905
4390000 1.0008
4400000 0.976662
4410000 1.02191
4420000 1.01153
4430000 0.978675
4440000 1.03784
4450000 1.01972
4460000 0.96203
4470000 1.25937
4480000 1.0229
4490000 1.01605
4500000 0.98603
4510000 1.07174
4520000 1.01994
4530000 0.955623
4540000 0.972051
4550000 1.02555
4560000 1.01795
4570000 0.998347
4580000 1.13421
4590000 1.02084
4600000 1.00889
4610000 0.976283
4620000 1.03668
4630000 1.01869
4640000 2.77055
4650000 1.00785
4660000 1.02193
4670000 1.0148
4680000 0.982269
4690000 1.06051
4700000 1.01913
4710000 0.955738
4720000 0.969093
4730000 1.02427
4740000 1.01703
4750000 1.06842
4760000 1.0274
4770000 1.02007
4780000 1.00554
4790000 0.974731
4800000 1.033
4810000 1.01805
4820000 1.06077
4830000 0.992606
4840000 1.02115
4850000 1.0136
4860000 0.982374
4870000 1.06044
4880000 1.01867
4890000 0.956008
4900000 0.967948
4910000 1.02343
4920000 1.01646
4930000 1.03819
4940000 1.00075
4950000 1.01963
4960000 0.963378
4970000 0.973833
4980000 1.02926
4990000 1.01759
5000000 1.01149
5010000 1.31626
5020000 1.02067
5030000 1.01277
5040000 0.981387
5050000 1.05694
5060000 1.01848
5070000 0.955917
5080000 0.968441
5090000 1.02289
5100000 1.01614
5110000 0.995906
5120000 0.988923
5130000 1.01938
5140000 0.95464
5150000 0.971875
5160000 1.02786
5170000 1.01746
5180000 2.15238
5190000 0.982856
5200000 1.02059
5210000 1.01223
5220000 0.984055
5230000 1.04294
5240000 1.01851
5250000 0.956928
5260000 0.971002
5270000 1.02263
5280000 1.01591
5290000 0.988751
5300000 1.35894
5310000 1.01933
5320000 0.954686
5330000 0.971509
5340000 1.02678
5350000 1.01748
5360000 1.0859
5370000 0.973625
5380000 1.02071
5390000 1.01166
5400000 0.982649
5410000 1.0413
5420000 1.0187
5430000 0.96235
5440000 0.978222
5450000 1.02249
5460000 1.01572
5470000 2.15832
5480000 1.08645
5490000 1.01946
5500000 0.956669
5510000 0.970198
5520000 1.02603
5530000 1.01775
5540000 0.998419
5550000 0.97761
5560000 1.02088
5570000 1.01115
5580000 0.97802
5590000 1.03863
5600000 1.01901
5610000 0.961826
5620000 1.25881
5630000 1.02254
5640000 1.01576
5650000 0.994446
5660000 1.0782
5670000 1.01983
5680000 0.955511
5690000 0.969117
5700000 1.02595
5710000 1.01812
5720000 1.00031
5730000 0.977083
5740000 1.02127
5750000 1.01017
5760000 0.976896
5770000 1.03699
5780000 1.01944
5790000 1.65047
5800000 1.10443
5810000 1.02291
5820000 1.01597
5830000 0.985383
5840000 1.06521
5850000 1.02031
5860000 0.956918
5870000 0.970417
5880000 1.02596
5890000 1.01856
5900000 1.00492
5910000 1.06841
5920000 1.02175
5930000 1.00853
5940000 0.976755
5950000 1.03678
5960000 1.01996
5970000 1.06232
5980000 0.997832
5990000 1.02335
6000000 1.01611
6010000 0.984399
6020000 1.06283
6030000 1.02097
6040000 0.958092
6050000 0.971134
6060000 1.02614
6070000 1.01907
6080000 1.62563
6090000 1.01277
6100000 1.02238
6110000 1.00558
6120000 0.977051
6130000 1.03394
6140000 1.02059
6150000 1.02373
6160000 1.60095
6170000 1.02383
6180000 1.01624
6190000 0.98563
6200000 1.06337
6210000 1.02176
6220000 0.959331
6230000 0.971847
6240000 1.02647
6250000 1.01972
6260000 1.02043
6270000 0.992484
6280000 1.02303
6290000 0.959335
6300000 0.975827
6310000 1.03243
6320000 1.02131
6330000 1.00204
6340000 1.15669
6350000 1.02456
6360000 1.01652
6370000 0.986597
6380000 1.06073
6390000 1.02263
6400000 0.960546
6410000 0.973078
6420000 1.027
6430000 1.02034
6440000 0.995237
6450000 1.98947
6460000 1.02385
6470000 0.959366
6480000 0.976252
6490000 1.0321
6500000 1.02211
6510000 2.15474
6520000 0.979673
6530000 1.02544
6540000 1.0168
6550000 0.987569
6560000 1.04579
6570000 1.02358
6580000 0.963638
6590000 0.973863
6600000 1.02765
6610000 1.02091
6620000 2.16059
6630000 1.17886
6640000 1.02464
6650000 0.96037
6660000 0.975591
6670000 1.03154
6680000 1.02304
6690000 1.00478
6700000 0.979936
6710000 1.02634
6720000 1.01708
6730000 0.986375
6740000 1.04293
6750000 1.02451
6760000 0.967374
6770000 0.978529
6780000 1.02825
6790000 1.02154
6800000 0.994226
6810000 1.08355
6820000 1.02556
6830000 0.962572
6840000 0.976411
6850000 1.03203
6860000 1.02396
6870000 1.00593
6880000 0.98211
6890000 1.02722
6900000 1.01697
6910000 0.984478
6920000 1.04346
6930000 1.0255
6940000 0.968275
6950000 1.26425
6960000 1.02905
6970000 1.02232
6980000 0.992624
6990000 1.07795
7000000 1.02655
7010000 0.962764
7020000 0.979218
7030000 1.03247
7040000 1.02499
7050000 1.00563
7060000 1.07426
7070000 1.02822
7080000 1.01641
7090000 0.984226
7100000 1.04446
7110000 1.02648
7120000 2.77347
7130000 1.01596
7140000 1.03002
7150000 1.02301
7160000 0.990879
7170000 1.06863
7180000 1.02761
7190000 0.964872
7200000 0.978225
7210000 1.03301
7220000 1.02588
7230000 1.07697
7240000 1.03641
7250000 1.02922
7260000 1.01483
7270000 0.984514
7280000 1.04233
7290000 1.02756
7300000 1.0702
7310000 1.00258
7320000 1.03091
7330000 1.02348
7340000 0.992715
7350000 1.0701
7360000 1.02877
7370000 0.966808
7380000 0.978767
7390000 1.03374
7400000 1.02691
7410000 1.03489
7420000 1.01154
7430000 1.0303
7440000 0.974355
7450000 0.985188
7460000 1.04008
7470000 1.02857
7480000 1.0226
7490000 1.32492
7500000 1.03186
7510000 1.0241
7520000 0.993173
7530000 1.06798
7540000 1.02998
7550000 0.968215
7560000 0.980681
7570000 1.03455
7580000 1.02793
7590000 1.00802
7600000 1.00122
7610000 1.03135
7620000 0.967447
7630000 0.984585
7640000 1.03995
7650000 1.02971
7660000 2.15823
7670000 0.995688
7680000 1.033
7690000 1.02479
7700000 0.997061
7710000 1.05529
7720000 1.03119
7730000 0.970461
7740000 0.98444
7750000 1.03545
7760000 1.02885
7770000 1.00212
7780000 1.36877
7790000 1.03242
7800000 0.968681
7810000 0.985388
7820000 1.03994
7830000 1.03081
7840000 1.09846
7850000 0.987657
7860000 1.03418
7870000 1.02524
7880000 0.996751
7890000 1.05468
7900000 1.03239
7910000 0.976903
7920000 0.992625
7930000 1.0363
7940000 1.02965
7950000 2.16494
7960000 1.09962
7970000 1.03351
7980000 0.971664
7990000 0.985076
8000000 1.04014
8010000 1.032
8020000 1.01301
8030000 0.992592
8040000 1.03525
8050000 1.02567
8060000 0.993128
8070000 1.0529
8080000 1.03357
8090000 0.977348
8100000 1.27072
8110000 1.0372
8120000 1.03055
8130000 1.00962
8140000 1.09226
8150000 1.03469
8160000 0.971386
8170000 0.984837
8180000 1.04086
8190000 1.03317
8200000 1.01437
8210000 0.992882
8220000 1.03641
8230000 1.02549
8240000 0.992814
8250000 1.05204
8260000 1.03475
8270000 1.66
8280000 1.11868
8290000 1.03829
8300000 1.03149
8310000 1.00143
8320000 1.08012
8330000 1.03588
8340000 0.97352
8350000 0.986873
8360000 1.04154
8370000 1.03429
8380000 1.0209
8390000 1.08351
8400000 1.03754
8410000 1.02454
8420000 0.993357
8430000 1.05248
8440000 1.03591
8450000 1.07769
8460000 1.01422
8470000 1.03935
8480000 1.03225
8490000 1.00093
8500000 1.07835
8510000 1.03713
8520000 0.9754
8530000 0.988196
8540000 1.0423
8550000 1.03538
8560000 1.63592
8570000 1.02926
8580000 1.03872
8590000 1.02221
8600000 0.994233
8610000 1.05021
8620000 1.03707
8630000 1.04025
8640000 1.33135
8650000 1.04034
8660000 1.0329
8670000 1.00285
8680000 1.07937
8690000 1.03841
8700000 0.97704
8710000 0.989409
8720000 1.04313
8730000 1.03651
8740000 1.03724
8750000 1.00978
8760000 1.03985
8770000 0.977261
8780000 0.993512
8790000 1.04918
8800000 1.03824
8810000 1.01933
8820000 1.17173
8830000 1.0415
8840000 1.03362
8850000 1.00425
8860000 1.07739
8870000 1.03969
8880000 0.978717
8890000 0.991116
8900000 1.04406
8910000 1.03753
8920000 1.01289
8930000 1.99838
8940000 1.04105
8950000 0.977736
8960000 0.994347
8970000 1.04923
8980000 1.03941
8990000 1.10651
9000000 0.997782
9010000 1.04275
9020000 1.03428
9030000 1.00558
9040000 1.06284
9050000 1.04099
9060000 0.982135
9070000 0.992206
9080000 1.04505
9090000 1.03844
9100000 2.16899
9110000 1.19412
9120000 1.04216
9130000 0.979031
9140000 0.99402
9150000 1.04899
9160000 1.04065
9170000 1.02274
9180000 0.998435
9190000 1.04395
9200000 1.0348
9210000 1.00473
9220000 1.06032
9230000 1.04221
9240000 0.986034
9250000 0.997103
9260000 1.04592
9270000 1.03934
9280000 1.01254
9290000 1.10028
9300000 1.04334
9310000 0.981493
9320000 0.995099
9330000 1.04975
9340000 1.04183
9350000 1.02415
9360000 1.00078
9370000 1.04507
9380000 1.03501
9390000 1.00312
9400000 1.06109
9410000 1.04343
9420000 0.987249
9430000 1.27892
9440000 1.04696
9450000 1.04035
9460000 1.0112
9470000 1.09511
9480000 1.04454
9490000 0.981922
9500000 0.998088
9510000 1.05039
9520000 1.04305
9530000 1.02405
9540000 1.09147
9550000 1.04625
9560000 1.03467
9570000 1.00309
9580000 1.06225
9590000 1.04458
9600000 2.78023
9610000 1.0343
9620000 1.04809
9630000 1.04122
9640000 1.00967
9650000 1.08609
9660000 1.04576
9670000 0.984178
9680000 0.997313
9690000 1.05108
9700000 1.0441
9710000 1.09435
9720000 1.05449
9730000 1.0474
9740000 1.03328
9750000 1.00353
9760000 1.06032
9770000 1.0458
9780000 1.08773
9790000 1.0213
9800000 1.04911
9810000 1.04183
9820000 1.01165
9830000 1.08767
9840000 1.04704
9850000 0.986237
9860000 0.997978
9870000 1.05193
9880000 1.04524
9890000 1.04571
9900000 1.03015
9910000 1.04858
9920000 0.993382
9930000 1.00432
9940000 1.05822
9950000 1.04691
9960000 1.04109
9970000 1.33924
9980000 1.05015
9990000 1.04253
10000000 1.01219
