10000 21.084
20000 16.6956
30000 14.6237
40000 11.5435
50000 10.0572
60000 9.1658
70000 8.33056
80000 7.3692
90000 6.56998
100000 6.17917
110000 5.64923
120000 5.11591
130000 4.83987
140000 4.529
150000 4.06406
160000 3.79365
170000 3.69555
180000 3.55848
190000 3.38766
200000 3.22184
210000 3.17403
220000 3.06816
230000 2.83802
240000 2.76402
250000 2.72016
260000 2.63742
270000 2.55183
280000 2.51914
290000 2.44256
300000 2.37986
310000 2.33202
320000 2.31259
330000 2.27361
340000 2.22942
350000 2.18371
360000 2.14365
370000 2.10715
380000 2.07291
390000 2.05706
400000 2.02959
410000 1.99131
420000 1.96494
430000 1.94477
440000 1.90908
450000 1.88399
460000 1.86926
470000 1.84214
480000 1.82844
490000 1.79943
500000 1.78678
510000 1.79946
520000 1.74163
530000 1.72349
540000 1.70262
550000 1.68737
560000 1.67113
570000 1.65867
580000 1.63671
590000 1.62243
600000 1.60814
610000 1.59813
620000 1.57914
630000 1.56751
640000 1.55553
650000 1.53726
660000 1.54679
670000 1.5137
680000 1.50688
690000 1.49106
700000 1.48276
710000 1.46865
720000 1.45341
730000 1.44564
740000 1.43599
750000 1.42884
760000 1.41393
770000 1.4065
780000 1.39622
790000 1.38896
800000 1.37659
810000 1.37025
820000 1.36185
830000 1.43126
840000 1.3735
850000 1.33385
860000 1.32858
870000 1.3168
880000 1.31297
890000 1.30332
900000 1.29015
910000 1.28664
920000 1.28033
930000 1.27473
940000 1.26458
950000 1.30196
960000 1.25222
970000 1.24573
980000 1.23715
990000 1.23416
1000000 1.22668
1010000 1.2241
1020000 1.21556
1030000 1.20659
1040000 1.20186
1050000 1.19333
1060000 1.19225
1070000 1.1834
1080000 1.17176
1090000 1.17058
1100000 1.16628
1110000 1.16205
1120000 1.19215
1130000 1.16362
1140000 1.14462
1150000 1.13909
1160000 1.13276
1170000 1.13075
1180000 1.12525
1190000 1.12137
1200000 1.1172
1210000 1.10953
1220000 1.10542
1230000 1.09871
1240000 1.0997
1250000 1.09165
1260000 1.08072
1270000 1.0811
1280000 1.07793
1290000 1.07417
1300000 1.06777
1310000 1.06956
1320000 1.06075
1330000 1.04953
1340000 1.05072
1350000 1.04969
1360000 1.04478
1370000 1.10662
1380000 1.4449
1390000 1.03244
1400000 1.02848
1410000 1.0234
1420000 1.02587
1430000 1.0177
1440000 1.00737
1450000 1.00911
1460000 1.00661
1470000 1.00341
1480000 0.996326
1490000 1.0075
1500000 0.992377
1510000 0.981467
1520000 0.983861
1530000 0.98358
1540000 0.979303
1550000 1.27862
1560000 0.973894
1570000 0.969165
1580000 0.965327
1590000 0.961372
1600000 0.963811
1610000 0.956937
1620000 0.947408
1630000 0.951755
1640000 0.947708
1650000 0.944599
1660000 1.01558
1670000 0.944416
1680000 0.935726
1690000 0.924849
1700000 0.928153
1710000 0.928484
1720000 0.924564
1730000 0.918087
1740000 0.920323
1750000 0.91622
1760000 0.912388
1770000 0.90916
1780000 0.912708
1790000 0.905724
1800000 0.895824
1810000 0.904549
1820000 0.898022
1830000 0.895098
1840000 0.893443
1850000 0.89743
1860000 0.887763
1870000 0.877515
1880000 0.881042
1890000 0.881807
1900000 0.878209
1910000 0.871695
1920000 0.875154
1930000 0.871173
1940000 0.867261
1950000 0.864914
1960000 0.868615
1970000 0.862172
1980000 0.852922
1990000 0.8932
2000000 0.855646
2010000 0.852762
2020000 0.869457
2030000 0.855136
2040000 0.8468
2050000 0.837315
2060000 0.840879
2070000 0.841773
2080000 0.838438
2090000 0.831887
2100000 0.835861
2110000 0.832542
2120000 0.828452
2130000 0.826664
2140000 0.83103
2150000 0.82458
2160000 0.868578
2170000 0.824911
2180000 0.819136
2190000 0.816175
2200000 0.813407
2210000 0.819244
2220000 0.811366
2230000 0.801212
2240000 0.806004
2250000 0.807061
2260000 0.803979
2270000 0.798391
2280000 0.85479
2290000 0.798995
2300000 0.794534
2310000 0.793218
2320000 0.797869
2330000 0.791998
2340000 0.797269
2350000 0.792969
2360000 0.787338
2370000 0.78428
2380000 0.782312
2390000 0.789065
2400000 0.780566
2410000 0.76978
2420000 0.775794
2430000 0.776778
2440000 0.773911
2450000 0.826549
2460000 0.784166
2470000 0.769711
2480000 0.761027
2490000 0.764319
2500000 0.768118
2510000 0.763484
2520000 0.763318
2530000 0.885601
2540000 0.759539
2550000 0.756385
2560000 0.754557
2570000 0.762046
2580000 0.753551
2590000 0.743
2600000 0.749399
2610000 0.750249
2620000 0.74753
2630000 0.74305
2640000 0.752929
2650000 0.743979
2660000 0.732337
2670000 0.739048
2680000 0.742422
2690000 0.738423
2700000 1.10737
2710000 0.770576
2720000 0.735096
2730000 0.731795
2740000 0.73033
2750000 0.737123
2760000 0.729746
2770000 0.719205
2780000 0.725775
2790000 0.726897
2800000 0.724183
2810000 0.7588
2820000 0.768784
2830000 0.721272
2840000 0.709461
2850000 0.716555
2860000 0.719967
2870000 0.716248
2880000 0.735795
2890000 0.716939
2900000 0.713434
2910000 0.709984
2920000 0.708717
2930000 0.715905
2940000 0.708612
2950000 0.698093
2960000 0.72393
2970000 0.706119
2980000 0.703457
2990000 0.799561
3000000 0.714739
3010000 0.701089
3020000 0.689178
3030000 0.696658
3040000 0.700069
3050000 0.696549
3060000 0.690702
3070000 0.697567
3080000 0.694179
3090000 0.690445
3100000 0.689607
3110000 0.696927
3120000 0.689775
3130000 0.680728
3140000 0.732009
3150000 0.687643
3160000 0.684933
3170000 0.684791
3180000 0.694103
3190000 0.683097
3200000 0.671666
3210000 0.679154
3220000 0.682292
3230000 0.678939
3240000 0.673046
3250000 0.679805
3260000 0.676954
3270000 0.672976
3280000 0.67294
3290000 0.680035
3300000 0.672939
3310000 0.819779
3320000 0.73145
3330000 0.671153
3340000 0.668356
3350000 0.666893
3360000 0.67606
3370000 0.667013
3380000 0.655368
3390000 0.663279
3400000 0.666317
3410000 0.663185
3420000 0.659966
3430000 0.74242
3440000 0.661535
3450000 0.657123
3460000 0.657134
3470000 0.664685
3480000 0.657847
3490000 0.665388
3500000 0.662646
3510000 0.656388
3520000 0.653388
3530000 0.65202
3540000 0.661411
3550000 0.652621
3560000 0.640777
3570000 0.648981
3580000 0.651977
3590000 0.649019
3600000 0.712076
3610000 0.673278
3620000 0.647689
3630000 0.642859
3640000 0.643343
3650000 0.649273
3660000 0.644293
3670000 0.646637
3680000 0.648796
3690000 0.643067
3700000 0.639961
3710000 0.638907
3720000 0.648901
3730000 0.639694
3740000 0.628198
3750000 0.636392
3760000 0.63906
3770000 0.636271
3780000 0.633839
3790000 0.644907
3800000 0.635217
3810000 0.622435
3820000 0.631085
3830000 0.636437
3840000 0.632094
3850000 0.735562
3860000 1.18884
3870000 0.631126
3880000 0.627841
3890000 0.627281
3900000 0.637646
3910000 0.628038
3920000 0.616641
3930000 0.625399
3940000 0.627521
3950000 0.624787
3960000 0.619956
3970000 0.643937
3980000 0.624006
3990000 0.61102
4000000 0.620081
4010000 0.625129
4020000 0.621085
4030000 1.03358
4040000 0.62358
4050000 0.620356
4060000 0.616897
4070000 0.616753
4080000 0.625656
4090000 0.61751
4100000 0.607115
4110000 0.61865
4120000 0.61708
4130000 0.614318
4140000 0.723033
4150000 0.624253
4160000 0.613852
4170000 0.600771
4180000 0.610034
4190000 0.614929
4200000 0.611157
4210000 0.605572
4220000 0.613626
4230000 0.610606
4240000 0.606922
4250000 0.60688
4260000 0.616337
4270000 0.607947
4280000 0.598151
4290000 0.61367
4300000 0.60758
4310000 0.60486
4320000 0.606612
4330000 0.616601
4340000 0.604662
4350000 0.592406
4360000 0.601041
4370000 0.605686
4380000 0.602118
4390000 0.596053
4400000 0.604923
4410000 0.60176
4420000 0.597719
4430000 0.598233
4440000 0.607036
4450000 0.599285
4460000 0.588841
4470000 0.649022
4480000 0.599053
4490000 0.59623
4500000 0.623317
4510000 0.606459
4520000 0.596341
4530000 0.585236
4540000 0.593135
4550000 0.5973
4560000 0.593949
4570000 0.58753
4580000 0.737526
4590000 0.593752
4600000 0.589392
4610000 0.590118
4620000 0.599066
4630000 0.591387
4640000 0.653522
4650000 0.597142
4660000 0.591325
4670000 0.588358
4680000 0.587521
4690000 0.598229
4700000 0.588796
4710000 0.576757
4720000 0.58576
4730000 0.589633
4740000 0.586479
4750000 0.581195
4760000 0.65891
4770000 0.586439
4780000 0.581476
4790000 0.582423
4800000 0.591108
4810000 0.584226
4820000 0.593411
4830000 0.590063
4840000 0.584254
4850000 0.581082
4860000 0.58093
4870000 0.592185
4880000 0.581955
4890000 0.569117
4900000 0.57926
4910000 0.582623
4920000 0.579668
4930000 0.577797
4940000 0.597484
4950000 0.579771
4960000 0.568961
4970000 0.57591
4980000 0.58289
4990000 0.577689
5000000 0.579188
5010000 0.734551
5020000 0.577807
5030000 0.574505
5040000 0.574187
5050000 0.585896
5060000 0.575705
5070000 0.563298
5080000 0.573447
5090000 0.57631
5100000 0.573457
5110000 0.569337
5120000 0.58414
5130000 0.573687
5140000 0.559768
5150000 0.570106
5160000 0.576092
5170000 0.571717
5180000 1.00476
5190000 0.615771
5200000 0.571969
5210000 0.568465
5220000 0.568354
5230000 0.578651
5240000 0.569993
5250000 0.55772
5260000 0.567684
5270000 0.570587
5280000 0.567736
5290000 0.612648
5300000 0.626535
5310000 0.568142
5320000 0.554149
5330000 0.564608
5340000 0.570288
5350000 0.566254
5360000 0.59202
5370000 0.569442
5380000 0.56659
5390000 0.562882
5400000 0.562847
5410000 0.573231
5420000 0.564736
5430000 0.552618
5440000 0.586253
5450000 0.565241
5460000 0.562467
5470000 0.679912
5480000 0.579218
5490000 0.563047
5500000 0.549087
5510000 0.559655
5520000 0.565061
5530000 0.561259
5540000 0.555128
5550000 0.565026
5560000 0.56169
5570000 0.557626
5580000 0.557943
5590000 0.568158
5600000 0.559897
5610000 0.549689
5620000 0.613237
5630000 0.560447
5640000 0.557595
5650000 0.558621
5660000 0.57119
5670000 0.558381
5680000 0.545162
5690000 0.55542
5700000 0.560257
5710000 0.556648
5720000 0.550337
5730000 0.559883
5740000 0.557163
5750000 0.552792
5760000 0.553953
5770000 0.563574
5780000 0.555452
5790000 0.727118
5800000 0.626834
5810000 0.556059
5820000 0.553098
5830000 0.552422
5840000 0.564459
5850000 0.554106
5860000 0.540769
5870000 0.551252
5880000 0.555791
5890000 0.552418
5900000 0.549419
5910000 0.64705
5920000 0.553004
5930000 0.548131
5940000 0.549217
5950000 0.559098
5960000 0.551363
5970000 0.561095
5980000 0.558838
5990000 0.552039
6000000 0.548841
6010000 0.54871
6020000 0.560174
6030000 0.550212
6040000 0.536751
6050000 0.547357
6060000 0.551671
6070000 0.548511
6080000 0.622526
6090000 0.578618
6100000 0.549178
6110000 0.543836
6120000 0.54537
6130000 0.553114
6140000 0.547607
6150000 0.55104
6160000 0.842375
6170000 0.548291
6180000 0.544984
6190000 0.544598
6200000 0.557016
6210000 0.546648
6220000 0.533742
6230000 0.544081
6240000 0.54788
6250000 0.544906
6260000 0.54274
6270000 0.556464
6280000 0.545649
6290000 0.531219
6300000 0.542015
6310000 0.54888
6320000 0.544147
6330000 0.662015
6340000 1.14517
6350000 0.544902
6360000 0.541394
6370000 0.541485
6380000 0.554088
6390000 0.543351
6400000 0.530665
6410000 0.54147
6420000 0.544507
6430000 0.541602
6440000 0.536627
6450000 0.564884
6460000 0.542437
6470000 0.527903
6480000 0.538954
6490000 0.545329
6500000 0.540961
6510000 0.987802
6520000 0.545061
6530000 0.541777
6540000 0.538083
6550000 0.53859
6560000 0.549339
6570000 0.540314
6580000 0.528886
6590000 0.542679
6600000 0.541378
6610000 0.538466
6620000 0.660217
6630000 0.550951
6640000 0.539458
6650000 0.524927
6660000 0.536043
6670000 0.542101
6680000 0.538056
6690000 0.532198
6700000 0.541987
6710000 0.5389
6720000 0.534953
6730000 0.535526
6740000 0.546722
6750000 0.537476
6760000 0.52688
6770000 0.54494
6780000 0.538448
6790000 0.535588
6800000 0.538069
6810000 0.549868
6820000 0.536709
6830000 0.523225
6840000 0.533476
6850000 0.539121
6860000 0.535323
6870000 0.52894
6880000 0.539473
6890000 0.536227
6900000 0.531899
6910000 0.533026
6920000 0.543343
6930000 0.534858
6940000 0.523534
6950000 0.590941
6960000 0.535842
6970000 0.532874
6980000 0.563481
6990000 0.545228
7000000 0.534187
7010000 0.522103
7020000 0.531354
7030000 0.536386
7040000 0.532832
7050000 0.526077
7060000 0.63061
7070000 0.533777
7080000 0.529109
7090000 0.530428
7100000 0.540721
7110000 0.532412
7120000 0.601007
7130000 0.539631
7140000 0.533449
7150000 0.530331
7160000 0.529867
7170000 0.542101
7180000 0.531872
7190000 0.518826
7200000 0.529191
7210000 0.533824
7220000 0.530489
7230000 0.524999
7240000 0.610319
7250000 0.531486
7260000 0.526179
7270000 0.527687
7280000 0.537586
7290000 0.530179
7300000 0.540597
7310000 0.53737
7320000 0.531205
7330000 0.527875
7340000 0.528113
7350000 0.540812
7360000 0.529768
7370000 0.515954
7380000 0.527427
7390000 0.531431
7400000 0.528317
7410000 0.526703
7420000 0.548532
7430000 0.52937
7440000 0.517543
7450000 0.5257
7460000 0.533659
7470000 0.528103
7480000 0.530039
7490000 0.696778
7500000 0.529134
7510000 0.525665
7520000 0.525682
7530000 0.538763
7540000 0.527814
7550000 0.514523
7560000 0.525924
7570000 0.529319
7580000 0.526324
7590000 0.522119
7600000 0.538625
7610000 0.527419
7620000 0.512465
7630000 0.524037
7640000 0.530815
7650000 0.526188
7660000 0.979717
7670000 0.574327
7680000 0.527273
7690000 0.523603
7700000 0.523805
7710000 0.535256
7720000 0.526009
7730000 0.512934
7740000 0.52403
7750000 0.527417
7760000 0.524441
7770000 0.572988
7780000 0.588128
7790000 0.525635
7800000 0.510681
7810000 0.522286
7820000 0.528664
7830000 0.52442
7840000 0.552372
7850000 0.52863
7860000 0.525512
7870000 0.521631
7880000 0.521901
7890000 0.533342
7900000 0.52431
7910000 0.511466
7920000 0.547905
7930000 0.525543
7940000 0.522663
7950000 0.647577
7960000 0.541179
7970000 0.523968
7980000 0.50913
7990000 0.520755
8000000 0.526769
8010000 0.522792
8020000 0.516432
8030000 0.527361
8040000 0.523918
8050000 0.519671
8060000 0.520293
8070000 0.531455
8080000 0.522715
8090000 0.511972
8100000 0.579931
8110000 0.523937
8120000 0.520983
8130000 0.522315
8140000 0.535997
8150000 0.522434
8160000 0.508456
8170000 0.519663
8180000 0.525023
8190000 0.521258
8200000 0.514721
8210000 0.525172
8220000 0.522412
8230000 0.517847
8240000 0.51934
8250000 0.529805
8260000 0.521237
8270000 0.701478
8280000 0.597128
8290000 0.522462
8300000 0.5194
8310000 0.518913
8320000 0.53192
8330000 0.521027
8340000 0.506981
8350000 0.51835
8360000 0.523351
8370000 0.51984
8380000 0.516839
8390000 0.619844
8400000 0.521017
8410000 0.515933
8420000 0.517328
8430000 0.527975
8440000 0.519869
8450000 0.530356
8460000 0.528208
8470000 0.52111
8480000 0.517807
8490000 0.517861
8500000 0.5302
8510000 0.519758
8520000 0.505646
8530000 0.517073
8540000 0.52177
8550000 0.518517
8560000 0.596423
8570000 0.550654
8580000 0.519723
8590000 0.514164
8600000 0.516006
8610000 0.524354
8620000 0.518599
8630000 0.522399
8640000 0.6896
8650000 0.519808
8660000 0.516397
8670000 0.516185
8680000 0.529449
8690000 0.518603
8700000 0.505126
8710000 0.516204
8720000 0.520348
8730000 0.51728
8740000 0.515152
8750000 0.529784
8760000 0.518518
8770000 0.503449
8780000 0.514978
8790000 0.522346
8800000 0.51743
8810000 0.640356
8820000 1.13289
8830000 0.518666
8840000 0.515052
8850000 0.515324
8860000 0.528886
8870000 0.517516
8880000 0.504315
8890000 0.515819
8900000 0.519146
8910000 0.516153
8920000 0.511059
8930000 0.540857
8940000 0.517443
8950000 0.502308
8960000 0.514054
8970000 0.520863
8980000 0.516347
8990000 0.553969
9000000 0.520968
9010000 0.517603
9020000 0.513805
9030000 0.514503
9040000 0.525885
9050000 0.516512
9060000 0.504674
9070000 0.519258
9080000 0.518003
9090000 0.515021
9100000 0.641348
9110000 0.528364
9120000 0.516431
9130000 0.501351
9140000 0.513114
9150000 0.519537
9160000 0.515379
9170000 0.509388
9180000 0.519789
9190000 0.516631
9200000 0.512574
9210000 0.513327
9220000 0.525109
9230000 0.515547
9240000 0.504508
9250000 0.523584
9260000 0.516912
9270000 0.513984
9280000 0.516698
9290000 0.529123
9300000 0.515499
9310000 0.501547
9320000 0.512355
9330000 0.518333
9340000 0.514434
9350000 0.507917
9360000 0.519028
9370000 0.515715
9380000 0.511271
9390000 0.512585
9400000 0.523428
9410000 0.514657
9420000 0.503004
9430000 0.573032
9440000 0.516007
9450000 0.512978
9460000 0.544824
9470000 0.526052
9480000 0.514656
9490000 0.502195
9500000 0.511921
9510000 0.517232
9520000 0.513594
9530000 0.506688
9540000 0.614624
9550000 0.514889
9560000 0.510101
9570000 0.511606
9580000 0.522375
9590000 0.513814
9600000 0.584692
9610000 0.521537
9620000 0.515184
9630000 0.512009
9640000 0.511644
9650000 0.524419
9660000 0.513892
9670000 0.500469
9680000 0.511309
9690000 0.516184
9700000 0.512776
9710000 0.507198
9720000 0.595196
9730000 0.514101
9740000 0.50867
9750000 0.510364
9760000 0.520676
9770000 0.513066
9780000 0.523932
9790000 0.520725
9800000 0.514402
9810000 0.511004
9820000 0.511371
9830000 0.524563
9840000 0.513228
9850000 0.49933
9860000 0.510992
9870000 0.515205
9880000 0.512029
9890000 0.509879
9900000 0.533081
9910000 0.513376
9920000 0.501113
9930000 0.509747
9940000 0.518055
9950000 0.512364
9960000 0.514454
9970000 0.68509
9980000 0.513687
9990000 0.510156
10000000 0.510278
10010000 0.523835
10020000 0.512612
10030000 0.499001
10040000 0.510901
10050000 0.514405
10060000 0.511355
10070000 0.507108
10080000 0.524189
10090000 0.512728
10100000 0.497406
10110000 0.5094
10120000 0.516448
10130000 0.511728
10140000 0.972075
10150000 0.561295
10160000 0.513085
10170000 0.509353
10180000 0.509658
10190000 0.521508
10200000 0.512048
10210000 0.498685
10220000 0.510176
10230000 0.513721
10240000 0.5107
10250000 0.560505
10260000 0.576068
10270000 0.512147
10280000 0.496861
10290000 0.508865
10300000 0.515467
10310000 0.51115
10320000 0.539876
10330000 0.515605
10340000 0.512492
10350000 0.50855
10360000 0.50892
10370000 0.520748
10380000 0.511501
10390000 0.498405
10400000 0.53582
10410000 0.512975
10420000 0.510061
10430000 0.637528
10440000 0.529178
10450000 0.511603
10460000 0.49646
10470000 0.508453
10480000 0.514668
10490000 0.510629
10500000 0.504186
10510000 0.515478
10520000 0.511987
10530000 0.50768
10540000 0.508406
10550000 0.519887
10560000 0.51098
10570000 0.500069
10580000 0.569525
10590000 0.512426
10600000 0.509442
10610000 0.510873
10620000 0.524934
10630000 0.511117
10640000 0.496883
10650000 0.508411
10660000 0.513946
10670000 0.510127
10680000 0.503174
10690000 0.514283
10700000 0.511499
10710000 0.506871
10720000 0.508469
10730000 0.519223
10740000 0.510504
10750000 0.693597
10760000 0.58792
10770000 0.511938
10780000 0.508848
10790000 0.508414
10800000 0.521766
10810000 0.510685
10820000 0.496412
10830000 0.508073
10840000 0.513215
10850000 0.509663
10860000 0.506674
10870000 0.611476
10880000 0.511051
10890000 0.5059
10900000 0.507399
10910000 0.518288
10920000 0.510075
10930000 0.520821
10940000 0.518714
10950000 0.511506
10960000 0.508175
10970000 0.508307
10980000 0.520924
10990000 0.510326
11000000 0.496004
11010000 0.507705
11020000 0.512536
11030000 0.509247
11040000 0.588428
11050000 0.542071
11060000 0.510641
11070000 0.505003
11080000 0.506964
11090000 0.515511
11100000 0.509678
11110000 0.513618
11120000 0.68304
11130000 0.511068
11140000 0.507626
11150000 0.507478
11160000 0.521016
11170000 0.510022
11180000 0.496381
11190000 0.507691
11200000 0.511946
11210000 0.508851
11220000 0.506735
11230000 0.521722
11240000 0.510263
11250000 0.494993
11260000 0.506768
11270000 0.514294
11280000 0.509324
11290000 0.633871
11300000 1.12927
11310000 0.510732
11320000 0.507087
11330000 0.507425
11340000 0.519111
11350000 0.509729
11360000 0.496375
11370000 0.508107
11380000 0.511526
11390000 0.50851
11400000 0.503383
11410000 0.533678
11420000 0.509961
11430000 0.494644
11440000 0.506612
11450000 0.513561
11460000 0.509004
11470000 0.537798
11480000 0.513811
11490000 0.510418
11500000 0.506594
11510000 0.507358
11520000 0.518952
11530000 0.509466
11540000 0.497514
11550000 0.512348
11560000 0.511105
11570000 0.50811
11580000 0.635853
11590000 0.521732
11600000 0.509671
11610000 0.494432
11620000 0.50641
11630000 0.51294
11640000 0.508749
11650000 0.502723
11660000 0.513319
11670000 0.510149
11680000 0.506057
11690000 0.50688
11700000 0.518833
11710000 0.509193
11720000 0.49806
11730000 0.517429
11740000 0.510698
11750000 0.507759
11760000 0.510561
11770000 0.523163
11780000 0.509414
11790000 0.495333
11800000 0.506311
11810000 0.512393
11820000 0.508472
11830000 0.501933
11840000 0.51322
11850000 0.509891
11860000 0.505416
11870000 0.506795
11880000 0.517783
11890000 0.508951
11900000 0.497217
11910000 0.568004
11920000 0.510432
11930000 0.507393
11940000 0.539612
11950000 0.520698
11960000 0.509202
11970000 0.496643
11980000 0.506511
11990000 0.511913
12000000 0.508254
12010000 0.501309
12020000 0.610295
12030000 0.509679
12040000 0.504862
12050000 0.506432
12060000 0.517336
12070000 0.508716
12080000 0.580258
12090000 0.516608
12100000 0.510206
12110000 0.507023
12120000 0.50669
12130000 0.519632
12140000 0.509028
12150000 0.495514
12160000 0.506487
12170000 0.511443
12180000 0.508019
12190000 0.502425
12200000 0.591174
12210000 0.509464
12220000 0.504004
12230000 0.505758
12240000 0.516188
12250000 0.508536
12260000 0.519556
12270000 0.516358
12280000 0.50998
12290000 0.506576
12300000 0.506986
12310000 0.520324
12320000 0.508916
12330000 0.495061
12340000 0.506726
12350000 0.511003
12360000 0.507818
12370000 0.505586
12380000 0.529117
12390000 0.509273
12400000 0.49683
12410000 0.505679
12420000 0.514081
12430000 0.508361
12440000 0.510507
12450000 0.682166
12460000 0.509791
12470000 0.506248
12480000 0.506411
12490000 0.520108
12500000 0.508814
12510000 0.495137
12520000 0.507148
12530000 0.510709
12540000 0.507654
12550000 0.503408
12560000 0.520671
12570000 0.509126
12580000 0.493726
12590000 0.505835
12600000 0.512955
12610000 0.508214
12620000 0.970253
12630000 0.558167
12640000 0.509676
12650000 0.505935
12660000 0.506279
12670000 0.518268
12680000 0.508731
12690000 0.495313
12700000 0.506909
12710000 0.510499
12720000 0.507472
12730000 0.557592
12740000 0.573269
12750000 0.509013
12760000 0.493655
12770000 0.505801
12780000 0.512427
12790000 0.508105
12800000 0.537013
12810000 0.512653
12820000 0.509539
12830000 0.505591
12840000 0.506003
12850000 0.517932
12860000 0.508634
12870000 0.495494
12880000 0.533149
12890000 0.510194
12900000 0.507281
12910000 0.635325
12920000 0.526551
12930000 0.508909
12940000 0.493707
12950000 0.505787
12960000 0.512064
12970000 0.508017
12980000 0.501577
12990000 0.51296
13000000 0.50946
13010000 0.505148
13020000 0.505911
13030000 0.517439
13040000 0.508535
13050000 0.497607
13060000 0.567385
13070000 0.510062
13080000 0.50708
13090000 0.508547
13100000 0.522698
13110000 0.508834
13120000 0.494562
13130000 0.506167
13140000 0.511746
13150000 0.507922
13160000 0.500899
13170000 0.512149
13180000 0.509375
13190000 0.504737
13200000 0.506373
13210000 0.517193
13220000 0.508452
13230000 0.692118
13240000 0.586209
13250000 0.509965
13260000 0.506878
13270000 0.50647
13280000 0.519893
13290000 0.50879
13300000 0.494501
13310000 0.506211
13320000 0.511393
13330000 0.50784
13340000 0.504862
13350000 0.610008
13360000 0.509302
13370000 0.50415
13380000 0.50568
13390000 0.516626
13400000 0.508398
13410000 0.519218
13420000 0.517121
13430000 0.509894
13440000 0.506559
13450000 0.506758
13460000 0.519404
13470000 0.508793
13480000 0.494444
13490000 0.506208
13500000 0.511067
13510000 0.507784
13520000 0.587178
13530000 0.540749
13540000 0.509246
13550000 0.503605
13560000 0.505594
13570000 0.514181
13580000 0.508349
13590000 0.512326
13600000 0.682066
13610000 0.509807
13620000 0.506368
13630000 0.506241
13640000 0.519835
13650000 0.508829
13660000 0.495187
13670000 0.506539
13680000 0.510815
13690000 0.507725
13700000 0.505666
13710000 0.520686
13720000 0.509198
13730000 0.493918
13740000 0.505739
13750000 0.513287
13760000 0.508324
13770000 0.633087
13780000 1.12884
13790000 0.509794
13800000 0.506154
13810000 0.506521
13820000 0.518334
13830000 0.508855
13840000 0.495503
13850000 0.50729
13860000 0.510709
13870000 0.507698
13880000 0.50258
13890000 0.532946
13900000 0.509207
13910000 0.493889
13920000 0.505892
13930000 0.512863
13940000 0.508312
13950000 0.537169
13960000 0.513167
13970000 0.509783
13980000 0.50596
13990000 0.506756
14000000 0.518377
14010000 0.508891
14020000 0.496949
14030000 0.511816
14040000 0.510584
14050000 0.507594
14060000 0.635454
14070000 0.521269
14080000 0.509205
14090000 0.493981
14100000 0.505942
14110000 0.512527
14120000 0.508345
14130000 0.502334
14140000 0.512968
14150000 0.509799
14160000 0.505709
14170000 0.506562
14180000 0.518527
14190000 0.5089
14200000 0.497834
14210000 0.51718
14220000 0.510453
14230000 0.507525
14240000 0.510348
14250000 0.522993
14260000 0.509229
14270000 0.495162
14280000 0.506157
14290000 0.512254
14300000 0.508341
14310000 0.501812
14320000 0.513133
14330000 0.50981
14340000 0.505346
14350000 0.506746
14360000 0.517743
14370000 0.508922
14380000 0.497218
14390000 0.568008
14400000 0.51045
14410000 0.507422
14420000 0.539663
14430000 0.52076
14440000 0.509276
14450000 0.496739
14460000 0.506614
14470000 0.512028
14480000 0.508377
14490000 0.501449
14500000 0.610345
14510000 0.509848
14520000 0.505045
14530000 0.506633
14540000 0.517549
14550000 0.508938
14560000 0.580474
14570000 0.516866
14580000 0.51047
14590000 0.507299
14600000 0.506991
14610000 0.51993
14620000 0.509345
14630000 0.495858
14640000 0.506835
14650000 0.511793
14660000 0.508385
14670000 0.50281
14680000 0.591524
14690000 0.509872
14700000 0.50443
14710000 0.506199
14720000 0.516629
14730000 0.508993
14740000 0.520388
14750000 0.516845
14760000 0.510474
14770000 0.507086
14780000 0.507494
14790000 0.520848
14800000 0.509462
14810000 0.495689
14820000 0.507302
14830000 0.511585
14840000 0.508411
14850000 0.506187
14860000 0.529724
14870000 0.509903
14880000 0.497367
14890000 0.506336
14900000 0.514741
14910000 0.509038
14920000 0.511197
14930000 0.682693
14940000 0.510507
14950000 0.506976
14960000 0.507155
14970000 0.520845
14980000 0.509576
14990000 0.495939
15000000 0.507959
15010000 0.511505
15020000 0.508462
15030000 0.504233
15040000 0.52149
15050000 0.509968
15060000 0.494613
15070000 0.506714
15080000 0.513826
15090000 0.509099
15100000 0.970727
15110000 0.559007
15120000 0.510597
15130000 0.50687
15140000 0.507229
15150000 0.519217
15160000 0.509695
15170000 0.496322
15180000 0.507901
15190000 0.511495
15200000 0.508479
15210000 0.558522
15220000 0.574184
15230000 0.510051
15240000 0.494744
15250000 0.506861
15260000 0.51349
15270000 0.509187
15280000 0.538049
15290000 0.513778
15300000 0.510654
15310000 0.506715
15320000 0.507148
15330000 0.519061
15340000 0.509787
15350000 0.496713
15360000 0.534278
15370000 0.511378
15380000 0.50848
15390000 0.636302
15400000 0.527729
15410000 0.510137
15420000 0.494988
15430000 0.507053
15440000 0.513311
15450000 0.509283
15460000 0.502872
15470000 0.514243
15480000 0.510756
15490000 0.506464
15500000 0.507236
15510000 0.518746
15520000 0.509869
15530000 0.499013
15540000 0.568629
15550000 0.511424
15560000 0.508458
15570000 0.509932
15580000 0.524067
15590000 0.510237
15600000 0.496021
15610000 0.507596
15620000 0.513168
15630000 0.509363
15640000 0.502372
15650000 0.513603
15660000 0.510843
15670000 0.506225
15680000 0.507869
15690000 0.518674
15700000 0.509953
15710000 0.693238
15720000 0.587536
15730000 0.511494
15740000 0.508425
15750000 0.508028
15760000 0.521423
15770000 0.510359
15780000 0.496129
15790000 0.507804
15800000 0.512978
15810000 0.509442
15820000 0.506489
15830000 0.611359
15840000 0.510931
15850000 0.505803
15860000 0.507345
15870000 0.51825
15880000 0.510063
15890000 0.520867
15900000 0.518787
15910000 0.511574
15920000 0.508262
15930000 0.508487
15940000 0.521087
15950000 0.510517
15960000 0.496232
15970000 0.507961
15980000 0.51281
15990000 0.509544
16000000 0.588715
16010000 0.542427
16020000 0.511028
16030000 0.50528
16040000 0.507415
16050000 0.51597
16060000 0.510164
16070000 0.514155
16080000 0.683406
16090000 0.511644
16100000 0.508225
16110000 0.508104
16120000 0.521663
16130000 0.510701
16140000 0.497123
16150000 0.508432
16160000 0.512703
16170000 0.509632
16180000 0.507594
16190000 0.522571
16200000 0.511124
16210000 0.495921
16220000 0.507696
16230000 0.515221
16240000 0.510282
16250000 0.634671
16260000 1.12973
16270000 0.511773
16280000 0.508151
16290000 0.508532
16300000 0.520308
16310000 0.510866
16320000 0.497583
16330000 0.509319
16340000 0.512736
16350000 0.509743
16360000 0.504653
16370000 0.534914
16380000 0.511269
16390000 0.496029
16400000 0.507998
16410000 0.514932
16420000 0.510402
16430000 0.539107
16440000 0.515263
16450000 0.511895
16460000 0.508094
16470000 0.508895
16480000 0.520483
16490000 0.511033
16500000 0.499151
16510000 0.513969
16520000 0.512739
16530000 0.50977
16540000 0.637211
16550000 0.523402
16560000 0.511394
16570000 0.496246
16580000 0.508177
16590000 0.514725
16600000 0.510565
16610000 0.504591
16620000 0.515198
16630000 0.512036
16640000 0.507971
16650000 0.508827
16660000 0.520746
16670000 0.511161
16680000 0.500186
16690000 0.519427
16700000 0.512733
16710000 0.509825
16720000 0.512648
16730000 0.525228
16740000 0.511541
16750000 0.497552
16760000 0.508501
16770000 0.514572
16780000 0.510681
16790000 0.504184
16800000 0.51547
16810000 0.512166
16820000 0.507723
16830000 0.509132
16840000 0.520076
16850000 0.511305
16860000 0.499672
16870000 0.56999
16880000 0.512847
16890000 0.509839
16900000 0.541943
16910000 0.523135
16920000 0.511703
16930000 0.49923
16940000 0.509066
16950000 0.51446
16960000 0.510828
16970000 0.503949
16980000 0.612373
16990000 0.512313
17000000 0.50754
17010000 0.509129
17020000 0.519996
17030000 0.511431
17040000 0.582673
17050000 0.519341
17060000 0.512976
17070000 0.509826
17080000 0.509527
17090000 0.522409
17100000 0.51188
17110000 0.498472
17120000 0.509394
17130000 0.514331
17140000 0.510945
17150000 0.505409
17160000 0.593746
17170000 0.512445
17180000 0.507039
17190000 0.508805
17200000 0.519185
17210000 0.511591
17220000 0.516667
17230000 0.519427
17240000 0.513079
17250000 0.509717
17260000 0.510136
17270000 0.523422
17280000 0.512098
17290000 0.498475
17300000 0.509961
17310000 0.514226
17320000 0.511075
17330000 0.508919
17340000 0.532298
17350000 0.512568
17360000 0.500049
17370000 0.509043
17380000 0.517404
17390000 0.511735
17400000 0.513896
17410000 0.684718
17420000 0.513214
17430000 0.509707
17440000 0.509892
17450000 0.523515
17460000 0.512306
17470000 0.498757
17480000 0.510708
17490000 0.514243
17500000 0.511222
17510000 0.507021
17520000 0.524201
17530000 0.512736
17540000 0.497479
17550000 0.509504
17560000 0.516589
17570000 0.51189
17580000 0.972199
17590000 0.561565
17600000 0.513396
17610000 0.509695
17620000 0.510057
17630000 0.521992
17640000 0.512519
17650000 0.499234
17660000 0.51075
17670000 0.514324
17680000 0.51133
17690000 0.561124
17700000 0.576721
17710000 0.512907
17720000 0.497699
17730000 0.509754
17740000 0.516342
17750000 0.512066
17760000 0.540782
17770000 0.516652
17780000 0.513541
17790000 0.50963
17800000 0.510064
17810000 0.521918
17820000 0.512696
17830000 0.499712
17840000 0.537069
17850000 0.514293
17860000 0.511415
17870000 0.638626
17880000 0.530568
17890000 0.513078
17900000 0.498031
17910000 0.510024
17920000 0.516248
17930000 0.512246
17940000 0.505882
17950000 0.517193
17960000 0.513726
17970000 0.509465
17980000 0.510235
17990000 0.521684
18000000 0.51286
18010000 0.502082
18020000 0.57133
18030000 0.514421
18040000 0.511478
18050000 0.512948
18060000 0.527022
18070000 0.513258
18080000 0.499142
18090000 0.510638
18100000 0.516186
18110000 0.512406
18120000 0.505467
18130000 0.516635
18140000 0.513892
18150000 0.509307
18160000 0.510945
18170000 0.521683
18180000 0.513023
18190000 0.695512
18200000 0.590218
18210000 0.514568
18220000 0.511522
18230000 0.511135
18240000 0.524451
18250000 0.513456
18260000 0.499325
18270000 0.510929
18280000 0.516072
18290000 0.512557
18300000 0.509635
18310000 0.613981
18320000 0.514054
18330000 0.508963
18340000 0.510498
18350000 0.521341
18360000 0.513205
18370000 0.523956
18380000 0.521888
18390000 0.514721
18400000 0.511432
18410000 0.511692
18420000 0.524189
18430000 0.513686
18440000 0.499501
18450000 0.511151
18460000 0.515976
18470000 0.512733
18480000 0.591486
18490000 0.545437
18500000 0.51422
18510000 0.507727
18520000 0.510645
18530000 0.519144
18540000 0.513376
18550000 0.517355
18560000 0.685822
18570000 0.514859
18580000 0.511465
18590000 0.511351
18600000 0.524826
18610000 0.513937
18620000 0.500467
18630000 0.511688
18640000 0.515938
18650000 0.512889
18660000 0.510924
18670000 0.52573
18680000 0.514383
18690000 0.499288
18700000 0.510989
18710000 0.518463
18720000 0.51356
18730000 0.637315
18740000 1.13123
18750000 0.515053
18760000 0.511457
18770000 0.511843
18780000 0.523528
18790000 0.514165
18800000 0.500982
18810000 0.512648
18820000 0.516033
18830000 0.513063
18840000 0.508013
18850000 0.538088
18860000 0.51459
18870000 0.499461
18880000 0.511376
18890000 0.518238
18900000 0.513741
18910000 0.542319
18920000 0.518585
18930000 0.515236
18940000 0.511465
18950000 0.512267
18960000 0.523779
18970000 0.514392
18980000 0.502599
18990000 0.517321
19000000 0.516086
19010000 0.513151
19020000 0.639918
19030000 0.526705
19040000 0.514771
19050000 0.499729
19060000 0.511569
19070000 0.518091
19080000 0.513962
19090000 0.508034
19100000 0.51858
19110000 0.515435
19120000 0.511396
19130000 0.512253
19140000 0.524093
19150000 0.514576
19160000 0.503743
19170000 0.522802
19180000 0.516145
19190000 0.513264
19200000 0.516078
19210000 0.528576
19220000 0.514977
19230000 0.501092
19240000 0.511973
19250000 0.517996
19260000 0.514134
19270000 0.507699
19280000 0.518901
19290000 0.515619
19300000 0.511205
19310000 0.512613
19320000 0.523487
19330000 0.514774
19340000 0.503231
19350000 0.571438
19360000 0.516316
19370000 0.513332
19380000 0.545238
19390000 0.526547
19400000 0.515192
19410000 0.502813
19420000 0.512577
19430000 0.517935
19440000 0.514333
19450000 0.507513
19460000 0.615318
19470000 0.515812
19480000 0.511081
19490000 0.512663
19500000 0.523452
19510000 0.514952
19520000 0.585776
19530000 0.522822
19540000 0.516495
19550000 0.513368
19560000 0.513077
19570000 0.525875
19580000 0.515418
19590000 0.502114
19600000 0.512955
19610000 0.517858
19620000 0.514499
19630000 0.509012
19640000 0.596817
19650000 0.515999
19660000 0.510629
19670000 0.512392
19680000 0.522699
19690000 0.515156
19700000 0.518966
19710000 0.522953
19720000 0.516644
19730000 0.513295
19740000 0.513739
19750000 0.526927
19760000 0.515683
19770000 0.502163
19780000 0.513565
19790000 0.517803
19800000 0.514677
19810000 0.512544
19820000 0.535766
19830000 0.516168
19840000 0.503664
19850000 0.512675
19860000 0.520974
19870000 0.51535
19880000 0.517503
19890000 0.687429
19900000 0.516827
19910000 0.513346
19920000 0.513536
19930000 0.527073
19940000 0.515934
19950000 0.502492
19960000 0.514344
19970000 0.517866
19980000 0.514868
19990000 0.510701
20000000 0.527755
20010000 0.516378
20020000 0.501239
20030000 0.51318
20040000 0.520211
20050000 0.515545
20060000 0.974133
20070000 0.564915
20080000 0.517051
20090000 0.513379
20100000 0.51374
20110000 0.525464
20120000 0.516189
20130000 0.503008
20140000 0.514441
20150000 0.517988
20160000 0.515009
20170000 0.564489
20180000 0.579997
20190000 0.51659
20200000 0.501499
20210000 0.513371
20220000 0.520005
20230000 0.515764
20240000 0.544295
20250000 0.520343
20260000 0.517236
20270000 0.513349
20280000 0.513796
20290000 0.525565
20300000 0.516404
20310000 0.503527
20320000 0.54062
20330000 0.517994
20340000 0.515142
20350000 0.64153
20360000 0.534167
20370000 0.5168
20380000 0.501874
20390000 0.513767
20400000 0.519952
20410000 0.515982
20420000 0.509667
20430000 0.520902
20440000 0.517458
20450000 0.513219
20460000 0.514001
20470000 0.525369
20480000 0.516606
20490000 0.505928
20500000 0.574704
20510000 0.518162
20520000 0.515243
20530000 0.516703
20540000 0.530688
20550000 0.517015
20560000 0.503013
20570000 0.514418
20580000 0.519924
20590000 0.516178
20600000 0.509309
20610000 0.520383
20620000 0.517659
20630000 0.513111
20640000 0.514738
20650000 0.525322
20660000 0.516799
20670000 0.698308
20680000 0.593508
20690000 0.518343
20700000 0.515322
20710000 0.514938
20720000 0.528159
20730000 0.517248
20740000 0.503227
20750000 0.514742
20760000 0.519848
20770000 0.516361
20780000 0.513466
20790000 0.617176
20800000 0.517853
20810000 0.512805
20820000 0.514335
20830000 0.525088
20840000 0.517018
20850000 0.527712
20860000 0.525636
20870000 0.518527
20880000 0.515265
20890000 0.515522
20900000 0.527935
20910000 0.517508
20920000 0.503438
20930000 0.514995
20940000 0.519783
20950000 0.516569
20960000 0.594818
20970000 0.549044
20980000 0.518051
20990000 0.511365
21000000 0.514511
21010000 0.522944
21020000 0.517219
21030000 0.521171
21040000 0.688727
21050000 0.518693
21060000 0.51533
21070000 0.515222
21080000 0.528595
21090000 0.517788
21100000 0.504433
21110000 0.515559
21120000 0.519778
21130000 0.516754
21140000 0.514827
21150000 0.529541
21160000 0.518242
21170000 0.503268
21180000 0.514876
21190000 0.522296
21200000 0.517431
21210000 0.640443
21220000 1.13299
21230000 0.518918
21240000 0.515348
21250000 0.515739
21260000 0.527339
21270000 0.518043
21280000 0.504966
21290000 0.516393
21300000 0.519901
21310000 0.516956
21320000 0.511945
21330000 0.541812
21340000 0.518476
21350000 0.503461
21360000 0.515291
21370000 0.522068
21380000 0.517639
21390000 0.545992
21400000 0.522451
21410000 0.519127
21420000 0.515373
21430000 0.516187
21440000 0.527607
21450000 0.518296
21460000 0.506603
21470000 0.521206
21480000 0.519979
21490000 0.517066
21500000 0.643065
21510000 0.530525
21520000 0.518682
21530000 0.503765
21540000 0.515586
21550000 0.521981
21560000 0.517884
21570000 0.512008
21580000 0.522468
21590000 0.519351
21600000 0.515337
21610000 0.516203
21620000 0.527964
21630000 0.518503
21640000 0.507747
21650000 0.526673
21660000 0.520065
21670000 0.517208
21680000 0.520003
21690000 0.532424
21700000 0.518911
21710000 0.505134
21720000 0.515943
21730000 0.521912
21740000 0.51808
21750000 0.511704
21760000 0.522814
21770000 0.519558
21780000 0.515177
21790000 0.516578
21800000 0.527371
21810000 0.518724
21820000 0.507276
21830000 0.601104
21840000 0.520258
21850000 0.517297
21860000 0.548984
21870000 0.53043
21880000 0.519148
21890000 0.50687
21900000 0.516557
21910000 0.521874
21920000 0.518299
21930000 0.511531
21940000 0.618644
21950000 0.519772
21960000 0.515077
21970000 0.516653
21980000 0.527357
21990000 0.518924
22000000 0.589273
22010000 0.526744
22020000 0.520458
22030000 0.517356
22040000 0.517073
22050000 0.529767
22060000 0.519395
22070000 0.506198
22080000 0.516954
22090000 0.521819
22100000 0.518487
22110000 0.513046
22120000 0.600263
22130000 0.519979
22140000 0.514655
22150000 0.516406
22160000 0.52663
22170000 0.519144
22180000 0.522948
22190000 0.526893
22200000 0.520627
22210000 0.517304
22220000 0.517775
22230000 0.530834
22240000 0.519678
22250000 0.506284
22260000 0.517577
22270000 0.521784
22280000 0.518684
22290000 0.51663
22300000 0.539622
22310000 0.520166
22320000 0.507675
22330000 0.516705
22340000 0.524936
22350000 0.519359
22360000 0.5215
22370000 0.690443
22380000 0.520828
22390000 0.517373
22400000 0.517564
22410000 0.530996
22420000 0.519943
22430000 0.506617
22440000 0.518374
22450000 0.521865
22460000 0.518894
22470000 0.514761
22480000 0.531678
22490000 0.520394
22500000 0.505386
22510000 0.517212
22520000 0.524193
22530000 0.51957
22540000 0.976276
22550000 0.568597
22560000 0.521069
22570000 0.517424
22580000 0.517788
22590000 0.529937
22600000 0.520218
22610000 0.507145
22620000 0.518484
22630000 0.522004
22640000 0.519051
22650000 0.568177
22660000 0.583593
22670000 0.520618
22680000 0.505652
22690000 0.517398
22700000 0.524013
22710000 0.519805
22720000 0.54814
22730000 0.524349
22740000 0.52127
22750000 0.517411
22760000 0.517846
22770000 0.529548
22780000 0.520444
22790000 0.50768
22800000 0.544489
22810000 0.522028
22820000 0.519198
22830000 0.644693
22840000 0.538082
22850000 0.520847
22860000 0.506044
22870000 0.51786
22880000 0.523975
22890000 0.520038
22900000 0.51378
22910000 0.524927
22920000 0.521505
22930000 0.517302
22940000 0.518086
22950000 0.529356
22960000 0.520664
22970000 0.510068
22980000 0.578362
22990000 0.52221
23000000 0.519316
23010000 0.52077
23020000 0.534644
23030000 0.521076
23040000 0.507189
23050000 0.518495
23060000 0.523965
23070000 0.520248
23080000 0.513435
23090000 0.524425
23100000 0.52172
23110000 0.517203
23120000 0.518822
23130000 0.529275
23140000 0.520869
23150000 0.701331
23160000 0.597061
23170000 0.522405
23180000 0.519407
23190000 0.519028
23200000 0.532141
23210000 0.521321
23220000 0.507417
23230000 0.518835
23240000 0.523896
23250000 0.520444
23260000 0.517576
23270000 0.620611
23280000 0.521926
23290000 0.516921
23300000 0.51844
23310000 0.529105
23320000 0.521101
23330000 0.531712
23340000 0.529657
23350000 0.5226
23360000 0.519365
23370000 0.519633
23380000 0.531934
23390000 0.521593
23400000 0.507628
23410000 0.519101
23420000 0.523849
23430000 0.520664
23440000 0.598395
23450000 0.552896
23460000 0.522136
23470000 0.515233
23480000 0.51863
23490000 0.526993
23500000 0.521314
23510000 0.525238
23520000 0.6918
23530000 0.522778
23540000 0.519443
23550000 0.519348
23560000 0.532602
23570000 0.521883
23580000 0.508725
23590000 0.519674
23600000 0.523859
23610000 0.52086
23620000 0.518981
23630000 0.533553
23640000 0.522337
23650000 0.507487
23660000 0.51899
23670000 0.52636
23680000 0.521535
23690000 0.643766
23700000 1.13488
23710000 0.523013
23720000 0.519473
23730000 0.519863
23740000 0.53137
23750000 0.522147
23760000 0.509181
23770000 0.520435
23780000 0.523992
23790000 0.52107
23800000 0.516102
23810000 0.545746
23820000 0.52258
23830000 0.507684
23840000 0.519412
23850000 0.526146
23860000 0.521752
23870000 0.549887
23880000 0.526531
23890000 0.523231
23900000 0.519508
23910000 0.520318
23920000 0.531623
23930000 0.522408
23940000 0.510812
23950000 0.525297
23960000 0.524065
23970000 0.521184
23980000 0.646378
23990000 0.534545
24000000 0.522794
24010000 0.508004
24020000 0.519714
24030000 0.52607
24040000 0.522005
24050000 0.516182
24060000 0.526556
24070000 0.523462
24080000 0.519478
24090000 0.520342
24100000 0.532005
24110000 0.522623
24120000 0.511966
24130000 0.530736
24140000 0.524173
24150000 0.521341
24160000 0.524132
24170000 0.536442
24180000 0.523032
24190000 0.509375
24200000 0.520096
24210000 0.526009
24220000 0.522208
24230000 0.515891
24240000 0.526916
24250000 0.523677
24260000 0.51933
24270000 0.520716
24280000 0.53144
24290000 0.522851
24300000 0.511503
24310000 0.598689
24320000 0.524374
24330000 0.521438
24340000 0.552886
24350000 0.534471
24360000 0.523275
24370000 0.511105
24380000 0.520707
24390000 0.52598
24400000 0.522434
24410000 0.515715
24420000 0.622116
24430000 0.523897
24440000 0.519242
24450000 0.520804
24460000 0.531425
24470000 0.523057
24480000 0.59292
24490000 0.530812
24500000 0.52458
24510000 0.521499
24520000 0.521224
24530000 0.533815
24540000 0.523527
24550000 0.51044
24560000 0.521109
24570000 0.525928
24580000 0.522627
24590000 0.517236
24600000 0.603845
24610000 0.524109
24620000 0.518831
24630000 0.520568
24640000 0.530708
24650000 0.52328
24660000 0.527106
24670000 0.530975
24680000 0.524754
24690000 0.521459
24700000 0.521953
24710000 0.534881
24720000 0.523815
24730000 0.510518
24740000 0.521732
24750000 0.525902
24760000 0.52283
24770000 0.52079
24780000 0.543614
24790000 0.524301
24800000 0.511816
24810000 0.520865
24820000 0.529034
24830000 0.523502
24840000 0.525629
24850000 0.693564
24860000 0.52496
24870000 0.521534
24880000 0.521724
24890000 0.535047
24900000 0.524083
24910000 0.510873
24920000 0.522526
24930000 0.525991
24940000 0.523044
24950000 0.518952
24960000 0.53572
24970000 0.524533
24980000 0.50965
24990000 0.521317
25000000 0.528302
25010000 0.523716
25020000 0.978492
25030000 0.572393
25040000 0.525205
25050000 0.521589
25060000 0.521953
25070000 0.533471
25080000 0.524361
25090000 0.511398
25100000 0.522652
25110000 0.526131
25120000 0.5232
25130000 0.571976
25140000 0.587293
25150000 0.524759
25160000 0.509917
25170000 0.521561
25180000 0.528127
25190000 0.523954
25200000 0.552079
25210000 0.528429
25220000 0.525408
25230000 0.521582
25240000 0.522011
25250000 0.533624
25260000 0.524587
25270000 0.511933
25280000 0.548451
25290000 0.526161
25300000 0.523355
25310000 0.528362
25320000 0.542091
25330000 0.52499
25340000 0.510314
25350000 0.521956
25360000 0.528089
25370000 0.524189
25380000 0.517983
25390000 0.52904
25400000 0.525645
25410000 0.521464
25420000 0.522258
25430000 0.533439
25440000 0.524811
25450000 0.51432
25460000 0.582099
25470000 0.526345
25480000 0.523475
25490000 0.524915
25500000 0.538678
25510000 0.525221
25520000 0.511452
25530000 0.522662
25540000 0.528087
25550000 0.524401
25560000 0.517608
25570000 0.528547
25580000 0.525862
25590000 0.521382
25600000 0.522986
25610000 0.533366
25620000 0.525018
25630000 0.704421
25640000 0.600687
25650000 0.526542
25660000 0.523569
25670000 0.523196
25680000 0.536206
25690000 0.525468
25700000 0.511699
25710000 0.523001
25720000 0.528022
25730000 0.524595
25740000 0.521756
25750000 0.624083
25760000 0.526069
25770000 0.521089
25780000 0.52261
25790000 0.533188
25800000 0.52525
25810000 0.535777
25820000 0.533745
25830000 0.526734
25840000 0.523525
25850000 0.523787
25860000 0.536
25870000 0.525739
25880000 0.511895
25890000 0.523262
25900000 0.527977
25910000 0.524818
25920000 0.602017
25930000 0.556814
25940000 0.526279
25950000 0.519412
25960000 0.522802
25970000 0.531095
25980000 0.525463
25990000 0.529363
26000000 0.694949
26010000 0.526916
26020000 0.523607
26030000 0.523529
26040000 0.536658
26050000 0.526029
26060000 0.512988
26070000 0.523835
26080000 0.527989
26090000 0.525014
26100000 0.523173
26110000 0.537611
26120000 0.526479
26130000 0.511755
26140000 0.523158
26150000 0.530466
26160000 0.525684
26170000 0.647135
26180000 1.13679
26190000 0.527151
26200000 0.523639
26210000 0.524024
26220000 0.535445
26230000 0.526292
26240000 0.51343
26250000 0.524542
26260000 0.528118
26270000 0.525224
26280000 0.520299
26290000 0.549708
26300000 0.526721
26310000 0.511948
26320000 0.523605
26330000 0.530259
26340000 0.5259
26350000 0.55382
26360000 0.530643
26370000 0.527368
26380000 0.523673
26390000 0.524478
26400000 0.535725
26410000 0.526551
26420000 0.51505
26430000 0.52942
26440000 0.528157
26450000 0.525333
26460000 0.649732
26470000 0.538599
26480000 0.526934
26490000 0.512266
26500000 0.523904
26510000 0.530182
26520000 0.526151
26530000 0.520376
26540000 0.53069
26550000 0.527594
26560000 0.523646
26570000 0.524505
26580000 0.536063
26590000 0.526764
26600000 0.51617
26610000 0.534815
26620000 0.528302
26630000 0.525493
26640000 0.528279
26650000 0.540468
26660000 0.52717
26670000 0.513629
26680000 0.524258
26690000 0.530117
26700000 0.526353
26710000 0.520086
26720000 0.531026
26730000 0.52781
26740000 0.523499
26750000 0.524871
26760000 0.535473
26770000 0.526989
26780000 0.515748
26790000 0.602309
26800000 0.528501
26810000 0.525589
26820000 0.556804
26830000 0.538517
26840000 0.527411
26850000 0.515342
26860000 0.524858
26870000 0.530077
26880000 0.526565
26890000 0.519912
26900000 0.625591
26910000 0.528026
26920000 0.523411
26930000 0.524959
26940000 0.535498
26950000 0.527193
26960000 0.596575
26970000 0.534893
26980000 0.528704
26990000 0.52564
27000000 0.525378
27010000 0.537872
27020000 0.52766
27030000 0.514672
27040000 0.525259
27050000 0.530036
27060000 0.526767
27070000 0.521428
27080000 0.60744
27090000 0.528236
27100000 0.522996
27110000 0.524734
27120000 0.534782
27130000 0.527413
27140000 0.53121
27150000 0.535051
27160000 0.528872
27170000 0.525608
27180000 0.526093
27190000 0.538924
27200000 0.527944
27210000 0.514764
27220000 0.525878
27230000 0.530013
27240000 0.526966
27250000 0.524937
27260000 0.547598
27270000 0.528423
27280000 0.515993
27290000 0.525017
27300000 0.533118
27310000 0.527631
27320000 0.52974
27330000 0.696688
27340000 0.529078
27350000 0.52568
27360000 0.525875
27370000 0.539087
27380000 0.528206
27390000 0.515112
27400000 0.526674
27410000 0.530099
27420000 0.527176
27430000 0.523115
27440000 0.539808
27450000 0.528653
27460000 0.513898
27470000 0.525444
27480000 0.532389
27490000 0.527841
27500000 0.980706
27510000 0.576173
27520000 0.529318
27530000 0.525732
27540000 0.526099
27550000 0.537556
27560000 0.528481
27570000 0.515626
27580000 0.526785
27590000 0.530236
27600000 0.527321
27610000 0.575753
27620000 0.590973
27630000 0.528875
27640000 0.514148
27650000 0.525701
27660000 0.532207
27670000 0.528075
27680000 0.555995
27690000 0.532509
27700000 0.529518
27710000 0.525723
27720000 0.526147
27730000 0.537674
27740000 0.528697
27750000 0.516162
27760000 0.552389
27770000 0.530263
27780000 0.52748
27790000 0.530081
27800000 0.546072
27810000 0.529101
27820000 0.51455
27830000 0.526108
27840000 0.532175
27850000 0.528305
27860000 0.522148
27870000 0.533117
27880000 0.52975
27890000 0.525603
27900000 0.526394
27910000 0.537485
27920000 0.528921
27930000 0.518551
27940000 0.585812
27950000 0.530443
27960000 0.527596
27970000 0.529023
27980000 0.542652
27990000 0.529327
28000000 0.515667
28010000 0.526802
28020000 0.53217
28030000 0.528512
28040000 0.52177
28050000 0.532623
28060000 0.529961
28070000 0.525518
28080000 0.52711
28090000 0.537399
28100000 0.529123
28110000 0.707491
28120000 0.604275
28130000 0.530634
28140000 0.527682
28150000 0.527312
28160000 0.540228
28170000 0.529568
28180000 0.515911
28190000 0.527129
28200000 0.532102
28210000 0.528696
28220000 0.525887
28230000 0.627532
28240000 0.530163
28250000 0.525224
28260000 0.526731
28270000 0.537225
28280000 0.529349
28290000 0.539799
28300000 0.537781
28310000 0.530821
28320000 0.527633
28330000 0.527901
28340000 0.540017
28350000 0.529833
28360000 0.516103
28370000 0.52738
28380000 0.532052
28390000 0.528919
28400000 0.605594
28410000 0.560685
28420000 0.530367
28430000 0.523556
28440000 0.526942
28450000 0.535145
28460000 0.529557
28470000 0.53343
28480000 0.698056
28490000 0.530998
28500000 0.527713
28510000 0.527646
28520000 0.540667
28530000 0.530117
28540000 0.517201
28550000 0.52794
28560000 0.53206
28570000 0.529109
28580000 0.527284
28590000 0.541612
28600000 0.530562
28610000 0.515956
28620000 0.527273
28630000 0.534516
28640000 0.529772
28650000 0.65046
28660000 1.13868
28670000 0.531226
28680000 0.527742
28690000 0.528124
28700000 0.53946
28710000 0.530373
28720000 0.517609
28730000 0.528614
28740000 0.532183
28750000 0.529306
28760000 0.524427
28770000 0.553611
28780000 0.530796
28790000 0.516143
28800000 0.527699
28810000 0.534295
28820000 0.529981
28830000 0.557693
28840000 0.534691
28850000 0.531436
28860000 0.527771
28870000 0.528575
28880000 0.539526
28890000 0.530625
28900000 0.519224
28910000 0.533471
28920000 0.532213
28930000 0.529416
28940000 0.653038
28950000 0.542576
28960000 0.531002
28970000 0.51645
28980000 0.527994
28990000 0.53422
29000000 0.530225
29010000 0.524495
29020000 0.534731
29030000 0.531656
29040000 0.527722
29050000 0.52859
29060000 0.540056
29070000 0.530832
29080000 0.520328
29090000 0.538823
29100000 0.532356
29110000 0.52957
29120000 0.532314
29130000 0.544426
29140000 0.531229
29150000 0.517802
29160000 0.52836
29170000 0.534153
29180000 0.53042
29190000 0.524203
29200000 0.535056
29210000 0.531865
29220000 0.527589
29230000 0.528955
29240000 0.539531
29250000 0.531047
29260000 0.5199
29270000 0.605842
29280000 0.532548
29290000 0.529659
29300000 0.560646
29310000 0.542489
29320000 0.531465
29330000 0.519491
29340000 0.528927
29350000 0.53411
29360000 0.530623
29370000 0.524038
29380000 0.629032
29390000 0.532074
29400000 0.527495
29410000 0.529035
29420000 0.539489
29430000 0.531246
29440000 0.600162
29450000 0.538889
29460000 0.532742
29470000 0.529703
29480000 0.529443
29490000 0.541841
29500000 0.531707
29510000 0.518823
29520000 0.529322
29530000 0.534058
29540000 0.530819
29550000 0.525523
29560000 0.610952
29570000 0.532277
29580000 0.527078
29590000 0.528797
29600000 0.53877
29610000 0.531456
29620000 0.535211
29630000 0.539037
29640000 0.532905
29650000 0.529663
29660000 0.529564
29670000 0.542879
29680000 0.531982
29690000 0.518915
29700000 0.529929
29710000 0.534034
29720000 0.531011
29730000 0.529009
29740000 0.55149
29750000 0.532455
29760000 0.520097
29770000 0.529073
29780000 0.537112
29790000 0.531668
29800000 0.533765
29810000 0.69977
29820000 0.533103
29830000 0.529732
29840000 0.529927
29850000 0.543036
29860000 0.532237
29870000 0.519247
29880000 0.530716
29890000 0.534114
29900000 0.531214
29910000 0.527183
29920000 0.543736
29930000 0.532677
29940000 0.518042
29950000 0.529458
29960000 0.536381
29970000 0.531869
29980000 0.982883
29990000 0.57987
30000000 0.533335
