10000 255.797
20000 135.212
30000 72.7904
40000 48.2783
50000 33.6174
60000 28.0269
70000 24.8155
80000 22.3631
90000 17.2203
100000 15.457
110000 13.3023
120000 11.985
130000 13.1214
140000 10.7246
150000 12.287
160000 12.5694
170000 13.0041
180000 9.70127
190000 9.34809
200000 8.90835
210000 12.9751
220000 8.71325
230000 8.5144
240000 9.61615
250000 9.91419
260000 10.5517
270000 8.01456
280000 9.15521
290000 7.63541
300000 8.95209
310000 7.58791
320000 7.87836
330000 8.51762
340000 8.79021
350000 9.47628
360000 7.3484
370000 7.46415
380000 6.97579
390000 7.5563
400000 7.0174
410000 7.54706
420000 7.95198
430000 8.20947
440000 8.89671
450000 7.1912
460000 8.44072
470000 6.57167
480000 6.89573
490000 6.73388
500000 7.32662
510000 7.62337
520000 7.85165
530000 8.60697
540000 7.79244
550000 6.8626
560000 6.38562
570000 6.93022
580000 6.45503
590000 7.17074
600000 7.40166
610000 7.64597
620000 8.39299
630000 6.78711
640000 6.67263
650000 6.23866
660000 6.54613
670000 6.4194
680000 7.06391
690000 7.24669
700000 7.51702
710000 6.55682
720000 7.93789
730000 6.39555
740000 6.17496
750000 9.41914
760000 6.42725
770000 6.99814
780000 7.15203
790000 7.45414
800000 6.37418
810000 6.53008
820000 6.29597
830000 12.6241
840000 6.87591
850000 6.46133
860000 6.96077
870000 7.08877
880000 7.4442
890000 6.30015
900000 7.84813
910000 6.21465
920000 9.59686
930000 6.54965
940000 6.52182
950000 6.93955
960000 7.05589
970000 7.48907
980000 6.28727
990000 6.58301
1000000 6.07765
1010000 6.80781
1020000 6.35771
1030000 6.56526
1040000 6.92483
1050000 7.02976
1060000 7.5482
1070000 6.46922
1080000 7.92757
1090000 5.95925
1100000 6.31053
1110000 6.28658
1120000 6.59634
1130000 6.90916
1140000 7.00085
1150000 7.63424
1160000 7.30948
1170000 6.44326
1180000 5.93857
1190000 6.51655
1200000 6.13005
1210000 6.60621
1220000 6.8859
1230000 6.99513
1240000 7.67776
1250000 6.36978
1260000 6.36541
1270000 5.89999
1280000 6.20961
1290000 6.17392
1300000 6.61176
1310000 6.86203
1320000 6.99566
1330000 6.27007
1340000 7.85287
1350000 6.15925
1360000 5.89868
1370000 9.09816
1380000 6.2354
1390000 6.62511
1400000 6.85648
1410000 7.02344
1420000 6.1742
1430000 6.1266
1440000 6.11304
1450000 11.4948
1460000 6.60814
1470000 6.30653
1480000 6.64463
1490000 6.85852
1500000 7.07942
1510000 6.14958
1520000 7.74467
1530000 6.0695
1540000 9.38893
1550000 6.31202
1560000 6.38979
1570000 6.66531
1580000 6.87307
1590000 7.16872
1600000 6.16964
1610000 6.40682
1620000 5.93809
1630000 6.71032
1640000 6.14798
1650000 6.45599
1660000 6.68531
1670000 6.88462
1680000 7.27153
1690000 6.37917
1700000 7.81446
1710000 5.83304
1720000 6.25435
1730000 6.09977
1740000 6.50772
1750000 6.69673
1760000 6.88754
1770000 7.39155
1780000 7.25441
1790000 6.2998
1800000 5.83215
1810000 6.46221
1820000 5.96268
1830000 6.53728
1840000 6.69807
1850000 6.90718
1860000 7.43592
1870000 6.3178
1880000 6.2271
1890000 5.80808
1900000 6.16116
1910000 6.02219
1920000 6.55999
1930000 6.69446
1940000 6.92839
1950000 6.11778
1960000 7.62834
1970000 6.02769
1980000 5.82353
1990000 9.18416
2000000 6.09582
2010000 6.58762
2020000 6.7053
2030000 6.97201
2040000 6.03634
2050000 6.08
2060000 5.99114
2070000 12.5034
2080000 6.61796
2090000 6.17697
2100000 6.61841
2110000 6.72048
2120000 7.04018
2130000 6.01975
2140000 7.63926
2150000 5.95876
2160000 9.46247
2170000 6.31585
2180000 6.26653
2190000 6.64753
2200000 6.74547
2210000 7.13709
2220000 6.04774
2230000 6.36951
2240000 5.85793
2250000 6.63652
2260000 6.1542
2270000 6.3397
2280000 6.67548
2290000 6.76628
2300000 7.25001
2310000 6.2688
2320000 7.77517
2330000 5.77618
2340000 6.15053
2350000 6.10856
2360000 6.3976
2370000 6.69369
2380000 6.77754
2390000 7.37817
2400000 7.15668
2410000 6.28155
2420000 5.78169
2430000 6.38447
2440000 5.97768
2450000 6.43317
2460000 6.70166
2470000 6.80411
2480000 7.40488
2490000 6.21914
2500000 6.2206
2510000 5.76137
2520000 6.09205
2530000 6.04037
2540000 6.46126
2550000 6.70326
2560000 6.83084
2570000 6.1303
2580000 7.75457
2590000 6.03206
2600000 5.77756
2610000 9.01469
2620000 6.11764
2630000 6.49386
2640000 6.71871
2650000 6.87932
2660000 6.04951
2670000 6.01592
2680000 6.00019
2690000 11.4525
2700000 6.50802
2710000 6.20107
2720000 6.52875
2730000 6.73759
2740000 6.95217
2750000 6.03971
2760000 7.66751
2770000 5.96729
2780000 9.33714
2790000 6.21518
2800000 6.29279
2810000 6.56118
2820000 6.76559
2830000 7.05205
2840000 6.07092
2850000 6.31942
2860000 5.84577
2870000 6.64151
2880000 6.0591
2890000 6.36767
2900000 6.59228
2910000 6.78923
2920000 7.16864
2930000 6.29089
2940000 7.74964
2950000 5.75706
2960000 6.18592
2970000 6.01927
2980000 6.42666
2990000 6.61323
3000000 6.80314
3010000 7.30158
3020000 7.18606
3030000 6.22579
3040000 5.76268
3050000 6.40281
3060000 5.89178
3070000 6.46394
3080000 6.62382
3090000 6.83156
3100000 7.30651
3110000 6.24802
3120000 6.15934
3130000 5.74128
3140000 6.10784
3150000 5.95856
3160000 6.49366
3170000 6.62756
3180000 6.86011
3190000 6.05704
3200000 7.57892
3210000 5.96625
3220000 5.76699
3230000 9.14354
3240000 6.03841
3250000 6.5281
3260000 6.64518
3270000 6.90999
3280000 5.97344
3290000 6.02312
3300000 5.93638
3310000 12.4886
3320000 6.56481
3330000 6.12527
3340000 6.56411
3350000 6.66613
3360000 6.98437
3370000 5.96339
3380000 7.5999
3390000 5.90555
3400000 9.43239
3410000 6.26477
3420000 6.21897
3430000 6.59783
3440000 6.69591
3450000 7.08406
3460000 5.99676
3470000 6.32637
3480000 5.80779
3490000 6.60154
3500000 6.10518
3510000 6.29642
3520000 6.63038
3530000 6.72114
3540000 7.20198
3550000 6.21955
3560000 7.74282
3570000 5.73573
3580000 6.11437
3590000 6.06715
3600000 6.35636
3610000 6.65181
3620000 6.73643
3630000 7.33487
3640000 7.11998
3650000 6.24118
3660000 5.74516
3670000 6.35264
3680000 5.93751
3690000 6.39505
3700000 6.66349
3710000 6.76622
3720000 7.31942
3730000 6.1811
3740000 6.18294
3750000 5.7259
3760000 6.06164
3770000 6.00445
3780000 6.42612
3790000 6.66816
3800000 6.79645
3810000 6.09559
3820000 7.72481
3830000 5.99616
3840000 5.74627
3850000 8.99152
3860000 6.08446
3870000 6.46217
3880000 6.68659
3890000 6.84722
3900000 6.01229
3910000 5.98682
3920000 5.97016
3930000 11.4428
3940000 6.47638
3950000 6.17135
3960000 6.49927
3970000 6.70839
3980000 6.92382
3990000 6.00615
4000000 7.64473
4010000 5.93594
4020000 9.31995
4030000 6.18449
4040000 6.26548
4050000 6.53417
4060000 6.73866
4070000 7.02453
4080000 6.03863
4090000 6.29679
4100000 5.79908
4110000 6.61964
4120000 6.02915
4130000 6.34283
4140000 6.56822
4150000 6.76453
4160000 7.14446
4170000 6.26177
4180000 7.73015
4190000 5.73018
4200000 6.16356
4210000 5.99205
4220000 6.40241
4230000 6.59027
4240000 6.78073
4250000 7.27904
4260000 7.16352
4270000 6.20381
4280000 5.74213
4290000 6.38342
4300000 5.86687
4310000 6.44157
4320000 6.60278
4330000 6.81055
4340000 7.24371
4350000 6.22378
4360000 6.13562
4370000 5.72113
4380000 6.08966
4390000 5.93611
4400000 6.47283
4410000 6.60812
4420000 6.84125
4430000 6.03476
4440000 7.55822
4450000 5.94364
4460000 5.74729
4470000 9.12893
4480000 6.01778
4490000 6.50978
4500000 6.62732
4510000 6.89196
4520000 5.9483
4530000 6.00923
4540000 5.91758
4550000 12.4855
4560000 6.54503
4570000 6.10615
4580000 6.54681
4590000 6.64999
4600000 6.96844
4610000 5.94209
4620000 7.58468
4630000 5.88562
4640000 9.42764
4650000 6.24416
4660000 6.20216
4670000 6.58177
4680000 6.68101
4690000 7.06905
4700000 5.9766
4710000 6.31279
4720000 5.76968
4730000 6.58795
4740000 6.08562
4750000 6.28163
4760000 6.61643
4770000 6.70755
4780000 7.18913
4790000 6.20067
4800000 7.73088
4810000 5.71911
4820000 6.09983
4830000 6.04463
4840000 6.34157
4850000 6.63833
4860000 6.72448
4870000 7.32326
4880000 7.1051
4890000 6.22693
4900000 5.73157
4910000 6.34042
4920000 5.92021
4930000 6.38203
4940000 6.65105
4950000 6.75469
4960000 7.28664
4970000 6.16484
4980000 6.16618
4990000 5.70991
5000000 6.05846
5010000 5.98877
5020000 6.41361
5030000 6.65664
5040000 6.78615
5050000 6.08324
5060000 7.7145
5070000 5.98047
5080000 5.73332
5090000 8.98151
5100000 6.07045
5110000 6.4515
5120000 6.67594
5130000 6.83722
5140000 5.99454
5150000 5.97677
5160000 5.95404
5170000 11.4392
5180000 6.46433
5190000 6.15884
5200000 6.48892
5210000 6.69877
5220000 6.91466
5230000 5.99107
5240000 7.63518
5250000 5.92186
5260000 9.31419
5270000 6.17001
5280000 6.25381
5290000 6.5246
5300000 6.72972
5310000 7.01647
5320000 6.02712
5330000 6.28795
5340000 5.78009
5350000 6.61029
5360000 6.01531
5370000 6.33336
5380000 6.55997
5390000 6.75633
5400000 7.13789
5410000 6.24818
5420000 7.72293
5430000 5.71948
5440000 6.15297
5450000 5.97782
5460000 6.39257
5470000 6.58233
5480000 6.7737
5490000 7.27396
5500000 7.15274
5510000 6.19269
5520000 5.73056
5530000 6.37465
5540000 5.85488
5550000 6.43296
5560000 6.5954
5570000 6.80354
5580000 7.21886
5590000 6.21229
5600000 6.12392
5610000 5.70636
5620000 6.08826
5630000 5.92513
5640000 6.46454
5650000 6.60127
5660000 6.83511
5670000 6.02536
5680000 7.55391
5690000 5.93232
5700000 5.73865
5710000 9.12318
5720000 6.00863
5730000 6.50231
5740000 6.62093
5750000 6.88581
5760000 5.93683
5770000 5.9966
5780000 5.90394
5790000 12.4846
5800000 6.53585
5810000 6.09804
5820000 6.53959
5830000 6.64423
5840000 6.96337
5850000 5.93161
5860000 7.57829
5870000 5.87564
5880000 9.42354
5890000 6.23338
5900000 6.19437
5910000 6.57533
5920000 6.67564
5930000 7.06439
5940000 5.96807
5950000 6.30583
5960000 5.75599
5970000 6.58165
5980000 6.08409
5990000 6.27576
6000000 6.61063
6010000 6.70266
6020000 7.18676
6030000 6.19152
6040000 7.72615
6050000 5.71144
6060000 6.09231
6070000 6.03959
6080000 6.33497
6090000 6.63302
6100000 6.72073
6110000 7.32154
6120000 7.0975
6130000 6.21824
6140000 5.72278
6150000 6.33482
6160000 5.91145
6170000 6.37636
6180000 6.64606
6190000 6.75058
6200000 7.25325
6210000 6.15679
6220000 6.15742
6230000 5.69969
6240000 6.05073
6250000 5.98077
6260000 6.40805
6270000 6.65199
6280000 6.78291
6290000 6.07427
6300000 7.71191
6310000 5.97211
6320000 5.72736
6330000 8.97878
6340000 6.06334
6350000 6.44635
6360000 6.67157
6370000 6.8337
6380000 5.98487
6390000 5.96556
6400000 5.94391
6410000 11.4383
6420000 6.45827
6430000 6.15238
6440000 6.48409
6450000 6.69483
6460000 6.9131
6470000 5.98329
6480000 7.63163
6490000 5.91425
6500000 9.31294
6510000 6.16231
6520000 6.24854
6530000 6.5204
6540000 6.7261
6550000 7.01438
6560000 6.01661
6570000 6.28265
6580000 5.7681
6590000 6.60565
6600000 5.99557
6610000 6.32979
6620000 6.55622
6630000 6.75308
6640000 7.13795
6650000 6.24192
6660000 7.71958
6670000 5.7118
6680000 6.14721
6690000 5.95891
6700000 6.3876
6710000 6.57903
6720000 6.77165
6730000 7.27416
6740000 7.14693
6750000 6.18623
6760000 5.72457
6770000 6.37054
6780000 5.84888
6790000 6.42941
6800000 6.59226
6810000 6.80088
6820000 7.18647
6830000 6.20622
6840000 6.1174
6850000 5.69837
6860000 6.08608
6870000 5.91929
6880000 6.46034
6890000 6.59836
6900000 6.83391
6910000 6.02015
6920000 7.54344
6930000 5.92623
6940000 5.73372
6950000 9.12128
6960000 6.00337
6970000 6.49848
6980000 6.6182
6990000 6.88363
7000000 5.92911
7010000 5.99636
7020000 5.89743
7030000 12.4848
7040000 6.53064
7050000 6.09343
7060000 6.53605
7070000 6.64213
7080000 6.96291
7090000 5.92612
7100000 7.57576
7110000 5.86987
7120000 9.4231
7130000 6.22729
7140000 6.19098
7150000 6.57227
7160000 6.67351
7170000 7.06391
7180000 5.95679
7190000 6.30076
7200000 5.74824
7210000 6.5795
7220000 6.05986
7230000 6.27363
7240000 6.60794
7250000 6.70081
7260000 7.18731
7270000 6.18653
7280000 7.72104
7290000 5.73389
7300000 6.08825
7310000 6.01691
7320000 6.33146
7330000 6.63068
7340000 6.7202
7350000 7.32208
7360000 7.09315
7370000 6.21509
7380000 5.71855
7390000 6.33179
7400000 5.90685
7410000 6.37449
7420000 6.64381
7430000 6.74918
7440000 7.21998
7450000 6.15243
7460000 6.15234
7470000 5.69371
7480000 7.77363
7490000 5.97584
7500000 6.40518
7510000 6.64992
7520000 6.78257
7530000 6.06885
7540000 7.69875
7550000 5.96755
7560000 5.72301
7570000 8.97461
7580000 6.05958
7590000 6.44382
7600000 6.66965
7610000 6.83273
7620000 5.97948
7630000 5.96548
7640000 5.93921
7650000 11.4395
7660000 6.45182
7670000 6.1496
7680000 6.48183
7690000 6.69396
7700000 6.91314
7710000 5.97834
7720000 7.62989
7730000 5.90974
7740000 9.31242
7750000 6.15774
7760000 6.24577
7770000 6.51849
7780000 6.7247
7790000 7.01483
7800000 6.00623
7810000 6.27893
7820000 5.7633
7830000 6.60412
7840000 5.99795
7850000 6.32785
7860000 6.5546
7870000 6.75187
7880000 7.13952
7890000 6.23762
7900000 7.71605
7910000 5.72599
7920000 6.1436
7930000 5.95452
7940000 6.38488
7950000 6.5777
7960000 6.77131
7970000 7.27582
7980000 7.14342
7990000 6.18439
8000000 5.72038
8010000 6.36859
8020000 5.84516
8030000 6.42794
8040000 6.59097
8050000 6.80005
8060000 7.16182
8070000 6.20254
8080000 6.11347
8090000 5.69477
8100000 7.9911
8110000 5.91574
8120000 6.45818
8130000 6.59719
8140000 6.83401
8150000 6.01926
8160000 7.53667
8170000 5.92257
8180000 5.73019
8190000 9.11668
8200000 6.00056
8210000 6.49659
8220000 6.61712
8230000 6.88314
8240000 5.92565
8250000 5.99095
8260000 5.89376
8270000 12.4867
8280000 6.52561
8290000 6.09182
8300000 6.53437
8310000 6.64186
8320000 6.96366
8330000 5.91996
8340000 7.57422
8350000 5.86608
8360000 9.42152
8370000 6.22339
8380000 6.18917
8390000 6.57085
8400000 6.67308
8410000 7.06492
8420000 5.94947
8430000 6.29596
8440000 5.74483
8450000 6.57974
8460000 6.05485
8470000 6.27262
8480000 6.60674
8490000 6.70022
8500000 7.18826
8510000 6.18141
8520000 7.71873
8530000 5.72039
8540000 6.08559
8550000 6.01303
8560000 6.32953
8570000 6.62972
8580000 6.72051
8590000 7.32421
8600000 7.0905
8610000 6.21239
8620000 5.71464
8630000 6.33029
8640000 5.90365
8650000 6.37315
8660000 6.64283
8670000 6.74886
8680000 7.21621
8690000 6.14956
8700000 6.14907
8710000 5.69109
8720000 7.22204
8730000 5.97282
8740000 6.40369
8750000 6.64904
8760000 6.78341
8770000 6.07285
8780000 7.69126
8790000 5.96415
8800000 5.72021
8810000 8.97372
8820000 6.05727
8830000 6.44255
8840000 6.66881
8850000 6.83264
8860000 5.97671
8870000 5.96117
8880000 5.93617
8890000 11.4357
8900000 6.4496
8910000 6.14801
8920000 6.48072
8930000 6.69363
8940000 6.9143
8950000 5.9728
8960000 7.6291
8970000 5.90648
8980000 9.31099
8990000 6.15451
9000000 6.24409
9010000 6.51758
9020000 6.72474
9030000 7.01634
9040000 6.00106
9050000 6.27061
9060000 5.76112
9070000 6.6042
9080000 5.99019
9090000 6.32777
9100000 6.55386
9110000 6.7514
9120000 7.14134
9130000 6.23288
9140000 7.71471
9150000 5.72614
9160000 6.14146
9170000 5.95088
9180000 6.38331
9190000 6.57714
9200000 6.77208
9210000 7.27829
9220000 7.14115
9230000 6.18138
9240000 5.7177
9250000 6.36714
9260000 5.84288
9270000 6.42726
9280000 6.59036
9290000 6.79979
9300000 7.16532
9310000 6.20013
9320000 6.11059
9330000 5.69273
9340000 7.96283
9350000 5.91362
9360000 6.45695
9370000 6.59665
9380000 6.83426
9390000 6.01973
9400000 7.52941
9410000 5.9201
9420000 5.72772
9430000 9.11409
9440000 5.99884
9450000 6.49553
9460000 6.6166
9470000 6.88306
9480000 5.92316
9490000 5.98369
9500000 5.89149
9510000 12.4843
9520000 6.52355
9530000 6.09088
9540000 6.53344
9550000 6.642
9560000 6.96437
9570000 5.9171
9580000 7.57283
9590000 5.86396
9600000 9.42104
9610000 6.22077
9620000 6.18828
9630000 6.5701
9640000 6.67358
9650000 7.06598
9660000 5.94541
9670000 6.29043
9680000 5.74409
9690000 6.57725
9700000 6.04865
9710000 6.27293
9720000 6.60612
9730000 6.70001
9740000 7.19024
9750000 6.17976
9760000 7.71818
9770000 5.71787
9780000 6.08328
9790000 6.01006
9800000 6.32838
9810000 6.62925
9820000 6.72108
9830000 7.32619
9840000 7.08855
9850000 6.20997
9860000 5.71281
9870000 6.32974
9880000 5.90205
9890000 6.3734
9900000 6.64232
9910000 6.74883
9920000 7.20305
9930000 6.14779
9940000 6.14626
9950000 5.68905
9960000 7.21287
9970000 5.97145
9980000 6.40283
9990000 6.64858
10000000 6.78406
10010000 6.07049
10020000 7.68344
10030000 5.96227
10040000 5.71792
10050000 8.9697
10060000 6.05573
10070000 6.44184
10080000 6.66837
10090000 6.83278
10100000 5.97562
10110000 5.95444
10120000 5.93447
10130000 11.432
10140000 6.44646
10150000 6.1468
10160000 6.48013
10170000 6.69382
10180000 6.91491
10190000 5.97076
10200000 7.62691
10210000 5.90519
10220000 9.31094
10230000 6.15248
10240000 6.24374
10250000 6.51714
10260000 6.7255
10270000 7.01746
10280000 5.99805
10290000 6.26911
10300000 5.7599
10310000 6.60122
10320000 5.98511
10330000 6.32817
10340000 6.55354
10350000 6.75125
10360000 7.14294
10370000 6.23112
10380000 7.71555
10390000 5.72102
10400000 6.13947
10410000 5.94846
10420000 6.38233
10430000 6.57694
10440000 6.77258
10450000 7.28003
10460000 7.13943
10470000 6.17963
10480000 5.71617
10490000 6.36613
10500000 5.84146
10510000 6.427
10520000 6.59011
10530000 6.79979
10540000 7.1441
10550000 6.19886
10560000 6.10839
10570000 5.69076
10580000 7.94861
10590000 5.9129
10600000 6.45623
10610000 6.59645
10620000 6.8349
10630000 6.01993
10640000 7.52371
10650000 5.91814
10660000 5.7265
10670000 9.11396
10680000 5.99787
10690000 6.49494
10700000 6.61641
10710000 6.88326
10720000 5.92391
10730000 5.98275
10740000 5.89018
10750000 12.4784
10760000 6.52099
10770000 6.08967
10780000 6.53296
10790000 6.64225
10800000 6.96538
10810000 5.91579
10820000 7.57114
10830000 5.86251
10840000 9.41957
10850000 6.21922
10860000 6.18773
10870000 6.56974
10880000 6.67422
10890000 7.06728
10900000 5.94323
10910000 6.28935
10920000 5.74487
10930000 6.57595
10940000 6.04679
10950000 6.27304
10960000 6.60587
10970000 6.70007
10980000 7.19161
10990000 6.17868
11000000 7.72011
11010000 5.71399
11020000 6.08215
11030000 6.00802
11040000 6.3277
11050000 6.6291
11060000 6.72182
11070000 7.32829
11080000 7.08732
11090000 6.20644
11100000 5.71152
11110000 6.32821
11120000 5.90062
11130000 6.37285
11140000 6.64212
11150000 6.74901
11160000 7.17779
11170000 6.1466
11180000 6.14429
11190000 5.68763
11200000 7.20214
11210000 5.97113
11220000 6.40238
11230000 6.64841
11240000 6.7848
11250000 6.07339
11260000 7.68644
11270000 5.96048
11280000 5.71793
11290000 8.97128
11300000 6.05503
11310000 6.44149
11320000 6.66848
11330000 6.8334
11340000 5.97584
11350000 5.95497
11360000 5.93308
11370000 11.4309
11380000 6.44548
11390000 6.14665
11400000 6.47987
11410000 6.69389
11420000 6.91611
11430000 5.97035
11440000 7.62606
11450000 5.90343
11460000 9.30912
11470000 6.15119
11480000 6.24318
11490000 6.51699
11500000 6.72621
11510000 7.01879
11520000 5.99814
11530000 6.2693
11540000 5.76338
11550000 6.60089
11560000 5.98386
11570000 6.32823
11580000 6.55348
11590000 6.75129
11600000 7.14442
11610000 6.23064
11620000 7.71299
11630000 5.72014
11640000 6.13856
11650000 5.94726
11660000 6.38174
11670000 6.57697
11680000 6.77329
11690000 7.28182
11700000 7.13841
11710000 6.17628
11720000 5.71498
11730000 6.36478
11740000 5.84058
11750000 6.42652
11760000 6.59009
11770000 6.79995
11780000 7.11597
11790000 6.19715
11800000 6.10651
11810000 5.68991
11820000 7.94035
11830000 5.91283
11840000 6.45584
11850000 6.59645
11860000 6.83584
11870000 6.02073
11880000 7.49354
11890000 5.9168
11900000 5.7265
11910000 9.11274
11920000 5.99719
11930000 6.49463
11940000 6.6167
11950000 6.884
11960000 5.92309
11970000 5.98204
11980000 5.88886
11990000 12.4788
12000000 6.51991
12010000 6.08998
12020000 6.53274
12030000 6.64255
12040000 6.966
12050000 5.9147
12060000 7.56919
12070000 5.86092
12080000 9.41921
12090000 6.21787
12100000 6.18739
12110000 6.56962
12120000 6.67496
12130000 7.06857
12140000 5.9428
12150000 6.28867
12160000 5.74736
12170000 6.57573
12180000 6.04457
12190000 6.2739
12200000 6.60583
12210000 6.70025
12220000 7.19307
12230000 6.17806
12240000 7.71514
12250000 5.7153
12260000 6.08111
12270000 6.00709
12280000 6.3273
12290000 6.62913
12300000 6.72284
12310000 7.33002
12320000 7.08665
12330000 6.20475
12340000 5.71054
12350000 6.32707
12360000 5.89971
12370000 6.37255
12380000 6.64209
12390000 6.74929
12400000 7.16306
12410000 6.14498
12420000 6.14334
12430000 5.68678
12440000 7.19101
12450000 5.97081
12460000 6.40215
12470000 6.64841
12480000 6.78579
12490000 6.07277
12500000 7.49297
12510000 5.9592
12520000 5.71754
12530000 8.9697
12540000 6.05415
12550000 6.44134
12560000 6.66882
12570000 6.83438
12580000 5.97309
12590000 5.95119
12600000 5.9319
12610000 11.4294
12620000 6.44406
12630000 6.14627
12640000 6.47979
12650000 6.69496
12660000 6.91674
12670000 5.96746
12680000 7.62397
12690000 5.90211
12700000 9.31088
12710000 6.14993
12720000 6.24271
12730000 6.51699
12740000 6.7268
12750000 7.01997
12760000 5.99643
12770000 6.26993
12780000 5.7603
12790000 6.59986
12800000 5.9834
12810000 6.32844
12820000 6.55354
12830000 6.75144
12840000 7.14559
12850000 6.2298
12860000 7.71143
12870000 5.72241
12880000 6.13742
12890000 5.94572
12900000 6.38136
12910000 6.57709
12920000 6.77423
12930000 7.28368
12940000 7.13809
12950000 6.17608
12960000 5.71432
12970000 6.364
12980000 5.83966
12990000 6.42624
13000000 6.59015
13010000 6.80017
13020000 7.10782
13030000 6.19604
13040000 6.10803
13050000 5.68899
13060000 7.92359
13070000 5.91213
13080000 6.45562
13090000 6.59653
13100000 6.83722
13110000 6.02177
13120000 6.77504
13130000 5.91605
13140000 5.72477
13150000 9.11443
13160000 5.99673
13170000 6.49451
13180000 6.61719
13190000 6.88473
13200000 5.9197
13210000 5.97944
13220000 5.88782
13230000 12.4792
13240000 6.5201
13250000 6.08955
13260000 6.53265
13270000 6.64355
13280000 6.96663
13290000 5.91253
13300000 7.56853
13310000 5.85944
13320000 9.42167
13330000 6.2169
13340000 6.18709
13350000 6.56959
13360000 6.67564
13370000 7.06931
13380000 5.94166
13390000 6.28985
13400000 5.74001
13410000 6.57503
13420000 6.04388
13430000 6.27406
13440000 6.60585
13450000 6.70044
13460000 7.19408
13470000 6.17713
13480000 7.69923
13490000 5.7166
13500000 6.08002
13510000 6.00555
13520000 6.32702
13530000 6.62921
13540000 6.72368
13550000 7.33184
13560000 7.08596
13570000 6.20518
13580000 5.71025
13590000 6.32663
13600000 5.89919
13610000 6.37236
13620000 6.64217
13630000 6.74954
13640000 7.15439
13650000 6.14415
13660000 6.14306
13670000 5.68602
13680000 7.17991
13690000 5.97003
13700000 6.40202
13710000 6.64845
13720000 6.78686
13730000 6.06848
13740000 6.8338
13750000 5.95955
13760000 5.71474
13770000 8.9707
13780000 6.05381
13790000 6.44142
13800000 6.66894
13810000 6.83478
13820000 5.9714
13830000 5.95013
13840000 5.93094
13850000 11.4604
13860000 6.44611
13870000 6.14691
13880000 6.47977
13890000 6.69551
13900000 6.91764
13910000 5.96634
13920000 7.62517
13930000 5.90083
13940000 9.31017
13950000 6.14933
13960000 6.24247
13970000 6.51709
13980000 6.72703
13990000 7.02097
14000000 5.99511
14010000 6.27009
14020000 5.75634
14030000 6.59935
14040000 5.98236
14050000 6.32862
14060000 6.55363
14070000 6.75158
14080000 7.14757
14090000 6.23001
14100000 7.10393
14110000 5.72226
14120000 6.13617
14130000 5.94474
14140000 6.38109
14150000 6.57722
14160000 6.77468
14170000 7.28578
14180000 7.13694
14190000 6.17613
14200000 5.71358
14210000 6.36346
14220000 5.83935
14230000 6.42605
14240000 6.59035
14250000 6.80036
14260000 7.08546
14270000 6.19526
14280000 6.11024
14290000 5.68793
14300000 7.91907
14310000 5.91187
14320000 6.45548
14330000 6.59662
14340000 6.83789
14350000 6.01762
14360000 6.77663
14370000 5.91652
14380000 5.72175
14390000 9.11323
14400000 5.99623
14410000 6.49505
14420000 6.61732
14430000 6.88564
14440000 5.91875
14450000 5.97834
14460000 5.88703
14470000 11.1024
14480000 6.52009
14490000 6.09049
14500000 6.53261
14510000 6.64423
14520000 6.968
14530000 5.91035
14540000 7.56863
14550000 5.8577
14560000 9.41944
14570000 6.21628
14580000 6.18691
14590000 6.56973
14600000 6.67588
14610000 7.07009
14620000 5.94076
14630000 6.2886
14640000 5.73976
14650000 6.57422
14660000 6.04273
14670000 6.27426
14680000 6.6059
14690000 6.7006
14700000 7.19669
14710000 6.17734
14720000 6.97764
14730000 5.71559
14740000 6.07897
14750000 6.00511
14760000 6.32683
14770000 6.62928
14780000 6.72387
14790000 7.33368
14800000 7.08527
14810000 6.20488
14820000 5.70892
14830000 6.32557
14840000 5.8986
14850000 6.37224
14860000 6.64238
14870000 6.74975
14880000 7.11798
14890000 6.14349
14900000 6.14574
14910000 5.685
14920000 7.17929
14930000 5.97019
14940000 6.40194
14950000 6.6485
14960000 6.78766
14970000 6.06445
14980000 6.83849
14990000 5.95908
15000000 5.71252
15010000 8.96835
15020000 6.05342
15030000 6.44193
15040000 6.66934
15050000 6.83602
15060000 5.9707
15070000 5.9489
15080000 5.93035
15090000 10.4344
15100000 6.44355
15110000 6.14706
15120000 6.47978
15130000 6.69607
15140000 6.91942
15150000 5.96353
15160000 7.62371
15170000 5.88691
15180000 9.30957
15190000 6.14868
15200000 6.24258
15210000 6.51721
15220000 6.72711
15230000 7.02199
15240000 5.9946
15250000 6.26846
15260000 5.75725
15270000 6.59961
15280000 5.98201
15290000 6.32888
15300000 6.55371
15310000 6.75168
15320000 7.14973
15330000 6.22958
15340000 6.98266
15350000 5.72068
15360000 6.13572
15370000 5.94407
15380000 6.3809
15390000 6.57732
15400000 6.77481
15410000 7.28833
15420000 7.13651
15430000 6.17532
15440000 5.71309
15450000 6.36173
15460000 5.83884
15470000 6.4259
15480000 6.59058
15490000 6.80051
15500000 7.05137
15510000 6.19484
15520000 6.10953
15530000 5.68737
15540000 7.91672
15550000 5.9118
15560000 6.45538
15570000 6.59684
15580000 6.8382
15590000 6.00481
15600000 6.77899
15610000 5.91609
15620000 5.72091
15630000 9.11169
15640000 5.99618
15650000 6.49546
15660000 6.61771
15670000 6.88631
15680000 5.91829
15690000 5.97724
15700000 5.88651
15710000 11.0564
15720000 6.51867
15730000 6.0907
15740000 6.53259
15750000 6.64486
15760000 6.96962
15770000 5.90953
15780000 7.56951
15790000 5.84718
15800000 9.42031
15810000 6.21552
15820000 6.18701
15830000 6.56974
15840000 6.67598
15850000 7.07179
15860000 5.9403
15870000 6.2877
15880000 5.74251
15890000 6.57581
15900000 6.04322
15910000 6.27457
15920000 6.6064
15930000 6.70073
15940000 7.19817
15950000 6.17623
15960000 6.97332
15970000 5.71504
15980000 6.07884
15990000 6.00341
16000000 6.32723
16010000 6.62936
16020000 6.72401
16030000 7.33592
16040000 7.08467
16050000 6.20358
16060000 5.70981
16070000 6.32342
16080000 5.89808
16090000 6.37214
16100000 6.64275
16110000 6.74991
16120000 7.08484
16130000 6.14285
16140000 6.14611
16150000 5.68443
16160000 7.17466
16170000 5.96991
16180000 6.40188
16190000 6.64909
16200000 6.78853
16210000 6.05479
16220000 6.8439
16230000 5.9589
16240000 5.71218
16250000 8.96912
16260000 6.05327
16270000 6.44234
16280000 6.66938
16290000 6.83655
16300000 5.97001
16310000 5.94922
16320000 5.92985
16330000 10.4312
16340000 6.44522
16350000 6.14707
16360000 6.4798
16370000 6.69648
16380000 6.92099
16390000 5.96428
16400000 7.62509
16410000 5.88637
16420000 9.31091
16430000 6.1483
16440000 6.24334
16450000 6.5176
16460000 6.72718
16470000 7.0232
16480000 5.99385
16490000 6.26809
16500000 5.76132
16510000 6.60108
16520000 5.98215
16530000 6.3291
16540000 6.55426
16550000 6.75177
16560000 7.15104
16570000 6.22851
16580000 6.974
16590000 5.72081
16600000 6.13536
16610000 5.94265
16620000 6.38149
16630000 6.57755
16640000 6.77492
16650000 7.28963
16660000 7.1357
16670000 6.17516
16680000 5.71246
16690000 6.35968
16700000 5.83847
16710000 6.4258
16720000 6.59102
16730000 6.80063
16740000 7.03352
16750000 6.19453
16760000 6.10721
16770000 5.68683
16780000 7.91763
16790000 5.91212
16800000 6.45531
16810000 6.59772
16820000 6.839
16830000 6.0071
16840000 6.77981
16850000 5.91577
16860000 5.7204
16870000 9.11063
16880000 5.99591
16890000 6.49542
16900000 6.61778
16910000 6.88692
16920000 5.91734
16930000 5.97766
16940000 5.88596
16950000 11.0562
16960000 6.52019
16970000 6.0907
16980000 6.53272
16990000 6.64513
17000000 6.9708
17010000 5.90992
17020000 7.56719
17030000 5.84622
17040000 9.42084
17050000 6.21581
17060000 6.18857
17070000 6.57068
17080000 6.67607
17090000 7.07243
17100000 5.93922
17110000 6.2871
17120000 5.74756
17130000 6.57562
17140000 6.04284
17150000 6.27465
17160000 6.60695
17170000 6.70083
17180000 7.20025
17190000 6.17517
17200000 6.97469
17210000 5.7153
17220000 6.07807
17230000 6.00278
17240000 6.3287
17250000 6.62976
17260000 6.72413
17270000 7.33788
17280000 7.08425
17290000 6.20355
17300000 5.70692
17310000 6.32362
17320000 5.89784
17330000 6.37208
17340000 6.64289
17350000 6.75005
17360000 7.08944
17370000 6.14278
17380000 6.13288
17390000 5.68405
17400000 7.17944
17410000 5.97023
17420000 6.40247
17430000 6.64982
17440000 6.78869
17450000 6.05683
17460000 6.85083
17470000 5.95828
17480000 5.71169
17490000 8.96655
17500000 6.05366
17510000 6.44244
17520000 6.66942
17530000 6.8372
17540000 5.96912
17550000 5.9488
17560000 5.92928
17570000 10.4302
17580000 6.44432
17590000 6.14693
17600000 6.47997
17610000 6.69655
17620000 6.92167
17630000 5.9633
17640000 7.62241
17650000 5.88581
17660000 9.3104
17670000 6.14937
17680000 6.24404
17690000 6.51851
17700000 6.72724
17710000 7.02384
17720000 5.99287
17730000 6.26683
17740000 5.76829
17750000 6.59968
17760000 5.98263
17770000 6.32916
17780000 6.55482
17790000 6.75184
17800000 7.15287
17810000 6.22784
17820000 6.98824
17830000 5.72166
17840000 6.13425
17850000 5.94198
17860000 6.38295
17870000 6.57807
17880000 6.775
17890000 7.29162
17900000 7.13524
17910000 6.17655
17920000 5.70816
17930000 6.35902
17940000 5.83814
17950000 6.42572
17960000 6.59108
17970000 6.80073
17980000 7.04413
17990000 6.19452
18000000 6.09441
18010000 5.68642
18020000 7.91824
18030000 5.91201
18040000 6.45629
18050000 6.5982
18060000 6.83912
18070000 6.00993
18080000 6.78122
18090000 5.91475
18100000 5.72005
18110000 9.10885
18120000 5.99644
18130000 6.4955
18140000 6.61783
18150000 6.88741
18160000 5.91679
18170000 5.97779
18180000 5.88552
18190000 11.0602
18200000 6.51948
18210000 6.09042
18220000 6.53297
18230000 6.64521
18240000 6.97134
18250000 5.90731
18260000 7.56644
18270000 5.84607
18280000 9.41877
18290000 6.21726
18300000 6.18881
18310000 6.57146
18320000 6.67614
18330000 7.07265
18340000 5.93889
18350000 6.28732
18360000 5.75247
18370000 6.5742
18380000 6.043
18390000 6.27454
18400000 6.60715
18410000 6.70091
18420000 7.20088
18430000 6.17597
18440000 6.97352
18450000 5.71523
18460000 6.0767
18470000 6.00205
18480000 6.32889
18490000 6.63025
18500000 6.72423
18510000 7.33947
18520000 7.08371
18530000 6.20717
18540000 5.70263
18550000 6.32114
18560000 5.89742
18570000 6.37203
18580000 6.64292
18590000 6.75016
18600000 7.11032
18610000 6.14202
18620000 6.1313
18630000 5.68377
18640000 7.17956
18650000 5.97006
18660000 6.40312
18670000 6.65053
18680000 6.78882
18690000 6.05835
18700000 6.84087
18710000 5.95704
18720000 5.7113
18730000 8.96574
18740000 6.05379
18750000 6.44277
18760000 6.66945
18770000 6.83782
18780000 5.96862
18790000 5.95114
18800000 5.92882
18810000 10.4307
18820000 6.44446
18830000 6.14693
18840000 6.48041
18850000 6.69661
18860000 6.92237
18870000 5.96161
18880000 7.62066
18890000 5.8859
18900000 9.30874
18910000 6.1498
18920000 6.2443
18930000 6.5194
18940000 6.72729
18950000 7.0245
18960000 5.99192
18970000 6.2679
18980000 5.7686
18990000 6.59909
19000000 5.98251
19010000 6.32905
19020000 6.55523
19030000 6.7519
19040000 7.15355
19050000 6.22722
19060000 6.98639
19070000 5.72119
19080000 6.13312
19090000 5.94168
19100000 6.3831
19110000 6.5787
19120000 6.77508
19130000 7.29351
19140000 7.13492
19150000 6.17875
19160000 5.703
19170000 6.3577
19180000 5.83776
19190000 6.42567
19200000 6.59114
19210000 6.80082
19220000 7.06747
19230000 6.19319
19240000 6.09212
19250000 5.68688
19260000 7.91965
19270000 5.91217
19280000 6.45694
19290000 6.59881
19300000 6.83923
19310000 6.00318
19320000 6.77261
19330000 5.9137
19340000 5.71965
19350000 9.10746
19360000 5.9972
19370000 6.49584
19380000 6.61789
19390000 6.88817
19400000 5.91637
19410000 5.98068
19420000 5.88534
19430000 11.0654
19440000 6.51708
19450000 6.09116
19460000 6.53333
19470000 6.64529
19480000 6.97192
19490000 5.90765
19500000 7.56339
19510000 5.84623
19520000 9.41912
19530000 6.21653
19540000 6.18968
19550000 6.57234
19560000 6.67622
19570000 7.07509
19580000 5.94296
19590000 6.28549
19600000 5.75439
19610000 6.5749
19620000 6.04291
19630000 6.27445
19640000 6.6074
19650000 6.701
19660000 7.20169
19670000 6.17388
19680000 6.97809
19690000 5.71523
19700000 6.07603
19710000 6.00161
19720000 6.3292
19730000 6.6308
19740000 6.72432
19750000 7.34042
19760000 7.08369
19770000 6.20696
19780000 5.69803
19790000 6.31995
19800000 5.89712
19810000 6.37199
19820000 6.64297
19830000 6.75029
19840000 7.12382
19850000 6.14225
19860000 6.12659
19870000 5.68439
19880000 7.17823
19890000 5.9703
19900000 6.40402
19910000 6.65058
19920000 6.78894
19930000 6.04901
19940000 6.84004
19950000 5.95603
19960000 5.71114
19970000 8.96339
19980000 6.05443
19990000 6.44301
20000000 6.6695
20010000 6.83835
20020000 5.96834
20030000 5.95249
20040000 5.92947
20050000 10.4364
20060000 6.44327
20070000 6.1474
20080000 6.4809
20090000 6.69667
20100000 6.92292
20110000 5.96017
20120000 7.61844
20130000 5.88634
20140000 9.31017
20150000 6.14814
20160000 6.24522
20170000 6.51993
20180000 6.72735
20190000 7.02672
20200000 5.98883
20210000 6.26492
20220000 5.77024
20230000 6.60016
20240000 5.9822
20250000 6.32896
20260000 6.5553
20270000 6.75197
20280000 7.15402
20290000 6.22661
20300000 6.98534
20310000 5.71923
20320000 6.13282
20330000 5.94073
20340000 6.38406
20350000 6.57939
20360000 6.77515
20370000 7.29531
20380000 7.13468
20390000 6.17779
20400000 5.70363
20410000 6.35651
20420000 5.83773
20430000 6.42562
20440000 6.59119
20450000 6.80123
20460000 7.08499
20470000 6.19539
20480000 6.08551
20490000 5.68724
20500000 7.91407
20510000 5.91241
20520000 6.45811
20530000 6.59888
20540000 6.83932
20550000 5.99432
20560000 6.77262
20570000 5.91285
20580000 5.71967
20590000 9.10593
20600000 5.99718
20610000 6.49657
20620000 6.61795
20630000 6.88872
20640000 5.9161
20650000 5.98177
20660000 5.88644
20670000 11.069
20680000 6.52037
20690000 6.0913
20700000 6.53395
20710000 6.64536
20720000 6.97239
20730000 5.9053
20740000 7.56231
20750000 5.84568
20760000 9.42025
20770000 6.2148
20780000 6.18981
20790000 6.57285
20800000 6.67628
20810000 7.07591
20820000 5.92353
20830000 6.28478
20840000 5.74829
20850000 6.57548
20860000 6.04249
20870000 6.27438
20880000 6.60745
20890000 6.70106
20900000 7.20294
20910000 6.17313
20920000 6.97298
20930000 5.71253
20940000 6.07576
20950000 6.00054
20960000 6.33005
20970000 6.63211
20980000 6.72439
20990000 7.34353
21000000 7.08303
21010000 6.20624
21020000 5.70174
21030000 6.31962
21040000 5.89708
21050000 6.37196
21060000 6.64301
21070000 6.75078
21080000 7.13517
21090000 6.14327
21100000 6.12328
21110000 5.68516
21120000 7.17568
21130000 5.97059
21140000 6.40474
21150000 6.65063
21160000 6.78903
21170000 6.04094
21180000 6.84045
21190000 5.95676
21200000 5.71008
21210000 8.96362
21220000 6.05493
21230000 6.44381
21240000 6.66954
21250000 6.8392
21260000 5.96803
21270000 5.95465
21280000 5.92918
21290000 10.4387
21300000 6.31043
21310000 6.14754
21320000 6.48134
21330000 6.69673
21340000 6.92335
21350000 5.9595
21360000 7.61709
21370000 5.88453
21380000 9.31071
21390000 6.14646
21400000 6.24581
21410000 6.52098
21420000 6.7274
21430000 7.02749
21440000 5.97275
21450000 6.26475
21460000 5.76196
21470000 6.59934
21480000 5.98183
21490000 6.32888
21500000 6.55537
21510000 6.75201
21520000 7.15555
21530000 6.22554
21540000 6.98229
21550000 5.71808
21560000 6.13327
21570000 5.94013
21580000 6.38501
21590000 6.58095
21600000 6.7752
21610000 7.29716
21620000 7.13444
21630000 6.17828
21640000 5.70791
21650000 6.35388
21660000 5.83758
21670000 6.42558
21680000 6.59125
21690000 6.80184
21700000 7.07146
21710000 6.19436
21720000 6.08482
21730000 5.68784
21740000 7.91627
21750000 5.91272
21760000 6.45819
21770000 6.59894
21780000 6.83939
21790000 5.99121
21800000 6.77443
21810000 5.91352
21820000 5.71807
21830000 9.10633
21840000 5.99763
21850000 6.49688
21860000 6.618
21870000 6.88988
21880000 5.91571
21890000 5.98235
21900000 5.88564
21910000 11.0744
21920000 6.36948
21930000 6.09139
21940000 6.53418
21950000 6.64543
21960000 6.97291
21970000 5.90453
21980000 7.56124
21990000 5.84446
22000000 9.42087
22010000 6.21227
22020000 6.19081
22030000 6.57357
22040000 6.67635
22050000 7.0762
22060000 5.91767
22070000 6.28459
22080000 5.74428
22090000 6.57422
22100000 6.04211
22110000 6.27431
22120000 6.6075
22130000 6.70112
22140000 7.20465
22150000 6.17279
22160000 6.97272
22170000 5.71215
22180000 6.0763
22190000 6.00028
22200000 6.33099
22210000 6.63331
22220000 6.72446
22230000 7.3445
22240000 7.08363
22250000 6.2041
22260000 5.70246
22270000 6.23665
22280000 5.89694
22290000 6.37193
22300000 6.64305
22310000 6.7513
22320000 7.11191
22330000 6.143
22340000 6.12292
22350000 5.68422
22360000 7.1751
22370000 5.97101
22380000 6.40539
22390000 6.65067
22400000 6.78912
22410000 6.04046
22420000 6.84268
22430000 5.9564
22440000 5.70966
22450000 8.96338
22460000 6.05503
22470000 6.44451
22480000 6.66958
22490000 6.84012
22500000 5.9675
22510000 5.95212
22520000 5.92904
22530000 10.4423
22540000 6.29834
22550000 6.14806
22560000 6.48174
22570000 6.69678
22580000 6.92372
22590000 5.95816
22600000 7.61665
22610000 5.88461
22620000 9.31107
22630000 6.14466
22640000 6.24641
22650000 6.52146
22660000 6.72744
22670000 7.02766
22680000 5.97097
22690000 6.26501
22700000 5.7622
22710000 6.59813
22720000 5.98143
22730000 6.3288
22740000 6.55542
22750000 6.75206
22760000 7.15706
22770000 6.22531
22780000 6.98222
22790000 5.7176
22800000 6.1337
22810000 5.93975
22820000 6.38523
22830000 6.58181
22840000 6.77525
22850000 7.29915
22860000 7.13491
22870000 6.17487
22880000 5.70547
22890000 6.27663
22900000 5.83783
22910000 6.42553
22920000 6.5913
22930000 6.80248
22940000 7.07281
22950000 6.19536
22960000 6.0841
22970000 5.68645
22980000 7.91184
22990000 5.91314
23000000 6.45925
23010000 6.59899
23020000 6.83945
23030000 5.98824
23040000 6.77932
23050000 5.91322
23060000 5.71761
23070000 9.10625
23080000 5.99779
23090000 6.49762
23100000 6.61805
23110000 6.89041
23120000 5.91545
23130000 5.97964
23140000 5.88545
23150000 11.0747
23160000 6.36907
23170000 6.09196
23180000 6.53444
23190000 6.64549
23200000 6.97368
23210000 5.90328
23220000 7.56099
23230000 5.84508
23240000 9.42174
23250000 6.21203
23260000 6.19128
23270000 6.57418
23280000 6.6764
23290000 7.07734
23300000 5.91758
23310000 6.28514
23320000 5.7462
23330000 6.57316
23340000 6.04175
23350000 6.27426
23360000 6.60754
23370000 6.70117
23380000 7.2055
23390000 6.17225
23400000 6.97358
23410000 5.71182
23420000 6.07809
23430000 5.99983
23440000 6.3316
23450000 6.63383
23460000 6.72451
23470000 7.34622
23480000 7.08342
23490000 6.20487
23500000 5.74068
23510000 6.23709
23520000 5.89719
23530000 6.37191
23540000 6.64308
23550000 6.75271
23560000 7.12581
23570000 6.146
23580000 6.123
23590000 5.68392
23600000 7.17222
23610000 5.97147
23620000 6.40662
23630000 6.65071
23640000 6.78918
23650000 6.04301
23660000 6.84423
23670000 5.95566
23680000 5.70815
23690000 8.96345
23700000 6.05541
23710000 6.44479
23720000 6.66961
23730000 6.84084
23740000 5.96745
23750000 5.95132
23760000 5.92947
23770000 10.4431
23780000 6.2983
23790000 6.14833
23800000 6.48176
23810000 6.69682
23820000 6.92462
23830000 5.95741
23840000 7.61585
23850000 5.88453
23860000 9.31246
23870000 6.14494
23880000 6.24741
23890000 6.52294
23900000 6.72747
23910000 7.02905
23920000 5.97307
23930000 6.26532
23940000 5.76496
23950000 6.59763
23960000 5.98104
23970000 6.32873
23980000 6.55547
23990000 6.75209
24000000 7.15802
24010000 6.22469
24020000 6.98269
24030000 5.71747
24040000 6.13731
24050000 5.93936
24060000 6.38568
24070000 6.58201
24080000 6.77528
24090000 7.3002
24100000 7.13418
24110000 6.17417
24120000 5.73492
24130000 6.27885
24140000 5.83779
24150000 6.4255
24160000 6.59134
24170000 6.80347
24180000 7.07239
24190000 9.47267
24200000 6.08467
24210000 5.68604
24220000 7.91275
24230000 5.91365
24240000 6.46049
24250000 6.59903
24260000 6.8395
24270000 5.99278
24280000 6.77856
24290000 5.91269
24300000 5.71601
24310000 9.10603
24320000 5.99832
24330000 6.49776
24340000 6.61809
24350000 6.89186
24360000 5.91527
24370000 5.97931
24380000 5.88591
24390000 11.0775
24400000 6.36939
24410000 6.09218
24420000 6.53444
24430000 6.64554
24440000 6.97409
24450000 5.90226
24460000 7.56029
24470000 5.84487
24480000 9.42308
24490000 6.21298
24500000 6.1927
24510000 6.57545
24520000 6.67657
24530000 7.07798
24540000 5.91793
24550000 6.2851
24560000 5.74986
24570000 6.57362
24580000 6.04132
24590000 6.2742
24600000 6.60757
24610000 6.70136
24620000 7.20639
24630000 6.17184
24640000 6.976
24650000 5.71173
24660000 6.08276
24670000 5.99958
24680000 6.33173
24690000 6.63386
24700000 6.72456
24710000 7.3478
24720000 7.08298
24730000 6.20162
24740000 5.73304
24750000 6.23765
24760000 5.89719
24770000 6.37188
24780000 6.64311
24790000 6.75316
24800000 7.12523
24810000 9.22543
24820000 6.12324
24830000 5.68339
24840000 7.17174
24850000 5.97158
24860000 6.40725
24870000 6.65074
24880000 6.78924
24890000 6.04753
24900000 6.84718
24910000 5.95413
24920000 5.70742
24930000 8.96231
24940000 6.05575
24950000 6.44479
24960000 6.66963
24970000 6.84242
24980000 5.9671
24990000 5.9512
25000000 5.92937
25010000 10.4451
25020000 6.29779
25030000 6.14892
25040000 6.48178
25050000 6.69686
25060000 6.925
25070000 5.95585
25080000 7.61582
25090000 5.88506
25100000 9.31342
25110000 6.14613
25120000 6.24833
25130000 6.52385
25140000 6.72769
25150000 7.03066
25160000 5.97172
25170000 6.26516
25180000 5.76651
25190000 6.59869
25200000 5.98067
25210000 6.32867
25220000 6.55552
25230000 6.75249
25240000 7.15881
25250000 6.22412
25260000 6.98785
25270000 5.71732
25280000 6.14072
25290000 5.939
25300000 6.3864
25310000 6.58206
25320000 6.77531
25330000 7.30214
25340000 7.1347
25350000 6.17372
25360000 5.73579
25370000 6.27696
25380000 5.8379
25390000 6.42546
25400000 6.59138
25410000 6.8038
25420000 7.07119
25430000 8.60555
25440000 6.08498
25450000 5.68609
25460000 7.91005
25470000 5.91377
25480000 6.46125
25490000 6.59908
25500000 6.83954
25510000 5.99646
25520000 6.78183
25530000 5.90912
25540000 5.71647
25550000 9.10497
25560000 5.99873
25570000 6.49774
25580000 6.61812
25590000 6.89317
25600000 5.91509
25610000 5.98092
25620000 5.8864
25630000 11.0772
25640000 6.36906
25650000 6.09321
25660000 6.53444
25670000 6.64559
25680000 6.97478
25690000 5.90045
25700000 7.56022
25710000 5.84454
25720000 9.42434
25730000 6.21313
25740000 6.1932
25750000 6.5762
25760000 6.67725
25770000 7.07938
25780000 5.91674
25790000 6.28352
25800000 5.74784
25810000 6.57473
25820000 6.04097
25830000 6.27415
25840000 6.6076
25850000 6.70174
25860000 7.20655
25870000 6.17134
25880000 6.97962
25890000 5.71144
25900000 6.08499
25910000 5.99934
25920000 6.33324
25930000 6.6339
25940000 6.72459
25950000 7.34913
25960000 7.08325
25970000 6.20593
25980000 5.73502
25990000 6.2351
26000000 5.89727
26010000 6.37185
26020000 6.64314
26030000 6.75341
26040000 7.09974
26050000 9.23138
26060000 6.12418
26070000 5.68311
26080000 7.1696
26090000 5.97178
26100000 6.4087
26110000 6.65077
26120000 6.78929
26130000 6.0508
26140000 6.84975
26150000 5.95185
26160000 5.71098
26170000 8.96467
26180000 6.05616
26190000 6.44478
26200000 6.66966
26210000 6.84343
26220000 5.9669
26230000 5.95429
26240000 5.92728
26250000 10.4459
26260000 6.29637
26270000 6.14974
26280000 6.48178
26290000 6.69689
26300000 6.92584
26310000 5.95525
26320000 7.61538
26330000 5.88386
26340000 9.31388
26350000 6.14516
26360000 6.24909
26370000 6.52387
26380000 6.72849
26390000 7.03158
26400000 5.97081
26410000 6.26381
26420000 5.7635
26430000 6.59965
26440000 5.98034
26450000 6.32861
26460000 6.55555
26470000 6.75295
26480000 7.15897
26490000 6.22359
26500000 6.98813
26510000 5.71708
26520000 6.1424
26530000 5.9391
26540000 6.38757
26550000 6.5821
26560000 6.77534
26570000 7.303
26580000 7.13446
26590000 6.17544
26600000 5.7381
26610000 6.27717
26620000 5.83778
26630000 6.42543
26640000 6.59142
26650000 6.8043
26660000 7.04259
26670000 8.60171
26680000 6.0859
26690000 5.68562
26700000 7.90835
26710000 5.91379
26720000 6.46285
26730000 6.59911
26740000 6.83957
26750000 6.00177
26760000 6.7802
26770000 5.90938
26780000 5.7216
26790000 9.10884
26800000 6.00018
26810000 6.49772
26820000 6.61815
26830000 6.89433
26840000 5.91493
26850000 5.98293
26860000 5.88269
26870000 11.0779
26880000 6.36639
26890000 6.09382
26900000 6.53444
26910000 6.64562
26920000 6.97521
26930000 5.90084
26940000 7.55992
26950000 5.84398
26960000 9.42454
26970000 6.21222
26980000 6.19393
26990000 6.57622
27000000 6.67795
27010000 7.0802
27020000 5.91519
27030000 6.28355
27040000 5.74767
27050000 6.57545
27060000 6.0406
27070000 6.2741
27080000 6.60763
27090000 6.70214
27100000 7.20738
27110000 6.17122
27120000 6.97934
27130000 5.7112
27140000 6.0859
27150000 5.99929
27160000 6.33415
27170000 6.63393
27180000 6.72462
27190000 7.34971
27200000 7.08367
27210000 6.20179
27220000 5.7399
27230000 6.2349
27240000 5.89717
27250000 6.37183
27260000 6.64316
27270000 6.7538
27280000 7.08017
27290000 9.22081
27300000 6.12477
27310000 5.6829
27320000 7.16956
27330000 5.97186
27340000 6.40957
27350000 6.65079
27360000 6.78932
27370000 6.0564
27380000 6.84472
27390000 5.95254
27400000 5.71306
27410000 8.96566
27420000 6.05728
27430000 6.44477
27440000 6.66967
27450000 6.84473
27460000 5.96735
27470000 5.95578
27480000 5.92588
27490000 10.4453
27500000 6.29479
27510000 6.15016
27520000 6.48179
27530000 6.69691
27540000 6.92592
27550000 5.95467
27560000 7.61501
27570000 5.88363
27580000 9.31399
27590000 6.14468
27600000 6.24956
27610000 6.52389
27620000 6.72916
27630000 7.03185
27640000 5.96797
27650000 6.26683
27660000 5.76468
27670000 6.59981
27680000 5.98012
27690000 6.32856
27700000 6.55558
27710000 6.75357
27720000 7.16007
27730000 6.22313
27740000 6.98931
27750000 5.71651
27760000 6.14131
27770000 5.9391
27780000 6.38932
27790000 6.58213
27800000 6.77535
27810000 7.3032
27820000 7.13407
27830000 6.17187
27840000 5.73846
27850000 6.27695
27860000 5.8379
27870000 6.42539
27880000 6.59145
27890000 6.80445
27900000 7.01314
27910000 8.59994
27920000 6.0863
27930000 5.6854
27940000 7.90804
27950000 5.9138
27960000 6.46282
27970000 6.59914
27980000 6.83959
27990000 6.00573
28000000 6.77494
28010000 5.91065
28020000 5.7247
28030000 9.10731
28040000 6.00066
28050000 6.4977
28060000 6.61818
28070000 6.89522
28080000 5.91544
28090000 5.98477
28100000 5.88112
28110000 11.0766
28120000 6.36587
28130000 6.09482
28140000 6.53443
28150000 6.64565
28160000 6.97557
28170000 5.89966
28180000 7.55929
28190000 5.84377
28200000 9.42338
28210000 6.21176
28220000 6.1945
28230000 6.57623
28240000 6.67832
28250000 7.08048
28260000 5.91352
28270000 6.28834
28280000 5.74826
28290000 6.57417
28300000 6.04046
28310000 6.27406
28320000 6.60765
28330000 6.70309
28340000 7.20796
28350000 6.1701
28360000 6.98003
28370000 5.71082
28380000 6.08459
28390000 5.99964
28400000 6.33553
28410000 6.63395
28420000 6.72464
28430000 7.35052
28440000 7.08314
28450000 6.20187
28460000 5.73095
28470000 6.23491
28480000 5.89721
28490000 6.3718
28500000 6.64318
28510000 6.75424
28520000 7.05788
28530000 9.21607
28540000 6.12516
28550000 5.6827
28560000 7.17034
28570000 5.97201
28580000 6.40955
28590000 6.65081
28600000 6.78934
28610000 6.05216
28620000 6.83991
28630000 5.95271
28640000 5.71491
28650000 8.96416
28660000 6.05778
28670000 6.44475
28680000 6.66969
28690000 6.84559
28700000 5.96809
28710000 5.95453
28720000 5.92392
28730000 10.4446
28740000 6.29519
28750000 6.151
28760000 6.48179
28770000 6.69702
28780000 6.92658
28790000 5.95321
28800000 7.61465
28810000 5.88346
28820000 9.31265
28830000 6.14468
28840000 6.25012
28850000 6.52391
28860000 6.72959
28870000 7.03194
28880000 5.96567
28890000 6.27008
28900000 5.76835
28910000 6.59771
28920000 5.98011
28930000 6.32851
28940000 6.55561
28950000 6.75417
28960000 7.16043
28970000 6.22213
28980000 6.98944
28990000 5.71682
29000000 6.14437
29010000 5.93916
29020000 6.39005
29030000 6.58216
29040000 6.77536
29050000 7.30391
29060000 7.13418
29070000 6.17581
29080000 5.73176
29090000 6.27785
29100000 5.83773
29110000 6.42536
29120000 6.59147
29130000 6.80486
29140000 7.00302
29150000 8.60049
29160000 6.08582
29170000 5.68518
29180000 7.9114
29190000 5.91399
29200000 6.46279
29210000 6.59916
29220000 6.8396
29230000 6.00476
29240000 6.77312
29250000 5.91099
29260000 5.72544
29270000 9.10669
29280000 6.00063
29290000 6.49768
29300000 6.61819
29310000 6.8956
29320000 5.91667
29330000 5.98175
29340000 5.88039
29350000 11.0771
29360000 6.36348
29370000 6.09482
29380000 6.53443
29390000 6.64604
29400000 6.97632
29410000 5.8997
29420000 7.55905
29430000 5.84376
29440000 9.42273
29450000 6.21253
29460000 6.19544
29470000 6.57624
29480000 6.67967
29490000 7.08157
29500000 5.90883
29510000 6.29163
29520000 5.75345
29530000 6.57229
29540000 6.04049
29550000 6.27402
29560000 6.60766
29570000 6.70404
29580000 7.20839
29590000 6.16935
29600000 6.98192
29610000 5.71121
29620000 6.08858
29630000 5.99922
29640000 6.33614
29650000 6.63397
29660000 6.72465
29670000 7.35064
29680000 7.08312
29690000 6.2036
29700000 5.72698
29710000 6.2376
29720000 5.89716
29730000 6.37178
29740000 6.6432
29750000 6.75444
29760000 7.05686
29770000 9.21962
29780000 6.12314
29790000 5.68238
29800000 7.16998
29810000 5.97197
29820000 6.40952
29830000 6.65082
29840000 6.78935
29850000 6.05972
29860000 6.84003
29870000 5.95218
29880000 5.72469
29890000 8.96288
29900000 6.05838
29910000 6.44474
29920000 6.67068
29930000 6.84593
29940000 5.96743
29950000 5.95271
29960000 5.92521
29970000 10.4463
29980000 6.29174
29990000 6.1513
30000000 6.48178
