10000 139.031
20000 73.6857
30000 49.7513
40000 38.9624
50000 30.3644
60000 24.6528
70000 20.659
80000 19.2842
90000 16.9236
100000 14.9903
110000 13.8016
120000 13.307
130000 13.3288
140000 11.649
150000 11.9861
160000 10.3928
170000 10.6517
180000 9.66176
190000 9.25818
200000 8.94323
210000 9.30311
220000 9.76162
230000 9.27895
240000 8.52935
250000 8.36809
260000 8.55985
270000 8.19542
280000 7.63927
290000 7.55552
300000 7.96807
310000 8.44615
320000 7.62897
330000 7.52816
340000 7.52211
350000 7.69792
360000 8.0606
370000 6.96055
380000 7.03595
390000 7.33266
400000 7.06111
410000 6.94558
420000 7.3551
430000 7.09374
440000 7.28947
450000 7.23259
460000 8.62631
470000 6.80048
480000 6.99657
490000 6.65487
500000 6.6184
510000 6.65508
520000 6.84658
530000 7.08778
540000 7.57417
550000 6.91092
560000 6.65231
570000 6.78528
580000 6.79593
590000 6.32495
600000 6.39482
610000 6.6758
620000 6.95323
630000 6.64333
640000 6.63075
650000 6.53066
660000 6.65362
670000 7.30949
680000 6.1902
690000 6.32751
700000 6.55511
710000 6.34203
720000 6.33229
730000 6.78843
740000 6.45005
750000 6.58774
760000 6.71854
770000 8.14384
780000 6.30529
790000 6.48042
800000 6.19022
810000 6.20184
820000 6.25016
830000 6.39417
840000 6.57601
850000 7.2365
860000 6.57416
870000 6.28514
880000 6.42138
890000 6.47586
900000 6.01937
910000 6.09565
920000 6.34215
930000 6.5634
940000 6.36751
950000 6.3875
960000 6.25264
970000 6.38341
980000 7.02115
990000 5.96213
1000000 6.09394
1010000 6.29858
1020000 6.10519
1030000 6.11442
1040000 6.63844
1050000 6.2306
1060000 6.37645
1070000 6.49029
1080000 8.12862
1090000 6.11155
1100000 6.27438
1110000 6.00885
1120000 6.02855
1130000 6.11579
1140000 6.21618
1150000 6.40474
1160000 7.0667
1170000 6.47027
1180000 6.12212
1190000 6.25294
1200000 6.33221
1210000 5.88182
1220000 5.99032
1230000 6.19588
1240000 6.42001
1250000 6.23207
1260000 6.28906
1270000 6.11581
1280000 6.24287
1290000 6.98064
1300000 5.84952
1310000 6.0097
1320000 6.1768
1330000 6.01153
1340000 6.00278
1350000 6.53919
1360000 6.11395
1370000 6.25616
1380000 6.43498
1390000 8.05873
1400000 6.04191
1410000 6.17096
1420000 5.93541
1430000 5.9096
1440000 6.02433
1450000 6.11491
1460000 6.29938
1470000 7.01968
1480000 6.39827
1490000 6.06464
1500000 6.16466
1510000 6.2748
1520000 5.80174
1530000 5.91045
1540000 6.10766
1550000 6.32474
1560000 6.16739
1570000 6.22905
1580000 6.06956
1590000 6.16629
1600000 6.937
1610000 5.78036
1620000 5.93992
1630000 6.09934
1640000 5.938
1650000 5.94052
1660000 6.48337
1670000 6.07701
1680000 6.18875
1690000 6.39946
1700000 8.01812
1710000 5.97905
1720000 6.10205
1730000 5.87268
1740000 5.85773
1750000 5.97006
1760000 6.08522
1770000 6.23931
1780000 6.99461
1790000 6.35363
1800000 6.00792
1810000 6.10325
1820000 6.2183
1830000 5.75824
1840000 5.86193
1850000 6.08436
1860000 6.27275
1870000 6.14263
1880000 6.18943
1890000 6.0185
1900000 6.11083
1910000 6.8923
1920000 5.74326
1930000 5.89686
1940000 6.08158
1950000 5.89367
1960000 5.9211
1970000 6.42234
1980000 6.03088
1990000 6.13815
2000000 6.35758
2010000 7.88501
2020000 5.93984
2030000 6.08869
2040000 5.8338
2050000 5.83612
2060000 5.92487
2070000 6.0432
2080000 6.19243
2090000 6.95807
2100000 6.30955
2110000 5.97216
2120000 6.094
2130000 6.18563
2140000 5.73507
2150000 5.82069
2160000 6.04596
2170000 6.22826
2180000 6.10578
2190000 6.162
2200000 5.98605
2210000 6.10489
2220000 6.79614
2230000 5.7233
2240000 5.85903
2250000 6.04634
2260000 5.85992
2270000 5.88594
2280000 6.4338
2290000 6.00136
2300000 6.13503
2310000 6.28701
2320000 7.99275
2330000 5.90435
2340000 6.0561
2350000 5.80399
2360000 5.80609
2370000 5.92391
2380000 6.01617
2390000 6.19167
2400000 6.90374
2410000 6.31924
2420000 5.93884
2430000 6.06396
2440000 6.15807
2450000 5.7123
2460000 5.82354
2470000 6.02111
2480000 6.2266
2490000 6.07232
2500000 6.15558
2510000 5.95481
2520000 6.07693
2530000 6.84399
2540000 5.70311
2550000 5.86374
2560000 6.02345
2570000 5.85776
2580000 5.85822
2590000 6.41045
2600000 5.97198
2610000 6.10906
2620000 6.30846
2630000 7.9761
2640000 5.91074
2650000 6.03482
2660000 5.80372
2670000 5.78128
2680000 5.90139
2690000 5.98839
2700000 6.16685
2710000 6.91504
2720000 6.30281
2730000 5.94623
2740000 6.04439
2750000 6.16024
2760000 5.69097
2770000 5.79989
2780000 5.99473
2790000 6.19941
2800000 6.06153
2810000 6.14361
2820000 5.96343
2830000 6.05873
2840000 6.84369
2850000 5.68306
2860000 5.84154
2870000 5.99834
2880000 5.8342
2890000 5.84203
2900000 6.39536
2910000 5.98168
2920000 6.09185
2930000 6.31429
2940000 7.96365
2950000 5.88976
2960000 6.01082
2970000 5.78133
2980000 5.76827
2990000 5.88553
3000000 5.99911
3010000 6.15081
3020000 6.92162
3030000 6.28892
3040000 5.92617
3050000 6.02158
3060000 6.13813
3070000 5.68132
3080000 5.78427
3090000 6.00636
3100000 6.18075
3110000 6.06804
3120000 5.86429
3130000 5.94431
3140000 6.03665
3150000 6.8243
3160000 5.67465
3170000 5.82691
3180000 6.01081
3190000 5.81924
3200000 5.85062
3210000 6.35844
3220000 5.96342
3230000 6.07065
3240000 6.29755
3250000 7.84674
3260000 5.87598
3270000 6.02398
3280000 5.76675
3290000 5.77095
3300000 5.86374
3310000 5.98167
3320000 6.13031
3330000 6.90519
3340000 6.26263
3350000 5.91302
3360000 6.03544
3370000 6.12718
3380000 5.67865
3390000 5.7637
3400000 5.98964
3410000 6.16005
3420000 6.05096
3430000 5.91805
3440000 5.93186
3450000 6.05128
3460000 6.74409
3470000 5.67255
3480000 5.8072
3490000 5.99474
3500000 5.80537
3510000 5.8338
3520000 6.38613
3530000 5.95159
3540000 6.0857
3550000 6.24233
3560000 7.96523
3570000 5.8569
3580000 6.00856
3590000 5.7531
3600000 5.75743
3610000 5.87874
3620000 5.97044
3630000 6.14556
3640000 6.86329
3650000 6.28471
3660000 5.89451
3670000 6.02066
3680000 6.11397
3690000 5.66934
3700000 5.77996
3710000 5.97889
3720000 6.17728
3730000 6.0305
3740000 5.88973
3750000 5.91387
3760000 6.03686
3770000 6.80184
3780000 5.66431
3790000 5.8239
3800000 5.98444
3810000 5.81702
3820000 5.81841
3830000 6.37318
3840000 5.93405
3850000 6.07173
3860000 6.27446
3870000 7.9552
3880000 5.87384
3890000 5.99876
3900000 5.76414
3910000 5.74406
3920000 5.86415
3930000 5.95341
3940000 6.13217
3950000 6.88431
3960000 6.27609
3970000 5.9117
3980000 6.01132
3990000 6.12576
4000000 5.65732
4010000 5.76577
4020000 5.96225
4030000 6.16477
4040000 6.02874
4050000 5.87999
4060000 5.93136
4070000 6.02775
4080000 6.81166
4090000 5.65258
4100000 5.81022
4110000 5.96816
4120000 5.80309
4130000 5.81078
4140000 6.36578
4150000 5.95178
4160000 6.06296
4170000 6.28679
4180000 7.94734
4190000 5.86071
4200000 5.98294
4210000 5.75033
4220000 5.73911
4230000 5.85508
4240000 5.97144
4250000 6.12382
4260000 6.89762
4270000 6.26772
4280000 5.89884
4290000 5.99569
4300000 6.11084
4310000 5.65443
4320000 5.75698
4330000 5.98051
4340000 6.15436
4350000 6.04132
4360000 5.78682
4370000 5.91884
4380000 6.01249
4390000 6.79686
4400000 5.65023
4410000 5.80171
4420000 5.98664
4430000 5.79635
4440000 5.8254
4450000 6.33459
4460000 5.93956
4470000 6.04784
4480000 6.27467
4490000 7.83387
4500000 5.85266
4510000 6.00178
4520000 5.74207
4530000 5.74718
4540000 5.83835
4550000 5.95954
4560000 6.10913
4570000 6.88669
4580000 6.24548
4590000 5.89094
4600000 6.01465
4610000 6.10523
4620000 5.65691
4630000 5.74149
4640000 5.96884
4650000 6.13862
4660000 6.02919
4670000 5.88403
4680000 5.91121
4690000 6.03157
4700000 6.72173
4710000 5.6529
4720000 5.78669
4730000 5.9752
4740000 5.78776
4750000 5.81326
4760000 6.36623
4770000 5.93215
4780000 6.06713
4790000 6.22315
4800000 7.95502
4810000 5.83789
4820000 5.9906
4830000 5.73292
4840000 5.73877
4850000 5.85821
4860000 5.9524
4870000 6.12841
4880000 6.8487
4890000 6.27101
4900000 5.87641
4910000 6.00373
4920000 6.0961
4930000 5.65167
4940000 5.76139
4950000 5.96188
4960000 6.15308
4970000 6.01245
4980000 5.86717
4990000 5.89692
5000000 6.02091
5010000 6.78561
5020000 5.64828
5030000 5.80674
5040000 5.96848
5050000 5.80294
5060000 5.8013
5070000 6.3563
5080000 5.91808
5090000 6.0566
5100000 6.25834
5110000 7.94682
5120000 5.85794
5130000 5.98418
5140000 5.74728
5150000 5.72922
5160000 5.84717
5170000 5.93857
5180000 6.11819
5190000 6.87084
5200000 6.26496
5210000 5.89648
5220000 5.99737
5230000 6.11075
5240000 5.64242
5250000 5.75024
5260000 5.94822
5270000 6.13986
5280000 6.01363
5290000 5.86014
5300000 5.91708
5310000 6.01472
5320000 6.78391
5330000 5.63939
5340000 5.79586
5350000 5.95499
5360000 5.79212
5370000 5.79638
5380000 6.3515
5390000 5.93831
5400000 6.05048
5410000 6.27269
5420000 7.94043
5430000 5.84734
5440000 5.97082
5450000 5.73621
5460000 5.72721
5470000 5.84097
5480000 5.9589
5490000 6.11236
5500000 6.88563
5510000 6.25876
5520000 5.8861
5530000 5.98424
5540000 6.0984
5550000 5.64176
5560000 5.74373
5570000 5.96861
5580000 6.1342
5590000 6.02848
5600000 5.76899
5610000 5.90689
5620000 6.00174
5630000 6.732
5640000 5.63925
5650000 5.78952
5660000 5.97556
5670000 5.78375
5680000 5.81284
5690000 6.3228
5700000 5.92827
5710000 6.03753
5720000 6.26283
5730000 7.82858
5740000 5.84123
5750000 5.99145
5760000 5.73007
5770000 5.7362
5780000 5.82673
5790000 5.94902
5800000 6.09963
5810000 6.87526
5820000 6.23767
5830000 5.88017
5840000 6.00492
5850000 6.0948
5860000 5.646
5870000 5.73023
5880000 5.95884
5890000 6.12154
5900000 6.01861
5910000 5.86658
5920000 5.9011
5930000 6.02267
5940000 6.42542
5950000 5.64294
5960000 5.77632
5970000 5.96592
5980000 5.77422
5990000 5.80242
6000000 6.35666
6010000 5.9226
6020000 6.05825
6030000 6.21301
6040000 7.95188
6050000 5.82822
6060000 5.98193
6070000 5.72294
6080000 5.72753
6090000 5.84778
6100000 5.94349
6110000 6.12035
6120000 6.83237
6130000 6.26432
6140000 5.86729
6150000 5.99558
6160000 6.08704
6170000 5.64222
6180000 5.75165
6190000 5.95342
6200000 6.14146
6210000 6.00323
6220000 5.85091
6230000 5.88836
6240000 6.01336
6250000 6.46438
6260000 5.6391
6270000 5.79761
6280000 5.96056
6290000 5.79029
6300000 5.79196
6310000 6.34872
6320000 5.90998
6330000 6.04914
6340000 6.25022
6350000 7.94419
6360000 5.84949
6370000 5.97668
6380000 5.73829
6390000 5.71868
6400000 5.83832
6410000 5.93101
6420000 6.1117
6430000 6.64339
6440000 6.25891
6450000 5.88849
6460000 5.99039
6470000 6.10265
6480000 5.63437
6490000 5.74181
6500000 5.94102
6510000 6.12738
6520000 6.00641
6530000 5.84579
6540000 5.90957
6550000 6.00837
6560000 6.48364
6570000 5.63073
6580000 5.78797
6590000 5.94824
6600000 5.78018
6610000 5.78823
6620000 6.3449
6630000 5.9312
6640000 6.0443
6650000 6.26595
6660000 7.93784
6670000 5.84007
6680000 5.96443
6690000 5.72821
6700000 5.71746
6710000 5.83313
6720000 5.95224
6730000 6.10716
6740000 6.58301
6750000 6.25342
6760000 5.87921
6770000 5.97821
6780000 6.09129
6790000 5.63478
6800000 5.7364
6810000 5.96229
6820000 6.11791
6830000 6.0219
6840000 5.75879
6850000 5.9004
6860000 5.9963
6870000 6.47264
6880000 5.6313
6890000 5.7827
6900000 5.96962
6910000 5.77514
6920000 5.80564
6930000 6.31681
6940000 5.92213
6950000 6.03254
6960000 6.25694
6970000 7.82553
6980000 5.83505
6990000 5.98571
7000000 5.72336
7010000 5.72879
7020000 5.81968
7030000 5.94329
7040000 6.09544
7050000 6.57279
7060000 6.2328
7070000 5.87418
7080000 5.99952
7090000 6.08847
7100000 5.63989
7110000 5.72386
7120000 5.9534
7130000 6.10224
7140000 6.01266
7150000 5.85875
7160000 5.89546
7170000 6.01763
7180000 6.41884
7190000 5.63609
7200000 5.77039
7210000 5.96078
7220000 5.76789
7230000 5.7961
7240000 6.35084
7250000 5.91727
7260000 6.05403
7270000 6.20843
7280000 7.94943
7290000 5.82281
7300000 5.97695
7310000 5.71685
7320000 5.72294
7330000 5.8413
7340000 5.9386
7350000 6.11682
7360000 6.54681
7370000 6.26014
7380000 5.86222
7390000 5.99083
7400000 6.08143
7410000 5.63703
7420000 5.74579
7430000 5.94874
7440000 6.11835
7450000 5.99861
7460000 5.84434
7470000 5.88343
7480000 6.00921
7490000 6.46535
7500000 5.63347
7510000 5.79226
7520000 5.95609
7530000 5.78429
7540000 5.78638
7550000 6.3441
7560000 5.90533
7570000 6.04572
7580000 6.2458
7590000 7.94307
7600000 5.84488
7610000 5.97232
7620000 5.73307
7630000 5.71561
7640000 5.83259
7650000 5.92677
7660000 6.10856
7670000 6.56821
7680000 6.25546
7690000 5.88402
7700000 5.98625
7710000 6.09763
7720000 5.62965
7730000 5.73666
7740000 5.93699
7750000 6.11001
7760000 6.00365
7770000 5.84111
7780000 5.90514
7790000 6.0047
7800000 6.48112
7810000 5.62614
7820000 5.78328
7830000 5.94434
7840000 5.77421
7850000 5.78327
7860000 6.34109
7870000 5.92702
7880000 6.04132
7890000 6.26105
7900000 7.93728
7910000 5.83627
7920000 5.96064
7930000 5.72331
7940000 5.71587
7950000 5.82784
7960000 5.94858
7970000 6.10458
7980000 6.58271
7990000 6.2505
8000000 5.87575
8010000 5.97462
8020000 6.0868
8030000 5.63045
8040000 5.73186
8050000 5.95865
8060000 6.1079
8070000 5.99654
8080000 5.75514
8090000 5.89666
8100000 5.9931
8110000 6.47349
8120000 5.62752
8130000 5.77872
8140000 5.966
8150000 5.76836
8160000 5.80114
8170000 6.31297
8180000 5.91846
8190000 6.02983
8200000 6.2525
8210000 7.82478
8220000 5.83166
8230000 5.98227
8240000 5.71892
8250000 5.72857
8260000 5.81509
8270000 5.9401
8280000 6.09322
8290000 6.57543
8300000 6.2302
8310000 5.87124
8320000 5.99626
8330000 6.08437
8340000 5.63546
8350000 5.71981
8360000 5.9502
8370000 6.09891
8380000 5.98809
8390000 5.8558
8400000 5.89228
8410000 6.01476
8420000 6.41695
8430000 5.63259
8440000 5.76685
8450000 5.9576
8460000 5.76156
8470000 5.79208
8480000 6.34755
8490000 5.91407
8500000 6.0515
8510000 6.20354
8520000 7.94795
8530000 5.81991
8540000 5.97393
8550000 5.71276
8560000 5.72265
8570000 5.83711
8580000 5.93573
8590000 6.1148
8600000 6.54524
8610000 6.25795
8620000 5.85956
8630000 5.98797
8640000 6.07793
8650000 5.63263
8660000 5.74208
8670000 5.94584
8680000 6.12446
8690000 5.974
8700000 5.8428
8710000 5.8807
8720000 6.00652
8730000 6.46226
8740000 5.63025
8750000 5.78909
8760000 5.95326
8770000 5.77926
8780000 5.78278
8790000 6.33997
8800000 5.90256
8810000 6.04343
8820000 6.24067
8830000 7.94142
8840000 5.84205
8850000 5.96964
8860000 5.72922
8870000 5.71479
8880000 5.8288
8890000 5.92428
8900000 6.10683
8910000 6.57101
8920000 6.25351
8930000 5.88158
8940000 5.98372
8950000 6.09446
8960000 5.6249
8970000 5.73329
8980000 5.93439
8990000 6.11861
9000000 5.97525
9010000 5.83863
9020000 5.90275
9030000 6.00231
9040000 6.47664
9050000 5.62327
9060000 5.78065
9070000 5.94183
9080000 5.76941
9090000 5.78005
9100000 6.33407
9110000 5.92449
9120000 6.03928
9130000 6.25643
9140000 7.93589
9150000 5.83376
9160000 5.95826
9170000 5.72175
9180000 5.7152
9190000 5.82453
9200000 5.94616
9210000 6.10287
9220000 6.58114
9230000 6.24876
9240000 5.87323
9250000 5.97237
9260000 6.08403
9270000 5.62594
9280000 5.72879
9290000 5.95624
9300000 6.11709
9310000 5.99011
9320000 5.75207
9330000 5.89455
9340000 5.99099
9350000 6.46826
9360000 5.62488
9370000 5.7762
9380000 5.96368
9390000 5.76469
9400000 5.79827
9410000 6.30848
9420000 5.91629
9430000 6.02808
9440000 6.24814
9450000 7.82394
9460000 5.82946
9470000 5.98008
9480000 5.71578
9490000 5.72669
9500000 5.81221
9510000 5.93793
9520000 6.09168
9530000 6.57193
9540000 6.22855
9550000 5.86913
9560000 5.99418
9570000 6.08189
9580000 5.63214
9590000 5.71715
9600000 5.94805
9610000 6.11026
9620000 5.97996
9630000 5.85164
9640000 5.89048
9650000 6.0128
9660000 6.41194
9670000 5.63024
9680000 5.76458
9690000 5.95552
9700000 5.75805
9710000 5.78964
9720000 6.34532
9730000 5.91218
9740000 6.04985
9750000 6.19914
9760000 7.94802
9770000 5.81792
9780000 5.97196
9790000 5.71031
9800000 5.71913
9810000 5.83445
9820000 5.93376
9830000 6.11365
9840000 6.54351
9850000 6.25649
9860000 5.85768
9870000 5.98611
9880000 6.07569
9890000 5.63038
9900000 5.73964
9910000 5.94389
9920000 6.1315
9930000 5.96631
9940000 5.83899
9950000 5.87909
9960000 6.00477
9970000 6.4601
9980000 5.62787
9990000 5.7871
10000000 5.95138
