1 11.5098
2 7.41728
3 6.01489
4 5.199
5 4.70382
6 4.37369
7 4.13125
8 3.91427
9 3.68893
10 3.53828
11 3.38997
12 3.25947
13 3.17277
14 3.07093
15 2.98426
16 2.92204
17 2.847
18 2.77747
19 2.76023
20 2.6772
21 2.62346
22 2.6466
23 2.5575
24 2.55524
25 2.49836
26 2.43777
27 2.39173
28 2.37882
29 2.3373
30 2.31896
31 2.29514
32 2.25871
33 2.24697
34 2.23033
35 2.21073
36 2.18707
37 2.16061
38 2.17748
39 2.1541
40 2.17868
41 2.11383
42 2.09562
43 2.06171
44 2.05493
45 2.04206
46 2.03821
47 2.01238
48 2.00599
49 2.00331
50 1.9813
51 1.99466
52 1.96692
53 1.97294
54 2.01841
55 1.96237
56 1.92729
57 1.93046
58 1.91244
59 1.89014
60 1.90188
61 1.90005
62 1.87591
63 1.8819
64 1.87457
65 1.92075
66 1.87531
67 1.87301
68 1.90723
69 1.95412
70 1.95049
71 1.85967
72 1.8589
73 1.82698
74 1.80252
75 1.82361
76 1.80278
77 1.79569
78 1.81046
79 1.79503
80 1.78428
81 1.83929
82 1.78816
83 1.77866
84 1.87307
85 1.80151
86 1.85003
87 1.81761
88 1.77643
89 1.7554
90 1.77932
91 1.75523
92 1.76444
93 1.76379
94 1.74404
95 1.75569
96 1.76107
97 1.75802
98 1.75318
99 1.77086
100 1.78227
101 1.77239
102 1.819
103 1.75693
104 1.75123
105 1.72583
106 1.73164
107 1.74031
108 1.74269
109 1.72295
110 1.72683
111 1.73502
112 1.72031
113 1.74618
114 1.72455
115 1.74096
116 1.80128
117 1.74731
118 1.71705
119 1.72694
120 1.71549
121 1.69829
122 1.71862
123 1.72392
124 1.69926
125 1.7161
126 1.71527
127 1.77152
128 1.72825
129 1.73141
130 1.77364
131 1.82903
132 1.82997
133 1.73769
134 1.74362
135 1.71303
136 1.69087
137 1.71748
138 1.69899
139 1.69579
140 1.7155
141 1.70302
142 1.69531
143 1.75652
144 1.70668
145 1.69982
146 1.80163
147 1.73003
148 1.78379
149 1.75285
150 1.71139
151 1.69423
152 1.72147
153 1.69894
154 1.711
155 1.71291
156 1.695
157 1.71031
158 1.71756
159 1.71638
160 1.71351
161 1.73685
162 1.75696
163 1.74314
164 1.79005
165 1.72829
166 1.72399
167 1.69988
168 1.70738
169 1.71761
170 1.72175
171 1.70339
172 1.70893
173 1.7188
174 1.70538
175 1.73303
176 1.71262
177 1.73045
178 1.79249
179 1.74121
180 1.71166
181 1.72227
182 1.71172
183 1.6955
184 1.7167
185 1.72313
186 1.69958
187 1.71776
188 1.71807
189 1.77533
190 1.73308
191 1.73714
192 1.7802
193 1.83719
194 1.83877
195 1.74763
196 1.75434
197 1.72463
198 1.70331
199 1.73047
200 1.71294
201 1.71058
202 1.73086
203 1.71921
204 1.7123
205 1.77364
206 1.72409
207 1.71809
208 1.82002
209 1.74979
210 1.80232
211 1.77301
212 1.73311
213 1.71684
214 1.7444
215 1.72271
216 1.73541
217 1.73612
218 1.72016
219 1.73575
220 1.7431
221 1.74255
222 1.74063
223 1.76427
224 1.81462
225 1.76686
226 1.739
227 1.74116
228 1.7465
229 1.72779
230 1.73687
231 1.74805
232 1.75278
233 1.73527
234 1.74118
235 1.75129
236 1.73854
237 1.76545
238 1.74604
239 1.76394
240 1.82514
241 1.77547
242 1.74699
243 1.75754
244 1.74746
245 1.7318
246 1.75231
247 1.7589
248 1.73639
249 1.75464
250 1.75524
251 1.77653
252 1.7646
253 1.7653
254 1.81601
255 1.87357
256 1.87505
257 1.78585
258 1.79255
259 1.76366
260 1.74288
261 1.76968
262 1.75262
263 1.75062
264 1.77067
265 1.75945
266 1.75284
267 1.81288
268 1.7645
269 1.7585
270 1.85906
271 1.78934
272 1.84085
273 1.8127
274 1.77537
275 1.75873
276 1.78561
277 1.7646
278 1.77703
279 1.77799
280 1.76258
281 1.77764
282 1.78437
283 1.78424
284 1.78265
285 1.80572
286 1.85521
287 1.80867
288 1.78157
289 1.78407
290 1.78906
291 1.77092
292 1.77983
293 1.79085
294 1.79762
295 1.77959
296 1.7849
297 1.79441
298 1.78161
299 1.8082
300 1.78938
301 1.80656
302 1.86674
303 1.81827
304 1.79059
305 1.80096
306 1.79104
307 1.77589
308 1.79514
309 1.80198
310 1.78018
311 1.79815
312 1.79887
313 1.81976
314 1.80816
315 1.8088
316 1.85941
317 1.91533
318 1.91638
319 1.82907
320 1.83557
321 1.80762
322 1.78718
323 1.81332
324 1.79666
325 1.79469
326 1.81421
327 1.8033
328 1.79672
329 1.85537
330 1.80847
331 1.80217
332 1.8684
333 1.83021
334 1.88297
335 1.85547
336 1.81901
337 1.80184
338 1.82837
339 1.80824
340 1.82052
341 1.82025
342 1.8057
343 1.82058
344 1.82755
345 1.82738
346 1.82538
347 1.84818
348 1.89676
349 1.85133
350 1.82479
351 1.82717
352 1.83209
353 1.81432
354 1.82301
355 1.83375
356 1.84035
357 1.82541
358 1.82905
359 1.89382
360 1.8349
361 1.85382
362 1.83278
363 1.84878
364 1.90715
365 1.85987
366 1.83292
367 1.84308
368 1.83346
369 1.81863
370 1.83744
371 1.84272
372 1.82268
373 1.84048
374 1.84109
375 1.86138
376 1.84992
377 1.85167
378 1.89928
379 1.95489
380 1.95574
381 1.87025
382 1.87657
383 1.84923
384 1.82917
385 1.85467
386 1.83833
387 1.83635
388 1.85541
389 1.84467
390 1.83826
391 1.89563
392 1.8497
393 1.84342
394 1.90762
395 1.87063
396 1.92231
397 1.89532
398 1.85962
399 1.84305
400 1.86883
401 1.84899
402 1.86093
403 1.86095
404 1.84763
405 1.86116
406 1.86779
407 1.8675
408 1.86543
409 1.88768
410 1.9352
411 1.89064
412 1.86456
413 1.86686
414 1.8716
415 1.8541
416 1.86259
417 1.87306
418 1.87931
419 1.86482
420 1.86832
421 1.93174
422 1.87652
423 1.89275
424 1.87204
425 1.88754
426 1.94448
427 1.89805
428 1.87174
429 1.88167
430 1.87222
431 1.85782
432 1.87584
433 1.88107
434 1.86135
435 1.87876
436 1.87921
437 1.89908
438 1.88781
439 1.88906
440 1.93617
441 1.99079
442 1.99143
443 1.90744
444 1.9136
445 1.88626
446 1.8668
447 1.89185
448 1.87584
449 1.87787
450 1.89319
451 1.88151
452 1.87496
453 1.9315
454 1.88646
455 1.87921
456 1.94263
457 1.90652
458 1.95601
459 1.92819
460 1.89563
461 1.87926
462 1.90466
463 1.88516
464 1.89684
465 1.89675
466 1.88458
467 1.89778
468 1.90368
469 1.90315
470 1.90107
471 1.92283
472 1.96942
473 1.92559
474 1.8999
475 1.90207
476 1.89781
477 1.88708
478 1.89688
479 1.90754
480 1.91369
481 1.89965
482 1.90261
483 1.96489
484 1.90983
485 1.92498
486 1.90511
487 1.92103
488 1.97757
489 1.93204
490 1.90593
491 1.91558
492 1.90621
493 1.89397
494 1.91074
495 1.9152
496 1.89555
497 1.91252
498 1.91286
499 1.92981
500 1.92078
