1 11.5098
2 7.41728
3 6.01489
4 5.199
5 4.70382
6 4.37369
7 4.13125
8 3.91427
9 3.68893
10 3.53828
11 3.38997
12 3.25947
13 3.17277
14 3.07093
15 2.98426
16 2.92204
17 2.847
18 2.77747
19 2.76023
20 2.6772
21 2.62346
22 2.6466
23 2.5575
24 2.55524
25 2.49836
26 2.43777
27 2.39173
28 2.37882
29 2.3373
30 2.31896
31 2.29514
32 2.25871
33 2.24697
34 2.23033
35 2.21073
36 2.18707
37 2.16061
38 2.17748
39 2.1541
40 2.17868
41 2.11383
42 2.09562
43 2.06171
44 2.05493
45 2.04206
46 2.03821
47 2.01238
48 2.00599
49 2.00331
50 1.9813
51 1.99466
52 1.96692
53 1.97294
54 2.01841
55 1.96237
56 1.92729
57 1.93046
58 1.91244
59 1.89014
60 1.90188
61 1.90005
62 1.87591
63 1.8819
64 1.87457
65 1.92075
66 1.87531
67 1.87301
68 1.90723
69 1.95412
70 1.95049
71 1.85967
72 1.8589
73 1.82698
74 1.80252
75 1.82361
76 1.80278
77 1.79569
78 1.81046
79 1.79503
80 1.78428
81 1.83929
82 1.78816
83 1.77866
84 1.87307
85 1.80151
86 1.85003
87 1.81761
88 1.77643
89 1.7554
90 1.77932
91 1.75523
92 1.76444
93 1.76379
94 1.74404
95 1.75569
96 1.76107
97 1.75802
98 1.75318
99 1.77086
100 1.78227
101 1.77239
102 1.819
103 1.75693
104 1.75123
105 1.72583
106 1.73164
107 1.74031
108 1.74269
109 1.72295
110 1.72683
111 1.73502
112 1.72031
113 1.74618
114 1.72455
115 1.74096
116 1.80128
117 1.74731
118 1.71705
119 1.72694
120 1.71549
121 1.69829
122 1.71862
123 1.72392
124 1.69926
125 1.7161
126 1.71527
127 1.77152
128 1.72825
129 1.73141
130 1.77364
131 1.82903
132 1.82997
133 1.73769
134 1.74362
135 1.71303
136 1.69087
137 1.71748
138 1.69899
139 1.69579
140 1.7155
141 1.70302
142 1.69531
143 1.75652
144 1.70668
145 1.69982
146 1.80163
147 1.73003
148 1.78379
149 1.75285
150 1.71139
151 1.69423
152 1.72147
153 1.69894
154 1.711
155 1.71291
156 1.695
157 1.71031
158 1.71756
159 1.71638
160 1.71351
161 1.73685
162 1.75696
163 1.74314
164 1.79005
165 1.72829
166 1.72399
167 1.69988
168 1.70738
169 1.71761
170 1.72175
171 1.70339
172 1.70893
173 1.7188
174 1.70538
175 1.73303
176 1.71262
177 1.73045
178 1.79249
179 1.74121
180 1.71166
181 1.72227
182 1.71172
183 1.6955
184 1.7167
185 1.72313
186 1.69958
187 1.71776
188 1.71807
189 1.77533
190 1.73308
191 1.73714
192 1.7802
193 1.83719
194 1.83877
195 1.74763
196 1.75434
197 1.72463
198 1.70331
199 1.73047
200 1.71294
201 1.71058
202 1.73086
203 1.71921
204 1.7123
205 1.77364
206 1.72409
207 1.71809
208 1.82002
209 1.74979
210 1.80232
211 1.77301
212 1.73311
213 1.71684
214 1.7444
215 1.72271
216 1.73541
217 1.73612
218 1.72016
219 1.73575
220 1.7431
221 1.74255
222 1.74063
223 1.76427
224 1.81462
225 1.76686
226 1.739
227 1.74116
228 1.7465
229 1.72779
230 1.73687
231 1.74805
232 1.75278
233 1.73527
234 1.74118
235 1.75129
236 1.73854
237 1.76545
238 1.74604
239 1.76394
240 1.82514
241 1.77547
242 1.74699
243 1.75754
244 1.74746
245 1.7318
246 1.75231
247 1.7589
248 1.73639
249 1.75464
250 1.75524
251 1.77653
252 1.7646
253 1.7653
254 1.81601
255 1.87357
256 1.87505
257 1.78585
258 1.79255
259 1.76366
260 1.74288
261 1.76968
262 1.75262
263 1.75062
264 1.77067
265 1.75945
266 1.75284
267 1.81288
268 1.7645
269 1.7585
270 1.85906
271 1.78934
272 1.84085
273 1.8127
274 1.77537
275 1.75873
276 1.78561
277 1.7646
278 1.77703
279 1.77799
280 1.76258
281 1.77764
282 1.78437
283 1.78424
284 1.78265
285 1.80572
286 1.85521
287 1.80867
288 1.78157
289 1.78407
290 1.78906
291 1.77092
292 1.77983
293 1.79085
294 1.79762
295 1.77959
296 1.7849
297 1.79441
298 1.78161
299 1.8082
300 1.78938
