1 10.632
2 7.49164
3 5.89725
4 5.08323
5 4.64235
6 4.33918
7 4.0458
8 3.81696
9 3.64306
10 3.49609
11 3.51478
12 3.24834
13 3.1506
14 3.19488
15 2.98693
16 3.10616
17 2.91691
18 2.77445
19 2.7308
20 2.67914
21 2.59916
22 2.5772
23 2.54003
24 2.46895
25 2.45813
26 2.4334
27 2.36902
28 2.36582
29 2.35854
30 2.29164
31 2.29018
32 2.27011
33 2.21702
34 2.22393
35 2.20924
36 2.16452
37 2.15965
38 2.24715
39 2.11937
40 2.12047
41 2.12747
42 2.06089
43 2.29256
44 2.12006
45 2.0472
46 2.06214
47 2.3103
48 2.02899
49 2.02846
50 2.0197
51 1.9441
52 1.99451
53 1.98527
54 1.91837
55 1.94317
56 1.94491
57 1.88876
58 1.91866
59 1.91857
60 1.92849
61 1.90902
62 1.9016
63 1.85404
64 1.86833
65 1.91918
66 1.84857
67 1.86301
68 1.86292
69 1.87159
70 1.84382
71 1.82791
72 1.83655
73 1.82124
74 1.81368
75 2.07507
76 1.91296
77 1.83395
78 1.83172
79 2.08903
80 1.83728
81 1.8277
82 1.79856
83 1.7652
84 1.82256
85 1.77667
86 1.75223
87 1.78858
88 1.76618
89 1.74437
90 1.77812
91 1.75739
92 1.80224
93 1.78143
94 1.75026
95 1.73668
96 1.76065
97 1.78665
98 1.74222
99 1.76121
100 1.72904
101 1.77317
102 1.75289
103 1.71859
104 1.73687
105 1.73434
106 1.80083
107 1.88191
108 1.8446
109 1.77021
110 1.76598
111 1.74397
112 1.7089
113 1.74221
114 1.72808
115 1.69749
116 1.73477
117 1.71822
118 1.69138
119 1.73263
120 1.71408
121 1.71139
122 1.73765
123 1.71217
124 1.69762
125 1.72735
126 1.71301
127 1.69045
128 1.72861
129 1.75764
130 1.82783
131 1.75932
132 1.71325
133 1.71947
134 1.72954
135 2.00359
136 1.7199
137 1.72686
138 1.95573
139 1.73757
140 2.04496
141 1.84838
142 1.71455
143 1.73443
144 1.75525
145 1.68367
146 1.71781
147 1.72184
148 1.67202
149 1.70885
150 1.72059
151 1.67291
152 1.70846
153 1.73712
154 1.68605
155 1.71361
156 1.71921
157 1.67797
158 1.71534
159 1.7294
160 1.69181
161 1.70963
162 1.83903
163 1.70091
164 1.72192
165 1.74942
166 1.68566
167 1.97738
168 1.78877
169 1.72066
170 1.75114
171 2.04975
172 1.73985
173 1.75144
174 1.75439
175 1.67856
176 1.74761
177 1.74863
178 1.68173
179 1.72132
180 1.73634
181 1.67932
182 1.72164
183 1.73078
184 1.7493
185 1.73543
186 1.73575
187 1.69061
188 1.71347
189 1.77412
190 1.70566
191 1.72831
192 1.73505
193 1.74986
194 1.72305
195 1.71729
196 1.73057
197 1.71899
198 1.8225
199 1.99847
200 1.83101
201 1.75293
202 1.75488
203 2.02515
204 1.76885
205 1.76273
206 1.73665
207 1.70636
208 1.76927
209 1.72541
210 1.70415
211 1.74482
212 1.72509
213 1.72805
214 1.75173
215 1.72966
216 1.77587
217 1.75712
218 1.72812
219 1.71722
220 1.7441
221 1.77291
222 1.73088
223 1.75249
224 1.72246
225 1.76919
226 1.75122
227 1.71898
228 1.73952
229 1.73912
230 1.80742
231 1.89036
232 1.85523
233 1.76487
234 1.78063
235 1.75895
236 1.72724
237 1.76234
238 1.75012
239 1.72195
240 1.76053
241 1.74569
242 1.72082
243 1.76274
244 1.7462
245 1.74503
246 1.77235
247 1.74868
248 1.72628
249 1.76338
250 1.75278
251 1.7325
252 1.77128
253 1.80077
254 1.87031
255 1.80452
256 1.76091
257 1.76767
258 1.77869
259 2.04694
260 1.77121
261 1.77905
262 2.00279
263 1.79124
264 2.09172
265 1.90082
266 1.77169
267 1.79187
268 1.81555
269 1.7456
270 1.77897
271 1.78336
272 1.73578
273 1.77197
274 1.78395
275 1.73856
276 1.7723
277 1.80169
278 1.75314
279 1.78054
280 1.78654
281 1.7474
282 1.78394
283 1.79804
284 1.76219
285 1.77988
286 1.90505
287 1.77311
288 1.79324
289 1.82001
290 1.75932
291 2.04108
292 1.85947
293 1.79433
294 1.82399
295 2.1128
296 1.81513
297 1.82584
298 1.82899
299 1.75662
300 1.81713
301 1.82075
302 1.76102
303 1.79913
304 1.81343
305 1.75902
306 1.79986
307 1.80903
308 1.82704
309 1.81412
310 1.81483
311 1.77192
312 1.79409
313 1.85267
314 1.7886
315 1.80944
316 1.81593
317 1.83026
318 1.80478
319 1.79949
320 1.81232
321 1.80143
322 1.88687
323 2.08957
324 1.91786
325 1.83786
326 1.83851
327 2.09756
328 1.8516
329 1.84576
330 1.8207
331 1.79192
332 1.85208
333 1.81034
334 1.79019
335 1.82904
336 1.81032
337 1.81286
338 1.8356
339 1.81479
340 1.85908
341 1.84132
342 1.81376
343 1.80343
344 1.82916
345 1.85671
346 1.81665
347 1.83726
348 1.80879
349 1.85334
350 1.83641
351 1.80567
352 1.8253
353 1.82487
354 1.8901
355 1.96964
356 1.93754
357 1.85216
358 1.86481
359 1.84595
360 1.81519
361 1.84809
362 1.83632
363 1.80933
364 1.84608
365 1.8319
366 1.8082
367 1.84781
368 1.83204
369 1.83109
370 1.85732
371 1.83465
372 1.81294
373 1.84861
374 1.83853
375 1.81911
376 1.85607
377 1.88453
378 1.9511
379 1.88785
380 1.8462
381 1.85251
382 1.86304
383 2.12067
384 1.85583
385 1.86328
386 2.07876
387 1.87564
388 2.16404
389 1.98004
390 1.85615
391 1.87534
392 1.89812
393 1.83127
394 1.86296
395 1.86709
396 1.82162
397 1.85604
398 1.86739
399 1.82398
400 1.85627
401 1.88435
402 1.83796
403 1.86388
404 1.8696
405 1.83213
406 1.86691
407 1.88037
408 1.84596
409 1.86277
410 1.98278
411 1.85389
412 1.87298
413 1.89979
414 1.84229
415 2.1131
416 1.93831
417 1.87566
418 1.90409
419 2.18227
420 1.89308
421 1.90419
422 1.90779
423 1.83888
424 1.89683
425 1.90027
426 1.84307
427 1.87949
428 1.8931
429 1.84093
430 1.87994
431 1.88903
432 1.90603
433 1.89054
434 1.89372
435 1.85253
436 1.87373
437 1.92981
438 1.86807
439 1.88807
440 1.8949
441 1.90772
442 1.88349
443 1.87847
444 1.89066
445 1.88007
446 1.96196
447 2.0276
448 1.99504
449 1.91723
450 1.91615
451 1.89974
452 1.87317
453 1.89981
454 1.89134
455 1.86746
456 1.92581
457 1.88657
458 1.86748
459 1.90492
460 1.88704
461 1.88951
462 1.91139
463 1.89128
464 1.93372
465 1.91659
466 1.88999
467 1.88
468 1.9046
469 1.93098
470 1.89232
471 1.91206
472 1.88457
473 1.92726
474 1.91022
475 1.88095
476 1.89967
477 1.89936
478 1.962
479 2.03866
480 2.00749
481 1.9255
482 1.93731
483 1.91943
484 1.88947
485 1.92089
486 1.90945
487 1.88339
488 1.91858
489 1.90477
490 1.88187
491 1.91983
492 1.90316
493 1.9019
494 1.92808
495 1.90646
496 1.88552
497 1.91982
498 1.91007
499 1.89123
500 1.92669
