1 4.90497
2 3.622
3 3.074
4 2.73601
5 2.51233
6 2.333
7 2.19777
8 2.08191
9 1.98926
10 1.9049
11 1.836
12 1.77075
13 1.71605
14 1.66409
15 1.61944
16 1.57715
17 1.54004
18 1.50475
19 1.47334
20 1.44337
21 1.41647
22 1.39075
23 1.36753
24 1.34525
25 1.32504
26 1.30562
27 1.28791
28 1.27088
29 1.25528
30 1.24029
31 1.22647
32 1.21322
33 1.20094
34 1.18918
35 1.17824
36 1.16776
37 1.158
38 1.14865
39 1.13991
40 1.13154
41 1.1237
42 1.11619
43 1.10915
44 1.1024
45 1.09605
46 1.08998
47 1.08426
48 1.07879
49 1.07362
50 1.06868
