1 0.347687
2 0.0509397
3 0.132567
4 0.0539442
5 0.0825408
6 0.0528107
7 0.0671784
8 0.039187
9 0.0552459
10 0.0328157
11 0.0424914
12 0.0299684
13 0.0329596
14 0.0259369
15 0.0269962
16 0.0221863
17 0.023346
18 0.0192549
19 0.0205571
20 0.016944
21 0.0183664
22 0.0152382
23 0.0165591
24 0.0141079
25 0.0151165
26 0.0132364
27 0.0139387
28 0.0125776
29 0.0130347
30 0.0120037
31 0.0122524
32 0.0114098
33 0.0115603
34 0.0108658
35 0.0109485
36 0.010352
37 0.0103945
38 0.00991238
39 0.00992951
40 0.00953809
41 0.00953518
42 0.00919402
43 0.00914643
44 0.00883485
45 0.00876567
46 0.00847369
47 0.00838519
48 0.00811583
49 0.00800851
50 0.00777377
51 0.00768384
52 0.00750046
53 0.00741958
54 0.00725158
55 0.00715779
56 0.00700124
57 0.0069005
58 0.00675541
59 0.00664918
60 0.00650062
61 0.00638583
62 0.00624709
63 0.0061358
64 0.00600177
65 0.0058911
66 0.00576129
67 0.00563809
68 0.00549404
69 0.00536026
70 0.0052184
71 0.00508754
72 0.00494967
73 0.00482268
74 0.00469161
75 0.00456724
76 0.00444522
77 0.00433378
78 0.00422187
79 0.00411542
80 0.00401514
81 0.00392101
82 0.00382554
83 0.00373302
84 0.00363904
85 0.00354678
86 0.00345469
87 0.00336528
88 0.00327616
89 0.00318899
90 0.00310177
91 0.00301598
92 0.00293182
93 0.00284962
94 0.0027682
95 0.00268774
96 0.0026086
97 0.00253058
98 0.00245297
99 0.00237655
100 0.00229944
101 0.00222224
102 0.00214543
103 0.0020695
104 0.00199398
105 0.00191934
106 0.00184525
107 0.0017719
108 0.00169887
109 0.0016263
110 0.00155515
111 0.00148586
112 0.00141795
113 0.00135107
114 0.00128601
115 0.00122247
116 0.0011597
117 0.0010978
118 0.00103658
119 0.000975926
120 0.000915818
121 0.000856154
122 0.000797207
123 0.000739097
124 0.000682139
125 0.000625972
126 0.00057039
127 0.000515246
128 0.000460592
129 0.0004065
130 0.00035317
131 0.000300586
132 0.000248446
133 0.000196612
134 0.000145134
135 9.40245e-05
136 4.34478e-05
137 6.18606e-06
138 5.49398e-05
139 0.000102901
140 0.000150177
141 0.00019676
142 0.000242633
143 0.000287707
144 0.000332272
145 0.000376273
146 0.00041984
147 0.000462871
148 0.000505505
149 0.000547582
150 0.000589119
151 0.000630075
152 0.000669771
153 0.000708736
154 0.000747211
155 0.000785275
156 0.000823123
157 0.000860651
158 0.000897835
159 0.00093439
160 0.00097043
161 0.00100607
162 0.00104131
163 0.00107614
164 0.00111061
165 0.0011448
166 0.00117855
167 0.00121191
168 0.0012449
169 0.00127693
170 0.00130805
171 0.00133874
172 0.00136895
173 0.00139862
174 0.00142787
175 0.00145692
176 0.00148561
177 0.00151419
178 0.00154264
179 0.00157091
180 0.00159904
181 0.00162719
182 0.00165534
183 0.00168337
184 0.00171119
185 0.00173876
186 0.00176599
187 0.00179285
188 0.00181953
189 0.00184584
190 0.00187181
191 0.00189757
192 0.0019231
193 0.0019484
194 0.00197344
195 0.00199827
196 0.00202296
197 0.00204756
198 0.00207193
199 0.002096
200 0.00211986
