1 0.460489
2 0.0475327
3 0.189085
4 0.188337
5 0.135189
6 0.14835
7 0.116053
8 0.121126
9 0.100687
10 0.104045
11 0.0888356
12 0.0919253
13 0.0801231
14 0.0818091
15 0.0730961
16 0.0742481
17 0.0674833
18 0.0685052
19 0.0627149
20 0.0633715
21 0.058563
22 0.0588293
23 0.0548828
24 0.0548613
25 0.051604
26 0.0513829
27 0.0486392
28 0.0482041
29 0.0458399
30 0.0452414
31 0.0432447
32 0.0425888
33 0.0408578
34 0.040155
35 0.0386289
36 0.0379151
37 0.0365499
38 0.0358807
39 0.0346738
40 0.0340134
41 0.0329072
42 0.032245
43 0.0312243
44 0.0305561
45 0.0296066
46 0.028937
47 0.0280522
48 0.0273899
49 0.0265615
50 0.0259145
