1 4.93119
2 3.66486
3 3.12713
4 2.79938
5 2.58741
6 2.4176
7 2.29336
8 2.18706
9 2.10495
10 2.03025
11 1.97151
12 1.9163
13 1.87146
14 1.82958
15 1.79468
16 1.76233
17 1.73489
18 1.70943
19 1.68757
20 1.66723
21 1.64972
22 1.63336
23 1.61929
24 1.60609
25 1.59473
26 1.58408
27 1.57489
28 1.56632
29 1.55891
30 1.55205
31 1.54613
32 1.54069
33 1.53598
34 1.53171
35 1.52803
36 1.52472
37 1.52191
38 1.51943
39 1.51733
40 1.51551
41 1.514
42 1.51273
43 1.51171
44 1.5109
45 1.51029
46 1.50984
47 1.50957
48 1.50943
49 1.50942
50 1.50953
51 1.50975
52 1.51007
53 1.51047
54 1.51094
55 1.51148
56 1.51208
57 1.51274
58 1.51344
59 1.51418
60 1.51496
61 1.51577
62 1.51661
63 1.51747
64 1.51835
65 1.51924
66 1.52015
67 1.52107
68 1.522
69 1.52293
70 1.52387
71 1.52481
72 1.52575
73 1.52669
74 1.52762
75 1.52855
76 1.52947
77 1.53038
78 1.53129
79 1.53219
80 1.53307
81 1.53395
82 1.53481
83 1.53567
84 1.53651
85 1.53734
86 1.53815
87 1.53895
88 1.53974
89 1.54052
90 1.54129
91 1.54204
92 1.54278
93 1.54351
94 1.54422
95 1.54493
96 1.54562
97 1.5463
98 1.54696
99 1.54761
100 1.54826
101 1.54888
102 1.5495
103 1.5501
104 1.5507
105 1.55128
106 1.55185
107 1.55241
108 1.55296
109 1.5535
110 1.55402
111 1.55454
112 1.55505
113 1.55554
114 1.55603
115 1.55651
116 1.55698
117 1.55743
118 1.55788
119 1.55832
120 1.55876
121 1.55918
122 1.55959
123 1.56
124 1.5604
125 1.56079
126 1.56117
127 1.56155
128 1.56192
129 1.56228
130 1.56263
131 1.56298
132 1.56332
133 1.56365
134 1.56398
135 1.5643
136 1.56462
137 1.56492
138 1.56523
139 1.56553
140 1.56582
141 1.56611
142 1.56639
143 1.56666
144 1.56694
145 1.5672
146 1.56746
147 1.56772
148 1.56797
149 1.56822
150 1.56846
151 1.5687
152 1.56894
153 1.56917
154 1.5694
155 1.56962
156 1.56984
157 1.57005
158 1.57026
159 1.57047
160 1.57068
161 1.57088
162 1.57108
163 1.57127
164 1.57146
165 1.57165
166 1.57183
167 1.57202
168 1.57219
169 1.57237
170 1.57254
171 1.57271
172 1.57288
173 1.57305
174 1.57321
175 1.57337
176 1.57353
177 1.57368
178 1.57383
179 1.57398
180 1.57413
181 1.57428
182 1.57442
183 1.57456
184 1.5747
185 1.57484
186 1.57497
187 1.5751
188 1.57524
189 1.57536
190 1.57549
191 1.57562
192 1.57574
193 1.57586
194 1.57598
195 1.5761
196 1.57622
197 1.57633
198 1.57644
199 1.57656
200 1.57667
