1 186.851
2 61.1806
3 47.0178
4 40.9163
5 39.4424
6 36.8794
7 36.4679
8 35.7555
9 35.1934
10 35.1302
11 34.7555
12 34.6675
13 34.6006
14 34.5121
15 34.5929
16 34.5836
17 34.6987
18 34.7616
19 34.8599
20 34.9743
21 35.0426
22 35.1964
23 35.2373
24 35.4082
25 35.4303
26 35.5982
27 35.6159
28 35.7675
29 35.7859
30 35.9173
31 35.9388
32 36.051
33 36.0761
34 36.171
35 36.1976
36 36.2783
37 36.3047
38 36.3739
39 36.4001
40 36.4596
41 36.4847
42 36.5362
43 36.5601
44 36.6047
45 36.6268
46 36.6653
47 36.6857
48 36.7191
49 36.7381
50 36.7672
51 36.7848
52 36.8101
53 36.8263
54 36.8484
55 36.8632
56 36.8826
57 36.8962
58 36.9132
59 36.9258
60 36.9409
61 36.9524
62 36.9658
63 36.9763
64 36.9883
65 36.9979
66 37.0086
67 37.0174
68 37.027
69 37.0351
70 37.0437
71 37.051
72 37.0587
73 37.0654
74 37.0724
75 37.0785
76 37.0848
77 37.0904
78 37.0961
79 37.1012
80 37.1063
81 37.111
82 37.1157
83 37.12
84 37.1242
85 37.1281
86 37.132
87 37.1356
88 37.1391
89 37.1424
90 37.1456
91 37.1486
92 37.1516
93 37.1544
94 37.157
95 37.1596
96 37.162
97 37.1644
98 37.1666
99 37.1688
100 37.1709
101 37.1728
102 37.1747
103 37.1765
104 37.1783
105 37.18
106 37.1816
107 37.1831
108 37.1846
109 37.186
110 37.1874
111 37.1887
112 37.19
113 37.1912
114 37.1924
115 37.1935
116 37.1946
117 37.1957
118 37.1967
119 37.1976
120 37.1986
121 37.1995
122 37.2003
123 37.2012
124 37.202
125 37.2027
126 37.2035
127 37.2042
128 37.2049
129 37.2055
130 37.2062
131 37.2068
132 37.2074
133 37.208
134 37.2085
135 37.209
136 37.2096
137 37.2101
138 37.2105
139 37.211
140 37.2114
141 37.2119
142 37.2123
143 37.2127
144 37.2131
145 37.2135
146 37.2138
147 37.2142
148 37.2145
149 37.2148
150 37.2151
151 37.2154
152 37.2157
153 37.216
154 37.2163
155 37.2166
156 37.2168
157 37.2171
158 37.2173
159 37.2175
160 37.2178
161 37.218
162 37.2182
163 37.2184
164 37.2186
165 37.2188
166 37.219
167 37.2192
168 37.2193
169 37.2195
170 37.2197
171 37.2198
172 37.22
173 37.2201
174 37.2203
175 37.2204
176 37.2205
177 37.2207
178 37.2208
179 37.2209
180 37.221
181 37.2211
182 37.2213
183 37.2214
184 37.2215
185 37.2216
186 37.2217
187 37.2218
188 37.2219
189 37.222
190 37.222
191 37.2221
192 37.2222
193 37.2223
194 37.2224
195 37.2224
196 37.2225
197 37.2226
198 37.2226
199 37.2227
200 37.2228
