1 0.558529
2 0.00490522
3 0.0472134
4 0.02786
5 0.0219214
6 0.0188122
7 0.0159523
8 0.0132885
9 0.0125128
10 0.0105637
11 0.00994343
12 0.00902382
13 0.00816004
14 0.00769756
15 0.00699568
16 0.00668316
17 0.00615199
18 0.00591239
19 0.00551249
20 0.00530754
21 0.00502205
22 0.00483253
23 0.00463253
24 0.00446657
25 0.0043106
26 0.00417764
27 0.00404374
28 0.00394552
29 0.00382994
30 0.00375328
31 0.00365934
32 0.00359794
33 0.00351948
34 0.00346663
35 0.00339845
36 0.00335039
37 0.00329086
38 0.00325151
39 0.00319769
40 0.00316143
41 0.00311362
42 0.00308286
43 0.0030433
44 0.00301565
45 0.00298038
46 0.00295527
47 0.00292612
48 0.00290326
49 0.00287597
50 0.00285475
51 0.00283197
52 0.00281295
53 0.00279088
54 0.00277281
55 0.00275264
56 0.00273575
57 0.00271737
58 0.00270202
59 0.00268563
60 0.00267134
61 0.00265603
62 0.00264267
63 0.00262826
64 0.0026154
65 0.00260242
66 0.00259105
67 0.00257908
68 0.00256844
69 0.00255762
70 0.00254794
71 0.00253762
72 0.00252752
73 0.00251713
74 0.0025074
75 0.00249763
76 0.00248853
77 0.00247964
78 0.0024714
79 0.0024631
80 0.00245519
81 0.00244723
82 0.00243992
83 0.00243301
84 0.00242648
85 0.00241984
86 0.00241328
87 0.00240673
88 0.00240064
89 0.0023949
90 0.00238943
91 0.0023839
92 0.00237848
93 0.00237318
94 0.00236824
95 0.00236367
96 0.00235932
97 0.00235506
98 0.00235102
99 0.00234692
100 0.00234275
101 0.00233867
102 0.00233463
103 0.00233063
104 0.00232676
105 0.00232301
106 0.00231942
107 0.00231594
108 0.00231257
109 0.00230921
110 0.00230579
111 0.00230235
112 0.00229893
113 0.00229555
114 0.00229226
115 0.00228912
116 0.00228605
117 0.00228296
118 0.00227985
119 0.00227678
120 0.00227375
121 0.00227074
122 0.0022677
123 0.00226466
124 0.00226166
125 0.00225878
126 0.00225591
127 0.00225294
128 0.00224993
129 0.00224699
130 0.00224404
131 0.00224109
132 0.00223811
133 0.00223517
134 0.00223226
135 0.00222934
136 0.0022264
137 0.00222345
138 0.00222054
139 0.00221773
140 0.00221492
141 0.0022121
142 0.00220929
143 0.00220642
144 0.00220357
145 0.00220074
146 0.00219788
147 0.00219503
148 0.00219225
149 0.00218951
150 0.00218683
151 0.00218417
152 0.00218151
153 0.00217882
154 0.00217613
155 0.00217341
156 0.0021707
157 0.00216802
158 0.00216546
159 0.00216289
160 0.00216029
161 0.00215769
162 0.00215508
163 0.00215249
164 0.00214993
165 0.00214735
166 0.00214476
167 0.00214217
168 0.0021396
169 0.00213703
170 0.00213448
171 0.00213194
172 0.00212942
173 0.00212698
174 0.00212454
175 0.00212209
176 0.00211965
177 0.00211719
178 0.00211472
179 0.00211226
180 0.00210985
181 0.00210745
182 0.00210504
183 0.00210263
184 0.00210025
185 0.00209787
186 0.00209546
187 0.00209304
188 0.00209063
189 0.00208823
190 0.0020858
191 0.00208337
192 0.00208093
193 0.00207847
194 0.00207604
195 0.00207361
196 0.00207121
197 0.00206881
198 0.00206641
199 0.00206401
200 0.00206158
