10000 16.6862
20000 12.5037
30000 10.0815
40000 8.55977
50000 7.50329
60000 6.73994
70000 6.31688
80000 6.01241
90000 5.78658
100000 5.62859
110000 5.50181
120000 5.37246
130000 5.27959
140000 5.20123
150000 5.13761
160000 5.08136
170000 5.02782
180000 4.98042
190000 4.93278
200000 4.89162
210000 4.85188
220000 4.81457
230000 4.77687
240000 4.745
250000 4.71294
260000 4.68275
270000 4.65288
280000 4.62366
290000 4.59712
300000 4.57223
310000 4.5471
320000 4.52521
330000 4.50306
340000 4.48089
350000 4.45771
360000 4.43565
370000 4.41527
380000 4.39631
390000 4.37706
400000 4.35744
410000 4.33858
420000 4.32241
430000 4.30399
440000 4.2871
450000 4.27087
460000 4.25488
470000 4.24069
480000 4.22531
490000 4.21116
500000 4.1975
510000 4.18407
520000 4.17108
530000 4.15689
540000 4.14387
550000 4.13116
560000 4.1193
570000 4.10813
580000 4.09679
590000 4.08482
600000 4.07388
610000 4.06328
620000 4.05267
630000 4.04062
640000 4.02938
650000 4.01902
660000 4.0087
670000 3.99911
680000 3.98994
690000 3.98034
700000 3.9707
710000 3.9615
720000 3.95271
730000 3.94389
740000 3.93559
750000 3.92652
760000 3.91795
770000 3.9096
780000 3.9015
790000 3.89312
800000 3.88583
810000 3.8782
820000 3.87075
830000 3.86299
840000 3.85506
850000 3.84771
860000 3.8411
870000 3.83446
880000 3.82818
890000 3.82076
900000 3.81361
910000 3.80725
920000 3.80199
930000 3.79496
940000 3.7882
950000 3.78184
960000 3.77543
970000 3.76899
980000 3.763
990000 3.75725
1000000 3.75134
1010000 3.74492
1020000 3.73924
1030000 3.7333
1040000 3.72717
1050000 3.72133
1060000 3.71569
1070000 3.71139
1080000 3.70606
1090000 3.70041
1100000 3.69497
1110000 3.69007
1120000 3.68445
1130000 3.67911
1140000 3.67376
1150000 3.66874
1160000 3.66351
1170000 3.65819
1180000 3.65321
1190000 3.64875
1200000 3.64401
1210000 3.6396
1220000 3.63519
1230000 3.63093
1240000 3.62602
1250000 3.62166
1260000 3.61754
1270000 3.61399
1280000 3.60947
1290000 3.60473
1300000 3.60036
1310000 3.59628
1320000 3.59255
1330000 3.5884
1340000 3.58488
1350000 3.58051
1360000 3.57633
1370000 3.57232
1380000 3.56892
1390000 3.56534
1400000 3.56163
1410000 3.55815
1420000 3.55409
1430000 3.55019
1440000 3.54672
1450000 3.54273
1460000 3.53914
1470000 3.53579
1480000 3.53159
1490000 3.52765
1500000 3.52452
1510000 3.52085
1520000 3.51795
1530000 3.51417
1540000 3.51099
1550000 3.50774
1560000 3.50474
1570000 3.50135
1580000 3.49801
1590000 3.49447
1600000 3.4915
1610000 3.48856
1620000 3.4859
1630000 3.48274
1640000 3.47943
1650000 3.47622
1660000 3.47311
1670000 3.47025
1680000 3.46748
1690000 3.46418
1700000 3.46135
1710000 3.45861
1720000 3.45586
1730000 3.45346
1740000 3.45031
1750000 3.44789
1760000 3.4448
1770000 3.44169
1780000 3.43916
1790000 3.43625
1800000 3.43398
1810000 3.43101
1820000 3.42861
1830000 3.42559
1840000 3.42322
1850000 3.42098
1860000 3.41814
1870000 3.41578
1880000 3.41397
1890000 3.41147
1900000 3.40868
1910000 3.40577
1920000 3.40379
1930000 3.40132
1940000 3.39843
1950000 3.39587
1960000 3.39369
1970000 3.39131
1980000 3.38888
1990000 3.3865
2000000 3.38407
2010000 3.38133
2020000 3.37895
2030000 3.37645
2040000 3.37409
2050000 3.37167
2060000 3.36989
2070000 3.36775
2080000 3.3654
2090000 3.36302
2100000 3.3615
2110000 3.35966
2120000 3.3573
2130000 3.35496
2140000 3.35309
2150000 3.35028
2160000 3.34873
2170000 3.34644
2180000 3.34438
2190000 3.34233
2200000 3.34016
2210000 3.33833
2220000 3.33693
2230000 3.33467
2240000 3.3327
2250000 3.33043
2260000 3.32842
2270000 3.32655
2280000 3.32476
2290000 3.32268
2300000 3.32135
2310000 3.3193
2320000 3.31778
2330000 3.31613
2340000 3.31438
2350000 3.31244
2360000 3.31053
2370000 3.309
2380000 3.30778
2390000 3.30607
2400000 3.304
2410000 3.30303
2420000 3.30154
2430000 3.29981
2440000 3.29768
2450000 3.29574
2460000 3.29444
2470000 3.29292
2480000 3.29171
2490000 3.28998
2500000 3.28802
2510000 3.2863
2520000 3.28416
2530000 3.28243
2540000 3.28063
2550000 3.27889
2560000 3.27802
2570000 3.27614
2580000 3.27483
2590000 3.27325
2600000 3.27135
2610000 3.26979
2620000 3.26847
2630000 3.2669
2640000 3.26543
2650000 3.26373
2660000 3.26216
2670000 3.26065
2680000 3.25928
2690000 3.25809
2700000 3.25648
2710000 3.25487
2720000 3.25338
2730000 3.25178
2740000 3.25038
2750000 3.24904
2760000 3.24731
2770000 3.24604
2780000 3.24451
2790000 3.24311
2800000 3.24249
2810000 3.24075
2820000 3.23914
2830000 3.23769
2840000 3.2364
2850000 3.23528
2860000 3.23382
2870000 3.23272
2880000 3.23172
2890000 3.23023
2900000 3.22899
2910000 3.22805
2920000 3.22634
2930000 3.22534
2940000 3.22406
2950000 3.2228
2960000 3.22157
2970000 3.22051
2980000 3.21949
2990000 3.21802
3000000 3.21658
3010000 3.21537
3020000 3.21389
3030000 3.21333
3040000 3.21206
3050000 3.21089
3060000 3.21099
3070000 3.20929
3080000 3.20813
3090000 3.20665
3100000 3.2055
3110000 3.20348
3120000 3.20244
3130000 3.20098
3140000 3.20019
3150000 3.19899
3160000 3.19809
3170000 3.19678
3180000 3.19558
3190000 3.19455
3200000 3.19318
3210000 3.19177
3220000 3.19063
3230000 3.18991
3240000 3.18871
3250000 3.18755
3260000 3.18653
3270000 3.18453
3280000 3.18396
3290000 3.18268
3300000 3.1817
3310000 3.18053
3320000 3.17991
3330000 3.17946
3340000 3.17823
3350000 3.17798
3360000 3.17685
3370000 3.17594
3380000 3.17472
3390000 3.1732
3400000 3.17261
3410000 3.17176
3420000 3.17083
3430000 3.16962
3440000 3.16876
3450000 3.1676
3460000 3.16638
3470000 3.16549
3480000 3.16509
3490000 3.16407
3500000 3.16283
3510000 3.16164
3520000 3.1608
3530000 3.16001
3540000 3.15892
3550000 3.15857
3560000 3.15721
3570000 3.15571
3580000 3.15464
3590000 3.15387
3600000 3.15332
3610000 3.15277
3620000 3.15111
3630000 3.15055
3640000 3.1496
3650000 3.14888
3660000 3.14815
3670000 3.14753
3680000 3.14669
3690000 3.14593
3700000 3.14525
3710000 3.14455
3720000 3.14421
3730000 3.14327
3740000 3.14274
3750000 3.1416
3760000 3.14038
3770000 3.13946
3780000 3.1385
3790000 3.13753
3800000 3.13702
3810000 3.13582
3820000 3.13561
3830000 3.13479
3840000 3.13366
3850000 3.1327
3860000 3.13208
3870000 3.13152
3880000 3.13094
3890000 3.1306
3900000 3.12936
3910000 3.12846
3920000 3.12757
3930000 3.12715
3940000 3.12682
3950000 3.1259
3960000 3.12495
3970000 3.12382
3980000 3.123
3990000 3.12249
4000000 3.1216
4010000 3.12152
4020000 3.12066
4030000 3.1199
4040000 3.11943
4050000 3.11911
4060000 3.11873
4070000 3.11782
4080000 3.11752
4090000 3.11606
4100000 3.11534
4110000 3.11434
4120000 3.11365
4130000 3.11285
4140000 3.1122
4150000 3.11187
4160000 3.11144
4170000 3.1105
4180000 3.10999
4190000 3.10941
4200000 3.1088
4210000 3.1081
4220000 3.10728
4230000 3.10685
4240000 3.10657
4250000 3.10601
4260000 3.10539
4270000 3.10531
4280000 3.10479
4290000 3.10401
4300000 3.10297
4310000 3.10242
4320000 3.10138
4330000 3.10088
4340000 3.10038
4350000 3.09965
4360000 3.10021
4370000 3.09919
4380000 3.09875
4390000 3.0978
4400000 3.0969
4410000 3.09724
4420000 3.09634
4430000 3.09528
4440000 3.09447
4450000 3.0942
4460000 3.09375
4470000 3.09293
4480000 3.0926
4490000 3.09173
4500000 3.09167
4510000 3.09145
4520000 3.0907
4530000 3.09014
4540000 3.0895
4550000 3.08852
4560000 3.08755
4570000 3.08735
4580000 3.08738
4590000 3.08741
4600000 3.08757
4610000 3.08664
4620000 3.08633
4630000 3.08572
4640000 3.08497
4650000 3.08452
4660000 3.08392
4670000 3.08354
4680000 3.08323
4690000 3.0826
4700000 3.08248
4710000 3.08226
4720000 3.08136
4730000 3.0808
4740000 3.07994
4750000 3.07987
4760000 3.07992
4770000 3.07929
4780000 3.07887
4790000 3.07857
4800000 3.0777
4810000 3.07703
4820000 3.07666
4830000 3.07648
4840000 3.07625
4850000 3.07633
4860000 3.07577
4870000 3.07541
4880000 3.07456
4890000 3.07419
4900000 3.07412
4910000 3.07408
4920000 3.07399
4930000 3.07326
4940000 3.0723
4950000 3.07157
4960000 3.072
4970000 3.07129
4980000 3.07083
4990000 3.07026
5000000 3.06986
5010000 3.06887
5020000 3.06874
5030000 3.0683
5040000 3.0679
5050000 3.06814
5060000 3.06794
5070000 3.06768
5080000 3.0672
5090000 3.06714
5100000 3.06614
5110000 3.06589
5120000 3.0652
5130000 3.06442
5140000 3.06464
5150000 3.06442
5160000 3.06407
5170000 3.06419
5180000 3.06362
5190000 3.06355
5200000 3.06339
5210000 3.06331
5220000 3.0622
5230000 3.06146
5240000 3.06136
5250000 3.0616
5260000 3.06052
5270000 3.0604
5280000 3.06051
5290000 3.05993
5300000 3.05948
5310000 3.05879
5320000 3.05832
5330000 3.0582
5340000 3.05741
5350000 3.05726
5360000 3.05683
5370000 3.05652
5380000 3.05619
5390000 3.05547
5400000 3.05534
5410000 3.05465
5420000 3.05446
5430000 3.05451
5440000 3.05418
5450000 3.05403
5460000 3.05368
5470000 3.05329
5480000 3.05312
5490000 3.0533
5500000 3.05276
5510000 3.05252
5520000 3.05211
5530000 3.05159
5540000 3.0508
5550000 3.05104
5560000 3.05123
5570000 3.05113
5580000 3.05084
5590000 3.05054
5600000 3.05014
5610000 3.04983
5620000 3.04973
5630000 3.04946
5640000 3.04929
5650000 3.04923
5660000 3.04904
5670000 3.0488
5680000 3.04851
5690000 3.04853
5700000 3.0481
5710000 3.0477
5720000 3.04771
5730000 3.04716
5740000 3.0468
5750000 3.04666
5760000 3.04637
5770000 3.04624
5780000 3.04582
5790000 3.04552
5800000 3.04459
5810000 3.04468
5820000 3.04449
5830000 3.04438
5840000 3.04414
5850000 3.04389
5860000 3.04489
5870000 3.04445
5880000 3.04383
5890000 3.0434
5900000 3.04289
5910000 3.04274
5920000 3.04222
5930000 3.0419
5940000 3.04161
5950000 3.04127
5960000 3.04162
5970000 3.04105
5980000 3.04076
5990000 3.04047
6000000 3.03996
6010000 3.04002
6020000 3.03971
6030000 3.03926
6040000 3.0387
6050000 3.03853
6060000 3.03805
6070000 3.03808
6080000 3.03816
6090000 3.03725
6100000 3.03738
6110000 3.03724
6120000 3.03727
6130000 3.03718
6140000 3.037
6150000 3.03691
6160000 3.03631
6170000 3.03632
6180000 3.03634
6190000 3.03609
6200000 3.03601
6210000 3.03639
6220000 3.0357
6230000 3.03607
6240000 3.03611
6250000 3.03584
6260000 3.03599
6270000 3.03566
6280000 3.03508
6290000 3.03483
6300000 3.03523
6310000 3.03473
6320000 3.03446
6330000 3.03417
6340000 3.03408
6350000 3.03326
6360000 3.03284
6370000 3.03258
6380000 3.03298
6390000 3.03336
6400000 3.03284
6410000 3.03268
6420000 3.03211
6430000 3.03196
6440000 3.03165
6450000 3.03129
6460000 3.03178
6470000 3.03212
6480000 3.03171
6490000 3.03149
6500000 3.03138
6510000 3.03127
6520000 3.03113
6530000 3.03082
6540000 3.03077
6550000 3.03018
6560000 3.02993
6570000 3.02988
6580000 3.03016
6590000 3.03021
6600000 3.02996
6610000 3.02975
6620000 3.02997
6630000 3.02917
6640000 3.02879
6650000 3.02816
6660000 3.02878
6670000 3.02942
6680000 3.02903
6690000 3.02865
6700000 3.02832
6710000 3.0283
6720000 3.02858
6730000 3.02859
6740000 3.02866
6750000 3.02839
6760000 3.02832
6770000 3.02855
6780000 3.02794
6790000 3.02775
6800000 3.02739
6810000 3.02746
6820000 3.02779
6830000 3.02743
6840000 3.02704
6850000 3.02702
6860000 3.0267
6870000 3.02667
6880000 3.02653
6890000 3.02615
6900000 3.02588
6910000 3.02658
6920000 3.02679
6930000 3.02658
6940000 3.02666
6950000 3.0263
6960000 3.02659
6970000 3.02594
6980000 3.02592
6990000 3.02571
7000000 3.02545
7010000 3.02549
7020000 3.02579
7030000 3.02608
7040000 3.02588
7050000 3.026
7060000 3.02592
7070000 3.02587
7080000 3.02582
7090000 3.02576
7100000 3.02547
7110000 3.02509
7120000 3.02495
7130000 3.02473
7140000 3.02491
7150000 3.02558
7160000 3.02512
7170000 3.02525
7180000 3.02553
7190000 3.02557
7200000 3.02545
7210000 3.02502
7220000 3.02506
7230000 3.02494
7240000 3.02469
7250000 3.02471
7260000 3.02506
7270000 3.02525
7280000 3.02476
7290000 3.02462
7300000 3.02489
7310000 3.02461
7320000 3.02407
7330000 3.02421
7340000 3.02428
7350000 3.02422
7360000 3.024
7370000 3.02427
7380000 3.02386
7390000 3.0236
7400000 3.02342
7410000 3.02365
7420000 3.02394
7430000 3.02359
7440000 3.0239
7450000 3.02392
7460000 3.02354
7470000 3.02373
7480000 3.02395
7490000 3.02372
7500000 3.02424
7510000 3.02437
7520000 3.02471
7530000 3.02421
7540000 3.02406
7550000 3.02383
7560000 3.02348
7570000 3.02387
7580000 3.02314
7590000 3.02292
7600000 3.02241
7610000 3.02242
7620000 3.02226
7630000 3.02192
7640000 3.02173
7650000 3.02171
7660000 3.02195
7670000 3.02228
7680000 3.02231
7690000 3.02274
7700000 3.0221
7710000 3.02186
7720000 3.02201
7730000 3.02182
7740000 3.02184
7750000 3.02177
7760000 3.02162
7770000 3.02168
7780000 3.02175
7790000 3.02234
7800000 3.02185
7810000 3.02212
7820000 3.02191
7830000 3.02247
7840000 3.02265
7850000 3.02241
7860000 3.02249
7870000 3.02252
7880000 3.02275
7890000 3.02272
7900000 3.02281
7910000 3.0226
7920000 3.02258
7930000 3.02309
7940000 3.02312
7950000 3.02308
7960000 3.02322
7970000 3.02278
7980000 3.02264
7990000 3.02324
8000000 3.02345
8010000 3.02323
8020000 3.02312
8030000 3.02382
8040000 3.02353
8050000 3.02353
8060000 3.02375
8070000 3.02374
8080000 3.02334
8090000 3.02332
8100000 3.02313
8110000 3.02309
8120000 3.02274
8130000 3.02296
8140000 3.02263
8150000 3.02362
8160000 3.02317
8170000 3.02341
8180000 3.02292
8190000 3.02297
8200000 3.02295
8210000 3.0232
8220000 3.02286
8230000 3.02279
8240000 3.02295
8250000 3.02276
8260000 3.02304
8270000 3.02285
8280000 3.023
8290000 3.02287
8300000 3.02349
8310000 3.02338
8320000 3.02332
8330000 3.02376
8340000 3.02419
8350000 3.0239
8360000 3.02376
8370000 3.02378
8380000 3.02376
8390000 3.02385
8400000 3.02412
8410000 3.02407
8420000 3.02386
8430000 3.02388
8440000 3.02381
8450000 3.02472
8460000 3.02454
8470000 3.02462
8480000 3.02479
8490000 3.02492
8500000 3.02456
8510000 3.02476
8520000 3.02482
8530000 3.02496
8540000 3.02489
8550000 3.02455
8560000 3.02479
8570000 3.02467
8580000 3.02433
8590000 3.02448
8600000 3.02503
8610000 3.02471
8620000 3.02414
8630000 3.0245
8640000 3.02465
8650000 3.02428
8660000 3.02427
8670000 3.0242
8680000 3.02428
8690000 3.02493
8700000 3.02465
8710000 3.02448
8720000 3.02492
8730000 3.02557
8740000 3.0259
8750000 3.02566
8760000 3.02547
8770000 3.02584
8780000 3.02619
8790000 3.02645
8800000 3.02639
8810000 3.02648
8820000 3.02651
8830000 3.02722
8840000 3.02735
8850000 3.02749
8860000 3.02735
8870000 3.02768
8880000 3.02861
8890000 3.02824
8900000 3.02837
8910000 3.02918
8920000 3.02859
8930000 3.02836
8940000 3.02813
8950000 3.02863
8960000 3.02895
8970000 3.02845
8980000 3.02853
8990000 3.0282
9000000 3.02787
9010000 3.02781
9020000 3.02809
9030000 3.02848
9040000 3.02842
9050000 3.02841
9060000 3.02904
9070000 3.02892
9080000 3.02886
9090000 3.02868
9100000 3.02846
9110000 3.02858
9120000 3.02914
9130000 3.02942
9140000 3.02992
9150000 3.03077
9160000 3.03031
9170000 3.03026
9180000 3.03016
9190000 3.02995
9200000 3.03023
9210000 3.03041
9220000 3.03092
9230000 3.03074
9240000 3.0313
9250000 3.03155
9260000 3.03176
9270000 3.0318
9280000 3.03117
9290000 3.03119
9300000 3.03134
9310000 3.0313
9320000 3.03112
9330000 3.03156
9340000 3.03168
9350000 3.0319
9360000 3.03184
9370000 3.03172
9380000 3.03163
9390000 3.03175
9400000 3.03179
9410000 3.03185
9420000 3.03166
9430000 3.03155
9440000 3.0313
9450000 3.03164
9460000 3.03172
9470000 3.03204
9480000 3.03201
9490000 3.03227
9500000 3.03214
9510000 3.03293
9520000 3.033
9530000 3.03335
9540000 3.03353
9550000 3.03361
9560000 3.03335
9570000 3.0337
9580000 3.03349
9590000 3.03358
9600000 3.03402
9610000 3.03394
9620000 3.03396
9630000 3.03461
9640000 3.03451
9650000 3.03497
9660000 3.03491
9670000 3.03517
9680000 3.03509
9690000 3.03527
9700000 3.03537
9710000 3.03575
9720000 3.03575
9730000 3.03566
9740000 3.03636
9750000 3.03632
9760000 3.03622
9770000 3.03633
9780000 3.03639
9790000 3.03601
9800000 3.03616
9810000 3.03584
9820000 3.03639
9830000 3.03664
9840000 3.0366
9850000 3.03682
9860000 3.03673
9870000 3.0375
9880000 3.03745
9890000 3.03709
9900000 3.03808
9910000 3.03842
9920000 3.0388
9930000 3.03865
9940000 3.03907
9950000 3.03886
9960000 3.03853
9970000 3.03874
9980000 3.03934
9990000 3.03929
10000000 3.03919
