10000 193.511
20000 124.192
30000 88.8778
40000 66.5022
50000 51.4744
60000 39.6521
70000 33.7539
80000 28.4614
90000 25.3781
100000 23.2385
110000 21.9536
120000 20.2752
130000 19.6139
140000 18.5361
150000 17.9871
160000 17.4603
170000 17.2763
180000 16.8716
190000 16.5396
200000 16.3894
210000 16.4693
220000 16.245
230000 16.0759
240000 16.0896
250000 15.903
260000 15.6932
270000 15.3058
280000 15.2687
290000 15.3738
300000 15.1016
310000 14.9193
320000 14.9328
330000 14.6945
340000 14.779
350000 14.7138
360000 14.5938
370000 14.5301
380000 14.4759
390000 14.6155
400000 14.7002
410000 14.3407
420000 14.4629
430000 14.4096
440000 14.3883
450000 14.0929
460000 14.0731
470000 14.4303
480000 14.1168
490000 14.2934
500000 13.9524
510000 13.9572
520000 13.9259
530000 14.1026
540000 14.1809
550000 13.8998
560000 13.8423
570000 13.8112
580000 13.528
590000 13.5593
600000 13.5427
610000 13.9319
620000 13.4291
630000 13.715
640000 13.4637
650000 13.4562
660000 13.5218
670000 13.5583
680000 13.3229
690000 13.7223
700000 13.7031
710000 13.6411
720000 13.7584
730000 13.3153
740000 13.2107
750000 13.2398
760000 13.2501
770000 13.2289
780000 13.2335
790000 13.0129
800000 12.9252
810000 13.1372
820000 13.3687
830000 13.5843
840000 13.2421
850000 12.8491
860000 13.1462
870000 13.1619
880000 13.5658
890000 12.9497
900000 13.0647
910000 12.9257
920000 13.0052
930000 12.868
940000 13.1872
950000 13.0057
960000 13.3163
970000 12.9657
980000 12.838
990000 13.3451
1000000 12.9927
1010000 13.1513
1020000 12.9746
1030000 12.9676
1040000 12.9798
1050000 12.881
1060000 13.1083
1070000 13.0459
1080000 12.7895
1090000 13.1547
1100000 12.7451
1110000 12.9432
1120000 12.5761
1130000 12.7925
1140000 12.5047
1150000 12.627
1160000 12.6532
1170000 12.7029
1180000 12.6439
1190000 12.9984
1200000 12.9859
1210000 12.6879
1220000 12.6919
1230000 12.5977
1240000 12.6251
1250000 12.6934
1260000 12.7222
1270000 12.8817
1280000 12.7403
1290000 12.6809
1300000 12.6548
1310000 12.5226
1320000 12.5049
1330000 12.517
1340000 12.7719
1350000 12.5965
1360000 12.6281
1370000 12.2504
1380000 12.3126
1390000 12.1809
1400000 12.5947
1410000 12.2968
1420000 12.7735
1430000 12.6032
1440000 12.4635
1450000 12.4952
1460000 12.5347
1470000 12.5447
1480000 12.7944
1490000 12.9729
1500000 12.4089
1510000 12.4708
1520000 12.4652
1530000 12.2935
1540000 12.3665
1550000 12.7013
1560000 12.3472
1570000 12.1881
1580000 12.3902
1590000 12.5378
1600000 12.3787
1610000 12.3526
1620000 12.6437
1630000 12.2887
1640000 12.3246
1650000 12.4437
1660000 12.061
1670000 12.2923
1680000 12.363
1690000 12.4088
1700000 12.2192
1710000 12.2072
1720000 12.3229
1730000 12.2802
1740000 12.3241
1750000 12.2946
1760000 12.2477
1770000 12.1886
1780000 12.3751
1790000 12.1465
1800000 12.3118
1810000 12.0738
1820000 12.2137
1830000 12.0884
1840000 12.1962
1850000 12.1936
1860000 12.5068
1870000 12.1895
1880000 12.2734
1890000 12.3413
1900000 12.165
1910000 12.1289
1920000 12.2417
1930000 12.3519
1940000 12.2517
1950000 12.1733
1960000 12.1373
1970000 12.438
1980000 12.3602
1990000 12.2644
2000000 12.2271
2010000 12.0725
2020000 12.0636
2030000 12.3302
2040000 12.2868
2050000 12.1234
2060000 12.0061
2070000 12.0261
2080000 12.2318
2090000 12.1871
2100000 12.0264
2110000 12.0941
2120000 12.1273
2130000 12.0833
2140000 12.0301
2150000 12.0976
2160000 12.0571
2170000 12.1858
2180000 12.1172
2190000 12.3207
2200000 12.1497
2210000 12.1683
2220000 12.4019
2230000 12.3676
2240000 12.3526
2250000 11.9842
2260000 11.9529
2270000 11.7885
2280000 11.953
2290000 11.8989
2300000 12.2454
2310000 11.9633
2320000 11.7831
2330000 11.8133
2340000 11.93
2350000 11.7712
2360000 11.7704
2370000 12.1621
2380000 12.0201
2390000 12.0709
2400000 12.0192
2410000 12.0192
2420000 12.3623
2430000 11.8555
2440000 11.8726
2450000 11.8862
2460000 11.8617
2470000 11.9709
2480000 12.0346
2490000 11.9713
2500000 11.9913
2510000 12.0755
2520000 12.0277
2530000 12.0603
2540000 12.0017
2550000 11.8771
2560000 11.8076
2570000 12.0762
2580000 12.1323
2590000 11.8728
2600000 11.8679
2610000 11.8639
2620000 11.9117
2630000 11.7725
2640000 11.8571
2650000 11.6574
2660000 11.9158
2670000 12.0123
2680000 11.8897
2690000 11.9924
2700000 11.7249
2710000 11.8222
2720000 11.8923
2730000 11.9754
2740000 11.9189
2750000 11.8129
2760000 12.0333
2770000 11.8503
2780000 11.8842
2790000 11.8291
2800000 11.9163
2810000 12.0763
2820000 11.9042
2830000 12.0037
2840000 11.8328
2850000 12.1479
2860000 11.8825
2870000 11.7805
2880000 11.7734
2890000 11.7901
2900000 11.8568
2910000 11.8513
2920000 11.8475
2930000 11.8779
2940000 11.8226
2950000 11.626
2960000 12.0451
2970000 11.8008
2980000 11.7598
2990000 11.7765
3000000 11.8688
3010000 11.9365
3020000 11.6826
3030000 11.6476
3040000 12.0284
3050000 11.6871
3060000 11.7323
3070000 11.582
3080000 11.5893
3090000 11.7142
3100000 11.554
3110000 11.8713
3120000 11.6755
3130000 11.8194
3140000 11.9304
3150000 12.3064
3160000 11.9002
3170000 11.9278
3180000 11.8256
3190000 11.8912
3200000 11.8631
3210000 11.878
3220000 11.8379
3230000 11.8785
3240000 12.1759
3250000 11.6663
3260000 11.6437
3270000 12.1651
3280000 11.8463
3290000 11.6904
3300000 11.8309
3310000 11.5461
3320000 11.6278
3330000 11.4981
3340000 11.6529
3350000 11.6953
3360000 11.7516
3370000 11.6383
3380000 11.7951
3390000 11.7612
3400000 11.6305
3410000 11.6633
3420000 11.6662
3430000 11.7506
3440000 11.5714
3450000 11.7137
3460000 11.6923
3470000 11.5372
3480000 11.5273
3490000 11.6564
3500000 12.0082
3510000 11.8695
3520000 11.6209
3530000 11.7871
3540000 11.64
3550000 11.5878
3560000 11.5213
3570000 11.7274
3580000 11.7157
3590000 11.6125
3600000 11.3296
3610000 11.6814
3620000 11.515
3630000 11.6915
3640000 11.5504
3650000 11.7993
3660000 11.5629
3670000 11.6004
3680000 11.8518
3690000 11.7995
3700000 11.7858
3710000 11.8014
3720000 11.6028
3730000 11.8185
3740000 11.3706
3750000 11.6955
3760000 11.6392
3770000 11.6292
3780000 11.6667
3790000 11.5783
3800000 11.585
3810000 11.7271
3820000 11.5975
3830000 11.5477
3840000 11.9725
3850000 11.7524
3860000 11.5989
3870000 11.5246
3880000 11.5674
3890000 11.7491
3900000 11.5539
3910000 11.5923
3920000 11.7634
3930000 11.6528
3940000 11.632
3950000 11.6293
3960000 11.6796
3970000 11.5416
3980000 11.4521
3990000 11.5371
4000000 11.7192
4010000 11.6623
4020000 11.5534
4030000 11.6706
4040000 11.6481
4050000 11.3624
4060000 11.3861
4070000 11.3823
4080000 11.3785
4090000 11.3949
4100000 11.5576
4110000 11.6399
4120000 11.4405
4130000 11.3902
4140000 11.44
4150000 11.3314
4160000 11.3711
4170000 11.5519
4180000 11.5713
4190000 11.5785
4200000 11.4353
4210000 11.5156
4220000 11.5314
4230000 11.6136
4240000 11.548
4250000 11.4936
4260000 11.3736
4270000 12.0351
4280000 11.8913
4290000 11.8857
4300000 11.4734
4310000 11.5095
4320000 11.5604
4330000 11.5155
4340000 11.6271
4350000 11.4682
4360000 11.8582
4370000 11.7381
4380000 11.6757
4390000 11.4175
4400000 11.6159
4410000 11.3975
4420000 11.6979
4430000 11.5515
4440000 11.9366
4450000 11.9831
4460000 11.2915
4470000 11.3573
4480000 11.2551
4490000 11.1041
4500000 11.7241
4510000 11.6752
4520000 11.3451
4530000 11.4951
4540000 11.6676
4550000 11.5348
4560000 11.6538
4570000 11.397
4580000 11.4359
4590000 11.1783
4600000 11.8654
4610000 11.3963
4620000 11.623
4630000 11.7639
4640000 11.657
4650000 11.425
4660000 11.4211
4670000 11.4986
4680000 11.3713
4690000 11.5286
4700000 11.5287
4710000 11.7285
4720000 11.6467
4730000 11.813
4740000 11.4674
4750000 11.7301
4760000 11.2785
4770000 11.2512
4780000 11.29
4790000 11.2243
4800000 11.3103
4810000 11.39
4820000 11.7083
4830000 11.29
4840000 11.6081
4850000 11.5363
4860000 11.3811
4870000 11.5126
4880000 11.3367
4890000 11.6177
4900000 11.4855
4910000 11.6482
4920000 11.4674
4930000 11.5553
4940000 11.2273
4950000 11.544
4960000 11.3988
4970000 11.4366
4980000 11.4211
4990000 11.2185
5000000 11.4782
5010000 11.2666
5020000 11.6535
5030000 11.3084
5040000 11.3565
5050000 11.3742
5060000 11.5959
5070000 11.579
5080000 11.4592
5090000 11.6275
5100000 11.448
5110000 11.4446
5120000 11.8366
5130000 11.5021
5140000 11.4933
5150000 11.388
5160000 11.3188
5170000 11.3502
5180000 11.1875
5190000 11.3331
5200000 11.3117
5210000 11.6296
5220000 11.5361
5230000 11.4132
5240000 11.4653
5250000 11.7359
5260000 11.5471
5270000 11.4074
5280000 11.3572
5290000 11.1599
5300000 11.3291
5310000 11.2196
5320000 11.4759
5330000 11.4021
5340000 11.3456
5350000 11.3888
5360000 11.1818
5370000 11.3216
5380000 11.377
5390000 11.3164
5400000 11.6042
5410000 11.111
5420000 11.4944
5430000 11.2261
5440000 11.1732
5450000 11.2097
5460000 11.42
5470000 11.2302
5480000 11.1381
5490000 11.4005
5500000 11.0713
5510000 11.2465
5520000 11.3916
5530000 11.2976
5540000 11.2557
5550000 11.1726
5560000 11.3847
5570000 11.2363
5580000 11.3602
5590000 11.3516
5600000 11.2089
5610000 11.2298
5620000 11.3223
5630000 11.1239
5640000 11.1276
5650000 11.0145
5660000 11.0807
5670000 11.2198
5680000 11.2023
5690000 11.2308
5700000 11.4747
5710000 11.1366
5720000 11.2981
5730000 11.3664
5740000 11.6582
5750000 11.3508
5760000 11.4345
5770000 11.5978
5780000 11.3983
5790000 11.2816
5800000 11.0789
5810000 11.1461
5820000 11.3496
5830000 11.284
5840000 11.1256
5850000 11.1688
5860000 11.4111
5870000 11.3542
5880000 11.3077
5890000 11.5866
5900000 11.3555
5910000 11.3087
5920000 11.1595
5930000 11.2014
5940000 11.1909
5950000 11.4523
5960000 10.9849
5970000 11.3212
5980000 11.022
5990000 11.3416
6000000 11.2337
6010000 11.3759
6020000 11.2046
6030000 11.6157
6040000 11.3823
6050000 11.2647
6060000 11.0108
6070000 11.4499
6080000 10.9473
6090000 11.2868
6100000 11.1195
6110000 11.3367
6120000 11.0557
6130000 11.1787
6140000 11.0623
6150000 11.2401
6160000 11.3482
6170000 11.1063
6180000 11.2034
6190000 11.4705
6200000 11.309
6210000 11.4941
6220000 11.2005
6230000 11.3293
6240000 11.0914
6250000 11.1713
6260000 11.0486
6270000 11.0804
6280000 11.3478
6290000 11.3656
6300000 11.2106
6310000 11.446
6320000 11.7342
6330000 11.5025
6340000 11.1903
6350000 11.4339
6360000 11.2142
6370000 11.4236
6380000 11.3565
6390000 11.4086
6400000 11.2902
6410000 11.2897
6420000 11.3559
6430000 11.2838
6440000 11.3794
6450000 11.2467
6460000 11.8182
6470000 11.8153
6480000 11.4894
6490000 11.1219
6500000 11.1867
6510000 11.0758
6520000 11.1866
6530000 11.459
6540000 11.4163
6550000 11.2989
6560000 11.214
6570000 11.2057
6580000 11.2108
6590000 11.5584
6600000 11.217
6610000 11.2819
6620000 10.998
6630000 11.2411
6640000 11.1521
6650000 11.0632
6660000 11.2978
6670000 11.3228
6680000 11.2576
6690000 11.3381
6700000 11.4593
6710000 11.5974
6720000 11.1879
6730000 11.563
6740000 11.0296
6750000 11.3004
6760000 11.0994
6770000 11.5319
6780000 11.24
6790000 10.9767
6800000 11.0381
6810000 11.0829
6820000 11.4506
6830000 11.3547
6840000 11.3819
6850000 11.2386
6860000 11.2796
6870000 11.2553
6880000 11.4119
6890000 11.5127
6900000 11.2135
6910000 11.2271
6920000 11.329
6930000 11.0388
6940000 11.0261
6950000 11.0763
6960000 11.4727
6970000 11.0879
6980000 10.9751
6990000 11.0343
7000000 10.9906
7010000 11.0669
7020000 10.8342
7030000 10.8869
7040000 11.5716
7050000 11.1352
7060000 11.2954
7070000 11.2919
7080000 11.07
7090000 10.8226
7100000 11.0958
7110000 10.9228
7120000 11.1818
7130000 11.1217
7140000 11.4528
7150000 11.6282
7160000 11.6049
7170000 11.2074
7180000 11.2601
7190000 11.0919
7200000 11.2758
7210000 10.9183
7220000 11.4238
7230000 11.2789
7240000 11.2976
7250000 11.2607
7260000 10.9779
7270000 11.1422
7280000 11.0715
7290000 11.1328
7300000 11.066
7310000 11.0632
7320000 11.0166
7330000 11.1671
7340000 11.1541
7350000 10.977
7360000 11.0539
7370000 11.3329
7380000 11.1082
7390000 11.3996
7400000 11.1615
7410000 11.2061
7420000 11.0944
7430000 11.0022
7440000 11.0356
7450000 11.3164
7460000 11.1019
7470000 11.0663
7480000 10.9901
7490000 10.941
7500000 11.1074
7510000 11.2822
7520000 11.0651
7530000 11.325
7540000 11.351
7550000 11.2334
7560000 11.291
7570000 11.3325
7580000 11.4427
7590000 11.5295
7600000 11.1916
7610000 10.986
7620000 11.2844
7630000 11.4355
7640000 11.2779
7650000 11.3524
7660000 11.5
7670000 11.1692
7680000 11.4073
7690000 11.5958
7700000 11.5875
7710000 11.156
7720000 11.2432
7730000 10.792
7740000 11.1227
7750000 11.019
7760000 10.9684
7770000 11.0952
7780000 11.0856
7790000 11.5234
7800000 11.17
7810000 11.1181
7820000 10.7533
7830000 11.0352
7840000 10.9707
7850000 11.3014
7860000 11.1492
7870000 11.3463
7880000 11.2317
7890000 11.3718
7900000 11.2323
7910000 11.2048
7920000 11.0057
7930000 11.3158
7940000 11.202
7950000 11.0632
7960000 11.6533
7970000 11.0425
7980000 11.0643
7990000 11.2084
8000000 11.2663
8010000 11.1128
8020000 11.1909
8030000 11.2393
8040000 11.1791
8050000 10.9976
8060000 11.0863
8070000 11.1333
8080000 10.9717
8090000 10.9775
8100000 11.1042
8110000 11.4788
8120000 11.2094
8130000 11.196
8140000 11.2316
8150000 11.528
8160000 11.3734
8170000 11.0292
8180000 11.1197
8190000 10.9699
8200000 10.8802
8210000 11.0977
8220000 11.5621
8230000 11.014
8240000 11.3093
8250000 11.0321
8260000 11.0057
8270000 11.4353
8280000 10.9575
8290000 10.945
8300000 11.4674
8310000 11.1937
8320000 11.0083
8330000 11.481
8340000 11.2091
8350000 11.3155
8360000 10.9854
8370000 11.1121
8380000 10.9646
8390000 11.1361
8400000 10.9375
8410000 11.0655
8420000 11.0965
8430000 11.1674
8440000 11.2423
8450000 11.1306
8460000 11.1409
8470000 11.0928
8480000 10.8483
8490000 10.9411
8500000 11.0255
8510000 10.8428
8520000 11.1807
8530000 10.8874
8540000 10.8388
8550000 11.1853
8560000 11.1694
8570000 11.0112
8580000 10.8986
8590000 10.879
8600000 11.1596
8610000 11.3044
8620000 11.1041
8630000 11.349
8640000 11.2897
8650000 11.3529
8660000 11.1948
8670000 11.192
8680000 11.179
8690000 11.1347
8700000 11.04
8710000 11.3939
8720000 11.0807
8730000 11.0223
8740000 11.067
8750000 11.1457
8760000 10.9275
8770000 11.0788
8780000 10.8624
8790000 11.1001
8800000 11.1489
8810000 11.1665
8820000 11.1376
8830000 10.8671
8840000 11.0339
8850000 10.9524
8860000 10.7654
8870000 10.7983
8880000 10.9518
8890000 10.9299
8900000 11.046
8910000 11.1964
8920000 11.0461
8930000 11.0527
8940000 11.0843
8950000 10.9172
8960000 10.9878
8970000 11.0226
8980000 10.9619
8990000 11.0702
9000000 10.8432
9010000 11.1018
9020000 11.0337
9030000 11.0388
9040000 11.1371
9050000 11.1324
9060000 10.8707
9070000 11.2741
9080000 11.1905
9090000 11.0212
9100000 10.8468
9110000 11.0679
9120000 10.984
9130000 11.3097
9140000 11.2074
9150000 11.1969
9160000 11.3316
9170000 11.0768
9180000 10.7732
9190000 10.9329
9200000 11.1192
9210000 10.8579
9220000 10.8548
9230000 10.9207
9240000 11.3897
9250000 10.9817
9260000 11.0068
9270000 11.1406
9280000 10.8735
9290000 10.9187
9300000 11.1111
9310000 11.116
9320000 11.0603
9330000 11.0847
9340000 11.1382
9350000 11.0313
9360000 10.9518
9370000 11.0364
9380000 11.1642
9390000 11.0887
9400000 10.92
9410000 10.8402
9420000 11.1372
9430000 11.0641
9440000 11.079
9450000 11.1761
9460000 10.9976
9470000 10.9641
9480000 11.0732
9490000 11.1431
9500000 11.1188
9510000 11.2529
9520000 10.9672
9530000 10.8311
9540000 11.0473
9550000 10.9691
9560000 11.0306
9570000 10.8181
9580000 10.8847
9590000 10.9451
9600000 10.9135
9610000 11.0943
9620000 10.9052
9630000 10.9795
9640000 11.1454
9650000 11.1998
9660000 10.7482
9670000 11.4883
9680000 11.2169
9690000 10.9682
9700000 10.9396
9710000 11.3025
9720000 11.8943
9730000 11.0948
9740000 10.9803
9750000 11.0671
9760000 10.9046
9770000 11.0476
9780000 10.974
9790000 11.0383
9800000 10.8794
9810000 10.7305
9820000 10.8159
9830000 10.7161
9840000 11.0867
9850000 11.1459
9860000 11.0189
9870000 11.0987
9880000 11.0486
9890000 10.916
9900000 11.3744
9910000 10.9131
9920000 10.9816
9930000 10.9187
9940000 11.4425
9950000 11.2349
9960000 10.749
9970000 10.8544
9980000 10.6542
9990000 10.7253
10000000 10.7727
10010000 10.6509
10020000 10.6807
10030000 11.0765
10040000 11.0624
10050000 10.9781
10060000 11.3142
10070000 11.1976
10080000 10.9513
10090000 11.2712
10100000 11.2645
10110000 11.2471
10120000 11.0903
10130000 10.9726
10140000 10.9981
10150000 11.2101
10160000 10.8003
10170000 11.1584
10180000 11.0602
10190000 11.1273
10200000 11.0074
10210000 11.1076
10220000 11.0815
10230000 11.1221
10240000 10.9837
10250000 11.0738
10260000 10.8403
10270000 10.8454
10280000 11.0625
10290000 11.0019
10300000 10.9739
10310000 10.8964
10320000 10.8592
10330000 10.7129
10340000 10.9246
10350000 11.3129
10360000 11.2165
10370000 11.0789
10380000 11.4369
10390000 11.0758
10400000 11.0319
10410000 10.7345
10420000 10.9914
10430000 10.8584
10440000 10.8941
10450000 10.8239
10460000 10.8667
10470000 10.93
10480000 14.541
10490000 13.0739
10500000 11.7941
10510000 11.7075
10520000 11.1875
10530000 11.2854
10540000 11.2304
10550000 11.0568
10560000 11.3499
10570000 11.3268
10580000 10.9322
10590000 11.3482
10600000 11.0638
10610000 10.7156
10620000 11.0105
10630000 11.1661
10640000 11.2942
10650000 11.2009
10660000 11.1869
10670000 11.0223
10680000 11.2648
10690000 11.1134
10700000 11.1152
10710000 10.8139
10720000 10.9751
10730000 10.8206
10740000 10.9205
10750000 10.9069
10760000 11.0074
10770000 10.9814
10780000 10.9858
10790000 10.8178
10800000 10.6967
10810000 10.9894
10820000 11.111
10830000 10.8762
10840000 10.8987
10850000 11.0283
10860000 10.949
10870000 11.3355
10880000 10.9461
10890000 11.0347
10900000 10.8659
10910000 11.3823
10920000 11.2856
10930000 10.8737
10940000 10.9874
10950000 11.4262
10960000 11.1426
10970000 10.9763
10980000 11.0133
10990000 11.1728
11000000 11.0679
11010000 11.1773
11020000 10.9131
11030000 10.8334
11040000 10.7847
11050000 10.7624
11060000 10.9072
11070000 10.8424
11080000 10.7059
11090000 10.9357
11100000 11.0224
11110000 10.9961
11120000 10.7975
11130000 10.8784
11140000 10.7972
11150000 10.8274
11160000 11.043
11170000 10.9894
11180000 11.2228
11190000 11.2301
11200000 11.1044
11210000 10.9832
11220000 10.8884
11230000 11.1859
11240000 10.7393
11250000 10.8603
11260000 10.9643
11270000 10.8799
11280000 11.0501
11290000 11.0512
11300000 11.2663
11310000 11.2694
11320000 11.1718
11330000 10.6885
11340000 10.9878
11350000 11.1356
11360000 11.18
11370000 11.0893
11380000 11.0257
11390000 10.9741
11400000 10.8731
11410000 10.6367
11420000 10.914
11430000 10.9873
11440000 10.7448
11450000 10.7021
11460000 10.863
11470000 10.7214
11480000 10.8054
11490000 10.8478
11500000 11.0088
11510000 11.0138
11520000 10.7717
11530000 10.6771
11540000 10.9028
11550000 10.7796
11560000 10.9785
11570000 11.0496
11580000 10.8942
11590000 10.7866
11600000 10.9505
11610000 10.7788
11620000 11.2131
11630000 10.9964
11640000 10.8534
11650000 10.9337
11660000 11.0143
11670000 16.1242
11680000 13.9276
11690000 13.2424
11700000 12.1674
11710000 11.7154
11720000 11.3695
11730000 11.2015
11740000 10.9872
11750000 10.6912
11760000 10.9927
11770000 10.8441
11780000 10.8043
11790000 10.8893
11800000 11.1312
11810000 10.9808
11820000 10.7374
11830000 10.9879
11840000 10.6453
11850000 10.6363
11860000 11.0315
11870000 10.8974
11880000 10.9292
11890000 11.2121
11900000 10.8766
11910000 10.9648
11920000 11.3196
11930000 11.1689
11940000 11.0691
11950000 10.9364
11960000 10.6459
11970000 10.8092
11980000 10.768
11990000 10.9027
12000000 10.9011
12010000 11.3263
12020000 10.8969
12030000 10.72
12040000 10.9179
12050000 11.0131
12060000 11.2407
12070000 11.0397
12080000 10.8651
12090000 10.7869
12100000 10.936
12110000 11.1398
12120000 11.0131
12130000 11.211
12140000 10.7485
12150000 10.6791
12160000 10.6198
12170000 10.8613
12180000 10.896
12190000 10.9235
12200000 10.7536
12210000 11.1675
12220000 11.241
12230000 10.7811
12240000 10.91
12250000 11.0846
12260000 10.9291
12270000 11.2908
12280000 11.2071
12290000 10.8442
12300000 10.9092
12310000 10.8049
12320000 10.6666
12330000 10.5846
12340000 10.9009
12350000 10.84
12360000 10.9228
12370000 10.9751
12380000 11.0166
12390000 10.8211
12400000 11.0633
12410000 10.8992
12420000 10.8896
12430000 10.9613
12440000 10.8203
12450000 10.7627
12460000 10.75
12470000 10.8257
12480000 10.7566
12490000 10.5811
12500000 10.5614
12510000 10.5351
12520000 10.5509
12530000 10.6508
12540000 10.8893
12550000 10.7291
12560000 10.8567
12570000 10.7376
12580000 10.8152
12590000 11.0209
12600000 10.9084
12610000 10.8974
12620000 10.8597
12630000 10.8791
12640000 11.3247
12650000 10.8799
12660000 10.8452
12670000 10.7071
12680000 10.5498
12690000 10.8645
12700000 11.1095
12710000 11.0152
12720000 11.0237
12730000 10.6677
12740000 10.9101
12750000 11.0262
12760000 10.8654
12770000 11.0236
12780000 10.9471
12790000 11.1338
12800000 11.0197
12810000 10.7699
12820000 11.1606
12830000 10.8522
12840000 10.7813
12850000 10.8599
12860000 11.3467
12870000 11.4367
12880000 11.1346
12890000 11.0267
12900000 10.8927
12910000 10.8044
12920000 11.0379
12930000 10.7157
12940000 10.8363
12950000 11.005
12960000 10.954
12970000 10.7372
12980000 10.8126
12990000 10.4559
13000000 10.6631
13010000 10.7876
13020000 10.762
13030000 11.0119
13040000 10.8221
13050000 10.7257
13060000 10.5997
13070000 10.8033
13080000 10.7503
13090000 10.552
13100000 10.5407
13110000 10.7773
13120000 10.6425
13130000 10.9934
13140000 10.7086
13150000 10.5975
13160000 10.4927
13170000 10.8056
13180000 11.0161
13190000 10.6571
13200000 10.8102
13210000 10.7291
13220000 10.6695
13230000 10.8289
13240000 10.7679
13250000 10.8235
13260000 10.5211
13270000 10.4393
13280000 10.6311
13290000 10.8439
13300000 10.8046
13310000 10.7607
13320000 10.8513
13330000 10.7386
13340000 11.0071
13350000 10.8621
13360000 10.7606
13370000 10.7434
13380000 10.7261
13390000 10.8496
13400000 10.9844
13410000 10.5811
13420000 10.5672
13430000 10.5739
13440000 11.2843
13450000 11.0606
13460000 10.9613
13470000 10.6935
13480000 10.7016
13490000 10.74
13500000 10.6708
13510000 10.5691
13520000 10.6084
13530000 10.5752
13540000 10.7094
13550000 10.7549
13560000 10.7025
13570000 10.8958
13580000 10.8015
13590000 10.7043
13600000 10.981
13610000 11.0077
13620000 10.6314
13630000 10.535
13640000 10.6053
13650000 10.9847
13660000 11.1965
13670000 11.0774
13680000 10.8662
13690000 10.9304
13700000 10.8005
13710000 10.9376
13720000 10.9496
13730000 11.1716
13740000 11.1541
13750000 10.8137
13760000 10.6387
13770000 10.5756
13780000 10.6962
13790000 10.6639
13800000 10.8426
13810000 10.9469
13820000 11.0379
13830000 10.8308
13840000 10.8529
13850000 10.735
13860000 10.8841
13870000 11.1543
13880000 11.1616
13890000 11.0164
13900000 10.9066
13910000 10.7101
13920000 10.5228
13930000 10.6604
13940000 10.8035
13950000 10.6577
13960000 10.6761
13970000 10.6663
13980000 10.4949
13990000 10.6981
14000000 10.8727
14010000 10.6828
14020000 10.7324
14030000 10.6134
14040000 10.9613
14050000 10.8951
14060000 10.7463
14070000 10.9733
14080000 10.526
14090000 10.6066
14100000 11.2513
14110000 10.9129
14120000 10.7312
14130000 10.9845
14140000 10.9233
14150000 10.9937
14160000 10.7979
14170000 10.629
14180000 10.7841
14190000 11.1283
14200000 11.1393
14210000 10.9458
14220000 10.8112
14230000 10.7897
14240000 10.8945
14250000 11.1983
14260000 11.0104
14270000 10.724
14280000 10.766
14290000 11.0464
14300000 10.7923
14310000 10.7067
14320000 10.5332
14330000 10.6503
14340000 10.5217
14350000 10.7567
14360000 10.6435
14370000 10.6144
14380000 10.743
14390000 11.0621
14400000 10.7906
14410000 10.9837
14420000 10.765
14430000 10.8919
14440000 10.9087
14450000 10.7396
14460000 10.9182
14470000 10.7239
14480000 11.0392
14490000 10.7846
14500000 10.821
14510000 10.8439
14520000 10.7022
14530000 10.8644
14540000 10.8753
14550000 11.1308
14560000 10.7979
14570000 10.7802
14580000 10.9426
14590000 10.8771
14600000 10.6911
14610000 10.7151
14620000 10.638
14630000 10.8075
14640000 10.4931
14650000 10.7467
14660000 11.1331
14670000 10.8542
14680000 10.7424
14690000 10.6694
14700000 10.6026
14710000 10.6589
14720000 10.7838
14730000 10.8281
14740000 10.8835
14750000 11.0779
14760000 11.1029
14770000 10.9643
14780000 10.9357
14790000 10.7353
14800000 10.9306
14810000 10.6971
14820000 10.5951
14830000 10.5976
14840000 11.0047
14850000 10.8358
14860000 10.6111
14870000 10.5733
14880000 10.7531
14890000 10.7382
14900000 10.6377
14910000 10.6402
14920000 10.8207
14930000 10.7034
14940000 10.7384
14950000 10.89
14960000 10.8691
14970000 10.6877
14980000 10.821
14990000 10.9837
15000000 10.8848
15010000 10.5562
15020000 10.6726
15030000 10.7354
15040000 10.611
15050000 10.6934
15060000 10.777
15070000 10.5285
15080000 10.8283
15090000 10.6261
15100000 10.7947
15110000 10.6256
15120000 10.6324
15130000 10.6659
15140000 10.6204
15150000 10.6944
15160000 10.7774
15170000 10.555
15180000 10.5206
15190000 11.0099
15200000 10.8231
15210000 10.6932
15220000 10.8485
15230000 10.7785
15240000 10.8889
15250000 10.6608
15260000 10.8487
15270000 10.7399
15280000 10.8072
15290000 10.9028
15300000 10.6742
15310000 10.6452
15320000 11.0808
15330000 10.9457
15340000 10.8432
15350000 10.5633
15360000 10.9761
15370000 10.68
15380000 10.6119
15390000 10.6702
15400000 10.8658
15410000 10.7893
15420000 10.7346
15430000 10.6757
15440000 10.655
15450000 10.7791
15460000 11.018
15470000 11.1179
15480000 11.0862
15490000 11.0032
15500000 10.8785
15510000 11.0284
15520000 10.8849
15530000 10.5759
15540000 10.6828
15550000 10.6894
15560000 10.6987
15570000 10.5407
15580000 10.6869
15590000 10.8274
15600000 10.8512
15610000 10.7202
15620000 10.8847
15630000 10.9788
15640000 10.6414
15650000 10.9622
15660000 11.0741
15670000 10.6676
15680000 10.7947
15690000 11.2021
15700000 10.9244
15710000 10.7194
15720000 10.7884
15730000 10.6592
15740000 10.5945
15750000 11.1826
15760000 10.9309
15770000 10.8661
15780000 10.6796
15790000 10.6414
15800000 11.0354
15810000 10.9592
15820000 10.8438
15830000 10.5721
15840000 10.7995
15850000 10.5456
15860000 10.5608
15870000 10.5953
15880000 10.5751
15890000 10.8097
15900000 11.0676
15910000 10.5235
15920000 10.6987
15930000 10.6384
15940000 10.5645
15950000 10.5885
15960000 11.032
15970000 10.8586
15980000 10.6111
15990000 10.6447
16000000 10.6396
16010000 10.758
16020000 10.7631
16030000 10.659
16040000 10.9103
16050000 10.9221
16060000 10.7578
16070000 10.8208
16080000 10.9641
16090000 10.7819
16100000 11.0194
16110000 11.0268
16120000 11.0346
16130000 11.1386
16140000 10.7602
16150000 10.9362
16160000 10.7503
16170000 10.7326
16180000 11.2951
16190000 10.731
16200000 11.0309
16210000 10.6435
16220000 10.8192
16230000 10.7718
16240000 11.1804
16250000 10.7892
16260000 11.07
16270000 10.8705
16280000 10.7234
16290000 10.588
16300000 10.7461
16310000 10.6739
16320000 10.6577
16330000 10.7885
16340000 10.5628
16350000 10.8748
16360000 10.7059
16370000 10.7828
16380000 10.9729
16390000 10.8018
16400000 10.7259
16410000 10.6106
16420000 10.9553
16430000 10.6493
16440000 10.6492
16450000 10.5388
16460000 10.7654
16470000 10.7852
16480000 10.9179
16490000 11.0687
16500000 10.8708
16510000 10.923
16520000 10.6545
16530000 10.5539
16540000 10.8097
16550000 11.0471
16560000 11.0677
16570000 10.6499
16580000 10.6844
16590000 10.6739
16600000 10.492
16610000 10.7777
16620000 10.6038
16630000 10.4973
16640000 10.6169
16650000 10.525
16660000 11.3506
16670000 11.0374
16680000 10.6737
16690000 10.5718
16700000 10.8523
16710000 10.6017
16720000 10.723
16730000 10.8526
16740000 10.6925
16750000 10.7505
16760000 10.7597
16770000 11.1775
16780000 10.7668
16790000 10.6385
16800000 10.5279
16810000 10.7327
16820000 10.8226
16830000 10.6618
16840000 11.1137
16850000 10.6289
16860000 10.7574
16870000 10.5436
16880000 10.7701
16890000 10.5922
16900000 10.5974
16910000 10.6439
16920000 10.5741
16930000 10.4761
16940000 10.6963
16950000 10.8704
16960000 10.6856
16970000 10.4498
16980000 10.4322
16990000 10.6206
17000000 10.528
17010000 10.5618
17020000 10.5588
17030000 11.2161
17040000 11.0319
17050000 10.7685
17060000 10.4955
17070000 10.9635
17080000 10.6855
17090000 10.4727
17100000 10.5842
17110000 10.5707
17120000 10.9598
17130000 10.7453
17140000 10.728
17150000 10.6037
17160000 10.9499
17170000 11.5418
17180000 11.2103
17190000 10.8369
17200000 10.924
17210000 10.6312
17220000 12.6717
17230000 11.5996
17240000 11.5109
17250000 11.12
17260000 10.7571
17270000 10.9802
17280000 11.1157
17290000 11.4145
17300000 11.0507
17310000 10.6708
17320000 11.3684
17330000 10.9068
17340000 11.0474
17350000 10.7076
17360000 10.809
17370000 10.9328
17380000 10.9436
17390000 11.2794
17400000 10.8249
17410000 10.9737
17420000 10.6463
17430000 10.7174
17440000 10.7254
17450000 10.7479
17460000 10.9498
17470000 11.3746
17480000 10.831
17490000 10.8953
17500000 10.8652
17510000 10.8004
17520000 10.8389
17530000 10.992
17540000 10.7648
17550000 10.7093
17560000 10.8941
17570000 10.6328
17580000 10.8403
17590000 10.9259
17600000 10.6521
17610000 10.6972
17620000 10.3829
17630000 10.5421
17640000 10.541
17650000 10.7244
17660000 11.0715
17670000 10.8652
17680000 10.7045
17690000 10.7668
17700000 11.2469
17710000 10.6537
17720000 10.8291
17730000 10.6524
17740000 10.879
17750000 10.8792
17760000 10.8235
17770000 10.6902
17780000 10.5729
17790000 10.9695
17800000 10.5516
17810000 10.6206
17820000 10.7805
17830000 10.704
17840000 10.5954
17850000 10.801
17860000 10.4312
17870000 10.6429
17880000 10.5794
17890000 10.5311
17900000 10.8089
17910000 10.8879
17920000 10.636
17930000 10.7884
17940000 10.5486
17950000 10.6191
17960000 10.4096
17970000 10.7816
17980000 10.8342
17990000 10.7574
18000000 10.8663
18010000 10.7241
18020000 10.6911
18030000 10.9747
18040000 10.6986
18050000 10.6469
18060000 10.6121
18070000 10.9944
18080000 10.8492
18090000 10.6251
18100000 10.788
18110000 10.8212
18120000 10.6605
18130000 10.4658
18140000 10.5622
18150000 10.4809
18160000 10.6753
18170000 10.5593
18180000 10.7667
18190000 10.9215
18200000 10.8113
18210000 10.7918
18220000 11.0991
18230000 10.7685
18240000 10.5108
18250000 10.906
18260000 11.0573
18270000 10.4814
18280000 10.3147
18290000 10.4108
18300000 10.5294
18310000 10.7626
18320000 10.5104
18330000 10.4292
18340000 10.5528
18350000 10.5747
18360000 11.0273
18370000 10.4096
18380000 10.4933
18390000 10.4268
18400000 10.8555
18410000 10.6356
18420000 10.4413
18430000 10.5286
18440000 10.5828
18450000 10.7827
18460000 10.7549
18470000 10.897
18480000 10.7184
18490000 10.8977
18500000 10.873
18510000 10.9184
18520000 11.26
18530000 10.7329
18540000 11.3211
18550000 10.9714
18560000 10.9139
18570000 10.9763
18580000 10.9029
18590000 10.6517
18600000 10.8695
18610000 10.5868
18620000 10.559
18630000 10.6801
18640000 10.4833
18650000 10.7907
18660000 10.7111
18670000 10.5909
18680000 10.6544
18690000 10.5784
18700000 10.4344
18710000 10.6389
18720000 10.7014
18730000 10.6038
18740000 10.6103
18750000 10.6553
18760000 10.9216
18770000 11.0977
18780000 10.7662
18790000 10.8768
18800000 10.7885
18810000 10.8426
18820000 10.6158
18830000 10.9533
18840000 11.0991
18850000 11.4231
18860000 10.9321
18870000 10.692
18880000 10.8534
18890000 10.6598
18900000 10.5606
18910000 10.4401
18920000 10.6739
18930000 10.9657
18940000 10.8107
18950000 10.5443
18960000 10.7113
18970000 10.819
18980000 11.0739
18990000 10.5922
19000000 10.4848
19010000 10.8581
19020000 11.2063
19030000 10.7451
19040000 10.6978
19050000 10.7512
19060000 10.5384
19070000 10.6322
19080000 10.8164
19090000 10.7246
19100000 11.0817
19110000 10.6388
19120000 10.5972
19130000 10.5996
19140000 10.63
19150000 11.0815
19160000 10.5584
19170000 10.6635
19180000 10.6675
19190000 10.7184
19200000 10.7107
19210000 10.6158
19220000 10.6057
19230000 10.6352
19240000 10.5336
19250000 10.3902
19260000 10.4417
19270000 10.5987
19280000 10.7558
19290000 10.6894
19300000 10.3795
19310000 10.3205
19320000 10.5966
19330000 10.6329
19340000 10.4735
19350000 10.81
19360000 10.8628
19370000 10.8238
19380000 10.6396
19390000 11.374
19400000 11.2338
19410000 10.8743
19420000 10.6133
19430000 10.9416
19440000 10.6775
19450000 10.705
19460000 10.5881
19470000 10.4365
19480000 10.6521
19490000 10.6436
19500000 10.9306
19510000 10.9636
19520000 11.0977
19530000 11.063
19540000 11.5032
19550000 11.1841
19560000 11.0127
19570000 10.8923
19580000 10.7212
19590000 10.7551
19600000 10.8573
19610000 10.7273
19620000 10.508
19630000 10.5185
19640000 10.4435
19650000 10.6144
19660000 10.5723
19670000 10.5556
19680000 10.7323
19690000 10.642
19700000 10.8208
19710000 10.4906
19720000 10.5092
19730000 10.5513
19740000 10.7169
19750000 10.7453
19760000 10.7675
19770000 10.5905
19780000 10.7866
19790000 10.8589
19800000 10.7622
19810000 10.8195
19820000 10.6236
19830000 10.4672
19840000 10.7409
19850000 10.5113
19860000 10.4607
19870000 10.4255
19880000 10.4235
19890000 10.6321
19900000 10.7694
19910000 10.5658
19920000 10.6781
19930000 10.9344
19940000 10.8299
19950000 10.8403
19960000 10.7362
19970000 10.6959
19980000 10.9005
19990000 10.7231
20000000 10.5549
20010000 10.9047
20020000 11.1564
20030000 10.6856
20040000 10.6528
20050000 10.4573
20060000 10.462
20070000 10.8672
20080000 10.5476
20090000 10.8637
20100000 10.6185
20110000 10.4788
20120000 10.622
20130000 10.4602
20140000 10.3864
20150000 10.4635
20160000 10.2809
20170000 10.3909
20180000 10.4189
20190000 10.6555
20200000 10.7473
20210000 10.4151
20220000 10.6542
20230000 10.5782
20240000 10.7337
20250000 10.5117
20260000 10.5468
20270000 10.675
20280000 10.6975
20290000 10.6328
20300000 10.3887
20310000 10.3395
20320000 10.6027
20330000 10.5155
20340000 10.5109
20350000 10.6114
20360000 10.5282
20370000 10.4604
20380000 10.3713
20390000 10.4122
20400000 11.0111
20410000 10.8223
20420000 10.5233
20430000 10.5999
20440000 10.5434
20450000 10.5079
20460000 10.5934
20470000 10.5914
20480000 10.7572
20490000 10.5995
20500000 10.6201
20510000 10.3399
20520000 10.6912
20530000 10.6654
20540000 10.8095
20550000 10.6669
20560000 10.5393
20570000 10.2822
20580000 10.6191
20590000 10.6656
20600000 10.6274
20610000 10.3549
20620000 10.5813
20630000 10.5708
20640000 10.7646
20650000 10.6737
20660000 10.7925
20670000 10.5622
20680000 10.5859
20690000 10.4837
20700000 10.694
20710000 10.5165
20720000 10.6395
20730000 10.712
20740000 11.0437
20750000 10.8076
20760000 10.8538
20770000 10.8333
20780000 10.6509
20790000 10.6149
20800000 10.5972
20810000 10.5874
20820000 10.5194
20830000 10.7231
20840000 10.7055
20850000 10.5559
20860000 10.7707
20870000 10.5968
20880000 10.693
20890000 10.8133
20900000 10.7231
20910000 10.5165
20920000 10.7694
20930000 10.6847
20940000 10.5129
20950000 10.6495
20960000 10.5976
20970000 10.8749
20980000 10.6906
20990000 10.5608
21000000 10.7095
21010000 10.8062
21020000 10.4964
21030000 10.4575
21040000 10.8832
21050000 10.9254
21060000 10.7766
21070000 10.7007
21080000 10.8216
21090000 10.4554
21100000 10.325
21110000 10.5539
21120000 10.4438
21130000 10.5594
21140000 10.5723
21150000 10.8107
21160000 14.9941
21170000 13.1299
21180000 11.7543
21190000 11.1919
21200000 10.8037
21210000 10.9369
21220000 10.6805
21230000 10.5005
21240000 10.6401
21250000 10.5556
21260000 10.9074
21270000 10.5473
21280000 10.9158
21290000 10.836
21300000 10.9068
21310000 11.1077
21320000 10.9458
21330000 10.7996
21340000 10.6665
21350000 10.592
21360000 10.3406
21370000 10.874
21380000 10.7444
21390000 10.6316
21400000 10.9606
21410000 10.8106
21420000 10.3854
21430000 10.4638
21440000 10.4609
21450000 10.3536
21460000 10.5717
21470000 10.7133
21480000 10.5226
21490000 10.4075
21500000 10.8134
21510000 10.7593
21520000 10.5558
21530000 10.6559
21540000 10.9893
21550000 10.4659
21560000 10.7776
21570000 10.6717
21580000 10.7033
21590000 10.4451
21600000 10.4673
21610000 10.4777
21620000 10.6378
21630000 10.5381
21640000 10.7172
21650000 10.6827
21660000 10.676
21670000 10.6141
21680000 10.5028
21690000 10.3808
21700000 10.5241
21710000 10.5449
21720000 10.3156
21730000 10.652
21740000 10.7441
21750000 10.607
21760000 10.6205
21770000 10.7847
21780000 10.5985
21790000 10.8782
21800000 10.4271
21810000 10.4238
21820000 10.6263
21830000 10.4782
21840000 10.5858
21850000 10.4228
21860000 10.3433
21870000 10.4297
21880000 10.2789
21890000 10.5058
21900000 10.6148
21910000 10.8403
21920000 10.7468
21930000 10.6117
21940000 10.594
21950000 10.8414
21960000 10.6089
21970000 10.4514
21980000 10.5589
21990000 10.4015
22000000 10.9787
22010000 11.1441
22020000 10.4307
22030000 10.761
22040000 10.7115
22050000 11.0032
22060000 10.7135
22070000 10.8157
22080000 10.5442
22090000 10.5564
22100000 10.7408
22110000 10.365
22120000 10.3882
22130000 10.5986
22140000 10.376
22150000 10.708
22160000 10.5267
22170000 10.5007
22180000 10.4316
22190000 10.3971
22200000 10.4947
22210000 10.3303
22220000 10.6661
22230000 10.5411
22240000 10.3641
22250000 10.6811
22260000 10.5974
22270000 10.5216
22280000 10.9054
22290000 10.5487
22300000 10.6594
22310000 10.712
22320000 10.5303
22330000 10.8636
22340000 10.8248
22350000 10.6211
22360000 10.7239
22370000 10.499
22380000 10.7849
22390000 10.8889
22400000 10.8117
22410000 10.7228
22420000 10.7617
22430000 10.6862
22440000 10.6436
22450000 10.3377
22460000 10.7823
22470000 10.4648
22480000 10.6836
22490000 10.5719
22500000 10.4841
22510000 10.5896
22520000 10.4516
22530000 10.5959
22540000 10.8245
22550000 10.4782
22560000 10.7031
22570000 10.4096
22580000 10.4522
22590000 10.5246
22600000 10.5712
22610000 10.6597
22620000 11.0085
22630000 10.4182
22640000 10.5397
22650000 10.3865
22660000 10.4977
22670000 10.3698
22680000 10.8785
22690000 10.3729
22700000 10.2892
22710000 10.6019
22720000 10.4728
22730000 10.9344
22740000 10.7057
22750000 10.6231
22760000 10.4708
22770000 10.4331
22780000 10.5251
22790000 10.6144
22800000 10.4433
22810000 10.4252
22820000 10.8411
22830000 10.6143
22840000 10.4744
22850000 10.3274
22860000 10.8737
22870000 10.6458
22880000 10.5534
22890000 10.4767
22900000 10.3921
22910000 10.4135
22920000 10.8129
22930000 10.6076
22940000 10.5361
22950000 10.5456
22960000 10.3735
22970000 10.6332
22980000 10.7712
22990000 10.5583
23000000 10.8395
23010000 10.4621
23020000 10.582
23030000 10.5387
23040000 10.2899
23050000 10.7221
23060000 10.8265
23070000 10.6239
23080000 10.6401
23090000 10.6567
23100000 10.4949
23110000 10.9684
23120000 10.6265
23130000 10.5535
23140000 11.1205
23150000 11.0198
23160000 10.559
23170000 10.6419
23180000 10.4471
23190000 10.4648
23200000 10.6169
23210000 10.6693
23220000 10.5755
23230000 10.5045
23240000 10.6073
23250000 10.704
23260000 10.3543
23270000 10.2862
23280000 10.8587
23290000 10.6929
23300000 10.5477
23310000 10.4648
23320000 10.7532
23330000 10.4858
23340000 10.7178
23350000 10.6876
23360000 10.8704
23370000 10.9446
23380000 10.7482
23390000 10.652
23400000 10.6402
23410000 10.7884
23420000 10.8136
23430000 10.4269
23440000 10.4263
23450000 10.5384
23460000 10.5391
23470000 10.9957
23480000 10.5369
23490000 10.3836
23500000 10.6324
23510000 10.4678
23520000 10.5067
23530000 10.5291
23540000 10.5375
23550000 10.483
23560000 10.7284
23570000 10.6679
23580000 10.5982
23590000 10.3447
23600000 10.5787
23610000 10.4181
23620000 10.7703
23630000 10.2638
23640000 10.4749
23650000 10.5653
23660000 10.6865
23670000 10.3177
23680000 10.4138
23690000 10.2896
23700000 10.5525
23710000 10.461
23720000 10.4256
23730000 10.0961
23740000 10.6881
23750000 11.1083
23760000 11.2701
23770000 10.7291
23780000 10.5249
23790000 10.6436
23800000 10.6382
23810000 10.808
23820000 10.6782
23830000 10.4306
23840000 10.7329
23850000 10.5214
23860000 10.2854
23870000 10.5124
23880000 10.7293
23890000 10.6884
23900000 10.7312
23910000 10.7203
23920000 10.3268
23930000 10.4311
23940000 10.456
23950000 10.4629
23960000 10.7403
23970000 10.6608
23980000 10.6703
23990000 10.4401
24000000 11.0203
24010000 10.5061
24020000 10.4225
24030000 10.5661
24040000 10.5459
24050000 10.4245
24060000 10.7915
24070000 10.6092
24080000 10.3547
24090000 10.5182
24100000 10.4791
24110000 10.3167
24120000 10.2626
24130000 10.4637
24140000 10.3586
24150000 10.7069
24160000 10.4411
24170000 10.3948
24180000 10.4508
24190000 10.3582
24200000 10.4195
24210000 10.501
24220000 10.4195
24230000 10.6926
24240000 10.3599
24250000 10.571
24260000 10.9857
24270000 10.5761
24280000 10.6308
24290000 10.5366
24300000 11.0414
24310000 10.527
24320000 10.6634
24330000 10.4007
24340000 10.3054
24350000 10.4301
24360000 10.8677
24370000 10.6669
24380000 10.8116
24390000 10.5909
24400000 10.3357
24410000 10.621
24420000 10.8097
24430000 10.6223
24440000 10.5968
24450000 10.5721
24460000 10.9675
24470000 10.7367
24480000 10.7045
24490000 10.4976
24500000 10.4407
24510000 10.5934
24520000 10.6564
24530000 10.9253
24540000 10.9448
24550000 10.7086
24560000 10.6166
24570000 10.4352
24580000 10.3195
24590000 10.4848
24600000 10.2091
24610000 10.3889
24620000 10.5024
24630000 11.179
24640000 10.7038
24650000 10.4814
24660000 10.8297
24670000 10.488
24680000 10.5043
24690000 10.3749
24700000 10.4469
24710000 10.2505
24720000 10.4707
24730000 10.6894
24740000 10.6801
24750000 10.9283
24760000 10.4403
24770000 10.3927
24780000 10.4545
24790000 10.6586
24800000 10.6072
24810000 10.4988
24820000 10.5325
24830000 10.5693
24840000 10.478
24850000 10.5651
24860000 10.7015
24870000 10.6074
24880000 10.6419
24890000 10.5733
24900000 10.9528
24910000 10.6266
24920000 10.3943
24930000 10.6456
24940000 10.7846
24950000 11.0049
24960000 10.9983
24970000 10.6554
24980000 10.4021
24990000 10.3176
25000000 10.5142
25010000 10.5227
25020000 10.5982
25030000 10.703
25040000 10.5481
25050000 10.336
25060000 10.3996
25070000 10.8191
25080000 10.3998
25090000 10.599
25100000 10.6461
25110000 10.543
25120000 10.6331
25130000 10.9924
25140000 10.6749
25150000 10.5839
25160000 10.4488
25170000 10.5956
25180000 10.4809
25190000 10.5244
25200000 10.5545
25210000 10.8977
25220000 10.6034
25230000 10.5976
25240000 10.3634
25250000 10.537
25260000 10.4905
25270000 10.512
25280000 10.3567
25290000 10.1816
25300000 10.6748
25310000 10.7568
25320000 10.5455
25330000 10.5968
25340000 10.5927
25350000 10.5364
25360000 10.4258
25370000 10.4968
25380000 10.7309
25390000 10.5495
25400000 10.5251
25410000 10.4038
25420000 10.6866
25430000 10.5846
25440000 10.4356
25450000 10.6327
25460000 10.5089
25470000 10.5577
25480000 10.3972
25490000 10.1955
25500000 10.4387
25510000 10.3821
25520000 10.3006
25530000 10.2382
25540000 10.9173
25550000 10.7069
25560000 10.3839
25570000 10.4825
25580000 10.6015
25590000 10.776
25600000 10.9462
25610000 10.4476
25620000 10.6213
25630000 10.5196
25640000 10.4648
25650000 10.4109
25660000 10.3075
25670000 10.3169
25680000 10.4256
25690000 10.6408
25700000 10.2377
25710000 10.7944
25720000 10.4569
25730000 10.4265
25740000 10.4027
25750000 10.8788
25760000 10.7659
25770000 10.5772
25780000 10.423
25790000 10.1379
25800000 10.7685
25810000 10.6345
25820000 10.5447
25830000 10.5229
25840000 10.7835
25850000 10.5403
25860000 10.8247
25870000 10.6556
25880000 10.6025
25890000 10.3993
25900000 10.6735
25910000 10.4466
25920000 11.5395
25930000 11.3466
25940000 11.0395
25950000 10.7353
25960000 10.7052
25970000 10.7223
25980000 10.8811
25990000 10.7728
26000000 10.7898
26010000 10.4239
26020000 10.5555
26030000 10.2494
26040000 10.3166
26050000 10.6143
26060000 10.7858
26070000 10.5227
26080000 10.5506
26090000 10.6992
26100000 10.5475
26110000 10.2771
26120000 10.5151
26130000 10.4316
26140000 10.5309
26150000 10.4375
26160000 10.4509
26170000 10.5598
26180000 10.4284
26190000 10.3796
26200000 10.5681
26210000 10.3748
26220000 10.337
26230000 10.3463
26240000 10.3734
26250000 10.4925
26260000 10.6772
26270000 10.4158
26280000 10.6335
26290000 10.7843
26300000 10.4231
26310000 10.329
26320000 10.2443
26330000 10.1872
26340000 10.7385
26350000 10.9908
26360000 10.6716
26370000 10.5096
26380000 10.7205
26390000 10.8277
26400000 10.6696
26410000 10.6789
26420000 10.4867
26430000 10.2845
26440000 10.4223
26450000 10.2911
26460000 10.2636
26470000 10.4077
26480000 10.614
26490000 10.495
26500000 10.109
26510000 10.4235
26520000 10.9365
26530000 10.5921
26540000 10.6543
26550000 10.4812
26560000 10.2921
26570000 10.4053
26580000 10.3496
26590000 10.3273
26600000 10.5053
26610000 10.3846
26620000 10.2064
26630000 10.5572
26640000 10.373
26650000 10.1404
26660000 10.4481
26670000 10.2126
26680000 10.3415
26690000 10.7909
26700000 10.456
26710000 10.2329
26720000 10.4442
26730000 10.757
26740000 10.3887
26750000 10.5441
26760000 10.3825
26770000 10.273
26780000 10.9324
26790000 10.6448
26800000 10.3951
26810000 10.7465
26820000 10.72
26830000 10.4833
26840000 10.3983
26850000 10.3474
26860000 10.5435
26870000 10.2767
26880000 10.4958
26890000 10.568
26900000 10.6693
26910000 10.7321
26920000 10.7336
26930000 10.4962
26940000 10.3415
26950000 10.2996
26960000 10.3693
26970000 10.4774
26980000 10.3305
26990000 10.4404
27000000 10.565
27010000 10.5053
27020000 10.7627
27030000 10.4363
27040000 10.4555
27050000 10.4566
27060000 10.9401
27070000 10.4469
27080000 10.478
27090000 10.5514
27100000 10.4429
27110000 10.5364
27120000 10.4717
27130000 10.1518
27140000 10.2362
27150000 10.5249
27160000 10.5372
27170000 10.2007
27180000 10.5418
27190000 10.7633
27200000 10.5748
27210000 10.4931
27220000 10.2679
27230000 10.535
27240000 10.5928
27250000 10.2732
27260000 10.3936
27270000 10.6121
27280000 10.4804
27290000 10.5214
27300000 10.3859
27310000 10.1843
27320000 10.4091
27330000 10.3925
27340000 10.3602
27350000 10.3832
27360000 10.371
27370000 10.4728
27380000 10.5165
27390000 10.7499
27400000 10.3313
27410000 10.8942
27420000 10.6702
27430000 10.6183
27440000 10.5652
27450000 10.4908
27460000 10.3311
27470000 10.4862
27480000 10.4301
27490000 10.6809
27500000 10.4475
27510000 10.6118
27520000 10.4624
27530000 10.306
27540000 10.3742
27550000 10.4207
27560000 10.6182
27570000 10.3356
27580000 10.4017
27590000 10.4887
27600000 10.6966
27610000 10.373
27620000 10.2512
27630000 10.3527
27640000 10.3617
27650000 10.425
27660000 10.6136
27670000 10.7255
27680000 10.4782
27690000 10.6557
27700000 10.5476
27710000 10.4442
27720000 10.4343
27730000 10.5351
27740000 10.7566
27750000 10.8323
27760000 10.7857
27770000 10.5746
27780000 10.5674
27790000 10.3801
27800000 10.5344
27810000 10.3342
27820000 10.7134
27830000 10.6068
27840000 10.5706
27850000 10.591
27860000 10.5459
27870000 10.3826
27880000 10.4159
27890000 10.5388
27900000 10.6357
27910000 10.7739
27920000 10.4978
27930000 10.4706
27940000 10.2434
27950000 10.2095
27960000 10.5378
27970000 10.3901
27980000 10.4161
27990000 10.7081
28000000 10.5153
28010000 10.79
28020000 10.7874
28030000 10.694
28040000 10.3127
28050000 10.4611
28060000 10.6649
28070000 10.322
28080000 10.5484
28090000 10.4338
28100000 10.3452
28110000 10.4361
28120000 10.42
28130000 10.5539
28140000 10.6138
28150000 10.3083
28160000 10.5905
28170000 10.4733
28180000 10.4674
28190000 10.3792
28200000 10.2027
28210000 10.325
28220000 10.203
28230000 10.3747
28240000 10.4354
28250000 10.5606
28260000 10.4267
28270000 10.5839
28280000 10.6853
28290000 10.5779
28300000 10.7496
28310000 10.406
28320000 10.5049
28330000 10.4928
28340000 10.4134
28350000 10.5588
28360000 10.4738
28370000 10.4789
28380000 10.6039
28390000 10.3808
28400000 10.3206
28410000 10.1051
28420000 10.3003
28430000 10.3369
28440000 10.3528
28450000 10.2462
28460000 10.8595
28470000 10.6435
28480000 10.8137
28490000 10.2959
28500000 10.4992
28510000 10.8742
28520000 10.5839
28530000 10.5839
28540000 10.3031
28550000 10.5816
28560000 10.5459
28570000 10.4415
28580000 10.4239
28590000 10.5995
28600000 10.9165
28610000 10.3508
28620000 10.3197
28630000 10.4519
28640000 10.5925
28650000 10.3695
28660000 10.5466
28670000 10.6489
28680000 10.3617
28690000 10.3281
28700000 10.4431
28710000 10.7186
28720000 10.631
28730000 10.3491
28740000 10.4425
28750000 10.8986
28760000 10.4301
28770000 10.4626
28780000 10.6139
28790000 10.3718
28800000 10.5711
28810000 10.5055
28820000 10.3944
28830000 10.3455
28840000 10.1758
28850000 10.2443
28860000 10.6918
28870000 10.6504
28880000 10.3454
28890000 10.4283
28900000 10.3319
28910000 10.3351
28920000 10.8439
28930000 10.5185
28940000 10.5971
28950000 10.8032
28960000 10.5859
28970000 10.6179
28980000 10.4607
28990000 10.5161
29000000 10.7992
29010000 10.557
29020000 10.2871
29030000 10.5685
29040000 10.3539
29050000 10.5125
29060000 10.5311
29070000 10.4814
29080000 10.5366
29090000 10.4048
29100000 10.5546
29110000 10.4932
29120000 10.7205
29130000 10.8108
29140000 10.5107
29150000 10.9244
29160000 10.6974
29170000 10.5047
29180000 10.0405
29190000 10.3504
29200000 10.3405
29210000 10.2382
29220000 10.5073
29230000 10.3061
29240000 10.3932
29250000 10.2924
29260000 10.4467
29270000 11.2495
29280000 10.5763
29290000 10.7949
29300000 10.591
29310000 10.2479
29320000 10.2784
29330000 10.5868
29340000 10.8759
29350000 10.7888
29360000 10.9961
29370000 10.903
29380000 10.745
29390000 10.8318
29400000 10.2952
29410000 10.2441
29420000 10.4334
29430000 10.5035
29440000 10.5032
29450000 10.4999
29460000 10.4906
29470000 10.654
29480000 10.3927
29490000 10.3918
29500000 10.2694
29510000 10.3135
29520000 10.2763
29530000 10.5294
29540000 10.3935
29550000 10.2827
29560000 10.3572
29570000 11.2105
29580000 10.3754
29590000 10.292
29600000 10.8544
29610000 10.4988
29620000 10.6213
29630000 10.4417
29640000 10.5516
29650000 10.5477
29660000 10.414
29670000 10.3387
29680000 10.3776
29690000 10.2857
29700000 10.4058
29710000 10.1725
29720000 10.7291
29730000 10.5848
29740000 10.6386
29750000 10.4034
29760000 10.3568
29770000 10.4906
29780000 10.5532
29790000 10.3821
29800000 10.5011
29810000 10.4739
29820000 10.3199
29830000 10.5189
29840000 10.3731
29850000 10.7035
29860000 10.557
29870000 10.5436
29880000 10.4098
29890000 10.4505
29900000 10.6551
29910000 10.5173
29920000 10.6611
29930000 10.3331
29940000 10.2482
29950000 10.463
29960000 10.1612
29970000 10.3988
29980000 10.3442
29990000 10.6133
30000000 10.3145
