10000 16.7004
20000 12.521
30000 10.1036
40000 8.5853
50000 7.533
60000 6.77402
70000 6.35253
80000 6.04898
90000 5.82349
100000 5.66639
110000 5.5406
120000 5.412
130000 5.31934
140000 5.24131
150000 5.17805
160000 5.12211
170000 5.06863
180000 5.02106
190000 4.97368
200000 4.93296
210000 4.89329
220000 4.85587
230000 4.81845
240000 4.7865
250000 4.75472
260000 4.72418
270000 4.69439
280000 4.6654
290000 4.63881
300000 4.61415
310000 4.58915
320000 4.56752
330000 4.545
340000 4.52276
350000 4.4998
360000 4.47783
370000 4.45785
380000 4.43867
390000 4.4194
400000 4.39994
410000 4.38111
420000 4.36505
430000 4.3468
440000 4.32982
450000 4.31378
460000 4.29793
470000 4.28339
480000 4.2682
490000 4.25415
500000 4.24049
510000 4.22703
520000 4.21411
530000 4.19992
540000 4.18719
550000 4.17433
560000 4.1626
570000 4.15132
580000 4.14006
590000 4.12811
600000 4.1172
610000 4.10653
620000 4.09591
630000 4.08397
640000 4.07254
650000 4.06208
660000 4.05197
670000 4.04255
680000 4.03319
690000 4.02378
700000 4.01423
710000 4.00515
720000 3.9962
730000 3.98744
740000 3.9791
750000 3.96999
760000 3.96147
770000 3.95307
780000 3.94516
790000 3.93676
800000 3.92947
810000 3.92196
820000 3.91446
830000 3.90659
840000 3.89864
850000 3.89142
860000 3.8847
870000 3.87808
880000 3.87188
890000 3.86436
900000 3.85716
910000 3.85056
920000 3.84512
930000 3.83821
940000 3.83142
950000 3.82507
960000 3.81867
970000 3.81214
980000 3.80627
990000 3.80052
1000000 3.79443
1010000 3.78803
1020000 3.78228
1030000 3.77661
1040000 3.77047
1050000 3.7645
1060000 3.75897
1070000 3.75462
1080000 3.74928
1090000 3.74342
1100000 3.7381
1110000 3.73318
1120000 3.72764
1130000 3.72231
1140000 3.71687
1150000 3.71194
1160000 3.70663
1170000 3.70134
1180000 3.69633
1190000 3.69189
1200000 3.68706
1210000 3.6826
1220000 3.67804
1230000 3.67373
1240000 3.66887
1250000 3.66468
1260000 3.6604
1270000 3.65683
1280000 3.65243
1290000 3.64765
1300000 3.64343
1310000 3.63925
1320000 3.63542
1330000 3.63129
1340000 3.62776
1350000 3.62325
1360000 3.61919
1370000 3.61507
1380000 3.61171
1390000 3.608
1400000 3.60419
1410000 3.6006
1420000 3.59671
1430000 3.59285
1440000 3.58911
1450000 3.58537
1460000 3.58165
1470000 3.57835
1480000 3.57427
1490000 3.57025
1500000 3.56717
1510000 3.56354
1520000 3.5607
1530000 3.55686
1540000 3.5538
1550000 3.55036
1560000 3.54726
1570000 3.54382
1580000 3.54042
1590000 3.5371
1600000 3.53405
1610000 3.53108
1620000 3.52834
1630000 3.52507
1640000 3.52195
1650000 3.5185
1660000 3.51544
1670000 3.51238
1680000 3.50947
1690000 3.50616
1700000 3.50316
1710000 3.50048
1720000 3.49767
1730000 3.49517
1740000 3.49195
1750000 3.48944
1760000 3.48639
1770000 3.48335
1780000 3.48073
1790000 3.47789
1800000 3.4756
1810000 3.47282
1820000 3.47021
1830000 3.46742
1840000 3.46495
1850000 3.46254
1860000 3.45974
1870000 3.45739
1880000 3.45541
1890000 3.45303
1900000 3.45022
1910000 3.44741
1920000 3.44537
1930000 3.44291
1940000 3.44013
1950000 3.43745
1960000 3.43518
1970000 3.43263
1980000 3.43018
1990000 3.42764
2000000 3.42532
2010000 3.42262
2020000 3.42017
2030000 3.4177
2040000 3.41534
2050000 3.41297
2060000 3.41123
2070000 3.40901
2080000 3.40656
2090000 3.40416
2100000 3.4025
2110000 3.40068
2120000 3.39834
2130000 3.39584
2140000 3.39406
2150000 3.39139
2160000 3.38968
2170000 3.38746
2180000 3.38549
2190000 3.38338
2200000 3.38128
2210000 3.3793
2220000 3.37779
2230000 3.37545
2240000 3.37329
2250000 3.37122
2260000 3.36919
2270000 3.36723
2280000 3.36541
2290000 3.3634
2300000 3.36183
2310000 3.3599
2320000 3.35824
2330000 3.35666
2340000 3.35489
2350000 3.35307
2360000 3.35105
2370000 3.34939
2380000 3.34815
2390000 3.34623
2400000 3.34435
2410000 3.34318
2420000 3.3419
2430000 3.34007
2440000 3.33783
2450000 3.336
2460000 3.33473
2470000 3.33318
2480000 3.33177
2490000 3.3301
2500000 3.32806
2510000 3.32637
2520000 3.32436
2530000 3.32252
2540000 3.32061
2550000 3.31898
2560000 3.31797
2570000 3.31606
2580000 3.3147
2590000 3.31299
2600000 3.31108
2610000 3.30939
2620000 3.30791
2630000 3.30649
2640000 3.305
2650000 3.30346
2660000 3.30196
2670000 3.3004
2680000 3.29899
2690000 3.29762
2700000 3.29598
2710000 3.2945
2720000 3.29297
2730000 3.29125
2740000 3.28973
2750000 3.28836
2760000 3.28665
2770000 3.28535
2780000 3.28377
2790000 3.28227
2800000 3.28158
2810000 3.27981
2820000 3.2784
2830000 3.27698
2840000 3.27566
2850000 3.27463
2860000 3.27313
2870000 3.27201
2880000 3.27075
2890000 3.2692
2900000 3.26804
2910000 3.26708
2920000 3.26539
2930000 3.26436
2940000 3.26316
2950000 3.26174
2960000 3.26062
2970000 3.25958
2980000 3.25836
2990000 3.25681
3000000 3.25541
3010000 3.25406
3020000 3.25249
3030000 3.2519
3040000 3.25066
3050000 3.24941
3060000 3.24938
3070000 3.24763
3080000 3.24657
3090000 3.24504
3100000 3.24402
3110000 3.24197
3120000 3.24078
3130000 3.23919
3140000 3.23858
3150000 3.23753
3160000 3.23632
3170000 3.235
3180000 3.23373
3190000 3.23264
3200000 3.23119
3210000 3.22995
3220000 3.2288
3230000 3.22793
3240000 3.22672
3250000 3.22564
3260000 3.22455
3270000 3.22267
3280000 3.22206
3290000 3.22064
3300000 3.21963
3310000 3.21856
3320000 3.21804
3330000 3.2173
3340000 3.21606
3350000 3.21582
3360000 3.2148
3370000 3.21379
3380000 3.21259
3390000 3.21102
3400000 3.21033
3410000 3.20924
3420000 3.2081
3430000 3.20683
3440000 3.20586
3450000 3.20481
3460000 3.20373
3470000 3.20292
3480000 3.20244
3490000 3.20131
3500000 3.20014
3510000 3.1989
3520000 3.19801
3530000 3.19709
3540000 3.19603
3550000 3.19574
3560000 3.1943
3570000 3.19292
3580000 3.19181
3590000 3.19107
3600000 3.19037
3610000 3.18986
3620000 3.18814
3630000 3.18738
3640000 3.18643
3650000 3.1858
3660000 3.18497
3670000 3.18428
3680000 3.18336
3690000 3.18256
3700000 3.18192
3710000 3.18118
3720000 3.18071
3730000 3.17974
3740000 3.17915
3750000 3.17809
3760000 3.17685
3770000 3.17594
3780000 3.17488
3790000 3.17389
3800000 3.17338
3810000 3.17224
3820000 3.17195
3830000 3.17115
3840000 3.16997
3850000 3.16908
3860000 3.16829
3870000 3.16766
3880000 3.1671
3890000 3.1667
3900000 3.16537
3910000 3.16449
3920000 3.16368
3930000 3.16318
3940000 3.16295
3950000 3.16201
3960000 3.16108
3970000 3.15997
3980000 3.15926
3990000 3.15869
4000000 3.15786
4010000 3.15778
4020000 3.15681
4030000 3.15608
4040000 3.15558
4050000 3.15522
4060000 3.15475
4070000 3.15381
4080000 3.15342
4090000 3.1522
4100000 3.15145
4110000 3.15029
4120000 3.14962
4130000 3.14873
4140000 3.14808
4150000 3.14774
4160000 3.14713
4170000 3.14613
4180000 3.1456
4190000 3.14502
4200000 3.14435
4210000 3.14364
4220000 3.14285
4230000 3.14242
4240000 3.14209
4250000 3.14155
4260000 3.14082
4270000 3.1408
4280000 3.14029
4290000 3.13943
4300000 3.13835
4310000 3.13771
4320000 3.13667
4330000 3.13617
4340000 3.13568
4350000 3.13496
4360000 3.13535
4370000 3.13445
4380000 3.13392
4390000 3.13299
4400000 3.1321
4410000 3.13247
4420000 3.13157
4430000 3.13046
4440000 3.12947
4450000 3.12918
4460000 3.12862
4470000 3.12778
4480000 3.12752
4490000 3.12662
4500000 3.12649
4510000 3.12632
4520000 3.12543
4530000 3.12476
4540000 3.12424
4550000 3.12331
4560000 3.12241
4570000 3.12211
4580000 3.12206
4590000 3.12199
4600000 3.12211
4610000 3.12129
4620000 3.12077
4630000 3.12021
4640000 3.11953
4650000 3.1189
4660000 3.1183
4670000 3.11785
4680000 3.1176
4690000 3.11705
4700000 3.11689
4710000 3.11672
4720000 3.11585
4730000 3.11528
4740000 3.11433
4750000 3.1142
4760000 3.11427
4770000 3.1136
4780000 3.11316
4790000 3.11284
4800000 3.11204
4810000 3.11141
4820000 3.111
4830000 3.11058
4840000 3.11038
4850000 3.11033
4860000 3.10977
4870000 3.1094
4880000 3.10863
4890000 3.10838
4900000 3.10828
4910000 3.10823
4920000 3.10786
4930000 3.10706
4940000 3.10608
4950000 3.10542
4960000 3.10583
4970000 3.10514
4980000 3.10462
4990000 3.1041
5000000 3.10355
5010000 3.10256
5020000 3.1024
5030000 3.10196
5040000 3.10163
5050000 3.1018
5060000 3.10169
5070000 3.10137
5080000 3.10077
5090000 3.10066
5100000 3.09971
5110000 3.09943
5120000 3.09883
5130000 3.09805
5140000 3.09817
5150000 3.09797
5160000 3.09756
5170000 3.09754
5180000 3.09705
5190000 3.09689
5200000 3.09665
5210000 3.0965
5220000 3.09531
5230000 3.0947
5240000 3.09437
5250000 3.09456
5260000 3.09366
5270000 3.09343
5280000 3.09329
5290000 3.09269
5300000 3.09236
5310000 3.09163
5320000 3.09132
5330000 3.09125
5340000 3.09032
5350000 3.09002
5360000 3.0897
5370000 3.08938
5380000 3.08911
5390000 3.0884
5400000 3.08818
5410000 3.0876
5420000 3.08729
5430000 3.08738
5440000 3.08699
5450000 3.08689
5460000 3.08638
5470000 3.08588
5480000 3.08573
5490000 3.08575
5500000 3.08528
5510000 3.08496
5520000 3.0845
5530000 3.08389
5540000 3.08321
5550000 3.08337
5560000 3.08349
5570000 3.08348
5580000 3.08307
5590000 3.08279
5600000 3.08239
5610000 3.08207
5620000 3.08191
5630000 3.08154
5640000 3.08146
5650000 3.08124
5660000 3.08107
5670000 3.08086
5680000 3.08038
5690000 3.08037
5700000 3.07996
5710000 3.07957
5720000 3.0795
5730000 3.07898
5740000 3.07856
5750000 3.07839
5760000 3.07804
5770000 3.07797
5780000 3.07755
5790000 3.07732
5800000 3.07641
5810000 3.07635
5820000 3.0761
5830000 3.07594
5840000 3.07584
5850000 3.0755
5860000 3.07641
5870000 3.07604
5880000 3.07544
5890000 3.07507
5900000 3.07447
5910000 3.07426
5920000 3.07376
5930000 3.07332
5940000 3.07316
5950000 3.07275
5960000 3.07322
5970000 3.07255
5980000 3.07228
5990000 3.07193
6000000 3.07141
6010000 3.07133
6020000 3.07108
6030000 3.07061
6040000 3.07014
6050000 3.07004
6060000 3.06948
6070000 3.06949
6080000 3.06946
6090000 3.06867
6100000 3.06883
6110000 3.06866
6120000 3.0686
6130000 3.06851
6140000 3.06821
6150000 3.06808
6160000 3.06744
6170000 3.06748
6180000 3.06758
6190000 3.06722
6200000 3.06713
6210000 3.06748
6220000 3.06679
6230000 3.06714
6240000 3.06698
6250000 3.06678
6260000 3.06696
6270000 3.06674
6280000 3.06606
6290000 3.06578
6300000 3.06624
6310000 3.06576
6320000 3.06545
6330000 3.06506
6340000 3.06486
6350000 3.06419
6360000 3.0636
6370000 3.06331
6380000 3.06362
6390000 3.06394
6400000 3.06332
6410000 3.06311
6420000 3.06259
6430000 3.06235
6440000 3.06204
6450000 3.06179
6460000 3.06223
6470000 3.06256
6480000 3.06212
6490000 3.06197
6500000 3.0618
6510000 3.06158
6520000 3.06145
6530000 3.06114
6540000 3.0611
6550000 3.06044
6560000 3.0602
6570000 3.06004
6580000 3.06019
6590000 3.06025
6600000 3.05996
6610000 3.05975
6620000 3.05991
6630000 3.05924
6640000 3.05893
6650000 3.05834
6660000 3.05882
6670000 3.05939
6680000 3.05898
6690000 3.05871
6700000 3.05839
6710000 3.05815
6720000 3.05841
6730000 3.05826
6740000 3.0584
6750000 3.05802
6760000 3.05796
6770000 3.05819
6780000 3.05767
6790000 3.05751
6800000 3.05719
6810000 3.05722
6820000 3.05738
6830000 3.05707
6840000 3.05676
6850000 3.05658
6860000 3.05625
6870000 3.05621
6880000 3.056
6890000 3.05562
6900000 3.05534
6910000 3.05605
6920000 3.05622
6930000 3.05593
6940000 3.05594
6950000 3.05563
6960000 3.05593
6970000 3.05524
6980000 3.05518
6990000 3.05504
7000000 3.05467
7010000 3.05466
7020000 3.05486
7030000 3.05524
7040000 3.05505
7050000 3.05504
7060000 3.05498
7070000 3.05491
7080000 3.05495
7090000 3.0548
7100000 3.05447
7110000 3.05409
7120000 3.05401
7130000 3.05369
7140000 3.05376
7150000 3.05438
7160000 3.0539
7170000 3.05397
7180000 3.05425
7190000 3.05426
7200000 3.0542
7210000 3.05368
7220000 3.05372
7230000 3.05364
7240000 3.05332
7250000 3.05326
7260000 3.05355
7270000 3.05374
7280000 3.05328
7290000 3.05312
7300000 3.05335
7310000 3.05319
7320000 3.05269
7330000 3.05277
7340000 3.05272
7350000 3.05264
7360000 3.05229
7370000 3.05264
7380000 3.05223
7390000 3.05203
7400000 3.05179
7410000 3.05211
7420000 3.0522
7430000 3.05185
7440000 3.05207
7450000 3.0521
7460000 3.05159
7470000 3.05166
7480000 3.05189
7490000 3.0517
7500000 3.05222
7510000 3.0524
7520000 3.05266
7530000 3.05211
7540000 3.05197
7550000 3.05168
7560000 3.05141
7570000 3.05161
7580000 3.05097
7590000 3.05086
7600000 3.05034
7610000 3.0502
7620000 3.05008
7630000 3.04986
7640000 3.04964
7650000 3.04962
7660000 3.04976
7670000 3.05007
7680000 3.04984
7690000 3.05027
7700000 3.04966
7710000 3.0495
7720000 3.0497
7730000 3.0494
7740000 3.04948
7750000 3.04946
7760000 3.04929
7770000 3.04932
7780000 3.04939
7790000 3.04984
7800000 3.04939
7810000 3.0497
7820000 3.04941
7830000 3.04989
7840000 3.05009
7850000 3.04978
7860000 3.04985
7870000 3.04994
7880000 3.05012
7890000 3.05
7900000 3.05004
7910000 3.04998
7920000 3.04992
7930000 3.05026
7940000 3.05027
7950000 3.05028
7960000 3.05038
7970000 3.05
7980000 3.04984
7990000 3.05046
8000000 3.0505
8010000 3.05016
8020000 3.04999
8030000 3.05071
8040000 3.05041
8050000 3.05041
8060000 3.05061
8070000 3.05052
8080000 3.05001
8090000 3.0499
8100000 3.04979
8110000 3.04977
8120000 3.04952
8130000 3.04979
8140000 3.04943
8150000 3.05029
8160000 3.04984
8170000 3.05009
8180000 3.04957
8190000 3.04939
8200000 3.04934
8210000 3.04955
8220000 3.04915
8230000 3.04915
8240000 3.04917
8250000 3.04906
8260000 3.04939
8270000 3.0491
8280000 3.04933
8290000 3.04924
8300000 3.04977
8310000 3.04962
8320000 3.04962
8330000 3.0501
8340000 3.05042
8350000 3.05018
8360000 3.05007
8370000 3.05003
8380000 3.04989
8390000 3.04992
8400000 3.05003
8410000 3.04997
8420000 3.04987
8430000 3.04975
8440000 3.04962
8450000 3.05056
8460000 3.05032
8470000 3.05041
8480000 3.05045
8490000 3.0505
8500000 3.0502
8510000 3.05039
8520000 3.05043
8530000 3.05063
8540000 3.05064
8550000 3.05028
8560000 3.05038
8570000 3.05034
8580000 3.05001
8590000 3.0502
8600000 3.05065
8610000 3.0503
8620000 3.04978
8630000 3.05009
8640000 3.05023
8650000 3.04978
8660000 3.04981
8670000 3.04971
8680000 3.04987
8690000 3.05051
8700000 3.05023
8710000 3.05003
8720000 3.05041
8730000 3.05098
8740000 3.05128
8750000 3.05104
8760000 3.05084
8770000 3.05108
8780000 3.05141
8790000 3.05156
8800000 3.05155
8810000 3.05163
8820000 3.05163
8830000 3.05235
8840000 3.05249
8850000 3.05252
8860000 3.0524
8870000 3.05262
8880000 3.05357
8890000 3.0532
8900000 3.05317
8910000 3.05385
8920000 3.05327
8930000 3.05295
8940000 3.0527
8950000 3.05313
8960000 3.05346
8970000 3.05309
8980000 3.05311
8990000 3.0528
9000000 3.05253
9010000 3.0525
9020000 3.05267
9030000 3.05299
9040000 3.05282
9050000 3.05295
9060000 3.05352
9070000 3.05342
9080000 3.05339
9090000 3.05317
9100000 3.05291
9110000 3.05307
9120000 3.05351
9130000 3.05371
9140000 3.05429
9150000 3.05513
9160000 3.05462
9170000 3.0546
9180000 3.05446
9190000 3.0543
9200000 3.05456
9210000 3.0546
9220000 3.05511
9230000 3.05498
9240000 3.05557
9250000 3.05577
9260000 3.05596
9270000 3.05591
9280000 3.05538
9290000 3.05539
9300000 3.05542
9310000 3.05546
9320000 3.05527
9330000 3.05552
9340000 3.05565
9350000 3.05565
9360000 3.05563
9370000 3.05552
9380000 3.05548
9390000 3.05573
9400000 3.0555
9410000 3.05559
9420000 3.05534
9430000 3.0552
9440000 3.0549
9450000 3.05526
9460000 3.05539
9470000 3.05569
9480000 3.05557
9490000 3.05575
9500000 3.05565
9510000 3.05633
9520000 3.05642
9530000 3.05677
9540000 3.05698
9550000 3.05695
9560000 3.05666
9570000 3.05694
9580000 3.0568
9590000 3.05685
9600000 3.05752
9610000 3.0574
9620000 3.05749
9630000 3.05819
9640000 3.058
9650000 3.05844
9660000 3.05825
9670000 3.0584
9680000 3.05842
9690000 3.05854
9700000 3.05853
9710000 3.05888
9720000 3.05907
9730000 3.05888
9740000 3.05952
9750000 3.05948
9760000 3.05938
9770000 3.05939
9780000 3.05933
9790000 3.05901
9800000 3.05915
9810000 3.05886
9820000 3.05931
9830000 3.05955
9840000 3.05962
9850000 3.05973
9860000 3.05973
9870000 3.06037
9880000 3.06032
9890000 3.05996
9900000 3.0609
9910000 3.06117
9920000 3.06157
9930000 3.06143
9940000 3.06187
9950000 3.06165
9960000 3.0614
9970000 3.06154
9980000 3.0621
9990000 3.06207
10000000 3.06199
10010000 3.06203
10020000 3.06215
10030000 3.06216
10040000 3.06206
10050000 3.06207
10060000 3.06238
10070000 3.0619
10080000 3.06165
10090000 3.0615
10100000 3.06195
10110000 3.0617
10120000 3.06183
10130000 3.06255
10140000 3.06225
10150000 3.06241
10160000 3.06257
10170000 3.06293
10180000 3.06287
10190000 3.06284
10200000 3.06294
10210000 3.06334
10220000 3.0635
10230000 3.06355
10240000 3.0641
10250000 3.06386
10260000 3.06496
10270000 3.06475
10280000 3.06488
10290000 3.06494
10300000 3.06499
10310000 3.06528
10320000 3.06502
10330000 3.06485
10340000 3.06498
10350000 3.06504
10360000 3.06524
10370000 3.06563
10380000 3.06559
10390000 3.06512
10400000 3.06535
10410000 3.0653
10420000 3.06535
10430000 3.06526
10440000 3.06537
10450000 3.06514
10460000 3.06523
10470000 3.06565
10480000 3.0676
10490000 3.06715
10500000 3.06654
10510000 3.06615
10520000 3.0662
10530000 3.06608
10540000 3.06645
10550000 3.06663
10560000 3.06636
10570000 3.06637
10580000 3.06628
10590000 3.06684
10600000 3.06758
10610000 3.06774
10620000 3.06738
10630000 3.06769
10640000 3.06781
10650000 3.06782
10660000 3.0683
10670000 3.06894
10680000 3.06903
10690000 3.06847
10700000 3.06854
10710000 3.06848
10720000 3.06828
10730000 3.06826
10740000 3.06852
10750000 3.06821
10760000 3.06828
10770000 3.06843
10780000 3.06865
10790000 3.06885
10800000 3.06901
10810000 3.06902
10820000 3.06923
10830000 3.0695
10840000 3.06933
10850000 3.06914
10860000 3.06983
10870000 3.06984
10880000 3.07004
10890000 3.07017
10900000 3.07042
10910000 3.07126
10920000 3.07091
10930000 3.07063
10940000 3.07062
10950000 3.07098
10960000 3.07073
10970000 3.07106
10980000 3.07116
10990000 3.07154
11000000 3.072
11010000 3.07216
11020000 3.07201
11030000 3.07216
11040000 3.07225
11050000 3.07244
11060000 3.07266
11070000 3.07278
11080000 3.07266
11090000 3.07299
11100000 3.0734
11110000 3.07336
11120000 3.07368
11130000 3.07356
11140000 3.07373
11150000 3.07384
11160000 3.07381
11170000 3.07368
11180000 3.0739
11190000 3.07416
11200000 3.07388
11210000 3.07425
11220000 3.07459
11230000 3.07478
11240000 3.07495
11250000 3.07532
11260000 3.0756
11270000 3.07573
11280000 3.07589
11290000 3.07646
11300000 3.07621
11310000 3.07671
11320000 3.07687
11330000 3.07669
11340000 3.07649
11350000 3.07611
11360000 3.07715
11370000 3.07657
11380000 3.07703
11390000 3.07713
11400000 3.07731
11410000 3.07737
11420000 3.07779
11430000 3.07825
11440000 3.07772
11450000 3.07742
11460000 3.07813
11470000 3.07867
11480000 3.07874
11490000 3.07859
11500000 3.07871
11510000 3.07857
11520000 3.0788
11530000 3.07891
11540000 3.07905
11550000 3.07916
11560000 3.07938
11570000 3.07969
11580000 3.08017
11590000 3.08043
11600000 3.08073
11610000 3.08107
11620000 3.0819
11630000 3.08287
11640000 3.08216
11650000 3.08228
11660000 3.08198
11670000 3.08408
11680000 3.08362
11690000 3.08424
11700000 3.0829
11710000 3.08268
11720000 3.08302
11730000 3.08248
11740000 3.08234
11750000 3.0824
11760000 3.08248
11770000 3.08289
11780000 3.08319
11790000 3.08365
11800000 3.08393
11810000 3.08396
11820000 3.0848
11830000 3.08487
11840000 3.0852
11850000 3.08529
11860000 3.08466
11870000 3.08469
11880000 3.08484
11890000 3.08534
11900000 3.08581
11910000 3.08653
11920000 3.08661
11930000 3.08708
11940000 3.08651
11950000 3.08691
11960000 3.08768
11970000 3.08759
11980000 3.08759
11990000 3.08907
12000000 3.08905
12010000 3.08858
12020000 3.08847
12030000 3.08836
12040000 3.08856
12050000 3.08841
12060000 3.08854
12070000 3.08847
12080000 3.08853
12090000 3.08879
12100000 3.08924
12110000 3.08985
12120000 3.08942
12130000 3.08972
12140000 3.0898
12150000 3.08922
12160000 3.0891
12170000 3.08955
12180000 3.08974
12190000 3.08993
12200000 3.08978
12210000 3.09011
12220000 3.0899
12230000 3.09
12240000 3.09062
12250000 3.09026
12260000 3.09076
12270000 3.09123
12280000 3.09144
12290000 3.09169
12300000 3.09151
12310000 3.09168
12320000 3.09195
12330000 3.0926
12340000 3.09309
12350000 3.09316
12360000 3.09325
12370000 3.09304
12380000 3.09316
12390000 3.09301
12400000 3.09324
12410000 3.09304
12420000 3.09339
12430000 3.09337
12440000 3.09351
12450000 3.09356
12460000 3.09363
12470000 3.09375
12480000 3.09443
12490000 3.09468
12500000 3.09459
12510000 3.09461
12520000 3.09479
12530000 3.0948
12540000 3.09494
12550000 3.0951
12560000 3.09515
12570000 3.09549
12580000 3.09553
12590000 3.09587
12600000 3.09642
12610000 3.09606
12620000 3.09592
12630000 3.09591
12640000 3.09643
12650000 3.09643
12660000 3.09669
12670000 3.09661
12680000 3.09648
12690000 3.09685
12700000 3.09698
12710000 3.09764
12720000 3.09746
12730000 3.09789
12740000 3.09824
12750000 3.09824
12760000 3.09833
12770000 3.0982
12780000 3.09877
12790000 3.09885
12800000 3.09887
12810000 3.09927
12820000 3.09954
12830000 3.10021
12840000 3.09992
12850000 3.10032
12860000 3.10064
12870000 3.10103
12880000 3.10216
12890000 3.10177
12900000 3.10129
12910000 3.10137
12920000 3.10169
12930000 3.10149
12940000 3.1019
12950000 3.10219
12960000 3.10253
12970000 3.10297
12980000 3.10323
12990000 3.10335
13000000 3.10356
13010000 3.1042
13020000 3.10442
13030000 3.10457
13040000 3.10482
13050000 3.10553
13060000 3.10566
13070000 3.10567
13080000 3.10595
13090000 3.10624
13100000 3.10647
13110000 3.10657
13120000 3.10638
13130000 3.10624
13140000 3.10631
13150000 3.10683
13160000 3.10714
13170000 3.10733
13180000 3.10727
13190000 3.10857
13200000 3.10811
13210000 3.10833
13220000 3.1083
13230000 3.10887
13240000 3.10927
13250000 3.10915
13260000 3.10931
13270000 3.10922
13280000 3.10913
13290000 3.10934
13300000 3.10948
13310000 3.10996
13320000 3.11011
13330000 3.1103
13340000 3.11068
13350000 3.11085
13360000 3.11085
13370000 3.11131
13380000 3.11166
13390000 3.11208
13400000 3.11226
13410000 3.1123
13420000 3.11274
13430000 3.11268
13440000 3.113
13450000 3.11287
13460000 3.11271
13470000 3.11304
13480000 3.11326
13490000 3.11371
13500000 3.11422
13510000 3.1144
13520000 3.11459
13530000 3.11429
13540000 3.11448
13550000 3.11496
13560000 3.11479
13570000 3.115
13580000 3.11506
13590000 3.11531
13600000 3.11542
13610000 3.11611
13620000 3.11587
13630000 3.1159
13640000 3.11628
13650000 3.11646
13660000 3.11682
13670000 3.11696
13680000 3.11692
13690000 3.11709
13700000 3.11739
13710000 3.1178
13720000 3.11818
13730000 3.11865
13740000 3.11895
13750000 3.11907
13760000 3.11898
13770000 3.11938
13780000 3.11956
13790000 3.11986
13800000 3.12046
13810000 3.12098
13820000 3.12111
13830000 3.1212
13840000 3.12145
13850000 3.12173
13860000 3.12179
13870000 3.12185
13880000 3.12164
13890000 3.12189
13900000 3.12209
13910000 3.1223
13920000 3.12207
13930000 3.12246
13940000 3.12332
13950000 3.12334
13960000 3.12376
13970000 3.12395
13980000 3.12384
13990000 3.12386
14000000 3.12405
14010000 3.1243
14020000 3.12438
14030000 3.12451
14040000 3.12412
14050000 3.12472
14060000 3.12492
14070000 3.12495
14080000 3.12553
14090000 3.1257
14100000 3.12618
14110000 3.12656
14120000 3.12642
14130000 3.12678
14140000 3.12658
14150000 3.12667
14160000 3.12715
14170000 3.12764
14180000 3.12809
14190000 3.12853
14200000 3.1286
14210000 3.12918
14220000 3.12905
14230000 3.12923
14240000 3.12969
14250000 3.1299
14260000 3.12979
14270000 3.13045
14280000 3.13023
14290000 3.13016
14300000 3.13023
14310000 3.1307
14320000 3.13091
14330000 3.13137
14340000 3.13142
14350000 3.13219
14360000 3.13233
14370000 3.13271
14380000 3.13261
14390000 3.13255
14400000 3.13283
14410000 3.13317
14420000 3.13297
14430000 3.13356
14440000 3.13382
14450000 3.13379
14460000 3.13439
14470000 3.13456
14480000 3.13458
14490000 3.13503
14500000 3.13523
14510000 3.1357
14520000 3.13576
14530000 3.13606
14540000 3.1363
14550000 3.13698
14560000 3.13674
14570000 3.13706
14580000 3.13704
14590000 3.13735
14600000 3.13756
14610000 3.13791
14620000 3.13798
14630000 3.13791
14640000 3.13811
14650000 3.1379
14660000 3.13834
14670000 3.13878
14680000 3.13908
14690000 3.13902
14700000 3.13949
14710000 3.1399
14720000 3.13983
14730000 3.14016
14740000 3.14036
14750000 3.14073
14760000 3.14089
14770000 3.14087
14780000 3.14101
14790000 3.14116
14800000 3.14167
14810000 3.14192
14820000 3.14232
14830000 3.14269
14840000 3.14301
14850000 3.14319
14860000 3.1435
14870000 3.14371
14880000 3.14423
14890000 3.14407
14900000 3.14385
14910000 3.14415
14920000 3.14443
14930000 3.14482
14940000 3.14521
14950000 3.14554
14960000 3.14544
14970000 3.14522
14980000 3.14541
14990000 3.14565
15000000 3.14578
15010000 3.14585
15020000 3.1458
15030000 3.14607
15040000 3.14593
15050000 3.14583
15060000 3.14617
15070000 3.14666
15080000 3.14693
15090000 3.14738
15100000 3.14708
15110000 3.14709
15120000 3.14713
15130000 3.14731
15140000 3.14785
15150000 3.14793
15160000 3.14815
15170000 3.14881
15180000 3.14863
15190000 3.14885
15200000 3.14902
15210000 3.14894
15220000 3.14905
15230000 3.14938
15240000 3.1498
15250000 3.15039
15260000 3.15017
15270000 3.15057
15280000 3.15073
15290000 3.1512
15300000 3.15131
15310000 3.15162
15320000 3.15221
15330000 3.15198
15340000 3.15232
15350000 3.1524
15360000 3.15246
15370000 3.15287
15380000 3.15297
15390000 3.15363
15400000 3.15436
15410000 3.15422
15420000 3.15472
15430000 3.15537
15440000 3.15531
15450000 3.15536
15460000 3.15523
15470000 3.15525
15480000 3.15589
15490000 3.15593
15500000 3.15572
15510000 3.15601
15520000 3.15598
15530000 3.15642
15540000 3.15688
15550000 3.15667
15560000 3.15698
15570000 3.15795
15580000 3.15801
15590000 3.15786
15600000 3.15832
15610000 3.15846
15620000 3.1584
15630000 3.15903
15640000 3.15945
15650000 3.16007
15660000 3.1604
15670000 3.16009
15680000 3.16012
15690000 3.16056
15700000 3.16086
15710000 3.16123
15720000 3.16067
15730000 3.16115
15740000 3.16137
15750000 3.1612
15760000 3.16162
15770000 3.16144
15780000 3.16169
15790000 3.16237
15800000 3.16344
15810000 3.16302
15820000 3.16315
15830000 3.16312
15840000 3.16354
15850000 3.16339
15860000 3.16369
15870000 3.16377
15880000 3.16403
15890000 3.16427
15900000 3.16476
15910000 3.16453
15920000 3.16491
15930000 3.16511
15940000 3.1653
15950000 3.16537
15960000 3.16553
15970000 3.16612
15980000 3.16614
15990000 3.16655
16000000 3.16694
16010000 3.16733
16020000 3.16751
16030000 3.16727
16040000 3.16765
16050000 3.16796
16060000 3.1683
16070000 3.16899
16080000 3.16911
16090000 3.16965
16100000 3.16976
16110000 3.16969
16120000 3.17009
16130000 3.17015
16140000 3.17058
16150000 3.17062
16160000 3.17067
16170000 3.17114
16180000 3.17117
16190000 3.17144
16200000 3.1718
16210000 3.1719
16220000 3.17209
16230000 3.17224
16240000 3.1723
16250000 3.17218
16260000 3.17258
16270000 3.17237
16280000 3.1724
16290000 3.17287
16300000 3.17366
16310000 3.17371
16320000 3.17421
16330000 3.17409
16340000 3.17449
16350000 3.17493
16360000 3.17521
16370000 3.17533
16380000 3.1757
16390000 3.17603
16400000 3.17613
16410000 3.17639
16420000 3.17666
16430000 3.17664
16440000 3.17617
16450000 3.17634
16460000 3.1763
16470000 3.17624
16480000 3.17705
16490000 3.17755
16500000 3.17775
16510000 3.17761
16520000 3.17775
16530000 3.17808
16540000 3.17758
16550000 3.17796
16560000 3.1779
16570000 3.17834
16580000 3.17856
16590000 3.17896
16600000 3.1796
16610000 3.17948
16620000 3.17986
16630000 3.18095
16640000 3.18117
16650000 3.18095
16660000 3.18081
16670000 3.18128
16680000 3.18162
16690000 3.18182
16700000 3.18173
16710000 3.18207
16720000 3.1825
16730000 3.18272
16740000 3.18302
16750000 3.18302
16760000 3.18329
16770000 3.18325
16780000 3.18369
16790000 3.18409
16800000 3.18414
16810000 3.18419
16820000 3.18526
16830000 3.18497
16840000 3.18458
16850000 3.18509
16860000 3.18513
16870000 3.18565
16880000 3.18592
16890000 3.18593
16900000 3.18601
16910000 3.18665
16920000 3.18656
16930000 3.18693
16940000 3.18702
16950000 3.1876
16960000 3.18797
16970000 3.18845
16980000 3.18854
16990000 3.18884
17000000 3.18931
17010000 3.18952
17020000 3.18932
17030000 3.18914
17040000 3.18982
17050000 3.18987
17060000 3.1903
17070000 3.19086
17080000 3.1908
17090000 3.19049
17100000 3.1905
17110000 3.19097
17120000 3.19107
17130000 3.19095
17140000 3.19113
17150000 3.19169
17160000 3.19207
17170000 3.19198
17180000 3.19234
17190000 3.19252
17200000 3.1926
17210000 3.19301
17220000 3.19339
17230000 3.19347
17240000 3.19365
17250000 3.1938
17260000 3.194
17270000 3.194
17280000 3.19443
17290000 3.19489
17300000 3.19461
17310000 3.19502
17320000 3.19525
17330000 3.19512
17340000 3.19541
17350000 3.19532
17360000 3.19577
17370000 3.19584
17380000 3.19652
17390000 3.19685
17400000 3.19715
17410000 3.19749
17420000 3.19748
17430000 3.19776
17440000 3.19786
17450000 3.19797
17460000 3.1985
17470000 3.19891
17480000 3.19898
17490000 3.19913
17500000 3.1996
17510000 3.19949
17520000 3.19976
17530000 3.19989
17540000 3.20059
17550000 3.20107
17560000 3.20115
17570000 3.20087
17580000 3.20237
17590000 3.20295
17600000 3.20245
17610000 3.2026
17620000 3.20296
17630000 3.20312
17640000 3.20356
17650000 3.20356
17660000 3.20472
17670000 3.20496
17680000 3.20474
17690000 3.20495
17700000 3.20508
17710000 3.20524
17720000 3.20551
17730000 3.20569
17740000 3.20635
17750000 3.20741
17760000 3.20745
17770000 3.20755
17780000 3.20755
17790000 3.20754
17800000 3.20785
17810000 3.20814
17820000 3.20867
17830000 3.20871
17840000 3.20839
17850000 3.20861
17860000 3.20867
17870000 3.20947
17880000 3.20941
17890000 3.20936
17900000 3.21016
17910000 3.21062
17920000 3.21073
17930000 3.21091
17940000 3.21118
17950000 3.21144
17960000 3.21154
17970000 3.21193
17980000 3.21233
17990000 3.21283
18000000 3.21289
18010000 3.21325
18020000 3.21322
18030000 3.2137
18040000 3.21376
18050000 3.21376
18060000 3.214
18070000 3.21409
18080000 3.21416
18090000 3.21453
18100000 3.21497
18110000 3.21514
18120000 3.21515
18130000 3.21541
18140000 3.21584
18150000 3.21598
18160000 3.21651
18170000 3.21679
18180000 3.21713
18190000 3.21719
18200000 3.21706
18210000 3.2172
18220000 3.21796
18230000 3.21781
18240000 3.21782
18250000 3.21813
18260000 3.21851
18270000 3.21885
18280000 3.21909
18290000 3.21981
18300000 3.22014
18310000 3.22047
18320000 3.22131
18330000 3.22102
18340000 3.22118
18350000 3.22138
18360000 3.22141
18370000 3.22145
18380000 3.22182
18390000 3.22214
18400000 3.22229
18410000 3.22235
18420000 3.22275
18430000 3.22285
18440000 3.22308
18450000 3.22358
18460000 3.22425
18470000 3.22429
18480000 3.22437
18490000 3.22512
18500000 3.22602
18510000 3.22592
18520000 3.22592
18530000 3.22648
18540000 3.22749
18550000 3.22719
18560000 3.22701
18570000 3.22737
18580000 3.22712
18590000 3.22778
18600000 3.22757
18610000 3.2276
18620000 3.22778
18630000 3.22775
18640000 3.22773
18650000 3.22808
18660000 3.22827
18670000 3.22899
18680000 3.22961
18690000 3.22992
18700000 3.23005
18710000 3.22987
18720000 3.23074
18730000 3.23083
18740000 3.23116
18750000 3.23127
18760000 3.23138
18770000 3.23171
18780000 3.23182
18790000 3.23201
18800000 3.23184
18810000 3.23263
18820000 3.23258
18830000 3.23293
18840000 3.23339
18850000 3.23404
18860000 3.23441
18870000 3.2345
18880000 3.23598
18890000 3.23521
18900000 3.23555
18910000 3.2357
18920000 3.23593
18930000 3.23624
18940000 3.23651
18950000 3.23621
18960000 3.23673
18970000 3.23702
18980000 3.23752
18990000 3.23725
19000000 3.2376
19010000 3.23762
19020000 3.23843
19030000 3.23887
19040000 3.23874
19050000 3.23866
19060000 3.23882
19070000 3.23901
19080000 3.23904
19090000 3.23893
19100000 3.23901
19110000 3.23917
19120000 3.23908
19130000 3.23945
19140000 3.23947
19150000 3.23994
19160000 3.24094
19170000 3.24099
19180000 3.24124
19190000 3.24139
19200000 3.24194
19210000 3.24218
19220000 3.24242
19230000 3.2429
19240000 3.24288
19250000 3.24267
19260000 3.24297
19270000 3.2435
19280000 3.24385
19290000 3.2439
19300000 3.2443
19310000 3.24447
19320000 3.24469
19330000 3.24519
19340000 3.24472
19350000 3.24579
19360000 3.24623
19370000 3.24625
19380000 3.24641
19390000 3.24709
19400000 3.24755
19410000 3.2477
19420000 3.24787
19430000 3.24803
19440000 3.24831
19450000 3.24811
19460000 3.24886
19470000 3.249
19480000 3.24907
19490000 3.2498
19500000 3.25016
19510000 3.25063
19520000 3.25076
19530000 3.25085
19540000 3.25233
19550000 3.25279
19560000 3.2523
19570000 3.25238
19580000 3.25183
19590000 3.25303
19600000 3.25314
19610000 3.25288
19620000 3.25348
19630000 3.25322
19640000 3.25391
19650000 3.25396
19660000 3.25416
19670000 3.25452
19680000 3.25492
19690000 3.25486
19700000 3.25556
19710000 3.25535
19720000 3.25555
19730000 3.25583
19740000 3.25593
19750000 3.25603
19760000 3.25627
19770000 3.25615
19780000 3.25634
19790000 3.25696
19800000 3.25722
19810000 3.25724
19820000 3.25737
19830000 3.25744
19840000 3.25779
19850000 3.25804
19860000 3.2585
19870000 3.25877
19880000 3.2592
19890000 3.25974
19900000 3.26047
19910000 3.26043
19920000 3.26066
19930000 3.26109
19940000 3.26133
19950000 3.26138
19960000 3.26159
19970000 3.2617
19980000 3.26175
19990000 3.2621
20000000 3.26276
20010000 3.26298
20020000 3.26268
20030000 3.26334
20040000 3.26321
20050000 3.26309
20060000 3.26343
20070000 3.26346
20080000 3.26372
20090000 3.2638
20100000 3.26405
20110000 3.26445
20120000 3.2646
20130000 3.26479
20140000 3.26494
20150000 3.26516
20160000 3.26555
20170000 3.26596
20180000 3.26588
20190000 3.26625
20200000 3.26647
20210000 3.26662
20220000 3.26667
20230000 3.26684
20240000 3.26702
20250000 3.26733
20260000 3.26758
20270000 3.26789
20280000 3.26826
20290000 3.26847
20300000 3.26863
20310000 3.26838
20320000 3.26906
20330000 3.26917
20340000 3.26933
20350000 3.27002
20360000 3.27011
20370000 3.26996
20380000 3.27
20390000 3.26999
20400000 3.27144
20410000 3.27122
20420000 3.2721
20430000 3.27168
20440000 3.27157
20450000 3.27159
20460000 3.27196
20470000 3.27237
20480000 3.27229
20490000 3.27246
20500000 3.27284
20510000 3.27334
20520000 3.2733
20530000 3.27387
20540000 3.2741
20550000 3.27443
20560000 3.27435
20570000 3.27411
20580000 3.27477
20590000 3.27497
20600000 3.27488
20610000 3.27486
20620000 3.27516
20630000 3.27525
20640000 3.27595
20650000 3.27632
20660000 3.277
20670000 3.27679
20680000 3.27711
20690000 3.27764
20700000 3.27763
20710000 3.2776
20720000 3.27805
20730000 3.27859
20740000 3.27896
20750000 3.27907
20760000 3.27914
20770000 3.27943
20780000 3.28026
20790000 3.28097
20800000 3.28152
20810000 3.2812
20820000 3.28107
20830000 3.28106
20840000 3.28157
20850000 3.2823
20860000 3.28237
20870000 3.28258
20880000 3.2835
20890000 3.28365
20900000 3.28347
20910000 3.28388
20920000 3.28404
20930000 3.28457
20940000 3.2846
20950000 3.28446
20960000 3.28453
20970000 3.28529
20980000 3.2852
20990000 3.28548
21000000 3.28606
21010000 3.28611
21020000 3.2863
21030000 3.28621
21040000 3.28661
21050000 3.28696
21060000 3.28678
21070000 3.28703
21080000 3.2872
21090000 3.28738
21100000 3.28763
21110000 3.28789
21120000 3.28842
21130000 3.2885
21140000 3.28885
21150000 3.28926
21160000 3.29039
21170000 3.29066
21180000 3.29017
21190000 3.29058
21200000 3.29095
21210000 3.29092
21220000 3.29113
21230000 3.29119
21240000 3.29172
21250000 3.29175
21260000 3.29201
21270000 3.29215
21280000 3.29283
21290000 3.29317
21300000 3.2934
21310000 3.29388
21320000 3.29389
21330000 3.29431
21340000 3.2949
21350000 3.29479
21360000 3.29482
21370000 3.29551
21380000 3.29621
21390000 3.29684
21400000 3.29631
21410000 3.29634
21420000 3.2967
21430000 3.29727
21440000 3.29709
21450000 3.29753
21460000 3.29818
21470000 3.29758
21480000 3.29798
21490000 3.29845
21500000 3.29847
21510000 3.29918
21520000 3.29914
21530000 3.29912
21540000 3.29936
21550000 3.30007
21560000 3.30021
21570000 3.30002
21580000 3.29984
21590000 3.29974
21600000 3.30007
21610000 3.30054
21620000 3.30054
21630000 3.30123
21640000 3.30145
21650000 3.30175
21660000 3.30176
21670000 3.30233
21680000 3.30264
21690000 3.30304
21700000 3.30315
21710000 3.30352
21720000 3.30369
21730000 3.30403
21740000 3.30436
21750000 3.30466
21760000 3.30596
21770000 3.30608
21780000 3.30634
21790000 3.30655
21800000 3.30671
21810000 3.30694
21820000 3.30722
21830000 3.30713
21840000 3.30766
21850000 3.30801
21860000 3.30762
21870000 3.309
21880000 3.30944
21890000 3.31007
21900000 3.30991
21910000 3.31004
21920000 3.30985
21930000 3.31031
21940000 3.31048
21950000 3.31068
21960000 3.31136
21970000 3.31089
21980000 3.31143
21990000 3.31141
22000000 3.31206
22010000 3.312
22020000 3.31248
22030000 3.31267
22040000 3.31258
22050000 3.31284
22060000 3.31321
22070000 3.31296
22080000 3.31356
22090000 3.31387
22100000 3.31422
22110000 3.31412
22120000 3.31458
22130000 3.3152
22140000 3.31554
22150000 3.31535
22160000 3.31536
22170000 3.31583
22180000 3.31622
22190000 3.31609
22200000 3.31643
22210000 3.31654
22220000 3.31664
22230000 3.31714
22240000 3.31751
22250000 3.31759
22260000 3.31816
22270000 3.3184
22280000 3.31843
22290000 3.31892
22300000 3.31934
22310000 3.31917
22320000 3.31961
22330000 3.32011
22340000 3.31998
22350000 3.31997
22360000 3.32014
22370000 3.32054
22380000 3.32136
22390000 3.3221
22400000 3.32213
22410000 3.3222
22420000 3.32219
22430000 3.32223
22440000 3.32322
22450000 3.32351
22460000 3.3237
22470000 3.32412
22480000 3.32392
22490000 3.32437
22500000 3.32468
22510000 3.32519
22520000 3.32523
22530000 3.32639
22540000 3.32637
22550000 3.32653
22560000 3.32625
22570000 3.32653
22580000 3.32647
22590000 3.32673
22600000 3.32709
22610000 3.32733
22620000 3.32742
22630000 3.32747
22640000 3.32815
22650000 3.32822
22660000 3.32819
22670000 3.32812
22680000 3.32862
22690000 3.32865
22700000 3.32856
22710000 3.32915
22720000 3.32934
22730000 3.32953
22740000 3.33019
22750000 3.33023
22760000 3.33043
22770000 3.33075
22780000 3.33074
22790000 3.33122
22800000 3.3314
22810000 3.33142
22820000 3.3315
22830000 3.33159
22840000 3.3323
22850000 3.33226
22860000 3.33267
22870000 3.33394
22880000 3.33391
22890000 3.33392
22900000 3.33396
22910000 3.33436
22920000 3.33442
22930000 3.3349
22940000 3.33547
22950000 3.33554
22960000 3.33562
22970000 3.33595
22980000 3.33623
22990000 3.33629
23000000 3.33651
23010000 3.33666
23020000 3.33705
23030000 3.33726
23040000 3.33729
23050000 3.33817
23060000 3.33791
23070000 3.33827
23080000 3.3385
23090000 3.33901
23100000 3.33906
23110000 3.33942
23120000 3.33946
23130000 3.34035
23140000 3.34047
23150000 3.34201
23160000 3.34166
23170000 3.34127
23180000 3.34151
23190000 3.34164
23200000 3.34188
23210000 3.34246
23220000 3.34205
23230000 3.34219
23240000 3.3427
23250000 3.34278
23260000 3.34343
23270000 3.34364
23280000 3.34447
23290000 3.34441
23300000 3.34463
23310000 3.34507
23320000 3.34528
23330000 3.34533
23340000 3.34607
23350000 3.34621
23360000 3.34664
23370000 3.34675
23380000 3.34743
23390000 3.34787
23400000 3.3479
23410000 3.34878
23420000 3.34828
23430000 3.34799
23440000 3.34827
23450000 3.34839
23460000 3.34856
23470000 3.34963
23480000 3.34969
23490000 3.35045
23500000 3.35064
23510000 3.35084
23520000 3.35135
23530000 3.35077
23540000 3.35098
23550000 3.35162
23560000 3.35153
23570000 3.35186
23580000 3.35186
23590000 3.35235
23600000 3.35257
23610000 3.353
23620000 3.35325
23630000 3.35347
23640000 3.35377
23650000 3.35392
23660000 3.3541
23670000 3.35421
23680000 3.35404
23690000 3.35414
23700000 3.35471
23710000 3.35467
23720000 3.35514
23730000 3.3557
23740000 3.35607
23750000 3.35663
23760000 3.35651
23770000 3.35682
23780000 3.35701
23790000 3.35694
23800000 3.35727
23810000 3.35748
23820000 3.35724
23830000 3.35776
23840000 3.35787
23850000 3.35804
23860000 3.35836
23870000 3.35903
23880000 3.35924
23890000 3.35937
23900000 3.35925
23910000 3.35974
23920000 3.36038
23930000 3.36078
23940000 3.36128
23950000 3.36151
23960000 3.36178
23970000 3.3616
23980000 3.36202
23990000 3.36211
24000000 3.36236
24010000 3.36239
24020000 3.3625
24030000 3.36274
24040000 3.36264
24050000 3.36301
24060000 3.36339
24070000 3.36327
24080000 3.36323
24090000 3.36383
24100000 3.36423
24110000 3.36449
24120000 3.36518
24130000 3.36538
24140000 3.36542
24150000 3.36568
24160000 3.36569
24170000 3.36557
24180000 3.36572
24190000 3.36595
24200000 3.36653
24210000 3.36771
24220000 3.36781
24230000 3.36803
24240000 3.36791
24250000 3.36855
24260000 3.36875
24270000 3.36884
24280000 3.36913
24290000 3.36919
24300000 3.36925
24310000 3.36975
24320000 3.36989
24330000 3.36999
24340000 3.36998
24350000 3.37005
24360000 3.37064
24370000 3.37055
24380000 3.37105
24390000 3.37164
24400000 3.37188
24410000 3.37197
24420000 3.37196
24430000 3.37203
24440000 3.37223
24450000 3.37292
24460000 3.37298
24470000 3.3733
24480000 3.37333
24490000 3.37366
24500000 3.37401
24510000 3.37462
24520000 3.37511
24530000 3.37512
24540000 3.37516
24550000 3.37505
24560000 3.37514
24570000 3.37523
24580000 3.37545
24590000 3.37584
24600000 3.3763
24610000 3.37702
24620000 3.37726
24630000 3.37741
24640000 3.37781
24650000 3.37781
24660000 3.37839
24670000 3.3785
24680000 3.37853
24690000 3.37902
24700000 3.37894
24710000 3.37905
24720000 3.37925
24730000 3.37941
24740000 3.37944
24750000 3.37929
24760000 3.37938
24770000 3.37953
24780000 3.37959
24790000 3.37966
24800000 3.37968
24810000 3.38021
24820000 3.38039
24830000 3.38113
24840000 3.38099
24850000 3.38129
24860000 3.38167
24870000 3.38172
24880000 3.38197
24890000 3.38225
24900000 3.38264
24910000 3.38329
24920000 3.38271
24930000 3.38331
24940000 3.38353
24950000 3.38375
24960000 3.38402
24970000 3.3845
24980000 3.38468
24990000 3.38539
25000000 3.38545
25010000 3.38565
25020000 3.38593
25030000 3.38631
25040000 3.38678
25050000 3.38707
25060000 3.3871
25070000 3.38758
25080000 3.38806
25090000 3.38802
25100000 3.38837
25110000 3.38906
25120000 3.38907
25130000 3.38951
25140000 3.38987
25150000 3.39021
25160000 3.39046
25170000 3.39082
25180000 3.391
25190000 3.39115
25200000 3.39136
25210000 3.39167
25220000 3.39247
25230000 3.39303
25240000 3.39316
25250000 3.3931
25260000 3.39347
25270000 3.39319
25280000 3.39362
25290000 3.39422
25300000 3.39341
25310000 3.39384
25320000 3.3944
25330000 3.39488
25340000 3.39518
25350000 3.39504
25360000 3.39541
25370000 3.39575
25380000 3.39599
25390000 3.39608
25400000 3.3966
25410000 3.39653
25420000 3.39705
25430000 3.39731
25440000 3.39741
25450000 3.3975
25460000 3.39802
25470000 3.39817
25480000 3.39846
25490000 3.39844
25500000 3.39856
25510000 3.39857
25520000 3.39892
25530000 3.39938
25540000 3.39978
25550000 3.4
25560000 3.40004
25570000 3.39995
25580000 3.40042
25590000 3.40089
25600000 3.40115
25610000 3.40148
25620000 3.40222
25630000 3.40247
25640000 3.40305
25650000 3.40385
25660000 3.40372
25670000 3.40407
25680000 3.40407
25690000 3.40415
25700000 3.40437
25710000 3.40462
25720000 3.40444
25730000 3.40501
25740000 3.40557
25750000 3.40559
25760000 3.40564
25770000 3.40603
25780000 3.40632
25790000 3.40605
25800000 3.40648
25810000 3.40686
25820000 3.40684
25830000 3.40711
25840000 3.40767
25850000 3.40833
25860000 3.40825
25870000 3.40838
25880000 3.40871
25890000 3.40876
25900000 3.409
25910000 3.4095
25920000 3.41007
25930000 3.40978
25940000 3.41
25950000 3.41042
25960000 3.41122
25970000 3.41097
25980000 3.41086
25990000 3.41127
26000000 3.41175
26010000 3.41285
26020000 3.41254
26030000 3.41287
26040000 3.4131
26050000 3.41353
26060000 3.41409
26070000 3.41438
26080000 3.41494
26090000 3.41493
26100000 3.4152
26110000 3.41527
26120000 3.41576
26130000 3.41557
26140000 3.41548
26150000 3.41605
26160000 3.41623
26170000 3.41683
26180000 3.41696
26190000 3.41703
26200000 3.41713
26210000 3.41719
26220000 3.41717
26230000 3.41795
26240000 3.41827
26250000 3.41864
26260000 3.4186
26270000 3.41866
26280000 3.42016
26290000 3.41994
26300000 3.4203
26310000 3.4203
26320000 3.42065
26330000 3.42111
26340000 3.42113
26350000 3.42139
26360000 3.42172
26370000 3.42179
26380000 3.4217
26390000 3.42204
26400000 3.42232
26410000 3.42239
26420000 3.42279
26430000 3.42325
26440000 3.4239
26450000 3.42413
26460000 3.42428
26470000 3.42437
26480000 3.42475
26490000 3.42518
26500000 3.4251
26510000 3.42552
26520000 3.42551
26530000 3.42619
26540000 3.42635
26550000 3.4262
26560000 3.42621
26570000 3.42645
26580000 3.42647
26590000 3.42697
26600000 3.42741
26610000 3.42763
26620000 3.4277
26630000 3.42831
26640000 3.42795
26650000 3.42849
26660000 3.42886
26670000 3.42923
26680000 3.42915
26690000 3.42969
26700000 3.43037
26710000 3.43079
26720000 3.43061
26730000 3.43049
26740000 3.43094
26750000 3.43179
26760000 3.43249
26770000 3.43222
26780000 3.43303
26790000 3.43289
26800000 3.43281
26810000 3.43288
26820000 3.43326
26830000 3.43353
26840000 3.43377
26850000 3.43421
26860000 3.43383
26870000 3.43406
26880000 3.43442
26890000 3.4343
26900000 3.43451
26910000 3.43507
26920000 3.43587
26930000 3.43614
26940000 3.43589
26950000 3.43632
26960000 3.43631
26970000 3.43654
26980000 3.43669
26990000 3.43677
27000000 3.43719
27010000 3.43764
27020000 3.43819
27030000 3.43846
27040000 3.43861
27050000 3.43877
27060000 3.43969
27070000 3.43955
27080000 3.44002
27090000 3.43975
27100000 3.44012
27110000 3.44039
27120000 3.44087
27130000 3.44137
27140000 3.44136
27150000 3.44109
27160000 3.44105
27170000 3.44085
27180000 3.44122
27190000 3.44144
27200000 3.44194
27210000 3.44242
27220000 3.4426
27230000 3.44348
27240000 3.44322
27250000 3.44321
27260000 3.44356
27270000 3.44373
27280000 3.44398
27290000 3.44455
27300000 3.44476
27310000 3.44503
27320000 3.44529
27330000 3.44537
27340000 3.44576
27350000 3.44596
27360000 3.44638
27370000 3.44687
27380000 3.44665
27390000 3.44695
27400000 3.44741
27410000 3.44711
27420000 3.44726
27430000 3.44778
27440000 3.44795
27450000 3.44779
27460000 3.44797
27470000 3.44805
27480000 3.44845
27490000 3.4492
27500000 3.44889
27510000 3.44882
27520000 3.44929
27530000 3.44933
27540000 3.44974
27550000 3.4497
27560000 3.45013
27570000 3.45098
27580000 3.45127
27590000 3.45134
27600000 3.45169
27610000 3.45146
27620000 3.4518
27630000 3.45187
27640000 3.4519
27650000 3.45189
27660000 3.45239
27670000 3.45275
27680000 3.45271
27690000 3.45297
27700000 3.45313
27710000 3.45336
27720000 3.45365
27730000 3.45354
27740000 3.45428
27750000 3.45458
27760000 3.45464
27770000 3.45486
27780000 3.45503
27790000 3.4549
27800000 3.45501
27810000 3.45554
27820000 3.45578
27830000 3.45592
27840000 3.45678
27850000 3.45693
27860000 3.4582
27870000 3.45802
27880000 3.45776
27890000 3.45749
27900000 3.458
27910000 3.45902
27920000 3.45924
27930000 3.45946
27940000 3.4596
27950000 3.4598
27960000 3.46001
27970000 3.46044
27980000 3.46062
27990000 3.46096
28000000 3.46111
28010000 3.46178
28020000 3.46156
28030000 3.46173
28040000 3.46198
28050000 3.46227
28060000 3.46259
28070000 3.46257
28080000 3.46252
28090000 3.46315
28100000 3.46353
28110000 3.46352
28120000 3.46393
28130000 3.464
28140000 3.46435
28150000 3.46455
28160000 3.46497
28170000 3.46543
28180000 3.46528
28190000 3.46542
28200000 3.46583
28210000 3.46604
28220000 3.46629
28230000 3.46745
28240000 3.46725
28250000 3.46759
28260000 3.46796
28270000 3.46829
28280000 3.46865
28290000 3.46916
28300000 3.46915
28310000 3.46965
28320000 3.46967
28330000 3.47003
28340000 3.46976
28350000 3.47001
28360000 3.47009
28370000 3.47039
28380000 3.47095
28390000 3.47121
28400000 3.47151
28410000 3.47175
28420000 3.47174
28430000 3.47188
28440000 3.4723
28450000 3.47262
28460000 3.47297
28470000 3.47339
28480000 3.47323
28490000 3.4734
28500000 3.47394
28510000 3.47512
28520000 3.47501
28530000 3.47527
28540000 3.47495
28550000 3.4753
28560000 3.47526
28570000 3.47546
28580000 3.47594
28590000 3.47655
28600000 3.4769
28610000 3.47686
28620000 3.47748
28630000 3.47778
28640000 3.47801
28650000 3.47836
28660000 3.47884
28670000 3.47914
28680000 3.47926
28690000 3.47952
28700000 3.47973
28710000 3.47975
28720000 3.48018
28730000 3.48041
28740000 3.4813
28750000 3.48108
28760000 3.48065
28770000 3.4809
28780000 3.48104
28790000 3.48099
28800000 3.48085
28810000 3.48094
28820000 3.48149
28830000 3.48185
28840000 3.48177
28850000 3.48179
28860000 3.48228
28870000 3.48253
28880000 3.48292
28890000 3.48291
28900000 3.48304
28910000 3.48343
28920000 3.48354
28930000 3.48424
28940000 3.48464
28950000 3.48549
28960000 3.48495
28970000 3.48502
28980000 3.48517
28990000 3.48515
29000000 3.48567
29010000 3.48546
29020000 3.48559
29030000 3.4859
29040000 3.48654
29050000 3.48691
29060000 3.48686
29070000 3.48736
29080000 3.48774
29090000 3.48781
29100000 3.48799
29110000 3.48808
29120000 3.48835
29130000 3.48859
29140000 3.48878
29150000 3.48915
29160000 3.48969
29170000 3.48971
29180000 3.48965
29190000 3.49015
29200000 3.49095
29210000 3.49087
29220000 3.49106
29230000 3.49129
29240000 3.49186
29250000 3.49207
29260000 3.49203
29270000 3.4927
29280000 3.49269
29290000 3.49305
29300000 3.49308
29310000 3.49317
29320000 3.4937
29330000 3.49431
29340000 3.49423
29350000 3.49455
29360000 3.49512
29370000 3.49527
29380000 3.49552
29390000 3.49562
29400000 3.49621
29410000 3.49632
29420000 3.49644
29430000 3.49635
29440000 3.49651
29450000 3.49727
29460000 3.49756
29470000 3.49783
29480000 3.49823
29490000 3.49854
29500000 3.49886
29510000 3.49861
29520000 3.49871
29530000 3.49917
29540000 3.49952
29550000 3.49985
29560000 3.49988
29570000 3.50099
29580000 3.50032
29590000 3.50061
29600000 3.50109
29610000 3.50147
29620000 3.50196
29630000 3.50216
29640000 3.50216
29650000 3.50225
29660000 3.5024
29670000 3.50222
29680000 3.50269
29690000 3.50335
29700000 3.50306
29710000 3.50331
29720000 3.50377
29730000 3.50431
29740000 3.50417
29750000 3.50459
29760000 3.50515
29770000 3.50548
29780000 3.50556
29790000 3.50582
29800000 3.50587
29810000 3.5059
29820000 3.50647
29830000 3.50656
29840000 3.50654
29850000 3.50672
29860000 3.50702
29870000 3.5072
29880000 3.507
29890000 3.50758
29900000 3.50767
29910000 3.50816
29920000 3.50851
29930000 3.50859
29940000 3.5088
29950000 3.5091
29960000 3.50935
29970000 3.50973
29980000 3.50967
29990000 3.51012
30000000 3.51081
30010000 3.51098
30020000 3.51101
30030000 3.51118
30040000 3.51103
30050000 3.51096
30060000 3.51155
30070000 3.51177
30080000 3.51242
30090000 3.51254
30100000 3.51217
30110000 3.51218
30120000 3.51273
30130000 3.51289
30140000 3.51368
30150000 3.5137
30160000 3.51372
30170000 3.51383
30180000 3.51429
30190000 3.51446
30200000 3.51488
30210000 3.51491
30220000 3.51517
30230000 3.51555
30240000 3.51558
30250000 3.51599
30260000 3.51619
30270000 3.51643
30280000 3.51663
30290000 3.51676
30300000 3.51714
30310000 3.51738
30320000 3.51753
30330000 3.51774
30340000 3.51811
30350000 3.51814
30360000 3.51862
30370000 3.51868
30380000 3.51878
30390000 3.51908
30400000 3.51908
30410000 3.51948
30420000 3.51999
30430000 3.52016
30440000 3.5204
30450000 3.52072
30460000 3.52083
30470000 3.52116
30480000 3.52167
30490000 3.52195
30500000 3.52191
30510000 3.52201
30520000 3.52264
30530000 3.52243
30540000 3.52267
30550000 3.52313
30560000 3.52364
30570000 3.52329
30580000 3.52347
30590000 3.52346
30600000 3.52396
30610000 3.52413
30620000 3.52461
30630000 3.52515
30640000 3.52543
30650000 3.52562
30660000 3.52589
30670000 3.52586
30680000 3.52607
30690000 3.527
30700000 3.52695
30710000 3.52789
30720000 3.52804
30730000 3.52802
30740000 3.52823
30750000 3.528
30760000 3.52817
30770000 3.52847
30780000 3.52847
30790000 3.52875
30800000 3.52924
30810000 3.52939
30820000 3.52971
30830000 3.5298
30840000 3.53028
30850000 3.53033
30860000 3.53001
30870000 3.53009
30880000 3.5306
30890000 3.53092
30900000 3.5314
30910000 3.53192
30920000 3.53178
30930000 3.53195
30940000 3.53229
30950000 3.53225
30960000 3.53278
30970000 3.53307
30980000 3.53346
30990000 3.53366
31000000 3.53386
31010000 3.53411
31020000 3.53391
31030000 3.53447
31040000 3.53458
31050000 3.53515
31060000 3.53572
31070000 3.53576
31080000 3.53574
31090000 3.53577
31100000 3.53611
31110000 3.5362
31120000 3.53623
31130000 3.53628
31140000 3.53663
31150000 3.53744
31160000 3.5376
31170000 3.53788
31180000 3.53786
31190000 3.53822
31200000 3.53858
31210000 3.53902
31220000 3.53954
31230000 3.5399
31240000 3.53997
31250000 3.54035
31260000 3.54113
31270000 3.541
31280000 3.54134
31290000 3.54181
31300000 3.5416
31310000 3.54157
31320000 3.54183
31330000 3.54221
31340000 3.54231
31350000 3.54229
31360000 3.54263
31370000 3.54283
31380000 3.54321
31390000 3.54345
31400000 3.54358
31410000 3.54385
31420000 3.544
31430000 3.5443
31440000 3.54432
31450000 3.54444
31460000 3.54482
31470000 3.54502
31480000 3.54518
31490000 3.54547
31500000 3.54598
31510000 3.54618
31520000 3.54655
31530000 3.54693
31540000 3.54706
31550000 3.54694
31560000 3.54721
31570000 3.54791
31580000 3.54812
31590000 3.54815
31600000 3.54819
31610000 3.54873
31620000 3.54983
31630000 3.54982
31640000 3.55008
31650000 3.55021
31660000 3.55021
31670000 3.55048
31680000 3.55073
31690000 3.551
31700000 3.5509
31710000 3.55176
31720000 3.55169
31730000 3.55198
31740000 3.5521
31750000 3.55246
31760000 3.55242
31770000 3.5525
31780000 3.55329
31790000 3.55392
31800000 3.55419
31810000 3.554
31820000 3.55412
31830000 3.55427
31840000 3.55481
31850000 3.55555
31860000 3.55563
31870000 3.55608
31880000 3.55684
31890000 3.5566
31900000 3.55666
31910000 3.55683
31920000 3.55666
31930000 3.5571
31940000 3.55735
31950000 3.55753
31960000 3.55785
31970000 3.55814
31980000 3.55902
31990000 3.55915
32000000 3.55913
32010000 3.5595
32020000 3.55967
32030000 3.55992
32040000 3.56067
32050000 3.5609
32060000 3.5614
32070000 3.56111
32080000 3.56107
32090000 3.56123
32100000 3.56133
32110000 3.56166
32120000 3.56172
32130000 3.56198
32140000 3.56243
32150000 3.56257
32160000 3.56244
32170000 3.56273
32180000 3.56299
32190000 3.56344
32200000 3.56372
32210000 3.56375
32220000 3.5638
32230000 3.56446
32240000 3.56503
32250000 3.56548
32260000 3.56562
32270000 3.56556
32280000 3.56591
32290000 3.56643
32300000 3.56651
32310000 3.56703
32320000 3.5671
32330000 3.56715
32340000 3.5676
32350000 3.56762
32360000 3.56776
32370000 3.56812
32380000 3.56817
32390000 3.56828
32400000 3.56852
32410000 3.5692
32420000 3.56956
32430000 3.56991
32440000 3.56966
32450000 3.56995
32460000 3.57017
32470000 3.57033
32480000 3.5704
32490000 3.57064
32500000 3.57083
32510000 3.57124
32520000 3.57151
32530000 3.57194
32540000 3.5725
32550000 3.57326
32560000 3.57379
32570000 3.5742
32580000 3.57446
32590000 3.57446
32600000 3.57442
32610000 3.57489
32620000 3.5748
32630000 3.57528
32640000 3.57533
32650000 3.57568
32660000 3.57587
32670000 3.57606
32680000 3.57634
32690000 3.5768
32700000 3.5769
32710000 3.57712
32720000 3.57742
32730000 3.57749
32740000 3.57765
32750000 3.57769
32760000 3.57793
32770000 3.57815
32780000 3.5784
32790000 3.57875
32800000 3.57883
32810000 3.5789
32820000 3.57964
32830000 3.57992
32840000 3.58008
32850000 3.58009
32860000 3.58021
32870000 3.58061
32880000 3.58087
32890000 3.58075
32900000 3.58112
32910000 3.58157
32920000 3.58189
32930000 3.58167
32940000 3.58185
32950000 3.58191
32960000 3.58248
32970000 3.58301
32980000 3.58324
32990000 3.58401
33000000 3.58385
33010000 3.58383
33020000 3.58396
33030000 3.58453
33040000 3.58456
33050000 3.58473
33060000 3.58479
33070000 3.58454
33080000 3.58505
33090000 3.58536
33100000 3.5858
33110000 3.58632
33120000 3.58712
33130000 3.58662
33140000 3.58668
33150000 3.58641
33160000 3.58677
33170000 3.58722
33180000 3.5875
33190000 3.58779
33200000 3.58824
33210000 3.58854
33220000 3.58895
33230000 3.58907
33240000 3.58904
33250000 3.58924
33260000 3.58996
33270000 3.59021
33280000 3.59054
33290000 3.59069
33300000 3.59075
33310000 3.59148
33320000 3.59148
33330000 3.59209
33340000 3.59221
33350000 3.59236
33360000 3.59277
33370000 3.59318
33380000 3.59337
33390000 3.59348
33400000 3.59381
33410000 3.59389
33420000 3.59414
33430000 3.59445
33440000 3.5948
33450000 3.59524
33460000 3.59649
33470000 3.59626
33480000 3.59625
33490000 3.59622
33500000 3.59642
33510000 3.59676
33520000 3.59654
33530000 3.59728
33540000 3.59738
33550000 3.59753
33560000 3.59806
33570000 3.59827
33580000 3.59831
33590000 3.59851
33600000 3.59898
33610000 3.59904
33620000 3.5991
33630000 3.59968
33640000 3.59985
33650000 3.60034
33660000 3.60054
33670000 3.60038
33680000 3.60075
33690000 3.60078
33700000 3.60076
33710000 3.60207
33720000 3.60209
33730000 3.60201
33740000 3.60223
33750000 3.60233
33760000 3.60256
33770000 3.60274
33780000 3.60281
33790000 3.60301
33800000 3.603
33810000 3.60347
33820000 3.60392
33830000 3.60388
33840000 3.60352
33850000 3.60396
33860000 3.60493
33870000 3.60478
33880000 3.6049
33890000 3.60473
33900000 3.60463
33910000 3.6049
33920000 3.6058
33930000 3.6055
33940000 3.60547
33950000 3.60564
33960000 3.60578
33970000 3.60619
33980000 3.60661
33990000 3.60688
34000000 3.60703
34010000 3.60731
34020000 3.60764
34030000 3.60822
34040000 3.60869
34050000 3.60898
34060000 3.60896
34070000 3.60922
34080000 3.60964
34090000 3.61009
34100000 3.61012
34110000 3.61009
34120000 3.6101
34130000 3.61034
34140000 3.61058
34150000 3.6107
34160000 3.61062
34170000 3.61107
34180000 3.61131
34190000 3.61142
34200000 3.61183
34210000 3.61231
34220000 3.61224
34230000 3.61267
34240000 3.61263
34250000 3.61323
34260000 3.61322
34270000 3.61339
34280000 3.61373
34290000 3.6143
34300000 3.61455
34310000 3.61485
34320000 3.6149
34330000 3.61538
34340000 3.61538
34350000 3.61538
34360000 3.61585
34370000 3.61583
34380000 3.61609
34390000 3.61634
34400000 3.61662
34410000 3.61699
34420000 3.61725
34430000 3.6175
34440000 3.61786
34450000 3.6183
34460000 3.61826
34470000 3.61851
34480000 3.61873
34490000 3.61888
34500000 3.61903
34510000 3.61901
34520000 3.61931
34530000 3.61942
34540000 3.61966
34550000 3.62001
34560000 3.62039
34570000 3.62019
34580000 3.62032
34590000 3.62045
34600000 3.62075
34610000 3.62135
34620000 3.62136
34630000 3.62152
34640000 3.62188
34650000 3.62308
34660000 3.62251
34670000 3.62243
34680000 3.62274
34690000 3.62277
34700000 3.62304
34710000 3.62314
34720000 3.62345
34730000 3.62408
34740000 3.62465
34750000 3.62452
34760000 3.62438
34770000 3.62476
34780000 3.62519
34790000 3.62509
34800000 3.62629
34810000 3.62634
34820000 3.6258
34830000 3.62558
34840000 3.62613
34850000 3.62592
34860000 3.62599
34870000 3.62647
34880000 3.62686
34890000 3.62722
34900000 3.62732
34910000 3.62731
34920000 3.6276
34930000 3.62774
34940000 3.62781
34950000 3.62802
34960000 3.62794
34970000 3.62862
34980000 3.6288
34990000 3.62909
35000000 3.62934
35010000 3.62958
35020000 3.62994
35030000 3.63006
35040000 3.6301
35050000 3.63074
35060000 3.63091
35070000 3.63129
35080000 3.63166
35090000 3.63208
35100000 3.63265
35110000 3.63322
35120000 3.63339
35130000 3.63305
35140000 3.63352
35150000 3.63348
35160000 3.63377
35170000 3.63421
35180000 3.6344
35190000 3.63462
35200000 3.6348
35210000 3.63546
35220000 3.6357
35230000 3.63587
35240000 3.6366
35250000 3.63723
35260000 3.63669
35270000 3.63685
35280000 3.63705
35290000 3.63711
35300000 3.63811
35310000 3.63799
35320000 3.63797
35330000 3.63835
35340000 3.63838
35350000 3.63824
35360000 3.63831
35370000 3.6386
35380000 3.63878
35390000 3.63904
35400000 3.63948
35410000 3.64033
35420000 3.64052
35430000 3.64076
35440000 3.641
35450000 3.64157
35460000 3.64186
35470000 3.64193
35480000 3.64202
35490000 3.64244
35500000 3.64255
35510000 3.64247
35520000 3.64293
35530000 3.64336
35540000 3.64397
35550000 3.64414
35560000 3.64457
35570000 3.64468
35580000 3.64456
35590000 3.64418
35600000 3.64475
35610000 3.64541
35620000 3.64535
35630000 3.64518
35640000 3.64553
35650000 3.64544
35660000 3.64589
35670000 3.64597
35680000 3.64642
35690000 3.64624
35700000 3.64655
35710000 3.64682
35720000 3.6467
35730000 3.64702
35740000 3.64743
35750000 3.64773
35760000 3.64822
35770000 3.64812
35780000 3.64857
35790000 3.64942
35800000 3.6495
35810000 3.64948
35820000 3.64946
35830000 3.64994
35840000 3.6501
35850000 3.65041
35860000 3.65035
35870000 3.6504
35880000 3.65105
35890000 3.65097
35900000 3.65133
35910000 3.65137
35920000 3.65154
35930000 3.65179
35940000 3.65212
35950000 3.65237
35960000 3.65297
35970000 3.65304
35980000 3.65323
35990000 3.65359
36000000 3.65371
36010000 3.65371
36020000 3.65389
36030000 3.65434
36040000 3.65459
36050000 3.65455
36060000 3.65545
36070000 3.65528
36080000 3.65515
36090000 3.65548
36100000 3.65567
36110000 3.65592
36120000 3.65589
36130000 3.6561
36140000 3.65703
36150000 3.65711
36160000 3.65706
36170000 3.65706
36180000 3.65733
36190000 3.65746
36200000 3.65786
36210000 3.65783
36220000 3.65813
36230000 3.65849
36240000 3.65867
36250000 3.65894
36260000 3.65887
36270000 3.65915
36280000 3.65977
36290000 3.65992
36300000 3.66014
36310000 3.66031
36320000 3.66049
36330000 3.66101
36340000 3.66113
36350000 3.66116
36360000 3.66121
36370000 3.66122
36380000 3.6616
36390000 3.66249
36400000 3.66188
36410000 3.66208
36420000 3.66237
36430000 3.6626
36440000 3.66387
36450000 3.66314
36460000 3.66343
36470000 3.66357
36480000 3.66375
36490000 3.66425
36500000 3.66417
36510000 3.66444
36520000 3.66571
36530000 3.66549
36540000 3.66567
36550000 3.6655
36560000 3.66586
36570000 3.66583
36580000 3.66584
36590000 3.66613
36600000 3.66668
36610000 3.66665
36620000 3.66681
36630000 3.66734
36640000 3.66746
36650000 3.66807
36660000 3.66786
36670000 3.66827
36680000 3.66861
36690000 3.66865
36700000 3.66886
36710000 3.66901
36720000 3.66922
36730000 3.66961
36740000 3.66947
36750000 3.67022
36760000 3.67093
36770000 3.6709
36780000 3.67111
36790000 3.67148
36800000 3.67146
36810000 3.67192
36820000 3.67205
36830000 3.67209
36840000 3.67226
36850000 3.67237
36860000 3.67252
36870000 3.67265
36880000 3.67287
36890000 3.67308
36900000 3.6734
36910000 3.6735
36920000 3.67382
36930000 3.67404
36940000 3.67388
36950000 3.67395
36960000 3.67441
36970000 3.6748
36980000 3.67506
36990000 3.67543
37000000 3.67563
37010000 3.67606
37020000 3.67631
37030000 3.67617
37040000 3.67681
37050000 3.67697
37060000 3.67772
37070000 3.67766
37080000 3.67791
37090000 3.67825
37100000 3.6784
37110000 3.67822
37120000 3.67846
37130000 3.67874
37140000 3.6791
37150000 3.67947
37160000 3.67989
37170000 3.68089
37180000 3.6805
37190000 3.68101
37200000 3.681
37210000 3.68134
37220000 3.68191
37230000 3.68206
37240000 3.68209
37250000 3.68262
37260000 3.68261
37270000 3.68267
37280000 3.68291
37290000 3.68288
37300000 3.68322
37310000 3.68344
37320000 3.68332
37330000 3.68333
37340000 3.68362
37350000 3.68395
37360000 3.6839
37370000 3.68409
37380000 3.6847
37390000 3.6852
37400000 3.6855
37410000 3.68567
37420000 3.68591
37430000 3.68614
37440000 3.68683
37450000 3.68698
37460000 3.68742
37470000 3.68744
37480000 3.68793
37490000 3.68786
37500000 3.68823
37510000 3.68863
37520000 3.6887
37530000 3.68885
37540000 3.68921
37550000 3.6897
37560000 3.68962
37570000 3.68971
37580000 3.69015
37590000 3.69039
37600000 3.69076
37610000 3.69103
37620000 3.69192
37630000 3.69194
37640000 3.69206
37650000 3.69209
37660000 3.69219
37670000 3.69228
37680000 3.69226
37690000 3.69236
37700000 3.69267
37710000 3.6927
37720000 3.69305
37730000 3.69354
37740000 3.69367
37750000 3.69372
37760000 3.69391
37770000 3.69387
37780000 3.69457
37790000 3.69459
37800000 3.6947
37810000 3.69498
37820000 3.6954
37830000 3.6958
37840000 3.69595
37850000 3.69609
37860000 3.69632
37870000 3.6966
37880000 3.69695
37890000 3.69716
37900000 3.69723
37910000 3.69726
37920000 3.69728
37930000 3.69736
37940000 3.69787
37950000 3.69803
37960000 3.69756
37970000 3.69752
37980000 3.69863
37990000 3.69861
38000000 3.69873
38010000 3.69861
38020000 3.69855
38030000 3.69865
38040000 3.69918
38050000 3.69907
38060000 3.69951
38070000 3.69974
38080000 3.69986
38090000 3.7004
38100000 3.70021
38110000 3.70065
38120000 3.70051
38130000 3.70068
38140000 3.70103
38150000 3.70147
38160000 3.70142
38170000 3.70175
38180000 3.70177
38190000 3.70199
38200000 3.70222
38210000 3.70243
38220000 3.7025
38230000 3.70274
38240000 3.70353
38250000 3.70391
38260000 3.70401
38270000 3.70422
38280000 3.70438
38290000 3.70495
38300000 3.70514
38310000 3.70507
38320000 3.70535
38330000 3.70551
38340000 3.70579
38350000 3.70615
38360000 3.70661
38370000 3.70663
38380000 3.70691
38390000 3.70718
38400000 3.70732
38410000 3.70731
38420000 3.70747
38430000 3.7075
38440000 3.7076
38450000 3.70787
38460000 3.70795
38470000 3.70819
38480000 3.70846
38490000 3.70884
38500000 3.70857
38510000 3.70863
38520000 3.70921
38530000 3.70972
38540000 3.71012
38550000 3.71053
38560000 3.7106
38570000 3.71053
38580000 3.71097
38590000 3.7114
38600000 3.71171
38610000 3.71189
38620000 3.71199
38630000 3.71223
38640000 3.71266
38650000 3.71294
38660000 3.71333
38670000 3.71358
38680000 3.71353
38690000 3.71373
38700000 3.71423
38710000 3.71432
38720000 3.71442
38730000 3.71442
38740000 3.71472
38750000 3.71519
38760000 3.71589
38770000 3.7159
38780000 3.71643
38790000 3.71674
38800000 3.71683
38810000 3.71725
38820000 3.71757
38830000 3.7176
38840000 3.71786
38850000 3.71824
38860000 3.71868
38870000 3.71886
38880000 3.7191
38890000 3.71906
38900000 3.71955
38910000 3.7196
38920000 3.71971
38930000 3.71995
38940000 3.72021
38950000 3.72002
38960000 3.72027
38970000 3.72031
38980000 3.7205
38990000 3.72165
39000000 3.72164
39010000 3.72188
39020000 3.72176
39030000 3.72189
39040000 3.72223
39050000 3.72244
39060000 3.72274
39070000 3.72302
39080000 3.72306
39090000 3.72357
39100000 3.7237
39110000 3.72439
39120000 3.72438
39130000 3.72407
39140000 3.72419
39150000 3.72501
39160000 3.72488
39170000 3.72502
39180000 3.72562
39190000 3.72531
39200000 3.72564
39210000 3.72587
39220000 3.72606
39230000 3.72629
39240000 3.72665
39250000 3.7277
39260000 3.72763
39270000 3.72754
39280000 3.72776
39290000 3.72779
39300000 3.72775
39310000 3.72814
39320000 3.72851
39330000 3.72858
39340000 3.72925
39350000 3.72973
39360000 3.72937
39370000 3.7295
39380000 3.73005
39390000 3.73017
39400000 3.73068
39410000 3.73149
39420000 3.73157
39430000 3.73264
39440000 3.73235
39450000 3.73264
39460000 3.73276
39470000 3.73291
39480000 3.73263
39490000 3.73316
39500000 3.73301
39510000 3.73334
39520000 3.73391
39530000 3.73429
39540000 3.73425
39550000 3.73419
39560000 3.73447
39570000 3.73495
39580000 3.73507
39590000 3.73519
39600000 3.73547
39610000 3.73545
39620000 3.73554
39630000 3.73561
39640000 3.7363
39650000 3.73653
39660000 3.73637
39670000 3.73665
39680000 3.73675
39690000 3.73682
39700000 3.73714
39710000 3.73729
39720000 3.73733
39730000 3.73767
39740000 3.73792
39750000 3.73812
39760000 3.73847
39770000 3.73864
39780000 3.73905
39790000 3.73935
39800000 3.73935
39810000 3.73945
39820000 3.73987
39830000 3.74015
39840000 3.73999
39850000 3.74015
39860000 3.74045
39870000 3.74027
39880000 3.7407
39890000 3.7414
39900000 3.74146
39910000 3.74181
39920000 3.74209
39930000 3.74205
39940000 3.74206
39950000 3.74223
39960000 3.74283
39970000 3.74302
39980000 3.74307
39990000 3.743
40000000 3.7432
40010000 3.744
40020000 3.74439
40030000 3.7446
40040000 3.74498
40050000 3.74489
40060000 3.74553
40070000 3.74599
40080000 3.74619
40090000 3.74658
40100000 3.74705
40110000 3.74732
40120000 3.74703
40130000 3.7476
40140000 3.7477
40150000 3.74776
40160000 3.74792
40170000 3.74855
40180000 3.74868
40190000 3.74897
40200000 3.74937
40210000 3.74975
40220000 3.74992
40230000 3.75017
40240000 3.75026
40250000 3.7505
40260000 3.75044
40270000 3.75107
40280000 3.75133
40290000 3.75156
40300000 3.7518
40310000 3.75209
40320000 3.75254
40330000 3.75324
40340000 3.75339
40350000 3.75404
40360000 3.75454
40370000 3.75472
40380000 3.75486
40390000 3.75501
40400000 3.75484
40410000 3.75524
40420000 3.75543
40430000 3.75581
40440000 3.7559
40450000 3.75617
40460000 3.75634
40470000 3.75634
40480000 3.75638
40490000 3.75662
40500000 3.75687
40510000 3.75707
40520000 3.75719
40530000 3.75758
40540000 3.75787
40550000 3.7582
40560000 3.75848
40570000 3.75882
40580000 3.75924
40590000 3.7598
40600000 3.75984
40610000 3.75976
40620000 3.76012
40630000 3.76018
40640000 3.76055
40650000 3.76068
40660000 3.76122
40670000 3.761
40680000 3.76144
40690000 3.76225
40700000 3.76253
40710000 3.76296
40720000 3.76287
40730000 3.76305
40740000 3.76307
40750000 3.763
40760000 3.76308
40770000 3.76328
40780000 3.7635
40790000 3.7639
40800000 3.76405
40810000 3.76478
40820000 3.76505
40830000 3.76506
40840000 3.76513
40850000 3.76556
40860000 3.7661
40870000 3.76662
40880000 3.76673
40890000 3.76669
40900000 3.76687
40910000 3.76673
40920000 3.76689
40930000 3.76707
40940000 3.76716
40950000 3.76762
40960000 3.76754
40970000 3.76756
40980000 3.76772
40990000 3.76805
41000000 3.76833
41010000 3.7686
41020000 3.76864
41030000 3.76855
41040000 3.76886
41050000 3.7691
41060000 3.76913
41070000 3.76963
41080000 3.76993
41090000 3.77032
41100000 3.77063
41110000 3.77068
41120000 3.77085
41130000 3.77131
41140000 3.77175
41150000 3.77174
41160000 3.77203
41170000 3.77224
41180000 3.77242
41190000 3.77275
41200000 3.77302
41210000 3.77351
41220000 3.77388
41230000 3.77397
41240000 3.77441
41250000 3.77461
41260000 3.77429
41270000 3.77465
41280000 3.77491
41290000 3.77527
41300000 3.77568
41310000 3.77588
41320000 3.77595
41330000 3.77658
41340000 3.77703
41350000 3.77685
41360000 3.77709
41370000 3.7772
41380000 3.7772
41390000 3.77747
41400000 3.7778
41410000 3.77807
41420000 3.7784
41430000 3.7786
41440000 3.77892
41450000 3.77926
41460000 3.77932
41470000 3.77982
41480000 3.78038
41490000 3.7805
41500000 3.78072
41510000 3.78107
41520000 3.78141
41530000 3.78153
41540000 3.78183
41550000 3.78172
41560000 3.78249
41570000 3.78242
41580000 3.78248
41590000 3.78247
41600000 3.78229
41610000 3.78269
41620000 3.78291
41630000 3.78308
41640000 3.78364
41650000 3.78387
41660000 3.78425
41670000 3.78443
41680000 3.78459
41690000 3.78512
41700000 3.78582
41710000 3.78588
41720000 3.786
41730000 3.78598
41740000 3.78631
41750000 3.78649
41760000 3.78671
41770000 3.78666
41780000 3.78695
41790000 3.78713
41800000 3.78718
41810000 3.78766
41820000 3.7884
41830000 3.78869
41840000 3.78903
41850000 3.78874
41860000 3.78891
41870000 3.78944
41880000 3.78941
41890000 3.78961
41900000 3.7897
41910000 3.78962
41920000 3.78981
41930000 3.7899
41940000 3.78985
41950000 3.79001
41960000 3.79076
41970000 3.79057
41980000 3.79085
41990000 3.79128
42000000 3.79108
42010000 3.79168
42020000 3.79194
42030000 3.79201
42040000 3.79249
42050000 3.79279
42060000 3.79319
42070000 3.79324
42080000 3.79351
42090000 3.79409
42100000 3.79394
42110000 3.7941
42120000 3.79423
42130000 3.7948
42140000 3.79493
42150000 3.79509
42160000 3.79562
42170000 3.79585
42180000 3.79602
42190000 3.79631
42200000 3.79661
42210000 3.79702
42220000 3.79718
42230000 3.79749
42240000 3.79781
42250000 3.7981
42260000 3.79853
42270000 3.79822
42280000 3.79845
42290000 3.7985
42300000 3.79854
42310000 3.79869
42320000 3.79941
42330000 3.79948
42340000 3.79986
42350000 3.79994
42360000 3.80003
42370000 3.80035
42380000 3.80041
42390000 3.80062
42400000 3.80108
42410000 3.80117
42420000 3.80135
42430000 3.80153
42440000 3.80156
42450000 3.8014
42460000 3.80157
42470000 3.802
42480000 3.80209
42490000 3.80231
42500000 3.80275
42510000 3.80292
42520000 3.80264
42530000 3.80304
42540000 3.80366
42550000 3.80382
42560000 3.80413
42570000 3.80408
42580000 3.80399
42590000 3.80419
42600000 3.80441
42610000 3.80477
42620000 3.80488
42630000 3.80499
42640000 3.80513
42650000 3.80558
42660000 3.8058
42670000 3.8066
42680000 3.80655
42690000 3.80679
42700000 3.80697
42710000 3.80686
42720000 3.80744
42730000 3.80753
42740000 3.80756
42750000 3.80767
42760000 3.80796
42770000 3.8084
42780000 3.80849
42790000 3.80847
42800000 3.80888
42810000 3.80904
42820000 3.80878
42830000 3.80885
42840000 3.80937
42850000 3.80911
42860000 3.8091
42870000 3.8093
42880000 3.80965
42890000 3.80966
42900000 3.80963
42910000 3.81017
42920000 3.81
42930000 3.81064
42940000 3.81086
42950000 3.81074
42960000 3.81083
42970000 3.81106
42980000 3.81134
42990000 3.81214
43000000 3.81262
43010000 3.81234
43020000 3.81219
43030000 3.81235
43040000 3.81258
43050000 3.81304
43060000 3.81304
43070000 3.81339
43080000 3.81356
43090000 3.81407
43100000 3.81418
43110000 3.81447
43120000 3.81454
43130000 3.81483
43140000 3.81549
43150000 3.81558
43160000 3.81562
43170000 3.81586
43180000 3.8159
43190000 3.81616
43200000 3.81628
43210000 3.81699
43220000 3.81653
43230000 3.81643
43240000 3.81684
43250000 3.81691
43260000 3.81721
43270000 3.81736
43280000 3.81759
43290000 3.81799
43300000 3.81806
43310000 3.81849
43320000 3.81949
43330000 3.81949
43340000 3.81904
43350000 3.81916
43360000 3.81929
43370000 3.81959
43380000 3.81967
43390000 3.81987
43400000 3.82048
43410000 3.82084
43420000 3.82113
43430000 3.82132
43440000 3.82121
43450000 3.82093
43460000 3.82124
43470000 3.82153
43480000 3.82165
43490000 3.82192
43500000 3.82237
43510000 3.82248
43520000 3.82283
43530000 3.82295
43540000 3.82297
43550000 3.82311
43560000 3.82314
43570000 3.82346
43580000 3.82385
43590000 3.82449
43600000 3.82476
43610000 3.82589
43620000 3.82529
43630000 3.82549
43640000 3.82537
43650000 3.82573
43660000 3.82637
43670000 3.82628
43680000 3.82668
43690000 3.8272
43700000 3.82695
43710000 3.8272
43720000 3.82739
43730000 3.82799
43740000 3.8283
43750000 3.82821
43760000 3.82866
43770000 3.83019
43780000 3.82959
43790000 3.82938
43800000 3.82956
43810000 3.83028
43820000 3.83027
43830000 3.83016
43840000 3.8306
43850000 3.83094
43860000 3.83104
43870000 3.831
43880000 3.83126
43890000 3.83162
43900000 3.8316
43910000 3.83167
43920000 3.83194
43930000 3.83215
43940000 3.83229
43950000 3.83291
43960000 3.83263
43970000 3.83279
43980000 3.83314
43990000 3.83316
44000000 3.83326
44010000 3.83349
44020000 3.83361
44030000 3.83397
44040000 3.83385
44050000 3.83417
44060000 3.83449
44070000 3.83445
44080000 3.83464
44090000 3.83485
44100000 3.83513
44110000 3.83539
44120000 3.83577
44130000 3.83633
44140000 3.83642
44150000 3.83678
44160000 3.83708
44170000 3.83713
44180000 3.83755
44190000 3.83778
44200000 3.83811
44210000 3.83827
44220000 3.83813
44230000 3.83877
44240000 3.83897
44250000 3.83916
44260000 3.83905
44270000 3.83922
44280000 3.83883
44290000 3.83963
44300000 3.84013
44310000 3.84049
44320000 3.84041
44330000 3.84037
44340000 3.84068
44350000 3.84062
44360000 3.84101
44370000 3.84106
44380000 3.84158
44390000 3.84128
44400000 3.8417
44410000 3.84149
44420000 3.84193
44430000 3.84197
44440000 3.84198
44450000 3.84216
44460000 3.84269
44470000 3.8429
44480000 3.84368
44490000 3.84382
44500000 3.84387
44510000 3.84404
44520000 3.84399
44530000 3.84423
44540000 3.84462
44550000 3.84466
44560000 3.84502
44570000 3.84512
44580000 3.84578
44590000 3.84571
44600000 3.84596
44610000 3.84622
44620000 3.84709
44630000 3.84691
44640000 3.84696
44650000 3.84697
44660000 3.84746
44670000 3.84753
44680000 3.8478
44690000 3.84798
44700000 3.84854
44710000 3.8491
44720000 3.84982
44730000 3.84979
44740000 3.84976
44750000 3.85013
44760000 3.85047
44770000 3.85054
44780000 3.85076
44790000 3.85103
44800000 3.85093
44810000 3.85133
44820000 3.85171
44830000 3.85227
44840000 3.8526
44850000 3.85246
44860000 3.85302
44870000 3.85289
44880000 3.85298
44890000 3.85313
44900000 3.85364
44910000 3.8538
44920000 3.85385
44930000 3.85342
44940000 3.85381
44950000 3.85421
44960000 3.85436
44970000 3.85457
44980000 3.85451
44990000 3.8546
45000000 3.85497
45010000 3.85531
45020000 3.8555
45030000 3.85628
45040000 3.85644
45050000 3.85635
45060000 3.85644
45070000 3.85642
45080000 3.85663
45090000 3.85689
45100000 3.85713
45110000 3.85722
45120000 3.85749
45130000 3.85738
45140000 3.85754
45150000 3.85759
45160000 3.85785
45170000 3.85822
45180000 3.85824
45190000 3.85808
45200000 3.85832
45210000 3.85857
45220000 3.85888
45230000 3.85952
45240000 3.85944
45250000 3.85971
45260000 3.85959
45270000 3.8601
45280000 3.8603
45290000 3.86067
45300000 3.86115
45310000 3.86118
45320000 3.86139
45330000 3.8616
45340000 3.86175
45350000 3.86189
45360000 3.86227
45370000 3.86239
45380000 3.86278
45390000 3.86313
45400000 3.86331
45410000 3.86358
45420000 3.86407
45430000 3.86407
45440000 3.86444
45450000 3.86518
45460000 3.86514
45470000 3.86522
45480000 3.86543
45490000 3.86555
45500000 3.866
45510000 3.86621
45520000 3.8666
45530000 3.86677
45540000 3.86677
45550000 3.86681
45560000 3.86715
45570000 3.86731
45580000 3.86736
45590000 3.86741
45600000 3.86779
45610000 3.86794
45620000 3.86786
45630000 3.86853
45640000 3.86875
45650000 3.86863
45660000 3.86873
45670000 3.86906
45680000 3.86908
45690000 3.8694
45700000 3.87004
45710000 3.87032
45720000 3.87049
45730000 3.87097
45740000 3.87144
45750000 3.87114
45760000 3.87131
45770000 3.87164
45780000 3.87177
45790000 3.8719
45800000 3.87236
45810000 3.87247
45820000 3.87264
45830000 3.87347
45840000 3.87332
45850000 3.87312
45860000 3.87379
45870000 3.87363
45880000 3.87425
45890000 3.874
45900000 3.87424
45910000 3.8742
45920000 3.8742
45930000 3.87434
45940000 3.87484
45950000 3.8755
45960000 3.87532
45970000 3.87551
45980000 3.87583
45990000 3.87607
46000000 3.8765
46010000 3.87688
46020000 3.87747
46030000 3.87756
46040000 3.87747
46050000 3.87773
46060000 3.87753
46070000 3.8777
46080000 3.87808
46090000 3.87819
46100000 3.87858
46110000 3.87893
46120000 3.87908
46130000 3.87902
46140000 3.87914
46150000 3.87944
46160000 3.87948
46170000 3.8796
46180000 3.87971
46190000 3.87992
46200000 3.88041
46210000 3.88033
46220000 3.88059
46230000 3.88099
46240000 3.88118
46250000 3.8812
46260000 3.88153
46270000 3.88171
46280000 3.88202
46290000 3.88261
46300000 3.88261
46310000 3.88278
46320000 3.8829
46330000 3.88316
46340000 3.88317
46350000 3.88362
46360000 3.88394
46370000 3.88425
46380000 3.88486
46390000 3.8853
46400000 3.88527
46410000 3.8855
46420000 3.88555
46430000 3.88574
46440000 3.8856
46450000 3.88606
46460000 3.88607
46470000 3.88615
46480000 3.88598
46490000 3.88601
46500000 3.8866
46510000 3.88635
46520000 3.88681
46530000 3.88705
46540000 3.88738
46550000 3.88796
46560000 3.88875
46570000 3.88855
46580000 3.88852
46590000 3.88866
46600000 3.88903
46610000 3.88909
46620000 3.88926
46630000 3.88949
46640000 3.88981
46650000 3.89007
46660000 3.88997
46670000 3.89033
46680000 3.89015
46690000 3.89075
46700000 3.89065
46710000 3.89086
46720000 3.89149
46730000 3.89134
46740000 3.89193
46750000 3.89215
46760000 3.89193
46770000 3.89239
46780000 3.89298
46790000 3.89301
46800000 3.89325
46810000 3.89337
46820000 3.8937
46830000 3.89344
46840000 3.89496
46850000 3.89515
46860000 3.89521
46870000 3.89473
46880000 3.89485
46890000 3.89548
46900000 3.89583
46910000 3.8961
46920000 3.89617
46930000 3.89646
46940000 3.8966
46950000 3.89659
46960000 3.89703
46970000 3.8971
46980000 3.89707
46990000 3.89711
47000000 3.89735
47010000 3.89803
47020000 3.89854
47030000 3.89891
47040000 3.8994
47050000 3.89932
47060000 3.89945
47070000 3.89954
47080000 3.89975
47090000 3.9003
47100000 3.90021
47110000 3.90081
47120000 3.90123
47130000 3.9011
47140000 3.90146
47150000 3.90136
47160000 3.90125
47170000 3.9015
47180000 3.90182
47190000 3.9024
47200000 3.90245
47210000 3.9028
47220000 3.90342
47230000 3.90353
47240000 3.90371
47250000 3.90366
47260000 3.90396
47270000 3.904
47280000 3.90434
47290000 3.90485
47300000 3.90496
47310000 3.90532
47320000 3.90586
47330000 3.90578
47340000 3.90605
47350000 3.9064
47360000 3.90677
47370000 3.90696
47380000 3.90732
47390000 3.90692
47400000 3.907
47410000 3.90714
47420000 3.90776
47430000 3.90792
47440000 3.90808
47450000 3.90785
47460000 3.90846
47470000 3.90821
47480000 3.90809
47490000 3.90839
47500000 3.90862
47510000 3.90887
47520000 3.90946
47530000 3.90984
47540000 3.90983
47550000 3.91008
47560000 3.91051
47570000 3.91064
47580000 3.911
47590000 3.91116
47600000 3.91118
47610000 3.91144
47620000 3.91159
47630000 3.91163
47640000 3.91167
47650000 3.91186
47660000 3.91183
47670000 3.91205
47680000 3.91223
47690000 3.91256
47700000 3.91296
47710000 3.91303
47720000 3.91303
47730000 3.91361
47740000 3.91362
47750000 3.91396
47760000 3.91404
47770000 3.91434
47780000 3.91483
47790000 3.91515
47800000 3.91526
47810000 3.91545
47820000 3.91589
47830000 3.91565
47840000 3.916
47850000 3.9162
47860000 3.91621
47870000 3.91673
47880000 3.91696
47890000 3.91704
47900000 3.91709
47910000 3.91732
47920000 3.91748
47930000 3.91783
47940000 3.91832
47950000 3.919
47960000 3.91905
47970000 3.91941
47980000 3.91976
47990000 3.91974
48000000 3.9206
48010000 3.92098
48020000 3.92093
48030000 3.92078
48040000 3.92103
48050000 3.92086
48060000 3.92101
48070000 3.92124
48080000 3.92151
48090000 3.92157
48100000 3.9216
48110000 3.92179
48120000 3.92208
48130000 3.92199
48140000 3.92217
48150000 3.92219
48160000 3.92267
48170000 3.92285
48180000 3.92332
48190000 3.92349
48200000 3.92384
48210000 3.92412
48220000 3.9243
48230000 3.92475
48240000 3.92484
48250000 3.92525
48260000 3.92504
48270000 3.92533
48280000 3.92554
48290000 3.92592
48300000 3.92603
48310000 3.92632
48320000 3.92644
48330000 3.9266
48340000 3.92709
48350000 3.92719
48360000 3.92731
48370000 3.92757
48380000 3.92797
48390000 3.92839
48400000 3.92809
48410000 3.92818
48420000 3.92798
48430000 3.92805
48440000 3.92859
48450000 3.9288
48460000 3.92925
48470000 3.92927
48480000 3.92952
48490000 3.93003
48500000 3.92984
48510000 3.93031
48520000 3.93066
48530000 3.93082
48540000 3.93101
48550000 3.93082
48560000 3.93102
48570000 3.93117
48580000 3.93131
48590000 3.93163
48600000 3.93175
48610000 3.93214
48620000 3.9321
48630000 3.93247
48640000 3.93271
48650000 3.93307
48660000 3.933
48670000 3.93538
48680000 3.93526
48690000 3.9348
48700000 3.93441
48710000 3.93452
48720000 3.93481
48730000 3.93497
48740000 3.93535
48750000 3.93565
48760000 3.93617
48770000 3.9363
48780000 3.93611
48790000 3.93624
48800000 3.93634
48810000 3.93646
48820000 3.93673
48830000 3.93687
48840000 3.93723
48850000 3.93724
48860000 3.9371
48870000 3.93769
48880000 3.93805
48890000 3.9384
48900000 3.93864
48910000 3.93854
48920000 3.93883
48930000 3.93955
48940000 3.93961
48950000 3.93966
48960000 3.93974
48970000 3.93986
48980000 3.94037
48990000 3.94039
49000000 3.94071
49010000 3.94107
49020000 3.94119
49030000 3.94153
49040000 3.94193
49050000 3.94204
49060000 3.94179
49070000 3.94233
49080000 3.94271
49090000 3.94356
49100000 3.94364
49110000 3.944
49120000 3.94396
49130000 3.94433
49140000 3.94488
49150000 3.94484
49160000 3.9446
49170000 3.94502
49180000 3.94495
49190000 3.94563
49200000 3.94609
49210000 3.94606
49220000 3.94632
49230000 3.94662
49240000 3.94647
49250000 3.94637
49260000 3.9466
49270000 3.94717
49280000 3.9472
49290000 3.94737
49300000 3.94737
49310000 3.94747
49320000 3.94767
49330000 3.94794
49340000 3.94794
49350000 3.94833
49360000 3.94879
49370000 3.94886
49380000 3.94918
49390000 3.94933
49400000 3.94938
49410000 3.94967
49420000 3.95004
49430000 3.95049
49440000 3.95066
49450000 3.95116
49460000 3.95124
49470000 3.95156
49480000 3.95162
49490000 3.95172
49500000 3.95193
49510000 3.95222
49520000 3.95251
49530000 3.95243
49540000 3.95276
49550000 3.95278
49560000 3.95321
49570000 3.953
49580000 3.95314
49590000 3.95374
49600000 3.95389
49610000 3.9541
49620000 3.95413
49630000 3.95433
49640000 3.95463
49650000 3.95511
49660000 3.95515
49670000 3.95529
49680000 3.95589
49690000 3.95595
49700000 3.95615
49710000 3.95635
49720000 3.95681
49730000 3.9572
49740000 3.95714
49750000 3.95711
49760000 3.95729
49770000 3.95775
49780000 3.95814
49790000 3.95827
49800000 3.95836
49810000 3.95901
49820000 3.95968
49830000 3.95958
49840000 3.95975
49850000 3.95982
49860000 3.95959
49870000 3.95989
49880000 3.95989
49890000 3.95996
49900000 3.96024
49910000 3.96048
49920000 3.96063
49930000 3.96084
49940000 3.96113
49950000 3.96149
49960000 3.96184
49970000 3.96252
49980000 3.96233
49990000 3.9626
50000000 3.96291
