10000 193.511
20000 124.192
30000 88.8778
40000 66.5022
50000 51.4744
60000 39.6521
70000 33.7539
80000 28.4614
90000 25.3781
100000 23.2385
110000 21.9536
120000 20.2752
130000 19.6139
140000 18.5361
150000 17.9871
160000 17.4603
170000 17.2763
180000 16.8716
190000 16.5396
200000 16.3894
210000 16.4693
220000 16.245
230000 16.0759
240000 16.0896
250000 15.903
260000 15.6932
270000 15.3058
280000 15.2687
290000 15.3738
300000 15.1016
310000 14.9193
320000 14.9328
330000 14.6945
340000 14.779
350000 14.7138
360000 14.5938
370000 14.5301
380000 14.4759
390000 14.6155
400000 14.7002
410000 14.3407
420000 14.4629
430000 14.4096
440000 14.3883
450000 14.0929
460000 14.0731
470000 14.4303
480000 14.1168
490000 14.2934
500000 13.9524
510000 13.9572
520000 13.9259
530000 14.1026
540000 14.1809
550000 13.8998
560000 13.8423
570000 13.8112
580000 13.528
590000 13.5593
600000 13.5427
610000 13.9319
620000 13.4291
630000 13.715
640000 13.4637
650000 13.4562
660000 13.5218
670000 13.5583
680000 13.3229
690000 13.7223
700000 13.7031
710000 13.6411
720000 13.7584
730000 13.3153
740000 13.2107
750000 13.2398
760000 13.2501
770000 13.2289
780000 13.2335
790000 13.0129
800000 12.9252
810000 13.1372
820000 13.3687
830000 13.5843
840000 13.2421
850000 12.8491
860000 13.1462
870000 13.1619
880000 13.5658
890000 12.9497
900000 13.0647
910000 12.9257
920000 13.0052
930000 12.868
940000 13.1872
950000 13.0057
960000 13.3163
970000 12.9657
980000 12.838
990000 13.3451
1000000 12.9927
1010000 13.1513
1020000 12.9746
1030000 12.9676
1040000 12.9798
1050000 12.881
1060000 13.1083
1070000 13.0459
1080000 12.7895
1090000 13.1547
1100000 12.7451
1110000 12.9432
1120000 12.5761
1130000 12.7925
1140000 12.5047
1150000 12.627
1160000 12.6532
1170000 12.7029
1180000 12.6439
1190000 12.9984
1200000 12.9859
1210000 12.6879
1220000 12.6919
1230000 12.5977
1240000 12.6251
1250000 12.6934
1260000 12.7222
1270000 12.8817
1280000 12.7403
1290000 12.6809
1300000 12.6548
1310000 12.5226
1320000 12.5049
1330000 12.517
1340000 12.7719
1350000 12.5965
1360000 12.6281
1370000 12.2504
1380000 12.3126
1390000 12.1809
1400000 12.5947
1410000 12.2968
1420000 12.7735
1430000 12.6032
1440000 12.4635
1450000 12.4952
1460000 12.5347
1470000 12.5447
1480000 12.7944
1490000 12.9729
1500000 12.4089
1510000 12.4708
1520000 12.4652
1530000 12.2935
1540000 12.3665
1550000 12.7013
1560000 12.3472
1570000 12.1881
1580000 12.3902
1590000 12.5378
1600000 12.3787
1610000 12.3526
1620000 12.6437
1630000 12.2887
1640000 12.3246
1650000 12.4437
1660000 12.061
1670000 12.2923
1680000 12.363
1690000 12.4088
1700000 12.2192
1710000 12.2072
1720000 12.3229
1730000 12.2802
1740000 12.3241
1750000 12.2946
1760000 12.2477
1770000 12.1886
1780000 12.3751
1790000 12.1465
1800000 12.3118
1810000 12.0738
1820000 12.2137
1830000 12.0884
1840000 12.1962
1850000 12.1936
1860000 12.5068
1870000 12.1895
1880000 12.2734
1890000 12.3413
1900000 12.165
1910000 12.1289
1920000 12.2417
1930000 12.3519
1940000 12.2517
1950000 12.1733
1960000 12.1373
1970000 12.438
1980000 12.3602
1990000 12.2644
2000000 12.2271
2010000 12.0725
2020000 12.0636
2030000 12.3302
2040000 12.2868
2050000 12.1234
2060000 12.0061
2070000 12.0261
2080000 12.2318
2090000 12.1871
2100000 12.0264
2110000 12.0941
2120000 12.1273
2130000 12.0833
2140000 12.0301
2150000 12.0976
2160000 12.0571
2170000 12.1858
2180000 12.1172
2190000 12.3207
2200000 12.1497
2210000 12.1683
2220000 12.4019
2230000 12.3676
2240000 12.3526
2250000 11.9842
2260000 11.9529
2270000 11.7885
2280000 11.953
2290000 11.8989
2300000 12.2454
2310000 11.9633
2320000 11.7831
2330000 11.8133
2340000 11.93
2350000 11.7712
2360000 11.7704
2370000 12.1621
2380000 12.0201
2390000 12.0709
2400000 12.0192
2410000 12.0192
2420000 12.3623
2430000 11.8555
2440000 11.8726
2450000 11.8862
2460000 11.8617
2470000 11.9709
2480000 12.0346
2490000 11.9713
2500000 11.9913
2510000 12.0755
2520000 12.0277
2530000 12.0603
2540000 12.0017
2550000 11.8771
2560000 11.8076
2570000 12.0762
2580000 12.1323
2590000 11.8728
2600000 11.8679
2610000 11.8639
2620000 11.9117
2630000 11.7725
2640000 11.8571
2650000 11.6574
2660000 11.9158
2670000 12.0123
2680000 11.8897
2690000 11.9924
2700000 11.7249
2710000 11.8222
2720000 11.8923
2730000 11.9754
2740000 11.9189
2750000 11.8129
2760000 12.0333
2770000 11.8503
2780000 11.8842
2790000 11.8291
2800000 11.9163
2810000 12.0763
2820000 11.9042
2830000 12.0037
2840000 11.8328
2850000 12.1479
2860000 11.8825
2870000 11.7805
2880000 11.7734
2890000 11.7901
2900000 11.8568
2910000 11.8513
2920000 11.8475
2930000 11.8779
2940000 11.8226
2950000 11.626
2960000 12.0451
2970000 11.8008
2980000 11.7598
2990000 11.7765
3000000 11.8688
3010000 11.9365
3020000 11.6826
3030000 11.6476
3040000 12.0284
3050000 11.6871
3060000 11.7323
3070000 11.582
3080000 11.5893
3090000 11.7142
3100000 11.554
3110000 11.8713
3120000 11.6755
3130000 11.8194
3140000 11.9304
3150000 12.3064
3160000 11.9002
3170000 11.9278
3180000 11.8256
3190000 11.8912
3200000 11.8631
3210000 11.878
3220000 11.8379
3230000 11.8785
3240000 12.1759
3250000 11.6663
3260000 11.6437
3270000 12.1651
3280000 11.8463
3290000 11.6904
3300000 11.8309
3310000 11.5461
3320000 11.6278
3330000 11.4981
3340000 11.6529
3350000 11.6953
3360000 11.7516
3370000 11.6383
3380000 11.7951
3390000 11.7612
3400000 11.6305
3410000 11.6633
3420000 11.6662
3430000 11.7506
3440000 11.5714
3450000 11.7137
3460000 11.6923
3470000 11.5372
3480000 11.5273
3490000 11.6564
3500000 12.0082
3510000 11.8695
3520000 11.6209
3530000 11.7871
3540000 11.64
3550000 11.5878
3560000 11.5213
3570000 11.7274
3580000 11.7157
3590000 11.6125
3600000 11.3296
3610000 11.6814
3620000 11.515
3630000 11.6915
3640000 11.5504
3650000 11.7993
3660000 11.5629
3670000 11.6004
3680000 11.8518
3690000 11.7995
3700000 11.7858
3710000 11.8014
3720000 11.6028
3730000 11.8185
3740000 11.3706
3750000 11.6955
3760000 11.6392
3770000 11.6292
3780000 11.6667
3790000 11.5783
3800000 11.585
3810000 11.7271
3820000 11.5975
3830000 11.5477
3840000 11.9725
3850000 11.7524
3860000 11.5989
3870000 11.5246
3880000 11.5674
3890000 11.7491
3900000 11.5539
3910000 11.5923
3920000 11.7634
3930000 11.6528
3940000 11.632
3950000 11.6293
3960000 11.6796
3970000 11.5416
3980000 11.4521
3990000 11.5371
4000000 11.7192
4010000 11.6623
4020000 11.5534
4030000 11.6706
4040000 11.6481
4050000 11.3624
4060000 11.3861
4070000 11.3823
4080000 11.3785
4090000 11.3949
4100000 11.5576
4110000 11.6399
4120000 11.4405
4130000 11.3902
4140000 11.44
4150000 11.3314
4160000 11.3711
4170000 11.5519
4180000 11.5713
4190000 11.5785
4200000 11.4353
4210000 11.5156
4220000 11.5314
4230000 11.6136
4240000 11.548
4250000 11.4936
4260000 11.3736
4270000 12.0351
4280000 11.8913
4290000 11.8857
4300000 11.4734
4310000 11.5095
4320000 11.5604
4330000 11.5155
4340000 11.6271
4350000 11.4682
4360000 11.8582
4370000 11.7381
4380000 11.6757
4390000 11.4175
4400000 11.6159
4410000 11.3975
4420000 11.6979
4430000 11.5515
4440000 11.9366
4450000 11.9831
4460000 11.2915
4470000 11.3573
4480000 11.2551
4490000 11.1041
4500000 11.7241
4510000 11.6752
4520000 11.3451
4530000 11.4951
4540000 11.6676
4550000 11.5348
4560000 11.6538
4570000 11.397
4580000 11.4359
4590000 11.1783
4600000 11.8654
4610000 11.3963
4620000 11.623
4630000 11.7639
4640000 11.657
4650000 11.425
4660000 11.4211
4670000 11.4986
4680000 11.3713
4690000 11.5286
4700000 11.5287
4710000 11.7285
4720000 11.6467
4730000 11.813
4740000 11.4674
4750000 11.7301
4760000 11.2785
4770000 11.2512
4780000 11.29
4790000 11.2243
4800000 11.3103
4810000 11.39
4820000 11.7083
4830000 11.29
4840000 11.6081
4850000 11.5363
4860000 11.3811
4870000 11.5126
4880000 11.3367
4890000 11.6177
4900000 11.4855
4910000 11.6482
4920000 11.4674
4930000 11.5553
4940000 11.2273
4950000 11.544
4960000 11.3988
4970000 11.4366
4980000 11.4211
4990000 11.2185
5000000 11.4782
5010000 11.2666
5020000 11.6535
5030000 11.3084
5040000 11.3565
5050000 11.3742
5060000 11.5959
5070000 11.579
5080000 11.4592
5090000 11.6275
5100000 11.448
5110000 11.4446
5120000 11.8366
5130000 11.5021
5140000 11.4933
5150000 11.388
5160000 11.3188
5170000 11.3502
5180000 11.1875
5190000 11.3331
5200000 11.3117
5210000 11.6296
5220000 11.5361
5230000 11.4132
5240000 11.4653
5250000 11.7359
5260000 11.5471
5270000 11.4074
5280000 11.3572
5290000 11.1599
5300000 11.3291
5310000 11.2196
5320000 11.4759
5330000 11.4021
5340000 11.3456
5350000 11.3888
5360000 11.1818
5370000 11.3216
5380000 11.377
5390000 11.3164
5400000 11.6042
5410000 11.111
5420000 11.4944
5430000 11.2261
5440000 11.1732
5450000 11.2097
5460000 11.42
5470000 11.2302
5480000 11.1381
5490000 11.4005
5500000 11.0713
5510000 11.2465
5520000 11.3916
5530000 11.2976
5540000 11.2557
5550000 11.1726
5560000 11.3847
5570000 11.2363
5580000 11.3602
5590000 11.3516
5600000 11.2089
5610000 11.2298
5620000 11.3223
5630000 11.1239
5640000 11.1276
5650000 11.0145
5660000 11.0807
5670000 11.2198
5680000 11.2023
5690000 11.2308
5700000 11.4747
5710000 11.1366
5720000 11.2981
5730000 11.3664
5740000 11.6582
5750000 11.3508
5760000 11.4345
5770000 11.5978
5780000 11.3983
5790000 11.2816
5800000 11.0789
5810000 11.1461
5820000 11.3496
5830000 11.284
5840000 11.1256
5850000 11.1688
5860000 11.4111
5870000 11.3542
5880000 11.3077
5890000 11.5866
5900000 11.3555
5910000 11.3087
5920000 11.1595
5930000 11.2014
5940000 11.1909
5950000 11.4523
5960000 10.9849
5970000 11.3212
5980000 11.022
5990000 11.3416
6000000 11.2337
6010000 11.3759
6020000 11.2046
6030000 11.6157
6040000 11.3823
6050000 11.2647
6060000 11.0108
6070000 11.4499
6080000 10.9473
6090000 11.2868
6100000 11.1195
6110000 11.3367
6120000 11.0557
6130000 11.1787
6140000 11.0623
6150000 11.2401
6160000 11.3482
6170000 11.1063
6180000 11.2034
6190000 11.4705
6200000 11.309
6210000 11.4941
6220000 11.2005
6230000 11.3293
6240000 11.0914
6250000 11.1713
6260000 11.0486
6270000 11.0804
6280000 11.3478
6290000 11.3656
6300000 11.2106
6310000 11.446
6320000 11.7342
6330000 11.5025
6340000 11.1903
6350000 11.4339
6360000 11.2142
6370000 11.4236
6380000 11.3565
6390000 11.4086
6400000 11.2902
6410000 11.2897
6420000 11.3559
6430000 11.2838
6440000 11.3794
6450000 11.2467
6460000 11.8182
6470000 11.8153
6480000 11.4894
6490000 11.1219
6500000 11.1867
6510000 11.0758
6520000 11.1866
6530000 11.459
6540000 11.4163
6550000 11.2989
6560000 11.214
6570000 11.2057
6580000 11.2108
6590000 11.5584
6600000 11.217
6610000 11.2819
6620000 10.998
6630000 11.2411
6640000 11.1521
6650000 11.0632
6660000 11.2978
6670000 11.3228
6680000 11.2576
6690000 11.3381
6700000 11.4593
6710000 11.5974
6720000 11.1879
6730000 11.563
6740000 11.0296
6750000 11.3004
6760000 11.0994
6770000 11.5319
6780000 11.24
6790000 10.9767
6800000 11.0381
6810000 11.0829
6820000 11.4506
6830000 11.3547
6840000 11.3819
6850000 11.2386
6860000 11.2796
6870000 11.2553
6880000 11.4119
6890000 11.5127
6900000 11.2135
6910000 11.2271
6920000 11.329
6930000 11.0388
6940000 11.0261
6950000 11.0763
6960000 11.4727
6970000 11.0879
6980000 10.9751
6990000 11.0343
7000000 10.9906
7010000 11.0669
7020000 10.8342
7030000 10.8869
7040000 11.5716
7050000 11.1352
7060000 11.2954
7070000 11.2919
7080000 11.07
7090000 10.8226
7100000 11.0958
7110000 10.9228
7120000 11.1818
7130000 11.1217
7140000 11.4528
7150000 11.6282
7160000 11.6049
7170000 11.2074
7180000 11.2601
7190000 11.0919
7200000 11.2758
7210000 10.9183
7220000 11.4238
7230000 11.2789
7240000 11.2976
7250000 11.2607
7260000 10.9779
7270000 11.1422
7280000 11.0715
7290000 11.1328
7300000 11.066
7310000 11.0632
7320000 11.0166
7330000 11.1671
7340000 11.1541
7350000 10.977
7360000 11.0539
7370000 11.3329
7380000 11.1082
7390000 11.3996
7400000 11.1615
7410000 11.2061
7420000 11.0944
7430000 11.0022
7440000 11.0356
7450000 11.3164
7460000 11.1019
7470000 11.0663
7480000 10.9901
7490000 10.941
7500000 11.1074
7510000 11.2822
7520000 11.0651
7530000 11.325
7540000 11.351
7550000 11.2334
7560000 11.291
7570000 11.3325
7580000 11.4427
7590000 11.5295
7600000 11.1916
7610000 10.986
7620000 11.2844
7630000 11.4355
7640000 11.2779
7650000 11.3524
7660000 11.5
7670000 11.1692
7680000 11.4073
7690000 11.5958
7700000 11.5875
7710000 11.156
7720000 11.2432
7730000 10.792
7740000 11.1227
7750000 11.019
7760000 10.9684
7770000 11.0952
7780000 11.0856
7790000 11.5234
7800000 11.17
7810000 11.1181
7820000 10.7533
7830000 11.0352
7840000 10.9707
7850000 11.3014
7860000 11.1492
7870000 11.3463
7880000 11.2317
7890000 11.3718
7900000 11.2323
7910000 11.2048
7920000 11.0057
7930000 11.3158
7940000 11.202
7950000 11.0632
7960000 11.6533
7970000 11.0425
7980000 11.0643
7990000 11.2084
8000000 11.2663
8010000 11.1128
8020000 11.1909
8030000 11.2393
8040000 11.1791
8050000 10.9976
8060000 11.0863
8070000 11.1333
8080000 10.9717
8090000 10.9775
8100000 11.1042
8110000 11.4788
8120000 11.2094
8130000 11.196
8140000 11.2316
8150000 11.528
8160000 11.3734
8170000 11.0292
8180000 11.1197
8190000 10.9699
8200000 10.8802
8210000 11.0977
8220000 11.5621
8230000 11.014
8240000 11.3093
8250000 11.0321
8260000 11.0057
8270000 11.4353
8280000 10.9575
8290000 10.945
8300000 11.4674
8310000 11.1937
8320000 11.0083
8330000 11.481
8340000 11.2091
8350000 11.3155
8360000 10.9854
8370000 11.1121
8380000 10.9646
8390000 11.1361
8400000 10.9375
8410000 11.0655
8420000 11.0965
8430000 11.1674
8440000 11.2423
8450000 11.1306
8460000 11.1409
8470000 11.0928
8480000 10.8483
8490000 10.9411
8500000 11.0255
8510000 10.8428
8520000 11.1807
8530000 10.8874
8540000 10.8388
8550000 11.1853
8560000 11.1694
8570000 11.0112
8580000 10.8986
8590000 10.879
8600000 11.1596
8610000 11.3044
8620000 11.1041
8630000 11.349
8640000 11.2897
8650000 11.3529
8660000 11.1948
8670000 11.192
8680000 11.179
8690000 11.1347
8700000 11.04
8710000 11.3939
8720000 11.0807
8730000 11.0223
8740000 11.067
8750000 11.1457
8760000 10.9275
8770000 11.0788
8780000 10.8624
8790000 11.1001
8800000 11.1489
8810000 11.1665
8820000 11.1376
8830000 10.8671
8840000 11.0339
8850000 10.9524
8860000 10.7654
8870000 10.7983
8880000 10.9518
8890000 10.9299
8900000 11.046
8910000 11.1964
8920000 11.0461
8930000 11.0527
8940000 11.0843
8950000 10.9172
8960000 10.9878
8970000 11.0226
8980000 10.9619
8990000 11.0702
9000000 10.8432
9010000 11.1018
9020000 11.0337
9030000 11.0388
9040000 11.1371
9050000 11.1324
9060000 10.8707
9070000 11.2741
9080000 11.1905
9090000 11.0212
9100000 10.8468
9110000 11.0679
9120000 10.984
9130000 11.3097
9140000 11.2074
9150000 11.1969
9160000 11.3316
9170000 11.0768
9180000 10.7732
9190000 10.9329
9200000 11.1192
9210000 10.8579
9220000 10.8548
9230000 10.9207
9240000 11.3897
9250000 10.9817
9260000 11.0068
9270000 11.1406
9280000 10.8735
9290000 10.9187
9300000 11.1111
9310000 11.116
9320000 11.0603
9330000 11.0847
9340000 11.1382
9350000 11.0313
9360000 10.9518
9370000 11.0364
9380000 11.1642
9390000 11.0887
9400000 10.92
9410000 10.8402
9420000 11.1372
9430000 11.0641
9440000 11.079
9450000 11.1761
9460000 10.9976
9470000 10.9641
9480000 11.0732
9490000 11.1431
9500000 11.1188
9510000 11.2529
9520000 10.9672
9530000 10.8311
9540000 11.0473
9550000 10.9691
9560000 11.0306
9570000 10.8181
9580000 10.8847
9590000 10.9451
9600000 10.9135
9610000 11.0943
9620000 10.9052
9630000 10.9795
9640000 11.1454
9650000 11.1998
9660000 10.7482
9670000 11.4883
9680000 11.2169
9690000 10.9682
9700000 10.9396
9710000 11.3025
9720000 11.8943
9730000 11.0948
9740000 10.9803
9750000 11.0671
9760000 10.9046
9770000 11.0476
9780000 10.974
9790000 11.0383
9800000 10.8794
9810000 10.7305
9820000 10.8159
9830000 10.7161
9840000 11.0867
9850000 11.1459
9860000 11.0189
9870000 11.0987
9880000 11.0486
9890000 10.916
9900000 11.3744
9910000 10.9131
9920000 10.9816
9930000 10.9187
9940000 11.4425
9950000 11.2349
9960000 10.749
9970000 10.8544
9980000 10.6542
9990000 10.7253
10000000 10.7727
