10000 17.0194
20000 12.5252
30000 9.93452
40000 8.47984
50000 7.38756
60000 6.73719
70000 6.28242
80000 5.98086
90000 5.75876
100000 5.58402
110000 5.45849
120000 5.3443
130000 5.24464
140000 5.16542
150000 5.09831
160000 5.03548
170000 4.97872
180000 4.92243
190000 4.87429
200000 4.82636
210000 4.78313
220000 4.74041
230000 4.70032
240000 4.66388
250000 4.62746
260000 4.59319
270000 4.55662
280000 4.52303
290000 4.4914
300000 4.46146
310000 4.43481
320000 4.40669
330000 4.38196
340000 4.35722
350000 4.33197
360000 4.3096
370000 4.2876
380000 4.26371
390000 4.24348
400000 4.22029
410000 4.19619
420000 4.17439
430000 4.15438
440000 4.13657
450000 4.11677
460000 4.09981
470000 4.07798
480000 4.05963
490000 4.04355
500000 4.02583
510000 4.00715
520000 3.98945
530000 3.97205
540000 3.9564
550000 3.93987
560000 3.9254
570000 3.91081
580000 3.89549
590000 3.88049
600000 3.86521
610000 3.85057
620000 3.83551
630000 3.82101
640000 3.80752
650000 3.79511
660000 3.78034
670000 3.76729
680000 3.75379
690000 3.74033
700000 3.72658
710000 3.71383
720000 3.70108
730000 3.68984
740000 3.67686
750000 3.66465
760000 3.65398
770000 3.6411
780000 3.62804
790000 3.61671
800000 3.60575
810000 3.59223
820000 3.58051
830000 3.56969
840000 3.55977
850000 3.54948
860000 3.53791
870000 3.52704
880000 3.5155
890000 3.50374
900000 3.49211
910000 3.48332
920000 3.47461
930000 3.46344
940000 3.45417
950000 3.44311
960000 3.43319
970000 3.42368
980000 3.41455
990000 3.40359
1000000 3.39299
1010000 3.38446
1020000 3.37376
1030000 3.36579
1040000 3.35675
1050000 3.34856
1060000 3.33992
1070000 3.3315
1080000 3.32256
1090000 3.31373
1100000 3.30507
1110000 3.29728
1120000 3.28768
1130000 3.27902
1140000 3.27111
1150000 3.2634
1160000 3.25584
1170000 3.24751
1180000 3.23955
1190000 3.23036
1200000 3.22284
1210000 3.21568
1220000 3.20936
1230000 3.20193
1240000 3.1947
1250000 3.18727
1260000 3.17848
1270000 3.17042
1280000 3.16269
1290000 3.15501
1300000 3.14838
1310000 3.1403
1320000 3.1328
1330000 3.12517
1340000 3.11796
1350000 3.11112
1360000 3.10493
1370000 3.09893
1380000 3.09177
1390000 3.08594
1400000 3.07979
1410000 3.07377
1420000 3.06743
1430000 3.06196
1440000 3.05204
1450000 3.04453
1460000 3.03716
1470000 3.0303
1480000 3.02489
1490000 3.01802
1500000 3.01202
1510000 3.00541
1520000 2.99811
1530000 2.99046
1540000 2.98339
1550000 2.97633
1560000 2.97013
1570000 2.9639
1580000 2.95763
1590000 2.95174
1600000 2.94654
1610000 2.94135
1620000 2.93627
1630000 2.92955
1640000 2.92383
1650000 2.9163
1660000 2.90906
1670000 2.90208
1680000 2.89589
1690000 2.88917
1700000 2.88398
1710000 2.87902
1720000 2.87215
1730000 2.86646
1740000 2.86091
1750000 2.85436
1760000 2.84847
1770000 2.84281
1780000 2.83794
1790000 2.83303
1800000 2.8284
1810000 2.8235
1820000 2.81802
1830000 2.81183
1840000 2.80541
1850000 2.80031
1860000 2.79554
1870000 2.78825
1880000 2.78218
1890000 2.77777
1900000 2.77262
1910000 2.7674
1920000 2.76202
1930000 2.75548
1940000 2.74951
1950000 2.74515
1960000 2.74018
1970000 2.7333
1980000 2.72839
1990000 2.72427
2000000 2.71972
2010000 2.71501
2020000 2.71056
2030000 2.70708
2040000 2.70199
2050000 2.69811
2060000 2.6938
2070000 2.68817
2080000 2.68297
2090000 2.67681
2100000 2.67134
2110000 2.66632
2120000 2.66091
2130000 2.6565
2140000 2.65228
2150000 2.64767
2160000 2.64324
2170000 2.63937
2180000 2.63546
2190000 2.63105
2200000 2.62581
2210000 2.61976
2220000 2.61425
2230000 2.60927
2240000 2.60522
2250000 2.60158
2260000 2.59726
2270000 2.59177
2280000 2.58813
2290000 2.58362
2300000 2.5792
2310000 2.57301
2320000 2.56783
2330000 2.56376
2340000 2.55917
2350000 2.55562
2360000 2.5513
2370000 2.54743
2380000 2.54376
2390000 2.53969
2400000 2.53625
2410000 2.53334
2420000 2.52992
2430000 2.52592
2440000 2.5216
2450000 2.51757
2460000 2.51335
2470000 2.51
2480000 2.50611
2490000 2.50278
2500000 2.49997
2510000 2.49493
2520000 2.49086
2530000 2.48647
2540000 2.48323
2550000 2.47921
2560000 2.47486
2570000 2.47151
2580000 2.46757
2590000 2.46336
2600000 2.45891
2610000 2.45549
2620000 2.45219
2630000 2.44768
2640000 2.44456
2650000 2.44047
2660000 2.43653
2670000 2.43226
2680000 2.42827
2690000 2.42349
2700000 2.42038
2710000 2.41646
2720000 2.41179
2730000 2.40867
2740000 2.40584
2750000 2.40256
2760000 2.39886
2770000 2.39486
2780000 2.39144
2790000 2.38695
2800000 2.38359
2810000 2.38035
2820000 2.37683
2830000 2.37242
2840000 2.36918
2850000 2.3653
2860000 2.36131
2870000 2.3558
2880000 2.35258
2890000 2.34973
2900000 2.34488
2910000 2.3408
2920000 2.33736
2930000 2.33424
2940000 2.33086
2950000 2.32681
2960000 2.32414
2970000 2.32088
2980000 2.31775
2990000 2.31345
3000000 2.30891
3010000 2.30546
3020000 2.30213
3030000 2.29909
3040000 2.29599
3050000 2.29288
3060000 2.29012
3070000 2.28663
3080000 2.28318
3090000 2.28012
3100000 2.27592
3110000 2.27235
3120000 2.26887
3130000 2.26631
3140000 2.26378
3150000 2.26025
3160000 2.2574
3170000 2.25498
3180000 2.25142
3190000 2.24894
3200000 2.24612
3210000 2.24373
3220000 2.24091
3230000 2.2387
3240000 2.23542
3250000 2.23179
3260000 2.229
3270000 2.22477
3280000 2.22202
3290000 2.21975
3300000 2.21668
3310000 2.21398
3320000 2.21023
3330000 2.20757
3340000 2.2051
3350000 2.20301
3360000 2.20054
3370000 2.19767
3380000 2.19426
3390000 2.19119
3400000 2.19258
3410000 2.18904
3420000 2.1859
3430000 2.18174
3440000 2.17858
3450000 2.17501
3460000 2.1722
3470000 2.1698
3480000 2.16719
3490000 2.16501
3500000 2.16296
3510000 2.15934
3520000 2.15554
3530000 2.15291
3540000 2.15032
3550000 2.14832
3560000 2.14559
3570000 2.14269
3580000 2.14042
3590000 2.13794
3600000 2.13484
3610000 2.13299
3620000 2.13036
3630000 2.12811
3640000 2.12596
3650000 2.12334
3660000 2.12106
3670000 2.11882
3680000 2.11641
3690000 2.11427
3700000 2.112
3710000 2.10995
3720000 2.10862
3730000 2.10624
3740000 2.10338
3750000 2.10066
3760000 2.09832
3770000 2.09634
3780000 2.09445
3790000 2.09242
3800000 2.09032
3810000 2.08782
3820000 2.08499
3830000 2.08102
3840000 2.07859
3850000 2.07577
3860000 2.07329
3870000 2.07074
3880000 2.06868
3890000 2.06638
3900000 2.06412
3910000 2.06214
3920000 2.05966
3930000 2.05731
3940000 2.05481
3950000 2.05217
3960000 2.05028
3970000 2.04799
3980000 2.04533
3990000 2.04321
4000000 2.04099
4010000 2.0387
4020000 2.03681
4030000 2.03493
4040000 2.03322
4050000 2.03071
4060000 2.02791
4070000 2.02553
4080000 2.02185
4090000 2.01925
4100000 2.01707
4110000 2.01493
4120000 2.01291
4130000 2.01041
4140000 2.00849
4150000 2.00648
4160000 2.00299
4170000 2.00061
4180000 1.9982
4190000 1.99599
4200000 1.99392
4210000 1.99153
4220000 1.98967
4230000 1.98833
4240000 1.9855
4250000 1.98276
4260000 1.98048
4270000 1.97807
4280000 1.97623
4290000 1.97332
4300000 1.97166
4310000 1.96987
4320000 1.96817
4330000 1.96648
4340000 1.96472
4350000 1.96284
4360000 1.96128
4370000 1.95911
4380000 1.95736
4390000 1.95545
4400000 1.95401
4410000 1.95249
4420000 1.95058
4430000 1.94858
4440000 1.94539
4450000 1.94286
4460000 1.94065
4470000 1.93881
4480000 1.93564
4490000 1.93228
4500000 1.92935
4510000 1.92676
4520000 1.92469
4530000 1.92233
4540000 1.91981
4550000 1.91777
4560000 1.91611
4570000 1.91456
4580000 1.91254
4590000 1.91015
4600000 1.90869
4610000 1.90716
4620000 1.90498
4630000 1.90194
4640000 1.89927
4650000 1.89621
4660000 1.89405
4670000 1.89166
4680000 1.88984
4690000 1.88709
4700000 1.885
4710000 1.8828
4720000 1.88066
4730000 1.87877
4740000 1.8769
4750000 1.8754
4760000 1.87355
4770000 1.87183
4780000 1.87009
4790000 1.86876
4800000 1.86696
4810000 1.86421
4820000 1.8627
4830000 1.86109
4840000 1.85987
4850000 1.85819
4860000 1.85592
4870000 1.85418
4880000 1.85233
4890000 1.85016
4900000 1.8487
4910000 1.84684
4920000 1.84494
4930000 1.84316
4940000 1.84214
4950000 1.84087
4960000 1.83924
4970000 1.83695
4980000 1.83523
4990000 1.83388
5000000 1.83253
5010000 1.83091
5020000 1.82956
5030000 1.82796
5040000 1.82628
5050000 1.82402
5060000 1.82135
5070000 1.81921
5080000 1.81732
5090000 1.81553
5100000 1.81402
5110000 1.81196
5120000 1.80969
5130000 1.80761
5140000 1.80537
5150000 1.8036
5160000 1.80171
5170000 1.79979
5180000 1.79803
5190000 1.79603
5200000 1.79391
5210000 1.79256
5220000 1.79063
5230000 1.7888
5240000 1.78737
5250000 1.78591
5260000 1.78454
5270000 1.78307
5280000 1.78233
5290000 1.78031
5300000 1.77782
5310000 1.77567
5320000 1.77423
5330000 1.77247
5340000 1.77058
5350000 1.76891
5360000 1.76739
5370000 1.76565
5380000 1.7644
5390000 1.76184
5400000 1.75984
5410000 1.75867
5420000 1.75715
5430000 1.75568
5440000 1.75398
5450000 1.75288
5460000 1.7516
5470000 1.7496
5480000 1.74824
5490000 1.74722
5500000 1.74576
5510000 1.74444
5520000 1.74329
5530000 1.74124
5540000 1.73942
5550000 1.73774
5560000 1.73658
5570000 1.7348
5580000 1.73323
5590000 1.7322
5600000 1.7308
5610000 1.72883
5620000 1.72758
5630000 1.726
5640000 1.72366
5650000 1.72188
5660000 1.72054
5670000 1.71917
5680000 1.71743
5690000 1.71577
5700000 1.71438
5710000 1.71306
5720000 1.71153
5730000 1.71046
5740000 1.70895
5750000 1.70763
5760000 1.70606
5770000 1.70516
5780000 1.7041
5790000 1.70243
5800000 1.70153
5810000 1.7003
5820000 1.69889
5830000 1.69772
5840000 1.69641
5850000 1.6951
5860000 1.69403
5870000 1.69279
5880000 1.69167
5890000 1.69
5900000 1.68853
5910000 1.68678
5920000 1.68493
5930000 1.68344
5940000 1.68211
5950000 1.68084
5960000 1.67919
5970000 1.67713
5980000 1.67578
5990000 1.67431
6000000 1.67316
6010000 1.67123
6020000 1.66963
6030000 1.66901
6040000 1.66743
6050000 1.6655
6060000 1.66345
6070000 1.66257
6080000 1.6616
6090000 1.66016
6100000 1.6589
6110000 1.65786
6120000 1.65662
6130000 1.65513
6140000 1.65382
6150000 1.6527
6160000 1.65149
6170000 1.65037
6180000 1.64935
6190000 1.64857
6200000 1.64699
6210000 1.64601
6220000 1.64461
6230000 1.64286
6240000 1.6418
6250000 1.64017
6260000 1.63862
6270000 1.63713
6280000 1.63588
6290000 1.63487
6300000 1.63336
6310000 1.63149
6320000 1.63002
6330000 1.62896
6340000 1.62791
6350000 1.62635
6360000 1.62542
6370000 1.62451
6380000 1.6235
6390000 1.62238
6400000 1.6203
6410000 1.61859
6420000 1.61717
6430000 1.61598
6440000 1.61477
6450000 1.61409
6460000 1.61338
6470000 1.61211
6480000 1.61061
6490000 1.60947
6500000 1.60825
6510000 1.60705
6520000 1.60603
6530000 1.60468
6540000 1.60345
6550000 1.60192
6560000 1.60025
6570000 1.59878
6580000 1.59744
6590000 1.59622
6600000 1.59546
6610000 1.59478
6620000 1.59359
6630000 1.59323
6640000 1.5917
6650000 1.59078
6660000 1.58958
6670000 1.58786
6680000 1.58612
6690000 1.58485
6700000 1.58372
6710000 1.58285
6720000 1.58206
6730000 1.58081
6740000 1.57967
6750000 1.57829
6760000 1.57679
6770000 1.57614
6780000 1.57501
6790000 1.57387
6800000 1.5727
6810000 1.57168
6820000 1.57037
6830000 1.56945
6840000 1.56811
6850000 1.56671
6860000 1.56572
6870000 1.56461
6880000 1.56379
6890000 1.56249
6900000 1.56089
6910000 1.55943
6920000 1.55828
6930000 1.55686
6940000 1.55613
6950000 1.55472
6960000 1.55374
6970000 1.55256
6980000 1.55157
6990000 1.55031
7000000 1.54939
7010000 1.5486
7020000 1.54761
7030000 1.5466
7040000 1.54591
7050000 1.54453
7060000 1.54392
7070000 1.5429
7080000 1.5415
7090000 1.54035
7100000 1.53979
7110000 1.53843
7120000 1.53732
7130000 1.53663
7140000 1.53489
7150000 1.53357
7160000 1.53302
7170000 1.53209
7180000 1.53139
7190000 1.53061
7200000 1.52919
7210000 1.52856
7220000 1.52765
7230000 1.52585
7240000 1.52483
7250000 1.52384
7260000 1.52197
7270000 1.52073
7280000 1.51959
7290000 1.51811
7300000 1.51712
7310000 1.51631
7320000 1.51536
7330000 1.51441
7340000 1.51346
7350000 1.51191
7360000 1.51089
7370000 1.50932
7380000 1.508
7390000 1.50683
7400000 1.50596
7410000 1.50491
7420000 1.50416
7430000 1.50337
7440000 1.50229
7450000 1.50141
7460000 1.50075
7470000 1.49956
7480000 1.49844
7490000 1.49748
7500000 1.49674
7510000 1.49657
7520000 1.49563
7530000 1.49521
7540000 1.49402
7550000 1.49311
7560000 1.49225
7570000 1.49126
7580000 1.49009
7590000 1.48885
7600000 1.48796
7610000 1.48778
7620000 1.48657
7630000 1.48577
7640000 1.48477
7650000 1.48404
7660000 1.48313
7670000 1.48237
7680000 1.48163
7690000 1.48093
7700000 1.47991
7710000 1.47868
7720000 1.47782
7730000 1.47711
7740000 1.47605
7750000 1.475
7760000 1.47375
7770000 1.47264
7780000 1.47146
7790000 1.47059
7800000 1.4699
7810000 1.46911
7820000 1.46801
7830000 1.46715
7840000 1.4668
7850000 1.46587
7860000 1.46477
7870000 1.46385
7880000 1.46314
7890000 1.46268
7900000 1.46214
7910000 1.46126
7920000 1.46064
7930000 1.45981
7940000 1.45875
7950000 1.45776
7960000 1.45732
7970000 1.45623
7980000 1.45544
7990000 1.45496
8000000 1.45429
8010000 1.45387
8020000 1.45341
8030000 1.453
8040000 1.45179
8050000 1.45036
8060000 1.44889
8070000 1.44822
8080000 1.44728
8090000 1.44718
8100000 1.44603
8110000 1.44486
8120000 1.44447
8130000 1.44384
8140000 1.44325
8150000 1.44227
8160000 1.44106
8170000 1.44029
8180000 1.43928
8190000 1.4381
8200000 1.4376
8210000 1.43747
8220000 1.43646
8230000 1.43553
8240000 1.43442
8250000 1.43341
8260000 1.4321
8270000 1.43146
8280000 1.43022
8290000 1.4295
8300000 1.42843
8310000 1.42764
8320000 1.42773
8330000 1.42665
8340000 1.42534
8350000 1.42418
8360000 1.42264
8370000 1.42147
8380000 1.42021
8390000 1.41848
8400000 1.41719
8410000 1.41647
8420000 1.41553
8430000 1.41473
8440000 1.41363
8450000 1.4126
8460000 1.41216
8470000 1.41181
8480000 1.41085
8490000 1.41044
8500000 1.40903
8510000 1.40851
8520000 1.40788
8530000 1.40737
8540000 1.40602
8550000 1.40485
8560000 1.40406
8570000 1.40298
8580000 1.40244
8590000 1.40155
8600000 1.4008
8610000 1.39985
8620000 1.39917
8630000 1.39817
8640000 1.39783
8650000 1.39707
8660000 1.39633
8670000 1.3957
8680000 1.39517
8690000 1.39473
8700000 1.39422
8710000 1.39357
8720000 1.39296
8730000 1.39256
8740000 1.39193
8750000 1.39106
8760000 1.39062
8770000 1.39029
8780000 1.38946
8790000 1.38849
8800000 1.38779
8810000 1.38701
8820000 1.38613
8830000 1.38516
8840000 1.38438
8850000 1.38349
8860000 1.38284
8870000 1.38241
8880000 1.38163
8890000 1.38106
8900000 1.38051
8910000 1.37977
8920000 1.37861
8930000 1.37795
8940000 1.37704
8950000 1.37629
8960000 1.37579
8970000 1.37504
8980000 1.37464
8990000 1.37404
9000000 1.37371
9010000 1.37301
9020000 1.37221
9030000 1.37164
9040000 1.37082
9050000 1.36992
9060000 1.36885
9070000 1.36836
9080000 1.36731
9090000 1.36662
9100000 1.36641
9110000 1.36571
9120000 1.36423
9130000 1.36322
9140000 1.36248
9150000 1.36171
9160000 1.36129
9170000 1.36062
9180000 1.36017
9190000 1.3593
9200000 1.35888
9210000 1.35838
9220000 1.358
9230000 1.3574
9240000 1.35696
9250000 1.35667
9260000 1.35571
9270000 1.35482
9280000 1.35389
9290000 1.35296
9300000 1.3524
9310000 1.35126
9320000 1.35067
9330000 1.34983
9340000 1.34945
9350000 1.34881
9360000 1.34793
9370000 1.34733
9380000 1.34663
9390000 1.34608
9400000 1.34556
9410000 1.34466
9420000 1.34439
9430000 1.34335
9440000 1.34277
9450000 1.34253
9460000 1.34164
9470000 1.34083
9480000 1.34019
9490000 1.33975
9500000 1.339
9510000 1.33844
9520000 1.33793
9530000 1.33725
9540000 1.33669
9550000 1.33605
9560000 1.33533
9570000 1.33505
9580000 1.33443
9590000 1.33388
9600000 1.33319
9610000 1.33215
9620000 1.3316
9630000 1.33108
9640000 1.33054
9650000 1.32994
9660000 1.32896
9670000 1.32862
9680000 1.32849
9690000 1.32738
9700000 1.32713
9710000 1.32665
9720000 1.32583
9730000 1.3252
9740000 1.32461
9750000 1.3241
9760000 1.32344
9770000 1.32325
9780000 1.32277
9790000 1.32218
9800000 1.32173
9810000 1.32141
9820000 1.3208
9830000 1.32052
9840000 1.31961
9850000 1.3188
9860000 1.31822
9870000 1.31794
9880000 1.31779
9890000 1.31712
9900000 1.3164
9910000 1.3157
9920000 1.31523
9930000 1.31414
9940000 1.31345
9950000 1.31268
9960000 1.3118
9970000 1.31136
9980000 1.31069
9990000 1.31013
10000000 1.3096
10010000 1.3095
10020000 1.30867
10030000 1.30815
10040000 1.30738
10050000 1.30695
10060000 1.30655
10070000 1.30617
10080000 1.30535
10090000 1.30511
10100000 1.30459
10110000 1.30416
10120000 1.30364
10130000 1.30304
10140000 1.30295
10150000 1.30226
10160000 1.30119
10170000 1.30049
10180000 1.29996
10190000 1.29923
10200000 1.2995
10210000 1.29897
10220000 1.29863
10230000 1.29806
10240000 1.29773
10250000 1.29711
10260000 1.29631
10270000 1.29615
10280000 1.29509
10290000 1.29482
10300000 1.29429
10310000 1.29385
10320000 1.29357
10330000 1.29263
10340000 1.29161
10350000 1.29113
10360000 1.29021
10370000 1.28965
10380000 1.28888
10390000 1.28825
10400000 1.28782
10410000 1.28753
10420000 1.28705
10430000 1.28682
10440000 1.28652
10450000 1.28613
10460000 1.28609
10470000 1.28566
10480000 1.28529
10490000 1.2844
10500000 1.28389
10510000 1.28332
10520000 1.28264
10530000 1.28211
10540000 1.28127
10550000 1.2808
10560000 1.27999
10570000 1.27979
10580000 1.27915
10590000 1.27866
10600000 1.27817
10610000 1.27753
10620000 1.27688
10630000 1.27643
10640000 1.27582
10650000 1.27522
10660000 1.27484
10670000 1.27413
10680000 1.2733
10690000 1.27285
10700000 1.27267
10710000 1.27182
10720000 1.27138
10730000 1.27079
10740000 1.2701
10750000 1.26927
10760000 1.26856
10770000 1.26801
10780000 1.26756
10790000 1.26672
10800000 1.26622
10810000 1.26567
10820000 1.2653
10830000 1.26508
10840000 1.26474
10850000 1.26439
10860000 1.26387
10870000 1.26315
10880000 1.26252
10890000 1.26226
10900000 1.26182
10910000 1.26113
10920000 1.26081
10930000 1.26054
10940000 1.26034
10950000 1.25991
10960000 1.25915
10970000 1.25851
10980000 1.25823
10990000 1.25774
11000000 1.257
11010000 1.25633
11020000 1.25549
11030000 1.25515
11040000 1.25455
11050000 1.25406
11060000 1.25332
11070000 1.25289
11080000 1.25219
11090000 1.25201
11100000 1.25186
11110000 1.25156
11120000 1.25076
11130000 1.25003
11140000 1.24937
11150000 1.24902
11160000 1.24842
11170000 1.248
11180000 1.24714
11190000 1.24695
11200000 1.24646
11210000 1.24626
11220000 1.24572
11230000 1.24534
11240000 1.24501
11250000 1.24405
11260000 1.24395
11270000 1.2433
11280000 1.24281
11290000 1.24223
11300000 1.24169
11310000 1.24124
11320000 1.24095
11330000 1.23986
11340000 1.23989
11350000 1.2393
11360000 1.2391
11370000 1.23875
11380000 1.23871
11390000 1.23865
11400000 1.23786
11410000 1.23709
11420000 1.23651
11430000 1.23648
11440000 1.23599
11450000 1.2356
11460000 1.23506
11470000 1.23486
11480000 1.23477
11490000 1.23434
11500000 1.23429
11510000 1.23391
11520000 1.23358
11530000 1.2331
11540000 1.23362
11550000 1.23255
11560000 1.23138
11570000 1.23058
11580000 1.22998
11590000 1.22984
11600000 1.2294
11610000 1.22921
11620000 1.22907
11630000 1.22859
11640000 1.22788
11650000 1.22736
11660000 1.22717
11670000 1.2266
11680000 1.22603
11690000 1.22559
11700000 1.22495
11710000 1.22454
11720000 1.22395
11730000 1.22337
11740000 1.22284
11750000 1.22267
11760000 1.22264
11770000 1.2222
11780000 1.22167
11790000 1.22118
11800000 1.22086
11810000 1.22033
11820000 1.22012
11830000 1.21966
11840000 1.21926
11850000 1.21939
11860000 1.21906
11870000 1.21882
11880000 1.21873
11890000 1.21827
11900000 1.21807
11910000 1.21803
11920000 1.21758
11930000 1.21697
11940000 1.21684
11950000 1.21611
11960000 1.21604
11970000 1.21576
11980000 1.21505
11990000 1.21422
12000000 1.21409
12010000 1.21372
12020000 1.21336
12030000 1.21312
12040000 1.21191
12050000 1.21176
12060000 1.21148
12070000 1.21115
12080000 1.21078
12090000 1.21072
12100000 1.21028
12110000 1.21022
12120000 1.20959
12130000 1.20894
12140000 1.20853
12150000 1.20785
12160000 1.20735
12170000 1.207
12180000 1.20686
12190000 1.20651
12200000 1.20592
12210000 1.20561
12220000 1.20488
12230000 1.20419
12240000 1.2037
12250000 1.20326
12260000 1.20282
12270000 1.20237
12280000 1.20213
12290000 1.20196
12300000 1.20174
12310000 1.20166
12320000 1.20153
12330000 1.20143
12340000 1.20116
12350000 1.20105
12360000 1.2009
12370000 1.20059
12380000 1.20026
12390000 1.19982
12400000 1.19931
12410000 1.19914
12420000 1.19821
12430000 1.19764
12440000 1.19751
12450000 1.19716
12460000 1.19705
12470000 1.19669
12480000 1.19627
12490000 1.19583
12500000 1.19541
12510000 1.19517
12520000 1.19512
12530000 1.19477
12540000 1.19423
12550000 1.19389
12560000 1.19369
12570000 1.19358
12580000 1.19343
12590000 1.1932
12600000 1.19276
12610000 1.19263
12620000 1.19247
12630000 1.1922
12640000 1.1914
12650000 1.19123
12660000 1.1907
12670000 1.19017
12680000 1.18938
12690000 1.18878
12700000 1.18862
12710000 1.18846
12720000 1.18717
12730000 1.18622
12740000 1.18612
12750000 1.18602
12760000 1.18589
12770000 1.18537
12780000 1.18517
12790000 1.1847
12800000 1.18402
12810000 1.18373
12820000 1.1832
12830000 1.18298
12840000 1.18266
12850000 1.18257
12860000 1.18207
12870000 1.18173
12880000 1.18151
12890000 1.18137
12900000 1.18062
12910000 1.18037
12920000 1.17988
12930000 1.17934
12940000 1.17927
12950000 1.17881
12960000 1.17867
12970000 1.17843
12980000 1.17835
12990000 1.17763
13000000 1.17748
13010000 1.17742
13020000 1.17697
13030000 1.17626
13040000 1.17558
13050000 1.1757
13060000 1.17541
13070000 1.17516
13080000 1.17479
13090000 1.17441
13100000 1.17336
13110000 1.1728
13120000 1.17246
13130000 1.17253
13140000 1.17227
13150000 1.17237
13160000 1.17189
13170000 1.17179
13180000 1.1712
13190000 1.1711
13200000 1.17109
13210000 1.17124
13220000 1.17054
13230000 1.16999
13240000 1.17013
13250000 1.17012
13260000 1.1698
13270000 1.16986
13280000 1.16934
13290000 1.16931
13300000 1.16885
13310000 1.1684
13320000 1.16825
13330000 1.16813
13340000 1.16783
13350000 1.16788
13360000 1.16802
13370000 1.16755
13380000 1.16734
13390000 1.16743
13400000 1.16757
13410000 1.16705
13420000 1.16688
13430000 1.16621
13440000 1.16591
13450000 1.16563
13460000 1.16505
13470000 1.16481
13480000 1.16468
13490000 1.16394
13500000 1.16372
13510000 1.16296
13520000 1.1629
13530000 1.16293
13540000 1.16274
13550000 1.16262
13560000 1.16206
13570000 1.16141
13580000 1.16143
13590000 1.16103
13600000 1.16104
13610000 1.1608
13620000 1.16058
13630000 1.16051
13640000 1.16008
13650000 1.15941
13660000 1.15929
13670000 1.1594
13680000 1.15931
13690000 1.1591
13700000 1.15876
13710000 1.15852
13720000 1.15791
13730000 1.15741
13740000 1.15725
13750000 1.15679
13760000 1.15665
13770000 1.15604
13780000 1.15614
13790000 1.15568
13800000 1.15544
13810000 1.1553
13820000 1.15491
13830000 1.15424
13840000 1.15389
13850000 1.15331
13860000 1.15297
13870000 1.15238
13880000 1.15208
13890000 1.15184
13900000 1.15173
13910000 1.15171
13920000 1.15156
13930000 1.15107
13940000 1.15096
13950000 1.15104
13960000 1.15094
13970000 1.15112
13980000 1.15066
13990000 1.15041
14000000 1.15048
14010000 1.15041
14020000 1.15001
14030000 1.1498
14040000 1.15011
14050000 1.15009
14060000 1.14982
14070000 1.14922
14080000 1.14881
14090000 1.14862
14100000 1.14822
14110000 1.14789
14120000 1.14774
14130000 1.14767
14140000 1.14727
14150000 1.14741
14160000 1.14731
14170000 1.14705
14180000 1.14694
14190000 1.1467
14200000 1.14597
14210000 1.14578
14220000 1.14592
14230000 1.1458
14240000 1.14586
14250000 1.14538
14260000 1.1446
14270000 1.14402
14280000 1.14346
14290000 1.14344
14300000 1.14362
14310000 1.14362
14320000 1.14281
14330000 1.14256
14340000 1.14217
14350000 1.14197
14360000 1.14178
14370000 1.14134
14380000 1.1406
14390000 1.14015
14400000 1.14019
14410000 1.14037
14420000 1.14022
14430000 1.14021
14440000 1.13995
14450000 1.13986
14460000 1.13984
14470000 1.13985
14480000 1.13993
14490000 1.13989
14500000 1.13924
14510000 1.13956
14520000 1.13945
14530000 1.13887
14540000 1.13893
14550000 1.1387
14560000 1.13828
14570000 1.13822
14580000 1.13806
14590000 1.13791
14600000 1.13767
14610000 1.13734
14620000 1.13696
14630000 1.13677
14640000 1.13656
14650000 1.13612
14660000 1.13624
14670000 1.1362
14680000 1.13611
14690000 1.13619
14700000 1.13639
14710000 1.13604
14720000 1.13527
14730000 1.13502
14740000 1.13484
14750000 1.13483
14760000 1.13452
14770000 1.13435
14780000 1.13444
14790000 1.13424
14800000 1.13386
14810000 1.13351
14820000 1.13364
14830000 1.13312
14840000 1.13305
14850000 1.13335
14860000 1.13301
14870000 1.13279
14880000 1.13248
14890000 1.13196
14900000 1.13136
14910000 1.13144
14920000 1.13137
14930000 1.13142
14940000 1.13113
14950000 1.1314
14960000 1.13147
14970000 1.13109
14980000 1.13095
14990000 1.13086
15000000 1.1305
15010000 1.13011
15020000 1.1298
15030000 1.1294
15040000 1.12986
15050000 1.12991
15060000 1.12938
15070000 1.12923
15080000 1.12901
15090000 1.12873
15100000 1.1282
15110000 1.12818
15120000 1.12814
15130000 1.12777
15140000 1.12774
15150000 1.12738
15160000 1.12683
15170000 1.12669
15180000 1.12668
15190000 1.12585
15200000 1.12567
15210000 1.12557
15220000 1.12523
15230000 1.12497
15240000 1.12497
15250000 1.12483
15260000 1.12485
15270000 1.12483
15280000 1.12483
15290000 1.12491
15300000 1.12485
15310000 1.12475
15320000 1.12492
15330000 1.12452
15340000 1.12448
15350000 1.1241
15360000 1.12425
15370000 1.12445
15380000 1.12414
15390000 1.12428
15400000 1.12416
15410000 1.12336
15420000 1.12331
15430000 1.12296
15440000 1.1234
15450000 1.12326
15460000 1.12337
15470000 1.12289
15480000 1.12283
15490000 1.1227
15500000 1.12241
15510000 1.12233
15520000 1.12248
15530000 1.1222
15540000 1.12181
15550000 1.12158
15560000 1.12143
15570000 1.12145
15580000 1.12146
15590000 1.12102
15600000 1.12207
15610000 1.1217
15620000 1.12109
15630000 1.12101
15640000 1.12098
15650000 1.12066
15660000 1.12067
15670000 1.12009
15680000 1.11958
15690000 1.11913
15700000 1.11932
15710000 1.11864
15720000 1.11833
15730000 1.1184
15740000 1.11786
15750000 1.11742
15760000 1.11754
15770000 1.11673
15780000 1.11624
15790000 1.11627
15800000 1.1162
15810000 1.11571
15820000 1.11555
15830000 1.11544
15840000 1.11536
15850000 1.11531
15860000 1.11503
15870000 1.11486
15880000 1.11446
15890000 1.11431
15900000 1.11437
15910000 1.11391
15920000 1.11296
15930000 1.11274
15940000 1.11276
15950000 1.11245
15960000 1.11237
15970000 1.11179
15980000 1.11157
15990000 1.11113
16000000 1.11082
16010000 1.1104
16020000 1.11018
16030000 1.11
16040000 1.10988
16050000 1.10953
16060000 1.10919
16070000 1.10969
16080000 1.10935
16090000 1.1092
16100000 1.10846
16110000 1.108
16120000 1.10769
16130000 1.10727
16140000 1.10715
16150000 1.10698
16160000 1.10716
16170000 1.10739
16180000 1.10709
16190000 1.10643
16200000 1.1063
16210000 1.10591
16220000 1.10566
16230000 1.10595
16240000 1.10526
16250000 1.10534
16260000 1.10479
16270000 1.10435
16280000 1.1037
16290000 1.1034
16300000 1.10293
16310000 1.10245
16320000 1.10219
16330000 1.10217
16340000 1.10183
16350000 1.10179
16360000 1.10188
16370000 1.10171
16380000 1.10161
16390000 1.10101
16400000 1.10074
16410000 1.10068
16420000 1.10069
16430000 1.10018
16440000 1.10081
16450000 1.10032
16460000 1.09977
16470000 1.09905
16480000 1.09884
16490000 1.0988
16500000 1.09886
16510000 1.09892
16520000 1.0987
16530000 1.09866
16540000 1.09828
16550000 1.09877
16560000 1.09816
16570000 1.09811
16580000 1.09812
16590000 1.09785
16600000 1.09739
16610000 1.09683
16620000 1.09667
16630000 1.09674
16640000 1.09663
16650000 1.09637
16660000 1.09607
16670000 1.09594
16680000 1.09527
16690000 1.09484
16700000 1.0948
16710000 1.09498
16720000 1.09467
16730000 1.0949
16740000 1.09539
16750000 1.09498
16760000 1.09471
16770000 1.09476
16780000 1.09418
16790000 1.09387
16800000 1.09377
16810000 1.09357
16820000 1.09355
16830000 1.09327
16840000 1.09318
16850000 1.0938
16860000 1.09378
16870000 1.09339
16880000 1.09294
16890000 1.09308
16900000 1.09332
16910000 1.09317
16920000 1.0929
16930000 1.0931
16940000 1.09311
16950000 1.09264
16960000 1.09196
16970000 1.09183
16980000 1.09216
16990000 1.09199
17000000 1.0916
17010000 1.09161
17020000 1.09167
17030000 1.09135
17040000 1.09102
17050000 1.09104
17060000 1.09099
17070000 1.09046
17080000 1.0906
17090000 1.09042
17100000 1.09025
17110000 1.09021
17120000 1.09037
17130000 1.08995
17140000 1.09005
17150000 1.09032
17160000 1.09018
17170000 1.08921
17180000 1.08856
17190000 1.08862
17200000 1.08848
17210000 1.08839
17220000 1.08851
17230000 1.08864
17240000 1.08864
17250000 1.08891
17260000 1.08901
17270000 1.08931
17280000 1.08935
17290000 1.08962
17300000 1.08964
17310000 1.08956
17320000 1.08949
17330000 1.08924
17340000 1.08813
17350000 1.08815
17360000 1.0878
17370000 1.08762
17380000 1.0874
17390000 1.08731
17400000 1.08724
17410000 1.08701
17420000 1.08712
17430000 1.08681
17440000 1.08663
17450000 1.08602
17460000 1.08575
17470000 1.08575
17480000 1.08568
17490000 1.08552
17500000 1.08549
17510000 1.08564
17520000 1.08567
17530000 1.08591
17540000 1.08531
17550000 1.08495
17560000 1.08465
17570000 1.08485
17580000 1.08483
17590000 1.08459
17600000 1.08477
17610000 1.08466
17620000 1.08431
17630000 1.08408
17640000 1.08435
17650000 1.08438
17660000 1.08407
17670000 1.08392
17680000 1.08386
17690000 1.08387
17700000 1.08372
17710000 1.08353
17720000 1.08337
17730000 1.08344
17740000 1.08324
17750000 1.08326
17760000 1.08254
17770000 1.08233
17780000 1.08216
17790000 1.08213
17800000 1.08159
17810000 1.08133
17820000 1.08119
17830000 1.0815
17840000 1.08155
17850000 1.08136
17860000 1.08145
17870000 1.08151
17880000 1.08123
17890000 1.08085
17900000 1.08087
17910000 1.08071
17920000 1.08075
17930000 1.08078
17940000 1.08048
17950000 1.08015
17960000 1.08043
17970000 1.08009
17980000 1.08036
17990000 1.0798
18000000 1.07966
18010000 1.07929
18020000 1.07947
18030000 1.07933
18040000 1.07939
18050000 1.07914
18060000 1.07924
18070000 1.07936
18080000 1.07887
18090000 1.0789
18100000 1.07889
18110000 1.07897
18120000 1.0791
18130000 1.07901
18140000 1.07915
18150000 1.07898
18160000 1.07872
18170000 1.07834
18180000 1.0783
18190000 1.07794
18200000 1.07819
18210000 1.07845
18220000 1.07784
18230000 1.07779
18240000 1.07763
18250000 1.07753
18260000 1.07761
18270000 1.07744
18280000 1.07748
18290000 1.07714
18300000 1.07731
18310000 1.07759
18320000 1.07713
18330000 1.07709
18340000 1.0772
18350000 1.07722
18360000 1.07671
18370000 1.07664
18380000 1.07645
18390000 1.07602
18400000 1.07591
18410000 1.07576
18420000 1.07581
18430000 1.07553
18440000 1.07558
18450000 1.07543
18460000 1.07524
18470000 1.07509
18480000 1.07545
18490000 1.07485
18500000 1.07507
18510000 1.07478
18520000 1.07479
18530000 1.07484
18540000 1.07453
18550000 1.07436
18560000 1.07415
18570000 1.074
18580000 1.07534
18590000 1.075
18600000 1.07438
18610000 1.07441
18620000 1.07438
18630000 1.07426
18640000 1.07413
18650000 1.07373
18660000 1.07334
18670000 1.07316
18680000 1.07286
18690000 1.07249
18700000 1.07228
18710000 1.07192
18720000 1.07183
18730000 1.07229
18740000 1.07181
18750000 1.0721
18760000 1.07216
18770000 1.0714
18780000 1.07156
18790000 1.07149
18800000 1.07103
18810000 1.07106
18820000 1.07096
18830000 1.07145
18840000 1.0712
18850000 1.07142
18860000 1.07139
18870000 1.07115
18880000 1.07103
18890000 1.07086
18900000 1.07084
18910000 1.07058
18920000 1.0704
18930000 1.0701
18940000 1.06992
18950000 1.06966
18960000 1.06973
18970000 1.06929
18980000 1.06968
18990000 1.06945
19000000 1.06957
19010000 1.06977
19020000 1.06974
19030000 1.06982
19040000 1.07005
19050000 1.06973
19060000 1.06959
19070000 1.07008
19080000 1.07015
19090000 1.06973
19100000 1.06993
19110000 1.07005
19120000 1.06965
19130000 1.06972
19140000 1.06926
19150000 1.0698
19160000 1.07014
19170000 1.06999
19180000 1.0697
19190000 1.06958
19200000 1.06928
19210000 1.06924
19220000 1.06915
19230000 1.06867
19240000 1.06842
19250000 1.06849
19260000 1.06871
19270000 1.06828
19280000 1.06786
19290000 1.06833
19300000 1.06813
19310000 1.06771
19320000 1.0678
19330000 1.06791
19340000 1.06791
19350000 1.0682
19360000 1.06779
19370000 1.06774
19380000 1.06715
19390000 1.06697
19400000 1.06731
19410000 1.06734
19420000 1.06734
19430000 1.06727
19440000 1.06678
19450000 1.06727
19460000 1.06776
19470000 1.06689
19480000 1.06673
19490000 1.06646
19500000 1.06561
19510000 1.06519
19520000 1.06516
19530000 1.06496
19540000 1.06477
19550000 1.0647
19560000 1.06461
19570000 1.06475
19580000 1.06426
19590000 1.06458
19600000 1.06417
19610000 1.06417
19620000 1.06419
19630000 1.06442
19640000 1.06443
19650000 1.0648
19660000 1.06431
19670000 1.06432
19680000 1.06442
19690000 1.06458
19700000 1.06408
19710000 1.06396
19720000 1.06394
19730000 1.06367
19740000 1.06414
19750000 1.06408
19760000 1.0638
19770000 1.06388
19780000 1.064
19790000 1.06368
19800000 1.0639
19810000 1.0639
19820000 1.06403
19830000 1.06386
19840000 1.06362
19850000 1.06393
19860000 1.06338
19870000 1.06293
19880000 1.06313
19890000 1.06306
19900000 1.06293
19910000 1.0625
19920000 1.06216
19930000 1.06237
19940000 1.06209
19950000 1.06221
19960000 1.06223
19970000 1.0623
19980000 1.06185
19990000 1.06165
20000000 1.06192
20010000 1.06206
20020000 1.06216
20030000 1.06165
20040000 1.06169
20050000 1.06156
20060000 1.06154
20070000 1.06188
20080000 1.06175
20090000 1.06214
20100000 1.06173
20110000 1.06147
20120000 1.06164
20130000 1.0618
20140000 1.06178
20150000 1.06138
20160000 1.0613
20170000 1.06122
20180000 1.06106
20190000 1.06057
20200000 1.06031
20210000 1.06006
20220000 1.06004
20230000 1.0602
20240000 1.05993
20250000 1.05958
20260000 1.05948
20270000 1.05955
20280000 1.05987
20290000 1.06016
20300000 1.05977
20310000 1.05959
20320000 1.05959
20330000 1.05918
20340000 1.05938
20350000 1.05932
20360000 1.05906
20370000 1.05879
20380000 1.05859
20390000 1.05842
20400000 1.05826
20410000 1.0583
20420000 1.05834
20430000 1.05832
20440000 1.05795
20450000 1.05806
20460000 1.05797
20470000 1.05774
20480000 1.05756
20490000 1.05746
20500000 1.05753
20510000 1.05735
20520000 1.05736
20530000 1.05715
20540000 1.05712
20550000 1.05663
20560000 1.05657
20570000 1.05657
20580000 1.05627
20590000 1.05568
20600000 1.05585
20610000 1.05574
20620000 1.05558
20630000 1.05546
20640000 1.05575
20650000 1.05627
20660000 1.05617
20670000 1.05616
20680000 1.05606
20690000 1.05623
20700000 1.05577
20710000 1.05566
20720000 1.05589
20730000 1.05575
20740000 1.05593
20750000 1.05553
20760000 1.0555
20770000 1.05567
20780000 1.05558
20790000 1.05536
20800000 1.0552
20810000 1.05505
20820000 1.05494
20830000 1.05484
20840000 1.05508
20850000 1.05487
20860000 1.05463
20870000 1.05429
20880000 1.05448
20890000 1.05433
20900000 1.05477
20910000 1.05506
20920000 1.05505
20930000 1.05481
20940000 1.05504
20950000 1.05506
20960000 1.05465
20970000 1.05442
20980000 1.05428
20990000 1.05419
21000000 1.05396
21010000 1.05397
21020000 1.05358
21030000 1.05346
21040000 1.05387
21050000 1.05349
21060000 1.05343
21070000 1.0533
21080000 1.05302
21090000 1.05245
21100000 1.05225
21110000 1.05224
21120000 1.05228
21130000 1.0522
21140000 1.05199
21150000 1.05228
21160000 1.05243
21170000 1.0526
21180000 1.05253
21190000 1.05276
21200000 1.05276
21210000 1.05305
21220000 1.05321
21230000 1.05297
21240000 1.05297
21250000 1.05251
21260000 1.05244
21270000 1.05212
21280000 1.05183
21290000 1.05179
21300000 1.05144
21310000 1.05122
21320000 1.05482
21330000 1.0543
21340000 1.0538
21350000 1.05246
21360000 1.05165
21370000 1.05147
21380000 1.05135
21390000 1.05106
21400000 1.0507
21410000 1.05058
21420000 1.05059
21430000 1.05056
21440000 1.05028
21450000 1.05032
21460000 1.05035
21470000 1.05031
21480000 1.04995
21490000 1.05028
21500000 1.05
21510000 1.05023
21520000 1.0503
21530000 1.0501
21540000 1.05004
21550000 1.05021
21560000 1.05024
21570000 1.04994
21580000 1.04975
21590000 1.0495
21600000 1.0493
21610000 1.04919
21620000 1.04877
21630000 1.04868
21640000 1.04893
21650000 1.04895
21660000 1.049
21670000 1.04888
21680000 1.04902
21690000 1.04844
21700000 1.04828
21710000 1.04838
21720000 1.04848
21730000 1.04833
21740000 1.04835
21750000 1.04794
21760000 1.04812
21770000 1.04811
21780000 1.04779
21790000 1.04784
21800000 1.04802
21810000 1.04786
21820000 1.04801
21830000 1.04814
21840000 1.04785
21850000 1.0474
21860000 1.04733
21870000 1.04719
21880000 1.04727
21890000 1.04743
21900000 1.04721
21910000 1.04741
21920000 1.04689
21930000 1.0466
21940000 1.04657
21950000 1.04654
21960000 1.0464
21970000 1.04636
21980000 1.04599
21990000 1.0459
22000000 1.04573
22010000 1.0458
22020000 1.04617
22030000 1.04588
22040000 1.04605
22050000 1.04623
22060000 1.0464
22070000 1.04667
22080000 1.04696
22090000 1.04665
22100000 1.04676
22110000 1.04657
22120000 1.04661
22130000 1.04647
22140000 1.04605
22150000 1.04576
22160000 1.04547
22170000 1.04516
22180000 1.04518
22190000 1.04518
22200000 1.04526
22210000 1.0452
22220000 1.04522
22230000 1.04517
22240000 1.04527
22250000 1.04582
22260000 1.04572
22270000 1.04551
22280000 1.04527
22290000 1.0453
22300000 1.0453
22310000 1.04538
22320000 1.04567
22330000 1.04562
22340000 1.0456
22350000 1.04559
22360000 1.04529
22370000 1.04569
22380000 1.04574
22390000 1.04577
22400000 1.04629
22410000 1.0461
22420000 1.04579
22430000 1.04538
22440000 1.04549
22450000 1.04494
22460000 1.045
22470000 1.04574
22480000 1.04552
22490000 1.04529
22500000 1.04533
22510000 1.04493
22520000 1.04479
22530000 1.04386
22540000 1.04391
22550000 1.04394
22560000 1.04447
22570000 1.04467
22580000 1.04451
22590000 1.04463
22600000 1.04432
22610000 1.04435
22620000 1.04432
22630000 1.04454
22640000 1.04609
22650000 1.04578
22660000 1.04537
22670000 1.04538
22680000 1.04488
22690000 1.04523
22700000 1.04492
22710000 1.04505
22720000 1.04443
22730000 1.04407
22740000 1.04383
22750000 1.04406
22760000 1.0442
22770000 1.04383
22780000 1.04418
22790000 1.0445
22800000 1.0441
22810000 1.04403
22820000 1.04458
22830000 1.04402
22840000 1.0438
22850000 1.04394
22860000 1.04395
22870000 1.0441
22880000 1.04422
22890000 1.04447
22900000 1.04394
22910000 1.04398
22920000 1.0443
22930000 1.04433
22940000 1.04449
22950000 1.04451
22960000 1.04428
22970000 1.04415
22980000 1.04403
22990000 1.04414
23000000 1.04393
23010000 1.04343
23020000 1.04382
23030000 1.04343
23040000 1.04364
23050000 1.04366
23060000 1.04372
23070000 1.04381
23080000 1.04358
23090000 1.04342
23100000 1.0434
23110000 1.04374
23120000 1.04374
23130000 1.04369
23140000 1.04385
23150000 1.04344
23160000 1.0433
23170000 1.0434
23180000 1.04337
23190000 1.04302
23200000 1.04284
23210000 1.04291
23220000 1.04282
23230000 1.0427
23240000 1.04257
23250000 1.04243
23260000 1.04267
23270000 1.04256
23280000 1.0424
23290000 1.04273
23300000 1.04267
23310000 1.04287
23320000 1.04338
23330000 1.04315
23340000 1.04349
23350000 1.04369
23360000 1.04342
23370000 1.04327
23380000 1.04293
23390000 1.04291
23400000 1.04328
23410000 1.04329
23420000 1.0434
23430000 1.04314
23440000 1.04318
23450000 1.04302
23460000 1.04261
23470000 1.04237
23480000 1.0423
23490000 1.04209
23500000 1.04239
23510000 1.04231
23520000 1.04206
23530000 1.04234
23540000 1.04256
23550000 1.0426
23560000 1.04286
23570000 1.04286
23580000 1.04287
23590000 1.04259
23600000 1.04293
23610000 1.04258
23620000 1.04256
23630000 1.04235
23640000 1.04238
23650000 1.04227
23660000 1.04213
23670000 1.04214
23680000 1.04222
23690000 1.04253
23700000 1.04308
23710000 1.04315
23720000 1.04315
23730000 1.04349
23740000 1.04323
23750000 1.04313
23760000 1.04342
23770000 1.04302
23780000 1.04289
23790000 1.04285
23800000 1.04242
23810000 1.04165
23820000 1.04212
23830000 1.04214
23840000 1.04237
23850000 1.04225
23860000 1.04174
23870000 1.04179
23880000 1.04168
23890000 1.04163
23900000 1.04165
23910000 1.0416
23920000 1.04145
23930000 1.04135
23940000 1.04125
23950000 1.04123
23960000 1.04122
23970000 1.04117
23980000 1.04178
23990000 1.0411
24000000 1.04117
24010000 1.04092
24020000 1.04122
24030000 1.04135
24040000 1.04166
24050000 1.04138
24060000 1.04118
24070000 1.04086
24080000 1.04079
24090000 1.0409
24100000 1.04092
24110000 1.04069
24120000 1.04087
24130000 1.04075
24140000 1.04065
24150000 1.0406
24160000 1.0409
24170000 1.04117
24180000 1.0408
24190000 1.04027
24200000 1.04065
24210000 1.04106
24220000 1.0413
24230000 1.04133
24240000 1.04114
24250000 1.04123
24260000 1.04132
24270000 1.04135
24280000 1.04163
24290000 1.04139
24300000 1.04123
24310000 1.04076
24320000 1.04125
24330000 1.04119
24340000 1.04101
24350000 1.04073
24360000 1.04075
24370000 1.04024
24380000 1.04089
24390000 1.04047
24400000 1.04064
24410000 1.04065
24420000 1.04055
24430000 1.0407
24440000 1.04025
24450000 1.04049
24460000 1.04003
24470000 1.03989
24480000 1.0401
24490000 1.041
24500000 1.04096
24510000 1.04099
24520000 1.04023
24530000 1.04022
24540000 1.03964
24550000 1.03981
24560000 1.03989
24570000 1.04026
24580000 1.04023
24590000 1.03996
24600000 1.03968
24610000 1.03989
24620000 1.0396
24630000 1.03949
24640000 1.0395
24650000 1.03941
24660000 1.03919
24670000 1.03881
24680000 1.03906
24690000 1.03896
24700000 1.03907
24710000 1.03894
24720000 1.03838
24730000 1.03846
24740000 1.03833
24750000 1.03888
24760000 1.03863
24770000 1.03906
24780000 1.03996
24790000 1.0392
24800000 1.03912
24810000 1.03944
24820000 1.03927
24830000 1.03946
24840000 1.03934
24850000 1.03916
24860000 1.03912
24870000 1.03908
24880000 1.03857
24890000 1.03862
24900000 1.03854
24910000 1.03876
24920000 1.03949
24930000 1.03928
24940000 1.0388
24950000 1.03904
24960000 1.03908
24970000 1.03844
24980000 1.03826
24990000 1.03809
25000000 1.03776
25010000 1.03801
25020000 1.03821
25030000 1.03843
25040000 1.03807
25050000 1.03792
25060000 1.03801
25070000 1.0384
25080000 1.03847
25090000 1.03837
25100000 1.03821
25110000 1.03797
25120000 1.03751
25130000 1.038
25140000 1.03812
25150000 1.03802
25160000 1.03803
25170000 1.03774
25180000 1.03823
25190000 1.03801
25200000 1.0381
25210000 1.03807
25220000 1.0378
25230000 1.03737
25240000 1.0373
25250000 1.03769
25260000 1.03776
25270000 1.03765
25280000 1.03768
25290000 1.03822
25300000 1.0382
25310000 1.03783
25320000 1.03757
25330000 1.03745
25340000 1.03754
25350000 1.03759
25360000 1.03792
25370000 1.03803
25380000 1.03783
25390000 1.03771
25400000 1.03784
25410000 1.03771
25420000 1.03769
25430000 1.03736
25440000 1.03734
25450000 1.03719
25460000 1.03701
25470000 1.03684
25480000 1.03691
25490000 1.03698
25500000 1.0367
25510000 1.0375
25520000 1.03708
25530000 1.03717
25540000 1.03743
25550000 1.03704
25560000 1.03721
25570000 1.03728
25580000 1.03754
25590000 1.0375
25600000 1.03726
25610000 1.03689
25620000 1.03673
25630000 1.03724
25640000 1.03673
25650000 1.03643
25660000 1.0367
25670000 1.03671
25680000 1.03657
25690000 1.03619
25700000 1.03585
25710000 1.03586
25720000 1.03562
25730000 1.03612
25740000 1.0358
25750000 1.0356
25760000 1.03563
25770000 1.03569
25780000 1.03607
25790000 1.03623
25800000 1.03638
25810000 1.03631
25820000 1.03624
25830000 1.03628
25840000 1.03606
25850000 1.03615
25860000 1.03601
25870000 1.03588
25880000 1.03572
25890000 1.03559
25900000 1.03572
25910000 1.0358
25920000 1.03589
25930000 1.0358
25940000 1.03595
25950000 1.03614
25960000 1.03615
25970000 1.03617
25980000 1.03571
25990000 1.03573
26000000 1.03566
26010000 1.03584
26020000 1.03584
26030000 1.03548
26040000 1.03559
26050000 1.0356
26060000 1.03562
26070000 1.03625
26080000 1.03631
26090000 1.03637
26100000 1.03648
26110000 1.03677
26120000 1.03621
26130000 1.03586
26140000 1.03582
26150000 1.03616
26160000 1.03635
26170000 1.03612
26180000 1.03565
26190000 1.03631
26200000 1.03645
26210000 1.03588
26220000 1.03571
26230000 1.03541
26240000 1.03526
26250000 1.03506
26260000 1.03516
26270000 1.03465
26280000 1.03433
26290000 1.03461
26300000 1.03424
26310000 1.03432
26320000 1.03408
26330000 1.03423
26340000 1.03422
26350000 1.03378
26360000 1.03393
26370000 1.03373
26380000 1.0335
26390000 1.03353
26400000 1.03375
26410000 1.03396
26420000 1.03405
26430000 1.03411
26440000 1.03425
26450000 1.03409
26460000 1.03393
26470000 1.03421
26480000 1.03397
26490000 1.03478
26500000 1.03409
26510000 1.03405
26520000 1.03426
26530000 1.03415
26540000 1.03456
26550000 1.03403
26560000 1.03416
26570000 1.03426
26580000 1.03504
26590000 1.03495
26600000 1.03457
26610000 1.03457
26620000 1.03391
26630000 1.03356
26640000 1.0331
26650000 1.03307
26660000 1.03271
26670000 1.03274
26680000 1.03281
26690000 1.0326
26700000 1.03254
26710000 1.03277
26720000 1.03244
26730000 1.03213
26740000 1.03253
26750000 1.03209
26760000 1.03193
26770000 1.03171
26780000 1.0315
26790000 1.03107
26800000 1.03131
26810000 1.03087
26820000 1.03097
26830000 1.03075
26840000 1.03066
26850000 1.03019
26860000 1.03084
26870000 1.03052
26880000 1.03071
26890000 1.03076
26900000 1.03046
26910000 1.03051
26920000 1.03018
26930000 1.03017
26940000 1.03
26950000 1.03014
26960000 1.02998
26970000 1.02998
26980000 1.02983
26990000 1.02986
27000000 1.02981
27010000 1.03023
27020000 1.02993
27030000 1.03024
27040000 1.0305
27050000 1.03013
27060000 1.02997
27070000 1.02974
27080000 1.03008
27090000 1.03027
27100000 1.02995
27110000 1.03042
27120000 1.0301
27130000 1.03009
27140000 1.02993
27150000 1.02949
27160000 1.02978
27170000 1.02977
27180000 1.02981
27190000 1.02966
27200000 1.02964
27210000 1.02973
27220000 1.02964
27230000 1.02945
27240000 1.02934
27250000 1.02956
27260000 1.0294
27270000 1.02931
27280000 1.02923
27290000 1.02876
27300000 1.02876
27310000 1.02882
27320000 1.02879
27330000 1.02906
27340000 1.02968
27350000 1.02967
27360000 1.02908
27370000 1.02904
27380000 1.02967
27390000 1.02961
27400000 1.02949
27410000 1.03026
27420000 1.02962
27430000 1.02938
27440000 1.02913
27450000 1.02872
27460000 1.02839
27470000 1.02836
27480000 1.02844
27490000 1.02824
27500000 1.0285
27510000 1.0283
27520000 1.0283
27530000 1.02832
27540000 1.02824
27550000 1.0282
27560000 1.02808
27570000 1.0284
27580000 1.02844
27590000 1.02876
27600000 1.02857
27610000 1.02853
27620000 1.02837
27630000 1.02874
27640000 1.02881
27650000 1.0289
27660000 1.02902
27670000 1.02882
27680000 1.02887
27690000 1.02888
27700000 1.02923
27710000 1.02942
27720000 1.02905
27730000 1.02875
27740000 1.0286
27750000 1.02855
27760000 1.02829
27770000 1.02866
27780000 1.02845
27790000 1.02842
27800000 1.0285
27810000 1.02817
27820000 1.02821
27830000 1.02814
27840000 1.02821
27850000 1.02877
27860000 1.02855
27870000 1.02847
27880000 1.02852
27890000 1.02898
27900000 1.02882
27910000 1.02903
27920000 1.02903
27930000 1.02847
27940000 1.02837
27950000 1.02857
27960000 1.02834
27970000 1.02803
27980000 1.02802
27990000 1.02768
28000000 1.02763
28010000 1.02717
28020000 1.02717
28030000 1.02693
28040000 1.02691
28050000 1.02726
28060000 1.02721
28070000 1.02737
28080000 1.02799
28090000 1.02759
28100000 1.02796
28110000 1.02795
28120000 1.02779
28130000 1.0281
28140000 1.02798
28150000 1.02865
28160000 1.02849
28170000 1.02839
28180000 1.02866
28190000 1.02882
28200000 1.02905
28210000 1.02887
28220000 1.02894
28230000 1.02895
28240000 1.02851
28250000 1.02827
28260000 1.028
28270000 1.02836
28280000 1.02874
28290000 1.02848
28300000 1.02848
28310000 1.02867
28320000 1.02862
28330000 1.0287
28340000 1.02867
28350000 1.02858
28360000 1.02876
28370000 1.02913
28380000 1.02879
28390000 1.02879
28400000 1.02896
28410000 1.02923
28420000 1.02919
28430000 1.02969
28440000 1.02976
28450000 1.02982
28460000 1.02988
28470000 1.02954
28480000 1.02957
28490000 1.02939
28500000 1.02965
28510000 1.02942
28520000 1.02965
28530000 1.02919
28540000 1.02955
28550000 1.02983
28560000 1.03051
28570000 1.03061
28580000 1.03056
28590000 1.03063
28600000 1.03084
28610000 1.03072
28620000 1.03013
28630000 1.0299
28640000 1.03022
28650000 1.02996
28660000 1.02944
28670000 1.02964
28680000 1.02929
28690000 1.02928
28700000 1.02953
28710000 1.02953
28720000 1.02945
28730000 1.02916
28740000 1.02919
28750000 1.02913
28760000 1.02957
28770000 1.02966
28780000 1.02999
28790000 1.02973
28800000 1.02966
28810000 1.02993
28820000 1.02975
28830000 1.02984
28840000 1.02968
28850000 1.02943
28860000 1.02873
28870000 1.02859
28880000 1.0287
28890000 1.02838
28900000 1.0282
28910000 1.02796
28920000 1.02829
28930000 1.02833
28940000 1.0279
28950000 1.02786
28960000 1.02771
28970000 1.02765
28980000 1.0274
28990000 1.0274
29000000 1.02715
29010000 1.02707
29020000 1.02732
29030000 1.0276
29040000 1.0277
29050000 1.02777
29060000 1.02801
29070000 1.02807
29080000 1.02811
29090000 1.0279
29100000 1.02799
29110000 1.02772
29120000 1.02764
29130000 1.02774
29140000 1.02787
29150000 1.02771
29160000 1.02767
29170000 1.02746
29180000 1.02793
29190000 1.02809
29200000 1.02823
29210000 1.02825
29220000 1.02802
29230000 1.02786
29240000 1.02767
29250000 1.02772
29260000 1.02766
29270000 1.02762
29280000 1.02759
29290000 1.02775
29300000 1.02784
29310000 1.0284
29320000 1.02804
29330000 1.02807
29340000 1.02789
29350000 1.02815
29360000 1.02752
29370000 1.02777
29380000 1.0277
29390000 1.02778
29400000 1.02805
29410000 1.02797
29420000 1.02808
29430000 1.028
29440000 1.02828
29450000 1.02823
29460000 1.02848
29470000 1.02769
29480000 1.0278
29490000 1.02785
29500000 1.02797
29510000 1.02781
29520000 1.02779
29530000 1.02803
29540000 1.02844
29550000 1.02819
29560000 1.02844
29570000 1.02846
29580000 1.02858
29590000 1.02782
29600000 1.02793
29610000 1.02819
29620000 1.02786
29630000 1.02781
29640000 1.02762
29650000 1.02804
29660000 1.02822
29670000 1.02806
29680000 1.02818
29690000 1.02815
29700000 1.02762
29710000 1.02775
29720000 1.02751
29730000 1.02761
29740000 1.02745
29750000 1.0274
29760000 1.02753
29770000 1.02733
29780000 1.02761
29790000 1.0276
29800000 1.02754
29810000 1.02791
29820000 1.02765
29830000 1.02736
29840000 1.02735
29850000 1.02765
29860000 1.02814
29870000 1.02776
29880000 1.02814
29890000 1.02762
29900000 1.02747
29910000 1.02744
29920000 1.02729
29930000 1.02749
29940000 1.02754
29950000 1.02801
29960000 1.02758
29970000 1.02754
29980000 1.02764
29990000 1.02758
30000000 1.02721
