10000 17.0485
20000 12.5853
30000 10.0424
40000 8.60675
50000 7.54345
60000 6.91181
70000 6.48027
80000 6.19886
90000 5.99185
100000 5.83295
110000 5.72358
120000 5.63503
130000 5.54046
140000 5.47066
150000 5.41234
160000 5.35437
170000 5.30883
180000 5.2665
190000 5.22344
200000 5.18624
210000 5.15518
220000 5.12282
230000 5.09583
240000 5.07099
250000 5.05021
260000 5.02719
270000 5.01308
280000 4.99185
290000 4.96148
300000 4.94301
310000 4.92956
320000 4.91036
330000 4.89749
340000 4.88227
350000 4.86804
360000 4.85841
370000 4.84988
380000 4.83858
390000 4.8342
400000 4.8207
410000 4.80732
420000 4.79283
430000 4.78454
440000 4.77698
450000 4.76618
460000 4.75908
470000 4.74435
480000 4.738
490000 4.73771
500000 4.73346
510000 4.72456
520000 4.71573
530000 4.71148
540000 4.70291
550000 4.69631
560000 4.68741
570000 4.69115
580000 4.69397
590000 4.68887
600000 4.6782
610000 4.67628
620000 4.67574
630000 4.66492
640000 4.66326
650000 4.6622
660000 4.65708
670000 4.6542
680000 4.65014
690000 4.64454
700000 4.64403
710000 4.6413
720000 4.6381
730000 4.63116
740000 4.63537
750000 4.63354
760000 4.63909
770000 4.6412
780000 4.64106
790000 4.63326
800000 4.63056
810000 4.62489
820000 4.61943
830000 4.62267
840000 4.62299
850000 4.62157
860000 4.61523
870000 4.61512
880000 4.61425
890000 4.61762
900000 4.61139
910000 4.60818
920000 4.60862
930000 4.6062
940000 4.60887
950000 4.60703
960000 4.60445
970000 4.60957
980000 4.60755
990000 4.6079
1000000 4.60569
1010000 4.60316
1020000 4.60571
1030000 4.60374
1040000 4.60186
1050000 4.60327
1060000 4.60906
1070000 4.61523
1080000 4.61692
1090000 4.61551
1100000 4.61723
1110000 4.61917
1120000 4.61991
1130000 4.62221
1140000 4.62379
1150000 4.62897
1160000 4.62953
1170000 4.63232
1180000 4.63623
1190000 4.63553
1200000 4.64053
1210000 4.64037
1220000 4.64291
1230000 4.64021
1240000 4.64044
1250000 4.63492
1260000 4.63524
1270000 4.64495
1280000 4.64817
1290000 4.64724
1300000 4.64806
1310000 4.65106
1320000 4.65357
1330000 4.65168
1340000 4.65359
1350000 4.66259
1360000 4.66679
1370000 4.66676
1380000 4.66482
1390000 4.67303
1400000 4.67974
1410000 4.68165
1420000 4.68404
1430000 4.68849
1440000 4.69163
1450000 4.68965
1460000 4.68981
1470000 4.69648
1480000 4.7028
1490000 4.70906
1500000 4.70801
1510000 4.71185
1520000 4.71354
1530000 4.71402
1540000 4.71953
1550000 4.71909
1560000 4.71673
1570000 4.71956
1580000 4.72462
1590000 4.72883
1600000 4.73513
1610000 4.73289
1620000 4.74426
1630000 4.74674
1640000 4.74996
1650000 4.73861
1660000 4.74144
1670000 4.74226
1680000 4.74904
1690000 4.74879
1700000 4.74965
1710000 4.76513
1720000 4.76239
1730000 4.763
1740000 4.76927
1750000 4.77172
1760000 4.77492
1770000 4.77223
1780000 4.77817
1790000 4.78498
1800000 4.78509
1810000 4.7859
1820000 4.7887
1830000 4.78651
1840000 4.78807
1850000 4.79202
1860000 4.79461
1870000 4.79323
1880000 4.79329
1890000 4.80207
1900000 4.80146
1910000 4.80706
1920000 4.81172
1930000 4.8098
1940000 4.81243
1950000 4.81521
1960000 4.82051
1970000 4.82507
1980000 4.82188
1990000 4.82951
2000000 4.83408
2010000 4.83169
2020000 4.83373
2030000 4.8406
2040000 4.83956
2050000 4.84677
2060000 4.85507
2070000 4.85473
2080000 4.85848
2090000 4.85782
2100000 4.86113
2110000 4.86386
2120000 4.87023
2130000 4.87535
2140000 4.88172
2150000 4.88228
2160000 4.88966
2170000 4.88695
2180000 4.89114
2190000 4.89235
2200000 4.89212
2210000 4.88778
2220000 4.89103
2230000 4.89378
2240000 4.8935
2250000 4.89425
2260000 4.89664
2270000 4.89664
2280000 4.90372
2290000 4.907
2300000 4.90242
2310000 4.89262
2320000 4.89952
2330000 4.89789
2340000 4.89543
2350000 4.90371
2360000 4.9059
2370000 4.90853
2380000 4.91052
2390000 4.92225
2400000 4.92296
2410000 4.92399
2420000 4.92817
2430000 4.92592
2440000 4.93223
2450000 4.94376
2460000 4.94651
2470000 4.9452
2480000 4.95422
2490000 4.95962
2500000 4.96201
2510000 4.97256
2520000 4.97717
2530000 4.97554
2540000 4.97405
2550000 4.97569
2560000 4.97444
2570000 4.97365
2580000 4.97219
2590000 4.97892
2600000 4.97872
2610000 4.98503
2620000 4.98728
2630000 4.99438
2640000 4.9953
2650000 5.00202
2660000 5.00377
2670000 5.01
2680000 5.00822
2690000 5.01352
2700000 5.0149
2710000 5.01744
2720000 5.01836
2730000 5.02578
2740000 5.03137
2750000 5.03643
2760000 5.03818
2770000 5.03982
2780000 5.042
2790000 5.04718
2800000 5.04834
2810000 5.04623
2820000 5.05071
2830000 5.04504
2840000 5.05051
2850000 5.05131
2860000 5.05911
2870000 5.05528
2880000 5.05814
2890000 5.06507
2900000 5.06855
2910000 5.07478
2920000 5.07701
2930000 5.07469
2940000 5.07922
2950000 5.08427
2960000 5.0856
2970000 5.08954
2980000 5.08919
2990000 5.095
3000000 5.09261
3010000 5.09402
3020000 5.09398
3030000 5.09487
3040000 5.09801
3050000 5.10252
3060000 5.10818
3070000 5.11122
3080000 5.11372
3090000 5.11405
3100000 5.11669
3110000 5.123
3120000 5.11912
3130000 5.11921
3140000 5.12212
3150000 5.12689
3160000 5.12868
3170000 5.13546
3180000 5.13613
3190000 5.1358
3200000 5.13825
3210000 5.1416
3220000 5.14108
3230000 5.14755
3240000 5.14505
3250000 5.15454
3260000 5.15698
3270000 5.16022
3280000 5.16229
3290000 5.16357
3300000 5.16671
3310000 5.17112
3320000 5.1661
3330000 5.17231
3340000 5.17621
3350000 5.18182
3360000 5.18685
3370000 5.19107
3380000 5.19186
3390000 5.19578
3400000 5.21861
3410000 5.21255
3420000 5.21335
3430000 5.20964
3440000 5.21082
3450000 5.21366
3460000 5.21787
3470000 5.21659
3480000 5.21701
3490000 5.22297
3500000 5.22083
3510000 5.21853
3520000 5.21859
3530000 5.2236
3540000 5.2209
3550000 5.22472
3560000 5.23102
3570000 5.23714
3580000 5.24192
3590000 5.2437
3600000 5.2442
3610000 5.245
3620000 5.24907
3630000 5.25448
3640000 5.25466
3650000 5.25436
3660000 5.26336
3670000 5.26393
3680000 5.26576
3690000 5.26791
3700000 5.27019
3710000 5.2766
3720000 5.27922
3730000 5.28558
3740000 5.28911
3750000 5.29323
3760000 5.30052
3770000 5.30671
3780000 5.3058
3790000 5.30661
3800000 5.31279
3810000 5.31622
3820000 5.31987
3830000 5.32534
3840000 5.32518
3850000 5.32135
3860000 5.32163
3870000 5.32292
3880000 5.321
3890000 5.3291
3900000 5.33407
3910000 5.34002
3920000 5.34196
3930000 5.34874
3940000 5.35459
3950000 5.35366
3960000 5.35853
3970000 5.3618
3980000 5.36084
3990000 5.36307
4000000 5.36938
4010000 5.36845
4020000 5.37274
4030000 5.37173
4040000 5.37193
4050000 5.37
4060000 5.37332
4070000 5.37878
4080000 5.37398
4090000 5.37836
4100000 5.38273
4110000 5.38511
4120000 5.38735
4130000 5.3964
4140000 5.39362
4150000 5.39623
4160000 5.39731
4170000 5.40176
4180000 5.40794
4190000 5.41134
4200000 5.4165
4210000 5.41607
4220000 5.41859
4230000 5.42589
4240000 5.4219
4250000 5.42424
4260000 5.42451
4270000 5.43145
4280000 5.43091
4290000 5.42789
4300000 5.42525
4310000 5.42998
4320000 5.43313
4330000 5.43415
4340000 5.43666
4350000 5.44822
4360000 5.44826
4370000 5.4462
4380000 5.44424
4390000 5.4439
4400000 5.44415
4410000 5.44629
4420000 5.44615
4430000 5.44996
4440000 5.44855
4450000 5.44757
4460000 5.45362
4470000 5.46085
4480000 5.46137
4490000 5.46195
4500000 5.46457
4510000 5.46883
4520000 5.47896
4530000 5.47932
4540000 5.47831
4550000 5.4817
4560000 5.488
4570000 5.49158
4580000 5.49926
4590000 5.50079
4600000 5.50061
4610000 5.50295
4620000 5.50848
4630000 5.50528
4640000 5.50603
4650000 5.50865
4660000 5.50809
4670000 5.50849
4680000 5.51999
4690000 5.51972
4700000 5.52526
4710000 5.52588
4720000 5.52743
4730000 5.53076
4740000 5.53225
4750000 5.5353
4760000 5.53369
4770000 5.5372
4780000 5.54234
4790000 5.54308
4800000 5.54332
4810000 5.54578
4820000 5.55183
4830000 5.55864
4840000 5.56265
4850000 5.56087
4860000 5.56524
4870000 5.56778
4880000 5.57151
4890000 5.57494
4900000 5.57203
4910000 5.56612
4920000 5.57022
4930000 5.572
4940000 5.5755
4950000 5.57957
4960000 5.58684
4970000 5.58942
4980000 5.59103
4990000 5.58957
5000000 5.59456
5010000 5.59221
5020000 5.60012
5030000 5.60343
5040000 5.60223
5050000 5.60189
5060000 5.6028
5070000 5.6023
5080000 5.60263
5090000 5.60907
5100000 5.60734
5110000 5.61549
5120000 5.61383
5130000 5.61986
5140000 5.62119
5150000 5.61832
5160000 5.61674
5170000 5.61421
5180000 5.6234
5190000 5.62363
5200000 5.62281
5210000 5.63014
5220000 5.63277
5230000 5.6349
5240000 5.64047
5250000 5.64042
5260000 5.64592
5270000 5.647
5280000 5.6559
5290000 5.65183
5300000 5.64973
5310000 5.65274
5320000 5.64895
5330000 5.64981
5340000 5.65113
5350000 5.65132
5360000 5.65013
5370000 5.65559
5380000 5.65763
5390000 5.65657
5400000 5.65972
5410000 5.66715
5420000 5.66386
5430000 5.66268
5440000 5.66291
5450000 5.66274
5460000 5.66438
5470000 5.66813
5480000 5.6754
5490000 5.67657
5500000 5.68152
5510000 5.68408
5520000 5.68531
5530000 5.69418
5540000 5.6948
5550000 5.6953
5560000 5.6961
5570000 5.70125
5580000 5.7039
5590000 5.70575
5600000 5.70849
5610000 5.7131
5620000 5.71471
5630000 5.71548
5640000 5.72245
5650000 5.72054
5660000 5.71904
5670000 5.71612
5680000 5.71684
5690000 5.72054
5700000 5.71996
5710000 5.72213
5720000 5.72629
5730000 5.72528
5740000 5.73129
5750000 5.73248
5760000 5.7372
5770000 5.73764
5780000 5.73549
5790000 5.73522
5800000 5.7346
5810000 5.73304
5820000 5.73982
5830000 5.74555
5840000 5.75029
5850000 5.74926
5860000 5.75835
5870000 5.75743
5880000 5.75426
5890000 5.75828
5900000 5.7551
5910000 5.75887
5920000 5.76307
5930000 5.76856
5940000 5.77075
5950000 5.76919
5960000 5.77202
5970000 5.77358
5980000 5.77728
5990000 5.78287
6000000 5.78623
6010000 5.79012
6020000 5.78568
6030000 5.78408
6040000 5.78832
6050000 5.78903
6060000 5.78627
6070000 5.79014
6080000 5.79156
6090000 5.79456
6100000 5.7874
6110000 5.79306
6120000 5.79488
6130000 5.79991
6140000 5.80229
6150000 5.80417
6160000 5.8076
6170000 5.80795
6180000 5.8082
6190000 5.81404
6200000 5.81118
6210000 5.81378
6220000 5.81901
6230000 5.81694
6240000 5.81896
6250000 5.82197
6260000 5.82693
6270000 5.82515
6280000 5.82573
6290000 5.82696
6300000 5.83425
6310000 5.8361
6320000 5.84364
6330000 5.84357
6340000 5.85206
6350000 5.85071
6360000 5.85244
6370000 5.85379
6380000 5.85517
6390000 5.85609
6400000 5.85579
6410000 5.85676
6420000 5.85563
6430000 5.85478
6440000 5.86024
6450000 5.86392
6460000 5.8622
6470000 5.8636
6480000 5.86203
6490000 5.86468
6500000 5.86506
6510000 5.86852
6520000 5.86853
6530000 5.87104
6540000 5.87782
6550000 5.88105
6560000 5.88272
6570000 5.88771
6580000 5.88912
6590000 5.89379
6600000 5.90156
6610000 5.90427
6620000 5.90355
6630000 5.90737
6640000 5.90481
6650000 5.90739
6660000 5.90931
6670000 5.91047
6680000 5.91142
6690000 5.91585
6700000 5.91695
6710000 5.91547
6720000 5.91888
6730000 5.91937
6740000 5.92178
6750000 5.92172
6760000 5.92898
6770000 5.92664
6780000 5.9285
6790000 5.92724
6800000 5.9271
6810000 5.92683
6820000 5.92789
6830000 5.92416
6840000 5.91883
6850000 5.92167
6860000 5.9256
6870000 5.92971
6880000 5.93743
6890000 5.93535
6900000 5.93824
6910000 5.93619
6920000 5.93361
6930000 5.93563
6940000 5.93698
6950000 5.93446
6960000 5.93795
6970000 5.94002
6980000 5.9406
6990000 5.94128
7000000 5.94664
7010000 5.95141
7020000 5.95238
7030000 5.95577
7040000 5.95338
7050000 5.95393
7060000 5.9585
7070000 5.96065
7080000 5.96542
7090000 5.96939
7100000 5.97376
7110000 5.96918
7120000 5.96662
7130000 5.96949
7140000 5.96758
7150000 5.96686
7160000 5.97167
7170000 5.9798
7180000 5.98028
7190000 5.98098
7200000 5.97636
7210000 5.9724
7220000 5.97515
7230000 5.97225
7240000 5.97589
7250000 5.97938
7260000 5.97778
7270000 5.97762
7280000 5.97868
7290000 5.98108
7300000 5.98487
7310000 5.98688
7320000 5.99159
7330000 5.9947
7340000 5.99589
7350000 6.00459
7360000 6.01166
7370000 6.0107
7380000 6.01195
7390000 6.01207
7400000 6.01541
7410000 6.01669
7420000 6.01887
7430000 6.01896
7440000 6.02076
7450000 6.02227
7460000 6.02548
7470000 6.0281
7480000 6.02656
7490000 6.02663
7500000 6.03102
7510000 6.03898
7520000 6.04743
7530000 6.04956
7540000 6.05586
7550000 6.05634
7560000 6.05573
7570000 6.05571
7580000 6.056
7590000 6.05134
7600000 6.04969
7610000 6.05318
7620000 6.05291
7630000 6.05106
7640000 6.049
7650000 6.04947
7660000 6.0485
7670000 6.04988
7680000 6.05241
7690000 6.05609
7700000 6.05533
7710000 6.05585
7720000 6.05871
7730000 6.06294
7740000 6.0688
7750000 6.06554
7760000 6.06652
7770000 6.07086
7780000 6.07872
7790000 6.08609
7800000 6.08848
7810000 6.0825
7820000 6.07847
7830000 6.08035
7840000 6.08557
7850000 6.08868
7860000 6.09193
7870000 6.09201
7880000 6.09031
7890000 6.08787
7900000 6.0908
7910000 6.08932
7920000 6.09155
7930000 6.09349
7940000 6.09189
7950000 6.09385
7960000 6.09369
7970000 6.09422
7980000 6.09202
7990000 6.09793
8000000 6.09872
8010000 6.1065
8020000 6.10692
8030000 6.11244
8040000 6.11302
8050000 6.11457
8060000 6.11444
8070000 6.11689
8080000 6.11421
8090000 6.11759
8100000 6.11942
8110000 6.11634
8120000 6.11963
8130000 6.11754
8140000 6.12065
8150000 6.12044
8160000 6.1248
8170000 6.13071
8180000 6.12938
8190000 6.12626
8200000 6.12908
8210000 6.13043
8220000 6.1316
8230000 6.13037
8240000 6.13394
8250000 6.14111
8260000 6.14068
8270000 6.14597
8280000 6.14392
8290000 6.14686
8300000 6.14297
8310000 6.14336
8320000 6.14609
8330000 6.14618
8340000 6.15118
8350000 6.14946
8360000 6.14583
8370000 6.14572
8380000 6.14681
8390000 6.14816
8400000 6.14884
8410000 6.1505
8420000 6.15349
8430000 6.15357
8440000 6.14942
8450000 6.1518
8460000 6.15609
8470000 6.15911
8480000 6.16242
8490000 6.16284
8500000 6.16358
8510000 6.1725
8520000 6.1734
8530000 6.17578
8540000 6.1718
8550000 6.17488
8560000 6.17874
8570000 6.18231
8580000 6.18306
8590000 6.18388
8600000 6.18865
8610000 6.18866
8620000 6.18841
8630000 6.19016
8640000 6.19016
8650000 6.18978
8660000 6.19265
8670000 6.19319
8680000 6.19255
8690000 6.19246
8700000 6.19565
8710000 6.19752
8720000 6.20104
8730000 6.20651
8740000 6.21302
8750000 6.21105
8760000 6.21118
8770000 6.20925
8780000 6.20953
8790000 6.21033
8800000 6.21273
8810000 6.21228
8820000 6.21582
8830000 6.21533
8840000 6.21676
8850000 6.21577
8860000 6.21661
8870000 6.2201
8880000 6.21955
8890000 6.21632
8900000 6.21939
8910000 6.22519
8920000 6.22395
8930000 6.22612
8940000 6.23119
8950000 6.22983
8960000 6.23748
8970000 6.23863
8980000 6.24325
8990000 6.24244
9000000 6.24183
9010000 6.24597
9020000 6.24812
9030000 6.24734
9040000 6.25458
9050000 6.25406
9060000 6.25721
9070000 6.26276
9080000 6.25938
9090000 6.26371
9100000 6.26253
9110000 6.26693
9120000 6.26799
9130000 6.26849
9140000 6.26909
9150000 6.26634
9160000 6.26642
9170000 6.26957
9180000 6.26928
9190000 6.27089
9200000 6.27179
9210000 6.26879
9220000 6.265
9230000 6.26049
9240000 6.26045
9250000 6.26368
9260000 6.26323
9270000 6.26404
9280000 6.26861
9290000 6.26677
9300000 6.27112
9310000 6.27711
9320000 6.27581
9330000 6.27568
9340000 6.27906
9350000 6.27861
9360000 6.27734
9370000 6.27429
9380000 6.2742
9390000 6.27884
9400000 6.27788
9410000 6.27862
9420000 6.2781
9430000 6.28125
9440000 6.28447
9450000 6.2856
9460000 6.28498
9470000 6.2841
9480000 6.28512
9490000 6.28834
9500000 6.29233
9510000 6.29703
9520000 6.29725
9530000 6.30139
9540000 6.30477
9550000 6.30446
9560000 6.30588
9570000 6.30944
9580000 6.31209
9590000 6.31216
9600000 6.31345
9610000 6.3168
9620000 6.31956
9630000 6.31989
9640000 6.32135
9650000 6.32561
9660000 6.32625
9670000 6.32806
9680000 6.33234
9690000 6.32846
9700000 6.33242
9710000 6.33658
9720000 6.33374
9730000 6.33781
9740000 6.33883
9750000 6.34049
9760000 6.341
9770000 6.34328
9780000 6.34658
9790000 6.34627
9800000 6.34837
9810000 6.34682
9820000 6.3472
9830000 6.34747
9840000 6.3486
9850000 6.35175
9860000 6.3533
9870000 6.35471
9880000 6.35877
9890000 6.35817
9900000 6.35939
9910000 6.35877
9920000 6.35885
9930000 6.36079
9940000 6.35992
9950000 6.35661
9960000 6.36155
9970000 6.35777
9980000 6.3576
9990000 6.36256
10000000 6.36767
10010000 6.36655
10020000 6.36761
10030000 6.36453
10040000 6.36414
10050000 6.36065
10060000 6.36248
10070000 6.37028
10080000 6.36681
10090000 6.36912
10100000 6.37101
10110000 6.37162
10120000 6.37415
10130000 6.37512
10140000 6.37534
10150000 6.3819
10160000 6.38275
10170000 6.38292
10180000 6.38478
10190000 6.38611
10200000 6.39077
10210000 6.39324
10220000 6.39635
10230000 6.39654
10240000 6.39576
10250000 6.40017
10260000 6.40079
10270000 6.40415
10280000 6.40377
10290000 6.4103
10300000 6.40875
10310000 6.40843
10320000 6.4104
10330000 6.40948
10340000 6.40855
10350000 6.4143
10360000 6.41469
10370000 6.41919
10380000 6.41618
10390000 6.41936
10400000 6.4214
10410000 6.42198
10420000 6.42264
10430000 6.42186
10440000 6.42716
10450000 6.43285
10460000 6.43499
10470000 6.43776
10480000 6.43614
10490000 6.43779
10500000 6.43562
10510000 6.4393
10520000 6.43333
10530000 6.43916
10540000 6.43696
10550000 6.44539
10560000 6.44464
10570000 6.44598
10580000 6.44436
10590000 6.44581
10600000 6.44878
10610000 6.44819
10620000 6.45566
10630000 6.45865
10640000 6.45865
10650000 6.45291
10660000 6.45514
10670000 6.45884
10680000 6.46148
10690000 6.46438
10700000 6.46869
10710000 6.47001
10720000 6.46791
10730000 6.46496
10740000 6.46354
10750000 6.46456
10760000 6.46221
10770000 6.46275
10780000 6.45774
10790000 6.45889
10800000 6.46076
10810000 6.46242
10820000 6.462
10830000 6.46763
10840000 6.46897
10850000 6.46753
10860000 6.46999
10870000 6.47415
10880000 6.47468
10890000 6.47427
10900000 6.47048
10910000 6.46818
10920000 6.46998
10930000 6.47283
10940000 6.4731
10950000 6.47861
10960000 6.47876
10970000 6.47645
10980000 6.47513
10990000 6.47458
11000000 6.47626
11010000 6.47958
11020000 6.48058
11030000 6.48079
11040000 6.48091
11050000 6.48222
11060000 6.49127
11070000 6.48898
11080000 6.49097
11090000 6.49378
11100000 6.50177
11110000 6.50528
11120000 6.50364
11130000 6.50092
11140000 6.50653
11150000 6.50631
11160000 6.50265
11170000 6.50559
11180000 6.50852
11190000 6.51179
11200000 6.51436
11210000 6.51629
11220000 6.51554
11230000 6.51593
11240000 6.51826
11250000 6.51552
11260000 6.51693
11270000 6.51648
11280000 6.52062
11290000 6.52089
11300000 6.52507
11310000 6.52447
11320000 6.5265
11330000 6.52794
11340000 6.525
11350000 6.52641
11360000 6.53125
11370000 6.53764
11380000 6.53969
11390000 6.54197
11400000 6.54665
11410000 6.55147
11420000 6.55309
11430000 6.55325
11440000 6.55245
11450000 6.5559
11460000 6.55463
11470000 6.55625
11480000 6.55379
11490000 6.54879
11500000 6.54799
11510000 6.55156
11520000 6.55346
11530000 6.55379
11540000 6.55713
11550000 6.55868
11560000 6.5566
11570000 6.55081
11580000 6.55167
11590000 6.5548
11600000 6.55616
11610000 6.55731
11620000 6.55726
11630000 6.5554
11640000 6.55396
11650000 6.55594
11660000 6.55658
11670000 6.55764
11680000 6.55389
11690000 6.55419
11700000 6.55626
11710000 6.55889
11720000 6.56325
11730000 6.55852
11740000 6.56046
11750000 6.55846
11760000 6.55975
11770000 6.56261
11780000 6.56264
11790000 6.56348
11800000 6.55948
11810000 6.56051
11820000 6.56545
11830000 6.56536
11840000 6.5666
11850000 6.56649
11860000 6.56889
11870000 6.56949
11880000 6.57419
11890000 6.57513
11900000 6.57775
11910000 6.58047
11920000 6.58461
11930000 6.57978
11940000 6.57663
11950000 6.58079
11960000 6.58326
11970000 6.58345
11980000 6.58526
11990000 6.58793
12000000 6.5899
12010000 6.58954
12020000 6.59461
12030000 6.5923
12040000 6.59091
12050000 6.59289
12060000 6.59992
12070000 6.59557
12080000 6.59787
12090000 6.60513
12100000 6.59977
12110000 6.60391
12120000 6.60455
12130000 6.60694
12140000 6.60832
12150000 6.60753
12160000 6.60986
12170000 6.61356
12180000 6.61313
12190000 6.61971
12200000 6.61762
12210000 6.6188
12220000 6.62718
12230000 6.62098
12240000 6.62311
12250000 6.62019
12260000 6.626
12270000 6.62592
12280000 6.62642
12290000 6.62649
12300000 6.62595
12310000 6.62722
12320000 6.62614
12330000 6.62629
12340000 6.62625
12350000 6.62977
12360000 6.63321
12370000 6.63276
12380000 6.6351
12390000 6.63893
12400000 6.63613
12410000 6.63899
12420000 6.64073
12430000 6.64472
12440000 6.64803
12450000 6.64839
12460000 6.64759
12470000 6.64715
12480000 6.64603
12490000 6.64749
12500000 6.65016
12510000 6.65064
12520000 6.65105
12530000 6.64922
12540000 6.65227
12550000 6.65538
12560000 6.6578
12570000 6.65851
12580000 6.661
12590000 6.65686
12600000 6.65887
12610000 6.66042
12620000 6.66352
12630000 6.65985
12640000 6.66097
12650000 6.66243
12660000 6.66172
12670000 6.66231
12680000 6.6644
12690000 6.66247
12700000 6.66467
12710000 6.66248
12720000 6.66596
12730000 6.66484
12740000 6.66914
12750000 6.66775
12760000 6.67219
12770000 6.6721
12780000 6.66983
12790000 6.67113
12800000 6.67347
12810000 6.67199
12820000 6.67538
12830000 6.6778
12840000 6.67913
12850000 6.67881
12860000 6.68135
12870000 6.6854
12880000 6.68764
12890000 6.6828
12900000 6.68334
12910000 6.68246
12920000 6.67905
12930000 6.68003
12940000 6.68224
12950000 6.68251
12960000 6.68491
12970000 6.68472
12980000 6.69071
12990000 6.69051
13000000 6.69399
13010000 6.69469
13020000 6.70024
13030000 6.70268
13040000 6.70488
13050000 6.70633
13060000 6.71033
13070000 6.71109
13080000 6.71197
13090000 6.71171
13100000 6.71264
13110000 6.7192
13120000 6.71681
13130000 6.71503
13140000 6.71946
13150000 6.71919
13160000 6.72103
13170000 6.72042
13180000 6.71783
13190000 6.71807
13200000 6.71873
13210000 6.71729
13220000 6.72044
13230000 6.72189
13240000 6.71886
13250000 6.73081
13260000 6.73392
13270000 6.73191
13280000 6.73356
13290000 6.73638
13300000 6.74295
13310000 6.74202
13320000 6.74139
13330000 6.74536
13340000 6.74617
13350000 6.74463
13360000 6.74693
13370000 6.75144
13380000 6.75457
13390000 6.75396
13400000 6.75663
13410000 6.75959
13420000 6.75973
13430000 6.75886
13440000 6.76069
13450000 6.7621
13460000 6.75872
13470000 6.76246
13480000 6.76404
13490000 6.76075
13500000 6.75912
13510000 6.76213
13520000 6.76127
13530000 6.76578
13540000 6.76732
13550000 6.76898
13560000 6.76964
13570000 6.7736
13580000 6.77231
13590000 6.77117
13600000 6.77173
13610000 6.77112
13620000 6.77396
13630000 6.78028
13640000 6.77625
13650000 6.7706
13660000 6.77208
13670000 6.77311
13680000 6.77327
13690000 6.77479
13700000 6.77836
13710000 6.78024
13720000 6.78052
13730000 6.7787
13740000 6.77498
13750000 6.77654
13760000 6.77705
13770000 6.7793
13780000 6.78203
13790000 6.7817
13800000 6.78069
13810000 6.78495
13820000 6.78849
13830000 6.78996
13840000 6.78976
13850000 6.79071
13860000 6.79271
13870000 6.79182
13880000 6.79161
13890000 6.7917
13900000 6.79208
13910000 6.79626
13920000 6.79544
13930000 6.79422
13940000 6.79116
13950000 6.79043
13960000 6.79558
13970000 6.79817
13980000 6.79949
13990000 6.80251
14000000 6.80143
14010000 6.80286
14020000 6.80516
14030000 6.80772
14040000 6.81088
14050000 6.81355
14060000 6.80944
14070000 6.80918
14080000 6.8089
14090000 6.81168
14100000 6.8078
14110000 6.80887
14120000 6.81051
14130000 6.80876
14140000 6.8064
14150000 6.80116
14160000 6.8009
14170000 6.80246
14180000 6.80036
14190000 6.79836
14200000 6.80184
14210000 6.80141
14220000 6.80662
14230000 6.8083
14240000 6.80708
14250000 6.81008
14260000 6.80986
14270000 6.80827
14280000 6.80982
14290000 6.813
14300000 6.81293
14310000 6.81414
14320000 6.81751
14330000 6.82439
14340000 6.82414
14350000 6.82817
14360000 6.82656
14370000 6.82442
14380000 6.82738
14390000 6.82409
14400000 6.82806
14410000 6.82639
14420000 6.82978
14430000 6.83136
14440000 6.83105
14450000 6.8356
14460000 6.83298
14470000 6.83421
14480000 6.8375
14490000 6.83839
14500000 6.84181
14510000 6.84878
14520000 6.85051
14530000 6.85394
14540000 6.85037
14550000 6.85161
14560000 6.85055
14570000 6.85294
14580000 6.8573
14590000 6.85676
14600000 6.86411
14610000 6.86525
14620000 6.87174
14630000 6.87237
14640000 6.87073
14650000 6.87239
14660000 6.87132
14670000 6.87277
14680000 6.87707
14690000 6.87787
14700000 6.87646
14710000 6.87771
14720000 6.87639
14730000 6.88045
14740000 6.88784
14750000 6.88266
14760000 6.88591
14770000 6.88701
14780000 6.89058
14790000 6.89259
14800000 6.88816
14810000 6.89246
14820000 6.89407
14830000 6.89562
14840000 6.896
14850000 6.89408
14860000 6.8946
14870000 6.89495
14880000 6.89398
14890000 6.89446
14900000 6.89285
14910000 6.88722
14920000 6.89356
14930000 6.89495
14940000 6.89651
14950000 6.89557
14960000 6.89337
14970000 6.88986
14980000 6.89155
14990000 6.89232
15000000 6.89345
15010000 6.89353
15020000 6.89723
15030000 6.90296
15040000 6.90567
15050000 6.91145
15060000 6.90917
15070000 6.9068
15080000 6.90576
15090000 6.91053
15100000 6.90772
15110000 6.90687
15120000 6.90984
15130000 6.91257
15140000 6.90935
15150000 6.90926
15160000 6.91063
15170000 6.91061
15180000 6.91025
15190000 6.91172
15200000 6.91188
15210000 6.91485
15220000 6.91754
15230000 6.91716
15240000 6.92167
15250000 6.92564
15260000 6.92866
15270000 6.92987
15280000 6.9286
15290000 6.92771
15300000 6.92674
15310000 6.92907
15320000 6.92724
15330000 6.92841
15340000 6.92837
15350000 6.9287
15360000 6.93125
15370000 6.93244
15380000 6.93603
15390000 6.94152
15400000 6.93694
15410000 6.93641
15420000 6.93742
15430000 6.93811
15440000 6.94473
15450000 6.94311
15460000 6.94942
15470000 6.95411
15480000 6.95471
15490000 6.95078
15500000 6.95095
15510000 6.94773
15520000 6.95016
15530000 6.94761
15540000 6.95192
15550000 6.95074
15560000 6.95124
15570000 6.94982
15580000 6.95221
15590000 6.95338
15600000 6.95552
15610000 6.95352
15620000 6.95597
15630000 6.9548
15640000 6.95539
15650000 6.95529
15660000 6.95686
15670000 6.95693
15680000 6.95952
15690000 6.9594
15700000 6.96103
15710000 6.96233
15720000 6.96364
15730000 6.96423
15740000 6.96443
15750000 6.96308
15760000 6.96464
15770000 6.96418
15780000 6.96325
15790000 6.96509
15800000 6.96544
15810000 6.96607
15820000 6.96341
15830000 6.96988
15840000 6.95926
15850000 6.96085
15860000 6.96211
15870000 6.9629
15880000 6.96448
15890000 6.96343
15900000 6.9635
15910000 6.96475
15920000 6.96823
15930000 6.96488
15940000 6.97211
15950000 6.97164
15960000 6.96941
15970000 6.9703
15980000 6.97408
15990000 6.97077
16000000 6.97466
16010000 6.9756
16020000 6.97692
16030000 6.97765
16040000 6.97508
16050000 6.98121
16060000 6.98297
16070000 6.98543
16080000 6.98199
16090000 6.98033
16100000 6.98152
16110000 6.98282
16120000 6.98341
16130000 6.98468
16140000 6.98621
16150000 6.98967
16160000 6.99251
16170000 6.99177
16180000 6.98964
16190000 6.99502
16200000 6.99402
16210000 6.99155
16220000 6.99318
16230000 7.00785
16240000 7.0018
16250000 7.0027
16260000 7.00282
16270000 7.00395
16280000 7.00508
16290000 7.00908
16300000 7.00876
16310000 7.0104
16320000 7.01282
16330000 7.01257
16340000 7.01143
16350000 7.01111
16360000 7.01319
16370000 7.01346
16380000 7.01202
16390000 7.00521
16400000 7.00679
16410000 7.0094
16420000 7.01019
16430000 7.00888
16440000 7.00844
16450000 7.01013
16460000 7.0068
16470000 7.00662
16480000 7.00473
16490000 7.00331
16500000 7.00886
16510000 7.00886
16520000 7.00882
16530000 7.00806
16540000 7.01019
16550000 7.0115
16560000 7.01069
16570000 7.01368
16580000 7.01604
16590000 7.01459
16600000 7.01539
16610000 7.01469
16620000 7.01651
16630000 7.02089
16640000 7.01811
16650000 7.02792
16660000 7.03007
16670000 7.02854
16680000 7.02476
16690000 7.02723
16700000 7.02832
16710000 7.0298
16720000 7.0317
16730000 7.03446
16740000 7.03737
16750000 7.03886
16760000 7.04153
16770000 7.03933
16780000 7.03995
16790000 7.03843
16800000 7.03707
16810000 7.03742
16820000 7.03565
16830000 7.03699
16840000 7.04551
16850000 7.04575
16860000 7.04024
16870000 7.04155
16880000 7.04052
16890000 7.04102
16900000 7.0415
16910000 7.04013
16920000 7.04419
16930000 7.0446
16940000 7.04441
16950000 7.05454
16960000 7.05127
16970000 7.04736
16980000 7.04586
16990000 7.04774
17000000 7.04487
17010000 7.04207
17020000 7.04573
17030000 7.04463
17040000 7.04435
17050000 7.04575
17060000 7.04438
17070000 7.04572
17080000 7.04762
17090000 7.04605
17100000 7.04296
17110000 7.04567
17120000 7.04882
17130000 7.05121
17140000 7.05587
17150000 7.05612
17160000 7.05835
17170000 7.06187
17180000 7.06369
17190000 7.06352
17200000 7.06353
17210000 7.06537
17220000 7.06495
17230000 7.06499
17240000 7.06453
17250000 7.06653
17260000 7.06908
17270000 7.06998
17280000 7.07408
17290000 7.07529
17300000 7.07523
17310000 7.08048
17320000 7.08116
17330000 7.07915
17340000 7.07704
17350000 7.07676
17360000 7.07552
17370000 7.07755
17380000 7.08006
17390000 7.08105
17400000 7.08187
17410000 7.08059
17420000 7.08107
17430000 7.0802
17440000 7.08249
17450000 7.08308
17460000 7.08022
17470000 7.08219
17480000 7.08312
17490000 7.08614
17500000 7.08659
17510000 7.08804
17520000 7.08673
17530000 7.08675
17540000 7.08569
17550000 7.08763
17560000 7.08608
17570000 7.09304
17580000 7.0907
17590000 7.09336
17600000 7.09679
17610000 7.10035
17620000 7.10013
17630000 7.09854
17640000 7.09656
17650000 7.09362
17660000 7.09282
17670000 7.09506
17680000 7.09873
17690000 7.10189
17700000 7.10088
17710000 7.10224
17720000 7.10296
17730000 7.10338
17740000 7.10425
17750000 7.10752
17760000 7.10927
17770000 7.11357
17780000 7.11389
17790000 7.1166
17800000 7.11788
17810000 7.11664
17820000 7.11676
17830000 7.11925
17840000 7.11695
17850000 7.12122
17860000 7.12254
17870000 7.12427
17880000 7.12339
17890000 7.12371
17900000 7.13199
17910000 7.12995
17920000 7.12517
17930000 7.12627
17940000 7.13052
17950000 7.13345
17960000 7.13842
17970000 7.14264
17980000 7.14638
17990000 7.14378
18000000 7.14488
18010000 7.14487
18020000 7.14428
18030000 7.13829
18040000 7.13737
18050000 7.13478
18060000 7.13637
18070000 7.13762
18080000 7.13815
18090000 7.14344
18100000 7.14593
18110000 7.15138
18120000 7.15641
18130000 7.15718
18140000 7.15298
18150000 7.15622
18160000 7.15599
18170000 7.15582
18180000 7.15547
18190000 7.15504
18200000 7.15363
18210000 7.152
18220000 7.15562
18230000 7.15604
18240000 7.15701
18250000 7.15919
18260000 7.16131
18270000 7.16643
18280000 7.166
18290000 7.16681
18300000 7.16723
18310000 7.16978
18320000 7.16767
18330000 7.1692
18340000 7.16894
18350000 7.16793
18360000 7.17013
18370000 7.17041
18380000 7.17742
18390000 7.17414
18400000 7.17728
18410000 7.17853
18420000 7.17957
18430000 7.17967
18440000 7.18369
18450000 7.1838
18460000 7.18094
18470000 7.17974
18480000 7.17835
18490000 7.18183
18500000 7.18478
18510000 7.18148
18520000 7.17945
18530000 7.17962
18540000 7.18343
18550000 7.18108
18560000 7.18206
18570000 7.1833
18580000 7.18343
18590000 7.18677
18600000 7.18506
18610000 7.1869
18620000 7.18422
18630000 7.1825
18640000 7.18327
18650000 7.18477
18660000 7.18427
18670000 7.18261
18680000 7.18364
18690000 7.18538
18700000 7.1882
18710000 7.18863
18720000 7.1911
18730000 7.19397
18740000 7.19399
18750000 7.19488
18760000 7.19395
18770000 7.20007
18780000 7.20526
18790000 7.20433
18800000 7.20183
18810000 7.20516
18820000 7.20332
18830000 7.20411
18840000 7.2044
18850000 7.20977
18860000 7.2117
18870000 7.21035
18880000 7.20573
18890000 7.2107
18900000 7.21454
18910000 7.21465
18920000 7.21314
18930000 7.21305
18940000 7.21387
18950000 7.21872
18960000 7.21868
18970000 7.22297
18980000 7.22236
18990000 7.22577
19000000 7.22411
19010000 7.22182
19020000 7.22381
19030000 7.22275
19040000 7.22457
19050000 7.22589
19060000 7.23026
19070000 7.23357
19080000 7.23449
19090000 7.23591
19100000 7.23368
19110000 7.23794
19120000 7.23614
19130000 7.23142
19140000 7.22948
19150000 7.22889
19160000 7.23102
19170000 7.23539
19180000 7.23329
19190000 7.23414
19200000 7.23421
19210000 7.23921
19220000 7.24168
19230000 7.24012
19240000 7.24041
19250000 7.24023
19260000 7.23707
19270000 7.23709
19280000 7.2379
19290000 7.24143
19300000 7.24214
19310000 7.2428
19320000 7.24231
19330000 7.24336
19340000 7.24162
19350000 7.24957
19360000 7.24768
19370000 7.24814
19380000 7.24425
19390000 7.24638
19400000 7.24554
19410000 7.24661
19420000 7.24399
19430000 7.24241
19440000 7.24536
19450000 7.24703
19460000 7.24877
19470000 7.25392
19480000 7.25698
19490000 7.25382
19500000 7.25991
19510000 7.25835
19520000 7.25567
19530000 7.25296
19540000 7.25199
19550000 7.25243
19560000 7.25354
19570000 7.25095
19580000 7.24264
19590000 7.24808
19600000 7.24581
19610000 7.24551
19620000 7.24221
19630000 7.24207
19640000 7.2428
19650000 7.24599
19660000 7.23946
19670000 7.23994
19680000 7.2437
19690000 7.24777
19700000 7.24688
19710000 7.24757
19720000 7.24256
19730000 7.24274
19740000 7.24261
19750000 7.24696
19760000 7.24381
19770000 7.24685
19780000 7.24672
19790000 7.24683
19800000 7.24611
19810000 7.24277
19820000 7.24541
19830000 7.2437
19840000 7.24398
19850000 7.24736
19860000 7.24981
19870000 7.24941
19880000 7.25209
19890000 7.25378
19900000 7.25673
19910000 7.25784
19920000 7.26083
19930000 7.26045
19940000 7.26246
19950000 7.26421
19960000 7.26052
19970000 7.26465
19980000 7.26401
19990000 7.2632
20000000 7.25999
20010000 7.2593
20020000 7.26288
20030000 7.26049
20040000 7.26152
20050000 7.261
20060000 7.26259
20070000 7.26289
20080000 7.26514
20090000 7.27317
20100000 7.26904
20110000 7.27191
20120000 7.27031
20130000 7.2705
20140000 7.26997
20150000 7.2664
20160000 7.26679
20170000 7.2667
20180000 7.26499
20190000 7.26602
20200000 7.26681
20210000 7.26633
20220000 7.26698
20230000 7.27162
20240000 7.27234
20250000 7.27396
20260000 7.27073
20270000 7.27699
20280000 7.27693
20290000 7.27722
20300000 7.27223
20310000 7.27179
20320000 7.27367
20330000 7.27382
20340000 7.27608
20350000 7.278
20360000 7.27751
20370000 7.2754
20380000 7.27397
20390000 7.27121
20400000 7.27172
20410000 7.26605
20420000 7.2667
20430000 7.27008
20440000 7.27074
20450000 7.2736
20460000 7.27304
20470000 7.2763
20480000 7.27374
20490000 7.27259
20500000 7.26986
20510000 7.27532
20520000 7.27911
20530000 7.27984
20540000 7.28126
20550000 7.27861
20560000 7.2792
20570000 7.27926
20580000 7.27865
20590000 7.28006
20600000 7.27693
20610000 7.28051
20620000 7.28076
20630000 7.28013
20640000 7.28174
20650000 7.28035
20660000 7.28337
20670000 7.2842
20680000 7.28708
20690000 7.28942
20700000 7.29568
20710000 7.29786
20720000 7.2933
20730000 7.29956
20740000 7.30177
20750000 7.3018
20760000 7.30343
20770000 7.30183
20780000 7.30452
20790000 7.30609
20800000 7.30564
20810000 7.30927
20820000 7.31144
20830000 7.31292
20840000 7.3097
20850000 7.31229
20860000 7.30926
20870000 7.30708
20880000 7.306
20890000 7.30946
20900000 7.30508
20910000 7.30395
20920000 7.30314
20930000 7.30794
20940000 7.30551
20950000 7.30749
20960000 7.30381
20970000 7.31008
20980000 7.31081
20990000 7.30863
21000000 7.30964
21010000 7.31405
21020000 7.31419
21030000 7.31452
21040000 7.31408
21050000 7.31315
21060000 7.31555
21070000 7.31818
21080000 7.32008
21090000 7.31688
21100000 7.31471
21110000 7.31255
21120000 7.31223
21130000 7.31314
21140000 7.31313
21150000 7.31596
21160000 7.31476
21170000 7.31555
21180000 7.31577
21190000 7.31262
21200000 7.31015
21210000 7.30932
21220000 7.31428
21230000 7.31072
21240000 7.32184
21250000 7.32051
21260000 7.31906
21270000 7.31769
21280000 7.31428
21290000 7.31503
21300000 7.31964
21310000 7.31601
21320000 7.33019
21330000 7.32919
21340000 7.32942
21350000 7.32813
21360000 7.32762
21370000 7.32418
21380000 7.32524
21390000 7.32158
21400000 7.32396
21410000 7.32001
21420000 7.31812
21430000 7.31971
21440000 7.32222
21450000 7.32508
21460000 7.32425
21470000 7.32248
21480000 7.32374
21490000 7.32137
21500000 7.32419
21510000 7.32104
21520000 7.32574
21530000 7.3242
21540000 7.32541
21550000 7.32048
21560000 7.32519
21570000 7.32238
21580000 7.31921
21590000 7.32048
21600000 7.31834
21610000 7.3194
21620000 7.32087
21630000 7.31916
21640000 7.32134
21650000 7.31883
21660000 7.32459
21670000 7.32451
21680000 7.32476
21690000 7.32747
21700000 7.32921
21710000 7.32817
21720000 7.33554
21730000 7.33654
21740000 7.33722
21750000 7.33862
21760000 7.34095
21770000 7.34024
21780000 7.34335
21790000 7.34346
21800000 7.34076
21810000 7.34758
21820000 7.34791
21830000 7.34784
21840000 7.35205
21850000 7.34649
21860000 7.34677
21870000 7.34954
21880000 7.3512
21890000 7.35273
21900000 7.35041
21910000 7.35127
21920000 7.35358
21930000 7.34802
21940000 7.34606
21950000 7.34913
21960000 7.34532
21970000 7.34397
21980000 7.34224
21990000 7.3426
22000000 7.34532
22010000 7.34803
22020000 7.35097
22030000 7.35263
22040000 7.35238
22050000 7.35034
22060000 7.35125
22070000 7.35399
22080000 7.35378
22090000 7.35249
22100000 7.35446
22110000 7.35416
22120000 7.35895
22130000 7.35901
22140000 7.3601
22150000 7.36023
22160000 7.36462
22170000 7.35919
22180000 7.36146
22190000 7.36309
22200000 7.36259
22210000 7.36744
22220000 7.36471
22230000 7.36537
22240000 7.36645
22250000 7.36989
22260000 7.36663
22270000 7.36625
22280000 7.36453
22290000 7.36462
22300000 7.36841
22310000 7.36769
22320000 7.36827
22330000 7.36624
22340000 7.37144
22350000 7.37059
22360000 7.37617
22370000 7.3805
22380000 7.38266
22390000 7.37931
22400000 7.38071
22410000 7.38134
22420000 7.38307
22430000 7.3787
22440000 7.37884
22450000 7.38004
22460000 7.38229
22470000 7.38392
22480000 7.37896
22490000 7.38006
22500000 7.38291
22510000 7.38071
22520000 7.38052
22530000 7.38263
22540000 7.38265
22550000 7.38201
22560000 7.38322
22570000 7.38639
22580000 7.38919
22590000 7.38823
22600000 7.38569
22610000 7.38566
22620000 7.39014
22630000 7.38953
22640000 7.39267
22650000 7.39237
22660000 7.39273
22670000 7.39595
22680000 7.3968
22690000 7.39527
22700000 7.39734
22710000 7.3959
22720000 7.39388
22730000 7.39376
22740000 7.39444
22750000 7.39586
22760000 7.39359
22770000 7.39297
22780000 7.39311
22790000 7.39979
22800000 7.40103
22810000 7.40179
22820000 7.39828
22830000 7.39755
22840000 7.39989
22850000 7.40128
22860000 7.40544
22870000 7.40313
22880000 7.40085
22890000 7.40228
22900000 7.40258
22910000 7.40141
22920000 7.40024
22930000 7.40232
22940000 7.39942
22950000 7.39971
22960000 7.39958
22970000 7.40308
22980000 7.40511
22990000 7.40517
23000000 7.40268
23010000 7.40354
23020000 7.4038
23030000 7.40304
23040000 7.40219
23050000 7.40222
23060000 7.40208
23070000 7.40374
23080000 7.40265
23090000 7.40309
23100000 7.40502
23110000 7.40361
23120000 7.40355
23130000 7.39921
23140000 7.39761
23150000 7.40041
23160000 7.39999
23170000 7.40026
23180000 7.39776
23190000 7.39725
23200000 7.39785
23210000 7.39584
23220000 7.39451
23230000 7.397
23240000 7.39942
23250000 7.39998
23260000 7.4032
23270000 7.403
23280000 7.4042
23290000 7.4076
23300000 7.4065
23310000 7.40713
23320000 7.41175
23330000 7.41015
23340000 7.40875
23350000 7.41206
23360000 7.41455
23370000 7.41776
23380000 7.42048
23390000 7.42155
23400000 7.41939
23410000 7.41917
23420000 7.42039
23430000 7.41988
23440000 7.42419
23450000 7.42609
23460000 7.425
23470000 7.42727
23480000 7.42077
23490000 7.41861
23500000 7.41921
23510000 7.41828
23520000 7.41839
23530000 7.4199
23540000 7.42289
23550000 7.42499
23560000 7.42628
23570000 7.4259
23580000 7.42384
23590000 7.42334
23600000 7.42512
23610000 7.4275
23620000 7.42637
23630000 7.42866
23640000 7.42773
23650000 7.43034
23660000 7.43096
23670000 7.43083
23680000 7.43236
23690000 7.43181
23700000 7.43663
23710000 7.4396
23720000 7.43647
23730000 7.4394
23740000 7.43495
23750000 7.43722
23760000 7.43967
23770000 7.43862
23780000 7.43743
23790000 7.43294
23800000 7.43463
23810000 7.43339
23820000 7.43646
23830000 7.44371
23840000 7.44501
23850000 7.44135
23860000 7.4413
23870000 7.44475
23880000 7.44402
23890000 7.44653
23900000 7.44778
23910000 7.44558
23920000 7.44284
23930000 7.44647
23940000 7.45127
23950000 7.44642
23960000 7.44499
23970000 7.4482
23980000 7.44774
23990000 7.44856
24000000 7.45115
24010000 7.45007
24020000 7.45635
24030000 7.45552
24040000 7.45191
24050000 7.45037
24060000 7.45452
24070000 7.45373
24080000 7.45363
24090000 7.45575
24100000 7.45406
24110000 7.45256
24120000 7.45309
24130000 7.45191
24140000 7.45272
24150000 7.45563
24160000 7.45624
24170000 7.45812
24180000 7.46078
24190000 7.46079
24200000 7.46091
24210000 7.46325
24220000 7.46156
24230000 7.46407
24240000 7.46445
24250000 7.46554
24260000 7.46236
24270000 7.46496
24280000 7.46469
24290000 7.46212
24300000 7.4588
24310000 7.4607
24320000 7.46172
24330000 7.46114
24340000 7.46385
24350000 7.46739
24360000 7.46431
24370000 7.46673
24380000 7.4678
24390000 7.47113
24400000 7.4685
24410000 7.47011
24420000 7.46634
24430000 7.47038
24440000 7.47308
24450000 7.47227
24460000 7.47034
24470000 7.47264
24480000 7.47588
24490000 7.47465
24500000 7.47535
24510000 7.47343
24520000 7.47517
24530000 7.47861
24540000 7.47688
24550000 7.47546
24560000 7.47862
24570000 7.47951
24580000 7.47813
24590000 7.47587
24600000 7.47209
24610000 7.47232
24620000 7.47251
24630000 7.47328
24640000 7.47487
24650000 7.47733
24660000 7.47555
24670000 7.47359
24680000 7.47793
24690000 7.47631
24700000 7.47745
24710000 7.47811
24720000 7.47688
24730000 7.47703
24740000 7.48204
24750000 7.48502
24760000 7.48696
24770000 7.48714
24780000 7.48648
24790000 7.48651
24800000 7.48716
24810000 7.48545
24820000 7.48766
24830000 7.48975
24840000 7.49312
24850000 7.4911
24860000 7.48851
24870000 7.48952
24880000 7.48433
24890000 7.48296
24900000 7.48717
24910000 7.48689
24920000 7.48892
24930000 7.49126
24940000 7.494
24950000 7.49648
24960000 7.49514
24970000 7.49195
24980000 7.49529
24990000 7.49673
25000000 7.49685
25010000 7.50313
25020000 7.50608
25030000 7.50575
25040000 7.50567
25050000 7.50666
25060000 7.50249
25070000 7.50385
25080000 7.50511
25090000 7.50282
25100000 7.50085
25110000 7.50294
25120000 7.50333
25130000 7.50417
25140000 7.50866
25150000 7.51048
25160000 7.51165
25170000 7.51007
25180000 7.50997
25190000 7.51205
25200000 7.51286
25210000 7.5122
25220000 7.51416
25230000 7.51668
25240000 7.51852
25250000 7.52119
25260000 7.5242
25270000 7.52701
25280000 7.52563
25290000 7.52912
25300000 7.5318
25310000 7.53404
25320000 7.53806
25330000 7.53349
25340000 7.53682
25350000 7.53206
25360000 7.53516
25370000 7.53703
25380000 7.53649
25390000 7.53797
25400000 7.53825
25410000 7.53844
25420000 7.53598
25430000 7.53172
25440000 7.53403
25450000 7.53415
25460000 7.53644
25470000 7.53694
25480000 7.53693
25490000 7.53739
25500000 7.54066
25510000 7.54236
25520000 7.54455
25530000 7.54098
25540000 7.54083
25550000 7.53996
25560000 7.54188
25570000 7.54175
25580000 7.54405
25590000 7.54078
25600000 7.5402
25610000 7.53948
25620000 7.5399
25630000 7.54054
25640000 7.54001
25650000 7.53828
25660000 7.53798
25670000 7.53784
25680000 7.53856
25690000 7.53598
25700000 7.53879
25710000 7.5372
25720000 7.53975
25730000 7.54003
25740000 7.53988
25750000 7.53984
25760000 7.54247
25770000 7.54554
25780000 7.54953
25790000 7.54873
25800000 7.54938
25810000 7.55105
25820000 7.55485
25830000 7.55698
25840000 7.55733
25850000 7.56322
25860000 7.56418
25870000 7.56243
25880000 7.56083
25890000 7.55873
25900000 7.55848
25910000 7.5571
25920000 7.55874
25930000 7.56151
25940000 7.56358
25950000 7.56203
25960000 7.564
25970000 7.5668
25980000 7.56571
25990000 7.56632
26000000 7.56549
26010000 7.56244
26020000 7.56442
26030000 7.56237
26040000 7.55995
26050000 7.55725
26060000 7.55719
26070000 7.55614
26080000 7.55914
26090000 7.56119
26100000 7.55647
26110000 7.55833
26120000 7.56061
26130000 7.55863
26140000 7.55946
26150000 7.56175
26160000 7.56423
26170000 7.56525
26180000 7.5653
26190000 7.56433
26200000 7.56408
26210000 7.56281
26220000 7.55898
26230000 7.56077
26240000 7.56238
26250000 7.55983
26260000 7.55938
26270000 7.55779
26280000 7.558
26290000 7.5568
26300000 7.55452
26310000 7.55562
26320000 7.55778
26330000 7.55251
26340000 7.55241
26350000 7.55523
26360000 7.55791
26370000 7.55755
26380000 7.55493
26390000 7.55455
26400000 7.55646
26410000 7.56017
26420000 7.56266
26430000 7.56444
26440000 7.56304
26450000 7.56304
26460000 7.56717
26470000 7.56725
26480000 7.56911
26490000 7.57038
26500000 7.56647
26510000 7.56935
26520000 7.57083
26530000 7.56983
26540000 7.57095
26550000 7.56816
26560000 7.56677
26570000 7.57211
26580000 7.57528
26590000 7.57604
26600000 7.57401
26610000 7.57452
26620000 7.57228
26630000 7.57271
26640000 7.57471
26650000 7.5767
26660000 7.57883
26670000 7.57722
26680000 7.57893
26690000 7.57674
26700000 7.58065
26710000 7.5789
26720000 7.57969
26730000 7.57812
26740000 7.5804
26750000 7.58233
26760000 7.58514
26770000 7.58688
26780000 7.58651
26790000 7.58308
26800000 7.58375
26810000 7.58614
26820000 7.58663
26830000 7.58724
26840000 7.58658
26850000 7.58465
26860000 7.58995
26870000 7.5886
26880000 7.59164
26890000 7.59095
26900000 7.59118
26910000 7.58887
26920000 7.59509
26930000 7.59278
26940000 7.5926
26950000 7.59356
26960000 7.59133
26970000 7.59084
26980000 7.588
26990000 7.58816
27000000 7.58571
27010000 7.58107
27020000 7.57912
27030000 7.58073
27040000 7.58411
27050000 7.58307
27060000 7.58365
27070000 7.5835
27080000 7.5827
27090000 7.58063
27100000 7.57788
27110000 7.57878
27120000 7.57866
27130000 7.57924
27140000 7.57835
27150000 7.57779
27160000 7.57649
27170000 7.57596
27180000 7.57938
27190000 7.57867
27200000 7.57954
27210000 7.58106
27220000 7.58185
27230000 7.58048
27240000 7.58168
27250000 7.57902
27260000 7.57885
27270000 7.58003
27280000 7.58163
27290000 7.58525
27300000 7.58483
27310000 7.58768
27320000 7.58502
27330000 7.58404
27340000 7.58231
27350000 7.58481
27360000 7.58573
27370000 7.58548
27380000 7.58638
27390000 7.58963
27400000 7.58753
27410000 7.58043
27420000 7.58081
27430000 7.58803
27440000 7.58742
27450000 7.58845
27460000 7.58446
27470000 7.58956
27480000 7.58702
27490000 7.58843
27500000 7.59123
27510000 7.59194
27520000 7.59013
27530000 7.59163
27540000 7.59048
27550000 7.58459
27560000 7.58322
27570000 7.58496
27580000 7.58443
27590000 7.5877
27600000 7.58925
27610000 7.59106
27620000 7.59199
27630000 7.59248
27640000 7.59271
27650000 7.5955
27660000 7.59338
27670000 7.59343
27680000 7.59266
27690000 7.59393
27700000 7.59568
27710000 7.59664
27720000 7.60089
27730000 7.59974
27740000 7.59869
27750000 7.59993
27760000 7.6067
27770000 7.60166
27780000 7.60302
27790000 7.60699
27800000 7.60552
27810000 7.60802
27820000 7.60873
27830000 7.60943
27840000 7.61181
27850000 7.61471
27860000 7.61422
27870000 7.61332
27880000 7.61471
27890000 7.61735
27900000 7.61801
27910000 7.62311
27920000 7.6219
27930000 7.62088
27940000 7.61959
27950000 7.62084
27960000 7.62433
27970000 7.62374
27980000 7.62291
27990000 7.62174
28000000 7.62032
28010000 7.62503
28020000 7.62337
28030000 7.62269
28040000 7.62203
28050000 7.62285
28060000 7.62201
28070000 7.62201
28080000 7.62818
28090000 7.62355
28100000 7.62325
28110000 7.62127
28120000 7.62198
28130000 7.62508
28140000 7.62175
28150000 7.62149
28160000 7.62237
28170000 7.62245
28180000 7.62219
28190000 7.62418
28200000 7.6273
28210000 7.62535
28220000 7.62478
28230000 7.62478
28240000 7.62459
28250000 7.62468
28260000 7.61971
28270000 7.62108
28280000 7.6217
28290000 7.62158
28300000 7.63075
28310000 7.62751
28320000 7.62606
28330000 7.62846
28340000 7.62674
28350000 7.62463
28360000 7.62509
28370000 7.62273
28380000 7.62488
28390000 7.62404
28400000 7.62382
28410000 7.6277
28420000 7.62721
28430000 7.62766
28440000 7.62398
28450000 7.62263
28460000 7.62453
28470000 7.62273
28480000 7.62509
28490000 7.63247
28500000 7.63298
28510000 7.63379
28520000 7.63276
28530000 7.63371
28540000 7.63585
28550000 7.63305
28560000 7.63414
28570000 7.63403
28580000 7.63534
28590000 7.63663
28600000 7.6367
28610000 7.63686
28620000 7.63776
28630000 7.63733
28640000 7.63756
28650000 7.64028
28660000 7.63839
28670000 7.6376
28680000 7.637
28690000 7.63748
28700000 7.63972
28710000 7.63887
28720000 7.64065
28730000 7.63754
28740000 7.63775
28750000 7.63775
28760000 7.63832
28770000 7.64168
28780000 7.63944
28790000 7.63996
28800000 7.64181
28810000 7.64301
28820000 7.64623
28830000 7.64566
28840000 7.64188
28850000 7.64315
28860000 7.64667
28870000 7.64499
28880000 7.64387
28890000 7.64506
28900000 7.65042
28910000 7.64938
28920000 7.65157
28930000 7.6503
28940000 7.64521
28950000 7.64626
28960000 7.64742
28970000 7.64885
28980000 7.65117
28990000 7.65662
29000000 7.65334
29010000 7.65087
29020000 7.65068
29030000 7.65041
29040000 7.6501
29050000 7.65116
29060000 7.65134
29070000 7.65259
29080000 7.65637
29090000 7.65481
29100000 7.65592
29110000 7.6572
29120000 7.65792
29130000 7.66121
29140000 7.66397
29150000 7.66253
29160000 7.6601
29170000 7.66113
29180000 7.66121
29190000 7.66305
29200000 7.66033
29210000 7.6603
29220000 7.66054
29230000 7.65875
29240000 7.65862
29250000 7.65683
29260000 7.65814
29270000 7.65656
29280000 7.65938
29290000 7.66204
29300000 7.6605
29310000 7.65953
29320000 7.66036
29330000 7.65875
29340000 7.65855
29350000 7.66009
29360000 7.66247
29370000 7.66431
29380000 7.66466
29390000 7.66965
29400000 7.6697
29410000 7.6701
29420000 7.67087
29430000 7.66722
29440000 7.66881
29450000 7.66813
29460000 7.67019
29470000 7.6685
29480000 7.66903
29490000 7.67043
29500000 7.67468
29510000 7.67535
29520000 7.67638
29530000 7.68323
29540000 7.68557
29550000 7.6864
29560000 7.68622
29570000 7.68831
29580000 7.69166
29590000 7.69178
29600000 7.69214
29610000 7.69584
29620000 7.6971
29630000 7.69859
29640000 7.70262
29650000 7.6987
29660000 7.69672
29670000 7.70135
29680000 7.70659
29690000 7.70609
29700000 7.70164
29710000 7.70116
29720000 7.69776
29730000 7.70135
29740000 7.69813
29750000 7.69825
29760000 7.69856
29770000 7.7
29780000 7.69788
29790000 7.69455
29800000 7.69362
29810000 7.69077
29820000 7.68854
29830000 7.68817
29840000 7.68781
29850000 7.68843
29860000 7.68521
29870000 7.68469
29880000 7.68566
29890000 7.68916
29900000 7.68934
29910000 7.69171
29920000 7.69355
29930000 7.69467
29940000 7.70051
29950000 7.69493
29960000 7.69097
29970000 7.68961
29980000 7.69309
29990000 7.69655
30000000 7.69271
