10000 195.446
20000 125.464
30000 85.8981
40000 65.6982
50000 47.3396
60000 36.8128
70000 29.7441
80000 24.5649
90000 20.4012
100000 18.1824
110000 15.7986
120000 14.4002
130000 13.0613
140000 12.1491
150000 11.3245
160000 10.794
170000 10.2702
180000 9.94151
190000 9.70323
200000 9.19398
210000 9.01818
220000 8.6575
230000 8.37884
240000 8.27801
250000 8.0212
260000 7.81671
270000 7.83834
280000 7.57187
290000 7.45281
300000 7.18968
310000 7.09347
320000 6.96411
330000 6.79961
340000 6.59111
350000 6.57284
360000 6.47829
370000 6.302
380000 6.34281
390000 6.16621
400000 6.13979
410000 6.13337
420000 6.03221
430000 5.94114
440000 5.78065
450000 5.71248
460000 5.62152
470000 5.76537
480000 5.56129
490000 5.46524
500000 5.44219
510000 5.44505
520000 5.38068
530000 5.32684
540000 5.27228
550000 5.21101
560000 5.02724
570000 4.93159
580000 5.04385
590000 5.0417
600000 4.98724
610000 4.95938
620000 4.93869
630000 4.86976
640000 4.79827
650000 4.78574
660000 4.77924
670000 4.71037
680000 4.61185
690000 4.74636
700000 4.63734
710000 4.5933
720000 4.55468
730000 4.51063
740000 4.47856
750000 4.47273
760000 4.39736
770000 4.38259
780000 4.40006
790000 4.29404
800000 4.25901
810000 4.29439
820000 4.26792
830000 4.1843
840000 4.12794
850000 4.17604
860000 4.22052
870000 4.17691
880000 4.097
890000 4.11868
900000 4.11664
910000 3.95801
920000 3.91393
930000 3.98731
940000 3.9522
950000 4.02915
960000 3.90015
970000 3.88181
980000 3.85445
990000 3.9115
1000000 3.86605
1010000 3.7282
1020000 3.9558
1030000 3.74537
1040000 3.74891
1050000 3.71727
1060000 3.67341
1070000 3.65297
1080000 3.69314
1090000 3.70967
1100000 3.65286
1110000 3.58883
1120000 3.61645
1130000 3.64388
1140000 3.62159
1150000 3.54859
1160000 3.49684
1170000 3.53329
1180000 3.55242
1190000 3.5848
1200000 3.4988
1210000 3.41936
1220000 3.39059
1230000 3.39978
1240000 3.44433
1250000 3.3946
1260000 3.44624
1270000 3.4096
1280000 3.40826
1290000 3.35219
1300000 3.41505
1310000 3.41485
1320000 3.41637
1330000 3.35135
1340000 3.32246
1350000 3.27094
1360000 3.25085
1370000 3.2506
1380000 3.27587
1390000 3.21893
1400000 3.22164
1410000 3.20691
1420000 3.17625
1430000 3.15839
1440000 3.34276
1450000 3.26786
1460000 3.21824
1470000 3.19763
1480000 3.13402
1490000 3.21894
1500000 3.14012
1510000 3.11873
1520000 3.21708
1530000 3.23505
1540000 3.18778
1550000 3.13538
1560000 3.11526
1570000 3.06436
1580000 3.08579
1590000 3.04972
1600000 3.03062
1610000 2.98976
1620000 3.01815
1630000 3.07571
1640000 3.04501
1650000 3.11608
1660000 3.11298
1670000 3.09329
1680000 3.03829
1690000 3.04253
1700000 2.98222
1710000 2.88595
1720000 2.97641
1730000 2.97899
1740000 2.95566
1750000 2.97092
1760000 2.95714
1770000 2.88696
1780000 2.87589
1790000 2.85873
1800000 2.81586
1810000 2.8301
1820000 2.87719
1830000 2.88555
1840000 2.94518
1850000 2.87872
1860000 2.82688
1870000 3.01536
1880000 2.87887
1890000 2.79242
1900000 2.79901
1910000 2.82437
1920000 2.82271
1930000 2.87113
1940000 2.83149
1950000 2.78074
1960000 2.7627
1970000 2.81728
1980000 2.79278
1990000 2.6865
2000000 2.70696
2010000 2.70402
2020000 2.68922
2030000 2.64501
2040000 2.70478
2050000 2.69179
2060000 2.67743
2070000 2.76772
2080000 2.74991
2090000 2.74194
2100000 2.74895
2110000 2.70801
2120000 2.67643
2130000 2.67863
2140000 2.63908
2150000 2.6649
2160000 2.62004
2170000 2.58006
2180000 2.62392
2190000 2.66307
2200000 2.6598
2210000 2.70014
2220000 2.67218
2230000 2.67328
2240000 2.63337
2250000 2.57781
2260000 2.62232
2270000 2.63211
2280000 2.60024
2290000 2.56161
2300000 2.60463
2310000 2.6664
2320000 2.59306
2330000 2.54206
2340000 2.61692
2350000 2.59246
2360000 2.58948
2370000 2.51151
2380000 2.50515
2390000 2.51951
2400000 2.47281
2410000 2.43926
2420000 2.44746
2430000 2.48642
2440000 2.52358
2450000 2.52376
2460000 2.48759
2470000 2.48418
2480000 2.47693
2490000 2.4389
2500000 2.41595
2510000 2.52181
2520000 2.50595
2530000 2.51865
2540000 2.42114
2550000 2.48206
2560000 2.49207
2570000 2.44326
2580000 2.46505
2590000 2.46361
2600000 2.45179
2610000 2.47016
2620000 2.43353
2630000 2.50519
2640000 2.40004
2650000 2.42746
2660000 2.45777
2670000 2.42852
2680000 2.41016
2690000 2.45097
2700000 2.41465
2710000 2.43355
2720000 2.45335
2730000 2.36983
2740000 2.37281
2750000 2.36692
2760000 2.37683
2770000 2.43504
2780000 2.35985
2790000 2.44426
2800000 2.38925
2810000 2.34818
2820000 2.33896
2830000 2.37302
2840000 2.31564
2850000 2.40642
2860000 2.35654
2870000 2.44857
2880000 2.38579
2890000 2.36712
2900000 2.39007
2910000 2.37579
2920000 2.33383
2930000 2.31881
2940000 2.29507
2950000 2.3209
2960000 2.28825
2970000 2.29602
2980000 2.30487
2990000 2.39357
3000000 2.3855
3010000 2.30821
3020000 2.2982
3030000 2.29658
3040000 2.26245
3050000 2.28551
3060000 2.22433
3070000 2.31236
3080000 2.25322
3090000 2.29297
3100000 2.36287
3110000 2.35606
3120000 2.3175
3130000 2.24948
3140000 2.23597
3150000 2.24477
3160000 2.25303
3170000 2.21799
3180000 2.23672
3190000 2.23614
3200000 2.21484
3210000 2.19323
3220000 2.21724
3230000 2.16384
3240000 2.27868
3250000 2.24105
3260000 2.18595
3270000 2.30019
3280000 2.20771
3290000 2.18372
3300000 2.2312
3310000 2.19231
3320000 2.21291
3330000 2.21905
3340000 2.1548
3350000 2.15346
3360000 2.14695
3370000 2.15077
3380000 2.21438
3390000 2.18017
3400000 2.58524
3410000 2.40274
3420000 2.32175
3430000 2.26067
3440000 2.23805
3450000 2.25245
3460000 2.18665
3470000 2.17133
3480000 2.16676
3490000 2.1274
3500000 2.1007
3510000 2.1631
3520000 2.18262
3530000 2.14304
3540000 2.1423
3550000 2.09909
3560000 2.14157
3570000 2.11894
3580000 2.13635
3590000 2.11384
3600000 2.1079
3610000 2.10561
3620000 2.11371
3630000 2.12645
3640000 2.10133
3650000 2.15577
3660000 2.06828
3670000 2.09347
3680000 2.08552
3690000 2.07194
3700000 2.09735
3710000 2.08863
3720000 2.06192
3730000 2.08754
3740000 2.12306
3750000 2.07956
3760000 2.05822
3770000 2.03615
3780000 2.0743
3790000 2.06367
3800000 2.03689
3810000 2.06712
3820000 2.08508
3830000 2.18295
3840000 2.10982
3850000 2.12275
3860000 2.07354
3870000 2.10352
3880000 2.09882
3890000 2.08047
3900000 2.06901
3910000 2.06167
3920000 2.06759
3930000 2.08446
3940000 2.06751
3950000 2.05782
3960000 2.05103
3970000 2.0747
3980000 2.04051
3990000 2.0315
4000000 2.06054
4010000 2.04021
4020000 1.99776
4030000 2.01396
4040000 1.99026
4050000 2.03337
4060000 2.11173
4070000 2.05574
4080000 2.13832
4090000 2.0763
4100000 2.02796
4110000 2.04169
4120000 2.01867
4130000 2.06362
4140000 2.02472
4150000 2.00165
4160000 2.10096
4170000 2.0606
4180000 2.0396
4190000 2.01389
4200000 1.99574
4210000 1.98324
4220000 1.9687
4230000 2.05809
4240000 2.07088
4250000 2.05
4260000 2.05396
4270000 2.007
4280000 2.0205
4290000 2.0094
4300000 1.9585
4310000 1.94194
4320000 1.97265
4330000 1.93737
4340000 1.96526
4350000 1.94845
4360000 1.93854
4370000 1.99125
4380000 1.94997
4390000 1.99437
4400000 1.95356
4410000 1.9776
4420000 1.96601
4430000 1.95902
4440000 2.02854
4450000 2.0158
4460000 1.95484
4470000 1.94896
4480000 1.98345
4490000 2.066
4500000 2.0681
4510000 2.00581
4520000 1.96265
4530000 1.97453
4540000 1.98156
4550000 2.01344
4560000 1.95929
4570000 1.93755
4580000 1.93473
4590000 1.96181
4600000 1.96226
4610000 1.97262
4620000 1.96219
4630000 1.99619
4640000 1.98493
4650000 1.98739
4660000 1.94393
4670000 1.92445
4680000 1.93136
4690000 1.98342
4700000 1.96117
4710000 2.01499
4720000 1.97743
4730000 1.92517
4740000 1.89977
4750000 1.89686
4760000 1.91617
4770000 1.88203
4780000 1.8962
4790000 1.87
4800000 1.88379
4810000 1.93308
4820000 1.91773
4830000 1.89129
4840000 1.89709
4850000 1.88791
4860000 1.91055
4870000 1.87889
4880000 1.88743
4890000 1.90025
4900000 1.86623
4910000 1.94334
4920000 1.89178
4930000 1.84486
4940000 1.84627
4950000 1.89978
4960000 1.87531
4970000 1.91265
4980000 1.89022
4990000 1.89622
5000000 1.88387
5010000 1.87256
5020000 1.84976
5030000 1.89651
5040000 1.87291
5050000 1.89515
5060000 1.93706
5070000 1.94043
5080000 1.8943
5090000 1.87118
5100000 1.88982
5110000 1.88211
5120000 1.87814
5130000 1.88578
5140000 1.91603
5150000 2.00636
5160000 1.92292
5170000 1.89662
5180000 1.86753
5190000 1.86572
5200000 1.89223
5210000 1.84971
5220000 1.85762
5230000 1.87409
5240000 1.84862
5250000 1.84294
5260000 1.87034
5270000 1.81931
5280000 1.90324
5290000 1.89245
5300000 1.91079
5310000 1.88934
5320000 1.90022
5330000 1.85915
5340000 1.86754
5350000 1.83121
5360000 1.82704
5370000 1.83703
5380000 1.83815
5390000 1.85429
5400000 1.8296
5410000 1.85498
5420000 1.8343
5430000 1.88216
5440000 1.81019
5450000 1.81106
5460000 1.81668
5470000 1.80663
5480000 1.8188
5490000 1.80304
5500000 1.8234
5510000 1.81337
5520000 1.81729
5530000 1.88254
5540000 1.83309
5550000 1.84458
5560000 1.81695
5570000 1.82129
5580000 1.80728
5590000 1.83313
5600000 1.82144
5610000 1.86576
5620000 1.82682
5630000 1.84566
5640000 1.88438
5650000 1.82108
5660000 1.83476
5670000 1.81743
5680000 1.83936
5690000 1.81003
5700000 1.80247
5710000 1.80862
5720000 1.79096
5730000 1.80957
5740000 1.79787
5750000 1.77998
5760000 1.78003
5770000 1.78745
5780000 1.80366
5790000 1.7751
5800000 1.77099
5810000 1.8178
5820000 1.81973
5830000 1.80495
5840000 1.82647
5850000 1.82222
5860000 1.81515
5870000 1.77964
5880000 1.83022
5890000 1.76414
5900000 1.81087
5910000 1.78874
5920000 1.81964
5930000 1.81671
5940000 1.83126
5950000 1.8108
5960000 1.79352
5970000 1.82836
5980000 1.80465
5990000 1.81186
6000000 1.78538
6010000 1.82354
6020000 1.80658
6030000 1.84798
6040000 1.7777
6050000 1.83222
6060000 1.81824
6070000 1.82211
6080000 1.79587
6090000 1.77871
6100000 1.74601
6110000 1.79659
6120000 1.76005
6130000 1.77035
6140000 1.79245
6150000 1.76003
6160000 1.75706
6170000 1.74298
6180000 1.74271
6190000 1.77599
6200000 1.75795
6210000 1.75846
6220000 1.7718
6230000 1.7952
6240000 1.76836
6250000 1.75965
6260000 1.77167
6270000 1.75763
6280000 1.76532
6290000 1.72793
6300000 1.7619
6310000 1.79035
6320000 1.75787
6330000 1.74856
6340000 1.7594
6350000 1.76538
6360000 1.7366
6370000 1.72328
6380000 1.72259
6390000 1.73149
6400000 1.78966
6410000 1.75787
6420000 1.79654
6430000 1.75231
6440000 1.76951
6450000 1.73977
6460000 1.72066
6470000 1.77667
6480000 1.77139
6490000 1.71137
6500000 1.72954
6510000 1.78705
6520000 1.75844
6530000 1.76938
6540000 1.75369
6550000 1.77693
6560000 1.74286
6570000 1.76586
6580000 1.76699
6590000 1.73656
6600000 1.70473
6610000 1.76161
6620000 1.70551
6630000 1.71198
6640000 1.77759
6650000 1.74794
6660000 1.75315
6670000 1.75243
6680000 1.75862
6690000 1.76752
6700000 1.74077
6710000 1.73623
6720000 1.72425
6730000 1.74832
6740000 1.72993
6750000 1.69244
6760000 1.73672
6770000 1.70293
6780000 1.738
6790000 1.72375
6800000 1.72961
6810000 1.70824
6820000 1.70689
6830000 1.72492
6840000 1.75335
6850000 1.73323
6860000 1.71234
6870000 1.72202
6880000 1.76446
6890000 1.72377
6900000 1.75561
6910000 1.74151
6920000 1.72418
6930000 1.73324
6940000 1.726
6950000 1.70792
6960000 1.70137
6970000 1.68707
6980000 1.68871
6990000 1.70651
7000000 1.72074
7010000 1.70206
7020000 1.6964
7030000 1.68225
7040000 1.68206
7050000 1.71327
7060000 1.7296
7070000 1.73515
7080000 1.6982
7090000 1.683
7100000 1.70783
7110000 1.69869
7120000 1.69165
7130000 1.72005
7140000 1.7525
7150000 1.70934
7160000 1.68312
7170000 1.71614
7180000 1.68896
7190000 1.6947
7200000 1.68116
7210000 1.69657
7220000 1.69637
7230000 1.69151
7240000 1.71391
7250000 1.71468
7260000 1.70648
7270000 1.67079
7280000 1.71982
7290000 1.70771
7300000 1.72021
7310000 1.68635
7320000 1.72961
7330000 1.74235
7340000 1.68075
7350000 1.71996
7360000 1.69683
7370000 1.71541
7380000 1.67278
7390000 1.68088
7400000 1.67501
7410000 1.70755
7420000 1.69615
7430000 1.65872
7440000 1.66232
7450000 1.71266
7460000 1.70249
7470000 1.68675
7480000 1.70986
7490000 1.68193
7500000 1.68304
7510000 1.67098
7520000 1.65282
7530000 1.68491
7540000 1.69822
7550000 1.71594
7560000 1.65761
7570000 1.68254
7580000 1.66486
7590000 1.68915
7600000 1.66759
7610000 1.64708
7620000 1.7245
7630000 1.69342
7640000 1.63929
7650000 1.64127
7660000 1.672
7670000 1.67454
7680000 1.6675
7690000 1.67225
7700000 1.66466
7710000 1.68504
7720000 1.69325
7730000 1.65644
7740000 1.66009
7750000 1.67727
7760000 1.65478
7770000 1.68893
7780000 1.6946
7790000 1.66569
7800000 1.65835
7810000 1.66893
7820000 1.68544
7830000 1.64291
7840000 1.66168
7850000 1.64617
7860000 1.66395
7870000 1.66041
7880000 1.6455
7890000 1.62672
7900000 1.65542
7910000 1.63194
7920000 1.68571
7930000 1.67906
7940000 1.64542
7950000 1.64577
7960000 1.67714
7970000 1.6853
7980000 1.66625
7990000 1.71597
8000000 1.65868
8010000 1.64122
8020000 1.64005
8030000 1.66812
8040000 1.68666
8050000 1.6962
8060000 1.70347
8070000 1.68338
8080000 1.65193
8090000 1.65811
8100000 1.65306
8110000 1.65981
8120000 1.65192
8130000 1.69062
8140000 1.6427
8150000 1.63685
8160000 1.68779
8170000 1.63638
8180000 1.65456
8190000 1.65446
8200000 1.6485
8210000 1.6307
8220000 1.63795
8230000 1.65104
8240000 1.66868
8250000 1.67863
8260000 1.69383
8270000 1.69567
8280000 1.67467
8290000 1.65577
8300000 1.69854
8310000 1.67207
8320000 1.73574
8330000 1.70095
8340000 1.6672
8350000 1.71789
8360000 1.71902
8370000 1.68765
8380000 1.71051
8390000 1.69523
8400000 1.67436
8410000 1.67887
8420000 1.66353
8430000 1.67022
8440000 1.66371
8450000 1.66972
8460000 1.65902
8470000 1.63843
8480000 1.65831
8490000 1.64171
8500000 1.63801
8510000 1.62457
8520000 1.62514
8530000 1.62002
8540000 1.69757
8550000 1.64562
8560000 1.66527
8570000 1.67
8580000 1.61445
8590000 1.63058
8600000 1.649
8610000 1.64885
8620000 1.65985
8630000 1.63661
8640000 1.60505
8650000 1.62736
8660000 1.62189
8670000 1.63348
8680000 1.58329
8690000 1.60503
8700000 1.61963
8710000 1.60703
8720000 1.6248
8730000 1.61067
8740000 1.61875
8750000 1.59252
8760000 1.58626
8770000 1.58974
8780000 1.57693
8790000 1.60574
8800000 1.61133
8810000 1.58875
8820000 1.61388
8830000 1.64722
8840000 1.65299
8850000 1.64335
8860000 1.6577
8870000 1.63495
8880000 1.64206
8890000 1.65019
8900000 1.63411
8910000 1.61867
8920000 1.62563
8930000 1.66928
8940000 1.63251
8950000 1.62492
8960000 1.63959
8970000 1.6126
8980000 1.59726
8990000 1.5899
9000000 1.5996
9010000 1.62946
9020000 1.64219
9030000 1.6252
9040000 1.6451
9050000 1.67635
9060000 1.64104
9070000 1.64898
9080000 1.62383
9090000 1.60663
9100000 1.6487
9110000 1.60855
9120000 1.62168
9130000 1.63707
9140000 1.63625
9150000 1.62024
9160000 1.5995
9170000 1.6017
9180000 1.62161
9190000 1.61135
9200000 1.61135
9210000 1.60084
9220000 1.5844
9230000 1.61148
9240000 1.6442
9250000 1.62173
9260000 1.6544
9270000 1.64761
9280000 1.64851
9290000 1.65195
9300000 1.62766
9310000 1.61451
9320000 1.61349
9330000 1.58775
9340000 1.60028
9350000 1.62925
9360000 1.6382
9370000 1.60591
9380000 1.65311
9390000 1.62369
9400000 1.57017
9410000 1.62357
9420000 1.64341
9430000 1.61359
9440000 1.59567
9450000 1.59039
9460000 1.63223
9470000 1.61833
9480000 1.67137
9490000 1.60974
9500000 1.59736
9510000 1.58246
9520000 1.58987
9530000 1.5951
9540000 1.59389
9550000 1.61207
9560000 1.58852
9570000 1.58228
9580000 1.60074
9590000 1.60073
9600000 1.60139
9610000 1.58467
9620000 1.55263
9630000 1.62674
9640000 1.60413
9650000 1.59391
9660000 1.62872
9670000 1.6001
9680000 1.59062
9690000 1.57342
9700000 1.57512
9710000 1.60127
9720000 1.57782
9730000 1.58113
9740000 1.60533
9750000 1.58917
9760000 1.59667
9770000 1.59937
9780000 1.59258
9790000 1.56627
9800000 1.59138
9810000 1.59469
9820000 1.59226
9830000 1.6045
9840000 1.60826
9850000 1.58221
9860000 1.60368
9870000 1.59144
9880000 1.62185
9890000 1.61277
9900000 1.59099
9910000 1.59367
9920000 1.58913
9930000 1.60509
9940000 1.58719
9950000 1.60039
9960000 1.57481
9970000 1.59463
9980000 1.60695
9990000 1.58978
10000000 1.58761
