1 15.3829
2 12.1455
3 10.316
4 9.11256
5 8.25558
6 7.61213
7 7.10904
8 6.70265
9 6.36557
10 6.07988
11 5.83346
12 5.6178
13 5.42679
14 5.25592
15 5.10177
16 4.96168
17 4.83357
18 4.71577
19 4.60692
20 4.50591
21 4.41183
22 4.3239
23 4.24147
24 4.16399
25 4.09098
26 4.02201
27 3.95672
28 3.89479
29 3.83595
30 3.77994
31 3.72653
32 3.67554
33 3.62678
34 3.5801
35 3.53535
36 3.49241
37 3.45115
38 3.41148
39 3.3733
40 3.33651
41 3.30104
42 3.26681
43 3.23375
44 3.2018
45 3.17089
46 3.14097
47 3.112
48 3.08392
49 3.05669
50 3.03027
51 3.00462
52 2.97971
53 2.9555
54 2.93197
55 2.90907
56 2.8868
57 2.86511
58 2.84398
59 2.8234
60 2.80334
61 2.78377
62 2.76469
63 2.74607
64 2.72789
65 2.71014
66 2.6928
67 2.67586
68 2.65931
69 2.64312
70 2.6273
71 2.61181
72 2.59667
73 2.58184
74 2.56732
75 2.55311
76 2.53919
77 2.52555
78 2.51219
79 2.49909
80 2.48624
81 2.47365
82 2.4613
83 2.44918
84 2.43729
85 2.42562
86 2.41417
87 2.40292
88 2.39188
89 2.38103
90 2.37038
91 2.35991
92 2.34962
93 2.33951
94 2.32956
95 2.31979
96 2.31018
97 2.30073
98 2.29143
99 2.28228
100 2.27328
101 2.26442
102 2.25571
103 2.24713
104 2.23868
105 2.23036
106 2.22217
107 2.2141
108 2.20616
109 2.19833
110 2.19062
111 2.18302
112 2.17553
113 2.16815
114 2.16087
115 2.1537
116 2.14662
117 2.13965
118 2.13277
119 2.12599
120 2.1193
121 2.11271
122 2.1062
123 2.09977
124 2.09344
125 2.08718
126 2.08101
127 2.07492
128 2.06891
129 2.06298
130 2.05712
131 2.05133
132 2.04562
133 2.03998
134 2.03441
135 2.02891
136 2.02348
137 2.01811
138 2.01281
139 2.00757
140 2.0024
141 1.99729
142 1.99223
143 1.98724
144 1.98231
145 1.97743
146 1.97261
147 1.96785
148 1.96314
149 1.95849
150 1.95388
151 1.94933
152 1.94484
153 1.94039
154 1.93599
155 1.93164
156 1.92734
157 1.92308
158 1.91887
159 1.91471
160 1.91059
161 1.90652
162 1.90249
163 1.8985
164 1.89456
165 1.89066
166 1.8868
167 1.88298
168 1.8792
169 1.87546
170 1.87175
171 1.86809
172 1.86446
173 1.86087
174 1.85732
175 1.8538
176 1.85032
177 1.84687
178 1.84346
179 1.84009
180 1.83674
181 1.83343
182 1.83015
183 1.82691
184 1.82369
185 1.82051
186 1.81736
187 1.81423
188 1.81114
189 1.80808
190 1.80505
191 1.80204
192 1.79907
193 1.79612
194 1.7932
195 1.79031
196 1.78745
197 1.78461
198 1.7818
199 1.77902
200 1.77626
201 1.77352
202 1.77081
203 1.76813
204 1.76547
205 1.76284
206 1.76023
207 1.75764
208 1.75508
209 1.75254
210 1.75002
211 1.74753
212 1.74506
213 1.74261
214 1.74018
215 1.73777
216 1.73539
217 1.73302
218 1.73068
219 1.72836
220 1.72606
221 1.72378
222 1.72151
223 1.71927
224 1.71705
225 1.71485
226 1.71267
227 1.7105
228 1.70836
229 1.70623
230 1.70412
231 1.70203
232 1.69996
233 1.6979
234 1.69587
235 1.69385
236 1.69184
237 1.68986
238 1.68789
239 1.68594
240 1.684
241 1.68209
242 1.68018
243 1.6783
244 1.67643
245 1.67457
246 1.67273
247 1.67091
248 1.6691
249 1.66731
250 1.66553
251 1.66376
252 1.66202
253 1.66028
254 1.65856
255 1.65685
256 1.65516
257 1.65348
258 1.65182
259 1.65017
260 1.64853
261 1.64691
262 1.6453
263 1.6437
264 1.64211
265 1.64054
266 1.63898
267 1.63744
268 1.6359
269 1.63438
270 1.63287
271 1.63137
272 1.62989
273 1.62842
274 1.62695
275 1.62551
276 1.62407
277 1.62264
278 1.62122
279 1.61982
280 1.61843
281 1.61705
282 1.61568
283 1.61432
284 1.61297
285 1.61163
286 1.6103
287 1.60898
288 1.60767
289 1.60638
290 1.60509
291 1.60382
292 1.60255
293 1.60129
294 1.60005
295 1.59881
296 1.59758
297 1.59636
298 1.59516
299 1.59396
300 1.59277
301 1.59159
302 1.59042
303 1.58926
304 1.5881
305 1.58696
306 1.58583
307 1.5847
308 1.58358
309 1.58248
310 1.58138
311 1.58028
312 1.5792
313 1.57813
314 1.57706
315 1.576
316 1.57495
317 1.57391
318 1.57288
319 1.57186
320 1.57084
321 1.56983
322 1.56883
323 1.56783
324 1.56685
325 1.56587
326 1.5649
327 1.56393
328 1.56298
329 1.56203
330 1.56109
331 1.56015
332 1.55922
333 1.5583
334 1.55739
335 1.55649
336 1.55559
337 1.55469
338 1.55381
339 1.55293
340 1.55206
341 1.55119
342 1.55034
343 1.54948
344 1.54864
345 1.5478
346 1.54697
347 1.54614
348 1.54532
349 1.54451
350 1.5437
351 1.5429
352 1.54211
353 1.54132
354 1.54054
355 1.53976
356 1.53899
357 1.53823
358 1.53747
359 1.53672
360 1.53597
361 1.53523
362 1.53449
363 1.53376
364 1.53304
365 1.53232
366 1.5316
367 1.5309
368 1.53019
369 1.5295
370 1.52881
371 1.52812
372 1.52744
373 1.52676
374 1.52609
375 1.52543
376 1.52477
377 1.52411
378 1.52346
379 1.52282
380 1.52218
381 1.52154
382 1.52091
383 1.52029
384 1.51967
385 1.51905
386 1.51844
387 1.51784
388 1.51723
389 1.51664
390 1.51605
391 1.51546
392 1.51488
393 1.5143
394 1.51372
395 1.51315
396 1.51259
397 1.51203
398 1.51147
399 1.51092
400 1.51037
401 1.50983
402 1.50929
403 1.50876
404 1.50823
405 1.5077
406 1.50718
407 1.50666
408 1.50615
409 1.50564
410 1.50513
411 1.50463
412 1.50413
413 1.50364
414 1.50315
415 1.50266
416 1.50218
417 1.5017
418 1.50122
419 1.50075
420 1.50028
421 1.49982
422 1.49936
423 1.4989
424 1.49845
425 1.498
426 1.49756
427 1.49711
428 1.49667
429 1.49624
430 1.49581
431 1.49538
432 1.49495
433 1.49453
434 1.49412
435 1.4937
436 1.49329
437 1.49288
438 1.49248
439 1.49208
440 1.49168
441 1.49128
442 1.49089
443 1.4905
444 1.49012
445 1.48973
446 1.48936
447 1.48898
448 1.48861
449 1.48824
450 1.48787
451 1.48751
452 1.48715
453 1.48679
454 1.48643
455 1.48608
456 1.48573
457 1.48539
458 1.48505
459 1.48471
460 1.48437
461 1.48403
462 1.4837
463 1.48337
464 1.48305
465 1.48273
466 1.48241
467 1.48209
468 1.48177
469 1.48146
470 1.48115
471 1.48085
472 1.48054
473 1.48024
474 1.47994
475 1.47965
476 1.47935
477 1.47906
478 1.47877
479 1.47849
480 1.4782
481 1.47792
482 1.47764
483 1.47737
484 1.47709
485 1.47682
486 1.47656
487 1.47629
488 1.47603
489 1.47576
490 1.47551
491 1.47525
492 1.47499
493 1.47474
494 1.47449
495 1.47425
496 1.474
497 1.47376
498 1.47352
499 1.47328
500 1.47304
501 1.47281
502 1.47258
503 1.47235
504 1.47212
505 1.4719
506 1.47167
507 1.47145
508 1.47123
509 1.47102
510 1.4708
511 1.47059
512 1.47038
513 1.47017
514 1.46996
515 1.46976
516 1.46956
517 1.46936
518 1.46916
519 1.46896
520 1.46877
521 1.46858
522 1.46839
523 1.4682
524 1.46801
525 1.46783
526 1.46764
527 1.46746
528 1.46728
529 1.46711
530 1.46693
531 1.46676
532 1.46659
533 1.46642
534 1.46625
535 1.46608
536 1.46592
537 1.46576
538 1.46559
539 1.46544
540 1.46528
541 1.46512
542 1.46497
543 1.46482
544 1.46467
545 1.46452
546 1.46437
547 1.46422
548 1.46408
549 1.46394
550 1.4638
551 1.46366
552 1.46352
553 1.46339
554 1.46325
555 1.46312
556 1.46299
557 1.46286
558 1.46273
559 1.46261
560 1.46248
561 1.46236
562 1.46224
563 1.46212
564 1.462
565 1.46188
566 1.46177
567 1.46165
568 1.46154
569 1.46143
570 1.46132
571 1.46121
572 1.4611
573 1.461
574 1.46089
575 1.46079
576 1.46069
577 1.46059
578 1.46049
579 1.46039
580 1.4603
581 1.4602
582 1.46011
583 1.46002
584 1.45993
585 1.45984
586 1.45975
587 1.45967
588 1.45958
589 1.4595
590 1.45942
591 1.45934
592 1.45926
593 1.45918
594 1.4591
595 1.45903
596 1.45895
597 1.45888
598 1.45881
599 1.45873
600 1.45866
601 1.4586
602 1.45853
603 1.45846
604 1.4584
605 1.45833
606 1.45827
607 1.45821
608 1.45815
609 1.45809
610 1.45803
611 1.45798
612 1.45792
613 1.45787
614 1.45781
615 1.45776
616 1.45771
617 1.45766
618 1.45761
619 1.45757
620 1.45752
621 1.45747
622 1.45743
623 1.45739
624 1.45734
625 1.4573
626 1.45726
627 1.45722
628 1.45719
629 1.45715
630 1.45711
631 1.45708
632 1.45705
633 1.45701
634 1.45698
635 1.45695
636 1.45692
637 1.45689
638 1.45686
639 1.45684
640 1.45681
641 1.45679
642 1.45676
643 1.45674
644 1.45672
645 1.4567
646 1.45668
647 1.45666
648 1.45664
649 1.45662
650 1.45661
651 1.45659
652 1.45658
653 1.45656
654 1.45655
655 1.45654
656 1.45653
657 1.45652
658 1.45651
659 1.4565
660 1.45649
661 1.45649
662 1.45648
663 1.45648
664 1.45647
665 1.45647
666 1.45647
667 1.45647
668 1.45647
669 1.45647
670 1.45647
671 1.45647
672 1.45647
673 1.45648
674 1.45648
675 1.45649
676 1.45649
677 1.4565
678 1.45651
679 1.45652
680 1.45652
681 1.45653
682 1.45654
683 1.45656
684 1.45657
685 1.45658
686 1.45659
687 1.45661
688 1.45662
689 1.45664
690 1.45666
691 1.45667
692 1.45669
693 1.45671
694 1.45673
695 1.45675
696 1.45677
697 1.45679
698 1.45682
699 1.45684
700 1.45686
701 1.45689
702 1.45691
703 1.45694
704 1.45696
705 1.45699
706 1.45702
707 1.45705
708 1.45708
709 1.45711
710 1.45714
711 1.45717
712 1.4572
713 1.45723
714 1.45726
715 1.4573
716 1.45733
717 1.45737
718 1.4574
719 1.45744
720 1.45748
721 1.45751
722 1.45755
723 1.45759
724 1.45763
725 1.45767
726 1.45771
727 1.45775
728 1.45779
729 1.45783
730 1.45788
731 1.45792
732 1.45796
733 1.45801
734 1.45805
735 1.4581
736 1.45815
737 1.45819
738 1.45824
739 1.45829
740 1.45834
741 1.45839
742 1.45844
743 1.45849
744 1.45854
745 1.45859
746 1.45864
747 1.45869
748 1.45875
749 1.4588
750 1.45885
