1 227.882
2 146.096
3 107.552
4 84.4166
5 68.9163
6 57.8514
7 49.6116
8 43.2769
9 38.2821
10 34.2619
11 30.9704
12 28.2374
13 25.9406
14 23.9903
15 22.3199
16 20.878
17 19.6248
18 18.529
19 17.5653
20 16.7133
21 15.9566
22 15.2815
23 14.6769
24 14.1334
25 13.6432
26 13.1996
27 12.7969
28 12.4301
29 12.0953
30 11.7886
31 11.5071
32 11.2479
33 11.0087
34 10.7875
35 10.5824
36 10.3919
37 10.2144
38 10.0489
39 9.89429
40 9.74953
41 9.61379
42 9.48632
43 9.36643
44 9.2535
45 9.14694
46 9.04627
47 8.95103
48 8.86083
49 8.77529
50 8.69409
51 8.61691
52 8.54346
53 8.47349
54 8.40679
55 8.34311
56 8.28227
57 8.22408
58 8.1684
59 8.11506
60 8.06392
61 8.01487
62 7.96778
63 7.92254
64 7.87904
65 7.83719
66 7.79691
67 7.75811
68 7.72072
69 7.68467
70 7.64989
71 7.61633
72 7.58391
73 7.5526
74 7.52233
75 7.49306
76 7.46475
77 7.43735
78 7.41083
79 7.38514
80 7.36025
81 7.33613
82 7.31275
83 7.29007
84 7.26807
85 7.24672
86 7.226
87 7.20588
88 7.18633
89 7.16734
90 7.14887
91 7.13091
92 7.11343
93 7.09642
94 7.07987
95 7.06374
96 7.04804
97 7.03273
98 7.01781
99 7.00327
100 6.98909
