1 11.5329
2 7.39038
3 5.74027
4 4.79321
5 4.21838
6 3.82891
7 3.55293
8 3.34359
9 3.17545
10 3.03592
11 2.91732
12 2.8144
13 2.72408
14 2.64372
15 2.57178
16 2.5068
17 2.44781
18 2.39393
19 2.3445
20 2.29895
21 2.25683
22 2.21775
23 2.18138
24 2.14744
25 2.11569
26 2.08591
27 2.05794
28 2.0316
29 2.00675
30 1.98327
31 1.96105
32 1.93999
33 1.92002
34 1.90104
35 1.88298
36 1.8658
37 1.84942
38 1.8338
39 1.81889
40 1.80466
41 1.79105
42 1.77804
43 1.7656
44 1.75369
45 1.74228
46 1.73134
47 1.72086
48 1.71081
49 1.70116
50 1.6919
51 1.683
52 1.67445
53 1.66624
54 1.65835
55 1.65076
56 1.64346
57 1.63644
58 1.62969
59 1.62319
60 1.61693
61 1.61091
62 1.60511
63 1.59952
64 1.59414
65 1.58896
66 1.58396
67 1.57915
68 1.57452
69 1.57005
70 1.56575
71 1.5616
72 1.5576
73 1.55375
74 1.55005
75 1.54647
76 1.54303
77 1.53971
78 1.53652
79 1.53344
80 1.53048
81 1.52762
82 1.52488
83 1.52223
84 1.51969
85 1.51724
86 1.51488
87 1.51261
88 1.51043
89 1.50833
90 1.50632
91 1.50439
92 1.50253
93 1.50074
94 1.49903
95 1.49739
96 1.49581
97 1.49431
98 1.49286
99 1.49147
100 1.49015
101 1.48888
102 1.48767
103 1.48651
104 1.48541
105 1.48436
106 1.48335
107 1.48239
108 1.48148
109 1.48062
110 1.4798
111 1.47902
112 1.47828
113 1.47759
114 1.47693
115 1.47631
116 1.47573
117 1.47518
118 1.47467
119 1.47419
120 1.47375
121 1.47333
122 1.47295
123 1.4726
124 1.47228
125 1.47199
126 1.47172
127 1.47148
128 1.47127
129 1.47108
130 1.47092
131 1.47078
132 1.47067
133 1.47058
134 1.47051
135 1.47047
136 1.47044
137 1.47044
138 1.47045
139 1.47049
140 1.47054
141 1.47061
142 1.47071
143 1.47081
144 1.47094
145 1.47108
146 1.47124
147 1.47141
148 1.4716
149 1.4718
150 1.47201
151 1.47224
152 1.47249
153 1.47274
154 1.47301
155 1.4733
156 1.47359
157 1.4739
158 1.47421
159 1.47454
160 1.47488
161 1.47523
162 1.47559
163 1.47596
164 1.47634
165 1.47673
166 1.47713
167 1.47754
168 1.47795
169 1.47838
170 1.47881
171 1.47925
172 1.4797
173 1.48015
174 1.48061
175 1.48108
176 1.48156
177 1.48204
178 1.48253
179 1.48303
180 1.48353
181 1.48403
182 1.48455
183 1.48507
184 1.48559
185 1.48612
186 1.48665
187 1.48719
188 1.48773
189 1.48828
190 1.48883
191 1.48939
192 1.48995
193 1.49051
194 1.49108
195 1.49165
196 1.49223
197 1.49281
198 1.49339
199 1.49397
200 1.49456
201 1.49515
202 1.49575
203 1.49635
204 1.49695
205 1.49755
206 1.49815
207 1.49876
208 1.49937
209 1.49998
210 1.5006
211 1.50121
212 1.50183
213 1.50245
214 1.50307
215 1.50369
216 1.50432
217 1.50494
218 1.50557
219 1.5062
220 1.50683
221 1.50746
222 1.5081
223 1.50873
224 1.50937
225 1.51
226 1.51064
227 1.51128
228 1.51192
229 1.51256
230 1.5132
231 1.51384
232 1.51448
233 1.51512
234 1.51576
235 1.51641
236 1.51705
237 1.51769
238 1.51834
239 1.51898
240 1.51963
241 1.52027
242 1.52091
243 1.52156
244 1.52221
245 1.52285
246 1.5235
247 1.52414
248 1.52479
249 1.52543
250 1.52608
251 1.52672
252 1.52737
253 1.52801
254 1.52865
255 1.5293
256 1.52994
257 1.53058
258 1.53123
259 1.53187
260 1.53251
261 1.53315
262 1.53379
263 1.53443
264 1.53507
265 1.53571
266 1.53635
267 1.53698
268 1.53762
269 1.53826
270 1.53889
271 1.53952
272 1.54016
273 1.54079
274 1.54142
275 1.54205
276 1.54268
277 1.54331
278 1.54394
279 1.54457
280 1.5452
281 1.54582
282 1.54645
283 1.54707
284 1.54769
285 1.54831
286 1.54893
287 1.54955
288 1.55017
289 1.55079
290 1.5514
291 1.55202
292 1.55263
293 1.55325
294 1.55386
295 1.55447
296 1.55508
297 1.55569
298 1.55629
299 1.5569
300 1.5575
301 1.55811
302 1.55871
303 1.55931
304 1.55991
305 1.56051
306 1.56111
307 1.5617
308 1.5623
309 1.56289
310 1.56348
311 1.56408
312 1.56467
313 1.56526
314 1.56584
315 1.56643
316 1.56702
317 1.5676
318 1.56818
319 1.56876
320 1.56934
321 1.56992
322 1.5705
323 1.57108
324 1.57165
325 1.57222
326 1.5728
327 1.57337
328 1.57394
329 1.57451
330 1.57507
331 1.57564
332 1.5762
333 1.57677
334 1.57733
335 1.57789
336 1.57845
337 1.57901
338 1.57956
339 1.58012
340 1.58067
341 1.58122
342 1.58178
343 1.58233
344 1.58288
345 1.58342
346 1.58397
347 1.58451
348 1.58506
349 1.5856
350 1.58614
351 1.58668
352 1.58722
353 1.58776
354 1.58829
355 1.58883
356 1.58936
357 1.58989
358 1.59042
359 1.59095
360 1.59148
361 1.59201
362 1.59253
363 1.59306
364 1.59358
365 1.5941
366 1.59462
367 1.59514
368 1.59566
369 1.59617
370 1.59669
371 1.5972
372 1.59771
373 1.59823
374 1.59874
375 1.59924
376 1.59975
377 1.60026
378 1.60076
379 1.60127
380 1.60177
381 1.60227
382 1.60277
383 1.60327
384 1.60377
385 1.60426
386 1.60476
387 1.60525
388 1.60574
389 1.60623
390 1.60672
391 1.60721
392 1.6077
393 1.60819
394 1.60867
395 1.60915
396 1.60964
397 1.61012
398 1.6106
399 1.61108
400 1.61156
401 1.61203
402 1.61251
403 1.61298
404 1.61346
405 1.61393
406 1.6144
407 1.61487
408 1.61534
409 1.6158
410 1.61627
411 1.61673
412 1.6172
413 1.61766
414 1.61812
415 1.61858
416 1.61904
417 1.6195
418 1.61996
419 1.62041
420 1.62087
421 1.62132
422 1.62177
423 1.62222
424 1.62267
425 1.62312
426 1.62357
427 1.62402
428 1.62446
429 1.62491
430 1.62535
431 1.62579
432 1.62623
433 1.62667
434 1.62711
435 1.62755
436 1.62799
437 1.62842
438 1.62886
439 1.62929
440 1.62972
441 1.63015
442 1.63059
443 1.63101
444 1.63144
445 1.63187
446 1.6323
447 1.63272
448 1.63315
449 1.63357
450 1.63399
451 1.63441
452 1.63483
453 1.63525
454 1.63567
455 1.63609
456 1.6365
457 1.63692
458 1.63733
459 1.63774
460 1.63816
461 1.63857
462 1.63898
463 1.63939
464 1.63979
465 1.6402
466 1.64061
467 1.64101
468 1.64142
469 1.64182
470 1.64222
471 1.64262
472 1.64302
473 1.64342
474 1.64382
475 1.64422
476 1.64462
477 1.64501
478 1.64541
479 1.6458
480 1.64619
481 1.64658
482 1.64697
483 1.64736
484 1.64775
485 1.64814
486 1.64853
487 1.64891
488 1.6493
489 1.64968
490 1.65007
491 1.65045
492 1.65083
493 1.65121
494 1.65159
495 1.65197
496 1.65235
497 1.65272
498 1.6531
499 1.65348
500 1.65385
501 1.65422
502 1.6546
503 1.65497
504 1.65534
505 1.65571
506 1.65608
507 1.65645
508 1.65681
509 1.65718
510 1.65755
511 1.65791
512 1.65828
513 1.65864
514 1.659
515 1.65936
516 1.65972
517 1.66008
518 1.66044
519 1.6608
520 1.66116
521 1.66152
522 1.66187
523 1.66223
524 1.66258
525 1.66294
526 1.66329
527 1.66364
528 1.66399
529 1.66434
530 1.66469
531 1.66504
532 1.66539
533 1.66574
534 1.66608
535 1.66643
536 1.66678
537 1.66712
538 1.66746
539 1.66781
540 1.66815
541 1.66849
542 1.66883
543 1.66917
544 1.66951
545 1.66985
546 1.67019
547 1.67052
548 1.67086
549 1.67119
550 1.67153
551 1.67186
552 1.6722
553 1.67253
554 1.67286
555 1.67319
556 1.67352
557 1.67385
558 1.67418
559 1.67451
560 1.67484
561 1.67517
562 1.67549
563 1.67582
564 1.67614
565 1.67647
566 1.67679
567 1.67712
568 1.67744
569 1.67776
570 1.67808
571 1.6784
572 1.67872
573 1.67904
574 1.67936
575 1.67968
576 1.67999
577 1.68031
578 1.68063
579 1.68094
580 1.68125
581 1.68157
582 1.68188
583 1.68219
584 1.68251
585 1.68282
586 1.68313
587 1.68344
588 1.68375
589 1.68406
590 1.68437
591 1.68467
592 1.68498
593 1.68529
594 1.68559
595 1.6859
596 1.6862
597 1.68651
598 1.68681
599 1.68711
600 1.68742
601 1.68772
602 1.68802
603 1.68832
604 1.68862
605 1.68892
606 1.68922
607 1.68951
608 1.68981
609 1.69011
610 1.69041
611 1.6907
612 1.691
613 1.69129
614 1.69159
615 1.69188
616 1.69217
617 1.69246
618 1.69276
619 1.69305
620 1.69334
621 1.69363
622 1.69392
623 1.69421
624 1.6945
625 1.69478
626 1.69507
627 1.69536
628 1.69565
629 1.69593
630 1.69622
631 1.6965
632 1.69679
633 1.69707
634 1.69735
635 1.69764
636 1.69792
637 1.6982
638 1.69848
639 1.69876
640 1.69904
641 1.69932
642 1.6996
643 1.69988
644 1.70016
645 1.70044
646 1.70072
647 1.70099
648 1.70127
649 1.70154
650 1.70182
651 1.70209
652 1.70237
653 1.70264
654 1.70292
655 1.70319
656 1.70346
657 1.70373
658 1.704
659 1.70428
660 1.70455
661 1.70482
662 1.70509
663 1.70536
664 1.70562
665 1.70589
666 1.70616
667 1.70643
668 1.70669
669 1.70696
670 1.70723
671 1.70749
672 1.70776
673 1.70802
674 1.70829
675 1.70855
676 1.70881
677 1.70908
678 1.70934
679 1.7096
680 1.70986
681 1.71012
682 1.71038
683 1.71064
684 1.7109
685 1.71116
686 1.71142
687 1.71168
688 1.71194
689 1.71219
690 1.71245
691 1.71271
692 1.71296
693 1.71322
694 1.71348
695 1.71373
696 1.71399
697 1.71424
698 1.71449
699 1.71475
700 1.715
701 1.71525
702 1.71551
703 1.71576
704 1.71601
705 1.71626
706 1.71651
707 1.71676
708 1.71701
709 1.71726
710 1.71751
711 1.71776
712 1.71801
713 1.71825
714 1.7185
715 1.71875
716 1.719
717 1.71924
718 1.71949
719 1.71973
720 1.71998
721 1.72022
722 1.72047
723 1.72071
724 1.72096
725 1.7212
726 1.72144
727 1.72168
728 1.72193
729 1.72217
730 1.72241
731 1.72265
732 1.72289
733 1.72313
734 1.72337
735 1.72361
736 1.72385
737 1.72409
738 1.72433
739 1.72457
740 1.72481
741 1.72504
742 1.72528
743 1.72552
744 1.72575
745 1.72599
746 1.72623
747 1.72646
748 1.7267
749 1.72693
750 1.72717
