1 14.3631
2 9.62157
3 7.25821
4 4.88434
5 3.40656
6 2.60173
7 2.07019
8 1.82008
9 1.66766
10 1.57175
11 1.49762
12 1.44564
13 1.40752
14 1.39449
15 1.38763
16 1.39253
17 1.39319
18 1.39638
19 1.39612
20 1.39806
21 1.3995
22 1.40269
23 1.40571
24 1.40975
25 1.41353
26 1.4179
27 1.4222
28 1.42667
29 1.43122
30 1.43567
31 1.44033
32 1.4448
33 1.44948
34 1.45402
35 1.45867
36 1.46327
37 1.4679
38 1.47254
39 1.47714
40 1.48178
41 1.48636
42 1.49096
43 1.49552
44 1.50007
45 1.50457
46 1.50907
47 1.51352
48 1.51796
49 1.52235
50 1.52671
51 1.53104
52 1.53534
53 1.5396
54 1.54384
55 1.54805
56 1.55222
57 1.55637
58 1.56049
59 1.56456
60 1.5686
61 1.5726
62 1.57657
63 1.58049
64 1.58437
65 1.58822
66 1.59204
67 1.59582
68 1.59958
69 1.6033
70 1.60698
71 1.61063
72 1.61425
73 1.61784
74 1.6214
75 1.62492
76 1.62841
77 1.63188
78 1.63531
79 1.6387
80 1.64207
81 1.64541
82 1.64873
83 1.65201
84 1.65527
85 1.65849
86 1.66169
87 1.66487
88 1.66801
89 1.67114
90 1.67423
91 1.6773
92 1.68035
93 1.68337
94 1.68636
95 1.68933
96 1.69227
97 1.69519
98 1.69809
99 1.70097
100 1.70382
101 1.70665
102 1.70945
103 1.71223
104 1.715
105 1.71773
106 1.72045
107 1.72315
108 1.72582
109 1.72848
110 1.73111
111 1.73372
112 1.73632
113 1.73889
114 1.74144
115 1.74397
116 1.74648
117 1.74898
118 1.75145
119 1.75391
120 1.75634
121 1.75876
122 1.76116
123 1.76354
124 1.7659
125 1.76825
126 1.77058
127 1.77289
128 1.77518
129 1.77745
130 1.77971
131 1.78195
132 1.78418
133 1.78639
134 1.78858
135 1.79076
136 1.79292
137 1.79506
138 1.79719
139 1.7993
140 1.8014
141 1.80348
142 1.80554
143 1.80759
144 1.80962
145 1.81164
146 1.81365
147 1.81564
148 1.81761
149 1.81957
150 1.82152
151 1.82345
152 1.82537
153 1.82728
154 1.82917
155 1.83104
156 1.83291
157 1.83476
158 1.8366
159 1.83842
160 1.84023
161 1.84203
162 1.84381
163 1.84559
164 1.84735
165 1.84909
166 1.85083
167 1.85255
168 1.85426
169 1.85596
170 1.85765
171 1.85932
172 1.86099
173 1.86264
174 1.86428
175 1.86591
176 1.86753
177 1.86914
178 1.87073
179 1.87232
180 1.8739
181 1.87546
182 1.87702
183 1.87856
184 1.8801
185 1.88163
186 1.88314
187 1.88465
188 1.88614
189 1.88763
190 1.88911
191 1.89057
192 1.89203
193 1.89348
194 1.89492
195 1.89635
196 1.89777
197 1.89918
198 1.90058
199 1.90198
200 1.90336
201 1.90474
202 1.90611
203 1.90747
204 1.90882
205 1.91016
206 1.9115
207 1.91282
208 1.91414
209 1.91545
210 1.91675
211 1.91805
212 1.91934
213 1.92062
214 1.92189
215 1.92315
216 1.92441
217 1.92566
218 1.9269
219 1.92813
220 1.92936
221 1.93058
222 1.9318
223 1.933
224 1.9342
225 1.9354
226 1.93658
227 1.93776
228 1.93893
229 1.9401
230 1.94126
231 1.94241
232 1.94356
233 1.9447
234 1.94583
235 1.94696
236 1.94808
237 1.94919
238 1.9503
239 1.9514
240 1.9525
241 1.95359
242 1.95467
243 1.95575
244 1.95682
245 1.95789
246 1.95895
247 1.96001
248 1.96106
249 1.9621
250 1.96314
251 1.96417
252 1.9652
253 1.96622
254 1.96724
255 1.96825
256 1.96926
257 1.97026
258 1.97125
259 1.97225
260 1.97323
261 1.97421
262 1.97519
263 1.97616
264 1.97712
265 1.97809
266 1.97904
267 1.97999
268 1.98094
269 1.98188
270 1.98282
271 1.98375
272 1.98468
273 1.9856
274 1.98652
275 1.98743
276 1.98834
277 1.98925
278 1.99015
279 1.99105
280 1.99194
281 1.99282
282 1.99371
283 1.99459
284 1.99546
285 1.99633
286 1.9972
287 1.99806
288 1.99892
289 1.99978
290 2.00063
291 2.00147
292 2.00231
293 2.00315
294 2.00399
295 2.00482
296 2.00565
297 2.00647
298 2.00729
299 2.0081
300 2.00892
301 2.00973
302 2.01053
303 2.01133
304 2.01213
305 2.01292
306 2.01371
307 2.0145
308 2.01528
309 2.01606
310 2.01684
311 2.01761
312 2.01838
313 2.01915
314 2.01991
315 2.02067
316 2.02143
317 2.02218
318 2.02293
319 2.02368
320 2.02442
321 2.02516
322 2.0259
323 2.02664
324 2.02737
325 2.02809
326 2.02882
327 2.02954
328 2.03026
329 2.03098
330 2.03169
331 2.0324
332 2.03311
333 2.03381
334 2.03451
335 2.03521
336 2.03591
337 2.0366
338 2.03729
339 2.03798
340 2.03866
341 2.03934
342 2.04002
343 2.0407
344 2.04137
345 2.04204
346 2.04271
347 2.04338
348 2.04404
349 2.0447
350 2.04536
351 2.04601
352 2.04666
353 2.04732
354 2.04796
355 2.04861
356 2.04925
357 2.04989
358 2.05053
359 2.05117
360 2.0518
361 2.05243
362 2.05306
363 2.05368
364 2.05431
365 2.05493
366 2.05555
367 2.05616
368 2.05678
369 2.05739
370 2.058
371 2.05861
372 2.05922
373 2.05982
374 2.06042
375 2.06102
376 2.06162
377 2.06221
378 2.06281
379 2.0634
380 2.06398
381 2.06457
382 2.06516
383 2.06574
384 2.06632
385 2.0669
386 2.06747
387 2.06805
388 2.06862
389 2.06919
390 2.06976
391 2.07033
392 2.07089
393 2.07146
394 2.07202
395 2.07258
396 2.07313
397 2.07369
398 2.07424
399 2.07479
400 2.07534
401 2.07589
402 2.07644
403 2.07698
404 2.07753
405 2.07807
406 2.07861
407 2.07915
408 2.07968
409 2.08022
410 2.08075
411 2.08128
412 2.08181
413 2.08234
414 2.08286
415 2.08339
416 2.08391
417 2.08443
418 2.08495
419 2.08547
420 2.08598
421 2.0865
422 2.08701
423 2.08752
424 2.08803
425 2.08854
426 2.08905
427 2.08955
428 2.09005
429 2.09056
430 2.09106
431 2.09156
432 2.09205
433 2.09255
434 2.09304
435 2.09354
436 2.09403
437 2.09452
438 2.09501
439 2.0955
440 2.09598
441 2.09647
442 2.09695
443 2.09743
444 2.09791
445 2.09839
446 2.09887
447 2.09935
448 2.09982
449 2.1003
450 2.10077
451 2.10124
452 2.10171
453 2.10218
454 2.10265
455 2.10311
456 2.10358
457 2.10404
458 2.1045
459 2.10497
460 2.10543
461 2.10588
462 2.10634
463 2.1068
464 2.10725
465 2.10771
466 2.10816
467 2.10861
468 2.10906
469 2.10951
470 2.10996
471 2.1104
472 2.11085
473 2.11129
474 2.11174
475 2.11218
476 2.11262
477 2.11306
478 2.1135
479 2.11393
480 2.11437
481 2.1148
482 2.11524
483 2.11567
484 2.1161
485 2.11653
486 2.11696
487 2.11739
488 2.11782
489 2.11825
490 2.11867
491 2.11909
492 2.11952
493 2.11994
494 2.12036
495 2.12078
496 2.1212
497 2.12162
498 2.12203
499 2.12245
500 2.12286
