1 242.887
2 107.159
3 58.8532
4 40.6284
5 31.6511
6 26.065
7 22.1813
8 19.3572
9 17.2354
10 15.6037
11 14.3213
12 13.2976
13 12.4675
14 11.7852
15 11.2175
16 10.7397
17 10.3335
18 9.98497
19 9.68328
20 9.42012
21 9.18894
22 8.9845
23 8.80262
24 8.63993
25 8.49367
26 8.36151
27 8.24164
28 8.13245
29 8.03266
30 7.94115
31 7.85697
32 7.77935
33 7.7076
34 7.64113
35 7.57943
36 7.52205
37 7.46858
38 7.41868
39 7.372
40 7.32825
41 7.28719
42 7.24859
43 7.21224
44 7.17798
45 7.14564
46 7.11507
47 7.08613
48 7.05871
49 7.03268
50 7.00795
51 6.98442
52 6.962
53 6.94062
54 6.92022
55 6.90075
56 6.88214
57 6.86434
58 6.84731
59 6.83099
60 6.81535
61 6.80033
62 6.78591
63 6.77206
64 6.75873
65 6.74591
66 6.73356
67 6.72165
68 6.71017
69 6.6991
70 6.68842
71 6.6781
72 6.66813
73 6.65849
74 6.64916
75 6.64012
76 6.63136
77 6.62288
78 6.61465
79 6.60668
80 6.59894
81 6.59143
82 6.58415
83 6.57707
84 6.5702
85 6.56352
86 6.55703
87 6.55072
88 6.54458
89 6.5386
90 6.53278
91 6.52711
92 6.52158
93 6.51619
94 6.51092
95 6.50579
96 6.50078
97 6.49589
98 6.49111
99 6.48645
100 6.48189
101 6.47744
102 6.47309
103 6.46883
104 6.46468
105 6.46061
106 6.45663
107 6.45274
108 6.44894
109 6.44522
110 6.44157
111 6.438
112 6.43451
113 6.43108
114 6.42772
115 6.42443
116 6.4212
117 6.41804
118 6.41493
119 6.41189
120 6.40891
121 6.40598
122 6.40311
123 6.4003
124 6.39754
125 6.39483
126 6.39217
127 6.38956
128 6.387
129 6.38449
130 6.38202
131 6.3796
132 6.37722
133 6.37488
134 6.37257
135 6.37031
136 6.36808
137 6.36589
138 6.36373
139 6.36161
140 6.35953
141 6.35748
142 6.35547
143 6.3535
144 6.35155
145 6.34964
146 6.34776
147 6.34591
148 6.34409
149 6.3423
150 6.34054
151 6.33881
152 6.33711
153 6.33543
154 6.33378
155 6.33216
156 6.33057
157 6.329
158 6.32745
159 6.32593
160 6.32443
161 6.32295
162 6.32149
163 6.32006
164 6.31864
165 6.31725
166 6.31588
167 6.31453
168 6.31319
169 6.31188
170 6.31058
171 6.30931
172 6.30805
173 6.30681
174 6.30558
175 6.30437
176 6.30318
177 6.302
178 6.30084
179 6.29969
180 6.29857
181 6.29745
182 6.29635
183 6.29527
184 6.2942
185 6.29315
186 6.2921
187 6.29108
188 6.29006
189 6.28906
190 6.28807
191 6.2871
192 6.28613
193 6.28518
194 6.28424
195 6.28331
196 6.28239
197 6.28149
198 6.28059
199 6.27971
200 6.27884
201 6.27798
202 6.27713
203 6.27629
204 6.27546
205 6.27463
206 6.27382
207 6.27302
208 6.27223
209 6.27145
210 6.27067
211 6.26991
212 6.26915
213 6.2684
214 6.26766
215 6.26693
216 6.2662
217 6.26549
218 6.26478
219 6.26408
220 6.26339
221 6.26271
222 6.26203
223 6.26137
224 6.26071
225 6.26005
226 6.25941
227 6.25877
228 6.25814
229 6.25751
230 6.25689
231 6.25628
232 6.25568
233 6.25508
234 6.25449
235 6.25391
236 6.25333
237 6.25276
238 6.2522
239 6.25164
240 6.25109
241 6.25054
242 6.25
243 6.24947
244 6.24894
245 6.24841
246 6.2479
247 6.24738
248 6.24688
249 6.24637
250 6.24588
251 6.24538
252 6.2449
253 6.24441
254 6.24394
255 6.24346
256 6.243
257 6.24253
258 6.24207
259 6.24162
260 6.24117
261 6.24073
262 6.24029
263 6.23985
264 6.23942
265 6.239
266 6.23857
267 6.23815
268 6.23774
269 6.23733
270 6.23692
271 6.23651
272 6.23611
273 6.23572
274 6.23532
275 6.23493
276 6.23455
277 6.23417
278 6.23379
279 6.23341
280 6.23304
281 6.23267
282 6.23231
283 6.23194
284 6.23159
285 6.23123
286 6.23088
287 6.23053
288 6.23018
289 6.22984
290 6.2295
291 6.22916
292 6.22883
293 6.22849
294 6.22816
295 6.22784
296 6.22751
297 6.22719
298 6.22688
299 6.22656
300 6.22625
301 6.22594
302 6.22563
303 6.22533
304 6.22502
305 6.22473
306 6.22443
307 6.22414
308 6.22385
309 6.22356
310 6.22327
311 6.22299
312 6.2227
313 6.22242
314 6.22215
315 6.22187
316 6.2216
317 6.22133
318 6.22106
319 6.22079
320 6.22053
321 6.22027
322 6.22001
323 6.21975
324 6.21949
325 6.21924
326 6.21899
327 6.21874
328 6.21849
329 6.21824
330 6.218
331 6.21776
332 6.21752
333 6.21728
334 6.21704
335 6.21681
336 6.21658
337 6.21635
338 6.21612
339 6.21589
340 6.21566
341 6.21544
342 6.21522
343 6.215
344 6.21478
345 6.21456
346 6.21434
347 6.21413
348 6.21391
349 6.2137
350 6.21349
351 6.21328
352 6.21307
353 6.21286
354 6.21266
355 6.21245
356 6.21225
357 6.21205
358 6.21185
359 6.21165
360 6.21145
361 6.21126
362 6.21106
363 6.21087
364 6.21068
365 6.21048
366 6.2103
367 6.21011
368 6.20992
369 6.20974
370 6.20955
371 6.20937
372 6.20919
373 6.20901
374 6.20883
375 6.20865
376 6.20847
377 6.2083
378 6.20812
379 6.20795
380 6.20778
381 6.2076
382 6.20743
383 6.20727
384 6.2071
385 6.20693
386 6.20677
387 6.2066
388 6.20644
389 6.20627
390 6.20611
391 6.20595
392 6.20579
393 6.20563
394 6.20548
395 6.20532
396 6.20516
397 6.20501
398 6.20485
399 6.2047
400 6.20455
401 6.2044
402 6.20425
403 6.2041
404 6.20395
405 6.20381
406 6.20366
407 6.20351
408 6.20337
409 6.20323
410 6.20308
411 6.20294
412 6.2028
413 6.20266
414 6.20252
415 6.20238
416 6.20225
417 6.20211
418 6.20197
419 6.20184
420 6.2017
421 6.20157
422 6.20144
423 6.2013
424 6.20117
425 6.20104
426 6.20091
427 6.20078
428 6.20065
429 6.20053
430 6.2004
431 6.20028
432 6.20015
433 6.20003
434 6.1999
435 6.19978
436 6.19966
437 6.19954
438 6.19942
439 6.1993
440 6.19918
441 6.19906
442 6.19895
443 6.19883
444 6.19872
445 6.1986
446 6.19849
447 6.19837
448 6.19826
449 6.19815
450 6.19804
451 6.19793
452 6.19781
453 6.19771
454 6.1976
455 6.19749
456 6.19738
457 6.19727
458 6.19717
459 6.19706
460 6.19696
461 6.19685
462 6.19675
463 6.19664
464 6.19654
465 6.19644
466 6.19634
467 6.19624
468 6.19613
469 6.19604
470 6.19594
471 6.19584
472 6.19574
473 6.19564
474 6.19554
475 6.19545
476 6.19535
477 6.19525
478 6.19516
479 6.19506
480 6.19497
481 6.19488
482 6.19478
483 6.19469
484 6.1946
485 6.19451
486 6.19442
487 6.19433
488 6.19424
489 6.19415
490 6.19406
491 6.19397
492 6.19388
493 6.19379
494 6.19371
495 6.19362
496 6.19353
497 6.19345
498 6.19336
499 6.19328
500 6.19319
