1 12.3861
2 8.89322
3 7.36383
4 6.47919
5 5.88165
6 5.4376
7 5.0893
8 4.80582
9 4.56876
10 4.36644
11 4.19101
12 4.03696
13 3.90023
14 3.77778
15 3.66727
16 3.56687
17 3.47514
18 3.39091
19 3.31323
20 3.2413
21 3.17447
22 3.11216
23 3.05389
24 2.99927
25 2.94794
26 2.89961
27 2.85399
28 2.81086
29 2.77001
30 2.73125
31 2.69443
32 2.6594
33 2.62602
34 2.59418
35 2.56376
36 2.53467
37 2.50682
38 2.48013
39 2.45452
40 2.42994
41 2.40631
42 2.38357
43 2.36169
44 2.3406
45 2.32027
46 2.30065
47 2.2817
48 2.2634
49 2.24571
50 2.2286
51 2.21204
52 2.19601
53 2.18048
54 2.16542
55 2.15082
56 2.13666
57 2.12291
58 2.10956
59 2.0966
60 2.084
61 2.07175
62 2.05983
63 2.04824
64 2.03696
65 2.02598
66 2.01529
67 2.00487
68 1.99472
69 1.98482
70 1.97518
71 1.96577
72 1.95659
73 1.94764
74 1.9389
75 1.93036
76 1.92203
77 1.9139
78 1.90595
79 1.89818
80 1.8906
81 1.88318
82 1.87593
83 1.86885
84 1.86192
85 1.85514
86 1.84851
87 1.84202
88 1.83568
89 1.82947
90 1.82339
91 1.81744
92 1.81162
93 1.80592
94 1.80034
95 1.79487
96 1.78952
97 1.78427
98 1.77914
99 1.77411
100 1.76918
