1 5.01937
2 2.67724
3 1.4345
4 0.986448
5 0.880085
6 0.831203
7 0.801274
8 0.780777
9 0.764815
10 0.752974
11 0.743758
12 0.736732
13 0.731303
14 0.727195
15 0.724118
16 0.721862
17 0.720287
18 0.719269
19 0.718692
20 0.718502
21 0.718649
22 0.719073
23 0.719743
24 0.720612
25 0.721634
26 0.722795
27 0.724087
28 0.725492
29 0.726993
30 0.72857
31 0.730209
32 0.731895
33 0.733623
34 0.735389
35 0.73719
36 0.73902
37 0.740871
38 0.742735
39 0.744617
40 0.74651
41 0.748409
42 0.750313
43 0.752224
44 0.754143
45 0.756066
46 0.757994
47 0.759928
48 0.761869
49 0.763816
50 0.765767
51 0.767722
52 0.769681
53 0.771642
54 0.773604
55 0.775566
56 0.777527
57 0.779487
58 0.781446
59 0.783408
60 0.785372
61 0.787336
62 0.789301
63 0.791265
64 0.793229
65 0.795193
66 0.797154
67 0.799113
68 0.801069
69 0.803022
70 0.804974
71 0.806925
72 0.808873
73 0.810818
74 0.812761
75 0.8147
76 0.816633
77 0.818562
78 0.820486
79 0.822404
80 0.824315
81 0.826221
82 0.82812
83 0.830012
84 0.831896
85 0.833774
86 0.835645
87 0.837509
88 0.839367
89 0.841219
90 0.843063
91 0.8449
92 0.846729
93 0.848551
94 0.850366
95 0.852175
96 0.853977
97 0.85577
98 0.857556
99 0.859335
100 0.861106
