1 8.4326
2 5.55643
3 3.69913
4 1.92571
5 1.41684
6 1.1657
7 1.01783
8 0.927773
9 0.867556
10 0.833446
11 0.814935
12 0.799992
13 0.791081
14 0.783124
15 0.777853
16 0.77343
17 0.770347
18 0.767941
19 0.766344
20 0.765224
21 0.764627
22 0.764371
23 0.764464
24 0.764808
25 0.765375
26 0.766118
27 0.767019
28 0.768052
29 0.7692
30 0.770446
31 0.771783
32 0.773199
33 0.774685
34 0.776231
35 0.777829
36 0.779476
37 0.781169
38 0.782901
39 0.784665
40 0.786449
41 0.788238
42 0.790027
43 0.791806
44 0.793573
45 0.795322
46 0.797056
47 0.798774
48 0.800481
49 0.802179
50 0.80387
51 0.805555
52 0.807233
53 0.808896
54 0.810543
55 0.812182
56 0.813812
57 0.815437
58 0.817055
59 0.818669
60 0.820278
61 0.821879
62 0.823476
63 0.825069
64 0.826658
65 0.828243
66 0.829825
67 0.831403
68 0.832976
69 0.834544
70 0.836108
71 0.837668
72 0.839223
73 0.840772
74 0.842317
75 0.843858
76 0.845394
77 0.846924
78 0.848446
79 0.849962
80 0.851471
81 0.852974
82 0.854472
83 0.855963
84 0.857447
85 0.858925
86 0.860395
87 0.861859
88 0.863315
89 0.864765
90 0.866206
91 0.86764
92 0.869066
93 0.870485
94 0.871896
95 0.8733
96 0.874695
97 0.876083
98 0.877464
99 0.878837
100 0.880204
