1 5.59256
2 5.91115
3 4.59692
4 3.2787
5 2.40689
6 1.91374
7 1.63164
8 1.45693
9 1.34498
10 1.27311
11 1.22667
12 1.19564
13 1.174
14 1.15829
15 1.1466
16 1.13781
17 1.13125
18 1.12644
19 1.12296
20 1.12059
21 1.11911
22 1.11836
23 1.11818
24 1.11846
25 1.11909
26 1.12002
27 1.1212
28 1.1226
29 1.12416
30 1.12585
31 1.12764
32 1.12951
33 1.13145
34 1.13345
35 1.13549
36 1.13758
37 1.1397
38 1.14184
39 1.144
40 1.14617
41 1.14834
42 1.15052
43 1.15269
44 1.15487
45 1.15702
46 1.15916
47 1.16128
48 1.16338
49 1.16546
50 1.16751
51 1.16956
52 1.17159
53 1.1736
54 1.1756
55 1.17757
56 1.17951
57 1.18144
58 1.18335
59 1.18523
60 1.1871
61 1.18895
62 1.19077
63 1.19258
64 1.19437
65 1.19614
66 1.1979
67 1.19964
68 1.20137
69 1.20309
70 1.20479
71 1.20648
72 1.20815
73 1.20981
74 1.21146
75 1.21309
76 1.21471
77 1.21631
78 1.2179
79 1.21948
80 1.22105
81 1.2226
82 1.22414
83 1.22568
84 1.2272
85 1.22872
86 1.23022
87 1.23172
88 1.2332
89 1.23468
90 1.23615
91 1.2376
92 1.23905
93 1.24048
94 1.24191
95 1.24332
96 1.24472
97 1.24612
98 1.2475
99 1.24888
100 1.25024
101 1.2516
102 1.25294
103 1.25427
104 1.2556
105 1.25692
106 1.25823
107 1.25953
108 1.26083
109 1.26211
110 1.26339
111 1.26467
112 1.26594
113 1.2672
114 1.26845
115 1.2697
116 1.27094
117 1.27218
118 1.2734
119 1.27463
120 1.27585
121 1.27706
122 1.27826
123 1.27945
124 1.28064
125 1.28182
126 1.283
127 1.28416
128 1.28533
129 1.28649
130 1.28764
131 1.28879
132 1.28993
133 1.29107
134 1.2922
135 1.29333
136 1.29445
137 1.29557
138 1.29669
139 1.2978
140 1.29891
141 1.30001
142 1.30111
143 1.30221
144 1.30331
145 1.3044
146 1.30549
147 1.30658
148 1.30766
149 1.30874
150 1.30982
151 1.3109
152 1.31197
153 1.31304
154 1.31411
155 1.31517
156 1.31624
157 1.3173
158 1.31836
159 1.31942
160 1.32047
161 1.32153
162 1.32258
163 1.32363
164 1.32468
165 1.32572
166 1.32677
167 1.32781
168 1.32885
169 1.32988
170 1.33092
171 1.33195
172 1.33298
173 1.33401
174 1.33504
175 1.33606
176 1.33708
177 1.3381
178 1.33912
179 1.34013
180 1.34115
181 1.34216
182 1.34318
183 1.34419
184 1.34519
185 1.3462
186 1.34721
187 1.34821
188 1.34922
189 1.35022
190 1.35122
191 1.35222
192 1.35322
193 1.35421
194 1.35521
195 1.3562
196 1.35719
197 1.35818
198 1.35917
199 1.36016
200 1.36115
201 1.36213
202 1.36312
203 1.3641
204 1.36508
205 1.36606
206 1.36704
207 1.36801
208 1.36899
209 1.36996
210 1.37094
211 1.37191
212 1.37288
213 1.37385
214 1.37482
215 1.37578
216 1.37675
217 1.37772
218 1.37868
219 1.37964
220 1.38061
221 1.38157
222 1.38253
223 1.38349
224 1.38444
225 1.3854
226 1.38635
227 1.38731
228 1.38826
229 1.38921
230 1.39016
231 1.39111
232 1.39206
233 1.39301
234 1.39395
235 1.3949
236 1.39584
237 1.39678
238 1.39772
239 1.39866
240 1.3996
241 1.40054
242 1.40147
243 1.40241
244 1.40334
245 1.40427
246 1.4052
247 1.40613
248 1.40706
249 1.40798
250 1.40891
251 1.40983
252 1.41076
253 1.41168
254 1.4126
255 1.41352
256 1.41444
257 1.41536
258 1.41628
259 1.41719
260 1.41811
261 1.41902
262 1.41993
263 1.42084
264 1.42175
265 1.42266
266 1.42357
267 1.42448
268 1.42538
269 1.42628
270 1.42719
271 1.42809
272 1.42899
273 1.42989
274 1.43079
275 1.43168
276 1.43258
277 1.43347
278 1.43437
279 1.43526
280 1.43615
281 1.43704
282 1.43793
283 1.43881
284 1.4397
285 1.44058
286 1.44146
287 1.44234
288 1.44322
289 1.4441
290 1.44498
291 1.44586
292 1.44673
293 1.4476
294 1.44847
295 1.44934
296 1.45021
297 1.45108
298 1.45195
299 1.45281
300 1.45367
301 1.45454
302 1.4554
303 1.45626
304 1.45711
305 1.45797
306 1.45883
307 1.45968
308 1.46053
309 1.46139
310 1.46224
311 1.46309
312 1.46393
313 1.46478
314 1.46563
315 1.46647
316 1.46731
317 1.46816
318 1.469
319 1.46983
320 1.47067
321 1.47151
322 1.47235
323 1.47318
324 1.47401
325 1.47485
326 1.47568
327 1.47651
328 1.47733
329 1.47816
330 1.47899
331 1.47981
332 1.48063
333 1.48146
334 1.48228
335 1.4831
336 1.48392
337 1.48473
338 1.48555
339 1.48636
340 1.48718
341 1.48799
342 1.4888
343 1.48961
344 1.49042
345 1.49123
346 1.49203
347 1.49284
348 1.49364
349 1.49445
350 1.49525
351 1.49605
352 1.49685
353 1.49764
354 1.49844
355 1.49924
356 1.50003
357 1.50082
358 1.50162
359 1.50241
360 1.5032
361 1.50398
362 1.50477
363 1.50556
364 1.50634
365 1.50713
366 1.50791
367 1.50869
368 1.50947
369 1.51025
370 1.51103
371 1.5118
372 1.51258
373 1.51335
374 1.51413
375 1.5149
376 1.51567
377 1.51644
378 1.5172
379 1.51797
380 1.51874
381 1.5195
382 1.52027
383 1.52103
384 1.52179
385 1.52255
386 1.52331
387 1.52407
388 1.52482
389 1.52558
390 1.52633
391 1.52708
392 1.52784
393 1.52859
394 1.52934
395 1.53008
396 1.53083
397 1.53158
398 1.53232
399 1.53307
400 1.53381
401 1.53455
402 1.53529
403 1.53603
404 1.53677
405 1.5375
406 1.53824
407 1.53897
408 1.53971
409 1.54044
410 1.54117
411 1.5419
412 1.54263
413 1.54335
414 1.54408
415 1.54481
416 1.54553
417 1.54625
418 1.54697
419 1.54769
420 1.54841
421 1.54913
422 1.54985
423 1.55057
424 1.55128
425 1.55199
426 1.55271
427 1.55342
428 1.55413
429 1.55484
430 1.55555
431 1.55626
432 1.55696
433 1.55767
434 1.55837
435 1.55907
436 1.55978
437 1.56048
438 1.56118
439 1.56187
440 1.56257
441 1.56327
442 1.56396
443 1.56466
444 1.56535
445 1.56604
446 1.56673
447 1.56742
448 1.56811
449 1.5688
450 1.56949
451 1.57017
452 1.57086
453 1.57154
454 1.57222
455 1.5729
456 1.57358
457 1.57426
458 1.57494
459 1.57561
460 1.57629
461 1.57696
462 1.57763
463 1.57831
464 1.57898
465 1.57965
466 1.58031
467 1.58098
468 1.58165
469 1.58231
470 1.58298
471 1.58364
472 1.5843
473 1.58496
474 1.58562
475 1.58628
476 1.58694
477 1.5876
478 1.58825
479 1.5889
480 1.58956
481 1.59021
482 1.59086
483 1.59151
484 1.59216
485 1.59281
486 1.59346
487 1.5941
488 1.59475
489 1.59539
490 1.59603
491 1.59667
492 1.59731
493 1.59795
494 1.59859
495 1.59923
496 1.59987
497 1.6005
498 1.60114
499 1.60177
500 1.6024
