1 11.6497
2 7.89301
3 6.51006
4 5.8854
5 5.56401
6 5.36199
7 5.21882
8 5.11313
9 5.01992
10 4.93906
11 4.87129
12 4.80913
13 4.7475
14 4.69437
15 4.64714
16 4.60083
17 4.55895
18 4.51557
19 4.47656
20 4.43889
21 4.4043
22 4.37353
23 4.34434
24 4.31688
25 4.29043
26 4.26506
27 4.23801
28 4.21272
29 4.18869
30 4.16411
31 4.14029
32 4.11763
33 4.09846
34 4.07598
35 4.05526
36 4.03671
37 4.01847
38 3.99915
39 3.97959
40 3.96364
41 3.94519
42 3.92931
43 3.91428
44 3.90051
45 3.88483
46 3.87011
47 3.85501
48 3.83935
49 3.82649
50 3.8137
51 3.80142
52 3.78908
53 3.77736
54 3.76438
55 3.75344
56 3.74317
57 3.73311
58 3.72086
59 3.70984
60 3.69989
61 3.68723
62 3.67706
63 3.66744
64 3.65829
65 3.64761
66 3.63695
67 3.62631
68 3.61635
69 3.60719
70 3.59883
71 3.59137
72 3.58182
73 3.57279
74 3.56502
75 3.55598
76 3.54793
77 3.53944
78 3.53342
79 3.5254
80 3.51964
81 3.51324
82 3.50527
83 3.49963
84 3.49095
85 3.48351
86 3.47859
87 3.47105
88 3.46381
89 3.45866
90 3.45354
91 3.44777
92 3.44198
93 3.43783
94 3.43334
95 3.42852
96 3.42087
97 3.41197
98 3.40491
99 3.40157
100 3.39574
