1 22.3373
2 17.5603
3 14.4267
4 12.2011
5 10.5734
6 9.35879
7 8.43494
8 7.7195
9 7.15612
10 6.70544
11 6.3392
12 6.03668
13 5.78258
14 5.56557
15 5.37727
16 5.2115
17 5.06369
18 4.93046
19 4.80928
20 4.69822
21 4.59579
22 4.5008
23 4.41231
24 4.32954
25 4.25186
26 4.17871
27 4.10965
28 4.04428
29 3.98227
30 3.92334
31 3.86721
32 3.81368
33 3.76253
34 3.7136
35 3.66672
36 3.62176
37 3.57858
38 3.53708
39 3.49714
40 3.45867
41 3.42158
42 3.38579
43 3.35124
44 3.31785
45 3.28555
46 3.2543
47 3.22404
48 3.19472
49 3.16629
50 3.13871
51 3.11195
52 3.08596
53 3.0607
54 3.03616
55 3.01228
56 2.98906
57 2.96645
58 2.94443
59 2.92299
60 2.90209
61 2.88172
62 2.86185
63 2.84247
64 2.82356
65 2.8051
66 2.78708
67 2.76947
68 2.75226
69 2.73545
70 2.71901
71 2.70294
72 2.68721
73 2.67183
74 2.65678
75 2.64204
76 2.62761
77 2.61348
78 2.59964
79 2.58608
80 2.57279
81 2.55976
82 2.54699
83 2.53447
84 2.52219
85 2.51014
86 2.49832
87 2.48671
88 2.47533
89 2.46415
90 2.45317
91 2.44239
92 2.4318
93 2.42139
94 2.41117
95 2.40112
96 2.39125
97 2.38154
98 2.37199
99 2.36261
100 2.35337
101 2.34429
102 2.33536
103 2.32657
104 2.31792
105 2.30941
106 2.30103
107 2.29278
108 2.28466
109 2.27666
110 2.26879
111 2.26103
112 2.25339
113 2.24587
114 2.23845
115 2.23114
116 2.22394
117 2.21685
118 2.20985
119 2.20296
120 2.19616
121 2.18946
122 2.18286
123 2.17634
124 2.16992
125 2.16358
126 2.15733
127 2.15116
128 2.14508
129 2.13908
130 2.13316
131 2.12732
132 2.12155
133 2.11586
134 2.11024
135 2.1047
136 2.09923
137 2.09382
138 2.08849
139 2.08322
140 2.07802
141 2.07289
142 2.06782
143 2.06281
144 2.05786
145 2.05298
146 2.04815
147 2.04338
148 2.03867
149 2.03402
150 2.02942
151 2.02488
152 2.02039
153 2.01595
154 2.01157
155 2.00724
156 2.00296
157 1.99872
158 1.99454
159 1.9904
160 1.98631
161 1.98227
162 1.97827
163 1.97432
164 1.97041
165 1.96655
166 1.96273
167 1.95895
168 1.95521
169 1.95152
170 1.94786
171 1.94425
172 1.94067
173 1.93713
174 1.93364
175 1.93017
176 1.92675
177 1.92336
178 1.92001
179 1.91669
180 1.91341
181 1.91017
182 1.90696
183 1.90378
184 1.90063
185 1.89752
186 1.89444
187 1.89139
188 1.88838
189 1.88539
190 1.88243
191 1.87951
192 1.87661
193 1.87375
194 1.87091
195 1.8681
196 1.86533
197 1.86257
198 1.85985
199 1.85715
200 1.85448
201 1.85184
202 1.84922
203 1.84663
204 1.84407
205 1.84152
206 1.83901
207 1.83652
208 1.83405
209 1.83161
210 1.82919
211 1.82679
212 1.82442
213 1.82207
214 1.81974
215 1.81744
216 1.81516
217 1.8129
218 1.81066
219 1.80844
220 1.80624
221 1.80407
222 1.80191
223 1.79978
224 1.79766
225 1.79557
226 1.79349
227 1.79144
228 1.7894
229 1.78739
230 1.78539
231 1.78341
232 1.78145
233 1.77951
234 1.77759
235 1.77568
236 1.77379
237 1.77192
238 1.77007
239 1.76823
240 1.76641
241 1.76461
242 1.76282
243 1.76105
244 1.7593
245 1.75756
246 1.75584
247 1.75414
248 1.75245
249 1.75077
250 1.74911
251 1.74747
252 1.74584
253 1.74423
254 1.74263
255 1.74104
256 1.73947
257 1.73791
258 1.73637
259 1.73484
260 1.73333
261 1.73182
262 1.73034
263 1.72886
264 1.7274
265 1.72595
266 1.72451
267 1.72309
268 1.72168
269 1.72028
270 1.7189
271 1.71752
272 1.71616
273 1.71481
274 1.71348
275 1.71215
276 1.71084
277 1.70954
278 1.70825
279 1.70697
280 1.7057
281 1.70445
282 1.7032
283 1.70197
284 1.70074
285 1.69953
286 1.69833
287 1.69714
288 1.69596
289 1.69479
290 1.69363
291 1.69248
292 1.69134
293 1.69021
294 1.68909
295 1.68798
296 1.68687
297 1.68578
298 1.6847
299 1.68363
300 1.68257
