1 22.3373
2 17.5603
3 14.4267
4 12.2011
5 10.5734
6 9.35879
7 8.43494
8 7.7195
9 7.15612
10 6.70544
11 6.3392
12 6.03668
13 5.78258
14 5.56557
15 5.37727
16 5.2115
17 5.06369
18 4.93046
19 4.80928
20 4.69822
21 4.59579
22 4.5008
23 4.41231
24 4.32954
25 4.25186
26 4.17871
27 4.10965
28 4.04428
29 3.98227
30 3.92334
31 3.86721
32 3.81368
33 3.76253
34 3.7136
35 3.66672
36 3.62176
37 3.57858
38 3.53708
39 3.49714
40 3.45867
41 3.42158
42 3.38579
43 3.35124
44 3.31785
45 3.28555
46 3.2543
47 3.22404
48 3.19472
49 3.16629
50 3.13871
51 3.11195
52 3.08596
53 3.0607
54 3.03616
55 3.01228
56 2.98906
57 2.96645
58 2.94443
59 2.92299
60 2.90209
61 2.88172
62 2.86185
63 2.84247
64 2.82356
65 2.8051
66 2.78708
67 2.76947
68 2.75226
69 2.73545
70 2.71901
71 2.70294
72 2.68721
73 2.67183
74 2.65678
75 2.64204
76 2.62761
77 2.61348
78 2.59964
79 2.58608
80 2.57279
81 2.55976
82 2.54699
83 2.53447
84 2.52219
85 2.51014
86 2.49832
87 2.48671
88 2.47533
89 2.46415
90 2.45317
91 2.44239
92 2.4318
93 2.42139
94 2.41117
95 2.40112
96 2.39125
97 2.38154
98 2.37199
99 2.36261
100 2.35337
101 2.34429
102 2.33536
103 2.32657
104 2.31792
105 2.30941
106 2.30103
107 2.29278
108 2.28466
109 2.27666
110 2.26879
111 2.26103
112 2.25339
113 2.24587
114 2.23845
115 2.23114
116 2.22394
117 2.21685
118 2.20985
119 2.20296
120 2.19616
121 2.18946
122 2.18286
123 2.17634
124 2.16992
125 2.16358
126 2.15733
127 2.15116
128 2.14508
129 2.13908
130 2.13316
131 2.12732
132 2.12155
133 2.11586
134 2.11024
135 2.1047
136 2.09923
137 2.09382
138 2.08849
139 2.08322
140 2.07802
141 2.07289
142 2.06782
143 2.06281
144 2.05786
145 2.05298
146 2.04815
147 2.04338
148 2.03867
149 2.03402
150 2.02942
151 2.02488
152 2.02039
153 2.01595
154 2.01157
155 2.00724
156 2.00296
157 1.99872
158 1.99454
159 1.9904
160 1.98631
161 1.98227
162 1.97827
163 1.97432
164 1.97041
165 1.96655
166 1.96273
167 1.95895
168 1.95521
169 1.95152
170 1.94786
171 1.94425
172 1.94067
173 1.93713
174 1.93364
175 1.93017
176 1.92675
177 1.92336
178 1.92001
179 1.91669
180 1.91341
181 1.91017
182 1.90696
183 1.90378
184 1.90063
185 1.89752
186 1.89444
187 1.89139
188 1.88838
189 1.88539
190 1.88243
191 1.87951
192 1.87661
193 1.87375
194 1.87091
195 1.8681
196 1.86533
197 1.86257
198 1.85985
199 1.85715
200 1.85448
201 1.85184
202 1.84922
203 1.84663
204 1.84407
205 1.84152
206 1.83901
207 1.83652
208 1.83405
209 1.83161
210 1.82919
211 1.82679
212 1.82442
213 1.82207
214 1.81974
215 1.81744
216 1.81516
217 1.8129
218 1.81066
219 1.80844
220 1.80624
221 1.80407
222 1.80191
223 1.79978
224 1.79766
225 1.79557
226 1.79349
227 1.79144
228 1.7894
229 1.78739
230 1.78539
231 1.78341
232 1.78145
233 1.77951
234 1.77759
235 1.77568
236 1.77379
237 1.77192
238 1.77007
239 1.76823
240 1.76641
241 1.76461
242 1.76282
243 1.76105
244 1.7593
245 1.75756
246 1.75584
247 1.75414
248 1.75245
249 1.75077
250 1.74911
251 1.74747
252 1.74584
253 1.74423
254 1.74263
255 1.74104
256 1.73947
257 1.73791
258 1.73637
259 1.73484
260 1.73333
261 1.73182
262 1.73034
263 1.72886
264 1.7274
265 1.72595
266 1.72451
267 1.72309
268 1.72168
269 1.72028
270 1.7189
271 1.71752
272 1.71616
273 1.71481
274 1.71348
275 1.71215
276 1.71084
277 1.70954
278 1.70825
279 1.70697
280 1.7057
281 1.70445
282 1.7032
283 1.70197
284 1.70074
285 1.69953
286 1.69833
287 1.69714
288 1.69596
289 1.69479
290 1.69363
291 1.69248
292 1.69134
293 1.69021
294 1.68909
295 1.68798
296 1.68687
297 1.68578
298 1.6847
299 1.68363
300 1.68257
301 1.68151
302 1.68047
303 1.67943
304 1.6784
305 1.67739
306 1.67638
307 1.67538
308 1.67438
309 1.6734
310 1.67243
311 1.67146
312 1.6705
313 1.66955
314 1.66861
315 1.66767
316 1.66675
317 1.66583
318 1.66492
319 1.66402
320 1.66312
321 1.66224
322 1.66136
323 1.66049
324 1.65962
325 1.65877
326 1.65792
327 1.65707
328 1.65624
329 1.65541
330 1.65459
331 1.65378
332 1.65297
333 1.65217
334 1.65138
335 1.65059
336 1.64981
337 1.64904
338 1.64828
339 1.64752
340 1.64677
341 1.64602
342 1.64528
343 1.64455
344 1.64382
345 1.6431
346 1.64239
347 1.64168
348 1.64098
349 1.64028
350 1.63959
351 1.63891
352 1.63823
353 1.63756
354 1.63689
355 1.63623
356 1.63558
357 1.63493
358 1.63429
359 1.63365
360 1.63302
361 1.63239
362 1.63177
363 1.63116
364 1.63055
365 1.62995
366 1.62935
367 1.62875
368 1.62816
369 1.62758
370 1.627
371 1.62643
372 1.62586
373 1.6253
374 1.62474
375 1.62419
376 1.62364
377 1.6231
378 1.62256
379 1.62203
380 1.6215
381 1.62098
382 1.62046
383 1.61994
384 1.61943
385 1.61893
386 1.61843
387 1.61793
388 1.61744
389 1.61695
390 1.61647
391 1.61599
392 1.61552
393 1.61505
394 1.61458
395 1.61412
396 1.61366
397 1.61321
398 1.61276
399 1.61232
400 1.61188
401 1.61144
402 1.61101
403 1.61058
404 1.61016
405 1.60974
406 1.60932
407 1.60891
408 1.6085
409 1.6081
410 1.6077
411 1.6073
412 1.60691
413 1.60652
414 1.60613
415 1.60575
416 1.60537
417 1.605
418 1.60463
419 1.60426
420 1.6039
421 1.60354
422 1.60318
423 1.60282
424 1.60247
425 1.60213
426 1.60179
427 1.60145
428 1.60111
429 1.60078
430 1.60045
431 1.60012
432 1.5998
433 1.59948
434 1.59916
435 1.59884
436 1.59853
437 1.59823
438 1.59792
439 1.59762
440 1.59732
441 1.59703
442 1.59674
443 1.59645
444 1.59616
445 1.59588
446 1.5956
447 1.59532
448 1.59504
449 1.59477
450 1.5945
451 1.59424
452 1.59397
453 1.59371
454 1.59346
455 1.5932
456 1.59295
457 1.5927
458 1.59245
459 1.59221
460 1.59196
461 1.59173
462 1.59149
463 1.59126
464 1.59102
465 1.59079
466 1.59057
467 1.59034
468 1.59012
469 1.5899
470 1.58969
471 1.58947
472 1.58926
473 1.58905
474 1.58885
475 1.58864
476 1.58844
477 1.58824
478 1.58804
479 1.58785
480 1.58766
481 1.58747
482 1.58728
483 1.58709
484 1.58691
485 1.58673
486 1.58655
487 1.58637
488 1.5862
489 1.58603
490 1.58585
491 1.58569
492 1.58552
493 1.58536
494 1.58519
495 1.58503
496 1.58488
497 1.58472
498 1.58457
499 1.58441
500 1.58426
