1 8.87311
2 6.4764
3 5.73472
4 5.40012
5 5.21082
6 5.07947
7 4.97771
8 4.89812
9 4.82765
10 4.76479
11 4.70738
12 4.65454
13 4.60391
14 4.55845
15 4.5169
16 4.47729
17 4.44049
18 4.40385
19 4.37031
20 4.33689
21 4.30559
22 4.27618
23 4.24753
24 4.21955
25 4.19481
26 4.17121
27 4.14592
28 4.12154
29 4.09894
30 4.0762
31 4.05219
32 4.03205
33 4.01141
34 3.99254
35 3.97339
36 3.95521
37 3.9371
38 3.91941
39 3.90197
40 3.88587
41 3.86826
42 3.85132
43 3.83565
44 3.81981
45 3.80435
46 3.79002
47 3.77572
48 3.76117
49 3.74727
50 3.73478
51 3.72226
52 3.70955
53 3.69686
54 3.68585
55 3.67379
56 3.66293
57 3.653
58 3.64145
59 3.63059
60 3.6192
61 3.60777
62 3.59708
63 3.58705
64 3.57789
65 3.56809
66 3.55743
67 3.54747
68 3.53846
69 3.52841
70 3.51995
71 3.51246
72 3.50383
73 3.4952
74 3.4872
75 3.47888
76 3.47121
77 3.4632
78 3.45591
79 3.44919
80 3.44297
81 3.43572
82 3.4286
83 3.42367
84 3.41627
85 3.40929
86 3.40366
87 3.39713
88 3.39153
89 3.38526
90 3.37893
91 3.37271
92 3.36817
93 3.36289
94 3.35854
95 3.3533
96 3.34671
97 3.34017
98 3.33503
99 3.33061
100 3.32525
101 3.32085
102 3.31591
103 3.31002
104 3.30501
105 3.30016
106 3.29529
107 3.29134
108 3.28759
109 3.28274
110 3.27832
111 3.27322
112 3.26918
113 3.26557
114 3.26105
115 3.25691
116 3.25398
117 3.24967
118 3.24585
119 3.24194
120 3.23883
121 3.23435
122 3.23071
123 3.22757
124 3.22415
125 3.22019
126 3.21661
127 3.21383
128 3.21094
129 3.2071
130 3.20394
131 3.20034
132 3.19712
133 3.19385
134 3.19023
135 3.18696
136 3.18484
137 3.18192
138 3.17894
139 3.17673
140 3.17425
141 3.17195
142 3.16948
143 3.16701
144 3.16478
145 3.16243
146 3.16025
147 3.15795
148 3.15419
149 3.15122
150 3.14871
151 3.14579
152 3.1423
153 3.1409
154 3.13816
155 3.13632
156 3.13273
157 3.13047
158 3.1277
159 3.12531
160 3.12354
161 3.12174
162 3.11918
163 3.11762
164 3.11592
165 3.11419
166 3.11233
167 3.11131
168 3.1096
169 3.10861
170 3.10676
171 3.10532
172 3.10296
173 3.10131
174 3.09943
175 3.09831
176 3.09572
177 3.09505
178 3.09339
179 3.09113
180 3.08927
181 3.08746
182 3.08589
183 3.08468
184 3.08292
185 3.08097
186 3.0788
187 3.0778
188 3.07676
189 3.07473
190 3.07355
191 3.07272
192 3.07098
193 3.06948
194 3.06883
195 3.06636
196 3.06558
197 3.06408
198 3.06285
199 3.062
200 3.0607
201 3.05963
202 3.05963
203 3.05835
204 3.05653
205 3.05555
206 3.05468
207 3.05317
208 3.05178
209 3.05084
210 3.04983
211 3.04848
212 3.04773
213 3.04762
214 3.04639
215 3.0456
216 3.04521
217 3.04453
218 3.04357
219 3.04352
220 3.04336
221 3.04234
222 3.04184
223 3.04216
224 3.04164
225 3.0409
226 3.03928
227 3.03783
228 3.03752
229 3.03813
230 3.03786
231 3.0367
232 3.03619
233 3.03497
234 3.03458
235 3.03353
236 3.03372
237 3.03226
238 3.03137
239 3.03151
240 3.03145
241 3.03141
242 3.03128
243 3.03045
244 3.03006
245 3.03001
246 3.0296
247 3.02886
248 3.02957
249 3.02895
250 3.02851
251 3.02801
252 3.02754
253 3.02635
254 3.02568
255 3.02591
256 3.02608
257 3.02548
258 3.02473
259 3.02441
260 3.02458
261 3.0244
262 3.02499
263 3.0245
264 3.02367
265 3.02365
266 3.0232
267 3.02272
268 3.02232
269 3.02173
270 3.02172
271 3.02135
272 3.02142
273 3.02105
274 3.02007
275 3.01995
276 3.02055
277 3.02082
278 3.02065
279 3.0202
280 3.01991
281 3.02047
282 3.02087
283 3.02049
284 3.02036
285 3.02049
286 3.0209
287 3.02062
288 3.02075
289 3.02006
290 3.01982
291 3.02022
292 3.02041
293 3.01858
294 3.01906
295 3.01913
296 3.02055
297 3.0195
298 3.02018
299 3.02024
300 3.02065
