1 14.5234
2 9.95595
3 7.86193
4 6.77685
5 6.16521
6 5.80925
7 5.57519
8 5.40797
9 5.27029
10 5.16722
11 5.08125
12 5.00245
13 4.9309
14 4.87149
15 4.81283
16 4.75921
17 4.70989
18 4.66135
19 4.61659
20 4.57341
21 4.53567
22 4.50042
23 4.46604
24 4.43618
25 4.40801
26 4.38066
27 4.34658
28 4.31658
29 4.29167
30 4.2654
31 4.24153
32 4.21752
33 4.19613
34 4.17289
35 4.151
36 4.13076
37 4.11093
38 4.09296
39 4.07595
40 4.05863
41 4.03886
42 4.02122
43 4.00494
44 3.98977
45 3.97333
46 3.956
47 3.93905
48 3.92256
49 3.90905
50 3.89462
51 3.88095
52 3.8671
53 3.85497
54 3.84123
55 3.82641
56 3.81652
57 3.80507
58 3.7916
59 3.77842
60 3.76842
61 3.75718
62 3.74566
63 3.73596
64 3.7245
65 3.71131
66 3.70221
67 3.69086
68 3.68059
69 3.67444
70 3.66418
71 3.65709
72 3.64693
73 3.63862
74 3.629
75 3.62147
76 3.61256
77 3.60457
78 3.59631
79 3.58876
80 3.58396
81 3.57697
82 3.56933
83 3.56322
84 3.55311
85 3.54666
86 3.54202
87 3.53647
88 3.52449
89 3.51718
90 3.51152
91 3.50448
92 3.49971
93 3.49471
94 3.48988
95 3.48407
96 3.47518
97 3.46866
98 3.46083
99 3.45715
100 3.44961
101 3.44349
102 3.43495
103 3.42612
104 3.4222
105 3.41601
106 3.41065
107 3.40826
108 3.40608
109 3.40046
110 3.39291
111 3.38568
112 3.38207
113 3.37414
114 3.37204
115 3.36697
116 3.36304
117 3.3563
118 3.35236
119 3.35055
120 3.35011
121 3.34612
122 3.33676
123 3.33439
124 3.33146
125 3.32671
126 3.32446
127 3.32268
128 3.31917
129 3.31161
130 3.30961
131 3.30212
132 3.29903
133 3.29501
134 3.29278
135 3.28903
136 3.28755
137 3.2846
138 3.28228
139 3.27676
140 3.27227
141 3.27026
142 3.26841
143 3.26551
144 3.26138
145 3.26064
146 3.25657
147 3.25549
148 3.24891
149 3.24301
150 3.23886
151 3.23435
152 3.23362
153 3.23454
154 3.2273
155 3.22244
156 3.21815
157 3.2178
158 3.21473
159 3.21541
160 3.21427
161 3.21391
162 3.21304
163 3.21162
164 3.20904
165 3.20739
166 3.20553
167 3.20465
168 3.20091
169 3.2018
170 3.19879
171 3.19403
172 3.18893
173 3.18577
174 3.18609
175 3.18362
176 3.18298
177 3.18099
178 3.18009
179 3.17881
180 3.17502
181 3.1741
182 3.1714
183 3.16956
184 3.16701
185 3.16492
186 3.16292
187 3.1591
188 3.15987
189 3.15705
190 3.15939
191 3.15703
192 3.15035
193 3.15058
194 3.14829
195 3.14808
196 3.14749
197 3.14466
198 3.14129
199 3.14063
200 3.14068
201 3.13927
202 3.14074
203 3.1384
204 3.13496
205 3.13349
206 3.13369
207 3.12978
208 3.12666
209 3.12611
210 3.12333
211 3.1236
212 3.12425
213 3.1233
214 3.12297
215 3.12007
216 3.12244
217 3.12179
218 3.11779
219 3.11763
220 3.11827
221 3.11802
222 3.11884
223 3.11831
224 3.11714
225 3.11608
226 3.11379
227 3.11547
228 3.11729
229 3.11732
230 3.1155
231 3.1158
232 3.11322
233 3.11076
234 3.11165
235 3.11093
236 3.11189
237 3.11009
238 3.11
239 3.11153
240 3.10924
241 3.10985
242 3.11019
243 3.1068
244 3.10725
245 3.10872
246 3.10799
247 3.10576
248 3.10656
249 3.10551
250 3.10526
251 3.10404
252 3.1035
253 3.10509
254 3.1049
255 3.10663
256 3.10602
257 3.10593
258 3.10367
259 3.10334
260 3.10155
261 3.10035
262 3.09952
263 3.09998
264 3.10125
265 3.10227
266 3.10401
267 3.10411
268 3.10558
269 3.10414
270 3.10171
271 3.10147
272 3.09903
273 3.09828
274 3.09859
275 3.0972
276 3.09875
277 3.09718
278 3.09608
279 3.09582
280 3.10025
281 3.10001
282 3.10712
283 3.10068
284 3.09703
285 3.09494
286 3.09446
287 3.09451
288 3.09478
289 3.09438
290 3.09423
291 3.09614
292 3.0962
293 3.09272
294 3.09198
295 3.09168
296 3.09195
297 3.0917
298 3.09114
299 3.09291
300 3.09325
