1 118.951
2 56.6221
3 33.7256
4 22.7465
5 17.4144
6 14.3087
7 12.5781
8 11.5553
9 10.8436
10 10.2261
11 9.81936
12 9.54924
13 9.2006
14 8.96941
15 8.69172
16 8.5909
17 8.40756
18 8.32694
19 8.15091
20 8.04864
21 7.9007
22 7.81064
23 7.69959
24 7.58668
25 7.55854
26 7.49719
27 7.44749
28 7.34931
29 7.27811
30 7.25645
31 7.26396
32 7.14598
33 7.05467
34 7.05605
35 7.00772
36 6.95866
37 6.84322
38 6.83574
39 6.83243
40 6.81831
41 6.75409
42 6.65081
43 6.64692
44 6.66057
45 6.6226
46 6.62389
47 6.60913
48 6.5834
49 6.54669
50 6.47606
51 6.42674
52 6.42457
53 6.4792
54 6.36267
55 6.35216
56 6.35908
57 6.36254
58 6.30095
59 6.27792
60 6.30079
61 6.18558
62 6.23203
63 6.14526
64 6.22796
65 6.20321
66 6.19429
67 6.13094
68 6.22327
69 6.12419
70 6.10542
71 6.10767
72 6.04495
73 6.04436
74 6.0027
75 6.03808
76 6.00306
77 5.96854
78 5.93377
79 5.9215
80 5.96284
81 5.86308
82 5.92355
83 5.87913
84 5.87552
85 5.90922
86 5.91709
87 5.99622
88 5.87821
89 5.88202
90 5.87182
91 5.83045
92 5.84902
93 5.80078
94 5.79259
95 5.79871
96 5.83035
97 5.81065
98 5.77029
99 5.75586
100 5.76314
101 5.74974
102 5.82168
103 5.76006
104 5.75663
105 5.76908
106 5.71609
107 5.79154
108 5.74971
109 5.72376
110 5.80849
111 5.73889
112 5.73332
113 5.67115
114 5.6907
115 5.68247
116 5.66569
117 5.62508
118 5.5705
119 5.72852
120 5.67075
121 5.60393
122 5.66229
123 5.6028
124 5.65672
125 5.60234
126 5.65965
127 5.59805
128 5.59092
129 5.57245
130 5.67331
131 5.62716
132 5.61222
133 5.52752
134 5.61616
135 5.60989
136 5.50637
137 5.51479
138 5.52887
139 5.53002
140 5.54953
141 5.57846
142 5.58485
143 5.50423
144 5.52206
145 5.52313
146 5.47483
147 5.56638
148 5.49403
149 5.51419
150 5.49271
151 5.58009
152 5.52866
153 5.49408
154 5.4778
155 5.50724
156 5.49714
157 5.47854
158 5.44957
159 5.45361
160 5.4669
161 5.4977
162 5.46338
163 5.40799
164 5.46303
165 5.53237
166 5.53631
167 5.48956
168 5.44086
169 5.46142
170 5.43639
171 5.4048
172 5.43631
173 5.41894
174 5.4294
175 5.40213
176 5.45468
177 5.41739
178 5.4419
179 5.40785
180 5.43727
181 5.52133
182 5.39478
183 5.393
184 5.39642
185 5.4247
186 5.40835
187 5.37876
188 5.40738
189 5.40761
190 5.45173
191 5.51219
192 5.45221
193 5.48262
194 5.374
195 5.34754
196 5.32313
197 5.34014
198 5.46862
199 5.32517
200 5.4128
201 5.34561
202 5.34503
203 5.33873
204 5.35622
205 5.45417
206 5.31004
207 5.33538
208 5.31632
209 5.33746
210 5.33086
211 5.30645
212 5.28588
213 5.28602
214 5.31311
215 5.36109
216 5.30606
217 5.33229
218 5.28929
219 5.31308
220 5.36704
221 5.36458
222 5.3638
223 5.25523
224 5.36599
225 5.28783
226 5.34434
227 5.35089
228 5.31748
229 5.28625
230 5.29836
231 5.33207
232 5.30757
233 5.34438
234 5.34639
235 5.22512
236 5.47577
237 5.38276
238 5.35795
239 5.30847
240 5.36017
241 5.31133
242 5.32956
243 5.26483
244 5.31619
245 5.27954
246 5.30987
247 5.26808
248 5.2543
249 5.33723
250 5.25715
251 5.32996
252 5.23025
253 5.29247
254 5.25607
255 5.34434
256 5.26849
257 5.34441
258 5.3257
259 5.24349
260 5.20416
261 5.21142
262 5.21603
263 5.28607
264 5.23515
265 5.30631
266 5.21214
267 5.21987
268 5.34391
269 5.2615
270 5.26008
271 5.26017
272 5.2546
273 5.25248
274 5.21565
275 5.24832
276 5.22253
277 5.25874
278 5.25744
279 5.25682
280 5.2452
281 5.2877
282 5.41049
283 5.2847
284 5.303
285 5.25988
286 5.2355
287 5.28426
288 5.18777
289 5.2182
290 5.15751
291 5.30611
292 5.23022
293 5.2461
294 5.25369
295 5.23357
296 5.21594
297 5.25499
298 5.20872
299 5.29517
300 5.27896
301 5.21029
302 5.25
303 5.27803
304 5.24175
305 5.26137
306 5.19503
307 5.28679
308 5.26054
309 5.20455
310 5.24852
311 5.17461
312 5.18717
313 5.20992
314 5.19388
315 5.35174
316 5.22069
317 5.28609
318 5.3205
319 5.23413
320 5.19179
321 5.23983
322 5.1741
323 5.19767
324 5.12262
325 5.21345
326 5.20707
327 5.19216
328 5.14855
329 5.12935
330 5.17848
331 5.20972
332 5.11724
333 5.26791
334 5.20766
335 5.18627
336 5.18109
337 5.2074
338 5.20016
339 5.21115
340 5.2216
341 5.19141
342 5.28532
343 5.16468
344 5.15384
345 5.15843
346 5.17166
347 5.20576
348 5.2253
349 5.15666
350 5.1548
351 5.20326
352 5.21388
353 5.16467
354 5.20762
355 5.29707
356 5.15536
357 5.2068
358 5.18151
359 5.1686
360 5.14585
361 5.16752
362 5.15536
363 5.16126
364 5.23403
365 5.20138
366 5.15465
367 5.28016
368 5.21982
369 5.1671
370 5.14599
371 5.19128
372 5.13311
373 5.19706
374 5.17683
375 5.14378
376 5.14868
377 5.18
378 5.14051
379 5.1935
380 5.10998
381 5.0823
382 5.14437
383 5.11531
384 5.10139
385 5.11145
386 5.20164
387 5.17314
388 5.15202
389 5.17276
390 5.21785
391 5.21577
392 5.25656
393 5.10671
394 5.15398
395 5.1616
396 5.07492
397 5.14269
398 5.1021
399 5.20925
400 5.18886
401 5.11788
402 5.23168
403 5.13396
404 5.21865
405 5.132
406 5.29106
407 5.18597
408 5.1698
409 5.16981
410 5.17581
411 5.12219
412 5.11997
413 5.16084
414 5.18167
415 5.18747
416 5.10789
417 5.15607
418 5.11931
419 5.16844
420 5.1495
421 5.14792
422 5.14719
423 5.1242
424 5.12829
425 5.09802
426 5.1533
427 5.14386
428 5.13139
429 5.14039
430 5.06893
431 5.06302
432 5.13203
433 5.14329
434 5.06597
435 5.11504
436 5.18677
437 5.10446
438 5.1184
439 5.07693
440 5.22598
441 5.15604
442 5.12993
443 5.14854
444 5.15393
445 5.11845
446 5.09781
447 5.13228
448 5.12034
449 5.11476
450 5.09451
451 5.15571
452 5.16175
453 5.1184
454 5.13693
455 5.07961
456 5.26009
457 5.12717
458 5.16231
459 5.12337
460 5.0865
461 5.13428
462 5.13731
463 5.12191
464 5.09239
465 5.08167
466 5.15206
467 5.10614
468 5.05719
469 5.06023
470 5.15073
471 5.12214
472 5.13365
473 5.07613
474 5.08028
475 5.12986
476 5.12557
477 5.07714
478 5.04097
479 5.05421
480 5.07033
481 5.16096
482 5.16008
483 5.11114
484 5.13005
485 5.17752
486 5.08452
487 5.06572
488 5.03187
489 5.08166
490 5.11845
491 5.21541
492 5.07065
493 5.07621
494 5.06526
495 5.23192
496 5.10557
497 5.06141
498 5.11279
499 5.05766
500 5.02466
