1 3.53193
2 5.02949
3 5.34816
4 5.04245
5 4.47557
6 3.86742
7 3.33102
8 2.9059
9 2.58715
10 2.35053
11 2.16998
12 2.02611
13 1.90683
14 1.80562
15 1.71925
16 1.646
17 1.5845
18 1.5333
19 1.49078
20 1.45537
21 1.42571
22 1.40063
23 1.37921
24 1.36074
25 1.34468
26 1.3306
27 1.31817
28 1.30714
29 1.29732
30 1.28853
31 1.28065
32 1.27356
33 1.26716
34 1.26138
35 1.25616
36 1.25143
37 1.24714
38 1.24323
39 1.23967
40 1.23642
41 1.23347
42 1.23078
43 1.22833
44 1.2261
45 1.22408
46 1.22224
47 1.22056
48 1.21904
49 1.21765
50 1.21639
51 1.21526
52 1.21424
53 1.21333
54 1.21252
55 1.2118
56 1.21117
57 1.21061
58 1.21013
59 1.20971
60 1.20934
61 1.20903
62 1.20877
63 1.20855
64 1.20838
65 1.20824
66 1.20815
67 1.20809
68 1.20807
69 1.20809
70 1.20813
71 1.20821
72 1.20832
73 1.20845
74 1.20861
75 1.2088
76 1.20901
77 1.20925
78 1.20951
79 1.2098
80 1.2101
81 1.21043
82 1.21077
83 1.21113
84 1.2115
85 1.2119
86 1.2123
87 1.21272
88 1.21315
89 1.2136
90 1.21406
91 1.21453
92 1.21502
93 1.21551
94 1.21602
95 1.21653
96 1.21706
97 1.2176
98 1.21815
99 1.2187
100 1.21927
101 1.21984
102 1.22042
103 1.221
104 1.22159
105 1.22218
106 1.22278
107 1.22338
108 1.22398
109 1.22459
110 1.2252
111 1.22582
112 1.22644
113 1.22706
114 1.22768
115 1.22831
116 1.22894
117 1.22957
118 1.23021
119 1.23084
120 1.23147
121 1.23211
122 1.23274
123 1.23338
124 1.23402
125 1.23465
126 1.23529
127 1.23593
128 1.23657
129 1.23721
130 1.23785
131 1.23849
132 1.23913
133 1.23977
134 1.24041
135 1.24104
136 1.24168
137 1.24232
138 1.24296
139 1.2436
140 1.24423
141 1.24487
142 1.24551
143 1.24614
144 1.24678
145 1.24741
146 1.24805
147 1.24869
148 1.24932
149 1.24996
150 1.25059
151 1.25123
152 1.25187
153 1.2525
154 1.25314
155 1.25378
156 1.25442
157 1.25506
158 1.2557
159 1.25633
160 1.25697
161 1.25761
162 1.25825
163 1.25889
164 1.25952
165 1.26016
166 1.26079
167 1.26143
168 1.26206
169 1.2627
170 1.26333
171 1.26396
172 1.26459
173 1.26522
174 1.26585
175 1.26648
176 1.26711
177 1.26773
178 1.26836
179 1.26898
180 1.26961
181 1.27023
182 1.27085
183 1.27147
184 1.27209
185 1.27271
186 1.27333
187 1.27395
188 1.27456
189 1.27518
190 1.27579
191 1.2764
192 1.27701
193 1.27762
194 1.27823
195 1.27884
196 1.27944
197 1.28005
198 1.28065
199 1.28126
200 1.28186
201 1.28246
202 1.28306
203 1.28365
204 1.28425
205 1.28485
206 1.28544
207 1.28603
208 1.28663
209 1.28722
210 1.28781
211 1.2884
212 1.28899
213 1.28958
214 1.29017
215 1.29076
216 1.29135
217 1.29194
218 1.29252
219 1.29311
220 1.29369
221 1.29427
222 1.29485
223 1.29543
224 1.29601
225 1.29659
226 1.29717
227 1.29774
228 1.29831
229 1.29889
230 1.29946
231 1.30003
232 1.3006
233 1.30117
234 1.30173
235 1.3023
236 1.30286
237 1.30343
238 1.30399
239 1.30455
240 1.30511
241 1.30567
242 1.30623
243 1.30678
244 1.30734
245 1.3079
246 1.30845
247 1.309
248 1.30956
249 1.31011
250 1.31066
251 1.31121
252 1.31176
253 1.31231
254 1.31285
255 1.3134
256 1.31395
257 1.31449
258 1.31504
259 1.31558
260 1.31612
261 1.31667
262 1.31721
263 1.31775
264 1.31829
265 1.31883
266 1.31937
267 1.3199
268 1.32044
269 1.32098
270 1.32151
271 1.32205
272 1.32258
273 1.32311
274 1.32365
275 1.32418
276 1.32471
277 1.32524
278 1.32577
279 1.32629
280 1.32682
281 1.32735
282 1.32787
283 1.3284
284 1.32892
285 1.32944
286 1.32997
287 1.33049
288 1.33101
289 1.33153
290 1.33205
291 1.33257
292 1.33309
293 1.3336
294 1.33412
295 1.33464
296 1.33516
297 1.33567
298 1.33619
299 1.3367
300 1.33722
301 1.33773
302 1.33824
303 1.33876
304 1.33927
305 1.33978
306 1.34029
307 1.3408
308 1.34131
309 1.34182
310 1.34233
311 1.34284
312 1.34335
313 1.34386
314 1.34437
315 1.34488
316 1.34539
317 1.34589
318 1.3464
319 1.34691
320 1.34742
321 1.34792
322 1.34843
323 1.34893
324 1.34944
325 1.34995
326 1.35045
327 1.35096
328 1.35146
329 1.35196
330 1.35247
331 1.35297
332 1.35348
333 1.35398
334 1.35448
335 1.35498
336 1.35548
337 1.35599
338 1.35649
339 1.35699
340 1.35749
341 1.35799
342 1.35848
343 1.35898
344 1.35948
345 1.35998
346 1.36048
347 1.36097
348 1.36147
349 1.36197
350 1.36246
351 1.36296
352 1.36346
353 1.36395
354 1.36445
355 1.36494
356 1.36544
357 1.36593
358 1.36642
359 1.36692
360 1.36741
361 1.3679
362 1.3684
363 1.36889
364 1.36938
365 1.36987
366 1.37037
367 1.37086
368 1.37135
369 1.37184
370 1.37233
371 1.37282
372 1.37331
373 1.3738
374 1.37429
375 1.37478
376 1.37527
377 1.37576
378 1.37625
379 1.37673
380 1.37722
381 1.37771
382 1.3782
383 1.37868
384 1.37917
385 1.37966
386 1.38014
387 1.38063
388 1.38111
389 1.3816
390 1.38208
391 1.38256
392 1.38305
393 1.38353
394 1.38401
395 1.3845
396 1.38498
397 1.38546
398 1.38594
399 1.38642
400 1.3869
401 1.38738
402 1.38786
403 1.38834
404 1.38882
405 1.38929
406 1.38977
407 1.39025
408 1.39073
409 1.3912
410 1.39168
411 1.39216
412 1.39263
413 1.39311
414 1.39358
415 1.39406
416 1.39453
417 1.395
418 1.39548
419 1.39595
420 1.39642
421 1.39689
422 1.39737
423 1.39784
424 1.39831
425 1.39878
426 1.39925
427 1.39972
428 1.40019
429 1.40066
430 1.40113
431 1.4016
432 1.40207
433 1.40254
434 1.40301
435 1.40347
436 1.40394
437 1.40441
438 1.40487
439 1.40534
440 1.40581
441 1.40627
442 1.40674
443 1.4072
444 1.40767
445 1.40813
446 1.40859
447 1.40906
448 1.40952
449 1.40998
450 1.41045
451 1.41091
452 1.41137
453 1.41183
454 1.41229
455 1.41275
456 1.41321
457 1.41367
458 1.41413
459 1.41459
460 1.41505
461 1.41551
462 1.41596
463 1.41642
464 1.41688
465 1.41734
466 1.41779
467 1.41825
468 1.4187
469 1.41916
470 1.41962
471 1.42007
472 1.42053
473 1.42098
474 1.42143
475 1.42189
476 1.42234
477 1.42279
478 1.42325
479 1.4237
480 1.42415
481 1.4246
482 1.42506
483 1.42551
484 1.42596
485 1.42641
486 1.42686
487 1.42731
488 1.42776
489 1.42821
490 1.42866
491 1.4291
492 1.42955
493 1.43
494 1.43045
495 1.4309
496 1.43134
497 1.43179
498 1.43224
499 1.43269
500 1.43313
