10000 153.432
20000 86.5488
30000 59.9302
40000 45.3832
50000 36.1625
60000 30.1341
70000 26.4204
80000 22.7057
90000 19.2077
100000 23.0431
110000 15.8232
120000 15.3385
130000 13.6681
140000 12.6744
150000 12.2443
160000 12.0597
170000 11.1398
180000 13.9744
190000 13.7757
200000 16.1162
210000 10.5382
220000 9.61803
230000 9.23246
240000 8.92634
250000 9.35701
260000 8.54112
270000 11.5728
280000 8.84466
290000 18.4714
300000 9.07882
310000 8.43027
320000 8.94183
330000 7.82908
340000 7.80255
350000 7.63954
360000 10.868
370000 7.97021
380000 14.0437
390000 8.49633
400000 7.77023
410000 8.47796
420000 7.38292
430000 7.24791
440000 7.19081
450000 8.91068
460000 7.49991
470000 11.1576
480000 8.13923
490000 7.41335
500000 9.00198
510000 8.43922
520000 6.89546
530000 6.90075
540000 8.28827
550000 7.29736
560000 9.92029
570000 7.83507
580000 7.30699
590000 8.59021
600000 7.75982
610000 6.77963
620000 6.72561
630000 8.09316
640000 6.95253
650000 9.03163
660000 7.78114
670000 7.18917
680000 7.71442
690000 7.68747
700000 6.83908
710000 7.24218
720000 12.4538
730000 6.83899
740000 8.7
750000 7.39627
760000 6.96357
770000 7.19756
780000 7.57039
790000 6.73048
800000 11.4757
810000 10.8003
820000 14.4376
830000 8.22614
840000 7.31023
850000 7.04159
860000 6.79185
870000 7.50879
880000 6.62083
890000 10.3767
900000 7.04876
910000 17.8384
920000 7.89652
930000 7.22399
940000 7.87445
950000 6.62902
960000 6.71831
970000 6.5196
980000 10.1545
990000 6.96305
1000000 13.5629
1010000 7.77536
1020000 7.0019
1030000 7.83208
1040000 6.60766
1050000 6.5452
1060000 6.46746
1070000 8.36471
1080000 6.88156
1090000 10.7709
1100000 7.65139
1110000 6.8829
1120000 8.57414
1130000 8.00178
1140000 6.38528
1150000 6.41268
1160000 7.8919
1170000 6.85587
1180000 9.61353
1190000 7.47917
1200000 6.92968
1210000 8.26251
1220000 7.4281
1230000 6.39802
1240000 6.35579
1250000 7.78727
1260000 6.61761
1270000 8.78471
1280000 7.50997
1290000 6.89879
1300000 7.44587
1310000 7.42374
1320000 6.54622
1330000 6.99784
1340000 12.2904
1350000 6.5846
1360000 8.49976
1370000 7.17184
1380000 6.73034
1390000 6.97371
1400000 7.36896
1410000 6.50374
1420000 11.3349
1430000 10.6476
1440000 14.3419
1450000 8.06015
1460000 7.13047
1470000 6.85547
1480000 6.60491
1490000 7.34929
1500000 6.43925
1510000 10.2503
1520000 6.8689
1530000 17.77
1540000 7.76185
1550000 7.07536
1560000 7.73268
1570000 6.47017
1580000 6.57296
1590000 6.36724
1600000 10.0461
1610000 6.81475
1620000 13.4885
1630000 7.65991
1640000 6.87292
1650000 7.71331
1660000 6.47381
1670000 6.41946
1680000 6.33757
1690000 8.25942
1700000 6.76026
1710000 10.6955
1720000 7.5533
1730000 6.77428
1740000 8.48778
1750000 7.91052
1760000 6.2769
1770000 6.30607
1780000 7.79525
1790000 6.74947
1800000 9.54417
1810000 7.39233
1820000 6.84033
1830000 8.18155
1840000 7.34773
1850000 6.30288
1860000 6.26266
1870000 7.70242
1880000 6.5276
1890000 8.72052
1900000 7.43473
1910000 6.81791
1920000 7.37288
1930000 7.35205
1940000 6.46294
1950000 6.93
1960000 12.231
1970000 6.50891
1980000 8.44163
1990000 7.10391
2000000 6.65977
2010000 6.90698
2020000 7.30682
2030000 6.43273
2040000 11.2891
2050000 10.5924
2060000 14.313
2070000 8.00733
2080000 7.07125
2090000 6.79351
2100000 6.54484
2110000 7.29724
2120000 6.37857
2130000 10.2062
2140000 6.81349
2150000 17.7473
2160000 7.71698
2170000 7.02287
2180000 7.68236
2190000 6.41557
2200000 6.52224
2210000 6.31297
2220000 10.0063
2230000 6.76649
2240000 13.4627
2250000 7.61732
2260000 6.82499
2270000 7.66871
2280000 6.42391
2290000 6.37293
2300000 6.29089
2310000 8.21948
2320000 6.72043
2330000 10.6672
2340000 7.51527
2350000 6.73168
2360000 8.45284
2370000 7.87352
2380000 6.23366
2390000 6.26505
2400000 7.76369
2410000 6.71335
2420000 9.51707
2430000 7.35467
2440000 6.80513
2450000 8.14919
2460000 7.31524
2470000 6.2611
2480000 6.22646
2490000 7.67288
2500000 6.49241
2510000 8.6949
2520000 7.40274
2530000 6.78459
2540000 7.34311
2550000 7.32231
2560000 6.42868
2570000 6.90273
2580000 12.2173
2590000 6.48039
2600000 8.41675
2610000 7.07342
2620000 6.63002
2630000 6.87628
2640000 7.28066
2650000 6.40662
2660000 11.2679
2670000 10.576
2680000 14.3132
2690000 7.98326
2700000 7.04377
2710000 6.76647
2720000 6.51805
2730000 7.27361
2740000 6.35195
2750000 10.186
2760000 6.78254
2770000 17.7381
2780000 7.69533
2790000 6.99767
2800000 7.65928
2810000 6.39045
2820000 6.49921
2830000 6.28892
2840000 9.987
2850000 6.73803
2860000 13.451
2870000 7.60365
2880000 6.80149
2890000 7.64776
2900000 6.40227
2910000 6.35139
2920000 6.26963
2930000 8.19939
2940000 6.69518
2950000 10.6538
2960000 7.49668
2970000 6.7104
2980000 8.43603
2990000 7.85663
3000000 6.21273
3010000 6.24529
3020000 7.74202
3030000 6.68923
3040000 9.50323
3050000 7.33548
3060000 6.78797
3070000 8.13316
3080000 7.29837
3090000 6.24303
3100000 6.20904
3110000 7.65185
3120000 6.47198
3130000 8.68078
3140000 7.38479
3150000 6.76569
3160000 7.32805
3170000 7.3072
3180000 6.41147
3190000 6.88898
3200000 12.1964
3210000 6.46477
3220000 8.40327
3230000 7.05707
3240000 6.61329
3250000 6.86145
3260000 7.26638
3270000 6.39102
3280000 11.2545
3290000 10.557
3300000 14.307
3310000 7.96973
3320000 7.02885
3330000 6.75127
3340000 6.5035
3350000 7.26014
3360000 6.33847
3370000 10.1755
3380000 6.77194
3390000 17.7326
3400000 7.68369
3410000 6.98359
3420000 7.64538
3430000 6.37654
3440000 6.48685
3450000 6.27605
3460000 9.9754
3470000 6.7287
3480000 13.4447
3490000 7.59221
3500000 6.78831
3510000 7.63538
3520000 6.38927
3530000 6.33901
3540000 6.25782
3550000 8.18758
3560000 6.68719
3570000 10.6459
3580000 7.48637
3590000 6.69783
3600000 8.42614
3610000 7.84562
3620000 6.20055
3630000 6.23429
3640000 7.73539
3650000 6.68198
3660000 9.49547
3670000 7.32407
3680000 6.77805
3690000 8.12387
3700000 7.28845
3710000 6.226
3720000 6.19981
3730000 7.64499
3740000 6.46304
3750000 8.673
3760000 7.37407
3770000 6.75458
3780000 7.31951
3790000 7.29871
3800000 6.40113
3810000 6.88164
3820000 12.1978
3830000 6.45623
3840000 8.39496
3850000 7.0466
3860000 6.60449
3870000 6.85188
3880000 7.2592
3890000 6.38191
3900000 11.2473
3910000 10.5529
3920000 14.306
3930000 7.96173
3940000 7.01926
3950000 6.74195
3960000 6.49522
3970000 7.25239
3980000 6.32951
3990000 10.1683
4000000 6.75907
4010000 17.7296
4020000 7.67545
4030000 6.97462
4040000 7.63741
4050000 6.36804
4060000 6.47918
4070000 6.26816
4080000 9.96798
4090000 6.71607
4100000 13.4412
4110000 7.58487
4120000 6.77981
4130000 7.62795
4140000 6.38193
4150000 6.33198
4160000 6.25082
4170000 8.1811
4180000 6.67578
4190000 10.6417
4200000 7.47728
4210000 6.68884
4220000 8.42024
4230000 7.83855
4240000 6.19541
4250000 6.22734
4260000 7.72376
4270000 6.67069
4280000 9.49098
4290000 7.31885
4300000 6.77191
4310000 8.11749
4320000 7.2816
4330000 6.21942
4340000 6.19368
4350000 7.63456
4360000 6.45541
4370000 8.66808
4380000 7.36617
4390000 6.74695
4400000 7.31451
4410000 7.2918
4420000 6.39508
4430000 6.87682
4440000 12.1855
4450000 6.44877
4460000 8.38898
4470000 7.03987
4480000 6.59701
4490000 6.84636
4500000 7.2523
4510000 6.37745
4520000 11.2414
4530000 10.5425
4540000 14.3037
4550000 7.95635
4560000 7.01306
4570000 6.7364
4580000 6.48954
4590000 7.24703
4600000 6.32694
4610000 10.1628
4620000 6.75766
4630000 17.7282
4640000 7.6704
4650000 6.96849
4660000 7.6311
4670000 6.36249
4680000 6.47402
4690000 6.26307
4700000 9.96309
4710000 6.71438
4720000 13.4403
4730000 7.57993
4740000 6.77394
4750000 7.62277
4760000 6.37667
4770000 6.32702
4780000 6.24438
4790000 8.17518
4800000 6.67494
4810000 10.6384
4820000 7.46944
4830000 6.68386
4840000 8.15384
4850000 7.83377
4860000 6.18906
4870000 6.2228
4880000 7.72348
4890000 6.67022
4900000 9.48794
4910000 7.31381
4920000 6.76795
4930000 8.11571
4940000 7.27724
4950000 6.21471
4960000 6.18741
4970000 7.63368
4980000 6.45268
4990000 8.66488
5000000 7.36109
5010000 6.74217
5020000 7.31114
5030000 7.28768
5040000 6.38955
5050000 6.87311
5060000 12.19
5070000 6.44699
5080000 8.38469
5090000 7.03482
5100000 6.59261
5110000 6.84186
5120000 7.24846
5130000 6.37292
5140000 11.2373
5150000 10.5432
5160000 14.3044
5170000 7.95238
5180000 7.00874
5190000 6.73259
5200000 6.48527
5210000 7.24417
5220000 6.32411
5230000 10.1591
5240000 6.74951
5250000 17.7279
5260000 7.6668
5270000 6.96318
5280000 7.62708
5290000 6.3572
5300000 6.47061
5310000 6.25956
5320000 9.95843
5330000 6.70656
5340000 13.4389
5350000 7.57285
5360000 6.76958
5370000 7.61933
5380000 6.37239
5390000 6.32424
5400000 6.24082
5410000 8.17141
5420000 6.6677
5430000 10.6362
5440000 7.46656
5450000 6.67997
5460000 8.15003
5470000 7.83044
5480000 6.18516
5490000 6.21989
5500000 7.71514
5510000 6.66256
5520000 9.48575
5530000 7.31068
5540000 6.76609
5550000 8.11256
5560000 7.2739
5570000 6.20928
5580000 6.18457
5590000 7.62723
5600000 6.44856
5610000 8.66182
5620000 7.35571
5630000 6.73818
5640000 7.30863
5650000 7.2852
5660000 6.38548
5670000 6.87103
5680000 12.1789
5690000 6.44255
5700000 8.38162
5710000 7.0316
5720000 6.58881
5730000 6.83935
5740000 7.24537
5750000 6.36965
5760000 11.234
5770000 10.5355
5780000 14.303
5790000 7.94972
5800000 7.00568
5810000 6.72748
5820000 6.48197
5830000 7.24152
5840000 6.32178
5850000 10.1562
5860000 6.75078
5870000 17.7269
5880000 7.66497
5890000 6.96024
5900000 7.62391
5910000 6.35456
5920000 6.46807
5930000 6.25732
5940000 9.9556
5950000 6.70851
5960000 13.4384
5970000 7.57046
5980000 6.76667
5990000 7.6166
6000000 6.36935
6010000 6.32174
6020000 6.23823
6030000 8.16856
6040000 6.66948
6050000 10.6341
6060000 7.46402
6070000 6.67718
6080000 8.14775
6090000 7.82797
6100000 6.18224
6110000 6.21774
6120000 7.716
6130000 6.66425
6140000 9.48418
6150000 7.30803
6160000 6.76406
6170000 8.04484
6180000 7.27172
6190000 6.20596
6200000 6.18981
6210000 7.62921
6220000 6.4482
6230000 8.65959
6240000 7.35304
6250000 6.73647
6260000 7.30619
6270000 7.2827
6280000 6.38336
6290000 6.86971
6300000 12.1851
6310000 6.44153
6320000 8.37906
6330000 7.02876
6340000 6.58703
6350000 6.83732
6360000 7.24311
6370000 6.36684
6380000 11.2302
6390000 10.5381
6400000 14.3043
6410000 7.9477
6420000 6.9657
6430000 6.73532
6440000 6.47961
6450000 7.23966
6460000 6.31997
6470000 10.1542
6480000 6.74207
6490000 17.7272
6500000 7.66302
6510000 6.95781
6520000 7.62143
6530000 6.35232
6540000 6.4665
6550000 6.25524
6560000 9.95386
6570000 6.70259
6580000 13.4377
6590000 7.56852
6600000 6.764
6610000 7.61489
6620000 6.36743
6630000 6.32043
6640000 6.2367
6650000 8.1665
6660000 6.6638
6670000 10.6336
6680000 7.46224
6690000 6.6752
6700000 8.14634
6710000 7.82445
6720000 6.18041
6730000 6.215
6740000 7.70953
6750000 6.65741
6760000 9.48285
6770000 7.30623
6780000 6.76161
6790000 8.04313
6800000 7.2698
6810000 6.20387
6820000 6.18875
6830000 7.6238
6840000 6.44501
6850000 8.65833
6860000 7.34992
6870000 6.73399
6880000 7.3032
6890000 7.28097
6900000 6.38038
6910000 6.86841
6920000 12.1754
6930000 6.43727
6940000 8.37756
6950000 7.02706
6960000 6.58429
6970000 6.83611
6980000 7.24151
6990000 6.36503
7000000 11.2278
7010000 10.5321
7020000 14.3032
7030000 7.94627
7040000 6.96411
7050000 6.73308
7060000 6.47765
7070000 7.23803
7080000 6.31882
7090000 10.1524
7100000 6.7446
7110000 17.7266
7120000 7.66208
7130000 6.9563
7140000 7.61958
7150000 6.35075
7160000 6.46512
7170000 6.25343
7180000 9.95202
7190000 6.70511
7200000 13.4374
7210000 7.56709
7220000 6.76162
7230000 7.61271
7240000 6.36598
7250000 6.31925
7260000 6.23547
7270000 8.16472
7280000 6.66672
7290000 10.6296
7300000 7.46086
7310000 6.67361
7320000 8.14515
7330000 7.82368
7340000 6.17895
7350000 6.21402
7360000 7.71289
7370000 6.65997
7380000 9.48197
7390000 7.30325
7400000 6.76083
7410000 8.04191
7420000 7.26855
7430000 6.20265
7440000 6.18774
7450000 7.62616
7460000 6.44544
7470000 8.65756
7480000 7.34768
7490000 6.73297
7500000 7.30227
7510000 7.27833
7520000 6.37966
7530000 6.86782
7540000 12.1787
7550000 6.43838
7560000 8.37635
7570000 7.0254
7580000 6.58352
7590000 6.835
7600000 7.24067
7610000 6.36395
7620000 11.2264
7630000 10.5355
7640000 14.3047
7650000 7.94507
7660000 6.96257
7670000 6.73207
7680000 6.47624
7690000 7.23738
7700000 6.31796
7710000 10.152
7720000 6.74105
7730000 16.6778
7740000 7.661
7750000 6.95463
7760000 7.6186
7770000 6.34974
7780000 6.46439
7790000 6.25251
7800000 9.95085
7810000 6.69987
7820000 13.4398
7830000 7.56568
7840000 6.75919
7850000 7.61145
7860000 6.36375
7870000 6.31871
7880000 6.23467
7890000 8.16165
7900000 6.66176
7910000 10.6294
7920000 7.45756
7930000 6.67236
7940000 8.1445
7950000 7.82272
7960000 6.17857
7970000 6.2128
7980000 7.70698
7990000 6.65485
8000000 9.4818
8010000 7.30221
8020000 6.76016
8030000 8.03767
8040000 7.26765
8050000 6.2019
8060000 6.18657
8070000 7.62139
8080000 6.44287
8090000 8.65683
8100000 7.34654
8110000 6.73094
8120000 7.30167
8130000 7.27673
8140000 6.37906
8150000 6.86735
8160000 12.1694
8170000 6.43517
8180000 8.37509
8190000 7.02454
8200000 6.58204
8210000 6.83436
8220000 7.23835
8230000 6.36382
8240000 11.2252
8250000 10.5296
8260000 14.3036
8270000 7.80083
8280000 6.96139
8290000 6.73116
8300000 6.47568
8310000 7.23651
8320000 6.31785
8330000 10.1506
8340000 6.74404
8350000 16.6778
8360000 7.65989
8370000 6.95387
8380000 7.61722
8390000 6.34906
8400000 6.46369
8410000 6.25142
8420000 9.94967
8430000 6.70304
8440000 13.4395
8450000 7.56459
8460000 6.75809
8470000 7.61032
8480000 6.36306
8490000 6.31763
8500000 6.23387
8510000 8.16038
8520000 6.66489
8530000 10.6292
8540000 7.45365
8550000 6.67133
8560000 8.14308
8570000 7.8218
8580000 6.17782
8590000 6.21223
8600000 7.71081
8610000 6.65856
8620000 9.48118
8630000 7.3012
8640000 6.7592
8650000 8.03652
8660000 7.26702
8670000 6.19952
8680000 6.18597
8690000 7.62433
8700000 6.44401
8710000 8.65644
8720000 7.3452
8730000 6.73044
8740000 7.30118
8750000 7.27613
8760000 6.37831
8770000 6.86709
8780000 12.1769
8790000 6.43659
8800000 8.37438
8810000 7.02346
8820000 6.58171
8830000 6.83356
8840000 7.23791
8850000 6.36327
8860000 11.2245
8870000 10.5335
8880000 14.3052
8890000 7.80007
8900000 6.96035
8910000 6.7308
8920000 6.4646
8930000 7.23624
8940000 6.31735
8950000 10.1502
8960000 6.73891
8970000 16.458
8980000 7.65921
8990000 6.95166
9000000 7.63549
9010000 6.34806
9020000 6.46308
9030000 6.25221
9040000 9.94902
9050000 6.69852
9060000 13.4394
9070000 7.56386
9080000 6.75707
9090000 7.60974
9100000 6.36266
9110000 6.31762
9120000 6.2336
9130000 8.15956
9140000 6.66022
9150000 10.6294
9160000 7.45298
9170000 6.67054
9180000 8.14281
9190000 7.81982
9200000 6.17931
9210000 6.21241
9220000 7.70512
9230000 6.65377
9240000 9.48084
9250000 7.30051
9260000 6.75872
9270000 8.03478
9280000 7.26625
9290000 6.19708
9300000 6.18476
9310000 7.62005
9320000 6.44148
9330000 8.65598
9340000 7.34459
9350000 6.72934
9360000 7.30093
9370000 7.27535
9380000 6.37803
9390000 6.86687
9400000 12.1675
9410000 6.43426
9420000 8.37371
9430000 7.02282
9440000 6.5813
9450000 6.83326
9460000 7.23737
9470000 6.36245
9480000 11.22
9490000 10.5286
9500000 14.304
9510000 7.79969
9520000 6.95999
9530000 6.72981
9540000 6.46286
9550000 7.23561
9560000 6.31844
9570000 10.1496
9580000 6.74324
9590000 16.4574
9600000 7.65939
9610000 6.95113
9620000 7.63469
9630000 6.34792
9640000 6.46255
9650000 6.25219
9660000 9.94841
9670000 6.70199
9680000 13.4389
9690000 7.56367
9700000 6.75649
9710000 7.60896
9720000 6.36208
9730000 6.31697
9740000 6.23257
9750000 8.15712
9760000 6.6648
9770000 10.6283
9780000 7.45316
9790000 6.67225
9800000 8.14209
9810000 7.8192
9820000 6.17548
9830000 6.2124
9840000 7.70933
9850000 6.6576
9860000 9.48047
9870000 7.29944
9880000 6.75826
9890000 8.03435
9900000 7.26582
9910000 6.19659
9920000 6.18498
9930000 7.62257
9940000 6.44342
9950000 8.65575
9960000 7.34374
9970000 6.72986
9980000 7.30014
9990000 7.2665
10000000 6.37761
10010000 6.86676
10020000 12.1751
10030000 6.43583
10040000 8.35594
10050000 7.02083
10060000 6.58134
10070000 6.83264
10080000 7.23691
10090000 6.36221
10100000 11.2197
10110000 10.5328
10120000 14.3055
10130000 7.7991
10140000 6.95634
10150000 6.72962
10160000 6.46284
10170000 7.2355
10180000 6.31812
10190000 10.148
10200000 6.7388
10210000 16.4582
10220000 7.65893
10230000 6.9502
10240000 7.63485
10250000 6.34716
10260000 6.46263
10270000 6.25173
10280000 9.94711
10290000 6.69758
10300000 13.4389
10310000 7.5632
10320000 6.75578
10330000 7.60807
10340000 6.36129
10350000 6.31674
10360000 6.2323
10370000 8.15651
10380000 6.66031
10390000 10.6286
10400000 7.45238
10410000 6.67187
10420000 8.14094
10430000 7.81936
10440000 6.17429
10450000 6.21578
10460000 7.70415
10470000 6.65271
10480000 9.4802
10490000 7.29748
10500000 6.75801
10510000 8.03398
10520000 7.26462
10530000 6.1943
10540000 6.18404
10550000 7.61873
10560000 6.44136
10570000 8.65791
10580000 7.34321
10590000 6.72909
10600000 7.2999
10610000 7.26625
10620000 6.37853
10630000 6.86699
10640000 12.1663
10650000 6.4331
10660000 8.35571
10670000 7.02053
10680000 6.58031
10690000 6.83225
10700000 7.23611
10710000 6.36262
10720000 11.2204
10730000 10.5274
10740000 14.3044
10750000 7.79811
10760000 6.95593
10770000 6.72789
10780000 6.46289
10790000 7.23648
10800000 6.31753
10810000 10.1473
10820000 6.74238
10830000 16.4574
10840000 7.65878
10850000 6.94991
10860000 7.63405
10870000 6.34522
10880000 6.46227
10890000 6.2516
10900000 9.9464
10910000 6.70119
10920000 13.4388
10930000 7.56209
10940000 6.75398
10950000 7.60751
10960000 6.36136
10970000 6.31627
10980000 6.23194
10990000 8.15567
11000000 6.66308
11010000 10.6283
11020000 7.45229
11030000 6.67211
11040000 8.14048
11050000 7.8191
11060000 6.1739
11070000 6.2157
11080000 7.7081
11090000 6.6651
11100000 9.4803
11110000 7.29634
11120000 6.75769
11130000 8.03369
11140000 7.26449
11150000 6.19393
11160000 6.18392
11170000 7.62118
11180000 6.44537
11190000 8.65786
11200000 7.34278
11210000 6.72899
11220000 7.29942
11230000 7.26542
11240000 6.37824
11250000 6.8662
11260000 12.1741
11270000 6.43485
11280000 8.35893
11290000 7.01888
11300000 6.58012
11310000 6.83183
11320000 7.23574
11330000 6.35362
11340000 11.2201
11350000 10.5312
11360000 14.306
11370000 7.79769
11380000 6.95681
11390000 6.72778
11400000 6.46201
11410000 7.23647
11420000 6.31734
11430000 10.1472
11440000 6.73762
11450000 16.4581
11460000 7.65822
11470000 6.94901
11480000 7.63613
11490000 6.34422
11500000 6.46202
11510000 6.24788
11520000 9.94605
11530000 6.69704
11540000 13.4388
11550000 7.56253
11560000 6.75343
11570000 7.60731
11580000 6.36191
11590000 6.31603
11600000 6.23179
11610000 8.15582
11620000 6.65876
11630000 10.6285
11640000 7.45212
11650000 6.67166
11660000 8.14022
11670000 7.81863
11680000 6.17545
11690000 6.21565
11700000 7.70306
11710000 6.66085
11720000 9.48014
11730000 7.29593
11740000 6.7574
11750000 8.03329
11760000 7.26413
11770000 6.19416
11780000 6.18416
11790000 7.61723
11800000 6.44379
11810000 8.65842
11820000 7.34241
11830000 6.72863
11840000 7.29926
11850000 7.26413
11860000 6.37847
11870000 6.86638
11880000 12.1656
11890000 6.43273
11900000 8.35893
11910000 7.01945
11920000 6.57959
11930000 6.8332
11940000 7.23535
11950000 6.35371
11960000 11.2194
11970000 10.526
11980000 14.305
11990000 7.79739
12000000 6.95923
12010000 6.72665
12020000 6.46277
12030000 7.23576
12040000 6.31914
12050000 10.1462
12060000 6.74119
12070000 16.4553
12080000 7.65773
12090000 6.94884
12100000 7.63523
12110000 6.34365
12120000 6.46209
12130000 6.25777
12140000 9.94545
12150000 6.70087
12160000 13.4389
12170000 7.5621
12180000 6.75321
12190000 7.60634
12200000 6.36192
12210000 6.31713
12220000 6.23208
12230000 8.15515
12240000 6.6617
12250000 10.6281
12260000 7.45194
12270000 6.67137
12280000 8.13987
12290000 7.81839
12300000 6.17524
12310000 6.21546
12320000 7.70764
12330000 6.66425
12340000 9.47999
12350000 7.2953
12360000 6.75711
12370000 8.03216
12380000 7.26355
12390000 6.19213
12400000 6.18406
12410000 7.61849
12420000 6.44746
12430000 8.65828
12440000 7.34211
12450000 6.72831
12460000 7.29891
12470000 7.2642
12480000 6.38844
12490000 6.86635
12500000 12.1733
12510000 6.43467
12520000 8.35838
12530000 7.01887
12540000 6.57979
12550000 6.83291
12560000 7.23518
12570000 6.35357
12580000 11.2193
12590000 10.5304
12600000 14.3047
12610000 7.79719
12620000 6.95853
12630000 6.72701
12640000 6.4625
12650000 7.23564
12660000 6.31865
12670000 10.1461
12680000 6.73816
12690000 16.4561
12700000 7.65756
12710000 6.94828
12720000 7.63517
12730000 6.34294
12740000 6.46147
12750000 6.25729
12760000 9.94515
12770000 6.69662
12780000 13.4389
12790000 7.56061
12800000 6.75251
12810000 7.60569
12820000 6.36218
12830000 6.3174
12840000 6.23086
12850000 8.15511
12860000 6.6582
12870000 10.6283
12880000 7.45168
12890000 6.67084
12900000 8.13972
12910000 7.81808
12920000 6.17562
12930000 6.21534
12940000 7.70298
12950000 6.65996
12960000 9.47988
12970000 7.2955
12980000 6.75679
12990000 8.03319
13000000 7.26188
13010000 6.19329
13020000 6.18392
13030000 7.61459
13040000 6.44828
13050000 8.65739
13060000 7.34173
13070000 6.72873
13080000 7.29879
13090000 7.26394
13100000 6.38849
13110000 6.86182
13120000 12.167
13130000 6.43113
13140000 8.35783
13150000 7.0186
13160000 6.5782
13170000 6.83318
13180000 7.23483
13190000 6.35316
13200000 11.2187
13210000 10.5243
13220000 14.2652
13230000 7.80151
13240000 6.95169
13250000 6.72628
13260000 6.45314
13270000 7.23564
13280000 6.31833
13290000 10.1455
13300000 6.73022
13310000 16.4561
13320000 7.65767
13330000 6.94856
13340000 7.58857
13350000 6.34303
13360000 6.46118
13370000 6.25757
13380000 9.94482
13390000 6.70039
13400000 13.4388
13410000 7.5601
13420000 6.75229
13430000 7.60525
13440000 6.34989
13450000 6.31702
13460000 6.23076
13470000 8.15402
13480000 6.66217
13490000 10.6262
13500000 7.45118
13510000 6.67066
13520000 8.13949
13530000 7.81745
13540000 6.17513
13550000 6.21522
13560000 7.70632
13570000 6.66404
13580000 9.47984
13590000 7.29508
13600000 6.75663
13610000 8.03285
13620000 7.26156
13630000 6.19256
13640000 6.18387
13650000 7.61786
13660000 6.4499
13670000 8.65709
13680000 7.33949
13690000 6.72895
13700000 7.29866
13710000 7.26494
13720000 6.38823
13730000 6.86203
13740000 12.1745
13750000 6.43274
13760000 8.35719
13770000 7.01759
13780000 6.57849
13790000 6.83283
13800000 7.23416
13810000 6.35166
13820000 11.2179
13830000 10.5288
13840000 14.2666
13850000 7.80127
13860000 6.95031
13870000 6.72607
13880000 6.45231
13890000 7.23566
13900000 6.31755
13910000 10.1455
13920000 6.7263
13930000 16.4547
13940000 7.65755
13950000 6.9471
13960000 7.58883
13970000 6.34194
13980000 6.46124
13990000 6.25843
14000000 9.94457
14010000 6.69582
14020000 13.4389
14030000 7.56022
14040000 6.75218
14050000 7.60519
14060000 6.34891
14070000 6.31732
14080000 6.2299
14090000 8.15293
14100000 6.65764
14110000 10.6265
14120000 7.45097
14130000 6.67045
14140000 8.13944
14150000 7.82148
14160000 6.17466
14170000 6.21502
14180000 7.70118
14190000 6.65968
14200000 9.47971
14210000 7.29491
14220000 6.75652
14230000 8.03271
14240000 7.26124
14250000 6.19212
14260000 6.18334
14270000 7.61405
14280000 6.44799
14290000 8.65668
14300000 7.33919
14310000 6.72805
14320000 7.29853
14330000 7.26431
14340000 6.38831
14350000 6.85868
14360000 12.1659
14370000 6.43065
14380000 8.35716
14390000 7.01747
14400000 6.57767
14410000 6.83229
14420000 7.23435
14430000 6.35153
14440000 11.2173
14450000 10.5238
14460000 14.2653
14470000 7.80131
14480000 6.9504
14490000 6.72547
14500000 6.45243
14510000 7.23547
14520000 6.31589
14530000 10.1475
14540000 6.73046
14550000 16.4536
14560000 7.65754
14570000 6.9471
14580000 7.56693
14590000 6.34203
14600000 6.46098
14610000 6.25899
14620000 9.94414
14630000 6.69994
14640000 13.4391
14650000 7.55992
14660000 6.75218
14670000 7.60431
14680000 6.34805
14690000 6.31544
14700000 6.22973
14710000 8.15238
14720000 6.66326
14730000 10.6419
14740000 7.4508
14750000 6.67028
14760000 8.13883
14770000 7.82156
14780000 6.17511
14790000 6.21501
14800000 7.7056
14810000 6.66336
14820000 9.47909
14830000 7.29492
14840000 6.75628
14850000 8.03244
14860000 7.25806
14870000 6.19195
14880000 6.18348
14890000 7.61737
14900000 6.4496
14910000 8.65663
14920000 7.33885
14930000 6.72587
14940000 7.29884
14950000 7.26463
14960000 6.38795
14970000 6.85868
14980000 12.174
14990000 6.43377
15000000 8.357
15010000 7.01699
15020000 6.57718
15030000 6.83234
15040000 7.23426
15050000 6.35105
15060000 11.2172
15070000 10.5283
15080000 14.2667
15090000 7.80173
15100000 6.94989
15110000 6.72579
15120000 6.4513
15130000 7.2357
15140000 6.31618
15150000 10.1479
15160000 6.7238
15170000 16.4538
15180000 7.65742
15190000 6.94605
15200000 7.56634
15210000 6.34069
15220000 6.46099
15230000 6.25843
15240000 9.94412
15250000 6.69586
15260000 13.4391
15270000 7.56004
15280000 6.75238
15290000 7.60794
15300000 6.34775
15310000 6.31557
15320000 6.22994
15330000 8.15236
15340000 6.65858
15350000 10.6425
15360000 7.4505
15370000 6.67007
15380000 8.13869
15390000 7.82139
15400000 6.17517
15410000 6.21481
15420000 7.70033
15430000 6.65908
15440000 9.47892
15450000 7.29484
15460000 6.75606
15470000 8.03249
15480000 7.25772
15490000 6.19154
15500000 6.18238
15510000 7.61404
15520000 6.4475
15530000 8.65701
15540000 7.33849
15550000 6.72507
15560000 7.29951
15570000 7.26426
15580000 6.39078
15590000 6.85853
15600000 12.1655
15610000 6.43169
15620000 8.35719
15630000 7.0168
15640000 6.57675
15650000 6.83238
15660000 7.23345
15670000 6.35118
15680000 11.2159
15690000 10.5238
15700000 14.2657
15710000 7.7988
15720000 6.95007
15730000 6.72354
15740000 6.45085
15750000 7.23519
15760000 6.31679
15770000 10.1474
15780000 6.72817
15790000 16.453
15800000 7.65718
15810000 6.94629
15820000 7.56636
15830000 6.34114
15840000 6.46077
15850000 6.25788
15860000 9.94379
15870000 6.69969
15880000 13.4377
15890000 7.55989
15900000 6.75232
15910000 7.60758
15920000 6.34664
15930000 6.31518
15940000 6.22989
15950000 8.15237
15960000 6.66293
15970000 10.6416
15980000 7.45039
15990000 6.66989
16000000 8.13857
16010000 7.81642
16020000 6.17437
16030000 6.21525
16040000 7.70483
16050000 6.66313
16060000 9.47885
16070000 7.29454
16080000 6.75587
16090000 8.03183
16100000 7.25772
16110000 6.19211
16120000 6.18234
16130000 7.61742
16140000 6.44928
16150000 8.65654
16160000 7.33819
16170000 6.72527
16180000 7.29931
16190000 7.26432
16200000 6.39034
16210000 6.85925
16220000 12.1728
16230000 6.43343
16240000 8.35706
16250000 7.01641
16260000 6.57697
16270000 6.8316
16280000 7.23347
16290000 6.34822
16300000 11.2161
16310000 10.5284
16320000 14.2672
16330000 7.79865
16340000 6.94925
16350000 6.72519
16360000 6.45048
16370000 7.23529
16380000 6.31655
16390000 10.1483
16400000 6.72398
16410000 16.4538
16420000 7.65724
16430000 6.94579
16440000 7.56763
16450000 6.34082
16460000 6.46099
16470000 6.25752
16480000 9.9436
16490000 6.69571
16500000 13.4374
16510000 7.55622
16520000 6.75194
16530000 7.60805
16540000 6.3463
16550000 6.31534
16560000 6.22987
16570000 8.15265
16580000 6.65906
16590000 10.6417
16600000 7.4502
16610000 6.66469
16620000 8.13853
16630000 7.81623
16640000 6.17472
16650000 6.21511
16660000 7.7
16670000 6.6597
16680000 9.48364
16690000 7.29449
16700000 6.75599
16710000 8.03236
16720000 7.25787
16730000 6.19218
16740000 6.18177
16750000 7.61385
16760000 6.4472
16770000 8.65626
16780000 7.33827
16790000 6.72475
16800000 7.28876
16810000 7.26394
16820000 6.3923
16830000 6.8592
16840000 12.1643
16850000 6.43077
16860000 8.35698
16870000 7.01642
16880000 6.57638
16890000 6.83156
16900000 7.22978
16910000 6.34813
16920000 11.2171
16930000 10.5235
16940000 14.2663
16950000 7.79853
16960000 6.94937
16970000 6.72058
16980000 6.45039
16990000 7.23127
17000000 6.31634
17010000 10.1479
17020000 6.72807
17030000 16.453
17040000 7.65705
17050000 6.94505
17060000 7.56699
17070000 6.3407
17080000 6.46076
17090000 6.25823
17100000 9.94336
17110000 6.69957
17120000 13.4373
17130000 7.55893
17140000 6.75631
17150000 7.6085
17160000 6.34701
17170000 6.3148
17180000 6.22921
17190000 8.15294
17200000 6.66301
17210000 10.6412
17220000 7.45029
17230000 6.66452
17240000 8.13834
17250000 7.81597
17260000 6.17396
17270000 6.21101
17280000 7.70303
17290000 6.66378
17300000 9.48559
17310000 7.29424
17320000 6.75584
17330000 8.03201
17340000 7.25776
17350000 6.18912
17360000 6.18182
17370000 7.61734
17380000 6.44892
17390000 8.65635
17400000 7.338
17410000 6.72557
17420000 7.2884
17430000 7.26477
17440000 6.39208
17450000 6.85922
17460000 12.1724
17470000 6.4328
17480000 8.35667
17490000 7.0155
17500000 6.57647
17510000 6.70564
17520000 7.23
17530000 6.34767
17540000 11.2174
17550000 10.528
17560000 14.2676
17570000 7.79861
17580000 6.94884
17590000 6.72079
17600000 6.45075
17610000 7.23142
17620000 6.31628
17630000 10.148
17640000 6.72383
17650000 16.4536
17660000 7.65587
17670000 6.9446
17680000 7.56737
17690000 6.34032
17700000 6.4608
17710000 6.25802
17720000 9.94346
17730000 6.69543
17740000 13.4371
17750000 7.55872
17760000 6.75625
17770000 7.60829
17780000 6.34685
17790000 6.31513
17800000 6.22303
17810000 8.15272
17820000 6.65933
17830000 10.6407
17840000 7.4501
17850000 6.6644
17860000 8.13783
17870000 7.81606
17880000 6.17415
17890000 6.21118
17900000 7.69805
17910000 6.65997
17920000 9.48141
17930000 7.29446
17940000 6.75494
17950000 8.03125
17960000 7.25701
17970000 6.18872
17980000 6.18104
17990000 7.61438
18000000 6.44701
18010000 8.65626
18020000 7.33792
18030000 6.72466
18040000 7.28662
18050000 7.26476
18060000 6.39216
18070000 6.85912
18080000 12.1639
18090000 6.43079
18100000 8.35741
18110000 7.01554
18120000 6.5589
18130000 6.70517
18140000 7.22995
18150000 6.34754
18160000 11.2168
18170000 10.523
18180000 14.2663
18190000 7.79876
18200000 6.94905
18210000 6.7203
18220000 6.45076
18230000 7.2312
18240000 6.2899
18250000 10.1493
18260000 6.72733
18270000 16.4529
18280000 7.6557
18290000 6.94467
18300000 7.56688
18310000 6.3491
18320000 6.46041
18330000 6.25811
18340000 9.94315
18350000 6.69935
18360000 13.4365
18370000 7.55828
18380000 6.75636
18390000 7.60844
18400000 6.34722
18410000 6.31577
18420000 6.22263
18430000 8.15242
18440000 6.6636
18450000 10.6402
18460000 7.44822
18470000 6.6654
18480000 8.13721
18490000 7.8159
18500000 6.17459
18510000 6.21115
18520000 7.70259
18530000 6.66415
18540000 9.48157
18550000 7.29441
18560000 6.75481
18570000 8.03112
18580000 7.25691
18590000 6.18801
18600000 6.18303
18610000 7.61755
18620000 6.44899
18630000 8.65607
18640000 7.33722
18650000 6.72488
18660000 7.28657
18670000 7.26528
18680000 6.39171
18690000 6.85918
18700000 12.1721
18710000 6.43253
18720000 8.35729
18730000 7.01548
18740000 6.55923
18750000 6.70503
18760000 7.23031
18770000 6.34781
18780000 11.2169
18790000 10.5269
18800000 14.2676
18810000 7.79807
18820000 6.94865
18830000 6.72055
18840000 6.45085
18850000 7.23158
18860000 6.28982
18870000 10.149
18880000 6.72343
18890000 16.4536
18900000 7.65562
18910000 6.94433
18920000 7.56703
18930000 6.34874
18940000 6.46061
18950000 6.25866
18960000 9.94265
18970000 6.69509
18980000 13.4365
18990000 7.55803
19000000 6.75608
19010000 7.60849
19020000 6.34691
19030000 6.31576
19040000 6.22235
19050000 8.15256
19060000 6.66182
19070000 10.6406
19080000 7.44827
19090000 6.66525
19100000 8.13727
19110000 7.81584
19120000 6.17417
19130000 6.21055
19140000 7.69946
19150000 6.65951
19160000 9.48151
19170000 7.29397
19180000 6.75482
19190000 8.02826
19200000 7.25663
19210000 6.18833
19220000 6.18288
19230000 7.61297
19240000 6.44704
19250000 8.65597
19260000 7.33672
19270000 6.72376
19280000 7.2864
19290000 7.26523
19300000 6.38855
19310000 6.85912
19320000 12.1637
19330000 6.43066
19340000 8.35693
19350000 7.01569
19360000 6.55854
19370000 6.70515
19380000 7.23009
19390000 6.34887
19400000 11.2166
19410000 9.16817
19420000 14.2666
19430000 7.79801
19440000 6.94898
19450000 6.71955
19460000 6.45055
19470000 7.27128
19480000 6.2909
19490000 10.1507
19500000 6.72752
19510000 16.4528
19520000 7.65543
19530000 6.94461
19540000 7.56652
19550000 6.34885
19560000 6.46034
19570000 6.25499
19580000 9.94218
19590000 6.69903
19600000 13.4372
19610000 7.55785
19620000 6.75507
19630000 7.60821
19640000 6.34773
19650000 6.3153
19660000 6.22281
19670000 8.1522
19680000 6.66585
19690000 10.6404
19700000 7.44845
19710000 6.66511
19720000 8.12543
19730000 7.8157
19740000 6.17381
19750000 6.21034
19760000 7.70401
19770000 6.66395
19780000 9.48134
19790000 7.29371
19800000 6.75514
19810000 8.0282
19820000 7.2567
19830000 6.19005
19840000 6.18284
19850000 7.61622
19860000 6.449
19870000 8.65598
19880000 7.33682
19890000 6.72418
19900000 7.28616
19910000 7.26491
19920000 6.38925
19930000 6.85929
19940000 10.559
19950000 6.43254
19960000 8.3568
19970000 7.01529
19980000 6.55882
19990000 6.70525
20000000 7.23039
20010000 6.34988
20020000 11.2168
20030000 9.1714
20040000 14.2679
20050000 7.79831
20060000 6.94834
20070000 6.71968
20080000 6.4508
20090000 7.27151
20100000 6.2904
20110000 10.1487
20120000 6.72328
20130000 16.4535
20140000 7.6556
20150000 6.94436
20160000 7.56662
20170000 6.34854
20180000 6.46012
20190000 6.25601
20200000 9.94223
20210000 6.69493
20220000 13.4369
20230000 7.55767
20240000 6.75482
20250000 7.60828
20260000 6.34761
20270000 6.3157
20280000 6.22216
20290000 8.15201
20300000 6.66127
20310000 10.6408
20320000 7.44833
20330000 6.66474
20340000 8.12581
20350000 7.8144
20360000 6.17408
20370000 6.21012
20380000 7.69889
20390000 6.66006
20400000 9.4812
20410000 7.29374
20420000 6.7548
20430000 8.09273
20440000 7.25636
20450000 6.19014
20460000 6.1827
20470000 7.61257
20480000 6.44662
20490000 8.65587
20500000 7.33653
20510000 6.72308
20520000 7.28609
20530000 7.26555
20540000 6.38944
20550000 6.86008
20560000 10.5541
20570000 6.43048
20580000 8.35695
20590000 7.01533
20600000 6.55852
20610000 6.70787
20620000 7.22979
20630000 6.35064
20640000 11.2164
20650000 9.16919
20660000 14.2662
20670000 7.79807
20680000 6.94849
20690000 6.72103
20700000 6.45154
20710000 7.27141
20720000 6.29118
20730000 10.1481
20740000 6.7278
20750000 16.4526
20760000 7.65546
20770000 6.94452
20780000 7.56622
20790000 6.34875
20800000 6.46001
20810000 6.25609
20820000 9.94151
20830000 6.69877
20840000 13.4371
20850000 7.55703
20860000 6.75481
20870000 7.60778
20880000 6.34547
20890000 6.31538
20900000 6.22123
20910000 8.1517
20920000 6.66544
20930000 10.6403
20940000 7.44837
20950000 6.66461
20960000 8.12592
20970000 7.81435
20980000 6.17416
20990000 6.20998
21000000 7.70365
21010000 6.6641
21020000 9.48112
21030000 7.29336
21040000 6.75484
21050000 8.09264
21060000 7.25631
21070000 6.19001
21080000 6.18269
21090000 7.61597
21100000 6.44927
21110000 8.65648
21120000 7.33638
21130000 6.72285
21140000 7.28604
21150000 7.26578
21160000 6.38881
21170000 6.86077
21180000 10.5587
21190000 6.43127
21200000 8.35684
21210000 7.01506
21220000 6.5585
21230000 6.70751
21240000 7.23117
21250000 6.35042
21260000 11.216
21270000 9.17274
21280000 14.2676
21290000 7.79805
21300000 6.9481
21310000 6.7215
21320000 6.4515
21330000 7.27146
21340000 6.29431
21350000 10.1483
21360000 6.72491
21370000 16.4534
21380000 7.59358
21390000 6.9441
21400000 7.56643
21410000 6.34832
21420000 6.46011
21430000 6.25596
21440000 9.94152
21450000 6.69432
21460000 13.437
21470000 7.55693
21480000 6.75666
21490000 7.59688
21500000 6.34524
21510000 6.31547
21520000 6.22112
21530000 8.15167
21540000 6.66037
21550000 10.6404
21560000 7.44792
21570000 6.6645
21580000 8.1263
21590000 7.81423
21600000 6.17397
21610000 6.20993
21620000 7.69895
21630000 6.6598
21640000 9.48123
21650000 7.29358
21660000 6.75494
21670000 8.09251
21680000 7.25603
21690000 6.18923
21700000 6.18265
21710000 7.61243
21720000 6.44725
21730000 8.65616
21740000 7.33635
21750000 6.7221
21760000 7.28843
21770000 7.26307
21780000 6.38829
21790000 6.86048
21800000 10.5536
21810000 6.42923
21820000 8.35685
21830000 7.01526
21840000 6.55795
21850000 6.70714
21860000 7.23035
21870000 6.35058
21880000 11.2156
21890000 9.16973
21900000 14.2665
21910000 7.79798
21920000 6.94816
21930000 6.72001
21940000 6.45233
21950000 7.27222
21960000 6.29581
21970000 10.1465
21980000 6.72894
21990000 16.4536
22000000 7.593
22010000 6.94571
22020000 7.56723
22030000 6.34783
22040000 6.45991
22050000 6.25512
22060000 9.94126
22070000 6.69817
22080000 13.4368
22090000 7.55686
22100000 6.75663
22110000 7.59627
22120000 6.34514
22130000 6.31486
22140000 6.22094
22150000 8.15135
22160000 6.66407
22170000 10.6407
22180000 7.44802
22190000 6.66446
22200000 8.12617
22210000 7.81416
22220000 6.17355
22230000 6.21032
22240000 7.7041
22250000 6.66375
22260000 9.4811
22270000 7.29267
22280000 6.755
22290000 8.09223
22300000 7.25611
22310000 6.18889
22320000 6.1825
22330000 7.61575
22340000 6.44912
22350000 8.6293
22360000 7.33616
22370000 6.72173
22380000 7.28857
22390000 7.26327
22400000 6.38648
22410000 6.86063
22420000 10.5583
22430000 6.43097
22440000 8.35675
22450000 7.0149
22460000 6.55826
22470000 6.707
22480000 7.23044
22490000 6.35043
22500000 11.2158
22510000 9.17296
22520000 14.2678
22530000 7.80393
22540000 6.94766
22550000 6.72016
22560000 6.4514
22570000 7.27141
22580000 6.29583
22590000 10.1474
22600000 6.72462
22610000 16.4545
22620000 7.55428
22630000 6.94503
22640000 7.56745
22650000 6.34768
22660000 6.46004
22670000 6.25496
22680000 9.94118
22690000 6.694
22700000 13.437
22710000 7.55629
22720000 6.75634
22730000 7.59638
22740000 6.34494
22750000 6.31503
22760000 6.22083
22770000 8.15129
22780000 6.65954
22790000 10.6416
22800000 7.44793
22810000 6.66345
22820000 8.12626
22830000 7.81392
22840000 6.1739
22850000 6.21078
22860000 7.7017
22870000 6.65946
22880000 9.48049
22890000 7.29302
22900000 6.75482
22910000 8.08593
22920000 7.25615
22930000 6.18901
22940000 6.18264
22950000 7.6112
22960000 6.44581
22970000 8.6293
22980000 7.33609
22990000 6.72629
23000000 7.28864
23010000 7.26348
23020000 6.39074
23030000 6.8609
23040000 10.5538
23050000 6.42902
23060000 8.35674
23070000 7.01506
23080000 6.55666
23090000 6.70719
23100000 7.22973
23110000 6.35038
23120000 11.2153
23130000 9.16945
23140000 14.267
23150000 7.80401
23160000 6.94793
23170000 6.71966
23180000 6.45074
23190000 7.27127
23200000 6.29356
23210000 10.147
23220000 6.72849
23230000 16.4547
23240000 7.55362
23250000 6.94651
23260000 7.567
23270000 6.34732
23280000 6.46008
23290000 6.25584
23300000 9.94083
23310000 6.69794
23320000 13.4369
23330000 7.55474
23340000 6.75672
23350000 7.59597
23360000 6.34518
23370000 6.3147
23380000 6.22036
23390000 8.15137
23400000 6.6637
23410000 10.6411
23420000 7.44789
23430000 6.66336
23440000 8.12632
23450000 7.81369
23460000 6.17266
23470000 6.21153
23480000 7.7062
23490000 6.66317
23500000 9.48022
23510000 7.29268
23520000 6.75458
23530000 8.08549
23540000 7.25626
23550000 6.18881
23560000 6.18268
23570000 7.61473
23580000 6.44829
23590000 8.62872
23600000 7.33602
23610000 6.72672
23620000 7.28858
23630000 7.23754
23640000 6.39028
23650000 6.86025
23660000 10.5584
23670000 6.43088
23680000 8.35529
23690000 7.01481
23700000 6.55725
23710000 6.70654
23720000 7.22947
23730000 6.35091
23740000 10.1942
23750000 9.17279
23760000 14.2686
23770000 7.80391
23780000 6.94787
23790000 6.71963
23800000 6.45054
23810000 6.91363
23820000 6.29166
23830000 10.147
23840000 6.72071
23850000 16.4555
23860000 7.55336
23870000 6.94801
23880000 7.56843
23890000 6.34714
23900000 6.46044
23910000 6.25476
23920000 9.9408
23930000 6.69326
23940000 13.439
23950000 7.55492
23960000 6.75664
23970000 7.59605
23980000 6.34507
23990000 6.31422
24000000 6.22043
24010000 8.15152
24020000 6.66078
24030000 10.6418
24040000 7.44781
24050000 6.66331
24060000 8.12784
24070000 7.81406
24080000 6.1742
24090000 6.21133
24100000 7.70144
24110000 6.65934
24120000 9.48083
24130000 7.29302
24140000 6.75459
24150000 8.08547
24160000 7.25407
24170000 6.18893
24180000 6.18278
24190000 7.6115
24200000 6.44596
24210000 8.62866
24220000 7.33601
24230000 6.72599
24240000 7.29109
24250000 7.23708
24260000 6.39007
24270000 6.86028
24280000 10.5536
24290000 6.42885
24300000 8.3537
24310000 7.01502
24320000 6.55658
24330000 6.7068
24340000 7.22938
24350000 6.28144
24360000 10.194
24370000 9.16937
24380000 14.2667
24390000 7.80381
24400000 6.94819
24410000 6.71921
24420000 6.45096
24430000 6.91342
24440000 6.29146
24450000 10.1467
24460000 6.72468
24470000 16.4546
24480000 7.55199
24490000 6.94926
24500000 7.56817
24510000 6.3474
24520000 6.45991
24530000 6.25489
24540000 9.94063
24550000 6.69719
24560000 13.4387
24570000 7.55487
24580000 6.757
24590000 7.59525
24600000 6.34552
24610000 6.31393
24620000 6.22163
24630000 8.15117
24640000 6.66556
24650000 10.6414
24660000 7.44782
24670000 6.66316
24680000 8.12774
24690000 7.81444
24700000 6.17423
24710000 6.21139
24720000 7.70236
24730000 6.66282
24740000 9.48124
24750000 7.29243
24760000 6.75463
24770000 8.08456
24780000 7.25359
24790000 6.18003
24800000 6.18307
24810000 7.61496
24820000 6.44768
24830000 8.62862
24840000 7.33551
24850000 6.72643
24860000 7.29078
24870000 7.23722
24880000 6.39069
24890000 6.8608
24900000 10.5582
24910000 6.43113
24920000 8.35323
24930000 7.0071
24940000 6.55811
24950000 6.70649
24960000 7.22901
24970000 6.28264
24980000 10.1942
24990000 9.17261
25000000 14.268
25010000 7.80371
25020000 6.94756
25030000 6.72056
25040000 6.45094
25050000 6.91349
25060000 6.29112
25070000 10.1469
25080000 6.72056
25090000 16.4458
25100000 7.55109
25110000 6.94903
25120000 7.56842
25130000 6.34703
25140000 6.46007
25150000 6.25485
25160000 9.94068
25170000 6.6937
25180000 13.4384
25190000 7.55416
25200000 6.75686
25210000 7.59549
25220000 6.34465
25230000 6.31415
25240000 6.22104
25250000 8.15129
25260000 6.66103
25270000 10.6418
25280000 7.44785
25290000 6.66312
25300000 8.12759
25310000 7.81485
25320000 6.17535
25330000 6.21165
25340000 7.69775
25350000 6.65857
25360000 9.48139
25370000 7.29162
25380000 6.75461
25390000 8.08467
25400000 7.25392
25410000 6.1804
25420000 6.1833
25430000 7.61143
25440000 6.44552
25450000 8.62873
25460000 7.33542
25470000 6.72532
25480000 7.29075
25490000 7.23679
25500000 6.39088
25510000 6.86139
25520000 10.5535
25530000 6.4287
25540000 8.3534
25550000 7.00684
25560000 6.557
25570000 6.70691
25580000 7.22982
25590000 6.28211
25600000 10.1936
25610000 9.16934
25620000 14.2666
25630000 7.80366
25640000 6.94783
25650000 6.72056
25660000 6.45046
25670000 6.91348
25680000 6.29143
25690000 10.1462
25700000 6.72444
25710000 16.445
25720000 7.55042
25730000 6.94929
25740000 7.56811
25750000 6.34662
25760000 6.46012
25770000 6.25542
25780000 9.94044
25790000 6.69764
25800000 13.4387
25810000 7.55415
25820000 6.75688
25830000 7.59516
25840000 6.34485
25850000 6.3138
25860000 6.21954
25870000 8.15102
25880000 6.66633
25890000 10.6411
25900000 7.44791
25910000 6.66295
25920000 8.12753
25930000 7.81472
25940000 6.17567
25950000 6.21463
25960000 7.70212
25970000 6.66151
25980000 9.48107
25990000 7.29121
26000000 6.75454
26010000 8.08494
26020000 7.25381
26030000 6.18028
26040000 6.1827
26050000 7.61509
26060000 6.44748
26070000 8.62873
26080000 7.33581
26090000 6.72583
26100000 7.20846
26110000 7.23699
26120000 6.39152
26130000 6.86062
26140000 10.5582
26150000 6.43034
26160000 8.35335
26170000 7.00493
26180000 6.55735
26190000 6.70667
26200000 7.22867
26210000 6.28233
26220000 10.1939
26230000 9.1726
26240000 14.2676
26250000 7.80327
26260000 6.9474
26270000 6.72076
26280000 6.45009
26290000 6.91355
26300000 6.2894
26310000 10.1461
26320000 6.72093
26330000 16.4457
26340000 7.55011
26350000 6.94894
26360000 7.56835
26370000 6.3464
26380000 6.46045
26390000 6.25473
26400000 9.9405
26410000 6.69356
26420000 13.4385
26430000 7.55401
26440000 6.75673
26450000 7.59409
26460000 6.34502
26470000 6.31336
26480000 6.21993
26490000 8.15114
26500000 6.66112
26510000 10.6416
26520000 7.44792
26530000 6.6632
26540000 8.12808
26550000 7.81549
26560000 6.17529
26570000 6.21447
26580000 7.69737
26590000 6.6571
26600000 9.48057
26610000 7.29066
26620000 6.75453
26630000 8.08441
26640000 7.25357
26650000 6.18175
26660000 6.18014
26670000 12.0417
26680000 6.44552
26690000 8.6287
26700000 7.33496
26710000 6.72529
26720000 7.20846
26730000 7.23711
26740000 6.39165
26750000 6.8606
26760000 10.5531
26770000 6.42794
26780000 8.35365
26790000 7.00532
26800000 6.5569
26810000 6.70678
26820000 7.22823
26830000 6.28108
26840000 10.194
26850000 9.16899
26860000 14.2663
26870000 7.80324
26880000 6.94817
26890000 6.71936
26900000 6.44978
26910000 6.9134
26920000 6.28942
26930000 10.144
26940000 6.72499
26950000 16.4451
26960000 7.55003
26970000 6.94901
26980000 7.56812
26990000 6.34432
27000000 6.46032
27010000 6.25483
27020000 9.94028
27030000 6.69748
27040000 13.4383
27050000 7.55392
27060000 6.75675
27070000 7.59358
27080000 6.34801
27090000 6.31305
27100000 6.21992
27110000 8.14948
27120000 6.66449
27130000 10.6403
27140000 7.4479
27150000 6.66325
27160000 8.12791
27170000 7.81639
27180000 6.17327
27190000 6.21449
27200000 7.70053
27210000 6.66163
27220000 9.48074
27230000 7.29025
27240000 6.75446
27250000 8.08437
27260000 7.25368
27270000 6.18163
27280000 6.18167
27290000 12.0498
27300000 6.44744
27310000 8.62905
27320000 7.33504
27330000 6.72597
27340000 7.20835
27350000 7.23602
27360000 6.39062
27370000 6.8607
27380000 10.5574
27390000 6.42998
27400000 8.35391
27410000 7.00553
27420000 6.55766
27430000 6.70682
27440000 7.22867
27450000 6.28077
27460000 10.1941
27470000 9.17226
27480000 14.2676
27490000 7.80447
27500000 6.94769
27510000 6.71984
27520000 6.44938
27530000 6.91351
27540000 6.28955
27550000 10.1442
27560000 6.72057
27570000 16.4458
27580000 7.55013
27590000 6.94868
27600000 7.56823
27610000 6.34245
27620000 6.4604
27630000 6.25453
27640000 9.93881
27650000 6.69375
27660000 13.4385
27670000 7.55384
27680000 6.75657
27690000 7.59334
27700000 6.34822
27710000 6.31398
27720000 6.22027
27730000 8.14981
27740000 6.66036
27750000 10.6408
27760000 7.44781
27770000 6.66306
27780000 8.12748
27790000 7.81942
27800000 6.17366
27810000 6.21427
27820000 7.6955
27830000 6.65626
27840000 9.48073
27850000 7.29032
27860000 6.75451
27870000 8.08429
27880000 7.25343
27890000 6.18168
27900000 6.1813
27910000 12.0414
27920000 6.44644
27930000 8.62702
27940000 7.33513
27950000 6.726
27960000 7.20833
27970000 7.2358
27980000 6.3954
27990000 6.85956
28000000 10.5525
28010000 6.42775
28020000 8.35398
28030000 7.00563
28040000 6.5568
28050000 6.70678
28060000 7.22097
28070000 6.28243
28080000 10.1938
28090000 9.16948
28100000 14.265
28110000 7.80446
28120000 6.94797
28130000 6.71944
28140000 6.44962
28150000 6.91346
28160000 6.29212
28170000 10.1455
28180000 6.7246
28190000 16.4451
28200000 7.54968
28210000 6.94887
28220000 7.56775
28230000 6.34267
28240000 6.46012
28250000 6.25462
28260000 9.93861
28270000 6.6975
28280000 13.4388
28290000 7.55386
28300000 6.75652
28310000 7.59354
28320000 6.34813
28330000 6.31454
28340000 6.21834
28350000 8.15273
28360000 6.66454
28370000 10.6404
28380000 7.44781
28390000 6.66287
28400000 8.12216
28410000 7.81932
28420000 6.17368
28430000 6.21438
28440000 7.70045
28450000 6.66036
28460000 9.48038
28470000 7.29582
28480000 6.75432
28490000 8.08464
28500000 7.25364
28510000 6.18117
28520000 6.18134
28530000 12.0496
28540000 6.4479
28550000 8.62709
28560000 7.33503
28570000 6.72649
28580000 7.20816
28590000 7.23588
28600000 6.40248
28610000 6.86089
28620000 10.5565
28630000 6.42951
28640000 8.35386
28650000 7.0053
28660000 6.55694
28670000 6.70655
28680000 7.22106
28690000 6.28275
28700000 10.1933
28710000 9.17277
28720000 14.2674
28730000 7.80429
28740000 6.94756
28750000 6.72
28760000 6.44931
28770000 6.9136
28780000 6.29196
28790000 10.1441
28800000 6.72046
28810000 16.4458
28820000 7.54894
28830000 6.94887
28840000 7.5678
28850000 6.34136
28860000 6.4602
28870000 6.25382
28880000 9.9385
28890000 6.69346
28900000 13.4386
28910000 7.55438
28920000 6.75438
28930000 7.59369
28940000 6.35046
28950000 6.31491
28960000 6.21823
28970000 8.15304
28980000 6.66187
28990000 10.6411
29000000 7.44772
29010000 6.6628
29020000 8.12186
29030000 7.8192
29040000 6.17387
29050000 6.21425
29060000 7.69571
29070000 6.65576
29080000 9.48045
29090000 7.29589
29100000 6.75405
29110000 8.08489
29120000 7.25371
29130000 6.1808
29140000 6.18086
29150000 12.0412
29160000 6.44642
29170000 8.62742
29180000 7.33617
29190000 6.72767
29200000 7.20819
29210000 7.23599
29220000 6.40306
29230000 6.8613
29240000 10.5517
29250000 6.42735
29260000 8.3537
29270000 7.00525
29280000 6.55653
29290000 6.70782
29300000 7.2205
29310000 6.28272
29320000 10.193
29330000 9.16925
29340000 14.266
29350000 7.80428
29360000 6.94785
29370000 6.71951
29380000 6.44977
29390000 6.91341
29400000 6.31155
29410000 10.1436
29420000 6.7245
29430000 16.4463
29440000 7.54899
29450000 6.94973
29460000 7.56745
29470000 6.34155
29480000 6.46002
29490000 6.25343
29500000 9.93834
29510000 6.69747
29520000 13.4388
29530000 7.55448
29540000 6.7547
29550000 7.59347
29560000 6.35144
29570000 6.31465
29580000 6.21782
29590000 8.15278
29600000 6.66599
29610000 10.6405
29620000 7.44773
29630000 6.66274
29640000 8.12178
29650000 7.81996
29660000 6.17367
29670000 6.21385
29680000 7.70079
29690000 6.65951
29700000 9.48051
29710000 7.2959
29720000 6.75369
29730000 8.08818
29740000 7.25393
29750000 6.18062
29760000 6.18108
29770000 12.0495
29780000 6.4485
29790000 8.62776
29800000 7.3361
29810000 6.72757
29820000 7.20808
29830000 7.23587
29840000 6.39951
29850000 6.60039
29860000 10.5611
29870000 6.42927
29880000 8.35163
29890000 7.00504
29900000 6.55656
29910000 6.70722
29920000 7.22068
29930000 6.28266
29940000 10.1933
29950000 9.17218
29960000 14.2612
29970000 7.80442
29980000 6.94992
29990000 6.71728
30000000 6.44984
