1 17.9535
2 12.5888
3 10.0304
4 7.0697
5 5.98386
6 5.26518
7 4.71567
8 5.05328
9 4.07065
10 4.10945
11 3.80782
12 3.45216
13 3.4908
14 3.23119
15 5.86703
16 3.08325
17 3.07858
18 2.9725
19 2.82016
20 3.8023
21 2.75274
22 3.01973
23 2.94039
24 2.6548
25 2.7526
26 2.54745
27 6.91475
28 2.53068
29 2.59207
30 2.52009
31 2.39187
32 3.5144
33 2.39628
34 2.72623
35 3.04248
36 2.34224
37 2.50605
38 2.29476
39 6.1096
40 2.32017
41 2.38898
42 2.34333
43 2.2207
44 3.20112
45 2.24675
46 2.57973
47 2.78129
48 3.24645
49 2.36542
50 2.19378
51 5.99386
52 2.22833
53 3.62298
54 2.26682
55 2.14666
56 3.13792
57 2.18424
58 2.53001
59 2.73652
60 2.86728
61 2.31608
62 2.14736
63 3.8332
64 2.1933
65 3.59772
66 2.45214
67 2.11835
68 2.43737
69 2.1603
70 2.51261
71 2.71313
72 2.85222
73 2.29333
74 2.13622
75 3.60082
76 2.18555
77 2.88374
78 2.44093
79 2.11544
80 2.41891
81 2.1563
82 2.45997
83 3.03868
84 2.8387
85 2.28862
86 2.23037
87 3.52525
88 2.19224
89 2.8275
90 2.64274
91 2.12377
92 2.42467
93 2.16582
94 2.32877
95 2.69234
96 2.89513
97 2.28258
98 2.15474
99 3.50102
100 2.2062
101 2.66919
102 2.45736
103 2.14573
104 2.4297
105 2.18644
106 2.34515
107 2.70487
108 2.90649
109 2.29653
110 2.17492
111 3.45902
112 2.2247
113 2.66964
114 2.35443
115 2.1643
116 2.43149
117 2.20841
118 2.36426
119 2.71463
120 2.49183
121 2.31391
122 2.19785
123 3.41838
124 2.2469
125 2.68625
126 2.37066
127 2.18685
128 2.44384
129 2.23152
130 5.44427
131 2.2864
132 2.39601
133 2.33413
134 2.22224
135 3.42959
136 2.27187
137 2.70399
138 2.50912
139 2.21242
140 2.46477
141 2.26561
142 5.45074
143 2.31087
144 2.40634
145 2.3557
146 2.24119
147 3.44374
148 2.29122
149 2.65457
150 2.59513
151 2.32913
152 2.47776
153 2.28607
154 6.83571
155 2.33345
156 2.42922
157 2.37741
158 2.26694
159 3.25528
160 2.31408
161 2.64897
162 3.00748
163 2.3171
164 2.45938
165 2.29971
166 6.11825
167 2.35047
168 2.4258
169 2.39849
170 2.29131
171 3.25845
172 2.33601
173 2.66807
174 2.86774
175 3.32792
176 2.48003
177 2.32702
178 6.04746
179 2.37308
180 3.71653
181 2.62364
182 2.31461
183 2.6662
184 2.35982
185 2.68834
186 2.88547
187 3.01169
188 2.49934
189 2.3482
190 3.87984
191 2.39748
192 3.74414
193 2.63542
194 2.33836
195 2.62716
196 2.381
197 2.70086
198 2.89575
199 3.02988
200 2.51112
201 2.37081
202 3.683
203 2.41969
204 3.06617
205 2.65448
206 2.36082
207 2.63713
208 2.39944
209 2.61851
210 3.2177
211 3.07492
212 2.52354
213 2.47276
214 3.68439
215 2.4391
216 3.02405
217 2.66948
218 2.38084
219 2.64672
220 2.41918
221 2.56737
222 2.90083
223 3.0913
224 2.52397
225 2.41344
226 3.66577
227 2.45734
228 2.87472
229 2.68626
230 2.40577
231 2.66016
232 2.44171
233 2.58543
234 2.91135
235 3.10397
236 2.53996
237 2.43191
238 3.60791
239 2.47628
240 2.88011
241 2.59277
242 2.42161
243 2.66299
244 2.4604
245 5.54364
246 2.51607
247 2.71804
248 2.55406
249 2.45175
250 3.58695
251 2.49336
252 2.89687
253 2.71774
254 2.43973
255 2.67284
256 2.4789
257 5.54977
258 2.52788
259 2.62682
260 2.56939
261 2.46309
262 3.59376
263 2.51272
264 2.85068
265 2.79146
266 2.45715
267 2.68429
268 2.5037
269 5.55447
270 2.54446
271 2.63228
272 2.58479
273 2.48051
274 3.60465
275 2.52492
276 2.8585
277 2.8021
278 2.52373
279 2.69288
280 2.5116
281 6.91663
282 2.55837
283 2.64757
284 2.59911
285 2.49774
286 3.41867
287 2.53976
288 2.84745
289 3.03891
290 3.01552
291 2.67035
292 2.53031
293 6.20308
294 2.56854
295 2.63805
296 2.61281
297 2.51402
298 3.41822
299 2.55323
300 2.86006
301 3.04547
302 3.20583
303 2.68347
304 2.54216
305 4.08394
306 2.58318
307 3.85404
308 2.81369
309 2.52845
310 2.83563
311 2.56822
312 2.87324
313 3.05367
314 3.17681
315 2.68787
316 2.55477
317 3.99885
318 2.5992
319 3.21037
320 2.81883
321 2.54341
322 2.8104
323 2.58114
324 2.87883
325 3.05236
326 3.18895
327 2.69997
328 2.56937
329 3.811
330 2.61273
331 3.22073
332 2.83096
333 2.55723
334 2.81209
335 2.59093
336 2.79587
337 3.36141
338 3.22606
339 2.69512
340 2.58135
341 3.80782
342 2.62459
343 3.02829
344 2.83728
345 2.56992
346 2.81508
347 2.60353
348 2.74165
349 3.05531
350 3.23624
351 2.69727
352 2.5954
353 3.74065
354 2.63557
355 3.02357
356 2.84831
357 2.58289
358 2.82395
359 2.61861
360 2.75219
361 3.05965
362 2.86157
363 2.70608
364 2.60672
365 3.72619
366 2.64606
367 3.02846
368 2.7547
369 2.59416
370 2.81526
371 2.6292
372 5.61918
373 2.67674
374 2.87096
375 2.71495
376 2.61932
377 3.69935
378 2.65645
379 3.03809
380 2.86784
381 2.60577
382 2.82372
383 2.64109
384 5.62393
385 2.68601
386 2.77938
387 2.72443
388 2.62499
389 3.7059
390 2.66962
391 2.98627
392 2.94172
393 3.11424
394 2.82836
395 2.65738
396 5.62629
397 2.69617
398 2.77895
399 2.73231
400 2.63508
401 3.71223
402 2.67585
403 2.9923
404 3.29246
405 2.67383
406 2.83218
407 2.66122
408 6.97236
409 2.70158
410 2.78541
411 2.74176
412 2.64571
413 3.52543
414 2.68313
415 2.97726
416 3.15802
417 3.57836
418 2.80854
419 2.67134
420 6.26261
421 2.70923
422 3.91656
423 2.75004
424 2.65647
425 3.52439
426 2.69302
427 2.98594
428 3.16259
429 3.31672
430 2.81424
431 2.68012
432 4.15858
433 2.71797
434 3.94557
435 2.93834
436 2.66527
437 2.95642
438 2.70118
439 2.99566
440 3.16343
441 3.28531
442 2.81404
443 2.68867
444 3.96404
445 2.72903
446 3.31588
447 2.93833
448 2.67519
449 2.92274
450 2.71041
451 2.99576
452 3.16142
453 3.28254
454 2.81885
455 2.69473
456 3.88988
457 2.73741
458 3.30343
459 2.94888
460 2.6841
461 2.92733
462 2.71596
463 2.84787
464 3.45753
465 3.32635
466 2.81379
467 2.70436
468 3.87187
469 2.74451
470 3.1328
471 2.94921
472 2.69514
473 2.9258
474 2.72563
475 2.8552
476 3.15696
477 3.33108
478 2.81225
479 2.71396
480 3.82293
481 2.75144
482 3.12491
483 2.85525
484 2.70053
485 2.92096
486 2.73427
487 2.86181
488 3.15815
489 2.96614
490 2.81637
491 2.7216
492 3.77845
493 2.75845
494 3.12646
495 2.85857
496 2.70767
497 2.91972
498 2.74098
499 5.67231
500 2.78406
