1 11.7424
2 8.17305
3 6.59399
4 5.81598
5 5.10288
6 4.63001
7 4.58398
8 4.07348
9 3.82928
10 3.89488
11 3.52472
12 3.45008
13 3.54098
14 3.26408
15 3.1465
16 3.06307
17 2.99281
18 2.93671
19 2.85979
20 2.78365
21 2.78017
22 2.71016
23 2.6771
24 2.63805
25 2.59893
26 2.53745
27 2.54498
28 2.50659
29 2.43317
30 2.43351
31 2.4363
32 2.36621
33 2.63407
34 2.37317
35 2.315
36 2.58712
37 2.32828
38 2.26993
39 2.73681
40 2.25296
41 2.24592
42 2.57791
43 2.21598
44 2.31489
45 2.63543
46 2.13411
47 2.26273
48 2.31837
49 2.09602
50 2.23425
51 2.23523
52 2.07258
53 2.24213
54 2.21287
55 2.05675
56 2.17423
57 2.16947
58 2.0462
59 2.15388
60 2.14243
61 2.01251
62 2.41999
63 2.11855
64 2.01062
65 2.39679
66 2.10726
67 1.99808
68 2.38701
69 2.1072
70 1.99082
71 2.55869
72 2.06489
73 2.0762
74 2.43012
75 2.05543
76 2.06677
77 2.24177
78 1.98168
79 2.05194
80 2.19309
81 1.97499
82 2.03713
83 2.18748
84 1.96554
85 2.09718
86 2.14696
87 1.95523
88 2.04978
89 2.12467
90 1.95668
91 1.99865
92 2.10499
93 2.31912
94 1.94608
95 2.10637
96 2.32072
97 1.93623
98 2.10931
99 2.34446
100 1.93594
101 2.14876
102 2.55014
103 1.92552
104 2.09997
105 2.49765
106 2.04256
107 2.09353
108 2.18395
109 2.0633
110 2.02723
111 2.14826
112 2.00548
113 2.0243
114 2.13562
115 1.9954
116 2.04719
117 2.15104
118 2.00345
119 2.02184
120 2.15175
121 1.98838
122 2.03034
123 2.10922
124 1.98607
125 2.35374
126 2.09673
127 1.9966
128 2.35871
129 2.10009
130 2.00681
131 2.57356
132 2.07172
133 2.02707
134 2.44043
135 2.06971
136 2.15631
137 2.45472
138 2.18849
139 2.14104
140 2.13016
141 2.12941
142 2.13939
143 2.10486
144 2.08028
145 2.13945
146 2.10518
147 2.11546
148 2.11448
149 2.10869
150 2.07482
151 2.1211
152 2.10897
153 2.05465
154 2.08572
155 2.11661
156 2.06254
157 2.38614
158 2.11685
159 2.07372
160 2.39144
161 2.12695
162 2.08178
163 2.59394
164 2.09646
165 2.10457
166 2.48706
167 2.1
168 2.20365
169 2.56022
170 2.04864
171 2.19557
172 2.26245
173 2.04427
174 2.19551
175 2.20473
176 2.0486
177 2.22864
178 2.20649
179 2.05761
180 2.18245
181 2.18439
182 2.06934
183 2.18237
184 2.17664
185 2.05534
186 2.46028
187 2.17005
188 2.07016
189 2.45139
190 2.17845
191 2.07307
192 2.45403
193 2.18699
194 2.07928
195 2.63158
196 2.15578
197 2.2167
198 2.50903
199 2.1536
200 2.16873
201 2.33927
202 2.09459
203 2.16455
204 2.30148
205 2.09777
206 2.15906
207 2.3037
208 2.09677
209 2.22302
210 2.26294
211 2.09373
212 2.18481
213 2.2571
214 2.10195
215 2.14311
216 2.24412
217 2.44812
218 2.09931
219 2.25051
220 2.45392
221 2.0955
222 2.25783
223 2.69052
224 2.08499
225 2.28848
226 2.67296
227 2.08887
228 2.25254
229 2.6287
230 2.20439
231 2.25049
232 2.33624
233 2.22486
234 2.1921
235 2.30881
236 2.1746
237 2.19279
238 2.29684
239 2.16773
240 2.21621
241 2.31246
242 2.17752
243 2.19742
244 2.31634
245 2.16593
246 2.20513
247 2.27875
248 2.16565
249 2.50729
250 2.26801
251 2.17668
252 2.51323
253 2.2729
254 2.18913
255 2.71683
256 2.24772
257 2.20685
258 2.59169
259 2.24661
260 2.32696
261 2.60576
262 2.35706
263 2.31295
264 2.30291
265 2.30283
266 2.31233
267 2.28025
268 2.25793
269 2.31273
270 2.28095
271 2.29079
272 2.29009
273 2.28471
274 2.25366
275 2.29079
276 2.28529
277 2.23541
278 2.26423
279 2.29287
280 2.24309
281 2.54392
282 2.29306
283 2.24316
284 2.54861
285 2.30226
286 2.26057
287 2.73942
288 2.27387
289 2.28151
290 2.63817
291 2.27692
292 2.3728
293 2.70711
294 2.22909
295 2.36493
296 2.427
297 2.22485
298 2.3646
299 2.37286
300 2.22839
