10000 55.6692
20000 28.1816
30000 18.6769
40000 14.3313
50000 20.5264
60000 15.4646
70000 10.2485
80000 10.8401
90000 19.1798
100000 27.268
110000 10.5004
120000 8.86527
130000 8.60905
140000 10.5877
150000 11.9667
160000 11.9321
170000 8.52145
180000 15.3364
190000 19.339
200000 9.68947
210000 8.15688
220000 7.98906
230000 9.46595
240000 11.0859
250000 13.6372
260000 8.12705
270000 9.43748
280000 14.9562
290000 9.85005
300000 9.36743
310000 7.76931
320000 8.63778
330000 10.7446
340000 9.10165
350000 8.31769
360000 17.8349
370000 12.9833
380000 8.84201
390000 9.3714
400000 18.4047
410000 26.9125
420000 9.79747
430000 8.12217
440000 7.95183
450000 10.0737
460000 10.8204
470000 11.8823
480000 7.97626
490000 15.089
500000 19.1603
510000 9.43191
520000 7.81661
530000 7.74891
540000 9.24067
550000 10.1261
560000 13.7516
570000 7.79575
580000 9.32234
590000 14.8607
600000 9.76507
610000 9.24374
620000 7.66646
630000 8.48523
640000 9.90704
650000 9.25648
660000 8.07282
670000 17.797
680000 12.9296
690000 8.79844
700000 9.2831
710000 18.3571
720000 26.9274
730000 9.07653
740000 8.25454
750000 7.75886
760000 10.0512
770000 10.7583
780000 11.8635
790000 7.89809
800000 15.0641
810000 19.2076
820000 8.75624
830000 7.9286
840000 7.5935
850000 9.23685
860000 10.0771
870000 13.7547
880000 7.73201
890000 9.31418
900000 15.7857
910000 9.30829
920000 9.35393
930000 7.54637
940000 8.48412
950000 9.85359
960000 9.2668
970000 8.02055
980000 17.7898
990000 13.7917
1000000 8.35357
1010000 9.38842
1020000 18.297
1030000 26.9248
1040000 9.02194
1050000 8.26255
1060000 7.71704
1070000 10.049
1080000 11.4731
1090000 11.547
1100000 8.02045
1110000 15.0067
1120000 19.1981
1130000 8.69995
1140000 7.94342
1150000 7.56334
1160000 9.23844
1170000 10.8013
1180000 13.4864
1190000 7.84781
1200000 9.23541
1210000 15.7739
1220000 9.26024
1230000 9.3743
1240000 7.51866
1250000 8.50062
1260000 10.5308
1270000 8.98802
1280000 8.13475
1290000 17.7681
1300000 13.7568
1310000 8.31115
1320000 9.41088
1330000 18.2801
1340000 26.9396
1350000 9.62502
1360000 8.03884
1370000 7.82189
1380000 9.97124
1390000 11.4567
1400000 11.5232
1410000 8.04594
1420000 14.9854
1430000 19.124
1440000 9.27739
1450000 7.76645
1460000 7.6724
1470000 9.16879
1480000 10.8106
1490000 13.4641
1500000 7.88248
1510000 9.20469
1520000 14.8249
1530000 9.65589
1540000 9.22489
1550000 7.6043
1560000 8.44699
1570000 10.5449
1580000 8.9611
1590000 8.16366
1600000 17.7345
1610000 12.8596
1620000 8.69752
1630000 9.27766
1640000 18.3102
1650000 26.9279
1660000 9.65287
1670000 8.01121
1680000 7.85841
1690000 9.98041
1700000 10.7104
1710000 11.8035
1720000 7.90315
1730000 15.0194
1740000 19.1137
1750000 9.31095
1760000 7.73984
1770000 7.69705
1780000 9.16695
1790000 10.0379
1800000 12.385
1810000 7.73601
1820000 9.25889
1830000 14.8237
1840000 9.70593
1850000 9.20433
1860000 7.62872
1870000 8.42466
1880000 9.82831
1890000 9.21658
1900000 8.02769
1910000 17.7657
1920000 12.8771
1930000 8.74224
1940000 9.25652
1950000 18.3177
1960000 26.9234
1970000 9.01134
1980000 8.21318
1990000 7.73932
2000000 10.0147
2010000 10.7045
2020000 11.8252
2030000 7.8777
2040000 15.0322
2050000 19.1852
2060000 8.6966
2070000 7.89603
2080000 7.57945
2090000 9.20565
2100000 10.0308
2110000 12.4171
2120000 7.70734
2130000 9.28099
2140000 15.7648
2150000 9.28459
2160000 9.33627
2170000 7.53547
2180000 8.45878
2190000 9.80894
2200000 9.25159
2210000 8.00241
2220000 17.7781
2230000 13.7578
2240000 8.32622
2250000 9.37976
2260000 18.2759
2270000 26.9264
2280000 8.98392
2290000 8.24031
2300000 7.71641
2310000 10.0286
2320000 11.4344
2330000 11.5261
2340000 8.00864
2350000 14.9872
2360000 19.1874
2370000 8.66456
2380000 7.92555
2390000 7.55827
2400000 9.22283
2410000 10.7792
2420000 12.1305
2430000 7.83457
2440000 9.21459
2450000 15.7606
2460000 9.24802
2470000 9.36168
2480000 7.52042
2490000 8.4877
2500000 10.5009
2510000 8.98173
2520000 8.12638
2530000 17.7597
2540000 13.7329
2550000 8.29225
2560000 9.40791
2570000 18.2596
2580000 26.9419
2590000 9.5988
2600000 8.02462
2610000 7.82551
2620000 9.95508
2630000 11.4307
2640000 11.5078
2650000 8.04226
2660000 14.9741
2670000 19.1192
2680000 9.25033
2690000 7.75317
2700000 7.66967
2710000 9.16033
2720000 10.7881
2730000 12.1091
2740000 7.87214
2750000 9.19015
2760000 14.8152
2770000 9.64562
2780000 9.21725
2790000 7.60562
2800000 8.43882
2810000 10.5242
2820000 8.95679
2830000 8.15561
2840000 17.7263
2850000 12.8451
2860000 8.68286
2870000 9.27723
2880000 18.2925
2890000 26.9303
2900000 9.63409
2910000 7.99878
2920000 7.85836
2930000 9.96853
2940000 10.6944
2950000 11.7892
2960000 7.90139
2970000 15.0114
2980000 19.1106
2990000 9.28778
3000000 7.73175
3010000 7.69536
3020000 9.16228
3030000 10.0245
3040000 12.3787
3050000 7.72937
3060000 9.24964
3070000 14.8156
3080000 9.69887
3090000 9.19751
3100000 7.63452
3110000 8.4197
3120000 9.81345
3130000 9.20762
3140000 8.02383
3150000 17.7526
3160000 12.8658
3170000 8.73156
3180000 9.25817
3190000 18.3037
3200000 26.9257
3210000 8.99252
3220000 8.20408
3230000 7.73832
3240000 10.0062
3250000 10.6922
3260000 11.8184
3270000 7.87678
3280000 15.0261
3290000 19.1872
3300000 8.67824
3310000 7.88689
3320000 7.57906
3330000 9.20302
3340000 10.0198
3350000 12.4124
3360000 7.70532
3370000 9.2757
3380000 15.7587
3390000 9.27945
3400000 9.33099
3410000 7.5426
3420000 8.45495
3430000 9.79826
3440000 9.24274
3450000 8.00083
3460000 17.7664
3470000 13.7477
3480000 8.31925
3490000 9.38051
3500000 18.2637
3510000 26.9286
3520000 8.96684
3530000 8.23629
3540000 7.71758
3550000 10.0237
3560000 11.422
3570000 11.5213
3580000 8.00785
3590000 14.9828
3600000 19.1893
3610000 8.64788
3620000 7.91929
3630000 7.55936
3640000 9.22113
3650000 10.7605
3660000 12.126
3670000 7.83352
3680000 9.21131
3690000 15.7567
3700000 9.24355
3710000 9.35863
3720000 7.52093
3730000 8.48482
3740000 10.4919
3750000 8.97798
3760000 8.12198
3770000 17.7489
3780000 13.7255
3790000 8.28743
3800000 9.40861
3810000 18.2536
3820000 26.9436
3830000 9.58616
3840000 8.01842
3850000 7.82763
3860000 9.95516
3870000 11.4219
3880000 11.5499
3890000 8.04206
3900000 14.9696
3910000 19.1233
3920000 9.23383
3930000 7.74884
3940000 7.67098
3950000 9.15907
3960000 10.7714
3970000 12.1057
3980000 7.87432
3990000 9.18685
4000000 14.813
4010000 9.64286
4020000 9.21543
4030000 7.60487
4040000 8.43576
4050000 10.516
4060000 8.95596
4070000 8.15432
4080000 17.7159
4090000 12.8398
4100000 8.6798
4110000 9.27874
4120000 18.2783
4130000 26.9314
4140000 9.62939
4150000 7.98822
4160000 7.86509
4170000 9.96885
4180000 10.6909
4190000 11.8295
4200000 7.90245
4210000 15.008
4220000 19.1134
4230000 9.27883
4240000 7.72822
4250000 7.69315
4260000 9.16063
4270000 10.0148
4280000 12.3738
4290000 7.72512
4300000 9.24763
4310000 14.8128
4320000 9.6973
4330000 9.19728
4340000 7.6337
4350000 8.41758
4360000 9.807
4370000 9.20755
4380000 8.02492
4390000 17.7498
4400000 12.84
4410000 8.72932
4420000 9.25866
4430000 18.2906
4440000 26.9265
4450000 8.98974
4460000 8.19384
4470000 7.74609
4480000 10.0057
4490000 10.6898
4500000 11.8588
4510000 7.87826
4520000 15.0227
4530000 19.1832
4540000 8.67237
4550000 7.88451
4560000 7.57862
4570000 9.2017
4580000 10.0109
4590000 12.4044
4600000 7.69966
4610000 9.2743
4620000 15.7541
4630000 9.27899
4640000 9.33149
4650000 7.54142
4660000 8.45344
4670000 9.79293
4680000 9.24274
4690000 8.00256
4700000 17.7641
4710000 13.7242
4720000 8.31784
4730000 9.37978
4740000 18.2485
4750000 26.9291
4760000 8.96714
4770000 8.22362
4780000 7.7221
4790000 10.0232
4800000 11.421
4810000 11.5652
4820000 8.00908
4830000 14.9798
4840000 19.1858
4850000 8.64124
4860000 7.91728
4870000 7.55855
4880000 9.21671
4890000 10.7606
4900000 12.1213
4910000 7.8278
4920000 9.21089
4930000 15.7523
4940000 9.24369
4950000 9.35921
4960000 7.51987
4970000 8.47874
4980000 10.4845
4990000 8.97867
5000000 8.12532
5010000 17.7472
5020000 13.7153
5030000 8.28615
5040000 9.40707
5050000 18.2388
5060000 26.9443
5070000 9.58623
5080000 8.01249
5090000 7.83159
5100000 9.95525
5110000 11.4212
5120000 11.5562
5130000 8.04294
5140000 14.9668
5150000 19.121
5160000 9.22797
5170000 7.7491
5180000 7.66966
5190000 9.15473
5200000 10.7725
5210000 12.1013
5220000 7.8689
5230000 9.1873
5240000 14.8123
5250000 9.64309
5260000 9.21653
5270000 7.6053
5280000 8.43124
5290000 10.5101
5300000 8.95504
5310000 8.15765
5320000 17.715
5330000 12.8304
5340000 8.67612
5350000 9.27617
5360000 18.2735
5370000 26.9322
5380000 9.64319
5390000 7.99198
5400000 7.87149
5410000 9.96864
5420000 10.6897
5430000 11.8359
5440000 7.90385
5450000 15.005
5460000 19.112
5470000 9.27227
5480000 7.72565
5490000 7.69755
5500000 9.16169
5510000 10.0138
5520000 12.3686
5530000 7.72496
5540000 9.24749
5550000 14.8123
5560000 9.69848
5570000 9.20031
5580000 7.63362
5590000 8.41001
5600000 9.80383
5610000 9.20684
5620000 8.05237
5630000 17.7481
5640000 12.8533
5650000 8.72631
5660000 9.25616
5670000 18.2858
5680000 26.9221
5690000 9.00403
5700000 8.19519
5710000 7.75059
5720000 10.0094
5730000 10.6881
5740000 11.8649
5750000 7.87448
5760000 15.0186
5770000 19.1804
5780000 8.66632
5790000 7.88329
5800000 7.57885
5810000 9.20335
5820000 10.0101
5830000 12.4022
5840000 7.70081
5850000 9.27463
5860000 15.7531
5870000 9.27779
5880000 9.32711
5890000 7.54195
5900000 8.44169
5910000 9.79023
5920000 9.24265
5930000 8.02909
5940000 17.7711
5950000 13.7357
5960000 8.31774
5970000 9.3778
5980000 18.2472
5990000 26.7722
6000000 8.97411
6010000 8.21906
6020000 7.72728
6030000 10.0148
6040000 11.4182
6050000 11.577
6060000 8.00516
6070000 14.9762
6080000 19.1834
6090000 8.63875
6100000 7.90586
6110000 7.55908
6120000 9.22202
6130000 10.7572
6140000 12.12
6150000 7.82833
6160000 9.20705
6170000 15.7522
6180000 9.2427
6190000 9.35586
6200000 7.52008
6210000 8.48017
6220000 10.4835
6230000 8.97852
6240000 8.15082
6250000 17.7529
6260000 13.7128
6270000 8.28639
6280000 9.40423
6290000 18.2361
6300000 26.7876
6310000 9.59621
6320000 8.00876
6330000 7.83403
6340000 9.94697
6350000 11.4203
6360000 11.5616
6370000 8.03918
6380000 14.9634
6390000 19.1186
6400000 9.22569
6410000 7.73925
6420000 7.66736
6430000 9.15991
6440000 10.7679
6450000 12.1
6460000 7.86176
6470000 9.18343
6480000 14.812
6490000 9.64088
6500000 9.21403
6510000 7.60382
6520000 8.43256
6530000 10.5088
6540000 8.95405
6550000 8.18282
6560000 17.7204
6570000 12.8279
6580000 8.67357
6590000 9.27489
6600000 18.2707
6610000 26.7746
6620000 9.63924
6630000 7.98582
6640000 7.86476
6650000 9.96124
6660000 10.6908
6670000 11.7498
6680000 7.89946
6690000 15.0017
6700000 19.1099
6710000 9.27045
6720000 7.71775
6730000 7.69333
6740000 9.16397
6750000 10.0092
6760000 12.3669
6770000 7.72532
6780000 9.24277
6790000 14.8109
6800000 9.69505
6810000 9.19527
6820000 7.63274
6830000 8.41374
6840000 9.80164
6850000 9.20473
6860000 8.05131
6870000 17.7541
6880000 12.8513
6890000 8.7238
6900000 9.25508
6910000 18.2831
6920000 26.7695
6930000 8.99967
6940000 8.17918
6950000 7.74928
6960000 9.99467
6970000 10.6894
6980000 11.7774
6990000 7.87479
7000000 15.0176
7010000 19.1787
7020000 8.6653
7030000 7.86969
7040000 7.5773
7050000 9.20472
7060000 10.0065
7070000 12.4008
7080000 7.70093
7090000 9.26893
7100000 15.7514
7110000 9.27818
7120000 9.32638
7130000 7.53857
7140000 8.4414
7150000 9.78874
7160000 9.23957
7170000 8.03329
7180000 17.7687
7190000 13.7351
7200000 8.3169
7210000 9.37604
7220000 18.2431
7230000 26.7728
7240000 8.97514
7250000 8.20496
7260000 7.72629
7270000 10.0125
7280000 11.4163
7290000 11.4852
7300000 8.00494
7310000 14.9754
7320000 19.1786
7330000 8.63774
7340000 7.89982
7350000 7.55737
7360000 9.22377
7370000 10.755
7380000 12.1192
7390000 7.8263
7400000 9.20599
7410000 15.7497
7420000 9.24411
7430000 9.35417
7440000 7.51667
7450000 8.47999
7460000 10.4818
7470000 8.9761
7480000 8.15389
7490000 17.75
7500000 13.7129
7510000 8.28589
7520000 9.40316
7530000 18.2343
7540000 26.7882
7550000 9.59059
7560000 7.99561
7570000 7.83464
7580000 9.94403
7590000 11.419
7600000 11.472
7610000 8.03923
7620000 14.9627
7630000 19.1152
7640000 9.22415
7650000 7.73504
7660000 7.66801
7670000 9.16209
7680000 10.7661
7690000 12.0992
7700000 7.86359
7710000 9.18263
7720000 14.8195
7730000 9.64229
7740000 9.21074
7750000 7.5994
7760000 8.43148
7770000 10.5074
7780000 8.9621
7790000 8.1898
7800000 17.7171
7810000 12.828
7820000 8.67263
7830000 9.26538
7840000 18.2732
7850000 26.7762
7860000 9.63339
7870000 7.97493
7880000 7.86736
7890000 9.95805
7900000 10.6892
7910000 11.7529
7920000 7.90028
7930000 15.0018
7940000 19.1062
7950000 9.26827
7960000 7.71787
7970000 7.69103
7980000 9.16432
7990000 10.0082
8000000 12.3667
8010000 7.72345
8020000 9.23997
8030000 14.8291
8040000 9.69726
8050000 9.19365
8060000 7.62771
8070000 8.41352
8080000 9.80058
8090000 9.21246
8100000 8.05909
8110000 17.7504
8120000 12.8514
8130000 8.72334
8140000 9.247
8150000 18.2854
8160000 26.771
8170000 8.99528
8180000 8.17582
8190000 7.74988
8200000 9.99491
8210000 10.6851
8220000 11.7851
8230000 7.87562
8240000 15.0179
8250000 19.1751
8260000 8.66323
8270000 7.86892
8280000 7.56892
8290000 9.20485
8300000 10.0052
8310000 12.4011
8320000 7.69917
8330000 9.26665
8340000 15.7413
8350000 9.28025
8360000 9.32666
8370000 7.53664
8380000 8.44137
8390000 9.78546
8400000 9.2462
8410000 8.03544
8420000 17.7649
8430000 13.737
8440000 8.27108
8450000 9.36821
8460000 18.2468
8470000 26.7741
8480000 8.97066
8490000 8.20488
8500000 7.69173
8510000 10.0105
8520000 11.413
8530000 11.4906
8540000 8.0065
8550000 14.9754
8560000 19.1772
8570000 8.63576
8580000 7.90141
8590000 7.54804
8600000 9.22553
8610000 10.7522
8620000 12.1193
8630000 7.82741
8640000 9.2037
8650000 15.7408
8660000 9.24513
8670000 9.35391
8680000 7.51849
8690000 8.48357
8700000 10.4765
8710000 8.98354
8720000 8.15179
8730000 17.749
8740000 13.7147
8750000 8.2424
8760000 9.39617
8770000 18.2365
8780000 26.7893
8790000 9.58829
8800000 7.99678
8810000 7.79918
8820000 9.94329
8830000 11.4152
8840000 11.4739
8850000 8.04122
8860000 14.9617
8870000 19.1157
8880000 9.22191
8890000 7.73743
8900000 7.65847
8910000 9.17048
8920000 10.7635
8930000 12.0991
8940000 7.86293
8950000 9.18343
8960000 14.8017
8970000 9.64491
8980000 9.2124
8990000 7.60346
9000000 8.43607
9010000 10.5054
9020000 8.96112
9030000 8.17916
9040000 17.7166
9050000 12.8299
9060000 8.6092
9070000 9.26679
9080000 18.2719
9090000 26.7762
9100000 9.63195
9110000 7.97511
9120000 7.83541
9130000 9.95746
9140000 10.6853
9150000 11.7545
9160000 7.90267
9170000 15.0002
9180000 19.1088
9190000 9.26575
9200000 7.7197
9210000 7.6863
9220000 9.17289
9230000 10.0068
9240000 12.3296
9250000 7.72314
9260000 9.24301
9270000 14.8015
9280000 9.69883
9290000 9.19509
9300000 7.63168
9310000 8.41879
9320000 9.79918
9330000 9.20923
9340000 8.05039
9350000 13.5773
9360000 12.8534
9370000 8.65681
9380000 9.24722
9390000 18.2851
9400000 26.7709
9410000 8.99397
9420000 8.17649
9430000 7.71757
9440000 9.99422
9450000 10.6839
9460000 11.7836
9470000 7.87634
9480000 15.016
9490000 19.1749
9500000 8.66111
9510000 7.87057
9520000 7.56932
9530000 9.21407
9540000 10.0043
9550000 12.3674
9560000 7.69893
9570000 9.26887
9580000 15.7415
9590000 9.28292
9600000 9.32626
9610000 7.54039
9620000 8.44664
9630000 9.78524
9640000 9.24425
9650000 8.02695
9660000 13.595
9670000 13.7362
9680000 8.27012
9690000 9.36772
9700000 18.2461
9710000 26.7724
9720000 8.96742
9730000 8.20696
9740000 7.69658
9750000 10.0116
9760000 11.4114
9770000 11.4895
9780000 8.00696
9790000 14.9736
9800000 19.1787
9810000 8.63348
9820000 7.89422
9830000 7.54716
9840000 9.23244
9850000 10.7536
9860000 12.0853
9870000 7.82617
9880000 9.20678
9890000 15.7402
9900000 9.24825
9910000 9.35401
9920000 7.51835
9930000 8.48706
9940000 10.4774
9950000 8.98303
9960000 8.1473
9970000 13.5508
9980000 13.7139
9990000 8.24062
10000000 9.39719
