10000 23.4996
20000 16.464
30000 12.7058
40000 9.74382
50000 8.62349
60000 7.47642
70000 6.56579
80000 5.98975
90000 5.77294
100000 5.39815
110000 6.02399
120000 7.47772
130000 9.75961
140000 4.56767
150000 4.4251
160000 4.66825
170000 4.41597
180000 4.11605
190000 12.468
200000 5.31063
210000 4.06828
220000 8.25336
230000 4.55937
240000 4.16926
250000 3.8242
260000 3.79706
270000 4.01004
280000 3.89314
290000 4.99231
300000 6.81145
310000 9.33265
320000 3.72792
330000 3.69265
340000 4.0736
350000 3.87594
360000 3.77207
370000 7.63274
380000 5.01696
390000 3.72424
400000 8.13016
410000 4.31547
420000 3.91325
430000 3.60719
440000 3.60535
450000 3.85256
460000 3.75888
470000 4.50365
480000 6.75089
490000 9.24129
500000 3.65894
510000 3.6304
520000 3.99204
530000 3.82966
540000 3.65594
550000 8.93278
560000 4.4494
570000 3.71027
580000 6.27058
590000 4.28987
600000 3.93229
610000 3.64375
620000 10.8161
630000 3.88755
640000 3.80193
650000 4.54353
660000 6.21322
670000 9.34449
680000 3.72186
690000 3.84727
700000 4.03442
710000 3.90201
720000 4.7071
730000 8.95922
740000 9.05972
750000 3.80522
760000 4.73191
770000 4.32517
780000 4.00836
790000 3.74586
800000 10.8488
810000 3.98137
820000 3.89185
830000 4.29978
840000 6.2576
850000 9.17738
860000 3.82379
870000 3.94894
880000 4.09015
890000 4.00574
900000 4.50939
910000 7.14363
920000 5.59504
930000 3.91541
940000 4.60038
950000 4.41534
960000 4.10558
970000 4.0136
980000 10.8897
990000 5.32358
1000000 3.99631
1010000 4.0948
1020000 4.63667
1030000 9.2033
1040000 3.93769
1050000 4.05842
1060000 4.19103
1070000 4.10818
1080000 4.58832
1090000 7.06056
1100000 9.88665
1110000 4.02601
1120000 4.00669
1130000 4.48182
1140000 4.21395
1150000 3.97358
1160000 14.5253
1170000 5.406
1180000 4.11632
1190000 4.20408
1200000 4.70304
1210000 4.37446
1220000 4.05245
1230000 4.05926
1240000 4.28892
1250000 4.20698
1260000 4.66349
1270000 7.0399
1280000 9.54789
1290000 4.15598
1300000 4.12099
1310000 4.48494
1320000 4.31542
1330000 4.08904
1340000 12.657
1350000 6.3677
1360000 4.22453
1370000 7.26853
1380000 4.78655
1390000 4.44737
1400000 4.1605
1410000 4.16884
1420000 4.38754
1430000 4.30644
1440000 5.34158
1450000 7.08491
1460000 9.54082
1470000 4.24342
1480000 4.22614
1490000 4.57907
1500000 4.41192
1510000 4.19475
1520000 8.10899
1530000 5.46872
1540000 4.33121
1550000 8.41017
1560000 4.86445
1570000 4.52978
1580000 4.26015
1590000 4.2696
1600000 4.48251
1610000 4.40459
1620000 5.41927
1630000 7.14238
1640000 9.53612
1650000 4.33934
1660000 4.32439
1670000 4.6352
1680000 4.50559
1690000 4.35151
1700000 7.9814
1710000 5.04218
1720000 4.41302
1730000 6.72749
1740000 4.91027
1750000 4.59848
1760000 4.35603
1770000 4.35874
1780000 4.56701
1790000 4.49594
1800000 5.1376
1810000 6.6781
1820000 9.54145
1830000 4.42674
1840000 4.53511
1850000 4.71004
1860000 4.58443
1870000 11.6479
1880000 9.2774
1890000 5.0821
1900000 4.50092
1910000 6.76367
1920000 4.9527
1930000 4.67502
1940000 4.44504
1950000 11.1121
1960000 4.64778
1970000 4.57178
1980000 4.92132
1990000 6.71934
2000000 9.67746
2010000 4.51538
2020000 4.61492
2030000 4.74086
2040000 4.65987
2050000 5.14408
2060000 7.53743
2070000 9.40916
2080000 4.5829
2090000 5.17531
2100000 5.01943
2110000 4.74927
2120000 4.66216
2130000 11.1432
2140000 5.82451
2150000 4.64289
2160000 4.72551
2170000 5.30179
2180000 9.51643
2190000 4.58611
2200000 4.69038
2210000 4.80349
2220000 4.72763
2230000 5.15104
2240000 7.47894
2250000 6.04916
2260000 4.6565
2270000 5.24461
2280000 5.05975
2290000 4.81002
2300000 4.6027
2310000 14.7093
2320000 5.88061
2330000 4.71285
2340000 4.79738
2350000 5.24765
2360000 9.52817
2370000 4.65687
2380000 4.75751
2390000 4.86634
2400000 4.79589
2410000 5.21263
2420000 7.40708
2430000 10.1899
2440000 4.72267
2450000 4.70755
2460000 5.01531
2470000 4.87647
2480000 4.67211
2490000 12.8698
2500000 5.93359
2510000 4.78738
2520000 4.83741
2530000 5.29164
2540000 4.98252
2550000 4.72392
2560000 4.731
2570000 4.92636
2580000 4.85205
2590000 5.78774
2600000 7.42958
2610000 9.79965
2620000 4.78756
2630000 4.7738
2640000 5.08547
2650000 4.93387
2660000 4.73897
2670000 12.7115
2680000 5.89296
2690000 4.85161
2700000 8.69053
2710000 5.3377
2720000 5.04031
2730000 4.78706
2740000 4.7929
2750000 4.98233
2760000 4.91053
2770000 5.83895
2780000 7.46737
2790000 9.82583
2800000 4.8444
2810000 4.83201
2820000 5.13774
2830000 4.99251
2840000 4.92231
2850000 8.26722
2860000 5.94185
2870000 4.90803
2880000 8.74084
2890000 5.38239
2900000 5.06936
2910000 4.84268
2920000 4.84753
2930000 5.03588
2940000 4.968
2950000 5.55648
2960000 7.50012
2970000 9.80037
2980000 4.90299
2990000 4.88539
3000000 5.15978
3010000 5.03551
3020000 4.90671
3030000 9.51455
3040000 5.5251
3050000 4.9487
3060000 7.07505
3070000 5.39833
3080000 5.11696
3090000 4.89934
3100000 11.3015
3110000 5.08222
3120000 5.01622
3130000 5.59991
3140000 7.02627
3150000 9.89974
3160000 4.95226
3170000 5.04758
3180000 5.18906
3190000 5.08505
3200000 5.72574
3210000 9.53452
3220000 9.62707
3230000 5.00593
3240000 5.74116
3250000 5.40925
3260000 5.15622
3270000 4.95393
3280000 11.323
3290000 5.13067
3300000 5.05864
3310000 5.37817
3320000 7.04481
3330000 9.72714
3340000 4.99862
3350000 5.09433
3360000 5.20109
3370000 5.13245
3380000 5.534
3390000 7.83053
3400000 6.4457
3410000 5.05378
3420000 5.59991
3430000 5.4465
3440000 5.19487
3450000 5.12118
3460000 11.3445
3470000 6.19734
3480000 5.09975
3490000 5.17598
3500000 5.61017
3510000 9.73025
3520000 5.04415
3530000 5.13789
3540000 5.23979
3550000 5.17064
3560000 5.55915
3570000 7.72636
3580000 10.3705
3590000 5.09608
3600000 5.07886
3610000 5.45978
3620000 5.23798
3630000 5.04501
3640000 14.8538
3650000 6.23165
3660000 5.14989
3670000 5.21861
3680000 5.62607
3690000 5.3511
3700000 5.08914
3710000 5.09293
3720000 5.27433
3730000 5.20486
3740000 5.57952
3750000 7.67746
3760000 10.0244
3770000 5.15397
3780000 5.12389
3790000 5.41839
3800000 5.27565
3810000 5.09029
3820000 13.0148
3830000 7.04863
3840000 5.19167
3850000 7.86658
3860000 5.65427
3870000 5.367
3880000 5.12975
3890000 5.13516
3900000 5.31067
3910000 5.24106
3920000 6.11902
3930000 7.68793
3940000 9.99405
3950000 5.17962
3960000 5.16365
3970000 5.45408
3980000 5.31091
3990000 5.13025
4000000 8.62951
4010000 6.21072
4020000 5.23447
4030000 8.90822
4040000 5.67993
4050000 5.39261
4060000 5.16648
4070000 5.17257
4080000 5.34645
4090000 5.27859
4100000 6.14963
4110000 7.71107
4120000 9.96655
4130000 5.21473
4140000 5.20054
4150000 5.45921
4160000 5.34687
4170000 5.21576
4180000 9.76362
4190000 5.80034
4200000 5.2601
4210000 7.30964
4220000 5.68005
4230000 5.40945
4240000 5.20329
4250000 5.20384
4260000 5.37657
4270000 5.31387
4280000 5.86536
4290000 7.25298
4300000 9.94981
4310000 5.24633
4320000 5.33669
4330000 5.48348
4340000 5.37345
4350000 11.9797
4360000 9.69012
4370000 5.79845
4380000 5.29394
4390000 7.29332
4400000 5.67955
4410000 5.43624
4420000 5.23819
4430000 11.4517
4440000 5.40677
4450000 5.3393
4460000 5.64027
4470000 7.26281
4480000 10.0598
4490000 5.28317
4500000 5.36703
4510000 5.47294
4520000 5.40093
4530000 5.8227
4540000 8.01533
4550000 9.79439
4560000 5.32702
4570000 5.84298
4580000 5.70354
4590000 5.4647
4600000 5.38774
4610000 11.465
4620000 6.41645
4630000 5.36483
4640000 5.43526
4650000 5.9409
4660000 9.88595
4670000 5.30812
4680000 5.39714
4690000 5.49326
4700000 5.42477
4710000 5.79679
4720000 7.93697
4730000 6.60451
4740000 5.356
4750000 5.87317
4760000 5.70676
4770000 5.48436
4780000 5.30127
4790000 14.9425
4800000 6.43946
4810000 5.39219
4820000 5.46514
4830000 5.8624
4840000 9.87926
4850000 5.33641
4860000 5.42314
4870000 5.51621
4880000 5.45267
4890000 5.82167
4900000 7.84692
4910000 10.5126
4920000 5.38165
4930000 5.36699
4940000 5.63695
4950000 5.51187
4960000 5.33071
4970000 13.1229
4980000 6.46179
4990000 5.4266
5000000 5.46974
5010000 5.87352
5020000 5.59461
5030000 5.3643
5040000 5.36919
5050000 5.53996
5060000 5.4722
5070000 6.316
5080000 7.8475
5090000 10.1187
5100000 5.40884
5110000 5.39544
5120000 5.67129
5130000 5.53402
5140000 5.36024
5150000 12.9555
5160000 6.39971
5170000 5.45451
5180000 9.04043
5190000 5.88827
5200000 5.61852
5210000 5.39137
5220000 5.39493
5230000 5.56209
5240000 5.49637
5250000 6.33888
5260000 7.86133
5270000 10.129
5280000 5.43143
5290000 5.41925
5300000 5.69178
5310000 5.55943
5320000 5.49554
5330000 8.62013
5340000 6.42169
5350000 5.478
5360000 9.07259
5370000 5.90428
5380000 5.61798
5390000 5.41402
5400000 5.41712
5410000 5.5841
5420000 5.52155
5430000 6.05587
5440000 7.41052
5450000 10.0901
5460000 5.45789
5470000 5.44098
5480000 5.68745
5490000 5.57304
5500000 5.45594
5510000 9.80847
5520000 6.01523
5530000 5.48939
5540000 7.46251
5550000 5.87231
5560000 5.63748
5570000 5.43977
5580000 11.5455
5590000 5.60203
5600000 5.54111
5610000 6.07372
5620000 7.40928
5630000 10.1736
5640000 5.47791
5650000 5.56337
5660000 5.69027
5670000 5.59436
5680000 6.1817
5690000 9.81453
5700000 9.90351
5710000 5.51758
5720000 6.19164
5730000 5.8837
5740000 5.65041
5750000 5.46558
5760000 11.5555
5770000 5.62314
5780000 5.55652
5790000 5.84818
5800000 7.40969
5810000 9.99321
5820000 5.49724
5830000 5.58345
5840000 5.67942
5850000 5.61544
5860000 5.98395
5870000 8.15405
5880000 6.83378
5890000 5.53899
5900000 6.0405
5910000 5.89741
5920000 5.66435
5930000 5.59609
5940000 15.0092
5950000 6.59288
5960000 5.57262
5970000 5.64164
5980000 6.04124
5990000 9.98449
6000000 5.51744
6010000 5.60222
6020000 5.6943
6030000 5.62965
6040000 5.98786
6050000 8.03977
6060000 10.6052
6070000 5.5569
6080000 5.54015
6090000 5.89029
6100000 5.68377
6110000 5.50587
6120000 15.0162
6130000 6.60812
6140000 5.59855
6150000 5.66117
6160000 6.03756
6170000 5.76222
6180000 5.5386
6190000 5.5411
6200000 5.70683
6210000 5.64166
6220000 5.98853
6230000 7.97917
6240000 10.2565
6250000 5.59071
6260000 5.56217
6270000 5.83341
6280000 5.69998
6290000 5.52813
6300000 13.1919
6310000 7.36932
6320000 5.61828
6330000 8.15404
6340000 6.04665
6350000 5.7778
6360000 5.55738
6370000 5.56151
6380000 5.72262
6390000 5.65711
6400000 6.47849
6410000 7.9766
6420000 10.2169
6430000 5.59647
6440000 5.58093
6450000 5.84958
6460000 5.71534
6470000 5.54719
6480000 8.88301
6490000 6.5575
6500000 5.64057
6510000 9.15241
6520000 6.05464
6530000 5.78494
6540000 5.57413
6550000 5.57892
6560000 5.7393
6570000 5.67514
6580000 6.49295
6590000 7.98708
6600000 10.1772
6610000 5.61234
6620000 5.59839
6630000 5.83841
6640000 5.73262
6650000 5.60988
6660000 9.9792
6670000 6.15546
6680000 5.64835
6690000 7.5932
6700000 6.0399
6710000 5.78508
6720000 5.59216
6730000 5.59184
6740000 5.75185
6750000 5.69236
6760000 6.20988
6770000 7.53343
6780000 10.1558
6790000 5.62596
6800000 5.70981
6810000 5.84618
6820000 5.74228
6830000 6.30657
6840000 9.8987
6850000 6.1397
6860000 5.66474
6870000 7.5663
6880000 6.02529
6890000 5.79555
6900000 5.60956
6910000 11.6259
6920000 5.76553
6930000 5.70153
6940000 5.98376
6950000 7.53247
6960000 10.2555
6970000 5.64601
6980000 5.72388
6990000 5.82209
7000000 5.75392
7010000 6.15106
7020000 8.25657
7030000 9.99208
7040000 5.6817
7050000 6.16769
7060000 6.03476
7070000 5.80874
7080000 5.73581
7090000 11.6323
7100000 6.70999
7110000 5.71187
7120000 5.77765
7130000 6.25477
7140000 10.0775
7150000 5.65561
7160000 5.73894
7170000 5.82845
7180000 5.76327
7190000 6.11431
7200000 8.17136
7210000 6.88369
7220000 5.69586
7230000 6.18413
7240000 6.02567
7250000 5.81464
7260000 5.64176
7270000 15.0665
7280000 6.7212
7290000 5.72507
7300000 5.79333
7310000 6.16872
7320000 10.0638
7330000 5.66997
7340000 5.75102
7350000 5.83803
7360000 5.77736
7370000 6.12645
7380000 8.07518
7390000 10.6837
7400000 5.70783
7410000 5.69345
7420000 5.94788
7430000 5.82881
7440000 5.65733
7450000 13.2587
7460000 6.73251
7470000 5.74569
7480000 5.786
7490000 6.16839
7500000 5.90278
7510000 5.68447
7520000 5.68845
7530000 5.84909
7540000 5.78442
7550000 6.58797
7560000 8.06773
7570000 10.29
7580000 5.72207
7590000 5.70884
7600000 5.96937
7610000 5.83868
7620000 5.67378
7630000 13.0881
7640000 6.66336
7650000 5.76104
7660000 9.22833
7670000 6.17215
7680000 5.91477
7690000 5.69903
7700000 5.70179
7710000 5.85946
7720000 5.79653
7730000 6.60055
7740000 8.07353
7750000 10.2941
7760000 5.73285
7770000 5.72064
7780000 5.97888
7790000 5.85242
7800000 5.79135
7810000 8.81128
7820000 6.67548
7830000 5.7729
7840000 9.25337
7850000 6.17782
7860000 5.90422
7870000 5.71014
7880000 5.71247
7890000 5.87028
7900000 5.81043
7910000 6.31995
7920000 7.62757
7930000 10.2501
7940000 5.74778
7950000 5.73119
7960000 5.96506
7970000 5.85553
7980000 5.74384
7990000 9.97117
8000000 6.27648
8010000 5.77391
8020000 7.67392
8030000 6.13809
8040000 5.91332
8050000 5.72468
8060000 11.6822
8070000 5.87795
8080000 5.8194
8090000 6.32836
8100000 7.61915
8110000 10.327
8120000 5.75728
8130000 5.8382
8140000 5.95859
8150000 5.86663
8160000 6.42878
8170000 9.97171
8180000 10.059
8190000 5.79152
8200000 6.43654
8210000 6.14036
8220000 5.91671
8230000 5.74012
8240000 11.6876
8250000 5.88924
8260000 5.82515
8270000 6.10369
8280000 7.61281
8290000 10.1441
8300000 5.7667
8310000 5.84861
8320000 5.93963
8330000 5.87698
8340000 6.2308
8350000 8.33663
8360000 7.05008
8370000 5.80336
8380000 6.28345
8390000 6.14526
8400000 5.92166
8410000 5.85604
8420000 15.1079
8430000 6.8133
8440000 5.8321
8450000 5.89783
8460000 6.2805
8470000 10.1309
8480000 5.77769
8490000 5.85835
8500000 5.9458
8510000 5.88353
8520000 6.22693
8530000 8.21905
8540000 10.7415
8550000 5.81228
8560000 5.79588
8570000 6.13088
8580000 5.93236
8590000 5.76185
8600000 15.1118
8610000 6.82201
8620000 5.84905
8630000 5.90869
8640000 6.26977
8650000 6.00461
8660000 5.79008
8670000 5.79203
8680000 5.95026
8690000 5.88733
8700000 6.22029
8710000 8.15413
8720000 10.393
8730000 5.83689
8740000 5.80919
8750000 6.06899
8760000 5.94185
8770000 5.77543
8780000 13.2973
8790000 7.55588
8800000 5.86045
8810000 9.30356
8820000 6.27152
8830000 6.01234
8840000 5.80058
8850000 5.80411
8860000 5.95813
8870000 5.8949
8880000 6.68689
8890000 8.14654
8900000 10.3498
8910000 5.83517
8920000 5.81986
8930000 6.0776
8940000 5.94807
8950000 5.78639
8960000 9.03414
8970000 6.76025
8980000 5.87428
8990000 9.29836
9000000 6.27265
9010000 6.01233
9020000 5.80949
9030000 5.81372
9040000 5.96733
9050000 5.90522
9060000 6.69483
9070000 8.15183
9080000 10.3067
9090000 5.8435
9100000 5.82974
9110000 6.06017
9120000 5.95797
9130000 5.83969
9140000 10.11
9150000 6.36488
9160000 5.8755
9170000 7.76339
9180000 6.25218
9190000 6.00591
9200000 5.82015
9210000 5.81942
9220000 5.97286
9230000 5.91522
9240000 6.41458
9250000 7.7029
9260000 10.2819
9270000 5.85001
9280000 5.93036
9290000 6.0612
9300000 5.96086
9310000 6.50603
9320000 10.0267
9330000 6.34358
9340000 5.88481
9350000 7.73225
9360000 6.232
9370000 6.0098
9380000 5.83043
9390000 11.7338
9400000 5.9798
9410000 5.91775
9420000 6.18994
9430000 7.69719
9440000 10.3767
9450000 5.86301
9460000 5.93769
9470000 6.03196
9480000 5.96593
9490000 6.34964
9500000 8.39994
9510000 10.1151
9520000 5.89505
9530000 6.36438
9540000 6.23539
9550000 6.01644
9560000 5.94596
9570000 11.7371
9580000 6.88979
9590000 5.92173
9600000 5.98494
9610000 6.44639
9620000 10.1976
9630000 5.86621
9640000 5.94633
9650000 6.03231
9660000 5.96906
9670000 6.3085
9680000 8.31744
9690000 7.05615
9700000 5.90279
9710000 6.3749
9720000 6.22083
9730000 6.01661
9740000 5.84934
9750000 15.1454
9760000 6.8959
9770000 5.92875
9780000 5.99456
9790000 6.35763
9800000 10.1806
9810000 5.87441
9820000 5.95236
9830000 6.03605
9840000 5.97707
9850000 6.315
9860000 8.21893
9870000 10.7926
9880000 5.90876
9890000 5.89463
9900000 6.14031
9910000 6.02476
9920000 5.85886
9930000 13.3458
9940000 6.90209
9950000 5.94322
9960000 5.98198
9970000 6.35222
9980000 6.09434
9990000 5.88296
10000000 5.88648
10010000 6.04144
10020000 5.97861
10030000 6.75895
10040000 8.20777
10050000 10.3998
10060000 5.9168
10070000 5.90413
10080000 6.15602
10090000 6.02922
10100000 5.86939
10110000 13.174
10120000 6.83012
10130000 5.95282
10140000 9.34914
10150000 6.35094
10160000 6.10066
10170000 5.89182
10180000 5.89418
10190000 6.04643
10200000 5.98521
10210000 6.76672
10220000 8.2098
10230000 10.401
10240000 5.92253
10250000 5.91044
10260000 6.16035
10270000 6.03747
10280000 5.97808
10290000 8.93489
10300000 6.83759
10310000 5.95936
10320000 9.37071
10330000 6.35193
10340000 6.08585
10350000 5.89755
10360000 5.89954
10370000 6.0521
10380000 5.99381
10390000 6.48883
10400000 7.76793
10410000 10.3548
10420000 5.93209
10430000 5.91578
10440000 6.14227
10450000 6.03579
10460000 5.92728
10470000 10.0778
10480000 6.44407
10490000 5.95558
10500000 7.8112
10510000 6.30881
10520000 6.09009
10530000 5.9069
10540000 11.7724
10550000 6.0549
10560000 5.99786
10570000 6.49273
10580000 7.75606
10590000 10.4282
10600000 5.93666
10610000 6.01492
10620000 6.13147
10630000 6.04191
10640000 6.58904
10650000 10.0757
10660000 10.1618
10670000 5.96813
10680000 6.5957
10690000 6.30667
10700000 6.08888
10710000 5.91733
10720000 11.7755
10730000 6.0615
10740000 5.99897
10750000 6.2697
10760000 7.74641
10770000 10.2445
10780000 5.94134
10790000 6.02066
10800000 6.10865
10810000 6.04765
10820000 6.3811
10830000 8.45757
10840000 7.19242
10850000 5.97526
10860000 6.44238
10870000 6.3074
10880000 6.08949
10890000 6.0253
10900000 15.1743
10910000 6.95906
10920000 6.00151
10930000 6.06521
10940000 6.43769
10950000 10.2291
10960000 5.94779
10970000 6.02595
10980000 6.11054
10990000 6.04989
11000000 6.38426
11010000 8.33614
11020000 10.8332
11030000 5.97976
11040000 5.96362
11050000 6.28933
11060000 6.09583
11070000 5.92988
11080000 15.1766
11090000 6.96406
11100000 6.01389
11110000 6.07207
11120000 6.42347
11130000 6.1646
11140000 5.95575
11150000 5.95733
11160000 6.111
11170000 6.04956
11180000 6.37395
11190000 8.2718
11200000 10.4854
11210000 5.99968
11220000 5.97255
11230000 6.22521
11240000 6.1012
11250000 5.93901
11260000 13.3691
11270000 7.68126
11280000 6.02107
11290000 9.40547
11300000 6.42142
11310000 6.16836
11320000 5.96202
11330000 5.96538
11340000 6.11491
11350000 6.05311
11360000 6.82666
11370000 8.26154
11380000 10.4404
11390000 5.99418
11400000 5.97906
11410000 6.22986
11420000 6.10344
11430000 5.9459
11440000 9.13696
11450000 6.89681
11460000 6.03077
11470000 9.39789
11480000 6.41901
11490000 6.1647
11500000 5.96693
11510000 5.97096
11520000 6.12012
11530000 6.05947
11540000 6.8311
11550000 8.26406
11560000 10.3955
11570000 5.99855
11580000 5.98498
11590000 6.20936
11600000 6.10954
11610000 5.99409
11620000 10.1998
11630000 6.50642
11640000 6.02835
11650000 7.87961
11660000 6.3948
11670000 6.15496
11680000 5.97362
11690000 5.97267
11700000 6.12208
11710000 6.06568
11720000 6.55356
11730000 7.81889
11740000 10.3689
11750000 6.00144
11760000 6.0796
11770000 6.20702
11780000 6.10894
11790000 6.64187
11800000 10.1153
11810000 6.48106
11820000 6.03405
11830000 7.84633
11840000 6.37275
11850000 6.15547
11860000 5.98036
11870000 11.809
11880000 6.12555
11890000 6.06487
11900000 6.33061
11910000 7.81067
11920000 10.4612
11930000 6.01082
11940000 6.08351
11950000 6.17528
11960000 6.11072
11970000 6.48571
11980000 8.50316
11990000 10.2008
12000000 6.04081
12010000 6.49952
12020000 6.37303
12030000 6.15865
12040000 6.08988
12050000 11.8106
12060000 7.01403
12070000 6.06562
12080000 6.12724
12090000 6.57856
12100000 10.2815
12110000 6.01078
12120000 6.08886
12130000 6.17259
12140000 6.11065
12150000 6.44254
12160000 8.41916
12170000 7.17594
12180000 6.04531
12190000 6.50697
12200000 6.35588
12210000 6.15597
12220000 5.99249
12230000 15.2012
12240000 7.01736
12250000 6.06947
12260000 6.13365
12270000 6.48877
12280000 10.2629
12290000 6.01572
12300000 6.09176
12310000 6.17328
12320000 6.11551
12330000 6.44611
12340000 8.31981
12350000 10.8696
12360000 6.04828
12370000 6.03418
12380000 6.27423
12390000 6.16109
12400000 5.99878
12410000 13.4077
12420000 7.02088
12430000 6.08062
12440000 6.11844
12450000 6.48062
12460000 6.228
12470000 6.02146
12480000 6.02451
12490000 6.17625
12500000 6.1142
12510000 6.87907
12520000 8.30685
12530000 10.478
12540000 6.05317
12550000 6.04063
12560000 6.28685
12570000 6.16264
12580000 6.00619
12590000 13.2353
12600000 6.94777
12610000 6.08728
12620000 9.43526
12630000 6.47684
12640000 6.23148
12650000 6.02709
12660000 6.02921
12670000 6.17798
12680000 6.11787
12690000 6.88422
12700000 8.30691
12710000 10.4775
12720000 6.05597
12730000 6.04407
12740000 6.28851
12750000 6.16799
12760000 6.10971
12770000 9.02343
12780000 6.95273
12790000 6.09098
12800000 9.45488
12810000 6.47528
12820000 6.21433
12830000 6.02998
12840000 6.03179
12850000 6.18087
12860000 6.12363
12870000 6.60881
12880000 7.86843
12890000 10.4303
12900000 6.0628
12910000 6.04657
12920000 6.26818
12930000 6.16366
12940000 6.05738
12950000 10.1548
12960000 6.56365
12970000 6.0844
12980000 7.90997
12990000 6.43048
13000000 6.21598
13010000 6.03645
13020000 11.8378
13030000 6.18103
13040000 6.12498
13050000 6.6103
13060000 7.85468
13070000 10.5017
13080000 6.06453
13090000 6.14106
13100000 6.25508
13110000 6.16716
13120000 6.70398
13130000 10.1511
13140000 10.2366
13150000 6.09434
13160000 6.71006
13170000 6.42597
13180000 6.21216
13190000 6.04408
13200000 11.8397
13210000 6.18498
13220000 6.12353
13230000 6.38891
13240000 7.84317
13250000 10.3178
13260000 6.06647
13270000 6.1441
13280000 6.23019
13290000 6.17022
13300000 6.49731
13310000 8.54553
13320000 7.29549
13330000 6.09877
13340000 6.55696
13350000 6.42431
13360000 6.21027
13370000 6.14732
13380000 15.2231
13390000 7.0647
13400000 6.12352
13410000 6.18588
13420000 6.55134
13430000 10.301
13440000 6.07031
13450000 6.14681
13460000 6.22964
13470000 6.16999
13480000 6.4981
13490000 8.42355
13500000 10.9005
13510000 6.10073
13520000 6.08483
13530000 6.40434
13540000 6.21416
13550000 6.0514
13560000 15.2244
13570000 7.06751
13580000 6.13326
13590000 6.19026
13600000 6.53513
13610000 6.28072
13620000 6.07569
13630000 6.07719
13640000 6.22775
13650000 6.16729
13660000 6.48572
13670000 8.35821
13680000 10.5536
13690000 6.11788
13700000 6.09126
13710000 6.339
13720000 6.2171
13730000 6.05793
13740000 13.4223
13750000 7.7734
13760000 6.1381
13770000 9.48071
13780000 6.53098
13790000 6.28221
13800000 6.07969
13810000 6.0829
13820000 6.22937
13830000 6.16862
13840000 6.92918
13850000 8.3464
13860000 10.5071
13870000 6.11047
13880000 6.09539
13890000 6.3369
13900000 6.21712
13910000 6.06245
13920000 9.21315
13930000 6.9973
13940000 6.14532
13950000 9.47178
13960000 6.52652
13970000 6.2764
13980000 6.08224
13990000 6.08611
14000000 6.23227
14010000 6.17262
14020000 6.93142
14030000 8.34728
14040000 10.4617
14050000 6.11226
14060000 6.099
14070000 6.31918
14080000 6.22087
14090000 6.10756
14100000 10.2668
14110000 6.61089
14120000 6.14074
14130000 7.96593
14140000 6.50071
14150000 6.26476
14160000 6.08666
14170000 6.08562
14180000 6.23217
14190000 6.17664
14200000 6.65626
14210000 7.90516
14220000 10.4341
14230000 6.11311
14240000 6.18979
14250000 6.31487
14260000 6.2183
14270000 6.74266
14280000 10.1816
14290000 6.58408
14300000 6.14429
14310000 7.9314
14320000 6.47708
14330000 6.26323
14340000 6.09119
14350000 11.8653
14360000 6.23355
14370000 6.17375
14380000 6.43485
14390000 7.89545
14400000 10.5245
14410000 6.12028
14420000 6.1916
14430000 6.28164
14440000 6.21804
14450000 6.58688
14460000 8.58052
14470000 6.81354
14480000 6.14893
14490000 6.60061
14500000 6.47546
14510000 6.26439
14520000 6.19676
14530000 11.866
14540000 7.10656
14550000 6.17248
14560000 6.23304
14570000 6.67712
14580000 10.3448
14590000 6.11828
14600000 6.19489
14610000 6.27706
14620000 6.21601
14630000 6.54252
14640000 8.49567
14650000 7.26565
14660000 6.15138
14670000 6.60557
14680000 6.455
14690000 6.25984
14700000 6.09916
14710000 15.2435
14720000 7.10842
14730000 6.17437
14740000 6.23744
14750000 6.58686
14760000 10.3251
14770000 6.12114
14780000 6.19602
14790000 6.27589
14800000 6.21889
14810000 6.54431
14820000 8.39604
14830000 10.928
14840000 6.15238
14850000 6.13852
14860000 6.37449
14870000 6.26301
14880000 6.10336
14890000 13.4548
14900000 7.11032
14910000 6.18344
14920000 6.22064
14930000 6.57725
14940000 6.32822
14950000 6.12498
14960000 6.12801
14970000 6.27701
14980000 6.21581
14990000 6.96951
15000000 8.38182
15010000 10.5373
15020000 6.15544
15030000 6.14302
15040000 6.38511
15050000 6.26277
15060000 6.1092
15070000 13.2822
15080000 7.03644
15090000 6.18821
15100000 9.50066
15110000 6.56979
15120000 6.32983
15130000 6.12788
15140000 6.13064
15150000 6.27688
15160000 6.21756
15170000 6.97296
15180000 8.38054
15190000 10.5359
15200000 6.15629
15210000 6.14454
15220000 6.38501
15230000 6.26623
15240000 6.20877
15250000 9.0907
15260000 7.03974
15270000 6.19001
15280000 9.51894
15290000 6.56838
15300000 6.30764
15310000 6.12965
15320000 6.13151
15330000 6.27795
15340000 6.22145
15350000 6.69951
15360000 7.9447
15370000 10.4878
15380000 6.16119
15390000 6.14519
15400000 6.36327
15410000 6.26017
15420000 6.15551
15430000 10.2136
15440000 6.65414
15450000 6.18171
15460000 7.98509
15470000 6.52259
15480000 6.31103
15490000 6.1342
15500000 11.888
15510000 6.27636
15520000 6.22101
15530000 6.69937
15540000 7.92975
15550000 10.5578
15560000 6.16121
15570000 6.23652
15580000 6.34933
15590000 6.26189
15600000 6.79121
15610000 10.2089
15620000 10.2938
15630000 6.18983
15640000 6.79689
15650000 6.51647
15660000 6.3056
15670000 6.14004
15680000 11.8878
15690000 6.27884
15700000 6.21784
15710000 6.47949
15720000 7.91696
15730000 10.3739
15740000 6.16144
15750000 6.23778
15760000 6.32249
15770000 6.2633
15780000 6.58571
15790000 8.61289
15800000 7.37418
15810000 6.19259
15820000 6.64425
15830000 6.51328
15840000 6.30217
15850000 6.24007
15860000 15.2608
15870000 7.1454
15880000 6.21638
15890000 6.27773
15900000 6.63803
15910000 10.3563
15920000 6.16363
15930000 6.23889
15940000 6.32027
15950000 6.26154
15960000 6.58526
15970000 8.49071
15980000 10.9525
15990000 6.19294
16000000 6.17724
16010000 6.4921
16020000 6.30445
16030000 6.14404
16040000 15.2614
16050000 7.14683
16060000 6.22459
16070000 6.28052
16080000 6.62057
16090000 6.36938
16100000 6.16737
16110000 6.1687
16120000 6.31703
16130000 6.25734
16140000 6.57136
16150000 8.42475
16160000 10.6064
16170000 6.20831
16180000 6.18204
16190000 6.42645
16200000 6.30598
16210000 6.14892
16220000 13.4636
16230000 7.84424
16240000 6.22765
16250000 9.53894
16260000 6.61505
16270000 6.3695
16280000 6.16979
16290000 6.17272
16300000 6.31668
16310000 6.25712
16320000 7.00805
16330000 8.41193
16340000 10.5591
16350000 6.19951
16360000 6.1846
16370000 6.42261
16380000 6.30445
16390000 6.15186
16400000 9.27216
16410000 7.07457
16420000 6.23326
16430000 9.52902
16440000 6.6096
16450000 6.36226
16460000 6.1708
16470000 6.1745
16480000 6.31848
16490000 6.25959
16500000 7.00892
16510000 8.4117
16520000 10.5131
16530000 6.19978
16540000 6.18664
16550000 6.40368
16560000 6.3064
16570000 6.19479
16580000 10.319
16590000 6.69143
16600000 6.22729
16610000 8.03277
16620000 6.58238
16630000 6.34927
16640000 6.17359
16650000 6.17256
16660000 6.31695
16670000 6.26004
16680000 6.73556
16690000 7.97409
16700000 10.4847
16710000 6.19914
16720000 6.27466
16730000 6.39796
16740000 6.30261
16750000 6.82042
16760000 10.2324
16770000 6.66355
16780000 6.22932
16790000 7.99738
16800000 6.55759
16810000 6.34632
16820000 6.17656
16830000 11.9093
16840000 6.31685
16850000 6.25778
16860000 6.51546
16870000 7.96123
16880000 10.5739
16890000 6.20458
16900000 6.27485
16910000 6.36376
16920000 6.30089
16930000 6.6657
16940000 8.64062
16950000 6.88906
16960000 6.23248
16970000 6.67832
16980000 6.55461
16990000 6.3461
17000000 6.27931
17010000 11.9093
17020000 7.17802
17030000 6.25501
17040000 6.31481
17050000 6.75321
17060000 10.3941
17070000 6.20134
17080000 6.27679
17090000 6.35772
17100000 6.29731
17110000 6.61994
17120000 8.55533
17130000 7.33529
17140000 6.23345
17150000 6.68197
17160000 6.53305
17170000 6.34017
17180000 6.18159
17190000 15.2766
17200000 7.1791
17210000 6.2555
17220000 6.31775
17230000 6.66277
17240000 10.3737
17250000 6.20273
17260000 6.27656
17270000 6.35311
17280000 6.29937
17290000 6.6202
17300000 8.45586
17310000 10.9737
17320000 6.23276
17330000 6.21927
17340000 6.45216
17350000 6.34197
17360000 6.18416
17370000 13.4917
17380000 7.17977
17390000 6.26309
17400000 6.29976
17410000 6.65037
17420000 6.4057
17430000 6.20513
17440000 6.20801
17450000 6.35511
17460000 6.29453
17470000 7.03974
17480000 8.44032
17490000 10.5839
17500000 6.23466
17510000 6.22235
17520000 6.46134
17530000 6.34043
17540000 6.18867
17550000 13.3189
17560000 7.1055
17570000 6.26651
17580000 9.55182
17590000 6.64344
17600000 6.40619
17610000 6.20671
17620000 6.2093
17630000 6.35365
17640000 6.29499
17650000 7.04207
17660000 8.43802
17670000 10.5817
17680000 6.23425
17690000 6.22259
17700000 6.46003
17710000 6.34162
17720000 6.28574
17730000 9.14341
17740000 7.10764
17750000 6.26726
17760000 9.56918
17770000 6.62775
17780000 6.38304
17790000 6.20723
17800000 6.20881
17810000 6.35352
17820000 6.29762
17830000 6.77028
17840000 8.00442
17850000 10.5331
17860000 6.23777
17870000 6.22199
17880000 6.43739
17890000 6.33547
17900000 6.23229
17910000 10.2598
17920000 6.72472
17930000 6.25781
17940000 8.04401
17950000 6.59448
17960000 6.38511
17970000 6.21041
17980000 11.9275
17990000 6.35079
18000000 6.29604
18010000 6.76906
18020000 7.98867
18030000 10.6021
18040000 6.23674
18050000 6.31105
18060000 6.42247
18070000 6.33599
18080000 6.85955
18090000 10.2544
18100000 10.339
18110000 6.26455
18120000 6.86496
18130000 6.58731
18140000 6.37871
18150000 6.21505
18160000 11.9267
18170000 6.3521
18180000 6.29176
18190000 6.34781
18200000 7.97507
18210000 10.4182
18220000 6.23582
18230000 6.31098
18240000 6.39481
18250000 6.33626
18260000 6.65501
18270000 8.66566
18280000 7.43604
18290000 6.26614
18300000 6.71282
18310000 6.5831
18320000 6.37428
18330000 6.31276
18340000 15.2907
18350000 7.20885
18360000 6.28929
18370000 6.34978
18380000 6.70614
18390000 10.3998
18400000 6.23685
18410000 6.31125
18420000 6.39149
18430000 6.33336
18440000 6.65361
18450000 8.54373
18460000 10.9937
18470000 6.26538
18480000 6.24983
18490000 6.56104
18500000 6.37543
18510000 6.21684
18520000 15.2908
18530000 7.20937
18540000 6.29624
18550000 6.35149
18560000 6.68782
18570000 6.43735
18580000 6.23945
18590000 6.24071
18600000 6.38726
18610000 6.32819
18620000 6.63885
18630000 8.47743
18640000 10.6482
18650000 6.27952
18660000 6.25339
18670000 6.49511
18680000 6.37592
18690000 6.22055
18700000 13.4964
18710000 7.90042
18720000 6.29819
18730000 9.58512
18740000 6.68139
18750000 6.43823
18760000 6.24084
18770000 6.24362
18780000 6.38591
18790000 6.32709
18800000 7.07042
18810000 8.46393
18820000 10.6006
18830000 6.26977
18840000 6.25493
18850000 6.49031
18860000 6.37343
18870000 6.2225
18880000 9.31909
18890000 7.13588
18900000 6.30277
18910000 9.5746
18920000 6.67504
18930000 6.43019
18940000 6.24077
18950000 6.24439
18960000 6.38669
18970000 6.32838
18980000 7.07043
18990000 8.46284
19000000 10.5541
19010000 6.26935
19020000 6.25606
19030000 6.47067
19040000 6.37437
19050000 6.26387
19060000 10.3606
19070000 6.75537
19080000 6.29594
19090000 8.08606
19100000 6.64722
19110000 6.41635
19120000 6.24259
19130000 6.2411
19140000 6.38431
19150000 6.32793
19160000 6.79869
19170000 8.0275
19180000 10.5253
19190000 6.26753
19200000 6.34217
19210000 6.46411
19220000 6.36978
19230000 6.88244
19240000 10.2738
19250000 6.72682
19260000 6.29608
19270000 8.05017
19280000 6.62195
19290000 6.41262
19300000 6.24462
19310000 11.9448
19320000 6.38333
19330000 6.32476
19340000 6.57984
19350000 8.01396
19360000 10.6136
19370000 6.26663
19380000 6.34145
19390000 6.42939
19400000 6.36712
19410000 6.72832
19420000 8.68897
19430000 6.94956
19440000 6.29926
19450000 6.74065
19460000 6.61802
19470000 6.41154
19480000 6.3454
19490000 11.9443
19500000 7.23584
19510000 6.32049
19520000 6.38032
19530000 6.81445
19540000 10.434
19550000 6.26791
19560000 6.34253
19570000 6.42256
19580000 6.36273
19590000 6.68219
19600000 8.60351
19610000 7.39142
19620000 6.29935
19630000 6.74345
19640000 6.59586
19650000 6.4048
19660000 6.24784
19670000 15.3035
19680000 7.23613
19690000 6.3208
19700000 6.38239
19710000 6.72404
19720000 10.4132
19730000 6.26844
19740000 6.34142
19750000 6.41714
19760000 6.36388
19770000 6.68153
19780000 8.50301
19790000 11.0108
19800000 6.29755
19810000 6.2844
19820000 6.5149
19830000 6.40573
19840000 6.2494
19850000 13.5217
19860000 7.23607
19870000 6.32744
19880000 6.36371
19890000 6.71096
19900000 6.46838
19910000 6.26987
19920000 6.27272
19930000 6.41814
19940000 6.35824
19950000 7.09667
19960000 8.48785
19970000 10.6218
19980000 6.29858
19990000 6.28656
20000000 6.523
20010000 6.40333
20020000 6.25302
20030000 13.3489
20040000 7.16165
20050000 6.32989
20060000 9.59351
20070000 6.70318
20080000 6.46812
20090000 6.27061
20100000 6.27299
20110000 6.41533
20120000 6.35779
20130000 7.09825
20140000 8.48492
20150000 10.6191
20160000 6.29748
20170000 6.28593
20180000 6.52102
20190000 6.40365
20200000 6.34827
20210000 9.18647
20220000 7.16283
20230000 6.32985
20240000 9.61016
20250000 6.68688
20260000 6.44428
20270000 6.27023
20280000 6.27173
20290000 6.41541
20300000 6.35954
20310000 6.8279
20320000 8.05317
20330000 10.5701
20340000 6.3001
20350000 6.28448
20360000 6.49771
20370000 6.3967
20380000 6.29445
20390000 10.2977
20400000 6.78225
20410000 6.31963
20420000 8.09219
20430000 6.65308
20440000 6.44556
20450000 6.27245
20460000 11.9598
20470000 6.41141
20480000 6.35712
20490000 6.82589
20500000 8.03702
20510000 10.6384
20520000 6.29823
20530000 6.37131
20540000 6.4821
20550000 6.39634
20560000 6.91532
20570000 10.2918
20580000 10.3761
20590000 6.32543
20600000 6.9205
20610000 6.64514
20620000 6.43836
20630000 6.27597
20640000 11.9587
20650000 6.41186
20660000 6.35199
20670000 6.40751
20680000 8.02265
20690000 10.4546
20700000 6.29647
20710000 6.37084
20720000 6.45382
20730000 6.39578
20740000 6.71168
20750000 8.70922
20760000 7.48673
20770000 6.32618
20780000 6.76883
20790000 6.64007
20800000 6.43315
20810000 6.37213
20820000 15.3153
20830000 7.26073
20840000 6.34874
20850000 6.4086
20860000 6.76198
20870000 10.4358
20880000 6.29666
20890000 6.37029
20900000 6.44974
20910000 6.39207
20920000 6.70945
20930000 8.58728
20940000 11.0275
20950000 6.32455
20960000 6.30911
20970000 6.61751
20980000 6.4335
20990000 6.27627
21000000 15.315
21010000 7.2606
21020000 6.35475
21030000 6.40949
21040000 6.74287
21050000 6.49451
21060000 6.29834
21070000 6.29994
21080000 6.44473
21090000 6.3861
21100000 6.69404
21110000 8.5207
21120000 10.6827
21130000 6.33765
21140000 6.31184
21150000 6.5513
21160000 6.43301
21170000 6.27904
21180000 13.5235
21190000 7.9465
21200000 6.35589
21210000 9.62294
21220000 6.7357
21230000 6.49453
21240000 6.29887
21250000 6.30159
21260000 6.44254
21270000 6.3842
21280000 7.12152
21290000 8.50665
21300000 10.6347
21310000 6.32722
21320000 6.3125
21330000 6.54574
21340000 6.4298
21350000 6.2802
21360000 9.35773
21370000 7.18616
21380000 6.35957
21390000 9.61209
21400000 6.72864
21410000 6.48577
21420000 6.29798
21430000 6.30152
21440000 6.44247
21450000 6.38461
21460000 7.12083
21470000 8.50491
21480000 10.5879
21490000 6.32599
21500000 6.31274
21510000 6.52547
21520000 6.42983
21530000 6.32035
21540000 10.3948
21550000 6.80772
21560000 6.35195
21570000 8.12977
21580000 6.70029
21590000 6.47127
21600000 6.29889
21610000 6.29742
21620000 6.43936
21630000 6.38326
21640000 6.85011
21650000 8.07124
21660000 10.5587
21670000 6.32334
21680000 6.39729
21690000 6.51815
21700000 6.42456
21710000 6.93313
21720000 10.3073
21730000 6.7786
21740000 6.35114
21750000 8.09347
21760000 6.67427
21770000 6.46674
21780000 6.3001
21790000 11.9738
21800000 6.43755
21810000 6.37937
21820000 6.63236
21830000 8.05711
21840000 10.6462
21850000 6.3216
21860000 6.39577
21870000 6.48291
21880000 6.42103
21890000 6.77935
21900000 8.7285
21910000 6.99891
21920000 6.35363
21930000 6.79148
21940000 6.66973
21950000 6.46486
21960000 6.3992
21970000 11.9731
21980000 7.28296
21990000 6.37432
22000000 6.43358
22010000 6.86436
22020000 10.4667
22030000 6.32182
22040000 6.396
22050000 6.47529
22060000 6.4159
22070000 6.73286
22080000 8.64276
22090000 7.43717
22100000 6.35291
22110000 6.79345
22120000 6.64693
22130000 6.45735
22140000 6.30163
22150000 15.3255
22160000 7.28255
22170000 6.37377
22180000 6.43488
22190000 6.77383
22200000 10.4449
22210000 6.32175
22220000 6.46626
22230000 6.46909
22240000 6.41624
22250000 6.73139
22260000 8.54219
22270000 11.0411
22280000 6.35023
22290000 6.33722
22300000 6.56582
22310000 6.45718
22320000 6.30236
22330000 13.5462
22340000 7.28181
22350000 6.37962
22360000 6.41553
22370000 6.76004
22380000 6.51932
22390000 6.32244
22400000 6.32514
22410000 6.46931
22420000 6.40985
22430000 7.14291
22440000 8.5265
22450000 10.6527
22460000 6.35051
22470000 6.33858
22480000 6.57309
22490000 6.45319
22500000 6.30515
22510000 13.3734
22520000 7.20714
22530000 6.38127
22540000 9.62739
22550000 6.75162
22560000 6.51827
22570000 6.32227
22580000 6.32462
22590000 6.46579
22600000 6.40862
22610000 7.1438
22620000 8.52287
22630000 10.6496
22640000 6.34863
22650000 6.33714
22660000 6.57033
22670000 6.45395
22680000 6.39883
22690000 9.22145
22700000 7.20762
22710000 6.38045
22720000 9.64354
22730000 6.7347
22740000 6.49407
22750000 6.32113
22760000 6.3226
22770000 6.46512
22780000 6.40961
22790000 6.87454
22800000 8.09271
22810000 10.6003
22820000 6.35049
22830000 6.33506
22840000 6.54643
22850000 6.44617
22860000 6.34467
22870000 10.3284
22880000 6.82895
22890000 6.36956
22900000 8.13117
22910000 6.70043
22920000 6.49433
22930000 6.32256
22940000 11.9862
22950000 6.46036
22960000 6.40645
22970000 6.87176
22980000 8.076
22990000 10.6679
23000000 6.34763
23010000 6.4203
23020000 6.53018
23030000 6.44503
23040000 6.96035
23050000 10.3221
23060000 10.4061
23070000 6.37454
23080000 6.96532
23090000 6.69179
23100000 6.48647
23110000 6.32526
23120000 11.9846
23130000 6.45995
23140000 6.40056
23150000 6.45561
23160000 8.06112
23170000 10.4841
23180000 6.34537
23190000 6.41909
23200000 6.50143
23210000 6.44378
23220000 6.75736
23230000 8.74442
23240000 7.52766
23250000 6.37446
23260000 6.81393
23270000 6.68605
23280000 6.48056
23290000 6.41994
23300000 15.3352
23310000 7.30264
23320000 6.39661
23330000 6.45591
23340000 6.80676
23350000 10.4649
23360000 6.34473
23370000 6.41777
23380000 6.49654
23390000 6.43934
23400000 6.75444
23410000 8.62244
23420000 11.0549
23430000 6.37212
23440000 6.35679
23450000 6.66293
23460000 6.47994
23470000 6.324
23480000 15.3346
23490000 7.30185
23500000 6.40181
23510000 6.45595
23520000 6.78716
23530000 6.54045
23540000 6.34565
23550000 6.34719
23560000 6.49089
23570000 6.4325
23580000 6.73858
23590000 8.5556
23600000 10.7105
23610000 6.38441
23620000 6.35873
23630000 6.59646
23640000 6.47883
23650000 6.32603
23660000 13.5453
23670000 7.98364
23680000 6.4022
23690000 9.65356
23700000 6.77935
23710000 6.53975
23720000 6.34544
23730000 6.34813
23740000 6.488
23750000 6.43005
23760000 7.16261
23770000 8.54102
23780000 10.6623
23790000 6.37332
23800000 6.35865
23810000 6.5902
23820000 6.47493
23830000 6.32644
23840000 9.38879
23850000 7.22652
23860000 6.40506
23870000 9.64208
23880000 6.77062
23890000 6.53035
23900000 6.34382
23910000 6.34734
23920000 6.48721
23930000 6.42971
23940000 7.16094
23950000 8.53875
23960000 10.6151
23970000 6.37133
23980000 6.35815
23990000 6.56937
24000000 6.47422
24010000 6.36557
24020000 10.4224
24030000 6.84965
24040000 6.39687
24050000 8.16487
24060000 6.74278
24070000 6.51521
24080000 6.34399
24090000 6.34247
24100000 6.48341
24110000 6.42765
24120000 6.89147
24130000 8.10633
24140000 10.5855
24150000 6.36796
24160000 6.44136
24170000 6.56142
24180000 6.46842
24190000 6.9737
24200000 10.3346
24210000 6.82007
24220000 6.39542
24230000 8.12817
24240000 6.71626
24250000 6.51005
24260000 6.34447
24270000 11.9972
24280000 6.48093
24290000 6.4231
24300000 6.67435
24310000 8.0917
24320000 10.5021
24330000 6.36553
24340000 6.43921
24350000 6.52571
24360000 6.46421
24370000 6.82022
24380000 8.76025
24390000 7.03845
24400000 6.39708
24410000 6.83118
24420000 6.7111
24430000 6.50747
24440000 6.44221
24450000 11.9962
24460000 7.32068
24470000 6.4174
24480000 6.47594
24490000 6.90434
24500000 10.4929
24510000 6.3651
24520000 6.43883
24530000 6.51752
24540000 6.45845
24550000 6.7733
24560000 8.67429
24570000 7.47381
24580000 6.39571
24590000 6.83347
24600000 6.68755
24610000 6.49939
24620000 6.34464
24630000 15.3432
24640000 7.31974
24650000 6.41619
24660000 6.47682
24670000 6.81367
24680000 10.4708
24690000 6.36436
24700000 6.50793
24710000 6.51063
24720000 6.45811
24730000 6.77129
24740000 8.57365
24750000 11.0654
24760000 6.39242
24770000 6.37945
24780000 6.60654
24790000 6.49857
24800000 6.34466
24810000 13.5659
24820000 7.31845
24830000 6.42133
24840000 6.457
24850000 6.79937
24860000 6.56007
24870000 6.36439
24880000 6.36706
24890000 6.51016
24900000 6.45112
24910000 7.18004
24920000 8.55752
24930000 10.6775
24940000 6.39208
24950000 6.38018
24960000 6.61318
24970000 6.49398
24980000 6.34683
24990000 13.3931
25000000 7.24359
25010000 6.42239
25020000 9.65465
25030000 6.7904
25040000 6.55836
25050000 6.36362
25060000 6.36593
25070000 6.50616
25080000 6.44931
25090000 7.18026
25100000 8.55346
25110000 10.674
25120000 6.38952
25130000 6.37811
25140000 6.60983
25150000 6.49428
25160000 6.43927
25170000 9.24954
25180000 7.24352
25190000 6.42079
25200000 9.67035
25210000 6.77304
25220000 6.53378
25230000 6.36193
25240000 6.36331
25250000 6.50488
25260000 6.44966
25270000 6.91191
25280000 8.12436
25290000 10.6245
25300000 6.39081
25310000 6.37552
25320000 6.5855
25330000 6.48581
25340000 6.38489
25350000 10.3531
25360000 6.86631
25370000 6.40954
25380000 8.1625
25390000 6.73833
25400000 6.53345
25410000 6.36271
25420000 12.0074
25430000 6.49963
25440000 6.446
25450000 6.9076
25460000 8.10735
25470000 10.6916
25480000 6.38731
25490000 6.45912
25500000 6.56877
25510000 6.48413
25520000 6.99653
25530000 10.3465
25540000 10.4303
25550000 6.41396
25560000 7.0014
25570000 6.72926
25580000 6.52513
25590000 6.36484
25600000 12.0055
25610000 6.4986
25620000 6.43964
25630000 6.49429
25640000 8.0921
25650000 10.508
25660000 6.3846
25670000 6.45788
25680000 6.53968
25690000 6.48235
25700000 6.79411
25710000 8.77232
25720000 7.5606
25730000 6.41332
25740000 6.8503
25750000 6.72308
25760000 6.51875
25770000 6.36259
25780000 15.3513
25790000 7.33646
25800000 6.43529
25810000 6.49407
25820000 6.84296
25830000 10.4885
25840000 6.38352
25850000 6.45607
25860000 6.53432
25870000 6.47744
25880000 6.79076
25890000 8.65081
25900000 11.0771
25910000 6.41052
25920000 6.39524
25930000 6.69957
25940000 6.51765
25950000 6.36231
25960000 15.3506
25970000 7.33525
25980000 6.43983
25990000 6.49362
26000000 6.82271
26010000 6.57753
26020000 6.38388
26030000 6.38541
26040000 6.52827
26050000 6.47015
26060000 6.77576
26070000 8.58392
26080000 10.7332
26090000 6.42228
26100000 6.3966
26110000 6.63304
26120000 6.51605
26130000 6.36409
26140000 13.5631
26150000 8.01382
26160000 6.43973
26170000 9.67857
26180000 6.81476
26190000 6.57644
26200000 6.38319
26210000 6.38586
26220000 6.52486
26230000 6.46722
26240000 7.19599
26250000 8.56902
26260000 10.6847
26270000 6.41072
26280000 6.39611
26290000 6.62635
26300000 6.51181
26310000 6.36404
26320000 9.41413
26330000 7.25943
26340000 6.44212
26350000 9.66671
26360000 6.80565
26370000 6.56663
26380000 6.38114
26390000 6.38459
26400000 6.5236
26410000 6.46644
26420000 7.19386
26430000 8.5665
26440000 10.6373
26450000 6.40829
26460000 6.39515
26470000 6.60526
26480000 6.5106
26490000 6.40237
26500000 10.4449
26510000 6.88384
26520000 6.43352
26530000 8.19361
26540000 6.7772
26550000 6.55114
26560000 6.38085
26570000 6.37934
26580000 6.51943
26590000 6.4639
26600000 6.92531
26610000 8.13511
26620000 10.6076
26630000 6.40449
26640000 6.4774
26650000 6.59688
26660000 6.50435
26670000 7.00702
26680000 10.3571
26690000 6.85405
26700000 6.4317
26710000 8.15666
26720000 6.75074
26730000 6.54558
26740000 6.38097
26750000 12.0165
26760000 6.51658
26770000 6.4589
26780000 6.70888
26790000 8.12015
26800000 10.524
26810000 6.4016
26820000 6.47486
26830000 6.56045
26840000 6.49972
26850000 6.85387
26860000 8.78645
26870000 7.071
26880000 6.43287
26890000 6.86468
26900000 6.74512
26910000 6.54253
26920000 6.47765
26930000 12.0152
26940000 7.35182
26950000 6.4529
26960000 6.51113
26970000 6.93733
26980000 10.5146
26990000 6.40039
27000000 6.47409
27010000 6.55228
27020000 6.49364
27030000 6.80679
27040000 8.69972
27050000 7.50413
27060000 6.43109
27070000 6.42
27080000 6.72137
27090000 6.53417
27100000 6.38023
27110000 15.358
27120000 7.35059
27130000 6.45131
27140000 6.51158
27150000 6.84659
27160000 10.4923
27170000 6.39956
27180000 6.5424
27190000 6.54511
27200000 6.49284
27210000 6.80442
27220000 8.59973
27230000 11.0857
27240000 6.42744
27250000 6.41449
27260000 6.64038
27270000 6.53296
27280000 6.37982
27290000 13.5823
27300000 7.349
27310000 6.45604
27320000 6.49151
27330000 6.83211
27340000 6.59395
27350000 6.3993
27360000 6.40194
27370000 6.54424
27380000 6.48522
27390000 7.21089
27400000 8.58338
27410000 10.6983
27420000 6.42667
27430000 6.41483
27440000 6.64662
27450000 6.52802
27460000 6.3816
27470000 13.4096
27480000 7.27406
27490000 6.4567
27500000 9.67751
27510000 6.82274
27520000 6.59192
27530000 6.39817
27540000 6.40038
27550000 6.53975
27560000 6.48335
27570000 7.21082
27580000 8.57912
27590000 10.6946
27600000 6.42378
27610000 6.41242
27620000 6.64292
27630000 6.52794
27640000 6.4732
27650000 9.27316
27660000 7.27367
27670000 6.45474
27680000 9.69293
27690000 6.80519
27700000 6.56757
27710000 6.39611
27720000 6.39746
27730000 6.53828
27740000 6.48332
27750000 6.94332
27760000 8.15109
27770000 10.6437
27780000 6.42469
27790000 6.40947
27800000 6.6183
27810000 6.51912
27820000 6.41869
27830000 10.3709
27840000 6.89762
27850000 6.44318
27860000 8.18892
27870000 6.77027
27880000 6.56642
27890000 6.39652
27900000 12.0253
27910000 6.53271
27920000 6.4791
27930000 6.93867
27940000 8.13383
27950000 10.7116
27960000 6.42085
27970000 6.49227
27980000 6.60136
27990000 6.51721
28000000 7.02704
28010000 10.3672
28020000 10.4508
28030000 6.44726
28040000 7.03189
28050000 6.76094
28060000 6.55779
28070000 6.39827
28080000 12.0233
28090000 6.53129
28100000 6.47261
28110000 6.52697
28120000 8.11835
28130000 10.5282
28140000 6.41782
28150000 6.49067
28160000 6.5681
28170000 6.51499
28180000 6.82522
28190000 8.79644
28200000 7.58858
28210000 6.44626
28220000 6.88102
28230000 6.75445
28240000 6.55106
28250000 6.39568
28260000 15.3651
28270000 7.36517
28280000 6.46794
28290000 6.52647
28300000 6.87363
28310000 10.5085
28320000 6.41631
28330000 6.4885
28340000 6.56634
28350000 6.50967
28360000 6.82158
28370000 8.67502
28380000 11.096
28390000 6.44309
28400000 6.42787
28410000 6.73072
28420000 6.54967
28430000 6.39506
28440000 15.3641
28450000 7.36366
28460000 6.47211
28470000 6.52567
28480000 6.85319
28490000 6.60911
28500000 6.41637
28510000 6.4179
28520000 6.56007
28530000 6.5022
28540000 6.80634
28550000 8.60804
28560000 10.7525
28570000 6.45446
28580000 6.42888
28590000 6.66418
28600000 6.54774
28610000 6.39647
28620000 13.5783
28630000 8.03952
28640000 6.4717
28650000 9.69986
28660000 6.84493
28670000 6.60772
28680000 6.41537
28690000 6.41801
28700000 6.55631
28710000 6.49892
28720000 7.22446
28730000 8.59298
28740000 10.7039
28750000 6.4426
28760000 6.42806
28770000 6.65719
28780000 6.54318
28790000 6.39612
28800000 9.43581
28810000 7.28756
28820000 6.47376
28830000 9.6878
28840000 6.8356
28850000 6.59764
28860000 6.41301
28870000 6.41642
28880000 6.55474
28890000 6.49781
28900000 7.22208
28910000 8.5901
28920000 10.6564
28930000 6.43989
28940000 6.42681
28950000 6.6359
28960000 6.54155
28970000 6.43393
28980000 10.4643
28990000 6.91327
29000000 6.46487
29010000 8.21822
29020000 6.8069
29030000 6.58179
29040000 6.41238
29050000 6.41088
29060000 6.55025
29070000 6.49497
29080000 6.9543
29090000 8.15979
29100000 10.6265
29110000 6.43573
29120000 6.50835
29130000 6.62725
29140000 6.5351
29150000 7.03559
29160000 10.3764
29170000 6.88322
29180000 6.46276
29190000 8.18114
29200000 6.78029
29210000 6.57604
29220000 6.41218
29230000 12.0335
29240000 6.54713
29250000 6.48969
29260000 6.73851
29270000 8.14462
29280000 10.543
29290000 6.43262
29300000 6.50549
29310000 6.59061
29320000 6.53009
29330000 6.88276
29340000 8.80899
29350000 7.099
29360000 6.46358
29370000 6.89345
29380000 6.7744
29390000 6.57269
29400000 6.50801
29410000 12.0316
29420000 7.37864
29430000 6.4834
29440000 6.54145
29450000 6.96568
29460000 10.5342
29470000 6.43112
29480000 6.50442
29490000 6.58217
29500000 6.52384
29510000 6.8353
29520000 8.72218
29530000 7.53022
29540000 6.46148
29550000 6.45046
29560000 6.75043
29570000 6.56423
29580000 6.41079
29590000 15.3707
29600000 7.37712
29610000 6.4815
29620000 6.5414
29630000 6.87503
29640000 10.5102
29650000 6.42997
29660000 6.5721
29670000 6.57481
29680000 6.52274
29690000 6.8329
29700000 8.62228
29710000 11.1032
29720000 6.45758
29730000 6.44468
29740000 6.66953
29750000 6.56258
29760000 6.41054
29770000 13.5965
29780000 7.37529
29790000 6.48592
29800000 6.52126
29810000 6.86032
29820000 6.62314
29830000 6.42937
29840000 6.43194
29850000 6.57364
29860000 6.51479
29870000 7.23748
29880000 8.60569
29890000 10.7163
29900000 6.4565
29910000 6.4447
29920000 6.67543
29930000 6.55734
29940000 6.4115
29950000 13.4239
29960000 7.30038
29970000 6.48628
29980000 9.69725
29990000 6.85074
30000000 6.62079
