1 523.527
2 256.06
3 188.828
4 147.086
5 110.864
6 94.7555
7 78.1794
8 70.4169
9 63.0916
10 58.5252
11 54.3385
12 51.2104
13 47.9797
14 45.6661
15 42.8842
16 41.3117
17 39.1034
18 38.2796
19 36.6203
20 36.2898
21 35.0381
22 34.9502
23 34.0276
24 34.0364
25 33.3879
26 33.4151
27 32.9818
28 32.996
29 32.7186
30 32.7224
31 32.5431
32 32.5484
33 32.4236
34 32.4383
35 32.3417
36 32.3681
37 32.2905
38 32.3228
39 32.2595
40 32.2904
41 32.2399
42 32.2679
43 32.2295
44 32.2535
45 32.2239
46 32.2434
47 32.2204
48 32.2364
49 32.2186
50 32.2316
51 32.2186
52 32.2296
53 32.2194
54 32.2284
55 32.2209
56 32.2284
57 32.2226
58 32.229
59 32.2248
60 32.2302
61 32.2271
62 32.232
63 32.2302
64 32.2349
65 32.2342
66 32.2387
67 32.2385
68 32.2425
69 32.2427
70 32.2462
71 32.2468
72 32.2498
73 32.2506
74 32.2535
75 32.2546
76 32.2575
77 32.2589
78 32.2616
79 32.2631
80 32.2656
81 32.2672
82 32.2696
83 32.2713
84 32.2736
85 32.2753
86 32.2775
87 32.2792
88 32.2813
89 32.283
90 32.2851
91 32.2867
92 32.2887
93 32.2905
94 32.2925
95 32.2942
96 32.2961
97 32.2977
98 32.2993
99 32.3008
100 32.3024
101 32.3039
102 32.3056
103 32.3072
104 32.3089
105 32.3105
106 32.3123
107 32.3138
108 32.3154
109 32.317
110 32.3185
111 32.32
112 32.3215
113 32.3231
114 32.3247
115 32.3263
116 32.3279
117 32.3293
118 32.3308
119 32.3323
120 32.3338
121 32.3353
122 32.3368
123 32.3383
124 32.3398
125 32.3413
126 32.3428
127 32.3442
128 32.3457
129 32.3471
130 32.3486
131 32.35
132 32.3513
133 32.3527
134 32.3541
135 32.3554
136 32.3567
137 32.358
138 32.3593
139 32.3605
140 32.3618
141 32.363
142 32.3641
143 32.3654
144 32.3666
145 32.3678
146 32.3689
147 32.37
148 32.3711
149 32.3723
150 32.3734
151 32.3746
152 32.3757
153 32.3768
154 32.3779
155 32.379
156 32.3801
157 32.3811
158 32.3821
159 32.3832
160 32.3842
161 32.3852
162 32.3862
163 32.3872
164 32.3882
165 32.3892
166 32.3901
167 32.3911
168 32.392
169 32.393
170 32.3939
171 32.3949
172 32.3958
173 32.3967
174 32.3976
175 32.3986
176 32.3995
177 32.4004
178 32.4013
179 32.4022
180 32.4031
181 32.4039
182 32.4048
183 32.4056
184 32.4065
185 32.4073
186 32.4082
187 32.409
188 32.4099
189 32.4107
190 32.4115
191 32.4123
192 32.4131
193 32.4139
194 32.4147
195 32.4155
196 32.4163
197 32.417
198 32.4178
199 32.4185
200 32.4193
201 32.42
202 32.4207
203 32.4214
204 32.4222
205 32.4228
206 32.4235
207 32.4242
208 32.4249
209 32.4256
210 32.4263
211 32.427
212 32.4276
213 32.4283
214 32.4289
215 32.4296
216 32.4302
217 32.4309
218 32.4315
219 32.4321
220 32.4327
221 32.4333
222 32.4339
223 32.4345
224 32.4351
225 32.4357
226 32.4363
227 32.4368
228 32.4374
229 32.438
230 32.4385
231 32.4391
232 32.4396
233 32.4402
234 32.4407
235 32.4413
236 32.4418
237 32.4423
238 32.4428
239 32.4434
240 32.4439
241 32.4444
242 32.4449
243 32.4454
244 32.4459
245 32.4463
246 32.4468
247 32.4473
248 32.4478
249 32.4482
250 32.4487
251 32.4492
252 32.4496
253 32.4501
254 32.4505
255 32.451
256 32.4515
257 32.4519
258 32.4524
259 32.4528
260 32.4532
261 32.4537
262 32.4541
263 32.4545
264 32.4549
265 32.4553
266 32.4557
267 32.4561
268 32.4566
269 32.457
270 32.4574
271 32.4578
272 32.4581
273 32.4585
274 32.4589
275 32.4593
276 32.4597
277 32.4601
278 32.4604
279 32.4608
280 32.4612
281 32.4615
282 32.4619
283 32.4623
284 32.4626
285 32.463
286 32.4633
287 32.4637
288 32.464
289 32.4644
290 32.4647
291 32.4651
292 32.4654
293 32.4658
294 32.4661
295 32.4664
296 32.4668
297 32.4671
298 32.4674
299 32.4678
300 32.4681
