1 522.023
2 254.111
3 186.052
4 143.212
5 106.919
6 88.8188
7 72.0778
8 62.8163
9 55.046
10 49.5187
11 44.7467
12 40.7223
13 36.8344
14 33.4605
15 29.908
16 27.1743
17 24.1842
18 22.2484
19 19.9072
20 18.6005
21 16.737
22 15.8305
23 14.3473
24 13.7088
25 12.5652
26 12.1045
27 11.252
28 10.9156
29 10.2998
30 10.0605
31 9.61883
32 9.45815
33 9.13234
34 9.03289
35 8.78559
36 8.73139
37 8.53852
38 8.51369
39 8.36233
40 8.3541
41 8.2346
42 8.23425
43 8.14015
44 8.14333
45 8.06939
46 8.07355
47 8.0152
48 8.01885
49 7.97202
50 7.97464
51 7.93682
52 7.93839
53 7.9074
54 7.9077
55 7.88249
56 7.88191
57 7.86079
58 7.85962
59 7.84191
60 7.84026
61 7.82528
62 7.82341
63 7.81071
64 7.80868
65 7.79778
66 7.79545
67 7.78613
68 7.78363
69 7.77554
70 7.773
71 7.76611
72 7.76375
73 7.75787
74 7.75552
75 7.75043
76 7.74817
77 7.74376
78 7.74173
79 7.73789
80 7.73595
81 7.73259
82 7.73074
83 7.7278
84 7.72606
85 7.7234
86 7.72183
87 7.71958
88 7.71809
89 7.716
90 7.71452
91 7.71264
92 7.71132
93 7.7096
94 7.70834
95 7.70683
96 7.70568
97 7.70435
98 7.70326
99 7.702
100 7.70097
101 7.69983
102 7.69889
103 7.69788
104 7.69704
105 7.6961
106 7.69529
107 7.69446
108 7.69376
109 7.69304
110 7.69241
111 7.69175
112 7.6912
113 7.69061
114 7.69006
115 7.6895
116 7.68898
117 7.68844
118 7.68792
119 7.68739
120 7.6869
121 7.68644
122 7.68601
123 7.68557
124 7.68515
125 7.68476
126 7.68439
127 7.68403
128 7.68373
129 7.68341
130 7.68313
131 7.68287
132 7.68264
133 7.68244
134 7.68223
135 7.68202
136 7.68182
137 7.68162
138 7.68143
139 7.68124
140 7.68107
141 7.68089
142 7.68072
143 7.68055
144 7.68038
145 7.68021
146 7.68006
147 7.67992
148 7.67979
149 7.67967
150 7.67953
151 7.6794
152 7.67926
153 7.67912
154 7.679
155 7.6789
156 7.67879
157 7.67868
158 7.67857
159 7.67845
160 7.67836
161 7.67826
162 7.67817
163 7.67809
164 7.67803
165 7.67795
166 7.67788
167 7.67781
168 7.67773
169 7.67767
170 7.6776
171 7.67753
172 7.67747
173 7.67741
174 7.67736
175 7.67732
176 7.67728
177 7.67724
178 7.6772
179 7.67716
180 7.67713
181 7.67709
182 7.67706
183 7.67703
184 7.677
185 7.67697
186 7.67696
187 7.67695
188 7.67693
189 7.67692
190 7.67692
191 7.67692
192 7.67691
193 7.67691
194 7.6769
195 7.67689
196 7.67689
197 7.67689
198 7.67689
199 7.67689
200 7.6769
201 7.6769
202 7.67691
203 7.67691
204 7.67692
205 7.67693
206 7.67694
207 7.67696
208 7.67699
209 7.67701
210 7.67703
211 7.67705
212 7.67707
213 7.67708
214 7.67709
215 7.6771
216 7.67711
217 7.67711
218 7.67713
219 7.67714
220 7.67715
221 7.67716
222 7.67716
223 7.67717
224 7.67719
225 7.67721
226 7.67722
227 7.67724
228 7.67726
229 7.67727
230 7.67729
231 7.67731
232 7.67733
233 7.67735
234 7.67737
235 7.67739
236 7.67741
237 7.67743
238 7.67745
239 7.67747
240 7.67749
241 7.6775
242 7.67752
243 7.67754
244 7.67757
245 7.67759
246 7.67761
247 7.67763
248 7.67765
249 7.67768
250 7.6777
251 7.67772
252 7.67774
253 7.67777
254 7.67779
255 7.67782
256 7.67785
257 7.67788
258 7.67791
259 7.67794
260 7.67797
261 7.678
262 7.67803
263 7.67806
264 7.67809
265 7.67812
266 7.67815
267 7.67818
268 7.67821
269 7.67825
270 7.67828
271 7.67831
272 7.67835
273 7.67839
274 7.67842
275 7.67845
276 7.67849
277 7.67852
278 7.67855
279 7.67858
280 7.67861
281 7.67864
282 7.67868
283 7.67871
284 7.67875
285 7.67879
286 7.67883
287 7.67887
288 7.67891
289 7.67895
290 7.67899
291 7.67903
292 7.67907
293 7.67911
294 7.67914
295 7.67918
296 7.67921
297 7.67924
298 7.67927
299 7.6793
300 7.67933
