1 13.3998
2 7.40394
3 5.04565
4 3.97924
5 3.3479
6 2.98431
7 2.71652
8 2.53232
9 2.38856
10 2.27823
11 2.1882
12 2.11261
13 2.04777
14 1.9895
15 1.93847
16 1.89222
17 1.85278
18 1.81717
19 1.78695
20 1.75906
21 1.73503
22 1.71248
23 1.69296
24 1.67453
25 1.65852
26 1.64333
27 1.63005
28 1.61745
29 1.60636
30 1.59583
31 1.58651
32 1.57768
33 1.56983
34 1.5624
35 1.55578
36 1.54952
37 1.54394
38 1.53867
39 1.53397
40 1.52954
41 1.5256
42 1.52189
43 1.51861
44 1.51555
45 1.51284
46 1.51033
47 1.50813
48 1.5061
49 1.50433
50 1.50272
51 1.50134
52 1.5001
53 1.49905
54 1.49813
55 1.49738
56 1.49674
57 1.49624
58 1.49585
59 1.49559
60 1.49542
61 1.49536
62 1.49539
63 1.49551
64 1.49571
65 1.496
66 1.49635
67 1.49677
68 1.49726
69 1.49781
70 1.49841
71 1.49908
72 1.49978
73 1.50054
74 1.50135
75 1.50219
76 1.50307
77 1.50399
78 1.50495
79 1.50594
80 1.50695
81 1.50799
82 1.50906
83 1.51015
84 1.51127
85 1.5124
86 1.51356
87 1.51473
88 1.51592
89 1.51713
90 1.51835
91 1.51958
92 1.52083
93 1.52209
94 1.52336
95 1.52464
96 1.52593
97 1.52723
98 1.52853
99 1.52984
100 1.53116
101 1.53248
102 1.53381
103 1.53514
104 1.53648
105 1.53781
106 1.53915
107 1.5405
108 1.54184
109 1.54318
110 1.54453
111 1.54587
112 1.54722
113 1.54856
114 1.54991
115 1.55125
116 1.55259
117 1.55393
118 1.55527
119 1.55661
120 1.55794
121 1.55928
122 1.5606
123 1.56193
124 1.56325
125 1.56458
126 1.56589
127 1.56721
128 1.56852
129 1.56982
130 1.57112
131 1.57242
132 1.57372
133 1.57501
134 1.57629
135 1.57757
136 1.57885
137 1.58012
138 1.58139
139 1.58265
140 1.58391
141 1.58516
142 1.58641
143 1.58765
144 1.58889
145 1.59013
146 1.59135
147 1.59257
148 1.59379
149 1.595
150 1.59621
151 1.59741
152 1.5986
153 1.59979
154 1.60097
155 1.60215
156 1.60332
157 1.60448
158 1.60564
159 1.6068
160 1.60795
161 1.60909
162 1.61022
163 1.61136
164 1.61248
165 1.6136
166 1.61472
167 1.61582
168 1.61693
169 1.61802
170 1.61911
171 1.6202
172 1.62128
173 1.62236
174 1.62342
175 1.62449
176 1.62554
177 1.6266
178 1.62764
179 1.62868
180 1.62972
181 1.63075
182 1.63177
183 1.63279
184 1.6338
185 1.63481
186 1.63581
187 1.63681
188 1.6378
189 1.63879
190 1.63977
191 1.64075
192 1.64172
193 1.64268
194 1.64365
195 1.6446
196 1.64555
197 1.6465
198 1.64744
199 1.64837
200 1.6493
