1 13.4591
2 7.55496
3 5.27531
4 4.30165
5 3.74147
6 3.44356
7 3.232
8 3.09659
9 2.99749
10 2.9259
11 2.87158
12 2.82995
13 2.79587
14 2.7686
15 2.74629
16 2.72832
17 2.71541
18 2.70523
19 2.69913
20 2.69436
21 2.69251
22 2.69135
23 2.69239
24 2.69387
25 2.69698
26 2.70035
27 2.70492
28 2.70967
29 2.71531
30 2.72106
31 2.72749
32 2.73401
33 2.74102
34 2.74809
35 2.75552
36 2.763
37 2.77075
38 2.77851
39 2.78647
40 2.79443
41 2.80253
42 2.81062
43 2.81881
44 2.82697
45 2.83519
46 2.84338
47 2.85161
48 2.85978
49 2.86798
50 2.87612
51 2.88426
52 2.89234
53 2.90042
54 2.90843
55 2.91642
56 2.92436
57 2.93226
58 2.9401
59 2.9479
60 2.95564
61 2.96334
62 2.97098
63 2.97856
64 2.98609
65 2.99356
66 3.00097
67 3.00833
68 3.01562
69 3.02286
70 3.03003
71 3.03715
72 3.0442
73 3.0512
74 3.05813
75 3.065
76 3.07182
77 3.07857
78 3.08527
79 3.0919
80 3.09848
81 3.105
82 3.11146
83 3.11786
84 3.12421
85 3.1305
86 3.13673
87 3.14291
88 3.14903
89 3.15509
90 3.1611
91 3.16706
92 3.17296
93 3.17881
94 3.18461
95 3.19035
96 3.19604
97 3.20168
98 3.20727
99 3.21281
100 3.2183
101 3.22374
102 3.22913
103 3.23448
104 3.23977
105 3.24503
106 3.25023
107 3.25539
108 3.2605
109 3.26556
110 3.27058
111 3.27556
112 3.2805
113 3.28539
114 3.29024
115 3.29504
116 3.29981
117 3.30453
118 3.30921
119 3.31385
120 3.31845
121 3.32302
122 3.32754
123 3.33202
124 3.33646
125 3.34087
126 3.34524
127 3.34957
128 3.35387
129 3.35812
130 3.36235
131 3.36653
132 3.37068
133 3.3748
134 3.37888
135 3.38292
136 3.38694
137 3.39092
138 3.39486
139 3.39878
140 3.40266
141 3.40651
142 3.41033
143 3.41412
144 3.41787
145 3.4216
146 3.42529
147 3.42896
148 3.43259
149 3.4362
150 3.43978
151 3.44333
152 3.44685
153 3.45034
154 3.4538
155 3.45724
156 3.46065
157 3.46404
158 3.46739
159 3.47073
160 3.47403
161 3.47731
162 3.48057
163 3.4838
164 3.48701
165 3.49019
166 3.49335
167 3.49648
168 3.49959
169 3.50268
170 3.50574
171 3.50879
172 3.51181
173 3.5148
174 3.51778
175 3.52073
176 3.52366
177 3.52657
178 3.52946
179 3.53233
180 3.53518
181 3.53801
182 3.54082
183 3.5436
184 3.54637
185 3.54912
186 3.55185
187 3.55456
188 3.55725
189 3.55993
190 3.56258
191 3.56522
192 3.56784
193 3.57044
194 3.57302
195 3.57558
196 3.57813
197 3.58066
198 3.58318
199 3.58567
200 3.58815
201 3.59062
202 3.59306
203 3.5955
204 3.59791
205 3.60031
206 3.6027
207 3.60506
208 3.60742
209 3.60976
210 3.61208
211 3.61439
212 3.61668
213 3.61896
214 3.62122
215 3.62347
216 3.62571
217 3.62793
218 3.63014
219 3.63233
220 3.63451
221 3.63668
222 3.63883
223 3.64098
224 3.6431
225 3.64522
226 3.64732
227 3.64941
228 3.65149
229 3.65355
230 3.6556
231 3.65764
232 3.65967
233 3.66169
234 3.66369
235 3.66568
236 3.66767
237 3.66963
238 3.67159
239 3.67354
240 3.67547
241 3.6774
242 3.67931
243 3.68121
244 3.6831
245 3.68498
246 3.68685
247 3.68871
248 3.69056
249 3.6924
250 3.69423
251 3.69605
252 3.69785
253 3.69965
254 3.70144
255 3.70322
256 3.70499
257 3.70675
258 3.7085
259 3.71024
260 3.71197
261 3.71369
262 3.7154
263 3.71711
264 3.7188
265 3.72049
266 3.72216
267 3.72383
268 3.72549
269 3.72714
270 3.72878
271 3.73042
272 3.73204
273 3.73366
274 3.73527
275 3.73687
276 3.73846
277 3.74005
278 3.74162
279 3.74319
280 3.74476
281 3.74631
282 3.74786
283 3.74939
284 3.75093
285 3.75245
286 3.75397
287 3.75547
288 3.75698
289 3.75847
290 3.75996
291 3.76144
292 3.76291
293 3.76438
294 3.76584
295 3.76729
296 3.76874
297 3.77018
298 3.77161
299 3.77304
300 3.77446
