2000 50 0.245951 2000 1.76878e-07 0.31189
2000 100 0.41701 4100 1.09231e-06 0.67245
2000 200 0.955738 10400 1.53647e-06 1.13956
2000 500 4.39648 56800 2.59709e-06 4.8029
Error in opening the matrix file
4000 50 0.5072 2000 5.81048e-08 0.988478
4000 100 1.02572 4000 2.41075e-07 1.09207
4000 200 1.79423 8500 1.8234e-06 1.88389
4000 500 8.43128 30300 2.74427e-06 8.6183
4000 750 11.8563 62900 3.96597e-06 12.0985
4000 1000 32.2355 118400 2.22336e-06 32.9666
20000 50 2.01638 2000 7.60349e-08 2.10047
20000 100 3.64075 4000 1.12309e-07 3.83186
20000 200 9.2028 7400 1.95715e-06 9.50231
20000 500 40.3982 19400 2.0758e-06 41.1635
20000 750 69.5911 30600 2.49927e-06 70.7154
20000 1000 106.082 43300 2.627e-06 107.605
20000 2000 323.79 112500 3.02071e-06 326.793
20000 4000 1340.81 393000 3.04284e-06 1346.75
40000 50 3.76231 2000 7.53286e-08 3.94166
40000 100 9.71416 4000 1.31131e-07 10.0501
40000 200 23.7981 7000 2.09877e-06 24.4367
40000 500 85.7723 18600 2.03905e-06 87.3077
40000 750 140.467 28900 2.41228e-06 142.732
40000 1000 205.297 39700 2.43962e-06 208.235
40000 2000 600.163 89100 2.89546e-06 606.252
40000 4000 2233.24 233700 2.79883e-06 2246.69
40000 10000 13836.9 1345900 3.06013e-06 13869.9
80000 50 10.5163 2000 6.86327e-08 10.8319
80000 100 26.8178 4000 1.48905e-07 27.4639
80000 200 56.5375 7100 2.19692e-06 57.7914
80000 500 181.005 18500 2.06496e-06 183.985
80000 750 287.485 28200 2.21227e-06 291.936
80000 1000 410.444 38300 2.6543e-06 416.352
80000 2000 1387.8 82200 2.88697e-06 1400.55
80000 4000 5148.39 184000 2.99195e-06 5193.36
80000 10000 16679.1 697100 3.22032e-06 16745.4
