10000 21.0895
20000 16.6141
30000 14.8382
40000 13.0937
50000 12.0483
60000 10.9448
70000 10.211
80000 9.40641
90000 8.82575
100000 8.25046
110000 7.78418
120000 7.35953
130000 7.00179
140000 6.67228
150000 6.40118
160000 6.15842
170000 5.9661
180000 5.78827
190000 5.65719
200000 5.52343
210000 5.41984
220000 5.3203
230000 5.22456
240000 5.14846
250000 5.06038
260000 4.99608
270000 4.92252
280000 4.86905
290000 4.81085
300000 4.76045
310000 4.71708
320000 4.67382
330000 4.63914
340000 4.60318
350000 4.57392
360000 4.54403
370000 4.51518
380000 4.49013
390000 4.46493
400000 4.44087
410000 4.41593
420000 4.39634
430000 4.37571
440000 4.35794
450000 4.3393
460000 4.32306
470000 4.30905
480000 4.29138
490000 4.27874
500000 4.26299
510000 4.25252
520000 4.23811
530000 4.22959
540000 4.21576
550000 4.20776
560000 4.19587
570000 4.18812
580000 4.17745
590000 4.17037
600000 4.16026
610000 4.15467
620000 4.14468
630000 4.14037
640000 4.13073
650000 4.12705
660000 4.11797
670000 4.11473
680000 4.1067
690000 4.1034
700000 4.09599
710000 4.09381
720000 4.08643
730000 4.08413
740000 4.07667
750000 4.07475
760000 4.06808
770000 4.06618
780000 4.06023
790000 4.06007
800000 4.05364
810000 4.05175
820000 4.04666
830000 4.0451
840000 4.04043
850000 4.03852
860000 4.03429
870000 4.03263
880000 4.02922
890000 4.02687
900000 4.02432
910000 4.02168
920000 4.02051
930000 4.01669
940000 4.01556
950000 4.01207
960000 4.012
970000 4.00745
980000 4.0074
990000 4.00311
1000000 4.00331
1010000 3.99896
1020000 3.99943
1030000 3.99538
1040000 3.99603
1050000 3.99164
1060000 3.99268
1070000 3.98862
1080000 3.98952
1090000 3.98554
1100000 3.98666
1110000 3.98305
1120000 3.98397
1130000 3.98066
1140000 3.98138
1150000 3.9784
1160000 3.97975
1170000 3.97638
1180000 3.97759
1190000 3.97409
1200000 3.97525
1210000 3.97237
1220000 3.97333
1230000 3.97051
1240000 3.97247
1250000 3.96953
1260000 3.97064
1270000 3.96817
1280000 3.96922
1290000 3.96718
1300000 3.96779
1310000 3.9662
1320000 3.96649
1330000 3.96599
1340000 3.96537
1350000 3.96522
1360000 3.96438
1370000 3.96511
1380000 3.96355
1390000 3.96394
1400000 3.96247
1410000 3.96434
1420000 3.96158
1430000 3.96343
1440000 3.9607
1450000 3.96268
1460000 3.95997
1470000 3.96204
1480000 3.95941
1490000 3.96158
1500000 3.95902
1510000 3.9611
1520000 3.95872
1530000 3.9607
1540000 3.9587
1550000 3.96044
1560000 3.95866
1570000 3.96039
1580000 3.95866
1590000 3.96022
1600000 3.95841
1610000 3.9609
1620000 3.95863
1630000 3.96076
1640000 3.95865
1650000 3.96073
1660000 3.95887
1670000 3.96066
1680000 3.95917
1690000 3.96174
1700000 3.95982
1710000 3.96207
1720000 3.96098
1730000 3.96219
1740000 3.96111
1750000 3.96256
1760000 3.96257
1770000 3.96283
1780000 3.96336
1790000 3.96333
1800000 3.96564
1810000 3.9638
1820000 3.96526
1830000 3.96431
1840000 3.96715
1850000 3.96478
1860000 3.96726
1870000 3.96522
1880000 3.96783
1890000 3.96573
1900000 3.96836
1910000 3.96643
1920000 3.969
1930000 3.96697
1940000 3.96975
1950000 3.96792
1960000 3.97048
1970000 3.96867
1980000 3.97131
1990000 3.96983
2000000 3.97203
2010000 3.97085
2020000 3.97303
2030000 3.97178
2040000 3.97445
2050000 3.973
2060000 3.97545
2070000 3.97375
2080000 3.97628
2090000 3.97471
2100000 3.97721
2110000 3.97586
2120000 3.97938
2130000 3.97769
2140000 3.97987
2150000 3.9788
2160000 3.98104
2170000 3.98046
2180000 3.98207
2190000 3.98157
2200000 3.98317
2210000 3.98383
2220000 3.98437
2230000 3.98515
2240000 3.9855
2250000 3.98748
2260000 3.98668
2270000 3.98857
2280000 3.98799
2290000 3.99081
2300000 3.98908
2310000 3.99188
2320000 3.9902
2330000 3.99313
2340000 3.99137
2350000 3.99435
2360000 3.99271
2370000 3.99564
2380000 3.99389
2390000 3.99692
2400000 3.99553
2410000 3.99824
2420000 3.99676
2430000 3.99963
2440000 3.99872
2450000 4.0011
2460000 4.00007
2470000 4.00246
2480000 4.0015
2490000 4.00447
2500000 4.00325
2510000 4.00583
2520000 4.00458
2530000 4.00722
2540000 4.00608
2550000 4.00861
2560000 4.00777
2570000 4.01088
2580000 4.00968
2590000 4.01244
2600000 4.01161
2610000 4.01377
2620000 4.01344
2630000 4.01536
2640000 4.01603
2650000 4.01682
2660000 4.01824
2670000 4.01838
2680000 4.01967
2690000 4.02001
2700000 4.02203
2710000 4.02171
2720000 4.02338
2730000 4.02319
2740000 4.02626
2750000 4.02473
2760000 4.02774
2770000 4.02621
2780000 4.02929
2790000 4.02776
2800000 4.03085
2810000 4.02944
2820000 4.03249
2830000 4.03119
2840000 4.03413
2850000 4.03294
2860000 4.03577
2870000 4.03485
2880000 4.03748
2890000 4.03678
2900000 4.03932
2910000 4.03854
2920000 4.04094
2930000 4.04017
2940000 4.04325
2950000 4.04212
2960000 4.04489
2970000 4.0438
2980000 4.04661
2990000 4.04562
3000000 4.04813
3010000 4.04816
3020000 4.05068
3030000 4.04974
3040000 4.05256
3050000 4.05241
3060000 4.05423
3070000 4.05415
3080000 4.056
3090000 4.05672
3100000 4.05775
3110000 4.059
3120000 4.05962
3130000 4.06265
3140000 4.06142
3150000 4.06348
3160000 4.06329
3170000 4.06665
3180000 4.06509
3190000 4.06813
3200000 4.06682
3210000 4.06993
3220000 4.06856
3230000 4.0717
3240000 4.07046
3250000 4.07347
3260000 4.07225
3270000 4.07538
3280000 4.07431
3290000 4.07725
3300000 4.07616
3310000 4.07919
3320000 4.07838
3330000 4.081
3340000 4.0804
3350000 4.08298
3360000 4.08234
3370000 4.08528
3380000 4.08451
3390000 4.08725
3400000 4.08627
3410000 4.08911
3420000 4.08813
3430000 4.09099
3440000 4.09016
3450000 4.09383
3460000 4.09271
3470000 4.09534
3480000 4.09488
3490000 4.09742
3500000 4.09734
3510000 4.09925
3520000 4.09963
3530000 4.10123
3540000 4.10231
3550000 4.10326
3560000 4.10447
3570000 4.10523
3580000 4.10762
3590000 4.10731
3600000 4.10934
3610000 4.10927
3620000 4.11236
3630000 4.11111
3640000 4.11422
3650000 4.11301
3660000 4.11616
3670000 4.11491
3680000 4.11809
3690000 4.11699
3700000 4.12006
3710000 4.11905
3720000 4.12205
3730000 4.12114
3740000 4.12405
3750000 4.12338
3760000 4.12611
3770000 4.12562
3780000 4.12821
3790000 4.12759
3800000 4.13019
3810000 4.12964
3820000 4.13268
3830000 4.13193
3840000 4.13471
3850000 4.13385
3860000 4.13667
3870000 4.13591
3880000 4.13864
3890000 4.13808
3900000 4.14137
3910000 4.14056
3920000 4.14348
3930000 4.14342
3940000 4.1454
3950000 4.14544
3960000 4.14752
3970000 4.14845
3980000 4.14952
3990000 4.15113
4000000 4.15164
4010000 4.15479
4020000 4.1537
4030000 4.15581
4040000 4.15583
4050000 4.15924
4060000 4.15791
4070000 4.1611
4080000 4.15992
4090000 4.16303
4100000 4.16191
4110000 4.16506
4120000 4.16404
4130000 4.16708
4140000 4.1661
4150000 4.16914
4160000 4.16834
4170000 4.17128
4180000 4.17045
4190000 4.17335
4200000 4.17275
4210000 4.17553
4220000 4.17509
4230000 4.17772
4240000 4.17724
4250000 4.18018
4260000 4.17959
4270000 4.18238
4280000 4.1816
4290000 4.18445
4300000 4.18366
4310000 4.18654
4320000 4.18583
4330000 4.18955
4340000 4.18864
4350000 4.1913
4360000 4.19087
4370000 4.19355
4380000 4.19357
4390000 4.19559
4400000 4.19574
4410000 4.19774
4420000 4.19863
4430000 4.19985
4440000 4.20119
4450000 4.20203
4460000 4.20432
4470000 4.20417
4480000 4.2064
4490000 4.20646
4500000 4.20966
4510000 4.20853
4520000 4.21159
4530000 4.21059
4540000 4.21374
4550000 4.21268
4560000 4.21579
4570000 4.21488
4580000 4.21795
4590000 4.21703
4600000 4.2201
4610000 4.21934
4620000 4.22228
4630000 4.22152
4640000 4.22452
4650000 4.22398
4660000 4.22675
4670000 4.22627
4680000 4.22891
4690000 4.22849
4700000 4.23141
4710000 4.23091
4720000 4.23367
4730000 4.23294
4740000 4.23579
4750000 4.23518
4760000 4.23795
4770000 4.23731
4780000 4.24077
4790000 4.24006
4800000 4.24278
4810000 4.24247
4820000 4.2451
4830000 4.24519
4840000 4.24719
4850000 4.2477
4860000 4.24944
4870000 4.25057
4880000 4.25165
4890000 4.2532
4900000 4.2539
4910000 4.25606
4920000 4.25621
4930000 4.25808
4940000 4.25837
4950000 4.26153
4960000 4.26052
4970000 4.26358
4980000 4.26264
4990000 4.26574
5000000 4.26478
5010000 4.26788
5020000 4.26707
5030000 4.27006
5040000 4.26935
5050000 4.27228
5060000 4.27162
5070000 4.2745
5080000 4.27404
5090000 4.27678
5100000 4.27648
5110000 4.27908
5120000 4.27872
5130000 4.28128
5140000 4.28091
5150000 4.2839
5160000 4.2833
5170000 4.28613
5180000 4.28546
5190000 4.28829
5200000 4.28771
5210000 4.29039
5220000 4.29004
5230000 4.29326
5240000 4.29265
5250000 4.2956
5260000 4.29564
5270000 4.29771
5280000 4.29786
5290000 4.30001
5300000 4.30097
5310000 4.30218
5320000 4.30356
5330000 4.30448
5340000 4.30762
5350000 4.3067
5360000 4.3088
5370000 4.309
5380000 4.31231
5390000 4.31125
5400000 4.31426
5410000 4.3134
5420000 4.31647
5430000 4.31559
5440000 4.31865
5450000 4.31786
5460000 4.32083
5470000 4.3201
5480000 4.32308
5490000 4.32247
5500000 4.32535
5510000 4.32473
5520000 4.32768
5530000 4.32724
5540000 4.3299
5550000 4.32961
5560000 4.33222
5570000 4.33189
5580000 4.33479
5590000 4.33436
5600000 4.33711
5610000 4.33649
5620000 4.33933
5630000 4.33867
5640000 4.34155
5650000 4.34099
5660000 4.34457
5670000 4.34383
5680000 4.34651
5690000 4.3462
5700000 4.34889
5710000 4.34902
5720000 4.35109
5730000 4.35132
5740000 4.35335
5750000 4.35446
5760000 4.35567
5770000 4.35695
5780000 4.35788
5790000 4.36013
5800000 4.36013
5810000 4.3623
5820000 4.36253
5830000 4.36559
5840000 4.36473
5850000 4.36769
5860000 4.36692
5870000 4.36996
5880000 4.36913
5890000 4.37216
5900000 4.37146
5910000 4.37439
5920000 4.37368
5930000 4.37666
5940000 4.37611
5950000 4.37894
5960000 4.37836
5970000 4.38127
5980000 4.38104
5990000 4.38361
6000000 4.38327
6010000 4.38586
6020000 4.38557
6030000 4.38852
6040000 4.38806
6050000 4.39076
6060000 4.39022
6070000 4.39302
6080000 4.39248
6090000 4.39524
6100000 4.3949
6110000 4.39811
6120000 4.39749
6130000 4.40044
6140000 4.40013
6150000 4.40259
6160000 4.40276
6170000 4.40492
6180000 4.40589
6190000 4.40715
6200000 4.40873
6210000 4.40942
6220000 4.41095
6230000 4.41173
6240000 4.41385
6250000 4.4141
6260000 4.41594
6270000 4.41636
6280000 4.41943
6290000 4.41858
6300000 4.42156
6310000 4.42077
6320000 4.42378
6330000 4.423
6340000 4.42599
6350000 4.42536
6360000 4.42823
6370000 4.4277
6380000 4.43053
6390000 4.43003
6400000 4.43282
6410000 4.43248
6420000 4.43516
6430000 4.43495
6440000 4.43753
6450000 4.43728
6460000 4.43976
6470000 4.43951
6480000 4.44246
6490000 4.44195
6500000 4.44471
6510000 4.44415
6520000 4.44698
6530000 4.44643
6540000 4.4491
6550000 4.4493
6560000 4.45199
6570000 4.45146
6580000 4.4544
6590000 4.45451
6600000 4.45658
6610000 4.45683
6620000 4.45887
6630000 4.45976
6640000 4.46112
6650000 4.46245
6660000 4.46345
6670000 4.46649
6680000 4.4657
6690000 4.46773
6700000 4.46805
6710000 4.47124
6720000 4.47034
6730000 4.47326
6740000 4.47255
6750000 4.4755
6760000 4.47477
6770000 4.47772
6780000 4.47709
6790000 4.47992
6800000 4.47935
6810000 4.48224
6820000 4.48176
6830000 4.48455
6840000 4.48405
6850000 4.48691
6860000 4.48658
6870000 4.48917
6880000 4.48896
6890000 4.49151
6900000 4.49129
6910000 4.49409
6920000 4.49375
6930000 4.49642
6940000 4.49593
6950000 4.49868
6960000 4.49812
6970000 4.50096
6980000 4.50044
6990000 4.50393
7000000 4.50321
7010000 4.50592
7020000 4.50568
7030000 4.50833
7040000 4.50847
7050000 4.51052
7060000 4.51105
7070000 4.51284
7080000 4.51391
7090000 4.51518
7100000 4.51643
7110000 4.51745
7120000 4.5195
7130000 4.51982
7140000 4.52176
7150000 4.52208
7160000 4.52505
7170000 4.52429
7180000 4.52719
7190000 4.52652
7200000 4.52943
7210000 4.52873
7220000 4.53165
7230000 4.53108
7240000 4.53389
7250000 4.53341
7260000 4.53619
7270000 4.53575
7280000 4.53848
7290000 4.53819
7300000 4.54081
7310000 4.54067
7320000 4.54316
7330000 4.5429
7340000 4.54542
7350000 4.54521
7360000 4.54805
7370000 4.54767
7380000 4.55034
7390000 4.54984
7400000 4.55257
7410000 4.55208
7420000 4.55481
7430000 4.55445
7440000 4.55764
7450000 4.55707
7460000 4.55997
7470000 4.56004
7480000 4.56215
7490000 4.56233
7500000 4.56447
7510000 4.56539
7520000 4.5667
7530000 4.56821
7540000 4.56902
7550000 4.57201
7560000 4.57126
7570000 4.57323
7580000 4.57359
7590000 4.57637
7600000 4.57588
7610000 4.57884
7620000 4.57809
7630000 4.58096
7640000 4.5803
7650000 4.58317
7660000 4.5826
7670000 4.58539
7680000 4.58487
7690000 4.58762
7700000 4.58723
7710000 4.58994
7720000 4.58952
7730000 4.5922
7740000 4.59194
7750000 4.59454
7760000 4.59438
7770000 4.59687
7780000 4.59669
7790000 4.59942
7800000 4.59913
7810000 4.60175
7820000 4.60131
7830000 4.604
7840000 4.6035
7850000 4.60625
7860000 4.60576
7870000 4.60922
7880000 4.60854
7890000 4.61121
7900000 4.61092
7910000 4.61359
7920000 4.6137
7930000 4.61577
7940000 4.61601
7950000 4.61805
7960000 4.6189
7970000 4.62029
7980000 4.62156
7990000 4.62256
8000000 4.62467
8010000 4.62481
8020000 4.62686
8030000 4.6272
8040000 4.63013
8050000 4.6294
8060000 4.63219
8070000 4.63159
8080000 4.63443
8090000 4.6338
8100000 4.63661
8110000 4.63608
8120000 4.63885
8130000 4.63833
8140000 4.6411
8150000 4.6407
8160000 4.64338
8170000 4.64297
8180000 4.6457
8190000 4.64544
8200000 4.64801
8210000 4.64779
8220000 4.65026
8230000 4.65008
8240000 4.65279
8250000 4.65251
8260000 4.65509
8270000 4.65464
8280000 4.65732
8290000 4.65689
8300000 4.65957
8310000 4.65908
8320000 4.66235
8330000 4.66178
8340000 4.66445
8350000 4.66422
8360000 4.66681
8370000 4.66696
8380000 4.66898
8390000 4.66948
8400000 4.67127
8410000 4.67227
8420000 4.67352
8430000 4.67496
8440000 4.6758
8450000 4.67777
8460000 4.67813
8470000 4.67986
8480000 4.68036
8490000 4.68324
8500000 4.68255
8510000 4.68532
8520000 4.68473
8530000 4.68751
8540000 4.68692
8550000 4.6897
8560000 4.68922
8570000 4.69191
8580000 4.69151
8590000 4.69417
8600000 4.6938
8610000 4.69642
8620000 4.69618
8630000 4.69871
8640000 4.69861
8650000 4.70101
8660000 4.70086
8670000 4.70325
8680000 4.70307
8690000 4.7058
8700000 4.70543
8710000 4.70805
8720000 4.70759
8730000 4.71025
8740000 4.70981
8750000 4.71238
8760000 4.71211
8770000 4.71516
8780000 4.71464
8790000 4.71748
8800000 4.71754
8810000 4.71962
8820000 4.71979
8830000 4.72191
8840000 4.72276
8850000 4.72408
8860000 4.72531
8870000 4.72636
8880000 4.72924
8890000 4.72855
8900000 4.73044
8910000 4.73083
8920000 4.7338
8930000 4.73307
8940000 4.73579
8950000 4.73522
8960000 4.73798
8970000 4.7374
8980000 4.74014
8990000 4.73964
9000000 4.74231
9010000 4.74187
9020000 4.74453
9030000 4.74417
9040000 4.74677
9050000 4.74641
9060000 4.74907
9070000 4.74883
9080000 4.75128
9090000 4.75113
9100000 4.75354
9110000 4.75338
9120000 4.75603
9130000 4.75576
9140000 4.7583
9150000 4.75788
9160000 4.76049
9170000 4.76001
9180000 4.76269
9190000 4.76225
9200000 4.76554
9210000 4.7649
9220000 4.76751
9230000 4.76722
9240000 4.76982
9250000 4.76994
9260000 4.77198
9270000 4.7722
9280000 4.77419
9290000 4.77517
9300000 4.77645
9310000 4.7776
9320000 4.7786
9330000 4.78062
9340000 4.78078
9350000 4.78274
9360000 4.78311
9370000 4.78589
9380000 4.78526
9390000 4.78792
9400000 4.78741
9410000 4.79012
9420000 4.78956
9430000 4.79227
9440000 4.79181
9450000 4.79443
9460000 4.79397
9470000 4.79664
9480000 4.79629
9490000 4.79885
9500000 4.79848
9510000 4.8011
9520000 4.80099
9530000 4.80335
9540000 4.80315
9550000 4.80554
9560000 4.80538
9570000 4.80805
9580000 4.80774
9590000 4.81022
9600000 4.80983
9610000 4.81241
9620000 4.81198
9630000 4.81457
9640000 4.81428
9650000 4.81728
9660000 4.81671
9670000 4.81951
9680000 4.81922
9690000 4.8216
9700000 4.82171
9710000 4.82383
9720000 4.82466
9730000 4.82597
9740000 4.82735
9750000 4.82815
9760000 4.82952
9770000 4.83034
9780000 4.83223
9790000 4.8326
9800000 4.83427
9810000 4.83478
9820000 4.83754
9830000 4.8369
9840000 4.83957
9850000 4.83902
9860000 4.84169
9870000 4.84115
9880000 4.84382
9890000 4.84339
9900000 4.84596
9910000 4.84561
9920000 4.84816
9930000 4.84783
9940000 4.85034
9950000 4.85013
9960000 4.85256
9970000 4.85244
9980000 4.8548
9990000 4.85466
10000000 4.85695
10010000 4.85698
10020000 4.85945
10030000 4.85908
10040000 4.8616
10050000 4.86116
10060000 4.86377
10070000 4.86331
10080000 4.86581
10090000 4.86594
10100000 4.8685
10110000 4.86799
10120000 4.87077
10130000 4.87083
10140000 4.87285
10150000 4.87306
10160000 4.87502
10170000 4.87578
10180000 4.87715
10190000 4.87829
10200000 4.87934
10210000 4.88211
10220000 4.88146
10230000 4.88326
10240000 4.88367
10250000 4.88651
10260000 4.88584
10270000 4.88846
10280000 4.88793
10290000 4.89056
10300000 4.89003
10310000 4.89266
10320000 4.89221
10330000 4.89475
10340000 4.89434
10350000 4.89692
10360000 4.89659
10370000 4.89909
10380000 4.89875
10390000 4.90131
10400000 4.90109
10410000 4.90344
10420000 4.9033
10430000 4.90564
10440000 4.90549
10450000 4.90803
10460000 4.90777
10470000 4.91022
10480000 4.90983
10490000 4.91235
10500000 4.91188
10510000 4.91449
10520000 4.91404
10530000 4.91722
10540000 4.91656
10550000 4.91913
10560000 4.91886
10570000 4.92137
10580000 4.92147
10590000 4.92343
10600000 4.92387
10610000 4.9256
10620000 4.92651
10630000 4.92778
10640000 4.92887
10650000 4.92989
10660000 4.93162
10670000 4.93208
10680000 4.93382
10690000 4.93421
10700000 4.93688
10710000 4.93627
10720000 4.93886
10730000 4.93836
10740000 4.94095
10750000 4.94043
10760000 4.94303
10770000 4.9426
10780000 4.94512
10790000 4.94477
10800000 4.94726
10810000 4.94694
10820000 4.94939
10830000 4.94918
10840000 4.95156
10850000 4.95146
10860000 4.95373
10870000 4.95354
10880000 4.95585
10890000 4.9557
10900000 4.95826
10910000 4.95795
10920000 4.96039
10930000 4.95997
10940000 4.96247
10950000 4.96203
10960000 4.96455
10970000 4.96422
10980000 4.96716
10990000 4.96661
11000000 4.96931
11010000 4.96932
11020000 4.97134
11030000 4.97147
11040000 4.97349
11050000 4.97427
11060000 4.97556
11070000 4.97686
11080000 4.9777
11090000 4.9804
11100000 4.97976
11110000 4.98151
11120000 4.98191
11130000 4.98441
11140000 4.98404
11150000 4.98669
11160000 4.98608
11170000 4.98864
11180000 4.98813
11190000 4.99068
11200000 4.99025
11210000 4.99275
11220000 4.99234
11230000 4.99481
11240000 4.99451
11250000 4.99694
11260000 4.99662
11270000 4.99904
11280000 4.99883
11290000 5.00119
11300000 5.00106
11310000 5.00333
11320000 5.00319
11330000 5.00566
11340000 5.00541
11350000 5.0078
11360000 5.00744
11370000 5.00988
11380000 5.00945
11390000 5.01196
11400000 5.01151
11410000 5.01466
11420000 5.014
11430000 5.01652
11440000 5.01619
11450000 5.0187
11460000 5.01875
11470000 5.02071
11480000 5.02088
11490000 5.0228
11500000 5.02352
11510000 5.02485
11520000 5.02596
11530000 5.02694
11540000 5.02881
11550000 5.02899
11560000 5.03082
11570000 5.03119
11580000 5.03383
11590000 5.03321
11600000 5.03571
11610000 5.03523
11620000 5.03776
11630000 5.03726
11640000 5.03976
11650000 5.03934
11660000 5.04182
11670000 5.0414
11680000 5.04388
11690000 5.04356
11700000 5.04598
11710000 5.04564
11720000 5.0481
11730000 5.04788
11740000 5.0502
11750000 5.05002
11760000 5.05227
11770000 5.05212
11780000 5.05457
11790000 5.05432
11800000 5.05667
11810000 5.05627
11820000 5.05872
11830000 5.05831
11840000 5.06077
11850000 5.06032
11860000 5.06331
11870000 5.06273
11880000 5.06523
11890000 5.06495
11900000 5.06739
11910000 5.06746
11920000 5.06937
11930000 5.06977
11940000 5.07146
11950000 5.0723
11960000 5.07351
11970000 5.07477
11980000 5.07558
11990000 5.07732
12000000 5.07769
12010000 5.07925
12020000 5.07974
12030000 5.08232
12040000 5.08174
12050000 5.08421
12060000 5.08373
12070000 5.08621
12080000 5.08573
12090000 5.08821
12100000 5.08781
12110000 5.09022
12120000 5.0899
12130000 5.09229
12140000 5.09197
12150000 5.09434
12160000 5.09413
12170000 5.09642
12180000 5.09632
12190000 5.09852
12200000 5.09837
12210000 5.10055
12220000 5.10039
12230000 5.10285
12240000 5.10252
12250000 5.10489
12260000 5.10448
12270000 5.1069
12280000 5.10649
12290000 5.10885
12300000 5.10856
12310000 5.11137
12320000 5.11084
12330000 5.11347
12340000 5.11345
12350000 5.11543
12360000 5.11552
12370000 5.1175
12380000 5.11821
12390000 5.11947
12400000 5.12052
12410000 5.12153
12420000 5.12414
12430000 5.12352
12440000 5.12519
12450000 5.12558
12460000 5.12824
12470000 5.12762
12480000 5.13006
12490000 5.12958
12500000 5.13204
12510000 5.13156
12520000 5.134
12530000 5.13359
12540000 5.13598
12550000 5.1356
12560000 5.13799
12570000 5.13768
12580000 5.14002
12590000 5.13971
12600000 5.1421
12610000 5.14188
12620000 5.1441
12630000 5.14396
12640000 5.14616
12650000 5.146
12660000 5.1484
12670000 5.14814
12680000 5.15045
12690000 5.15006
12700000 5.15244
12710000 5.15199
12720000 5.15443
12730000 5.154
12740000 5.157
12750000 5.15636
12760000 5.1588
12770000 5.15847
12780000 5.16088
12790000 5.16093
12800000 5.16284
12810000 5.16298
12820000 5.16484
12830000 5.16567
12840000 5.16688
12850000 5.16787
12860000 5.16882
12870000 5.17061
12880000 5.17079
12890000 5.17253
12900000 5.1729
12910000 5.1754
12920000 5.17484
12930000 5.17722
12940000 5.17678
12950000 5.1792
12960000 5.17873
12970000 5.18115
12980000 5.18075
12990000 5.18311
13000000 5.1827
13010000 5.18511
13020000 5.1848
13030000 5.1871
13040000 5.18678
13050000 5.18914
13060000 5.18901
13070000 5.19116
13080000 5.19096
13090000 5.19314
13100000 5.19298
13110000 5.19538
13120000 5.19509
13130000 5.19735
13140000 5.19698
13150000 5.19933
13160000 5.19891
13170000 5.20128
13180000 5.20098
13190000 5.20373
13200000 5.20315
13210000 5.20573
13220000 5.2054
13230000 5.20763
13240000 5.20764
13250000 5.20964
13260000 5.21033
13270000 5.21156
13280000 5.21277
13290000 5.21352
13300000 5.21472
13310000 5.2155
13320000 5.21718
13330000 5.21752
13340000 5.21902
13350000 5.21949
13360000 5.22198
13370000 5.22141
13380000 5.2238
13390000 5.22332
13400000 5.22571
13410000 5.22524
13420000 5.22763
13430000 5.22724
13440000 5.22956
13450000 5.22924
13460000 5.23155
13470000 5.23124
13480000 5.23351
13490000 5.2333
13500000 5.23551
13510000 5.23537
13520000 5.23752
13530000 5.23736
13540000 5.23946
13550000 5.23944
13560000 5.2417
13570000 5.24134
13580000 5.24363
13590000 5.24321
13600000 5.24559
13610000 5.24513
13620000 5.24742
13630000 5.24747
13640000 5.24984
13650000 5.2493
13660000 5.25189
13670000 5.25187
13680000 5.25376
13690000 5.25389
13700000 5.25571
13710000 5.25635
13720000 5.25762
13730000 5.25861
13740000 5.25959
13750000 5.2621
13760000 5.2615
13770000 5.2631
13780000 5.26348
13790000 5.26603
13800000 5.26543
13810000 5.26778
13820000 5.26732
13830000 5.26967
13840000 5.2692
13850000 5.27156
13860000 5.27116
13870000 5.27344
13880000 5.27307
13890000 5.27539
13900000 5.27509
13910000 5.27735
13920000 5.27703
13930000 5.27934
13940000 5.27911
13950000 5.28125
13960000 5.2811
13970000 5.28323
13980000 5.28306
13990000 5.28537
14000000 5.2851
14010000 5.28733
14020000 5.28695
14030000 5.28924
14040000 5.28879
14050000 5.29117
14060000 5.29072
14070000 5.29361
14080000 5.29296
14090000 5.29534
14100000 5.29502
14110000 5.29735
14120000 5.29738
14130000 5.2992
14140000 5.29955
14150000 5.30114
14160000 5.30192
14170000 5.3031
14180000 5.30405
14190000 5.30499
14200000 5.30668
14210000 5.30695
14220000 5.3085
14230000 5.30886
14240000 5.31128
14250000 5.31071
14260000 5.31305
14270000 5.31259
14280000 5.31491
14290000 5.31445
14300000 5.31679
14310000 5.31639
14320000 5.31867
14330000 5.31834
14340000 5.32059
14350000 5.32028
14360000 5.3225
14370000 5.32228
14380000 5.32445
14390000 5.32432
14400000 5.32638
14410000 5.32618
14420000 5.32829
14430000 5.32812
14440000 5.33044
14450000 5.33013
14460000 5.33235
14470000 5.33194
14480000 5.33422
14490000 5.33378
14500000 5.33609
14510000 5.33574
14520000 5.33843
14530000 5.33787
14540000 5.34035
14550000 5.3403
14560000 5.34218
14570000 5.34224
14580000 5.34411
14590000 5.34476
14600000 5.34596
14610000 5.3471
14620000 5.34787
14630000 5.35033
14640000 5.34972
14650000 5.35128
14660000 5.35165
14670000 5.3539
14680000 5.35355
14690000 5.35595
14700000 5.35539
14710000 5.35769
14720000 5.35723
14730000 5.35952
14740000 5.35912
14750000 5.36137
14760000 5.36099
14770000 5.36322
14780000 5.36293
14790000 5.36514
14800000 5.36483
14810000 5.36701
14820000 5.3668
14830000 5.36894
14840000 5.36878
14850000 5.37085
14860000 5.37069
14870000 5.37294
14880000 5.37268
14890000 5.37486
14900000 5.37449
14910000 5.37672
14920000 5.37629
14930000 5.37858
14940000 5.37813
14950000 5.38099
14960000 5.38034
14970000 5.38267
14980000 5.3823
14990000 5.38463
15000000 5.38461
15010000 5.38642
15020000 5.38652
15030000 5.3883
15040000 5.38891
15050000 5.39019
15060000 5.3911
15070000 5.392
15080000 5.39367
15090000 5.39384
15100000 5.39547
15110000 5.3958
15120000 5.39819
15130000 5.39761
15140000 5.39987
15150000 5.39942
15160000 5.4017
15170000 5.40124
15180000 5.4035
15190000 5.4031
15200000 5.40534
15210000 5.40494
15220000 5.40718
15230000 5.40687
15240000 5.40906
15250000 5.40874
15260000 5.41097
15270000 5.41073
15280000 5.41284
15290000 5.41264
15300000 5.4147
15310000 5.41451
15320000 5.41674
15330000 5.41649
15340000 5.41863
15350000 5.41823
15360000 5.42047
15370000 5.42005
15380000 5.4223
15390000 5.42185
15400000 5.42458
15410000 5.42399
15420000 5.4263
15430000 5.42598
15440000 5.42823
15450000 5.42824
15460000 5.43001
15470000 5.43032
15480000 5.43187
15490000 5.4327
15500000 5.43371
15510000 5.43482
15520000 5.43556
15530000 5.43712
15540000 5.43744
15550000 5.43885
15560000 5.43927
15570000 5.44162
15580000 5.44107
15590000 5.4433
15600000 5.44285
15610000 5.44509
15620000 5.44464
15630000 5.44689
15640000 5.4465
15650000 5.44869
15660000 5.44836
15670000 5.45054
15680000 5.45022
15690000 5.45237
15700000 5.45214
15710000 5.45424
15720000 5.45409
15730000 5.45611
15740000 5.45593
15750000 5.45793
15760000 5.45774
15770000 5.45998
15780000 5.45965
15790000 5.46181
15800000 5.46139
15810000 5.46361
15820000 5.46318
15830000 5.46535
15840000 5.46503
15850000 5.46762
15860000 5.46706
15870000 5.46949
15880000 5.46941
15890000 5.47125
15900000 5.47127
15910000 5.4731
15920000 5.47369
15930000 5.47486
15940000 5.47577
15950000 5.4767
15960000 5.47908
15970000 5.47848
15980000 5.47998
15990000 5.48032
16000000 5.48272
16010000 5.48215
16020000 5.48436
16030000 5.4839
16040000 5.48613
16050000 5.48567
16060000 5.48788
16070000 5.48748
16080000 5.48965
16090000 5.48928
16100000 5.49145
16110000 5.49114
16120000 5.49328
16130000 5.49296
16140000 5.49513
16150000 5.49489
16160000 5.49692
16170000 5.49675
16180000 5.49876
16190000 5.49857
16200000 5.50076
16210000 5.50049
16220000 5.50259
16230000 5.50221
16240000 5.50438
16250000 5.50393
16260000 5.50616
16270000 5.50572
16280000 5.50846
16290000 5.50782
16300000 5.51007
16310000 5.50975
16320000 5.51194
16330000 5.51192
16340000 5.51369
16350000 5.51377
16360000 5.51548
16370000 5.51619
16380000 5.5173
16390000 5.51817
16400000 5.51904
16410000 5.52065
16420000 5.52079
16430000 5.52236
16440000 5.52268
16450000 5.52497
16460000 5.52442
16470000 5.52659
16480000 5.52616
16490000 5.52835
16500000 5.5279
16510000 5.5301
16520000 5.5297
16530000 5.53185
16540000 5.53145
16550000 5.53364
16560000 5.53333
16570000 5.53542
16580000 5.5351
16590000 5.53725
16600000 5.53709
16610000 5.53905
16620000 5.53883
16630000 5.54083
16640000 5.54063
16650000 5.54283
16660000 5.54252
16670000 5.54459
16680000 5.54421
16690000 5.54636
16700000 5.54593
16710000 5.54811
16720000 5.54778
16730000 5.55031
16740000 5.54971
16750000 5.5521
16760000 5.55173
16770000 5.5538
16780000 5.55385
16790000 5.55559
16800000 5.55618
16810000 5.55732
16820000 5.55838
16830000 5.55906
16840000 5.56013
16850000 5.56083
16860000 5.56234
16870000 5.56264
16880000 5.564
16890000 5.5644
16900000 5.56668
16910000 5.56612
16920000 5.56829
16930000 5.56783
16940000 5.57
16950000 5.56955
16960000 5.57172
16970000 5.57134
16980000 5.57345
16990000 5.57313
17000000 5.57523
17010000 5.57492
17020000 5.57699
17030000 5.57675
17040000 5.57878
17050000 5.5786
17060000 5.58057
17070000 5.58038
17080000 5.58232
17090000 5.58224
17100000 5.58431
17110000 5.58394
17120000 5.58604
17130000 5.58562
17140000 5.58779
17150000 5.58733
17160000 5.58944
17170000 5.58941
17180000 5.59161
17190000 5.59123
17200000 5.59344
17210000 5.59336
17220000 5.59511
17230000 5.59518
17240000 5.59687
17250000 5.59741
17260000 5.59857
17270000 5.59944
17280000 5.60033
17290000 5.60263
17300000 5.60204
17310000 5.60348
17320000 5.6038
17330000 5.60612
17340000 5.60555
17350000 5.6077
17360000 5.60725
17370000 5.60939
17380000 5.60894
17390000 5.61108
17400000 5.61068
17410000 5.61277
17420000 5.61239
17430000 5.61451
17440000 5.6142
17450000 5.61627
17460000 5.61594
17470000 5.61805
17480000 5.61779
17490000 5.61976
17500000 5.61957
17510000 5.62153
17520000 5.62133
17530000 5.62344
17540000 5.62316
17550000 5.6252
17560000 5.62481
17570000 5.62691
17580000 5.62649
17590000 5.62863
17600000 5.62818
17610000 5.63083
17620000 5.63018
17630000 5.63238
17640000 5.63202
17650000 5.63418
17660000 5.63414
17670000 5.63584
17680000 5.63611
17690000 5.63758
17700000 5.63825
17710000 5.63933
17720000 5.64016
17730000 5.64102
17740000 5.64248
17750000 5.64277
17760000 5.64414
17770000 5.64448
17780000 5.6467
17790000 5.64614
17800000 5.64827
17810000 5.64782
17820000 5.64994
17830000 5.64949
17840000 5.65162
17850000 5.65122
17860000 5.65331
17870000 5.65297
17880000 5.65503
17890000 5.65471
17900000 5.65674
17910000 5.6565
17920000 5.65849
17930000 5.65832
17940000 5.66022
17950000 5.65999
17960000 5.66193
17970000 5.66172
17980000 5.66385
17990000 5.66353
18000000 5.66556
18010000 5.66515
18020000 5.66724
18030000 5.66679
18040000 5.66891
18050000 5.66854
18060000 5.67102
18070000 5.67044
18080000 5.67274
18090000 5.67262
18100000 5.67438
18110000 5.67437
18120000 5.67611
18130000 5.67666
18140000 5.67776
18150000 5.67878
18160000 5.67947
18170000 5.68174
18180000 5.68113
18190000 5.68254
18200000 5.68285
18210000 5.68491
18220000 5.68456
18230000 5.68676
18240000 5.68621
18250000 5.68831
18260000 5.68785
18270000 5.68995
18280000 5.68955
18290000 5.69161
18300000 5.69122
18310000 5.69327
18320000 5.69296
18330000 5.69499
18340000 5.69466
18350000 5.69667
18360000 5.69642
18370000 5.69839
18380000 5.6982
18390000 5.70011
18400000 5.69991
18410000 5.70198
18420000 5.70169
18430000 5.7037
18440000 5.70332
18450000 5.70536
18460000 5.70493
18470000 5.70704
18480000 5.70658
18490000 5.7092
18500000 5.70854
18510000 5.71071
18520000 5.71031
18530000 5.71246
18540000 5.71239
18550000 5.71408
18560000 5.71411
18570000 5.71576
18580000 5.71628
18590000 5.71745
18600000 5.71825
18610000 5.71907
18620000 5.72059
18630000 5.72072
18640000 5.7222
18650000 5.72248
18660000 5.72468
18670000 5.7241
18680000 5.72617
18690000 5.72573
18700000 5.72781
18710000 5.72736
18720000 5.72943
18730000 5.72904
18740000 5.73108
18750000 5.73067
18760000 5.73273
18770000 5.73242
18780000 5.73442
18790000 5.73408
18800000 5.73613
18810000 5.73586
18820000 5.7378
18830000 5.73757
18840000 5.73947
18850000 5.73925
18860000 5.74134
18870000 5.74102
18880000 5.74299
18890000 5.74259
18900000 5.74465
18910000 5.74421
18920000 5.74629
18930000 5.74583
18940000 5.74835
18950000 5.74774
18960000 5.74989
18970000 5.74952
18980000 5.75162
18990000 5.75157
19000000 5.75322
19010000 5.75346
19020000 5.75489
19030000 5.75584
19040000 5.75653
19050000 5.75752
19060000 5.75819
19070000 5.75961
19080000 5.75988
19090000 5.76117
19100000 5.76152
19110000 5.76369
19120000 5.76313
19130000 5.76519
19140000 5.76473
19150000 5.76679
19160000 5.76634
19170000 5.7684
19180000 5.768
19190000 5.77001
19200000 5.76968
19210000 5.77168
19220000 5.77135
19230000 5.77333
19240000 5.77307
19250000 5.775
19260000 5.77482
19270000 5.77668
19280000 5.77647
19290000 5.77831
19300000 5.77809
19310000 5.78015
19320000 5.77981
19330000 5.7818
19340000 5.78137
19350000 5.78341
19360000 5.78297
19370000 5.78498
19380000 5.78463
19390000 5.78702
19400000 5.78645
19410000 5.7887
19420000 5.78856
19430000 5.79028
19440000 5.79025
19450000 5.79194
19460000 5.79245
19470000 5.79352
19480000 5.79433
19490000 5.79517
19500000 5.79738
19510000 5.79677
19520000 5.79814
19530000 5.79842
19540000 5.80063
19550000 5.80006
19560000 5.8021
19570000 5.80164
19580000 5.80369
19590000 5.80323
19600000 5.80526
19610000 5.80486
19620000 5.80685
19630000 5.80647
19640000 5.80847
19650000 5.80814
19660000 5.81011
19670000 5.80978
19680000 5.81178
19690000 5.81151
19700000 5.81338
19710000 5.81317
19720000 5.81503
19730000 5.81481
19740000 5.81683
19750000 5.81653
19760000 5.81848
19770000 5.81808
19780000 5.82008
19790000 5.81963
19800000 5.82168
19810000 5.82123
19820000 5.82376
19830000 5.82311
19840000 5.82521
19850000 5.82484
19860000 5.82689
19870000 5.82682
19880000 5.82844
19890000 5.82848
19900000 5.83007
19910000 5.83069
19920000 5.83171
19930000 5.83248
19940000 5.83326
19950000 5.83474
19960000 5.83484
19970000 5.83628
19980000 5.83654
19990000 5.83865
20000000 5.8381
20010000 5.8401
20020000 5.83967
20030000 5.84168
20040000 5.84123
20050000 5.84325
20060000 5.84285
20070000 5.84483
20080000 5.84442
20090000 5.84644
20100000 5.84611
20110000 5.84804
20120000 5.8477
20130000 5.84969
20140000 5.84949
20150000 5.8513
20160000 5.85105
20170000 5.8529
20180000 5.85268
20190000 5.8547
20200000 5.85437
20210000 5.85629
20220000 5.85589
20230000 5.85788
20240000 5.85743
20250000 5.85945
20260000 5.8591
20270000 5.86144
20280000 5.86083
20290000 5.86304
20300000 5.86265
20310000 5.86458
20320000 5.86453
20330000 5.86619
20340000 5.8667
20350000 5.86774
20360000 5.8687
20370000 5.86931
20380000 5.87027
20390000 5.8709
20400000 5.87229
20410000 5.87253
20420000 5.87378
20430000 5.87411
20440000 5.87621
20450000 5.87566
20460000 5.87766
20470000 5.87719
20480000 5.8792
20490000 5.87875
20500000 5.88075
20510000 5.88035
20520000 5.8823
20530000 5.88196
20540000 5.88391
20550000 5.88357
20560000 5.88549
20570000 5.88523
20580000 5.8871
20590000 5.88689
20600000 5.88871
20610000 5.88849
20620000 5.89029
20630000 5.89016
20640000 5.89208
20650000 5.89169
20660000 5.89364
20670000 5.8932
20680000 5.89521
20690000 5.89474
20700000 5.8967
20710000 5.89661
20720000 5.89866
20730000 5.89824
20740000 5.90031
20750000 5.90018
20760000 5.90182
20770000 5.90183
20780000 5.90339
20790000 5.90386
20800000 5.90493
20810000 5.90569
20820000 5.90651
20830000 5.90865
20840000 5.90804
20850000 5.90937
20860000 5.90969
20870000 5.91178
20880000 5.91121
20890000 5.9132
20900000 5.91274
20910000 5.91472
20920000 5.91426
20930000 5.91624
20940000 5.91583
20950000 5.91776
20960000 5.91737
20970000 5.91933
20980000 5.919
20990000 5.92091
21000000 5.92057
21010000 5.92252
21020000 5.92223
21030000 5.92406
21040000 5.92384
21050000 5.92565
21060000 5.92542
21070000 5.92738
21080000 5.92707
21090000 5.92896
21100000 5.92856
21110000 5.93051
21120000 5.93007
21130000 5.93205
21140000 5.93159
21150000 5.93405
21160000 5.93339
21170000 5.93544
21180000 5.93505
21190000 5.93707
21200000 5.93698
21210000 5.93856
21220000 5.93877
21230000 5.94012
21240000 5.94071
21250000 5.9417
21260000 5.94245
21270000 5.94322
21280000 5.94456
21290000 5.94481
21300000 5.9459
21310000 5.94635
21320000 5.94841
21330000 5.94784
21340000 5.94982
21350000 5.94936
21360000 5.95132
21370000 5.95086
21380000 5.95283
21390000 5.95242
21400000 5.95435
21410000 5.95399
21420000 5.95591
21430000 5.95557
21440000 5.95746
21450000 5.95718
21460000 5.95903
21470000 5.95882
21480000 5.96058
21490000 5.96033
21500000 5.96213
21510000 5.96189
21520000 5.96386
21530000 5.96352
21540000 5.96541
21550000 5.96498
21560000 5.96692
21570000 5.96645
21580000 5.96843
21590000 5.96803
21600000 5.97034
21610000 5.96975
21620000 5.97189
21630000 5.97173
21640000 5.97337
21650000 5.97332
21660000 5.97493
21670000 5.97541
21680000 5.97642
21690000 5.97734
21700000 5.97796
21710000 5.98007
21720000 5.97946
21730000 5.98076
21740000 5.98101
21750000 5.98291
21760000 5.98255
21770000 5.98459
21780000 5.98404
21790000 5.98599
21800000 5.98552
21810000 5.98747
21820000 5.98705
21830000 5.98897
21840000 5.98857
21850000 5.99046
21860000 5.99014
21870000 5.99202
21880000 5.99167
21890000 5.99354
21900000 5.99326
21910000 5.99509
21920000 5.99486
21930000 5.99664
21940000 5.99641
21950000 5.99833
21960000 5.99802
21970000 5.99988
21980000 5.99949
21990000 6.00139
22000000 6.00094
22010000 6.0029
22020000 6.00243
22030000 6.00486
22040000 6.0042
22050000 6.00622
22060000 6.00579
22070000 6.00781
22080000 6.00769
22090000 6.00926
22100000 6.00925
22110000 6.01078
22120000 6.01123
22130000 6.01231
22140000 6.01303
22150000 6.01377
22160000 6.01518
22170000 6.01526
22180000 6.01663
22190000 6.01685
22200000 6.01889
22210000 6.01831
22220000 6.02024
22230000 6.01978
22240000 6.02172
22250000 6.02126
22260000 6.02317
22270000 6.02278
22280000 6.02467
22290000 6.02425
22300000 6.02616
22310000 6.02583
22320000 6.02769
22330000 6.02733
22340000 6.02923
22350000 6.02893
22360000 6.03074
22370000 6.03049
22380000 6.03226
22390000 6.03201
22400000 6.03394
22410000 6.03361
22420000 6.03544
22430000 6.03502
22440000 6.03694
22450000 6.03648
22460000 6.03842
22470000 6.03795
22480000 6.04029
22490000 6.03967
22500000 6.04168
22510000 6.04129
22520000 6.04325
22530000 6.04316
22540000 6.04469
22550000 6.04487
22560000 6.0462
22570000 6.0473
22580000 6.04768
22590000 6.04859
22600000 6.04918
22610000 6.05049
22620000 6.05071
22630000 6.0519
22640000 6.0522
22650000 6.05421
22660000 6.05365
22670000 6.05556
22680000 6.0551
22690000 6.05701
22700000 6.05656
22710000 6.05847
22720000 6.05806
22730000 6.05993
22740000 6.05957
22750000 6.06144
22760000 6.06109
22770000 6.06293
22780000 6.06264
22790000 6.06444
22800000 6.06422
22810000 6.06595
22820000 6.06571
22830000 6.06744
22840000 6.06719
22850000 6.0691
22860000 6.06874
22870000 6.07059
22880000 6.07014
22890000 6.07205
22900000 6.0716
22910000 6.07347
22920000 6.0731
22930000 6.07533
22940000 6.07474
22950000 6.07687
22960000 6.07667
22970000 6.07828
22980000 6.0782
22990000 6.07978
23000000 6.08022
23010000 6.0812
23020000 6.08193
23030000 6.0827
23040000 6.08476
23050000 6.08415
23060000 6.08541
23070000 6.08564
23080000 6.08769
23090000 6.08713
23100000 6.08902
23110000 6.08856
23120000 6.09046
23130000 6.08999
23140000 6.09188
23150000 6.09147
23160000 6.09332
23170000 6.09293
23180000 6.09479
23190000 6.09444
23200000 6.09628
23210000 6.09593
23220000 6.09779
23230000 6.09749
23240000 6.09924
23250000 6.099
23260000 6.10074
23270000 6.10048
23280000 6.10237
23290000 6.10204
23300000 6.10386
23310000 6.10344
23320000 6.10531
23330000 6.10485
23340000 6.10676
23350000 6.1063
23360000 6.10865
23370000 6.108
23380000 6.10996
23390000 6.10958
23400000 6.11149
23410000 6.11137
23420000 6.1129
23430000 6.11288
23440000 6.11437
23450000 6.11492
23460000 6.11585
23470000 6.11655
23480000 6.11726
23490000 6.11863
23500000 6.11868
23510000 6.12002
23520000 6.12023
23530000 6.1222
23540000 6.12164
23550000 6.12351
23560000 6.12306
23570000 6.12494
23580000 6.12448
23590000 6.12636
23600000 6.12594
23610000 6.12779
23620000 6.12737
23630000 6.12926
23640000 6.1289
23650000 6.13071
23660000 6.13035
23670000 6.1322
23680000 6.13196
23690000 6.13366
23700000 6.13339
23710000 6.13511
23720000 6.13486
23730000 6.13674
23740000 6.1364
23750000 6.13819
23760000 6.13777
23770000 6.13963
23780000 6.13917
23790000 6.14105
23800000 6.14067
23810000 6.14286
23820000 6.14224
23830000 6.14432
23840000 6.1439
23850000 6.14571
23860000 6.14564
23870000 6.14718
23880000 6.14762
23890000 6.14858
23900000 6.14945
23910000 6.15
23920000 6.15087
23930000 6.15144
23940000 6.15273
23950000 6.15292
23960000 6.15408
23970000 6.15436
23980000 6.15632
23990000 6.15576
24000000 6.15763
24010000 6.15715
24020000 6.15902
24030000 6.15856
24040000 6.16043
24050000 6.16002
24060000 6.16184
24070000 6.16148
24080000 6.1633
24090000 6.16294
24100000 6.16474
24110000 6.16444
24120000 6.1662
24130000 6.16595
24140000 6.16766
24150000 6.16741
24160000 6.16909
24170000 6.16893
24180000 6.17072
24190000 6.17032
24200000 6.17213
24210000 6.17168
24220000 6.17356
24230000 6.17308
24240000 6.17491
24250000 6.17478
24260000 6.1767
24270000 6.17626
24280000 6.1782
24290000 6.17802
24300000 6.17956
24310000 6.17954
24320000 6.181
24330000 6.18141
24340000 6.18239
24350000 6.18308
24360000 6.18383
24370000 6.18583
24380000 6.18522
24390000 6.18645
24400000 6.18672
24410000 6.18866
24420000 6.18809
24430000 6.18995
24440000 6.18948
24450000 6.19133
24460000 6.19087
24470000 6.19271
24480000 6.19229
24490000 6.19412
24500000 6.19369
24510000 6.19552
24520000 6.19517
24530000 6.19696
24540000 6.19659
24550000 6.19842
24560000 6.19811
24570000 6.19981
24580000 6.19957
24590000 6.20127
24600000 6.201
24610000 6.20284
24620000 6.2025
24630000 6.20427
24640000 6.20386
24650000 6.20568
24660000 6.20522
24670000 6.20708
24680000 6.2066
24690000 6.2089
24700000 6.20824
24710000 6.21016
24720000 6.20976
24730000 6.21165
24740000 6.21153
24750000 6.21301
24760000 6.21317
24770000 6.21443
24780000 6.21495
24790000 6.21586
24800000 6.21654
24810000 6.21725
24820000 6.21849
24830000 6.21868
24840000 6.21992
24850000 6.22009
24860000 6.22201
24870000 6.22144
24880000 6.22329
24890000 6.22282
24900000 6.22466
24910000 6.22419
24920000 6.22603
24930000 6.22561
24940000 6.22741
24950000 6.22704
24960000 6.22883
24970000 6.22847
24980000 6.23024
24990000 6.22993
25000000 6.23167
25010000 6.23143
25020000 6.23308
25030000 6.2328
25040000 6.23449
25050000 6.23422
25060000 6.23606
25070000 6.2357
25080000 6.23748
25090000 6.23703
25100000 6.23885
25110000 6.23838
25120000 6.24022
25130000 6.2398
25140000 6.24197
25150000 6.24137
25160000 6.24338
25170000 6.24318
25180000 6.24473
25190000 6.24464
25200000 6.24615
25210000 6.24656
25220000 6.2475
25230000 6.24834
25240000 6.24891
25250000 6.25089
25260000 6.25027
25270000 6.25148
25280000 6.25168
25290000 6.25345
25300000 6.25308
25310000 6.25499
25320000 6.25444
25330000 6.25626
25340000 6.25579
25350000 6.25761
25360000 6.25718
25370000 6.25897
25380000 6.25855
25390000 6.26033
25400000 6.25998
25410000 6.26175
25420000 6.26139
25430000 6.26314
25440000 6.26286
25450000 6.26454
25460000 6.26429
25470000 6.26596
25480000 6.2657
25490000 6.2675
25500000 6.26717
25510000 6.26891
25520000 6.2685
25530000 6.27028
25540000 6.26982
25550000 6.27166
25560000 6.27118
25570000 6.27346
25580000 6.2728
25590000 6.27469
25600000 6.27425
25610000 6.27614
25620000 6.27599
25630000 6.27747
25640000 6.27742
25650000 6.27885
25660000 6.27924
25670000 6.28024
25680000 6.2809
25690000 6.28157
25700000 6.28289
25710000 6.28292
25720000 6.28421
25730000 6.28438
25740000 6.28629
25750000 6.28571
25760000 6.28752
25770000 6.28705
25780000 6.28886
25790000 6.28839
25800000 6.29019
25810000 6.28977
25820000 6.29155
25830000 6.29112
25840000 6.29291
25850000 6.29256
25860000 6.29431
25870000 6.29393
25880000 6.29571
25890000 6.29539
25900000 6.29709
25910000 6.29681
25920000 6.29847
25930000 6.29819
25940000 6.30001
25950000 6.29965
25960000 6.30137
25970000 6.30094
25980000 6.30274
25990000 6.30227
26000000 6.30409
26010000 6.3036
26020000 6.3058
26030000 6.30518
26040000 6.30707
26050000 6.30665
26060000 6.3085
26070000 6.30838
26080000 6.30982
26090000 6.30996
26100000 6.31119
26110000 6.31201
26120000 6.31254
26130000 6.31337
26140000 6.31391
26150000 6.31514
26160000 6.3153
26170000 6.31642
26180000 6.31666
26190000 6.31855
26200000 6.31799
26210000 6.31978
26220000 6.3193
26230000 6.3211
26240000 6.32064
26250000 6.32244
26260000 6.32201
26270000 6.32376
26280000 6.32339
26290000 6.32514
26300000 6.32477
26310000 6.3265
26320000 6.32619
26330000 6.32789
26340000 6.32764
26350000 6.32926
26360000 6.329
26370000 6.33062
26380000 6.33034
26390000 6.33214
26400000 6.33176
26410000 6.3335
26420000 6.33304
26430000 6.33483
26440000 6.33437
26450000 6.33612
26460000 6.33573
26470000 6.33783
26480000 6.33723
26490000 6.33924
26500000 6.33901
26510000 6.34052
26520000 6.34042
26530000 6.3419
26540000 6.34229
26550000 6.34319
26560000 6.34385
26570000 6.34456
26580000 6.3465
26590000 6.34588
26600000 6.34706
26610000 6.34724
26620000 6.34916
26630000 6.3486
26640000 6.35038
26650000 6.34991
26660000 6.3517
26670000 6.35122
26680000 6.353
26690000 6.35256
26700000 6.3543
26710000 6.3539
26720000 6.35565
26730000 6.35528
26740000 6.35701
26750000 6.35664
26760000 6.35839
26770000 6.35807
26780000 6.35971
26790000 6.35945
26800000 6.36108
26810000 6.36081
26820000 6.36258
26830000 6.36223
26840000 6.36394
26850000 6.36351
26860000 6.36527
26870000 6.36479
26880000 6.36659
26890000 6.36612
26900000 6.36833
26910000 6.36767
26920000 6.36952
26930000 6.36912
26940000 6.37092
26950000 6.37077
26960000 6.37221
26970000 6.37215
26980000 6.37355
26990000 6.37404
27000000 6.37491
27010000 6.37554
27020000 6.37619
27030000 6.37747
27040000 6.37749
27050000 6.37874
27060000 6.3789
27070000 6.38076
27080000 6.38019
27090000 6.38195
27100000 6.3815
27110000 6.38327
27120000 6.38279
27130000 6.38456
27140000 6.38413
27150000 6.38587
27160000 6.38543
27170000 6.38721
27180000 6.38683
27190000 6.38854
27200000 6.38816
27210000 6.3899
27220000 6.38964
27230000 6.39123
27240000 6.39094
27250000 6.39257
27260000 6.39228
27270000 6.39406
27280000 6.39369
27290000 6.39538
27300000 6.39495
27310000 6.3967
27320000 6.39622
27330000 6.398
27340000 6.3976
27350000 6.39967
27360000 6.39906
27370000 6.401
27380000 6.40056
27390000 6.40227
27400000 6.40217
27410000 6.40361
27420000 6.404
27430000 6.40489
27440000 6.4057
27450000 6.40619
27460000 6.407
27470000 6.40751
27480000 6.40872
27490000 6.40886
27500000 6.40995
27510000 6.41018
27520000 6.41203
27530000 6.41146
27540000 6.41323
27550000 6.41274
27560000 6.4145
27570000 6.41403
27580000 6.41578
27590000 6.41536
27600000 6.41708
27610000 6.4167
27620000 6.41841
27630000 6.41804
27640000 6.41973
27650000 6.41941
27660000 6.42107
27670000 6.42079
27680000 6.42241
27690000 6.42213
27700000 6.42371
27710000 6.42352
27720000 6.42521
27730000 6.42479
27740000 6.42651
27750000 6.42604
27760000 6.42782
27770000 6.42732
27780000 6.42904
27790000 6.42888
27800000 6.4307
27810000 6.43024
27820000 6.43207
27830000 6.43186
27840000 6.43332
27850000 6.43326
27860000 6.43463
27870000 6.43499
27880000 6.4359
27890000 6.43653
27900000 6.43722
27910000 6.43911
27920000 6.4385
27930000 6.43965
27940000 6.43987
27950000 6.44169
27960000 6.44113
27970000 6.44288
27980000 6.4424
27990000 6.44414
28000000 6.44367
28010000 6.4454
28020000 6.44497
28030000 6.4467
28040000 6.44625
28050000 6.44798
28060000 6.44761
28070000 6.4493
28080000 6.44892
28090000 6.45064
28100000 6.45031
28110000 6.45192
28120000 6.45165
28130000 6.45325
28140000 6.45296
28150000 6.4547
28160000 6.45434
28170000 6.45601
28180000 6.45558
28190000 6.4573
28200000 6.45683
28210000 6.45858
28220000 6.45809
28230000 6.46026
28240000 6.4596
28250000 6.46141
28260000 6.46099
28270000 6.46278
28280000 6.46262
28290000 6.46402
28300000 6.46414
28310000 6.46532
28320000 6.4658
28330000 6.46664
28340000 6.46723
28350000 6.4679
28360000 6.46908
28370000 6.46922
28380000 6.47034
28390000 6.47051
28400000 6.47233
28410000 6.47175
28420000 6.4735
28430000 6.47302
28440000 6.47475
28450000 6.47428
28460000 6.47601
28470000 6.47557
28480000 6.47728
28490000 6.47689
28500000 6.47858
28510000 6.4782
28520000 6.47987
28530000 6.47954
28540000 6.48119
28550000 6.48092
28560000 6.48248
28570000 6.48218
28580000 6.48377
28590000 6.48348
28600000 6.48522
28610000 6.48484
28620000 6.48652
28630000 6.48606
28640000 6.48778
28650000 6.4873
28660000 6.48904
28670000 6.4886
28680000 6.49065
28690000 6.49004
28700000 6.49195
28710000 6.49171
28720000 6.49318
28730000 6.49306
28740000 6.49448
28750000 6.49485
28760000 6.49572
28770000 6.4965
28780000 6.49701
28790000 6.49889
28800000 6.49827
28810000 6.4994
28820000 6.49956
28830000 6.50123
28840000 6.50084
28850000 6.50265
28860000 6.50209
28870000 6.50381
28880000 6.50333
28890000 6.50505
28900000 6.5046
28910000 6.50629
28920000 6.50587
28930000 6.50755
28940000 6.50718
28950000 6.50885
28960000 6.50847
28970000 6.51013
28980000 6.50983
28990000 6.51142
29000000 6.51114
29010000 6.51272
29020000 6.51243
29030000 6.51414
29040000 6.51378
29050000 6.51543
29060000 6.51501
29070000 6.51669
29080000 6.51622
29090000 6.51796
29100000 6.51746
29110000 6.51962
29120000 6.51896
29130000 6.52075
29140000 6.52029
29150000 6.52208
29160000 6.5219
29170000 6.5233
29180000 6.52322
29190000 6.52457
29200000 6.52492
29210000 6.52584
29220000 6.52645
29230000 6.52707
29240000 6.52831
29250000 6.52831
29260000 6.52952
29270000 6.52965
29280000 6.53146
29290000 6.53087
29300000 6.53258
29310000 6.5321
29320000 6.53382
29330000 6.53333
29340000 6.53504
29350000 6.5346
29360000 6.53629
29370000 6.53584
29380000 6.53753
29390000 6.53717
29400000 6.53882
29410000 6.53843
29420000 6.54011
29430000 6.53977
29440000 6.54138
29450000 6.54108
29460000 6.54265
29470000 6.54235
29480000 6.54407
29490000 6.5437
29500000 6.54532
29510000 6.54487
29520000 6.54658
29530000 6.5461
29540000 6.54782
29550000 6.54732
29560000 6.54941
29570000 6.54878
29580000 6.55056
29590000 6.55013
29600000 6.55189
29610000 6.55173
29620000 6.5531
29630000 6.5532
29640000 6.55435
29650000 6.55511
29660000 6.5556
29670000 6.55637
29680000 6.55686
29690000 6.55801
29700000 6.55814
29710000 6.55919
29720000 6.55939
29730000 6.56118
29740000 6.56061
29750000 6.56231
29760000 6.56182
29770000 6.56352
29780000 6.56305
29790000 6.56475
29800000 6.5643
29810000 6.56597
29820000 6.56558
29830000 6.56724
29840000 6.56685
29850000 6.56849
29860000 6.56816
29870000 6.56976
29880000 6.56949
29890000 6.57103
29900000 6.57074
29910000 6.57228
29920000 6.57198
29930000 6.57368
29940000 6.57328
29950000 6.57493
29960000 6.57446
29970000 6.57618
29980000 6.57568
29990000 6.57735
30000000 6.57693
30010000 6.57893
30020000 6.57832
30030000 6.58022
30040000 6.57996
30050000 6.58141
30060000 6.58127
30070000 6.58267
30080000 6.58311
30090000 6.58386
30100000 6.58446
30110000 6.58512
30120000 6.58696
30130000 6.58634
30140000 6.58745
30150000 6.58759
30160000 6.5894
30170000 6.58884
30180000 6.59053
30190000 6.59004
30200000 6.59174
30210000 6.59125
30220000 6.59293
30230000 6.59249
30240000 6.59414
30250000 6.59372
30260000 6.59537
30270000 6.59499
30280000 6.59663
30290000 6.59624
30300000 6.5979
30310000 6.59756
30320000 6.59912
30330000 6.59884
30340000 6.60038
30350000 6.60008
30360000 6.60176
30370000 6.6014
30380000 6.60302
30390000 6.60258
30400000 6.60424
30410000 6.60376
30420000 6.60546
30430000 6.60498
30440000 6.60707
30450000 6.60642
30460000 6.60817
30470000 6.60775
30480000 6.60946
30490000 6.60928
30500000 6.61064
30510000 6.61055
30520000 6.61188
30530000 6.61233
30540000 6.61313
30550000 6.61372
30560000 6.61431
30570000 6.61553
30580000 6.61551
30590000 6.61669
30600000 6.61681
30610000 6.61858
30620000 6.618
30630000 6.61967
30640000 6.61921
30650000 6.62088
30660000 6.62039
30670000 6.62208
30680000 6.62163
30690000 6.62328
30700000 6.62283
30710000 6.62451
30720000 6.62413
30730000 6.62574
30740000 6.62535
30750000 6.627
30760000 6.62671
30770000 6.62822
30780000 6.62792
30790000 6.62946
30800000 6.62915
30810000 6.63084
30820000 6.63046
30830000 6.63205
30840000 6.63161
30850000 6.63327
30860000 6.63279
30870000 6.63447
30880000 6.63406
30890000 6.63602
30900000 6.6354
30910000 6.63725
30920000 6.63679
30930000 6.63842
30940000 6.63829
30950000 6.63966
30960000 6.64
30970000 6.64083
30980000 6.64158
30990000 6.64203
31000000 6.64278
31010000 6.64325
31020000 6.64439
31030000 6.6445
31040000 6.64553
31050000 6.64571
31060000 6.64747
31070000 6.6469
31080000 6.64857
31090000 6.64807
31100000 6.64975
31110000 6.64926
31120000 6.65093
31130000 6.65049
31140000 6.65212
31150000 6.65173
31160000 6.65336
31170000 6.65297
31180000 6.65457
31190000 6.65423
31200000 6.65581
31210000 6.65551
31220000 6.65704
31230000 6.65674
31240000 6.65825
31250000 6.65803
31260000 6.65963
31270000 6.6592
31280000 6.66083
31290000 6.66036
31300000 6.66204
31310000 6.66154
31320000 6.66317
31330000 6.66298
31340000 6.66471
31350000 6.66423
31360000 6.66597
31370000 6.66574
31380000 6.66713
31390000 6.66704
31400000 6.66834
31410000 6.66866
31420000 6.66951
31430000 6.67009
31440000 6.67072
31450000 6.67252
31460000 6.6719
31470000 6.673
31480000 6.67317
31490000 6.6749
31500000 6.67434
31510000 6.676
31520000 6.67551
31530000 6.67717
31540000 6.67668
31550000 6.67833
31560000 6.67788
31570000 6.67952
31580000 6.67907
31590000 6.68071
31600000 6.68032
31610000 6.68193
31620000 6.68153
31630000 6.68316
31640000 6.68281
31650000 6.68435
31660000 6.68405
31670000 6.68558
31680000 6.68527
31690000 6.68692
31700000 6.68655
31710000 6.68813
31720000 6.68768
31730000 6.68932
31740000 6.68885
31750000 6.69051
31760000 6.69001
31770000 6.69207
31780000 6.69141
31790000 6.69313
31800000 6.69269
31810000 6.6944
31820000 6.69422
31830000 6.69554
31840000 6.69563
31850000 6.69675
31860000 6.69718
31870000 6.69796
31880000 6.69881
31890000 6.69913
31900000 6.70024
31910000 6.70035
31920000 6.70139
31930000 6.70154
31940000 6.70327
31950000 6.70269
31960000 6.70435
31970000 6.70386
31980000 6.70551
31990000 6.70502
32000000 6.70667
32010000 6.70622
32020000 6.70784
32030000 6.70743
32040000 6.70904
32050000 6.70865
32060000 6.71024
32070000 6.70989
32080000 6.71146
32090000 6.71117
32100000 6.71265
32110000 6.71234
32120000 6.71385
32130000 6.71354
32140000 6.71519
32150000 6.7148
32160000 6.71639
32170000 6.71592
32180000 6.71756
32190000 6.71707
32200000 6.71872
32210000 6.71827
32220000 6.72022
32230000 6.71961
32240000 6.72142
32250000 6.72116
32260000 6.72256
32270000 6.72241
32280000 6.72377
32290000 6.72409
32300000 6.72491
32310000 6.72563
32320000 6.7261
32330000 6.72789
32340000 6.72726
32350000 6.72834
32360000 6.72846
32370000 6.73004
32380000 6.72965
32390000 6.73137
32400000 6.7308
32410000 6.73244
32420000 6.73194
32430000 6.73358
32440000 6.73313
32450000 6.73473
32460000 6.7343
32470000 6.73589
32480000 6.73551
32490000 6.7371
32500000 6.73671
32510000 6.73828
32520000 6.73796
32530000 6.73948
32540000 6.73918
32550000 6.74068
32560000 6.74038
32570000 6.742
32580000 6.74163
32590000 6.7432
32600000 6.74276
32610000 6.74437
32620000 6.74389
32630000 6.74554
32640000 6.74504
32650000 6.74708
32660000 6.74642
32670000 6.74812
32680000 6.74765
32690000 6.74936
32700000 6.74916
32710000 6.75049
32720000 6.75038
32730000 6.75166
32740000 6.75197
32750000 6.75285
32760000 6.75341
32770000 6.75398
32780000 6.75516
32790000 6.75513
32800000 6.75627
32810000 6.75637
32820000 6.75809
32830000 6.7575
32840000 6.75913
32850000 6.75864
32860000 6.76027
32870000 6.75978
32880000 6.7614
32890000 6.76096
32900000 6.76256
32910000 6.7621
32920000 6.76371
32930000 6.76334
32940000 6.76491
32950000 6.7645
32960000 6.7661
32970000 6.76574
32980000 6.76727
32990000 6.76696
33000000 6.76846
33010000 6.76814
33020000 6.76977
33030000 6.76938
33040000 6.77093
33050000 6.77048
33060000 6.7721
33070000 6.77161
33080000 6.77324
33090000 6.77274
33100000 6.77473
33110000 6.7741
33120000 6.77581
33130000 6.77535
33140000 6.77703
33150000 6.77685
33160000 6.77814
33170000 6.77822
33180000 6.77931
33190000 6.78002
33200000 6.78046
33210000 6.78119
33220000 6.78163
33230000 6.78272
33240000 6.78282
33250000 6.78382
33260000 6.78397
33270000 6.78568
33280000 6.78511
33290000 6.78673
33300000 6.78623
33310000 6.78785
33320000 6.78737
33330000 6.78898
33340000 6.78853
33350000 6.79012
33360000 6.78971
33370000 6.79129
33380000 6.79089
33390000 6.79246
33400000 6.79211
33410000 6.79364
33420000 6.79334
33430000 6.79481
33440000 6.79451
33450000 6.79598
33460000 6.79565
33470000 6.79728
33480000 6.79687
33490000 6.79844
33500000 6.79796
33510000 6.79959
33520000 6.79909
33530000 6.80068
33540000 6.80024
33550000 6.80215
33560000 6.80155
33570000 6.80335
33580000 6.80307
33590000 6.80445
33600000 6.80429
33610000 6.80562
33620000 6.80621
33630000 6.80672
33640000 6.80728
33650000 6.8079
33660000 6.80965
33670000 6.80902
33680000 6.81008
33690000 6.81018
33700000 6.8119
33710000 6.81134
33720000 6.81295
33730000 6.81246
33740000 6.81408
33750000 6.81358
33760000 6.81518
33770000 6.81473
33780000 6.8163
33790000 6.81587
33800000 6.81745
33810000 6.81705
33820000 6.81861
33830000 6.81821
33840000 6.81979
33850000 6.81944
33860000 6.82093
33870000 6.82062
33880000 6.8221
33890000 6.82178
33900000 6.82339
33910000 6.82301
33920000 6.82455
33930000 6.8241
33940000 6.82569
33950000 6.82519
33960000 6.82682
33970000 6.82632
33980000 6.82832
33990000 6.82766
34000000 6.82933
34010000 6.8289
34020000 6.83054
34030000 6.83034
34040000 6.83163
34050000 6.83167
34060000 6.83278
34070000 6.83319
34080000 6.83394
34090000 6.83449
34100000 6.83504
34110000 6.8362
34120000 6.83615
34130000 6.83727
34140000 6.83736
34150000 6.83904
34160000 6.83846
34170000 6.84006
34180000 6.83958
34190000 6.84118
34200000 6.84069
34210000 6.84229
34220000 6.84183
34230000 6.84341
34240000 6.84295
34250000 6.84456
34260000 6.84415
34270000 6.8457
34280000 6.84529
34290000 6.84686
34300000 6.84656
34310000 6.848
34320000 6.84768
34330000 6.84915
34340000 6.84883
34350000 6.85044
34360000 6.85004
34370000 6.85157
34380000 6.85111
34390000 6.8527
34400000 6.8522
34410000 6.85381
34420000 6.85338
34430000 6.85525
34440000 6.85464
34450000 6.8564
34460000 6.85593
34470000 6.85749
34480000 6.85733
34490000 6.85864
34500000 6.85894
34510000 6.85973
34520000 6.86043
34530000 6.86084
34540000 6.86154
34550000 6.86197
34560000 6.86306
34570000 6.86313
34580000 6.86411
34590000 6.86426
34600000 6.86594
34610000 6.86536
34620000 6.86696
34630000 6.86645
34640000 6.86805
34650000 6.86756
34660000 6.86915
34670000 6.8687
34680000 6.87026
34690000 6.86985
34700000 6.87141
34710000 6.87101
34720000 6.87254
34730000 6.87218
34740000 6.87369
34750000 6.87337
34760000 6.87484
34770000 6.87452
34780000 6.87596
34790000 6.87572
34800000 6.87725
34810000 6.87681
34820000 6.87836
34830000 6.87788
34840000 6.87949
34850000 6.87898
34860000 6.88054
34870000 6.88032
34880000 6.88197
34890000 6.88149
34900000 6.88315
34910000 6.8829
34920000 6.88423
34930000 6.88411
34940000 6.88535
34950000 6.88564
34960000 6.88644
34970000 6.88698
34980000 6.88756
34990000 6.88928
35000000 6.88867
35010000 6.8897
35020000 6.88985
35030000 6.89149
35040000 6.89093
35050000 6.89252
35060000 6.89202
35070000 6.89361
35080000 6.89311
35090000 6.89469
35100000 6.89423
35110000 6.89579
35120000 6.89533
35130000 6.8969
35140000 6.8965
35150000 6.89803
35160000 6.89763
35170000 6.89919
35180000 6.89882
35190000 6.90029
35200000 6.89998
35210000 6.90144
35220000 6.90111
35230000 6.90268
35240000 6.9023
35250000 6.90381
35260000 6.90335
35270000 6.90492
35280000 6.90443
35290000 6.90603
35300000 6.90552
35310000 6.90748
35320000 6.90682
35330000 6.90847
35340000 6.90802
35350000 6.90965
35360000 6.90945
35370000 6.91072
35380000 6.91078
35390000 6.91184
35400000 6.91223
35410000 6.91297
35420000 6.91357
35430000 6.91405
35440000 6.91511
35450000 6.91519
35460000 6.91618
35470000 6.9163
35480000 6.91795
35490000 6.91736
35500000 6.91896
35510000 6.91846
35520000 6.92003
35530000 6.91954
35540000 6.92112
35550000 6.92065
35560000 6.9222
35570000 6.92178
35580000 6.92332
35590000 6.92292
35600000 6.92444
35610000 6.92407
35620000 6.92557
35630000 6.92526
35640000 6.92669
35650000 6.92637
35660000 6.9278
35670000 6.92748
35680000 6.92905
35690000 6.92865
35700000 6.93017
35710000 6.92969
35720000 6.93126
35730000 6.93076
35740000 6.93234
35750000 6.93188
35760000 6.93374
35770000 6.93313
35780000 6.93486
35790000 6.93459
35800000 6.93593
35810000 6.93576
35820000 6.93705
35830000 6.93733
35840000 6.93811
35850000 6.93879
35860000 6.93923
35870000 6.94093
35880000 6.94031
35890000 6.94133
35900000 6.94142
35910000 6.94293
35920000 6.94253
35930000 6.94417
35940000 6.9436
35950000 6.94517
35960000 6.94467
35970000 6.94623
35980000 6.94577
35990000 6.94731
36000000 6.94686
36010000 6.94839
36020000 6.94799
36030000 6.94952
36040000 6.94911
36050000 6.95062
36060000 6.95028
36070000 6.95173
36080000 6.95141
36090000 6.95285
36100000 6.95253
36110000 6.95408
36120000 6.9537
36130000 6.9552
36140000 6.95475
36150000 6.95629
36160000 6.9558
36170000 6.95738
36180000 6.95688
36190000 6.95883
36200000 6.95817
36210000 6.9598
36220000 6.95932
36230000 6.96095
36240000 6.96074
36250000 6.962
36260000 6.96188
36270000 6.9631
36280000 6.96338
36290000 6.9642
36300000 6.96473
36310000 6.96526
36320000 6.96638
36330000 6.96633
36340000 6.96742
36350000 6.96748
36360000 6.96913
36370000 6.96854
36380000 6.9701
36390000 6.9696
36400000 6.97117
36410000 6.97067
36420000 6.97222
36430000 6.97176
36440000 6.97329
36450000 6.97283
36460000 6.97437
36470000 6.97398
36480000 6.97549
36490000 6.97507
36500000 6.97661
36510000 6.97623
36520000 6.9777
36530000 6.97737
36540000 6.9788
36550000 6.97846
36560000 6.98003
36570000 6.97963
36580000 6.98112
36590000 6.98065
36600000 6.9822
36610000 6.98171
36620000 6.98327
36630000 6.98284
36640000 6.98466
36650000 6.98403
36660000 6.98576
36670000 6.9852
36680000 6.98681
36690000 6.98661
36700000 6.98785
36710000 6.9879
36720000 6.98895
36730000 6.9896
36740000 6.99001
36750000 6.99069
36760000 6.9911
36770000 6.99214
36780000 6.99221
36790000 6.99316
36800000 6.99329
36810000 6.99492
36820000 6.99435
36830000 6.9959
36840000 6.99539
36850000 6.99694
36860000 6.99645
36870000 6.998
36880000 6.99754
36890000 6.99906
36900000 6.99864
36910000 7.00016
36920000 6.99975
36930000 7.00125
36940000 7.00088
36950000 7.00235
36960000 7.00204
36970000 7.00345
36980000 7.00312
36990000 7.00453
37000000 7.0042
37010000 7.00575
37020000 7.00533
37030000 7.00684
37040000 7.00635
37050000 7.00791
37060000 7.0074
37070000 7.00892
37080000 7.00871
37090000 7.01031
37100000 7.00971
37110000 7.01143
37120000 7.01113
37130000 7.01245
37140000 7.01228
37150000 7.01354
37160000 7.01408
37170000 7.01458
37180000 7.01509
37190000 7.01567
37200000 7.01735
37210000 7.01672
37220000 7.01773
37230000 7.0178
37240000 7.01945
37250000 7.01889
37260000 7.02043
37270000 7.01993
37280000 7.02148
37290000 7.02098
37300000 7.02252
37310000 7.02205
37320000 7.02356
37330000 7.02312
37340000 7.02463
37350000 7.02422
37360000 7.02572
37370000 7.02531
37380000 7.02683
37390000 7.02646
37400000 7.02788
37410000 7.02756
37420000 7.02899
37430000 7.02865
37440000 7.03018
37450000 7.02979
37460000 7.03127
37470000 7.03081
37480000 7.03233
37490000 7.03184
37500000 7.03339
37510000 7.03289
37520000 7.0348
37530000 7.03414
37540000 7.03575
37550000 7.03531
37560000 7.03687
37570000 7.03666
37580000 7.0379
37590000 7.03785
37600000 7.03897
37610000 7.03935
37620000 7.04005
37630000 7.04057
37640000 7.04108
37650000 7.04219
37660000 7.04211
37670000 7.04319
37680000 7.04325
37690000 7.04486
37700000 7.04427
37710000 7.04581
37720000 7.04533
37730000 7.04686
37740000 7.04636
37750000 7.04789
37760000 7.04743
37770000 7.04894
37780000 7.04847
37790000 7.05001
37800000 7.0496
37810000 7.05108
37820000 7.05066
37830000 7.05217
37840000 7.05185
37850000 7.05324
37860000 7.0529
37870000 7.05431
37880000 7.05397
37890000 7.05552
37900000 7.0551
37910000 7.05657
37920000 7.05611
37930000 7.05763
37940000 7.05713
37950000 7.05867
37960000 7.05824
37970000 7.06003
37980000 7.05941
37990000 7.0611
38000000 7.06062
38010000 7.06212
38020000 7.06194
38030000 7.06319
38040000 7.06346
38050000 7.06421
38060000 7.06487
38070000 7.06525
38080000 7.06592
38090000 7.06631
38100000 7.06734
38110000 7.06739
38120000 7.06833
38130000 7.06845
38140000 7.07006
38150000 7.06948
38160000 7.07101
38170000 7.0705
38180000 7.07204
38190000 7.07154
38200000 7.07306
38210000 7.0726
38220000 7.0741
38230000 7.07368
38240000 7.07518
38250000 7.07476
38260000 7.07624
38270000 7.07587
38280000 7.07731
38290000 7.07698
38300000 7.07838
38310000 7.07805
38320000 7.07944
38330000 7.07918
38340000 7.08065
38350000 7.08019
38360000 7.08169
38370000 7.0812
38380000 7.08274
38390000 7.08223
38400000 7.08372
38410000 7.08349
38420000 7.08507
38430000 7.08458
38440000 7.08617
38450000 7.08591
38460000 7.08718
38470000 7.08705
38480000 7.08823
38490000 7.08849
38500000 7.08925
38510000 7.08975
38520000 7.0903
38530000 7.09197
38540000 7.09133
38550000 7.09233
38560000 7.09244
38570000 7.09401
38580000 7.09345
38590000 7.09498
38600000 7.09448
38610000 7.096
38620000 7.0955
38630000 7.09701
38640000 7.09654
38650000 7.09804
38660000 7.09758
38670000 7.09908
38680000 7.09867
38690000 7.10015
38700000 7.09973
38710000 7.10122
38720000 7.10084
38730000 7.10225
38740000 7.10193
38750000 7.10333
38760000 7.10299
38770000 7.1045
38780000 7.10411
38790000 7.10556
38800000 7.10509
38810000 7.1066
38820000 7.1061
38830000 7.10763
38840000 7.10712
38850000 7.109
38860000 7.10834
38870000 7.10992
38880000 7.10946
38890000 7.11104
38900000 7.11082
38910000 7.11203
38920000 7.11207
38930000 7.11308
38940000 7.11344
38950000 7.11414
38960000 7.11494
38970000 7.11515
38980000 7.11617
38990000 7.11622
39000000 7.11717
39010000 7.11726
39020000 7.11885
39030000 7.11825
39040000 7.11978
39050000 7.11928
39060000 7.12079
39070000 7.12029
39080000 7.12181
39090000 7.12134
39100000 7.12282
39110000 7.1224
39120000 7.12388
39130000 7.12346
39140000 7.12492
39150000 7.12455
39160000 7.12599
39170000 7.12566
39180000 7.12703
39190000 7.1267
39200000 7.12808
39210000 7.12774
39220000 7.12925
39230000 7.12883
39240000 7.1303
39250000 7.12981
39260000 7.13132
39270000 7.13082
39280000 7.13233
39290000 7.13186
39300000 7.13365
39310000 7.13304
39320000 7.1347
39330000 7.13441
39340000 7.1357
39350000 7.13552
39360000 7.13675
39370000 7.13701
39380000 7.13774
39390000 7.13839
39400000 7.13879
39410000 7.14043
39420000 7.1398
39430000 7.14078
39440000 7.14084
39450000 7.14229
39460000 7.14188
39470000 7.14346
39480000 7.14289
39490000 7.1444
39500000 7.14389
39510000 7.1454
39520000 7.14492
39530000 7.1464
39540000 7.14594
39550000 7.14741
39560000 7.14701
39570000 7.14847
39580000 7.14805
39590000 7.14951
39600000 7.14915
39610000 7.15055
39620000 7.15022
39630000 7.1516
39640000 7.15127
39650000 7.15276
39660000 7.15237
39670000 7.15381
39680000 7.15335
39690000 7.15483
39700000 7.15434
39710000 7.15585
39720000 7.15534
39730000 7.15722
39740000 7.15656
39750000 7.15813
39760000 7.15764
39770000 7.15921
39780000 7.15898
39790000 7.16019
39800000 7.16005
39810000 7.16122
39820000 7.16147
39830000 7.16226
39840000 7.16275
39850000 7.16324
39860000 7.16433
39870000 7.16425
39880000 7.16529
39890000 7.16534
39900000 7.16692
39910000 7.16632
39920000 7.16782
39930000 7.16732
39940000 7.16883
39950000 7.16832
39960000 7.16981
39970000 7.16935
39980000 7.17082
39990000 7.17035
40000000 7.17183
40010000 7.17143
40020000 7.17288
40030000 7.17246
40040000 7.17393
40050000 7.17354
40060000 7.17496
40070000 7.17461
40080000 7.17599
40090000 7.17564
40100000 7.17715
40110000 7.17674
40120000 7.17817
40130000 7.17769
40140000 7.17919
40150000 7.17868
40160000 7.18019
40170000 7.17974
40180000 7.1815
40190000 7.18087
40200000 7.18253
40210000 7.18196
40220000 7.18351
40230000 7.1833
40240000 7.18449
40250000 7.18452
40260000 7.18552
40270000 7.18614
40280000 7.18652
40290000 7.18717
40300000 7.18754
40310000 7.18854
40320000 7.18858
40330000 7.1895
40340000 7.1896
40350000 7.19117
40360000 7.19059
40370000 7.19208
40380000 7.19157
40390000 7.19306
40400000 7.19257
40410000 7.19406
40420000 7.19359
40430000 7.19505
40440000 7.19462
40450000 7.19608
40460000 7.19566
40470000 7.19711
40480000 7.19673
40490000 7.19814
40500000 7.19781
40510000 7.19917
40520000 7.19884
40530000 7.20019
40540000 7.19984
40550000 7.20135
40560000 7.20091
40570000 7.20236
40580000 7.20186
40590000 7.20337
40600000 7.20285
40610000 7.20432
40620000 7.20407
40630000 7.20562
40640000 7.20503
40650000 7.20668
40660000 7.20637
40670000 7.20764
40680000 7.20745
40690000 7.20867
40700000 7.20891
40710000 7.20963
40720000 7.21012
40730000 7.21066
40740000 7.21228
40750000 7.21165
40760000 7.21262
40770000 7.21266
40780000 7.21424
40790000 7.21368
40800000 7.21517
40810000 7.21466
40820000 7.21615
40830000 7.21564
40840000 7.21713
40850000 7.21665
40860000 7.2181
40870000 7.21765
40880000 7.21911
40890000 7.2187
40900000 7.22014
40910000 7.21972
40920000 7.22118
40930000 7.22079
40940000 7.22217
40950000 7.22183
40960000 7.22321
40970000 7.22286
40980000 7.22434
40990000 7.22393
41000000 7.22536
41010000 7.22489
41020000 7.22636
41030000 7.22585
41040000 7.22735
41050000 7.22684
41060000 7.22868
41070000 7.22802
41080000 7.22957
41090000 7.22912
41100000 7.23063
41110000 7.23039
41120000 7.23159
41130000 7.23161
41140000 7.2326
41150000 7.23295
41160000 7.23362
41170000 7.2341
41180000 7.23457
41190000 7.23564
41200000 7.23555
41210000 7.23658
41220000 7.23662
41230000 7.23817
41240000 7.23758
41250000 7.23906
41260000 7.23857
41270000 7.24005
41280000 7.23954
41290000 7.24102
41300000 7.24055
41310000 7.242
41320000 7.24153
41330000 7.24301
41340000 7.24259
41350000 7.24402
41360000 7.24359
41370000 7.24504
41380000 7.24471
41390000 7.24605
41400000 7.24569
41410000 7.24706
41420000 7.24671
41430000 7.24819
41440000 7.24777
41450000 7.24919
41460000 7.24871
41470000 7.25018
41480000 7.24967
41490000 7.25116
41500000 7.25071
41510000 7.25244
41520000 7.25182
41530000 7.25345
41540000 7.25296
41550000 7.2544
41560000 7.25422
41570000 7.25542
41580000 7.25566
41590000 7.25637
41600000 7.257
41610000 7.25735
41620000 7.25798
41630000 7.25837
41640000 7.25934
41650000 7.25936
41660000 7.26026
41670000 7.26036
41680000 7.26191
41690000 7.26133
41700000 7.26281
41710000 7.26229
41720000 7.26377
41730000 7.26326
41740000 7.26473
41750000 7.26427
41760000 7.26571
41770000 7.26528
41780000 7.26672
41790000 7.2663
41800000 7.26772
41810000 7.26734
41820000 7.26873
41830000 7.26839
41840000 7.26974
41850000 7.2694
41860000 7.27073
41870000 7.27046
41880000 7.27187
41890000 7.27141
41900000 7.27285
41910000 7.27236
41920000 7.27384
41930000 7.27333
41940000 7.27477
41950000 7.27451
41960000 7.27604
41970000 7.27554
41980000 7.27708
41990000 7.27681
42000000 7.27803
42010000 7.27788
42020000 7.27902
42030000 7.27925
42040000 7.27997
42050000 7.28045
42060000 7.28096
42070000 7.28242
42080000 7.28193
42090000 7.28296
42100000 7.28298
42110000 7.28449
42120000 7.28393
42130000 7.2854
42140000 7.28489
42150000 7.28636
42160000 7.28585
42170000 7.28731
42180000 7.28684
42190000 7.28828
42200000 7.28781
42210000 7.28926
42220000 7.28884
42230000 7.29026
42240000 7.28984
42250000 7.29128
42260000 7.29089
42270000 7.29225
42280000 7.29191
42290000 7.29326
42300000 7.29291
42310000 7.29437
42320000 7.29396
42330000 7.29536
42340000 7.29489
42350000 7.29634
42360000 7.29584
42370000 7.29732
42380000 7.2968
42390000 7.29861
42400000 7.29795
42410000 7.29948
42420000 7.29901
42430000 7.30053
42440000 7.3003
42450000 7.30146
42460000 7.30148
42470000 7.30245
42480000 7.30279
42490000 7.30345
42500000 7.30405
42510000 7.3044
42520000 7.30538
42530000 7.30541
42540000 7.30632
42550000 7.30638
42560000 7.30792
42570000 7.30732
42580000 7.3088
42590000 7.30829
42600000 7.30975
42610000 7.30924
42620000 7.3107
42630000 7.31022
42640000 7.31166
42650000 7.31123
42660000 7.31265
42670000 7.31223
42680000 7.31364
42690000 7.31325
42700000 7.31464
42710000 7.3143
42720000 7.31562
42730000 7.31529
42740000 7.31661
42750000 7.31626
42760000 7.31772
42770000 7.31729
42780000 7.31871
42790000 7.31822
42800000 7.31967
42810000 7.31916
42820000 7.32062
42830000 7.32015
42840000 7.32187
42850000 7.32126
42860000 7.32286
42870000 7.32256
42880000 7.3238
42890000 7.3236
42900000 7.32479
42910000 7.32502
42920000 7.32573
42930000 7.32633
42940000 7.32671
42950000 7.3283
42960000 7.32766
42970000 7.32861
42980000 7.32865
42990000 7.33003
43000000 7.32963
43010000 7.33115
43020000 7.33058
43030000 7.33203
43040000 7.33152
43050000 7.33297
43060000 7.33249
43070000 7.33391
43080000 7.33345
43090000 7.33487
43100000 7.33446
43110000 7.33587
43120000 7.33544
43130000 7.33685
43140000 7.33648
43150000 7.33783
43160000 7.33749
43170000 7.33882
43180000 7.33847
43190000 7.33992
43200000 7.33951
43210000 7.34091
43220000 7.34044
43230000 7.34187
43240000 7.34137
43250000 7.34283
43260000 7.34232
43270000 7.34412
43280000 7.34346
43290000 7.34498
43300000 7.34449
43310000 7.346
43320000 7.34576
43330000 7.34693
43340000 7.34677
43350000 7.34789
43360000 7.34812
43370000 7.34887
43380000 7.34934
43390000 7.3498
43400000 7.35084
43410000 7.35075
43420000 7.35175
43430000 7.35177
43440000 7.3533
43450000 7.35271
43460000 7.35415
43470000 7.35365
43480000 7.3551
43490000 7.35459
43500000 7.35603
43510000 7.35555
43520000 7.35698
43530000 7.3565
43540000 7.35794
43550000 7.35752
43560000 7.35892
43570000 7.35849
43580000 7.35992
43590000 7.35952
43600000 7.36088
43610000 7.36052
43620000 7.36186
43630000 7.3615
43640000 7.36295
43650000 7.36253
43660000 7.36391
43670000 7.36343
43680000 7.36487
43690000 7.36437
43700000 7.36582
43710000 7.36537
43720000 7.36706
43730000 7.36643
43740000 7.36803
43750000 7.36746
43760000 7.36896
43770000 7.36874
43780000 7.36988
43790000 7.36989
43800000 7.37085
43810000 7.37144
43820000 7.3718
43830000 7.37241
43840000 7.37276
43850000 7.37372
43860000 7.37374
43870000 7.37462
43880000 7.3747
43890000 7.37622
43900000 7.37564
43910000 7.37708
43920000 7.37656
43930000 7.378
43940000 7.3775
43950000 7.37895
43960000 7.37847
43970000 7.37987
43980000 7.37944
43990000 7.38085
44000000 7.38042
44010000 7.38182
44020000 7.38143
44030000 7.3828
44040000 7.38246
44050000 7.38377
44060000 7.38342
44070000 7.38473
44080000 7.38437
44090000 7.38583
44100000 7.38538
44110000 7.38678
44120000 7.38628
44130000 7.38773
44140000 7.38721
44150000 7.38863
44160000 7.38836
44170000 7.38986
44180000 7.38927
44190000 7.39086
44200000 7.39054
44210000 7.39177
44220000 7.39156
44230000 7.39273
44240000 7.39295
44250000 7.39365
44260000 7.3941
44270000 7.39462
44280000 7.39618
44290000 7.39555
44300000 7.39648
44310000 7.39651
44320000 7.39803
44330000 7.39747
44340000 7.39891
44350000 7.3984
44360000 7.39984
44370000 7.39932
44380000 7.40075
44390000 7.40027
44400000 7.40167
44410000 7.40122
44420000 7.40263
44430000 7.4022
44440000 7.4036
44450000 7.40317
44460000 7.40458
44470000 7.40419
44480000 7.40552
44490000 7.40517
44500000 7.4065
44510000 7.40614
44520000 7.40757
44530000 7.40715
44540000 7.40853
44550000 7.40806
44560000 7.40947
44570000 7.40896
44580000 7.41041
44590000 7.4099
44600000 7.41168
44610000 7.41102
44620000 7.41251
44630000 7.41205
44640000 7.41352
44650000 7.41327
44660000 7.41442
44670000 7.41443
44680000 7.41537
44690000 7.4157
44700000 7.41633
44710000 7.41679
44720000 7.41724
44730000 7.41827
44740000 7.41816
44750000 7.41915
44760000 7.41917
44770000 7.42067
44780000 7.42008
44790000 7.42151
44800000 7.42101
44810000 7.42244
44820000 7.42193
44830000 7.42336
44840000 7.42288
44850000 7.42428
44860000 7.42381
44870000 7.42524
44880000 7.42481
44890000 7.42619
44900000 7.42576
44910000 7.42716
44920000 7.42681
44930000 7.42811
44940000 7.42775
44950000 7.42906
44960000 7.4287
44970000 7.43014
44980000 7.42971
44990000 7.43108
45000000 7.4306
45010000 7.43202
45020000 7.43151
45030000 7.43294
45040000 7.43248
45050000 7.43416
45060000 7.43354
45070000 7.43511
45080000 7.43462
45090000 7.43601
45100000 7.43581
45110000 7.43697
45120000 7.43719
45130000 7.43787
45140000 7.43847
45150000 7.43879
45160000 7.4394
45170000 7.43975
45180000 7.44069
45190000 7.44069
45200000 7.44156
45210000 7.44164
45220000 7.44313
45230000 7.44256
45240000 7.44398
45250000 7.44346
45260000 7.44489
45270000 7.44438
45280000 7.4458
45290000 7.44533
45300000 7.44672
45310000 7.44629
45320000 7.44768
45330000 7.44725
45340000 7.44863
45350000 7.44824
45360000 7.44958
45370000 7.44923
45380000 7.45054
45390000 7.45019
45400000 7.45148
45410000 7.45119
45420000 7.45256
45430000 7.45209
45440000 7.45348
45450000 7.45299
45460000 7.45442
45470000 7.4539
45480000 7.45529
45490000 7.45502
45500000 7.4565
45510000 7.456
45520000 7.45748
45530000 7.4572
45540000 7.45838
45550000 7.45822
45560000 7.45932
45570000 7.45953
45580000 7.46022
45590000 7.46067
45600000 7.46116
45610000 7.46215
45620000 7.46207
45630000 7.46312
45640000 7.46306
45650000 7.46451
45660000 7.46396
45670000 7.46538
45680000 7.46487
45690000 7.46629
45700000 7.46578
45710000 7.46719
45720000 7.46671
45730000 7.46811
45740000 7.46763
45750000 7.46903
45760000 7.4686
45770000 7.46998
45780000 7.46955
45790000 7.47094
45800000 7.47054
45810000 7.47186
45820000 7.47151
45830000 7.47282
45840000 7.47246
45850000 7.47387
45860000 7.47346
45870000 7.47481
45880000 7.47433
45890000 7.47574
45900000 7.47523
45910000 7.47666
45920000 7.47613
45930000 7.47789
45940000 7.47723
45950000 7.4787
45960000 7.47823
45970000 7.4797
45980000 7.47946
45990000 7.48058
46000000 7.48058
46010000 7.48151
46020000 7.48183
46030000 7.48244
46040000 7.48303
46050000 7.48336
46060000 7.4843
46070000 7.48431
46080000 7.48519
46090000 7.48524
46100000 7.48672
46110000 7.48612
46120000 7.48755
46130000 7.48704
46140000 7.48845
46150000 7.48794
46160000 7.48935
46170000 7.48887
46180000 7.49026
46190000 7.48982
46200000 7.4912
46210000 7.49076
46220000 7.49213
46230000 7.49173
46240000 7.49308
46250000 7.49273
46260000 7.49401
46270000 7.49366
46280000 7.49495
46290000 7.49458
46300000 7.496
46310000 7.49556
46320000 7.49694
46330000 7.49643
46340000 7.49784
46350000 7.49733
46360000 7.49875
46370000 7.49826
46380000 7.49993
46390000 7.49931
46400000 7.50087
46410000 7.50056
46420000 7.50175
46430000 7.50155
46440000 7.50269
46450000 7.5029
46460000 7.50358
46470000 7.50414
46480000 7.50451
46490000 7.50604
46500000 7.50541
46510000 7.50632
46520000 7.50634
46530000 7.50768
46540000 7.50727
46550000 7.50874
46560000 7.50817
46570000 7.50958
46580000 7.50906
46590000 7.51046
46600000 7.50998
46610000 7.51135
46620000 7.51089
46630000 7.51226
46640000 7.51184
46650000 7.51321
46660000 7.51277
46670000 7.51414
46680000 7.51376
46690000 7.51506
46700000 7.51471
46710000 7.51601
46720000 7.51565
46730000 7.51705
46740000 7.51663
46750000 7.51798
46760000 7.51751
46770000 7.51889
46780000 7.51839
46790000 7.5198
46800000 7.51929
46810000 7.52103
46820000 7.52038
46830000 7.52183
46840000 7.52135
46850000 7.52281
46860000 7.52256
46870000 7.52369
46880000 7.52352
46890000 7.5246
46900000 7.52481
46910000 7.52553
46920000 7.52597
46930000 7.52641
46940000 7.52741
46950000 7.5273
46960000 7.52827
46970000 7.52828
46980000 7.52975
46990000 7.52916
47000000 7.53056
47010000 7.53005
47020000 7.53146
47030000 7.53094
47040000 7.53234
47050000 7.53185
47060000 7.53323
47070000 7.53275
47080000 7.53414
47090000 7.53372
47100000 7.53508
47110000 7.53464
47120000 7.53602
47130000 7.53561
47140000 7.53693
47150000 7.53657
47160000 7.53786
47170000 7.53749
47180000 7.5389
47190000 7.53847
47200000 7.53981
47210000 7.53932
47220000 7.54072
47230000 7.54021
47240000 7.54161
47250000 7.54116
47260000 7.5428
47270000 7.54217
47280000 7.54371
47290000 7.54314
47300000 7.5446
47310000 7.54436
47320000 7.54547
47330000 7.54546
47340000 7.54638
47350000 7.54695
47360000 7.54728
47370000 7.54787
47380000 7.54819
47390000 7.54912
47400000 7.54912
47410000 7.54997
47420000 7.55003
47430000 7.5515
47440000 7.55092
47450000 7.55231
47460000 7.55179
47470000 7.55319
47480000 7.55268
47490000 7.55408
47500000 7.5536
47510000 7.55496
47520000 7.55452
47530000 7.55589
47540000 7.55545
47550000 7.55681
47560000 7.55641
47570000 7.55773
47580000 7.55738
47590000 7.55865
47600000 7.5583
47610000 7.55957
47620000 7.5592
47630000 7.56061
47640000 7.56015
47650000 7.56151
47660000 7.56101
47670000 7.56241
47680000 7.56189
47690000 7.56326
47700000 7.56298
47710000 7.56444
47720000 7.56384
47730000 7.56538
47740000 7.56505
47750000 7.56624
47760000 7.56602
47770000 7.56716
47780000 7.56736
47790000 7.56802
47800000 7.56846
47810000 7.56894
47820000 7.57046
47830000 7.56983
47840000 7.57073
47850000 7.57073
47860000 7.5722
47870000 7.57165
47880000 7.57304
47890000 7.57253
47900000 7.57392
47910000 7.5734
47920000 7.57479
47930000 7.5743
47940000 7.57566
47950000 7.5752
47960000 7.57656
47970000 7.57613
47980000 7.57749
47990000 7.57705
48000000 7.57842
48010000 7.57802
48020000 7.5793
48030000 7.57895
48040000 7.58024
48050000 7.57987
48060000 7.58125
48070000 7.58083
48080000 7.58217
48090000 7.58169
48100000 7.58306
48110000 7.58255
48120000 7.58395
48130000 7.58343
48140000 7.58515
48150000 7.5845
48160000 7.58594
48170000 7.58548
48180000 7.5869
48190000 7.58666
48200000 7.58775
48210000 7.58775
48220000 7.58866
48230000 7.58896
48240000 7.58957
48250000 7.59
48260000 7.59042
48270000 7.59142
48280000 7.5913
48290000 7.59226
48300000 7.59226
48310000 7.59371
48320000 7.59312
48330000 7.5945
48340000 7.594
48350000 7.59539
48360000 7.59487
48370000 7.59626
48380000 7.59577
48390000 7.59713
48400000 7.59665
48410000 7.59805
48420000 7.5976
48430000 7.59895
48440000 7.59851
48450000 7.59987
48460000 7.59951
48470000 7.60077
48480000 7.6004
48490000 7.60167
48500000 7.6013
48510000 7.60269
48520000 7.60226
48530000 7.60359
48540000 7.6031
48550000 7.60448
48560000 7.60396
48570000 7.60535
48580000 7.60488
48590000 7.60651
48600000 7.60589
48610000 7.60741
48620000 7.60692
48630000 7.60827
48640000 7.60806
48650000 7.60918
48660000 7.60938
48670000 7.61003
48680000 7.61061
48690000 7.61091
48700000 7.61149
48710000 7.61182
48720000 7.61273
48730000 7.61271
48740000 7.61355
48750000 7.61361
48760000 7.61506
48770000 7.61448
48780000 7.61586
48790000 7.61534
48800000 7.61672
48810000 7.61621
48820000 7.61758
48830000 7.61711
48840000 7.61846
48850000 7.61802
48860000 7.61937
48870000 7.61894
48880000 7.62027
48890000 7.61987
48900000 7.62118
48910000 7.62082
48920000 7.62208
48930000 7.62172
48940000 7.62298
48950000 7.62267
48960000 7.624
48970000 7.62353
48980000 7.62488
48990000 7.62438
49000000 7.62577
49010000 7.62525
49020000 7.6266
49030000 7.62632
49040000 7.62775
49050000 7.62724
49060000 7.62868
49070000 7.62839
49080000 7.62953
49090000 7.62936
49100000 7.63042
49110000 7.63061
49120000 7.63128
49130000 7.6317
49140000 7.63217
49150000 7.63312
49160000 7.63303
49170000 7.63402
49180000 7.63397
49190000 7.63538
49200000 7.63482
49210000 7.6362
49220000 7.63569
49230000 7.63706
49240000 7.63655
49250000 7.63792
49260000 7.63743
49270000 7.63879
49280000 7.63831
49290000 7.63967
49300000 7.63923
49310000 7.64057
49320000 7.64013
49330000 7.64149
49340000 7.64108
49350000 7.64235
49360000 7.642
49370000 7.64327
49380000 7.6429
49390000 7.64427
49400000 7.64385
49410000 7.64516
49420000 7.64468
49430000 7.64604
49440000 7.64553
49450000 7.64691
49460000 7.64639
49470000 7.64809
49480000 7.64743
49490000 7.64886
49500000 7.64838
49510000 7.64981
49520000 7.64956
49530000 7.65064
49540000 7.65063
49550000 7.65153
49560000 7.65183
49570000 7.6524
49580000 7.65298
49590000 7.65328
49600000 7.65419
49610000 7.65419
49620000 7.65504
49630000 7.65507
49640000 7.6565
49650000 7.65591
49660000 7.65729
49670000 7.65677
49680000 7.65814
49690000 7.65763
49700000 7.659
49710000 7.65851
49720000 7.65986
49730000 7.65941
49740000 7.66075
49750000 7.66031
49760000 7.66164
49770000 7.66124
49780000 7.66255
49790000 7.66219
49800000 7.66343
49810000 7.66307
49820000 7.66432
49830000 7.66395
49840000 7.66532
49850000 7.66487
49860000 7.66621
49870000 7.66571
49880000 7.66707
49890000 7.66656
49900000 7.66793
49910000 7.66744
49920000 7.66905
49930000 7.66844
49940000 7.66994
49950000 7.66963
49960000 7.67079
49970000 7.67057
49980000 7.67168
49990000 7.67187
50000000 7.67252
