10000 622.472
20000 536.4
30000 510.037
40000 453.931
50000 427.61
60000 384.419
70000 363.162
80000 331.749
90000 313.464
100000 293.285
110000 276.175
120000 260.489
130000 245.431
140000 232.555
150000 220.814
160000 210.458
170000 203.845
180000 195.121
190000 190.314
200000 182.543
210000 175.19
220000 169.847
230000 160.469
240000 156.916
250000 147.893
260000 144.293
270000 137.319
280000 132.366
290000 127.57
300000 121.301
310000 118.739
320000 112.359
330000 110.437
340000 105.726
350000 102.443
360000 99.2081
370000 94.7747
380000 92.6493
390000 88.2624
400000 85.4893
410000 82.7497
420000 79.5355
430000 77.9173
440000 74.0358
450000 73.1818
460000 69.5847
470000 68.9631
480000 65.1643
490000 63.3228
500000 61.4731
510000 59.3778
520000 57.9946
530000 55.6141
540000 54.8949
550000 52.514
560000 51.9385
570000 49.7341
580000 48.9461
590000 47.4415
600000 46.1455
610000 45.1517
620000 43.7827
630000 43.2843
640000 42.0447
650000 41.2382
660000 40.1289
670000 39.0645
680000 38.4139
690000 37.2178
700000 36.5123
710000 35.3929
720000 34.8687
730000 34.0866
740000 33
750000 32.424
760000 31.3949
770000 30.9008
780000 29.9127
790000 29.3863
800000 28.7283
810000 27.9171
820000 27.5659
830000 26.5713
840000 26.0729
850000 25.4052
860000 25.2242
870000 24.3939
880000 23.7614
890000 23.2709
900000 23.0493
910000 22.3063
920000 23.1829
930000 21.2613
940000 21.123
950000 20.276
960000 19.7473
970000 19.4836
980000 19.2555
990000 18.4551
1000000 18.4353
1010000 17.7812
1020000 17.5901
1030000 17.0769
1040000 16.9182
1050000 16.4785
1060000 16.102
1070000 15.702
1080000 15.3596
1090000 15.158
1100000 14.8163
1110000 14.6053
1120000 14.288
1130000 13.8347
1140000 13.6553
1150000 13.366
1160000 13.1146
1170000 12.7742
1180000 12.5732
1190000 12.3566
1200000 12.1315
1210000 11.8299
1220000 11.5323
1230000 11.5159
1240000 11.4056
1250000 11.0034
1260000 11.2027
1270000 10.7552
1280000 10.5246
1290000 10.9017
1300000 10.4722
1310000 10.4835
1320000 9.76288
1330000 10.2474
1340000 9.45043
1350000 10.9429
1360000 9.16283
1370000 9.32254
1380000 8.87281
1390000 9.21385
1400000 8.78737
1410000 8.91515
1420000 8.48811
1430000 8.535
1440000 8.22601
1450000 8.24218
1460000 7.93361
1470000 7.98711
1480000 7.78854
1490000 7.74482
1500000 7.65539
1510000 7.63419
1520000 7.54257
1530000 7.46882
1540000 7.30404
1550000 7.44588
1560000 7.13239
1570000 7.22883
1580000 7.40786
1590000 7.03077
1600000 6.91175
1610000 7.01419
1620000 6.77946
1630000 6.68383
1640000 6.62248
1650000 6.53933
1660000 6.54136
1670000 6.5718
1680000 6.45837
1690000 6.29746
1700000 6.28534
1710000 6.33396
1720000 6.35864
1730000 6.29365
1740000 6.84466
1750000 6.63389
1760000 6.49251
1770000 6.01582
1780000 7.14437
1790000 5.98493
1800000 9.24145
1810000 5.96035
1820000 6.14313
1830000 5.88223
1840000 6.19046
1850000 5.91569
1860000 6.14358
1870000 5.79709
1880000 6.23624
1890000 5.71153
1900000 5.77267
1910000 5.81798
1920000 5.98304
1930000 5.64269
1940000 5.6373
1950000 5.6042
1960000 5.90545
1970000 5.71255
1980000 5.78028
1990000 5.59894
2000000 5.61145
2010000 5.65504
2020000 5.57178
2030000 5.75471
2040000 5.53156
2050000 5.6353
2060000 5.4693
2070000 5.46299
2080000 5.49718
2090000 5.48767
2100000 5.43175
2110000 5.57469
2120000 5.54683
2130000 5.77857
2140000 6.13695
2150000 6.15959
2160000 5.44626
2170000 5.51212
2180000 5.39448
2190000 6.22282
2200000 5.37669
2210000 6.27015
2220000 5.3545
2230000 7.44721
2240000 5.30598
2250000 9.41326
2260000 5.30856
2270000 6.7234
2280000 5.32776
2290000 5.42219
2300000 5.36739
2310000 5.7169
2320000 5.32176
2330000 5.57803
2340000 5.26978
2350000 5.39216
2360000 5.27201
2370000 5.60323
2380000 5.45989
2390000 5.44654
2400000 5.34571
2410000 5.37157
2420000 5.29172
2430000 5.37985
2440000 5.34884
2450000 5.5781
2460000 5.41642
2470000 5.22835
2480000 5.33884
2490000 5.2725
2500000 5.2958
2510000 5.46291
2520000 5.27041
2530000 5.19798
2540000 5.25541
2550000 5.18286
2560000 5.24717
2570000 5.44162
2580000 5.23628
2590000 5.30352
2600000 5.41483
2610000 5.33565
2620000 6.40425
2630000 5.79146
2640000 5.62269
2650000 5.1544
2660000 5.6885
2670000 5.1596
2680000 7.75835
2690000 5.18866
2700000 5.86118
2710000 5.15858
2720000 5.90808
2730000 5.45489
2740000 5.79358
2750000 5.41519
2760000 5.52813
2770000 5.14957
2780000 5.4351
2790000 5.17421
2800000 5.46333
2810000 5.1462
2820000 5.16667
2830000 5.23014
2840000 5.28941
2850000 5.17104
2860000 5.33566
2870000 5.15319
2880000 5.28786
2890000 5.19471
2900000 5.31516
2910000 5.55199
2920000 5.23425
2930000 5.18727
2940000 5.2007
2950000 5.15209
2960000 5.15445
2970000 5.27306
2980000 5.147
2990000 5.18267
3000000 5.29025
3010000 5.55446
3020000 5.14878
3030000 5.90438
3040000 5.4098
3050000 5.28666
3060000 5.16315
3070000 5.95657
3080000 5.11858
3090000 5.63194
3100000 5.08447
3110000 6.43079
3120000 5.13172
3130000 8.70387
3140000 5.138
3150000 5.34511
3160000 5.11316
3170000 5.53035
3180000 5.20896
3190000 5.53621
3200000 5.12774
3210000 5.43001
3220000 5.08333
3230000 5.18656
3240000 5.19607
3250000 5.19232
3260000 5.24634
3270000 5.10863
3280000 5.09502
3290000 5.37867
3300000 5.24067
3310000 5.21445
3320000 5.14618
3330000 5.17907
3340000 5.18006
3350000 5.08144
3360000 5.62787
3370000 5.11616
3380000 5.31268
3390000 5.31
3400000 5.09671
3410000 5.19614
3420000 5.1524
3430000 5.08477
3440000 5.22594
3450000 5.1587
3460000 5.13418
3470000 5.8917
3480000 5.41661
3490000 5.06321
3500000 6.53686
3510000 5.93604
3520000 6.20776
3530000 5.08636
3540000 5.97843
3550000 5.09907
3560000 7.30581
3570000 5.06909
3580000 8.37188
3590000 5.06089
3600000 6.41669
3610000 5.24612
3620000 5.20715
3630000 5.15678
3640000 5.44412
3650000 5.09428
3660000 5.17984
3670000 5.07135
3680000 5.18664
3690000 5.05531
3700000 5.30456
3710000 5.10153
3720000 5.16972
3730000 5.12987
3740000 5.25796
3750000 5.05624
3760000 5.18674
3770000 5.15649
3780000 5.28599
3790000 5.45441
3800000 5.10247
3810000 5.23048
3820000 5.07089
3830000 5.05049
3840000 5.10681
3850000 5.07233
3860000 5.02643
3870000 5.11109
3880000 5.15362
3890000 5.04179
3900000 5.24885
3910000 5.04535
3920000 5.10072
3930000 5.16831
3940000 5.19073
3950000 5.84664
3960000 5.63495
3970000 5.52801
3980000 5.00291
3990000 5.56374
4000000 5.04295
4010000 8.52027
4020000 5.08145
4030000 5.34597
4040000 5.02183
4050000 5.40356
4060000 5.20979
4070000 5.65636
4080000 5.25526
4090000 5.52229
4100000 5.00261
4110000 5.26469
4120000 5.04862
4130000 5.50636
4140000 5.0194
4150000 5.02322
4160000 5.0081
4170000 5.27684
4180000 5.02517
4190000 5.11287
4200000 5.02784
4210000 5.08147
4220000 5.07889
4230000 5.17046
4240000 5.55184
4250000 5.03651
4260000 5.09867
4270000 5.04926
4280000 5.00447
4290000 5.1225
4300000 5.20079
4310000 5.03862
4320000 5.01388
4330000 5.12463
4340000 5.49243
4350000 5.0425
4360000 5.74358
4370000 5.26157
4380000 5.16685
4390000 5.03394
4400000 5.91386
4410000 5.00381
4420000 5.53814
4430000 4.96491
4440000 7.11874
4450000 4.97938
4460000 9.31843
4470000 4.98845
4480000 6.26123
4490000 5.02683
4500000 5.10997
4510000 5.08148
4520000 5.41359
4530000 5.02074
4540000 5.3248
4550000 4.97754
4560000 5.05984
4570000 5.06034
4580000 5.27092
4590000 5.11834
4600000 4.99031
4610000 4.99577
4620000 5.08994
4630000 5.12029
4640000 5.09702
4650000 5.10717
4660000 5.25279
4670000 5.05304
4680000 4.9912
4690000 5.18851
4700000 4.99442
4710000 5.03966
4720000 5.182
4730000 5.02007
4740000 5.00285
4750000 5.0998
4760000 4.97962
4770000 5.1151
4780000 5.16049
4790000 5.01115
4800000 5.7215
4810000 5.32795
4820000 4.96622
4830000 6.2398
4840000 5.84074
4850000 6.18873
4860000 4.98655
4870000 5.98902
4880000 4.94944
4890000 7.78844
4900000 4.97957
4910000 5.5072
4920000 4.96486
4930000 5.65158
4940000 5.26113
4950000 5.61298
4960000 5.26778
4970000 5.38014
4980000 4.99341
4990000 5.27847
5000000 4.97861
5010000 5.17393
5020000 4.97067
5030000 4.99953
5040000 5.0074
5050000 5.05147
5060000 5.03912
5070000 5.16812
5080000 4.95541
5090000 5.10649
5100000 5.04835
5110000 5.1898
5120000 5.33503
5130000 4.98353
5140000 5.14283
5150000 5.01286
5160000 4.97459
5170000 5.03808
5180000 5.0556
5190000 4.95248
5200000 5.01563
5210000 5.15847
5220000 4.97962
5230000 4.98817
5240000 4.97171
5250000 5.04837
5260000 5.0843
5270000 5.13894
5280000 5.78124
5290000 5.52665
5300000 5.46734
5310000 4.91305
5320000 6.3491
5330000 4.96506
5340000 8.64426
5350000 5.00657
5360000 5.26738
5370000 4.94588
5380000 5.35551
5390000 5.10895
5400000 5.31023
5410000 4.98024
5420000 5.47517
5430000 4.92082
5440000 5.02281
5450000 4.96645
5460000 5.38007
5470000 4.94912
5480000 4.94381
5490000 4.92399
5500000 5.16966
5510000 5.06684
5520000 5.06754
5530000 4.94677
5540000 5.0212
5550000 5.02432
5560000 5.04449
5570000 5.58806
5580000 4.96404
5590000 4.96096
5600000 4.93557
5610000 4.97381
5620000 5.04419
5630000 5.07993
5640000 4.98529
5650000 5.02848
5660000 4.97397
5670000 5.27172
5680000 5.58482
5690000 5.72731
5700000 4.94205
5710000 5.1027
5720000 4.93758
5730000 5.90969
5740000 4.93316
5750000 5.95284
5760000 4.95723
5770000 7.19315
5780000 4.90023
5790000 9.25663
5800000 4.92218
5810000 6.33256
5820000 4.9521
5830000 5.05991
5840000 5.02194
5850000 5.35437
5860000 4.93264
5870000 5.18556
5880000 4.91113
5890000 5.07391
5900000 4.94308
5910000 5.19214
5920000 5.04194
5930000 5.00752
5940000 4.96905
5950000 5.02483
5960000 4.94285
5970000 5.01813
5980000 5.02048
5990000 5.16893
6000000 5.04389
6010000 4.93235
6020000 5.26395
6030000 4.94148
6040000 4.94921
6050000 5.10313
6060000 4.93327
6070000 4.90441
6080000 5.05546
6090000 4.90495
6100000 4.93193
6110000 5.08828
6120000 4.94957
6130000 5.03284
6140000 5.09904
6150000 5.02811
6160000 6.17613
6170000 5.5296
6180000 5.3706
6190000 4.87808
6200000 5.45436
6210000 4.88591
6220000 7.61942
6230000 4.91545
6240000 5.61299
6250000 4.90284
6260000 5.5803
6270000 5.20162
6280000 5.52747
6290000 5.21136
6300000 5.27721
6310000 4.88488
6320000 5.21537
6330000 4.91083
6340000 5.36937
6350000 4.91875
6360000 4.91288
6370000 4.94201
6380000 4.97509
6390000 4.89183
6400000 5.09758
6410000 4.87809
6420000 4.98111
6430000 4.97295
6440000 5.07732
6450000 5.2613
6460000 4.91306
6470000 4.94149
6480000 4.91185
6490000 4.94878
6500000 4.99352
6510000 5.11329
6520000 4.92819
6530000 4.97092
6540000 5.06257
6550000 5.33987
6560000 4.94089
6570000 5.64736
6580000 5.13862
6590000 5.04741
6600000 4.9262
6610000 5.79524
6620000 4.88232
6630000 5.43185
6640000 4.85871
6650000 6.27546
6660000 4.90799
6670000 8.6237
6680000 4.87301
6690000 5.13032
6700000 4.88738
6710000 5.35727
6720000 4.98323
6730000 5.29351
6740000 4.93344
6750000 5.21649
6760000 4.87222
6770000 4.9786
6780000 4.91871
6790000 5.00882
6800000 5.00807
6810000 4.88251
6820000 4.86583
6830000 5.0803
6840000 5.01489
6850000 4.9979
6860000 4.88599
6870000 4.9372
6880000 4.94055
6890000 4.91608
6900000 5.62158
6910000 4.91328
6920000 4.94245
6930000 5.07883
6940000 4.92664
6950000 5.03114
6960000 5.0632
6970000 4.88132
6980000 4.98312
6990000 4.89439
7000000 4.93478
7010000 5.59399
7020000 5.25986
7030000 4.86864
7040000 6.34173
7050000 5.72775
7060000 6.08886
7070000 4.88566
7080000 5.81764
7090000 4.90945
7100000 7.24732
7110000 4.87995
7120000 7.12273
7130000 4.86667
7140000 6.1196
7150000 5.19031
7160000 5.01048
7170000 4.97791
7180000 5.26736
7190000 4.88716
7200000 5.01741
7210000 4.88611
7220000 5.02786
7230000 4.8741
7240000 5.05133
7250000 4.89442
7260000 4.93198
7270000 4.90959
7280000 5.08438
7290000 4.86411
7300000 4.99431
7310000 4.96506
7320000 5.03704
7330000 5.21142
7340000 4.88717
7350000 5.26802
7360000 4.88817
7370000 4.88773
7380000 5.00165
7390000 4.86584
7400000 4.86375
7410000 4.97299
7420000 4.95756
7430000 4.86014
7440000 5.03143
7450000 4.87352
7460000 4.95973
7470000 4.9958
7480000 5.00038
7490000 5.7073
7500000 5.46795
7510000 5.3693
7520000 4.83072
7530000 5.43263
7540000 4.88014
7550000 8.52865
7560000 4.90963
7570000 5.19019
7580000 4.85617
7590000 5.01478
7600000 5.00642
7610000 5.48568
7620000 5.13504
7630000 5.32631
7640000 4.83583
7650000 5.07669
7660000 4.8517
7670000 5.42692
7680000 4.87155
7690000 4.85791
7700000 4.83437
7710000 5.065
7720000 4.85586
7730000 4.99135
7740000 4.85247
7750000 4.91163
7760000 4.92723
7770000 5.0199
7780000 5.45539
7790000 4.87857
7800000 4.91886
7810000 4.87814
7820000 4.86247
7830000 4.98302
7840000 5.0808
7850000 4.9269
7860000 4.85485
7870000 4.94233
7880000 5.34356
7890000 4.90154
7900000 5.5702
7910000 5.07683
7920000 5.02301
7930000 4.8679
7940000 5.82733
7950000 4.84159
7960000 5.40621
7970000 4.81524
7980000 6.96708
7990000 4.82659
8000000 9.2505
8010000 4.84097
8020000 6.11436
8030000 4.87379
8040000 4.96248
8050000 4.95226
8060000 5.25356
8070000 4.89415
8080000 5.16904
8090000 4.82976
8100000 4.92063
8110000 4.88084
8120000 5.16026
8130000 4.95398
8140000 4.85127
8150000 4.83807
8160000 4.90672
8170000 4.95053
8180000 4.96138
8190000 4.95489
8200000 5.04012
8210000 4.8935
8220000 4.8903
8230000 5.2302
8240000 4.89012
8250000 4.85202
8260000 5.0014
8270000 4.8783
8280000 4.92295
8290000 5.05748
8300000 4.84084
8310000 4.92576
8320000 4.97882
8330000 4.88008
8340000 5.49616
8350000 5.23338
8360000 4.83726
8370000 6.10013
8380000 5.67552
8390000 6.07477
8400000 4.86071
8410000 5.89782
8420000 4.81631
8430000 7.69033
8440000 4.84694
8450000 5.40793
8460000 4.83738
8470000 5.46112
8480000 5.13324
8490000 5.46518
8500000 5.18292
8510000 5.26577
8520000 4.83828
8530000 5.16196
8540000 4.84347
8550000 5.11811
8560000 4.84541
8570000 4.88966
8580000 4.87002
8590000 4.87559
8600000 4.85631
8610000 5.01696
8620000 4.82799
8630000 4.98874
8640000 4.91026
8650000 4.98657
8660000 5.16893
8670000 4.85335
8680000 5.15686
8690000 4.87192
8700000 4.84382
8710000 4.9666
8720000 4.94205
8730000 4.82432
8740000 4.93079
8750000 5.00444
8760000 4.88261
8770000 4.86387
8780000 4.85731
8790000 4.96125
8800000 4.96013
8810000 5.00786
8820000 5.65908
8830000 5.39767
8840000 5.37489
8850000 4.79173
8860000 6.27712
8870000 4.84806
8880000 8.60735
8890000 4.88161
8900000 5.14741
8910000 4.82369
8920000 5.24007
8930000 4.98108
8940000 5.19685
8950000 4.88791
8960000 5.3181
8970000 4.80567
8980000 4.90065
8990000 4.83919
9000000 5.27904
9010000 4.83733
9020000 4.81713
9030000 4.79843
9040000 5.00841
9050000 4.94223
9060000 4.94049
9070000 4.81281
9080000 4.89997
9090000 4.87209
9100000 4.93763
9110000 5.53651
9120000 4.87387
9130000 4.87582
9140000 4.81829
9150000 4.87427
9160000 4.95355
9170000 5.00039
9180000 4.93827
9190000 4.89526
9200000 4.82533
9210000 5.14002
9220000 5.40095
9230000 5.56343
9240000 4.82251
9250000 4.99902
9260000 4.81835
9270000 5.87473
9280000 4.82835
9290000 5.85348
9300000 4.85327
9310000 7.13932
9320000 4.78999
9330000 9.23898
9340000 4.81231
9350000 6.18736
9360000 4.84141
9370000 4.95833
9380000 4.92887
9390000 5.24013
9400000 4.81061
9410000 5.08169
9420000 4.81291
9430000 4.976
9440000 4.82994
9450000 5.12487
9460000 4.91306
9470000 4.8748
9480000 4.83618
9490000 4.88138
9500000 4.83459
9510000 4.92534
9520000 4.90333
9530000 4.99983
9540000 4.91796
9550000 4.85224
9560000 5.32833
9570000 4.84699
9580000 4.83448
9590000 4.95465
9600000 4.84415
9610000 4.85002
9620000 5.05166
9630000 4.80869
9640000 4.84492
9650000 4.94436
9660000 4.8591
9670000 4.94434
9680000 4.9763
9690000 4.91245
9700000 5.77842
9710000 5.42819
9720000 5.29949
9730000 4.77569
9740000 5.38189
9750000 4.78963
9760000 7.58443
9770000 4.81832
9780000 5.57091
9790000 4.80641
9800000 5.42517
9810000 5.10648
9820000 5.42106
9830000 5.15441
9840000 5.17192
9850000 4.79105
9860000 5.12483
9870000 4.81201
9880000 5.35402
9890000 4.82709
9900000 4.83086
9910000 4.84267
9920000 4.86998
9930000 4.78659
9940000 4.96855
9950000 4.77949
9960000 4.87872
9970000 4.87306
9980000 4.97844
9990000 5.18027
10000000 4.80849
