10000 9.19985
20000 6.72273
30000 5.94387
40000 5.57474
50000 5.36001
60000 5.21628
70000 5.11055
80000 5.02722
90000 4.95916
100000 4.90115
110000 4.85023
120000 4.80498
130000 4.76436
140000 4.72696
150000 4.69177
160000 4.65929
170000 4.62875
180000 4.59998
190000 4.57298
200000 4.54757
210000 4.5234
220000 4.50044
230000 4.47914
240000 4.45776
250000 4.43739
260000 4.4178
270000 4.39881
280000 4.38048
290000 4.36278
300000 4.34557
310000 4.32923
320000 4.31349
330000 4.29833
340000 4.28373
350000 4.2696
360000 4.2558
370000 4.24213
380000 4.22905
390000 4.21631
400000 4.20394
410000 4.19199
420000 4.18051
430000 4.1694
440000 4.15876
450000 4.14893
460000 4.13846
470000 4.12843
480000 4.11869
490000 4.10905
500000 4.09987
510000 4.09079
520000 4.08192
530000 4.0733
540000 4.06498
550000 4.05687
560000 4.04905
570000 4.0414
580000 4.03391
590000 4.02641
600000 4.01922
610000 4.01212
620000 4.00524
630000 3.99848
640000 3.99197
650000 3.98566
660000 3.97964
670000 3.97389
680000 3.9681
690000 3.96229
700000 3.9566
710000 3.95098
720000 3.94562
730000 3.94024
740000 3.93506
750000 3.92986
760000 3.92495
770000 3.92007
780000 3.91536
790000 3.91071
800000 3.90618
810000 3.90166
820000 3.89716
830000 3.89298
840000 3.88879
850000 3.88462
860000 3.88059
870000 3.87669
880000 3.87293
890000 3.86938
900000 3.86607
910000 3.8624
920000 3.85883
930000 3.85531
940000 3.85198
950000 3.84858
960000 3.84539
970000 3.84209
980000 3.83899
990000 3.83589
1000000 3.83289
1010000 3.82994
1020000 3.82708
1030000 3.82419
1040000 3.82131
1050000 3.81868
1060000 3.816
1070000 3.81333
1080000 3.81071
1090000 3.80821
1100000 3.80588
1110000 3.80364
1120000 3.80167
1130000 3.79929
1140000 3.79699
1150000 3.79468
1160000 3.79258
1170000 3.79033
1180000 3.78839
1190000 3.78623
1200000 3.78427
1210000 3.7822
1220000 3.78027
1230000 3.77838
1240000 3.77655
1250000 3.77466
1260000 3.77282
1270000 3.77115
1280000 3.76941
1290000 3.76768
1300000 3.76597
1310000 3.76435
1320000 3.7629
1330000 3.76157
1340000 3.76038
1350000 3.75886
1360000 3.75736
1370000 3.75586
1380000 3.75455
1390000 3.75308
1400000 3.7517
1410000 3.7505
1420000 3.74928
1430000 3.74794
1440000 3.74668
1450000 3.74543
1460000 3.74432
1470000 3.74312
1480000 3.74193
1490000 3.74094
1500000 3.73981
1510000 3.73873
1520000 3.73765
1530000 3.73666
1540000 3.73572
1550000 3.73492
1560000 3.7344
1570000 3.73347
1580000 3.7325
1590000 3.73159
1600000 3.7308
1610000 3.72988
1620000 3.72904
1630000 3.72836
1640000 3.72771
1650000 3.7268
1660000 3.72603
1670000 3.72527
1680000 3.72465
1690000 3.72391
1700000 3.72319
1710000 3.72265
1720000 3.72198
1730000 3.72134
1740000 3.72069
1750000 3.72013
1760000 3.71959
1770000 3.71927
1780000 3.71913
1790000 3.71858
1800000 3.71805
1810000 3.71753
1820000 3.71707
1830000 3.71659
1840000 3.7161
1850000 3.7158
1860000 3.7154
1870000 3.71494
1880000 3.71457
1890000 3.71417
1900000 3.7139
1910000 3.71353
1920000 3.71312
1930000 3.71292
1940000 3.71258
1950000 3.71228
1960000 3.71194
1970000 3.71171
1980000 3.71152
1990000 3.71133
2000000 3.71186
2010000 3.71136
2020000 3.71115
2030000 3.71091
2040000 3.71075
2050000 3.71055
2060000 3.71035
2070000 3.71031
2080000 3.71021
2090000 3.71004
2100000 3.70987
2110000 3.70977
2120000 3.70972
2130000 3.70965
2140000 3.70949
2150000 3.70954
2160000 3.70946
2170000 3.7094
2180000 3.70931
2190000 3.70924
2200000 3.70929
2210000 3.70946
2220000 3.7101
2230000 3.7099
2240000 3.70991
2250000 3.7099
2260000 3.70988
2270000 3.70997
2280000 3.70999
2290000 3.71017
2300000 3.71022
2310000 3.7103
2320000 3.71033
2330000 3.71043
2340000 3.71056
2350000 3.71071
2360000 3.71076
2370000 3.711
2380000 3.71111
2390000 3.71124
2400000 3.71134
2410000 3.71146
2420000 3.71169
2430000 3.71204
2440000 3.71246
2450000 3.71281
2460000 3.71301
2470000 3.71318
2480000 3.71333
2490000 3.71359
2500000 3.71377
2510000 3.71412
2520000 3.71429
2530000 3.71458
2540000 3.71479
2550000 3.71503
2560000 3.71526
2570000 3.71557
2580000 3.71582
2590000 3.71608
2600000 3.71646
2610000 3.71674
2620000 3.71699
2630000 3.71726
2640000 3.71761
2650000 3.71802
2660000 3.7185
2670000 3.71918
2680000 3.7195
2690000 3.71981
2700000 3.7201
2710000 3.72049
2720000 3.72081
2730000 3.72128
2740000 3.7216
2750000 3.722
2760000 3.72234
2770000 3.7227
2780000 3.72306
2790000 3.7235
2800000 3.72387
2810000 3.72424
2820000 3.72472
2830000 3.72512
2840000 3.7255
2850000 3.72586
2860000 3.72632
2870000 3.72687
2880000 3.72747
2890000 3.72827
2900000 3.72869
2910000 3.72912
2920000 3.7295
2930000 3.73
2940000 3.73039
2950000 3.731
2960000 3.73143
2970000 3.73195
2980000 3.73235
2990000 3.73282
3000000 3.73329
3010000 3.73383
3020000 3.73429
3030000 3.73477
3040000 3.73534
3050000 3.73583
3060000 3.73631
3070000 3.73677
3080000 3.73729
3090000 3.73795
3100000 3.73866
3110000 3.73952
3120000 3.74004
3130000 3.74055
3140000 3.74103
3150000 3.74161
3160000 3.74208
3170000 3.74262
3180000 3.74328
3190000 3.7439
3200000 3.74439
3210000 3.74492
3220000 3.74543
3230000 3.74608
3240000 3.74663
3250000 3.74716
3260000 3.74784
3270000 3.74838
3280000 3.74895
3290000 3.74949
3300000 3.7501
3310000 3.75081
3320000 3.75151
3330000 3.75252
3340000 3.75313
3350000 3.75369
3360000 3.75427
3370000 3.75491
3380000 3.75546
3390000 3.75606
3400000 3.75679
3410000 3.75752
3420000 3.75804
3430000 3.75863
3440000 3.75921
3450000 3.75993
3460000 3.76054
3470000 3.76113
3480000 3.76186
3490000 3.76247
3500000 3.7631
3510000 3.7637
3520000 3.76437
3530000 3.76506
3540000 3.76594
3550000 3.76697
3560000 3.76762
3570000 3.76826
3580000 3.76889
3590000 3.76956
3600000 3.7702
3610000 3.77085
3620000 3.77163
3630000 3.77231
3640000 3.77295
3650000 3.77364
3660000 3.77427
3670000 3.77505
3680000 3.77572
3690000 3.77635
3700000 3.77713
3710000 3.7778
3720000 3.77849
3730000 3.77913
3740000 3.77986
3750000 3.78063
3760000 3.78139
3770000 3.78283
3780000 3.78328
3790000 3.78399
3800000 3.78467
3810000 3.78539
3820000 3.78607
3830000 3.78676
3840000 3.78758
3850000 3.78833
3860000 3.78902
3870000 3.7897
3880000 3.79041
3890000 3.7912
3900000 3.79195
3910000 3.79262
3920000 3.79344
3930000 3.79416
3940000 3.79489
3950000 3.79557
3960000 3.79627
3970000 3.79709
3980000 3.798
3990000 3.79935
4000000 3.79993
4010000 3.80067
4020000 3.80139
4030000 3.80209
4040000 3.80287
4050000 3.8036
4060000 3.80445
4070000 3.80519
4080000 3.80597
4090000 3.80668
4100000 3.80744
4110000 3.80822
4120000 3.80904
4130000 3.80975
4140000 3.8106
4150000 3.81135
4160000 3.81212
4170000 3.81284
4180000 3.81358
4190000 3.81443
4200000 3.81538
4210000 3.81639
4220000 3.81734
4230000 3.81813
4240000 3.81889
4250000 3.81963
4260000 3.82043
4270000 3.8212
4280000 3.82208
4290000 3.82282
4300000 3.82366
4310000 3.82442
4320000 3.82519
4330000 3.82601
4340000 3.82681
4350000 3.82759
4360000 3.82837
4370000 3.82925
4380000 3.83004
4390000 3.8308
4400000 3.83157
4410000 3.83243
4420000 3.83333
4430000 3.83428
4440000 3.83545
4450000 3.83625
4460000 3.83704
4470000 3.8378
4480000 3.83864
4490000 3.83943
4500000 3.84033
4510000 3.84111
4520000 3.84196
4530000 3.84275
4540000 3.84354
4550000 3.84435
4560000 3.84522
4570000 3.84602
4580000 3.84683
4590000 3.84771
4600000 3.84853
4610000 3.84932
4620000 3.85009
4630000 3.85096
4640000 3.85191
4650000 3.8529
4660000 3.85409
4670000 3.85492
4680000 3.85573
4690000 3.85651
4700000 3.85738
4710000 3.85816
4720000 3.8591
4730000 3.85991
4740000 3.8608
4750000 3.86158
4760000 3.86241
4770000 3.86323
4780000 3.86413
4790000 3.86495
4800000 3.86578
4810000 3.86668
4820000 3.86751
4830000 3.86833
4840000 3.86913
4850000 3.86999
4860000 3.87098
4870000 3.87201
4880000 3.87318
4890000 3.87404
4900000 3.87487
4910000 3.87567
4920000 3.87655
4930000 3.87735
4940000 3.87819
4950000 3.87913
4960000 3.88005
4970000 3.88085
4980000 3.88169
4990000 3.88249
5000000 3.88344
5010000 3.88428
5020000 3.8851
5030000 3.88604
5040000 3.88688
5050000 3.88773
5060000 3.88854
5070000 3.88943
5080000 3.89043
5090000 3.89138
5100000 3.89265
5110000 3.89354
5120000 3.89436
5130000 3.8952
5140000 3.89609
5150000 3.89691
5160000 3.89777
5170000 3.89873
5180000 3.89969
5190000 3.90048
5200000 3.90132
5210000 3.90214
5220000 3.90311
5230000 3.90396
5240000 3.9048
5250000 3.90574
5260000 3.90659
5270000 3.90745
5280000 3.90829
5290000 3.90918
5300000 3.9101
5310000 3.9112
5320000 3.91244
5330000 3.91331
5340000 3.91418
5350000 3.91503
5360000 3.91591
5370000 3.91677
5380000 3.91762
5390000 3.91859
5400000 3.91948
5410000 3.92034
5420000 3.92123
5430000 3.92207
5440000 3.92305
5450000 3.92392
5460000 3.92475
5470000 3.92571
5480000 3.92658
5490000 3.92745
5500000 3.92829
5510000 3.92921
5520000 3.93017
5530000 3.93112
5540000 3.93271
5550000 3.93336
5560000 3.93426
5570000 3.93511
5580000 3.936
5590000 3.93687
5600000 3.93774
5610000 3.93871
5620000 3.93963
5630000 3.9405
5640000 3.94135
5650000 3.94223
5660000 3.94319
5670000 3.9441
5680000 3.94494
5690000 3.94591
5700000 3.94679
5710000 3.94768
5720000 3.94852
5730000 3.94938
5740000 3.95035
5750000 3.95142
5760000 3.95288
5770000 3.95364
5780000 3.95454
5790000 3.9554
5800000 3.95626
5810000 3.95717
5820000 3.95805
5830000 3.95903
5840000 3.95992
5850000 3.96084
5860000 3.96169
5870000 3.96259
5880000 3.96351
5890000 3.96447
5900000 3.96532
5910000 3.96629
5920000 3.96718
5930000 3.96807
5940000 3.96893
5950000 3.9698
5960000 3.97078
5970000 3.97185
5980000 3.97298
5990000 3.97406
6000000 3.97498
6010000 3.97586
6020000 3.97672
6030000 3.97764
6040000 3.97853
6050000 3.97951
6060000 3.98037
6070000 3.98134
6080000 3.98221
6090000 3.98309
6100000 3.98403
6110000 3.98495
6120000 3.98584
6130000 3.98674
6140000 3.98771
6150000 3.98861
6160000 3.98948
6170000 3.99036
6180000 3.99133
6190000 3.99233
6200000 3.99336
6210000 3.99464
6220000 3.99556
6230000 3.99645
6240000 3.99732
6250000 3.99825
6260000 3.99913
6270000 4.00012
6280000 4.001
6290000 4.00195
6300000 4.00284
6310000 4.00372
6320000 4.00462
6330000 4.0056
6340000 4.00649
6350000 4.00739
6360000 4.00836
6370000 4.00926
6380000 4.01014
6390000 4.011
6400000 4.01196
6410000 4.01299
6420000 4.01406
6430000 4.01532
6440000 4.01624
6450000 4.01714
6460000 4.01801
6470000 4.01895
6480000 4.01982
6490000 4.02083
6500000 4.02171
6510000 4.02267
6520000 4.02355
6530000 4.02445
6540000 4.02535
6550000 4.02633
6560000 4.02723
6570000 4.02813
6580000 4.02909
6590000 4.03
6600000 4.0309
6610000 4.03177
6620000 4.0327
6630000 4.03375
6640000 4.03485
6650000 4.03608
6660000 4.03701
6670000 4.03792
6680000 4.03878
6690000 4.03973
6700000 4.0406
6710000 4.0415
6720000 4.0425
6730000 4.04347
6740000 4.04434
6750000 4.04525
6760000 4.04611
6770000 4.04712
6780000 4.04803
6790000 4.04892
6800000 4.0499
6810000 4.0508
6820000 4.05171
6830000 4.05258
6840000 4.05352
6850000 4.05458
6860000 4.05559
6870000 4.05689
6880000 4.05784
6890000 4.05873
6900000 4.05962
6910000 4.06056
6920000 4.06143
6930000 4.06235
6940000 4.06334
6950000 4.06435
6960000 4.0652
6970000 4.0661
6980000 4.06696
6990000 4.06798
7000000 4.06889
7010000 4.06978
7020000 4.07075
7030000 4.07166
7040000 4.07257
7050000 4.07345
7060000 4.07439
7070000 4.07539
7080000 4.07649
7090000 4.07776
7100000 4.07869
7110000 4.0796
7120000 4.08049
7130000 4.08141
7140000 4.08231
7150000 4.08321
7160000 4.08421
7170000 4.08514
7180000 4.08604
7190000 4.08697
7200000 4.08785
7210000 4.08886
7220000 4.08977
7230000 4.09065
7240000 4.09163
7250000 4.09254
7260000 4.09345
7270000 4.09433
7280000 4.09528
7290000 4.09627
7300000 4.09726
7310000 4.09885
7320000 4.09956
7330000 4.10049
7340000 4.10138
7350000 4.1023
7360000 4.1032
7370000 4.10411
7380000 4.1051
7390000 4.10605
7400000 4.10695
7410000 4.10783
7420000 4.10874
7430000 4.10973
7440000 4.11067
7450000 4.11155
7460000 4.11253
7470000 4.11344
7480000 4.11436
7490000 4.11523
7500000 4.11611
7510000 4.11712
7520000 4.11824
7530000 4.11966
7540000 4.12046
7550000 4.12139
7560000 4.12228
7570000 4.12316
7580000 4.1241
7590000 4.12501
7600000 4.126
7610000 4.1269
7620000 4.12785
7630000 4.12873
7640000 4.12964
7650000 4.13059
7660000 4.13157
7670000 4.13244
7680000 4.13342
7690000 4.13433
7700000 4.13525
7710000 4.13613
7720000 4.13703
7730000 4.13802
7740000 4.1391
7750000 4.14024
7760000 4.14133
7770000 4.14227
7780000 4.14318
7790000 4.14405
7800000 4.14499
7810000 4.1459
7820000 4.14689
7830000 4.14776
7840000 4.14874
7850000 4.14964
7860000 4.15054
7870000 4.15148
7880000 4.15242
7890000 4.15333
7900000 4.15424
7910000 4.15521
7920000 4.15613
7930000 4.15702
7940000 4.15791
7950000 4.15889
7960000 4.1599
7970000 4.16118
7980000 4.16221
7990000 4.16315
8000000 4.16405
8010000 4.16493
8020000 4.16587
8030000 4.16677
8040000 4.16776
8050000 4.16864
8060000 4.16961
8070000 4.17051
8080000 4.1714
8090000 4.17231
8100000 4.17329
8110000 4.17419
8120000 4.1751
8130000 4.17607
8140000 4.17698
8150000 4.17787
8160000 4.17877
8170000 4.17971
8180000 4.18074
8190000 4.18181
8200000 4.18306
8210000 4.184
8220000 4.1849
8230000 4.18577
8240000 4.18672
8250000 4.1876
8260000 4.1886
8270000 4.18949
8280000 4.19045
8290000 4.19134
8300000 4.19224
8310000 4.19315
8320000 4.19413
8330000 4.19503
8340000 4.19593
8350000 4.19689
8360000 4.19781
8370000 4.19871
8380000 4.19958
8390000 4.20051
8400000 4.20156
8410000 4.20265
8420000 4.20388
8430000 4.20481
8440000 4.20572
8450000 4.20659
8460000 4.20753
8470000 4.2084
8480000 4.20931
8490000 4.21029
8500000 4.21127
8510000 4.21214
8520000 4.21305
8530000 4.21391
8540000 4.21492
8550000 4.21582
8560000 4.21671
8570000 4.21768
8580000 4.21858
8590000 4.21949
8600000 4.22036
8610000 4.2213
8620000 4.22235
8630000 4.22335
8640000 4.22464
8650000 4.22559
8660000 4.22647
8670000 4.22736
8680000 4.22829
8690000 4.22917
8700000 4.23008
8710000 4.23106
8720000 4.23205
8730000 4.23291
8740000 4.2338
8750000 4.23467
8760000 4.23568
8770000 4.23658
8780000 4.23746
8790000 4.23842
8800000 4.23932
8810000 4.24023
8820000 4.2411
8830000 4.24203
8840000 4.24303
8850000 4.24411
8860000 4.24537
8870000 4.24629
8880000 4.24719
8890000 4.24808
8900000 4.24899
8910000 4.24989
8920000 4.25078
8930000 4.25176
8940000 4.25268
8950000 4.25358
8960000 4.2545
8970000 4.25537
8980000 4.25637
8990000 4.25727
9000000 4.25815
9010000 4.25911
9020000 4.26001
9030000 4.26091
9040000 4.26178
9050000 4.26271
9060000 4.2637
9070000 4.26468
9080000 4.26623
9090000 4.26694
9100000 4.26786
9110000 4.26874
9120000 4.26965
9130000 4.27054
9140000 4.27144
9150000 4.27241
9160000 4.27334
9170000 4.27424
9180000 4.27514
9190000 4.27601
9200000 4.27699
9210000 4.27791
9220000 4.27878
9230000 4.27974
9240000 4.28064
9250000 4.28154
9260000 4.28241
9270000 4.28334
9280000 4.28426
9290000 4.28531
9300000 4.28675
9310000 4.28755
9320000 4.28847
9330000 4.28935
9340000 4.29022
9350000 4.29114
9360000 4.29203
9370000 4.293
9380000 4.29389
9390000 4.29483
9400000 4.29569
9410000 4.29659
9420000 4.29752
9430000 4.29849
9440000 4.29935
9450000 4.3003
9460000 4.3012
9470000 4.3021
9480000 4.30297
9490000 4.30385
9500000 4.30482
9510000 4.30588
9520000 4.30701
9530000 4.30807
9540000 4.309
9550000 4.30989
9560000 4.31075
9570000 4.31167
9580000 4.31256
9590000 4.31352
9600000 4.31439
9610000 4.31535
9620000 4.31622
9630000 4.31711
9640000 4.31803
9650000 4.31896
9660000 4.31985
9670000 4.32074
9680000 4.32169
9690000 4.32259
9700000 4.32346
9710000 4.32433
9720000 4.32529
9730000 4.32629
9740000 4.32749
9750000 4.32855
9760000 4.32946
9770000 4.33035
9780000 4.33121
9790000 4.33213
9800000 4.33302
9810000 4.33398
9820000 4.33485
9830000 4.33579
9840000 4.33667
9850000 4.33755
9860000 4.33843
9870000 4.3394
9880000 4.34028
9890000 4.34117
9900000 4.34211
9910000 4.343
9920000 4.34388
9930000 4.34475
9940000 4.34567
9950000 4.34667
9960000 4.34773
9970000 4.34894
9980000 4.34985
9990000 4.35074
10000000 4.3516
10010000 4.35252
10020000 4.35338
10030000 4.35435
10040000 4.35522
10050000 4.35616
10060000 4.35703
10070000 4.35791
10080000 4.3588
10090000 4.35976
10100000 4.36064
10110000 4.36152
10120000 4.36245
10130000 4.36335
10140000 4.36422
10150000 4.36508
10160000 4.36598
10170000 4.36701
10180000 4.36807
10190000 4.36927
10200000 4.37018
10210000 4.37106
10220000 4.37191
10230000 4.37283
10240000 4.37368
10250000 4.37456
10260000 4.37552
10270000 4.37647
10280000 4.37732
10290000 4.3782
10300000 4.37905
10310000 4.38003
10320000 4.38091
10330000 4.38178
10340000 4.38272
10350000 4.3836
10360000 4.38448
10370000 4.38533
10380000 4.38624
10390000 4.38726
10400000 4.38824
10410000 4.3895
10420000 4.39042
10430000 4.39128
10440000 4.39215
10450000 4.39305
10460000 4.39391
10470000 4.39479
10480000 4.39574
10490000 4.3967
10500000 4.39754
10510000 4.39841
10520000 4.39925
10530000 4.40024
10540000 4.40111
10550000 4.40197
10560000 4.40291
10570000 4.40378
10580000 4.40466
10590000 4.40551
10600000 4.40642
10610000 4.40739
10620000 4.40844
10630000 4.40966
10640000 4.41056
10650000 4.41144
10660000 4.4123
10670000 4.41318
10680000 4.41405
10690000 4.41492
10700000 4.41587
10710000 4.41675
10720000 4.41764
10730000 4.41853
10740000 4.41937
10750000 4.42035
10760000 4.42123
10770000 4.42207
10780000 4.423
10790000 4.42388
10800000 4.42476
10810000 4.4256
10820000 4.42651
10830000 4.42746
10840000 4.42841
10850000 4.42992
10860000 4.43061
10870000 4.43151
10880000 4.43236
10890000 4.43324
10900000 4.43411
10910000 4.43498
10920000 4.43592
10930000 4.43681
10940000 4.43769
10950000 4.43856
10960000 4.43941
10970000 4.44036
10980000 4.44125
10990000 4.4421
11000000 4.44302
11010000 4.44389
11020000 4.44477
11030000 4.44561
11040000 4.44651
11050000 4.44741
11060000 4.44841
11070000 4.44982
11080000 4.4506
11090000 4.45148
11100000 4.45234
11110000 4.45319
11120000 4.45408
11130000 4.45494
11140000 4.45587
11150000 4.45674
11160000 4.45765
11170000 4.45849
11180000 4.45936
11190000 4.46026
11200000 4.46119
11210000 4.46203
11220000 4.46295
11230000 4.46382
11240000 4.46469
11250000 4.46553
11260000 4.46638
11270000 4.46733
11280000 4.46835
11290000 4.46944
11300000 4.47048
11310000 4.47138
11320000 4.47223
11330000 4.47307
11340000 4.47395
11350000 4.47482
11360000 4.47575
11370000 4.47658
11380000 4.47751
11390000 4.47836
11400000 4.47922
11410000 4.48012
11420000 4.48101
11430000 4.48187
11440000 4.48274
11450000 4.48365
11460000 4.48452
11470000 4.48536
11480000 4.48621
11490000 4.48714
11500000 4.4881
11510000 4.48926
11520000 4.49028
11530000 4.49117
11540000 4.49203
11550000 4.49286
11560000 4.49375
11570000 4.49461
11580000 4.49553
11590000 4.49637
11600000 4.49729
11610000 4.49814
11620000 4.49898
11630000 4.49984
11640000 4.50078
11650000 4.50163
11660000 4.50248
11670000 4.50339
11680000 4.50425
11690000 4.5051
11700000 4.50594
11710000 4.50683
11720000 4.5078
11730000 4.50882
11740000 4.51
11750000 4.51088
11760000 4.51174
11770000 4.51257
11780000 4.51345
11790000 4.51429
11800000 4.51522
11810000 4.51606
11820000 4.51697
11830000 4.51781
11840000 4.51866
11850000 4.51951
11860000 4.52045
11870000 4.52129
11880000 4.52214
11890000 4.52304
11900000 4.5239
11910000 4.52475
11920000 4.52557
11930000 4.52645
11940000 4.52744
11950000 4.52846
11960000 4.52962
11970000 4.53051
11980000 4.53136
11990000 4.53218
12000000 4.53306
12010000 4.53389
12020000 4.53474
12030000 4.53566
12040000 4.53657
12050000 4.5374
12060000 4.53825
12070000 4.53906
12080000 4.54001
12090000 4.54086
12100000 4.5417
12110000 4.5426
12120000 4.54345
12130000 4.5443
12140000 4.54512
12150000 4.546
12160000 4.54699
12170000 4.54793
12180000 4.54914
12190000 4.55003
12200000 4.55086
12210000 4.5517
12220000 4.55257
12230000 4.5534
12240000 4.55425
12250000 4.55516
12260000 4.55609
12270000 4.5569
12280000 4.55774
12290000 4.55855
12300000 4.5595
12310000 4.56034
12320000 4.56117
12330000 4.56207
12340000 4.56291
12350000 4.56376
12360000 4.56458
12370000 4.56545
12380000 4.56639
12390000 4.56741
12400000 4.56858
12410000 4.56945
12420000 4.57029
12430000 4.57112
12440000 4.57198
12450000 4.57281
12460000 4.57366
12470000 4.57456
12480000 4.5755
12490000 4.57627
12500000 4.57713
12510000 4.57794
12520000 4.57888
12530000 4.57973
12540000 4.58054
12550000 4.58144
12560000 4.58228
12570000 4.58313
12580000 4.58394
12590000 4.58481
12600000 4.58573
12610000 4.58665
12620000 4.5881
12630000 4.58877
12640000 4.58963
12650000 4.59045
12660000 4.5913
12670000 4.59214
12680000 4.59297
12690000 4.59388
12700000 4.59474
12710000 4.59559
12720000 4.59643
12730000 4.59724
12740000 4.59815
12750000 4.59902
12760000 4.59983
12770000 4.60072
12780000 4.60156
12790000 4.6024
12800000 4.60321
12810000 4.60408
12820000 4.60494
12830000 4.6059
12840000 4.60726
12850000 4.60802
12860000 4.60887
12870000 4.60969
12880000 4.61051
12890000 4.61136
12900000 4.6122
12910000 4.61309
12920000 4.61393
12930000 4.6148
12940000 4.6156
12950000 4.61644
12960000 4.61731
12970000 4.61821
12980000 4.61901
12990000 4.6199
13000000 4.62073
13010000 4.62157
13020000 4.62238
13030000 4.6232
13040000 4.62411
13050000 4.6251
13060000 4.62615
13070000 4.62714
13080000 4.62801
13090000 4.62883
13100000 4.62964
13110000 4.63049
13120000 4.63132
13130000 4.63221
13140000 4.63305
13150000 4.63391
13160000 4.63473
13170000 4.63555
13180000 4.63641
13190000 4.63728
13200000 4.63811
13210000 4.63894
13220000 4.63981
13230000 4.64065
13240000 4.64146
13250000 4.64227
13260000 4.64317
13270000 4.64409
13280000 4.64521
13290000 4.6462
13300000 4.64705
13310000 4.64787
13320000 4.64868
13330000 4.64953
13340000 4.65035
13350000 4.65124
13360000 4.65205
13370000 4.65293
13380000 4.65374
13390000 4.65456
13400000 4.65539
13410000 4.65628
13420000 4.6571
13430000 4.65793
13440000 4.6588
13450000 4.65963
13460000 4.66044
13470000 4.66125
13480000 4.6621
13490000 4.66304
13500000 4.66402
13510000 4.66515
13520000 4.666
13530000 4.66682
13540000 4.66762
13550000 4.66847
13560000 4.66927
13570000 4.67017
13580000 4.67098
13590000 4.67185
13600000 4.67266
13610000 4.67348
13620000 4.67429
13630000 4.67519
13640000 4.676
13650000 4.67682
13660000 4.67769
13670000 4.67851
13680000 4.67933
13690000 4.68012
13700000 4.68096
13710000 4.68191
13720000 4.6829
13730000 4.68402
13740000 4.68486
13750000 4.68568
13760000 4.68647
13770000 4.68731
13780000 4.68811
13790000 4.689
13800000 4.68981
13810000 4.69068
13820000 4.69148
13830000 4.6923
13840000 4.69308
13850000 4.69399
13860000 4.69481
13870000 4.69561
13880000 4.69648
13890000 4.69729
13900000 4.69811
13910000 4.6989
13920000 4.69974
13930000 4.70069
13940000 4.7016
13950000 4.70277
13960000 4.70362
13970000 4.70442
13980000 4.70522
13990000 4.70606
14000000 4.70685
14010000 4.70767
14020000 4.70854
14030000 4.70943
14040000 4.71021
14050000 4.71102
14060000 4.7118
14070000 4.71271
14080000 4.71352
14090000 4.71432
14100000 4.71518
14110000 4.71599
14120000 4.7168
14130000 4.71759
14140000 4.71843
14150000 4.71932
14160000 4.7203
14170000 4.72144
14180000 4.72227
14190000 4.72308
14200000 4.72388
14210000 4.72469
14220000 4.7255
14230000 4.72631
14240000 4.72718
14250000 4.72807
14260000 4.72882
14270000 4.72964
14280000 4.73042
14290000 4.73133
14300000 4.73214
14310000 4.73292
14320000 4.73378
14330000 4.73459
14340000 4.7354
14350000 4.73618
14360000 4.73701
14370000 4.7379
14380000 4.73878
14390000 4.74018
14400000 4.74082
14410000 4.74165
14420000 4.74244
14430000 4.74325
14440000 4.74405
14450000 4.74486
14460000 4.74572
14470000 4.74655
14480000 4.74736
14490000 4.74817
14500000 4.74895
14510000 4.74983
14520000 4.75065
14530000 4.75144
14540000 4.75229
14550000 4.75309
14560000 4.7539
14570000 4.75468
14580000 4.75551
14590000 4.75634
14600000 4.75726
14610000 4.75857
14620000 4.7593
14630000 4.76011
14640000 4.7609
14650000 4.76169
14660000 4.76251
14670000 4.76331
14680000 4.76416
14690000 4.76497
14700000 4.7658
14710000 4.76658
14720000 4.76738
14730000 4.76822
14740000 4.76908
14750000 4.76985
14760000 4.7707
14770000 4.7715
14780000 4.7723
14790000 4.77308
14800000 4.77386
14810000 4.77473
14820000 4.77569
14830000 4.7767
14840000 4.77765
14850000 4.77849
14860000 4.77927
14870000 4.78005
14880000 4.78087
14890000 4.78166
14900000 4.78252
14910000 4.78332
14920000 4.78415
14930000 4.78493
14940000 4.78572
14950000 4.78655
14960000 4.78738
14970000 4.78817
14980000 4.78897
14990000 4.78981
15000000 4.79061
15010000 4.79139
15020000 4.79217
15030000 4.79302
15040000 4.79391
15050000 4.79499
15060000 4.79594
15070000 4.79676
15080000 4.79755
15090000 4.79832
15100000 4.79914
15110000 4.79993
15120000 4.80077
15130000 4.80155
15140000 4.80239
15150000 4.80318
15160000 4.80396
15170000 4.80475
15180000 4.80561
15190000 4.8064
15200000 4.80719
15210000 4.80802
15220000 4.80882
15230000 4.8096
15240000 4.81037
15250000 4.81119
15260000 4.81209
15270000 4.81303
15280000 4.81412
15290000 4.81495
15300000 4.81573
15310000 4.81649
15320000 4.8173
15330000 4.81808
15340000 4.81893
15350000 4.81971
15360000 4.82055
15370000 4.82132
15380000 4.82211
15390000 4.82289
15400000 4.82375
15410000 4.82453
15420000 4.82531
15430000 4.82614
15440000 4.82694
15450000 4.82771
15460000 4.82847
15470000 4.82928
15480000 4.83019
15490000 4.83114
15500000 4.83222
15510000 4.83303
15520000 4.83382
15530000 4.83457
15540000 4.83538
15550000 4.83615
15560000 4.837
15570000 4.83777
15580000 4.83861
15590000 4.83938
15600000 4.84016
15610000 4.8409
15620000 4.84179
15630000 4.84257
15640000 4.84334
15650000 4.84417
15660000 4.84495
15670000 4.84573
15680000 4.84649
15690000 4.8473
15700000 4.84821
15710000 4.84908
15720000 4.8502
15730000 4.85102
15740000 4.85179
15750000 4.85256
15760000 4.85336
15770000 4.85412
15780000 4.85491
15790000 4.85574
15800000 4.8566
15810000 4.85735
15820000 4.85812
15830000 4.85886
15840000 4.85974
15850000 4.86052
15860000 4.86128
15870000 4.8621
15880000 4.86288
15890000 4.86366
15900000 4.86441
15910000 4.86522
15920000 4.86608
15930000 4.86702
15940000 4.86811
15950000 4.86891
15960000 4.86969
15970000 4.87045
15980000 4.87125
15990000 4.87201
16000000 4.87279
16010000 4.87361
16020000 4.87447
16030000 4.87519
16040000 4.87598
16050000 4.87673
16060000 4.87759
16070000 4.87837
16080000 4.87912
16090000 4.87994
16100000 4.88072
16110000 4.8815
16120000 4.88224
16130000 4.88304
16140000 4.88389
16150000 4.88472
16160000 4.88609
16170000 4.88672
16180000 4.88749
16190000 4.88825
16200000 4.88903
16210000 4.8898
16220000 4.89057
16230000 4.8914
16240000 4.89219
16250000 4.89297
16260000 4.89375
16270000 4.89449
16280000 4.89533
16290000 4.89613
16300000 4.89688
16310000 4.89769
16320000 4.89846
16330000 4.89924
16340000 4.89998
16350000 4.90078
16360000 4.90157
16370000 4.90246
16380000 4.90372
16390000 4.90442
16400000 4.9052
16410000 4.90596
16420000 4.90671
16430000 4.9075
16440000 4.90827
16450000 4.90908
16460000 4.90985
16470000 4.91066
16480000 4.9114
16490000 4.91217
16500000 4.91297
16510000 4.91379
16520000 4.91453
16530000 4.91534
16540000 4.91611
16550000 4.91689
16560000 4.91763
16570000 4.91838
16580000 4.91922
16590000 4.92013
16600000 4.92111
16610000 4.92202
16620000 4.92282
16630000 4.92358
16640000 4.92432
16650000 4.9251
16660000 4.92587
16670000 4.92668
16680000 4.92745
16690000 4.92825
16700000 4.929
16710000 4.92975
16720000 4.93055
16730000 4.93134
16740000 4.93211
16750000 4.93287
16760000 4.93367
16770000 4.93444
16780000 4.93519
16790000 4.93593
16800000 4.93675
16810000 4.93761
16820000 4.93864
16830000 4.93956
16840000 4.94034
16850000 4.9411
16860000 4.94184
16870000 4.94262
16880000 4.94338
16890000 4.94419
16900000 4.94493
16910000 4.94574
16920000 4.94649
16930000 4.94724
16940000 4.948
16950000 4.94883
16960000 4.94958
16970000 4.95034
16980000 4.95114
16990000 4.95191
17000000 4.95265
17010000 4.95339
17020000 4.95417
17030000 4.95504
17040000 4.95594
17050000 4.95699
17060000 4.95778
17070000 4.95853
17080000 4.95926
17090000 4.96004
17100000 4.96078
17110000 4.9616
17120000 4.96235
17130000 4.96315
17140000 4.96389
17150000 4.96465
17160000 4.9654
17170000 4.96622
17180000 4.96697
17190000 4.96772
17200000 4.96851
17210000 4.96927
17220000 4.97002
17230000 4.97075
17240000 4.97152
17250000 4.9724
17260000 4.97331
17270000 4.97435
17280000 4.97512
17290000 4.97588
17300000 4.9766
17310000 4.97738
17320000 4.97811
17330000 4.97893
17340000 4.97967
17350000 4.98047
17360000 4.98121
17370000 4.98196
17380000 4.9827
17390000 4.98352
17400000 4.98427
17410000 4.98501
17420000 4.9858
17430000 4.98655
17440000 4.9873
17450000 4.98802
17460000 4.9888
17470000 4.98967
17480000 4.99051
17490000 4.99161
17500000 4.99238
17510000 4.99311
17520000 4.99385
17530000 4.99462
17540000 4.99535
17550000 4.9961
17560000 4.9969
17570000 4.99772
17580000 4.99844
17590000 4.99918
17600000 4.99989
17610000 5.00074
17620000 5.00148
17630000 5.00221
17640000 5.003
17650000 5.00374
17660000 5.00449
17670000 5.00521
17680000 5.00598
17690000 5.00681
17700000 5.00771
17710000 5.00877
17720000 5.00952
17730000 5.01028
17740000 5.01101
17750000 5.01177
17760000 5.0125
17770000 5.01325
17780000 5.01404
17790000 5.01486
17800000 5.01555
17810000 5.0163
17820000 5.01702
17830000 5.01786
17840000 5.0186
17850000 5.01932
17860000 5.0201
17870000 5.02085
17880000 5.0216
17890000 5.02231
17900000 5.02308
17910000 5.02389
17920000 5.02479
17930000 5.02601
17940000 5.02661
17950000 5.02735
17960000 5.02808
17970000 5.02882
17980000 5.02956
17990000 5.0303
18000000 5.03109
18010000 5.03185
18020000 5.0326
18030000 5.03335
18040000 5.03406
18050000 5.03487
18060000 5.03563
18070000 5.03635
18080000 5.03713
18090000 5.03786
18100000 5.03861
18110000 5.03932
18120000 5.04009
18130000 5.04089
18140000 5.0417
18150000 5.04291
18160000 5.04359
18170000 5.04433
18180000 5.04506
18190000 5.04578
18200000 5.04654
18210000 5.04727
18220000 5.04806
18230000 5.04879
18240000 5.04956
18250000 5.05028
18260000 5.05101
18270000 5.05178
18280000 5.05257
18290000 5.05328
18300000 5.05406
18310000 5.0548
18320000 5.05554
18330000 5.05625
18340000 5.05697
18350000 5.05777
18360000 5.05865
18370000 5.05956
18380000 5.06047
18390000 5.06124
18400000 5.06196
18410000 5.06267
18420000 5.06342
18430000 5.06416
18440000 5.06494
18450000 5.06567
18460000 5.06644
18470000 5.06716
18480000 5.06788
18490000 5.06864
18500000 5.0694
18510000 5.07014
18520000 5.07086
18530000 5.07164
18540000 5.07238
18550000 5.07309
18560000 5.0738
18570000 5.07459
18580000 5.07541
18590000 5.07641
18600000 5.07729
18610000 5.07804
18620000 5.07877
18630000 5.07947
18640000 5.08023
18650000 5.08095
18660000 5.08173
18670000 5.08244
18680000 5.08322
18690000 5.08394
18700000 5.08466
18710000 5.08538
18720000 5.08618
18730000 5.0869
18740000 5.08763
18750000 5.08839
18760000 5.08913
18770000 5.08984
18780000 5.09055
18790000 5.0913
18800000 5.09213
18810000 5.093
18820000 5.09401
18830000 5.09477
18840000 5.09549
18850000 5.09619
18860000 5.09694
18870000 5.09765
18880000 5.09843
18890000 5.09915
18900000 5.09992
18910000 5.10063
18920000 5.10135
18930000 5.10207
18940000 5.10287
18950000 5.10358
18960000 5.1043
18970000 5.10506
18980000 5.10579
18990000 5.1065
19000000 5.1072
19010000 5.10794
19020000 5.10876
19030000 5.10966
19040000 5.11066
19050000 5.11141
19060000 5.11213
19070000 5.11282
19080000 5.11357
19090000 5.11427
19100000 5.11505
19110000 5.11576
19120000 5.11654
19130000 5.11724
19140000 5.11796
19150000 5.11867
19160000 5.11946
19170000 5.12017
19180000 5.12089
19190000 5.12164
19200000 5.12236
19210000 5.12308
19220000 5.12378
19230000 5.12452
19240000 5.12536
19250000 5.12617
19260000 5.12722
19270000 5.12796
19280000 5.12867
19290000 5.12937
19300000 5.13011
19310000 5.13081
19320000 5.13153
19330000 5.1323
19340000 5.13308
19350000 5.13377
19360000 5.13449
19370000 5.13517
19380000 5.13597
19390000 5.13669
19400000 5.13739
19410000 5.13815
19420000 5.13886
19430000 5.13958
19440000 5.14027
19450000 5.14101
19460000 5.1418
19470000 5.14267
19480000 5.14369
19490000 5.14443
19500000 5.14514
19510000 5.14584
19520000 5.14657
19530000 5.14727
19540000 5.14798
19550000 5.14874
19560000 5.14953
19570000 5.15019
19580000 5.15092
19590000 5.15161
19600000 5.1524
19610000 5.15312
19620000 5.15381
19630000 5.15456
19640000 5.15528
19650000 5.15599
19660000 5.15668
19670000 5.15741
19680000 5.15819
19690000 5.15907
19700000 5.16023
19710000 5.16081
19720000 5.16152
19730000 5.16222
19740000 5.16293
19750000 5.16364
19760000 5.16435
19770000 5.16511
19780000 5.16584
19790000 5.16655
19800000 5.16727
19810000 5.16796
19820000 5.16873
19830000 5.16946
19840000 5.17015
19850000 5.1709
19860000 5.17161
19870000 5.17232
19880000 5.173
19890000 5.17374
19900000 5.17451
19910000 5.17529
19920000 5.17645
19930000 5.1771
19940000 5.17782
19950000 5.17852
19960000 5.17921
19970000 5.17993
19980000 5.18064
19990000 5.18139
20000000 5.1821
20010000 5.18284
20020000 5.18352
20030000 5.18423
20040000 5.18496
20050000 5.18572
20060000 5.1864
20070000 5.18715
20080000 5.18786
20090000 5.18857
20100000 5.18925
20110000 5.18994
20120000 5.19071
20130000 5.19156
20140000 5.19254
20150000 5.19331
20160000 5.19404
20170000 5.19474
20180000 5.19542
20190000 5.19614
20200000 5.19684
20210000 5.19759
20220000 5.1983
20230000 5.19903
20240000 5.19972
20250000 5.20042
20260000 5.20115
20270000 5.20188
20280000 5.20258
20290000 5.20328
20300000 5.20402
20310000 5.20473
20320000 5.20542
20330000 5.2061
20340000 5.20686
20350000 5.20765
20360000 5.20861
20370000 5.20945
20380000 5.21017
20390000 5.21087
20400000 5.21155
20410000 5.21227
20420000 5.21297
20430000 5.21372
20440000 5.21439
20450000 5.21514
20460000 5.21583
20470000 5.21652
20480000 5.21722
20490000 5.21798
20500000 5.21868
20510000 5.21937
20520000 5.22011
20530000 5.22081
20540000 5.2215
20550000 5.22218
20560000 5.2229
20570000 5.22369
20580000 5.22454
20590000 5.22551
20600000 5.22623
20610000 5.22692
20620000 5.2276
20630000 5.22832
20640000 5.229
20650000 5.22975
20660000 5.23043
20670000 5.23118
20680000 5.23187
20690000 5.23255
20700000 5.23324
20710000 5.234
20720000 5.23469
20730000 5.23538
20740000 5.23611
20750000 5.23681
20760000 5.2375
20770000 5.23817
20780000 5.23888
20790000 5.23969
20800000 5.24053
20810000 5.2415
20820000 5.24221
20830000 5.2429
20840000 5.24357
20850000 5.24428
20860000 5.24496
20870000 5.24571
20880000 5.24639
20890000 5.24713
20900000 5.24781
20910000 5.2485
20920000 5.24918
20930000 5.24994
20940000 5.25063
20950000 5.25131
20960000 5.25204
20970000 5.25273
20980000 5.25342
20990000 5.25408
21000000 5.2548
21010000 5.2556
21020000 5.25638
21030000 5.25739
21040000 5.25811
21050000 5.25878
21060000 5.25946
21070000 5.26017
21080000 5.26084
21090000 5.26154
21100000 5.26227
21110000 5.26302
21120000 5.26369
21130000 5.26437
21140000 5.26503
21150000 5.2658
21160000 5.26649
21170000 5.26716
21180000 5.26788
21190000 5.26857
21200000 5.26926
21210000 5.26992
21220000 5.27063
21230000 5.27139
21240000 5.27223
21250000 5.27321
21260000 5.27393
21270000 5.2746
21280000 5.27528
21290000 5.27598
21300000 5.27665
21310000 5.27734
21320000 5.27806
21330000 5.27882
21340000 5.27946
21350000 5.28016
21360000 5.28081
21370000 5.28158
21380000 5.28227
21390000 5.28293
21400000 5.28365
21410000 5.28434
21420000 5.28502
21430000 5.28568
21440000 5.28639
21450000 5.28714
21460000 5.28798
21470000 5.28911
21480000 5.28966
21490000 5.29034
21500000 5.29101
21510000 5.2917
21520000 5.29238
21530000 5.29306
21540000 5.29379
21550000 5.29449
21560000 5.29517
21570000 5.29586
21580000 5.29652
21590000 5.29727
21600000 5.29797
21610000 5.29863
21620000 5.29935
21630000 5.30003
21640000 5.30071
21650000 5.30137
21660000 5.30207
21670000 5.30282
21680000 5.30356
21690000 5.30469
21700000 5.30531
21710000 5.306
21720000 5.30667
21730000 5.30733
21740000 5.30803
21750000 5.30871
21760000 5.30943
21770000 5.31011
21780000 5.31082
21790000 5.31147
21800000 5.31215
21810000 5.31286
21820000 5.31359
21830000 5.31425
21840000 5.31496
21850000 5.31564
21860000 5.31632
21870000 5.31698
21880000 5.31764
21890000 5.31838
21900000 5.31919
21910000 5.32028
21920000 5.32088
21930000 5.32159
21940000 5.32225
21950000 5.32291
21960000 5.3236
21970000 5.32428
21980000 5.325
21990000 5.32568
22000000 5.32638
22010000 5.32705
22020000 5.32771
22030000 5.32841
22040000 5.32912
22050000 5.32979
22060000 5.33046
22070000 5.33117
22080000 5.33185
22090000 5.33251
22100000 5.33317
22110000 5.3339
22120000 5.33466
22130000 5.33558
22140000 5.3364
22150000 5.33709
22160000 5.33776
22170000 5.33841
22180000 5.3391
22190000 5.33978
22200000 5.34049
22210000 5.34114
22220000 5.34187
22230000 5.34253
22240000 5.34319
22250000 5.34386
22260000 5.34459
22270000 5.34526
22280000 5.34593
22290000 5.34663
22300000 5.34731
22310000 5.34797
22320000 5.34862
22330000 5.34931
22340000 5.35008
22350000 5.35089
22360000 5.35183
22370000 5.35253
22380000 5.35319
22390000 5.35384
22400000 5.35453
22410000 5.35518
22420000 5.3559
22430000 5.35656
22440000 5.35728
22450000 5.35794
22460000 5.3586
22470000 5.35926
22480000 5.35999
22490000 5.36065
22500000 5.36132
22510000 5.36202
22520000 5.36269
22530000 5.36335
22540000 5.36399
22550000 5.36467
22560000 5.36545
22570000 5.36626
22580000 5.3672
22590000 5.36788
22600000 5.36855
22610000 5.36919
22620000 5.36988
22630000 5.37053
22640000 5.37125
22650000 5.3719
22660000 5.37262
22670000 5.37326
22680000 5.37393
22690000 5.37459
22700000 5.37531
22710000 5.37597
22720000 5.37663
22730000 5.37733
22740000 5.37799
22750000 5.37865
22760000 5.37929
22770000 5.37998
22780000 5.38075
22790000 5.3815
22800000 5.38248
22810000 5.38317
22820000 5.38382
22830000 5.38447
22840000 5.38515
22850000 5.3858
22860000 5.38646
22870000 5.38717
22880000 5.38789
22890000 5.38853
22900000 5.38919
22910000 5.38982
22920000 5.39056
22930000 5.39122
22940000 5.39187
22950000 5.39256
22960000 5.39323
22970000 5.39389
22980000 5.39452
22990000 5.3952
23000000 5.39594
23010000 5.39674
23020000 5.3977
23030000 5.39838
23040000 5.39903
23050000 5.39968
23060000 5.40035
23070000 5.401
23080000 5.40166
23090000 5.40236
23100000 5.40309
23110000 5.4037
23120000 5.40437
23130000 5.405
23140000 5.40574
23150000 5.4064
23160000 5.40703
23170000 5.40773
23180000 5.40839
23190000 5.40905
23200000 5.40968
23210000 5.41036
23220000 5.41108
23230000 5.41189
23240000 5.41298
23250000 5.41351
23260000 5.41417
23270000 5.41481
23280000 5.41547
23290000 5.41613
23300000 5.41678
23310000 5.41748
23320000 5.41815
23330000 5.41881
23340000 5.41948
23350000 5.42011
23360000 5.42082
23370000 5.4215
23380000 5.42213
23390000 5.42282
23400000 5.42348
23410000 5.42414
23420000 5.42477
23430000 5.42544
23440000 5.42616
23450000 5.42688
23460000 5.42796
23470000 5.42857
23480000 5.42923
23490000 5.42987
23500000 5.43051
23510000 5.43118
23520000 5.43183
23530000 5.43253
23540000 5.43318
23550000 5.43386
23560000 5.43449
23570000 5.43514
23580000 5.43581
23590000 5.43653
23600000 5.43716
23610000 5.43784
23620000 5.4385
23630000 5.43915
23640000 5.43978
23650000 5.44042
23660000 5.44113
23670000 5.44192
23680000 5.44296
23690000 5.44353
23700000 5.44422
23710000 5.44486
23720000 5.44549
23730000 5.44616
23740000 5.44681
23750000 5.44751
23760000 5.44816
23770000 5.44883
23780000 5.44947
23790000 5.45011
23800000 5.45079
23810000 5.45146
23820000 5.45211
23830000 5.45276
23840000 5.45344
23850000 5.4541
23860000 5.45473
23870000 5.45536
23880000 5.45606
23890000 5.45679
23900000 5.45769
23910000 5.45847
23920000 5.45914
23930000 5.45978
23940000 5.46041
23950000 5.46108
23960000 5.46172
23970000 5.46241
23980000 5.46304
23990000 5.46373
24000000 5.46437
24010000 5.46501
24020000 5.46565
24030000 5.46635
24040000 5.467
24050000 5.46764
24060000 5.46832
24070000 5.46897
24080000 5.4696
24090000 5.47023
24100000 5.47089
24110000 5.47163
24120000 5.47242
24130000 5.47332
24140000 5.47399
24150000 5.47463
24160000 5.47526
24170000 5.47592
24180000 5.47655
24190000 5.47724
24200000 5.47788
24210000 5.47857
24220000 5.4792
24230000 5.47984
24240000 5.48047
24250000 5.48118
24260000 5.48181
24270000 5.48245
24280000 5.48312
24290000 5.48377
24300000 5.4844
24310000 5.48502
24320000 5.48568
24330000 5.48643
24340000 5.48721
24350000 5.48812
24360000 5.48878
24370000 5.48942
24380000 5.49003
24390000 5.49069
24400000 5.49132
24410000 5.49201
24420000 5.49264
24430000 5.49333
24440000 5.49395
24450000 5.49459
24460000 5.49522
24470000 5.49592
24480000 5.49656
24490000 5.49719
24500000 5.49786
24510000 5.4985
24520000 5.49914
24530000 5.49975
24540000 5.50041
24550000 5.50116
24560000 5.50188
24570000 5.50283
24580000 5.50349
24590000 5.50412
24600000 5.50474
24610000 5.5054
24620000 5.50602
24630000 5.50666
24640000 5.50734
24650000 5.50804
24660000 5.50865
24670000 5.50928
24680000 5.50989
24690000 5.5106
24700000 5.51124
24710000 5.51186
24720000 5.51253
24730000 5.51317
24740000 5.5138
24750000 5.51442
24760000 5.51507
24770000 5.51578
24780000 5.51655
24790000 5.51748
24800000 5.51814
24810000 5.51876
24820000 5.51938
24830000 5.52003
24840000 5.52066
24850000 5.52129
24860000 5.52196
24870000 5.52267
24880000 5.52325
24890000 5.5239
24900000 5.52451
24910000 5.52522
24920000 5.52585
24930000 5.52646
24940000 5.52713
24950000 5.52777
24960000 5.5284
24970000 5.52901
24980000 5.52966
24990000 5.53036
25000000 5.53114
25010000 5.5322
25020000 5.53271
25030000 5.53334
25040000 5.53396
25050000 5.53459
25060000 5.53522
25070000 5.53586
25080000 5.53653
25090000 5.53718
25100000 5.53781
25110000 5.53845
25120000 5.53906
25130000 5.53975
25140000 5.5404
25150000 5.54101
25160000 5.54167
25170000 5.5423
25180000 5.54294
25190000 5.54354
25200000 5.54419
25210000 5.54488
25220000 5.54558
25230000 5.54663
25240000 5.54721
25250000 5.54784
25260000 5.54846
25270000 5.54908
25280000 5.54972
25290000 5.55035
25300000 5.55102
25310000 5.55165
25320000 5.5523
25330000 5.55291
25340000 5.55354
25350000 5.55422
25360000 5.55487
25370000 5.55548
25380000 5.55614
25390000 5.55677
25400000 5.5574
25410000 5.55801
25420000 5.55862
25430000 5.5593
25440000 5.56006
25450000 5.56107
25460000 5.56166
25470000 5.56229
25480000 5.56291
25490000 5.56351
25500000 5.56415
25510000 5.56478
25520000 5.56545
25530000 5.56608
25540000 5.56673
25550000 5.56734
25560000 5.56796
25570000 5.56861
25580000 5.56926
25590000 5.56989
25600000 5.57051
25610000 5.57116
25620000 5.5718
25630000 5.5724
25640000 5.57301
25650000 5.57368
25660000 5.57439
25670000 5.57526
25680000 5.57602
25690000 5.57666
25700000 5.57728
25710000 5.57788
25720000 5.57852
25730000 5.57915
25740000 5.57981
25750000 5.58041
25760000 5.58108
25770000 5.5817
25780000 5.58231
25790000 5.58293
25800000 5.58361
25810000 5.58423
25820000 5.58484
25830000 5.5855
25840000 5.58613
25850000 5.58673
25860000 5.58734
25870000 5.58798
25880000 5.58869
25890000 5.58945
25900000 5.59033
25910000 5.59097
25920000 5.59159
25930000 5.59219
25940000 5.59283
25950000 5.59344
25960000 5.5941
25970000 5.59471
25980000 5.59538
25990000 5.59599
26000000 5.5966
26010000 5.59721
26020000 5.59789
26030000 5.5985
26040000 5.59912
26050000 5.59977
26060000 5.60039
26070000 5.601
26080000 5.60159
26090000 5.60222
26100000 5.60295
26110000 5.60371
26120000 5.60458
26130000 5.60522
26140000 5.60584
26150000 5.60643
26160000 5.60707
26170000 5.60767
26180000 5.60834
26190000 5.60894
26200000 5.6096
26210000 5.61021
26220000 5.61082
26230000 5.61143
26240000 5.6121
26250000 5.61271
26260000 5.61333
26270000 5.61397
26280000 5.61459
26290000 5.6152
26300000 5.61579
26310000 5.61643
26320000 5.61715
26330000 5.61785
26340000 5.61876
26350000 5.6194
26360000 5.62001
26370000 5.62061
26380000 5.62124
26390000 5.62184
26400000 5.62246
26410000 5.62311
26420000 5.62378
26430000 5.62437
26440000 5.62501
26450000 5.62557
26460000 5.62626
26470000 5.62687
26480000 5.62747
26490000 5.62811
26500000 5.62873
26510000 5.62934
26520000 5.62993
26530000 5.63056
26540000 5.63124
26550000 5.63199
26560000 5.63289
26570000 5.63352
26580000 5.63413
26590000 5.63472
26600000 5.63535
26610000 5.63595
26620000 5.63656
26630000 5.63721
26640000 5.63789
26650000 5.63845
26660000 5.63908
26670000 5.63966
26680000 5.64035
26690000 5.64096
26700000 5.64155
26710000 5.64219
26720000 5.6428
26730000 5.64341
26740000 5.644
26750000 5.64463
26760000 5.6453
26770000 5.64606
26780000 5.64708
26790000 5.64757
26800000 5.64818
26810000 5.64877
26820000 5.64939
26830000 5.64999
26840000 5.65061
26850000 5.65125
26860000 5.65188
26870000 5.65249
26880000 5.6531
26890000 5.65369
26900000 5.65436
26910000 5.65498
26920000 5.65557
26930000 5.65621
26940000 5.65682
26950000 5.65743
26960000 5.65801
26970000 5.65864
26980000 5.6593
26990000 5.65998
27000000 5.66099
27010000 5.66156
27020000 5.66217
27030000 5.66276
27040000 5.66336
27050000 5.66398
27060000 5.66459
27070000 5.66523
27080000 5.66583
27090000 5.66647
27100000 5.66705
27110000 5.66766
27120000 5.66832
27130000 5.66894
27140000 5.66952
27150000 5.67016
27160000 5.67077
27170000 5.67138
27180000 5.67196
27190000 5.67255
27200000 5.67321
27210000 5.67395
27220000 5.67493
27230000 5.67549
27240000 5.6761
27250000 5.67669
27260000 5.67728
27270000 5.6779
27280000 5.6785
27290000 5.67915
27300000 5.67975
27310000 5.68038
27320000 5.68097
27330000 5.68156
27340000 5.68219
27350000 5.68282
27360000 5.68342
27370000 5.68402
27380000 5.68466
27390000 5.68527
27400000 5.68585
27410000 5.68644
27420000 5.68709
27430000 5.68777
27440000 5.68861
27450000 5.68935
27460000 5.68996
27470000 5.69056
27480000 5.69114
27490000 5.69176
27500000 5.69236
27510000 5.693
27520000 5.69358
27530000 5.69423
27540000 5.69482
27550000 5.69541
27560000 5.69601
27570000 5.69666
27580000 5.69726
27590000 5.69786
27600000 5.69849
27610000 5.69909
27620000 5.69968
27630000 5.70026
27640000 5.70089
27650000 5.70156
27660000 5.7023
27670000 5.70315
27680000 5.70377
27690000 5.70437
27700000 5.70495
27710000 5.70556
27720000 5.70615
27730000 5.70679
27740000 5.70738
27750000 5.70802
27760000 5.70861
27770000 5.7092
27780000 5.70979
27790000 5.71045
27800000 5.71104
27810000 5.71163
27820000 5.71225
27830000 5.71286
27840000 5.71344
27850000 5.71402
27860000 5.71464
27870000 5.71533
27880000 5.71606
27890000 5.71691
27900000 5.71752
27910000 5.71812
27920000 5.71869
27930000 5.7193
27940000 5.71989
27950000 5.72053
27960000 5.72111
27970000 5.72175
27980000 5.72233
27990000 5.72293
28000000 5.72351
28010000 5.72416
28020000 5.72475
28030000 5.72534
28040000 5.72596
28050000 5.72656
28060000 5.72715
28070000 5.72772
28080000 5.72833
28090000 5.72903
28100000 5.72971
28110000 5.73059
28120000 5.73121
28130000 5.73179
28140000 5.73237
28150000 5.73298
28160000 5.73356
28170000 5.73416
28180000 5.73479
28190000 5.73544
28200000 5.73601
28210000 5.73659
28220000 5.73716
28230000 5.73782
28240000 5.73841
28250000 5.73899
28260000 5.73961
28270000 5.74021
28280000 5.7408
28290000 5.74137
28300000 5.74197
28310000 5.74263
28320000 5.74335
28330000 5.74423
28340000 5.74484
28350000 5.74542
28360000 5.746
28370000 5.7466
28380000 5.74718
28390000 5.74777
28400000 5.7484
28410000 5.74905
28420000 5.7496
28430000 5.7502
28440000 5.75076
28450000 5.75143
28460000 5.75201
28470000 5.75258
28480000 5.7532
28490000 5.75379
28500000 5.75439
28510000 5.75495
28520000 5.75555
28530000 5.7562
28540000 5.75694
28550000 5.75793
28560000 5.7584
28570000 5.75899
28580000 5.75956
28590000 5.76016
28600000 5.76074
28610000 5.76133
28620000 5.76196
28630000 5.76256
28640000 5.76315
28650000 5.76374
28660000 5.76431
28670000 5.76495
28680000 5.76556
28690000 5.76612
28700000 5.76674
28710000 5.76733
28720000 5.76792
28730000 5.76848
28740000 5.76908
28750000 5.76972
28760000 5.77038
28770000 5.77136
28780000 5.77191
28790000 5.7725
28800000 5.77307
28810000 5.77364
28820000 5.77425
28830000 5.77483
28840000 5.77545
28850000 5.77604
28860000 5.77665
28870000 5.77721
28880000 5.7778
28890000 5.77844
28900000 5.77904
28910000 5.7796
28920000 5.78021
28930000 5.7808
28940000 5.78139
28950000 5.78195
28960000 5.78252
28970000 5.78316
28980000 5.78387
28990000 5.78482
29000000 5.78536
29010000 5.78596
29020000 5.78653
29030000 5.78709
29040000 5.78769
29050000 5.78828
29060000 5.78889
29070000 5.78948
29080000 5.79009
29090000 5.79066
29100000 5.79123
29110000 5.79183
29120000 5.79244
29130000 5.79303
29140000 5.79363
29150000 5.79421
29160000 5.7948
29170000 5.79537
29180000 5.79593
29190000 5.79656
29200000 5.79722
29210000 5.79804
29220000 5.79875
29230000 5.79934
29240000 5.79992
29250000 5.80048
29260000 5.80108
29270000 5.80166
29280000 5.80228
29290000 5.80284
29300000 5.80347
29310000 5.80403
29320000 5.8046
29330000 5.80518
29340000 5.80581
29350000 5.80639
29360000 5.80697
29370000 5.80758
29380000 5.80816
29390000 5.80872
29400000 5.80929
29410000 5.80991
29420000 5.81054
29430000 5.81126
29440000 5.81208
29450000 5.81268
29460000 5.81326
29470000 5.81382
29480000 5.81441
29490000 5.81498
29500000 5.8156
29510000 5.81617
29520000 5.81679
29530000 5.81736
29540000 5.81793
29550000 5.8185
29560000 5.81913
29570000 5.8197
29580000 5.82027
29590000 5.82088
29600000 5.82146
29610000 5.82202
29620000 5.82258
29630000 5.82318
29640000 5.82384
29650000 5.82456
29660000 5.82538
29670000 5.82597
29680000 5.82654
29690000 5.8271
29700000 5.82769
29710000 5.82825
29720000 5.82887
29730000 5.82944
29740000 5.83006
29750000 5.83062
29760000 5.83119
29770000 5.83176
29780000 5.83238
29790000 5.83295
29800000 5.83352
29810000 5.83412
29820000 5.8347
29830000 5.83527
29840000 5.83582
29850000 5.83641
29860000 5.83708
29870000 5.83774
29880000 5.8386
29890000 5.8392
29900000 5.83976
29910000 5.84032
29920000 5.84091
29930000 5.84147
29940000 5.84205
29950000 5.84265
29960000 5.84328
29970000 5.84383
29980000 5.8444
29990000 5.84494
30000000 5.84559
