10000 419.778
20000 292.912
30000 205.796
40000 152.464
50000 120.712
60000 98.2667
70000 80.8756
80000 67.3213
90000 57.197
100000 49.1242
110000 42.4266
120000 36.5819
130000 31.8242
140000 27.5186
150000 24.0199
160000 20.9068
170000 18.5548
180000 16.4038
190000 14.559
200000 12.9681
210000 11.6726
220000 10.515
230000 9.57327
240000 8.79159
250000 8.1503
260000 7.6186
270000 7.1891
280000 6.81303
290000 6.52778
300000 6.36385
310000 6.08742
320000 6.13543
330000 5.77898
340000 5.67122
350000 5.57597
360000 5.50647
370000 5.41562
380000 5.33714
390000 5.27985
400000 5.3475
410000 5.22932
420000 5.24439
430000 5.14482
440000 5.11451
450000 5.19943
460000 6.00198
470000 5.06386
480000 4.98169
490000 5.01662
500000 4.97578
510000 4.94631
520000 4.88035
530000 4.88423
540000 4.90474
550000 4.8752
560000 4.80641
570000 4.93351
580000 4.80153
590000 4.88956
600000 4.73132
610000 4.73913
620000 4.77775
630000 4.72934
640000 4.66565
650000 4.6525
660000 4.6321
670000 4.63271
680000 4.58902
690000 4.61206
700000 4.6007
710000 4.56976
720000 4.58919
730000 4.54686
740000 4.55234
750000 4.59554
760000 4.64574
770000 4.60222
780000 4.49454
790000 4.50794
800000 4.47371
810000 4.49155
820000 4.43849
830000 4.44359
840000 4.42519
850000 4.44813
860000 4.43195
870000 4.4286
880000 4.55725
890000 4.54463
900000 5.02704
910000 4.59998
920000 4.36361
930000 4.40854
940000 4.41859
950000 4.34418
960000 4.32716
970000 4.31453
980000 4.30554
990000 4.35684
1000000 4.30536
1010000 4.38187
1020000 4.28386
1030000 4.27435
1040000 4.26788
1050000 4.24351
1060000 4.25211
1070000 4.26083
1080000 4.24641
1090000 4.25997
1100000 4.22091
1110000 4.22662
1120000 4.19146
1130000 4.19219
1140000 4.22518
1150000 4.18071
1160000 4.21789
1170000 4.172
1180000 4.16916
1190000 4.166
1200000 4.23447
1210000 4.24149
1220000 4.16855
1230000 4.15262
1240000 4.13912
1250000 4.13876
1260000 4.12446
1270000 4.13174
1280000 4.11049
1290000 4.24838
1300000 4.14799
1310000 4.19643
1320000 4.28386
1330000 4.90605
1340000 5.02961
1350000 4.29345
1360000 4.13954
1370000 4.082
1380000 4.13169
1390000 4.06502
1400000 4.05859
1410000 4.04592
1420000 4.07268
1430000 4.08771
1440000 4.05849
1450000 4.08506
1460000 4.04607
1470000 4.04157
1480000 4.04184
1490000 4.02315
1500000 4.07757
1510000 4.23746
1520000 4.03604
1530000 4.05023
1540000 4.02498
1550000 4.03112
1560000 3.9861
1570000 4.00122
1580000 3.9798
1590000 3.99475
1600000 3.98609
1610000 3.97485
1620000 3.98088
1630000 3.99183
1640000 3.99322
1650000 4.06048
1660000 3.97176
1670000 3.96131
1680000 3.96822
1690000 3.95711
1700000 3.94941
1710000 3.94466
1720000 4.00214
1730000 4.07053
1740000 3.95463
1750000 3.9834
1760000 4.06945
1770000 4.45316
1780000 4.14412
1790000 4.34588
1800000 3.99628
1810000 3.94327
1820000 3.9683
1830000 3.94742
1840000 3.93237
1850000 3.90464
1860000 3.92625
1870000 3.96375
1880000 3.9172
1890000 3.91105
1900000 3.90591
1910000 3.89445
1920000 3.89962
1930000 3.88497
1940000 3.92189
1950000 3.96456
1960000 3.89704
1970000 3.87792
1980000 3.89394
1990000 3.92019
2000000 3.85702
2010000 3.87139
2020000 3.85044
2030000 3.88129
2040000 3.85282
2050000 3.88269
2060000 3.85462
2070000 3.86035
2080000 3.86574
2090000 3.92817
2100000 3.9058
2110000 3.83876
2120000 3.84378
2130000 3.83883
2140000 3.83714
2150000 3.83884
2160000 3.83919
2170000 3.92725
2180000 3.91174
2190000 3.97472
2200000 3.8736
2210000 3.88223
2220000 4.02588
2230000 5.06562
2240000 3.91798
2250000 3.82886
2260000 3.88191
2270000 3.89605
2280000 3.82234
2290000 3.81249
2300000 3.81673
2310000 3.81637
2320000 3.84466
2330000 3.81657
2340000 3.89442
2350000 3.81097
2360000 3.83806
2370000 3.79188
2380000 3.79675
2390000 3.8594
2400000 3.84171
2410000 3.79426
2420000 3.7948
2430000 3.78492
2440000 3.80348
2450000 3.76493
2460000 3.79714
2470000 3.8042
2480000 3.77196
2490000 3.79557
2500000 3.76525
2510000 3.76315
2520000 3.7966
2530000 3.78891
2540000 3.82946
2550000 3.7835
2560000 3.77562
2570000 3.75504
2580000 3.75269
2590000 3.75107
2600000 3.75668
2610000 3.75664
2620000 3.79646
2630000 3.78111
2640000 3.79575
2650000 3.95976
2660000 3.9454
2670000 4.50269
2680000 4.03505
2690000 3.75657
2700000 3.80241
2710000 3.84123
2720000 3.73686
2730000 3.73551
2740000 3.73198
2750000 3.72997
2760000 3.766
2770000 3.7564
2780000 3.80511
2790000 3.72199
2800000 3.72713
2810000 3.72666
2820000 3.71806
2830000 3.72573
2840000 3.74411
2850000 3.73565
2860000 3.75556
2870000 3.71766
2880000 3.73435
2890000 3.6995
2900000 3.70482
2910000 3.74144
2920000 3.70311
2930000 3.73608
2940000 3.70219
2950000 3.69789
2960000 3.70524
2970000 3.71872
2980000 3.74842
2990000 3.73222
3000000 3.70192
3010000 3.69291
3020000 3.68567
3030000 3.68681
3040000 3.70172
3050000 3.68542
3060000 3.81515
3070000 3.73696
3080000 3.78899
3090000 3.90582
3100000 4.56989
3110000 4.72197
3120000 3.92165
3130000 3.74464
3140000 3.68809
3150000 3.74064
3160000 3.6914
3170000 3.6714
3180000 3.66982
3190000 3.68818
3200000 3.71029
3210000 3.69099
3220000 3.71841
3230000 3.67993
3240000 3.6774
3250000 3.67838
3260000 3.66719
3270000 3.70433
3280000 3.85154
3290000 3.69465
3300000 3.70144
3310000 3.68116
3320000 3.69462
3330000 3.64773
3340000 3.65399
3350000 3.6461
3360000 3.66177
3370000 3.65395
3380000 3.64887
3390000 3.65335
3400000 3.65871
3410000 3.66537
3420000 3.69874
3430000 3.66046
3440000 3.64628
3450000 3.6528
3460000 3.64575
3470000 3.63972
3480000 3.65498
3490000 3.69751
3500000 3.75494
3510000 3.65853
3520000 3.69228
3530000 3.78928
3540000 4.19581
3550000 3.87668
3560000 3.95721
3570000 3.70489
3580000 3.66683
3590000 3.68217
3600000 3.66748
3610000 3.64169
3620000 3.62799
3630000 3.64811
3640000 3.68024
3650000 3.64722
3660000 3.64928
3670000 3.63962
3680000 3.63337
3690000 3.63409
3700000 3.62091
3710000 3.64032
3720000 3.68506
3730000 3.63843
3740000 3.61898
3750000 3.64255
3760000 3.67175
3770000 3.60521
3780000 3.62089
3790000 3.60156
3800000 3.63157
3810000 3.60921
3820000 3.63674
3830000 3.60831
3840000 3.60287
3850000 3.62593
3860000 3.64295
3870000 3.65841
3880000 3.60075
3890000 3.61237
3900000 3.60049
3910000 3.59774
3920000 3.62209
3930000 3.60805
3940000 3.67067
3950000 3.69298
3960000 3.75712
3970000 3.65354
3980000 3.6647
3990000 3.81474
4000000 4.89698
4010000 3.70678
4020000 3.61228
4030000 3.65934
4040000 3.68128
4050000 3.59947
4060000 3.59785
4070000 3.60103
4080000 3.60022
4090000 3.63278
4100000 3.6135
4110000 3.66822
4120000 3.60365
4130000 3.60748
4140000 3.59364
4150000 3.59252
4160000 3.64263
4170000 3.6406
4180000 3.59549
4190000 3.59252
4200000 3.58629
4210000 3.60775
4220000 3.56831
4230000 3.59997
4240000 3.60692
4250000 3.5806
4260000 3.59946
4270000 3.57264
4280000 3.567
4290000 3.60275
4300000 3.58003
4310000 3.6224
4320000 3.60198
4330000 3.58249
4340000 3.56757
4350000 3.56197
4360000 3.57441
4370000 3.57682
4380000 3.57579
4390000 3.61766
4400000 3.5984
4410000 3.61911
4420000 3.788
4430000 3.77918
4440000 4.35772
4450000 3.87959
4460000 3.58142
4470000 3.62386
4480000 3.67541
4490000 3.56142
4500000 3.56335
4510000 3.56116
4520000 3.56126
4530000 3.5922
4540000 3.58988
4550000 3.63047
4560000 3.55755
4570000 3.56557
4580000 3.56098
4590000 3.55659
4600000 3.55804
4610000 3.58121
4620000 3.56922
4630000 3.59502
4640000 3.55833
4650000 3.57464
4660000 3.53933
4670000 3.54424
4680000 3.57785
4690000 3.54394
4700000 3.57424
4710000 3.54778
4720000 3.54113
4730000 3.55588
4740000 3.55146
4750000 3.57668
4760000 3.58388
4770000 3.54952
4780000 3.54018
4790000 3.53074
4800000 3.53422
4810000 3.55913
4820000 3.54176
4830000 3.65349
4840000 3.58517
4850000 3.63351
4860000 3.76462
4870000 4.4511
4880000 4.6087
4890000 3.79066
4900000 3.59759
4910000 3.54368
4920000 3.59871
4930000 3.56075
4940000 3.53018
4950000 3.53711
4960000 3.54071
4970000 3.56472
4980000 3.54843
4990000 3.57983
5000000 3.54813
5010000 3.54968
5020000 3.53863
5030000 3.5301
5040000 3.55867
5050000 3.69379
5060000 3.56199
5070000 3.56427
5080000 3.5476
5090000 3.56058
5100000 3.51408
5110000 3.51829
5120000 3.51314
5130000 3.52825
5140000 3.52038
5150000 3.51768
5160000 3.52296
5170000 3.52723
5180000 3.53322
5190000 3.55091
5200000 3.53071
5210000 3.52519
5220000 3.52529
5230000 3.51403
5240000 3.5112
5250000 3.54284
5260000 3.57156
5270000 3.61502
5280000 3.53171
5290000 3.56888
5300000 3.67029
5310000 4.0899
5320000 3.76294
5330000 3.77217
5340000 3.57776
5350000 3.54934
5360000 3.56106
5370000 3.5465
5380000 3.51616
5390000 3.51012
5400000 3.52671
5410000 3.55315
5420000 3.528
5430000 3.53287
5440000 3.52679
5450000 3.5154
5460000 3.51596
5470000 3.50206
5480000 3.51637
5490000 3.55688
5500000 3.52494
5510000 3.50289
5520000 3.52631
5530000 3.55909
5540000 3.49068
5550000 3.50584
5560000 3.48782
5570000 3.51529
5580000 3.49827
5590000 3.52212
5600000 3.49774
5610000 3.489
5620000 3.51588
5630000 3.51596
5640000 3.53937
5650000 3.49233
5660000 3.5057
5670000 3.48853
5680000 3.48714
5690000 3.52261
5700000 3.50049
5710000 3.54241
5720000 3.58809
5730000 3.64994
5740000 3.54856
5750000 3.56018
5760000 3.71917
5770000 4.82827
5780000 3.61319
5790000 3.50574
5800000 3.55054
5810000 3.57384
5820000 3.49419
5830000 3.49397
5840000 3.49564
5850000 3.49394
5860000 3.52743
5870000 3.51047
5880000 3.55936
5890000 3.50258
5900000 3.49856
5910000 3.48915
5920000 3.4922
5930000 3.53084
5940000 3.5517
5950000 3.4956
5960000 3.48981
5970000 3.48719
5980000 3.50902
5990000 3.46893
6000000 3.49878
6010000 3.50637
6020000 3.48423
6030000 3.50003
6040000 3.4766
6050000 3.46846
6060000 3.50335
6070000 3.47906
6080000 3.51704
6090000 3.51046
6100000 3.48584
6110000 3.47085
6120000 3.46635
6130000 3.48517
6140000 3.48773
6150000 3.4821
6160000 3.52419
6170000 3.50305
6180000 3.52699
6190000 3.69407
6200000 3.69123
6210000 4.28
6220000 3.79929
6230000 3.48779
6240000 3.53005
6250000 3.58501
6260000 3.47021
6270000 3.4732
6280000 3.47068
6290000 3.47002
6300000 3.50129
6310000 3.49969
6320000 3.53413
6330000 3.47042
6340000 3.48227
6350000 3.4694
6360000 3.4704
6370000 3.46755
6380000 3.49343
6390000 3.4822
6400000 3.49959
6410000 3.46998
6420000 3.4873
6430000 3.45175
6440000 3.45647
6450000 3.48759
6460000 3.45606
6470000 3.48546
6480000 3.46233
6490000 3.45568
6500000 3.47098
6510000 3.46323
6520000 3.48337
6530000 3.50108
6540000 3.46717
6550000 3.45371
6560000 3.44451
6570000 3.45023
6580000 3.48776
6590000 3.46406
6600000 3.55854
6610000 3.50881
6620000 3.52522
6630000 3.67972
6640000 4.38623
6650000 4.54569
6660000 3.71747
6670000 3.51293
6680000 3.46221
6690000 3.52195
6700000 3.48762
6710000 3.45027
6720000 3.46081
6730000 3.4537
6740000 3.47862
6750000 3.46275
6760000 3.49868
6770000 3.47344
6780000 3.4764
6790000 3.45686
6800000 3.45093
6810000 3.47214
6820000 3.60005
6830000 3.48532
6840000 3.48297
6850000 3.46845
6860000 3.48259
6870000 3.43581
6880000 3.44094
6890000 3.43631
6900000 3.44998
6910000 3.44202
6920000 3.43995
6930000 3.44739
6940000 3.45106
6950000 3.45586
6960000 3.46619
6970000 3.45375
6980000 3.45398
6990000 3.44906
7000000 3.43396
7010000 3.43541
7020000 3.47826
7030000 3.49714
7040000 3.53079
7050000 3.45495
7060000 3.4943
7070000 3.59926
7080000 4.02357
7090000 3.68697
7100000 3.69861
7110000 3.50024
7120000 3.4785
7130000 3.48898
7140000 3.47892
7150000 3.44164
7160000 3.43891
7170000 3.45303
7180000 3.47539
7190000 3.45479
7200000 3.46065
7210000 3.4593
7220000 3.44623
7230000 3.44251
7240000 3.42898
7250000 3.4422
7260000 3.47767
7270000 3.45243
7280000 3.43113
7290000 3.45393
7300000 3.48969
7310000 3.4202
7320000 3.43562
7330000 3.41819
7340000 3.44258
7350000 3.42929
7360000 3.45054
7370000 3.43112
7380000 3.42075
7390000 3.44663
7400000 3.44152
7410000 3.46821
7420000 3.42599
7430000 3.43905
7440000 3.41849
7450000 3.41862
7460000 3.45925
7470000 3.43533
7480000 3.46439
7490000 3.52202
7500000 3.58083
7510000 3.4826
7520000 3.49421
7530000 3.65503
7540000 4.78288
7550000 3.55342
7560000 3.43877
7570000 3.48363
7580000 3.5052
7590000 3.42826
7600000 3.42864
7610000 3.42848
7620000 3.42574
7630000 3.45703
7640000 3.44335
7650000 3.4905
7660000 3.43994
7670000 3.42962
7680000 3.4198
7690000 3.42762
7700000 3.45831
7710000 3.49281
7720000 3.42928
7730000 3.42436
7740000 3.42325
7750000 3.44537
7760000 3.40495
7770000 3.4319
7780000 3.44093
7790000 3.42334
7800000 3.43541
7810000 3.41496
7820000 3.40615
7830000 3.43893
7840000 3.41609
7850000 3.44932
7860000 3.4501
7870000 3.42489
7880000 3.40795
7890000 3.40388
7900000 3.4266
7910000 3.4306
7920000 3.42082
7930000 3.46637
7940000 3.44018
7950000 3.46742
7960000 3.64485
7970000 3.63271
7980000 4.22986
7990000 3.74654
8000000 3.4265
8010000 3.46678
8020000 3.52507
8030000 3.4105
8040000 3.41371
8050000 3.41035
8060000 3.40821
8070000 3.43915
8080000 3.43952
8090000 3.46923
8100000 3.41315
8110000 3.42754
8120000 3.40735
8130000 3.41124
8140000 3.40779
8150000 3.43599
8160000 3.42415
8170000 3.42854
8180000 3.41104
8190000 3.42904
8200000 3.39313
8210000 3.39799
8220000 3.4277
8230000 3.39738
8240000 3.42636
8250000 3.40528
8260000 3.39992
8270000 3.41281
8280000 3.40562
8290000 3.42122
8300000 3.44488
8310000 3.41338
8320000 3.39466
8330000 3.38675
8340000 3.39375
8350000 3.44217
8360000 3.41247
8370000 3.49943
8380000 3.44992
8390000 3.46948
8400000 3.63018
8410000 4.34088
8420000 4.50442
8430000 3.66766
8440000 3.45517
8450000 3.40664
8460000 3.46446
8470000 3.43892
8480000 3.39607
8490000 3.40766
8500000 3.39484
8510000 3.41819
8520000 3.402
8530000 3.44168
8540000 3.42235
8550000 3.42558
8560000 3.40071
8570000 3.39827
8580000 3.4112
8590000 3.53555
8600000 3.43385
8610000 3.42719
8620000 3.41433
8630000 3.42907
8640000 3.38128
8650000 3.38727
8660000 3.38352
8670000 3.3952
8680000 3.38789
8690000 3.38635
8700000 3.39564
8710000 3.39886
8720000 3.40265
8730000 3.40863
8740000 3.40017
8750000 3.40041
8760000 3.39503
8770000 3.37899
8780000 3.38305
8790000 3.43547
8800000 3.44665
8810000 3.47183
8820000 3.40306
8830000 3.44148
8840000 3.54871
8850000 3.97807
8860000 3.63354
8870000 3.64748
8880000 3.44731
8890000 3.42916
8900000 3.43896
8910000 3.43536
8920000 3.39068
8930000 3.38811
8940000 3.40114
8950000 3.41894
8960000 3.40274
8970000 3.40942
8980000 3.41205
8990000 3.39723
9000000 3.39096
9010000 3.37773
9020000 3.39064
9030000 3.42131
9040000 3.40421
9050000 3.37872
9060000 3.40303
9070000 3.43974
9080000 3.37046
9090000 3.38566
9100000 3.36909
9110000 3.3908
9120000 3.38089
9130000 3.39958
9140000 3.38443
9150000 3.3721
9160000 3.39689
9170000 3.39186
9180000 3.40915
9190000 3.37917
9200000 3.39178
9210000 3.36856
9220000 3.36959
9230000 3.41374
9240000 3.39032
9250000 3.41302
9260000 3.47496
9270000 3.53003
9280000 3.43545
9290000 3.4468
9300000 3.61387
9310000 4.73796
9320000 3.49126
9330000 3.39114
9340000 3.43651
9350000 3.45601
9360000 3.38003
9370000 3.38206
9380000 3.38018
9390000 3.37656
9400000 3.40445
9410000 3.39534
9420000 3.43899
9430000 3.39296
9440000 3.38023
9450000 3.37188
9460000 3.381
9470000 3.40582
9480000 3.45143
9490000 3.3811
9500000 3.37772
9510000 3.37829
9520000 3.39944
9530000 3.35886
9540000 3.3835
9550000 3.39246
9560000 3.37953
9570000 3.38814
9580000 3.37055
9590000 3.3618
9600000 3.39148
9610000 3.37195
9620000 3.4012
9630000 3.40659
9640000 3.38153
9650000 3.36274
9660000 3.35812
9670000 3.3827
9680000 3.38896
9690000 3.37583
9700000 3.42865
9710000 3.39202
9720000 3.42223
9730000 3.60609
9740000 3.59116
9750000 4.19361
9760000 3.70844
9770000 3.38221
9780000 3.41979
9790000 3.48072
9800000 3.36683
9810000 3.37115
9820000 3.36566
9830000 3.36279
9840000 3.39329
9850000 3.39532
9860000 3.42539
9870000 3.37133
9880000 3.38652
9890000 3.36314
9900000 3.36589
9910000 3.36358
9920000 3.3943
9930000 3.38263
9940000 3.37015
9950000 3.36768
9960000 3.38607
9970000 3.35004
9980000 3.35467
9990000 3.38387
10000000 3.35414
