1 12.5043
2 7.69457
3 5.95519
4 5.33766
5 5.06074
6 4.92971
7 4.84343
8 4.77861
9 4.72394
10 4.67564
11 4.6329
12 4.59417
13 4.55763
14 4.52426
15 4.49388
16 4.46499
17 4.43759
18 4.41212
19 4.38839
20 4.3657
21 4.34411
22 4.3242
23 4.30528
24 4.28725
25 4.26983
26 4.25351
27 4.23803
28 4.22324
29 4.20909
30 4.19592
31 4.18313
32 4.17079
33 4.15911
34 4.14798
35 4.13722
36 4.12683
37 4.11737
38 4.10803
39 4.09884
40 4.09022
41 4.08197
42 4.07385
43 4.06613
44 4.05894
45 4.05215
46 4.04536
47 4.0387
48 4.03252
49 4.02648
50 4.02069
51 4.01503
52 4.00983
53 4.00482
54 3.99974
55 3.99502
56 3.99038
57 3.98606
58 3.98173
59 3.97775
60 3.97394
61 3.9702
62 3.9666
63 3.96303
64 3.95972
65 3.95642
66 3.95352
67 3.95075
68 3.94789
69 3.94509
70 3.94241
71 3.94001
72 3.93747
73 3.93511
74 3.93332
75 3.93109
76 3.92898
77 3.92717
78 3.92529
79 3.92362
80 3.92183
81 3.92035
82 3.91893
83 3.91755
84 3.91612
85 3.91471
86 3.91352
87 3.91251
88 3.91129
89 3.91052
90 3.90953
91 3.90864
92 3.90777
93 3.90696
94 3.90626
95 3.90545
96 3.90517
97 3.90465
98 3.90398
99 3.9036
100 3.90315
101 3.90269
102 3.90233
103 3.90216
104 3.90221
105 3.90192
106 3.90169
107 3.9016
108 3.9015
109 3.9015
110 3.90141
111 3.90161
112 3.9018
113 3.9018
114 3.90198
115 3.9021
116 3.90242
117 3.90258
118 3.90296
119 3.90339
120 3.90369
121 3.90413
122 3.90439
123 3.90486
124 3.90523
125 3.90586
126 3.9066
127 3.90708
128 3.90759
129 3.9081
130 3.90882
131 3.90932
132 3.90991
133 3.91102
134 3.91159
135 3.91219
136 3.91304
137 3.91376
138 3.91462
139 3.91532
140 3.91624
141 3.91721
142 3.91809
143 3.91893
144 3.91972
145 3.92069
146 3.92176
147 3.92258
148 3.92381
149 3.92479
150 3.92579
151 3.92677
152 3.92779
153 3.92886
154 3.92979
155 3.93122
156 3.93237
157 3.93332
158 3.93452
159 3.93565
160 3.93673
161 3.93787
162 3.93914
163 3.94064
164 3.94173
165 3.94288
166 3.94411
167 3.94535
168 3.94663
169 3.94781
170 3.94926
171 3.95065
172 3.95184
173 3.95318
174 3.95446
175 3.95588
176 3.95717
177 3.95862
178 3.96011
179 3.96144
180 3.96287
181 3.96413
182 3.96558
183 3.9669
184 3.96846
185 3.97013
186 3.97151
187 3.97292
188 3.97428
189 3.97586
190 3.97723
191 3.97862
192 3.98054
193 3.98192
194 3.9833
195 3.98491
196 3.98638
197 3.98795
198 3.9894
199 3.99103
200 3.99271
201 3.99427
202 3.99579
203 3.99723
204 3.99885
205 4.00056
206 4.00202
207 4.00389
208 4.00548
209 4.00704
210 4.00861
211 4.01022
212 4.01184
213 4.01334
214 4.01531
215 4.017
216 4.01849
217 4.0202
218 4.02184
219 4.02345
220 4.0251
221 4.02686
222 4.02883
223 4.03039
224 4.032
225 4.03368
226 4.03538
227 4.03711
228 4.03872
229 4.04061
230 4.04242
231 4.04403
232 4.04574
233 4.04743
234 4.04923
235 4.05091
236 4.05275
237 4.05462
238 4.05633
239 4.05812
240 4.05974
241 4.06154
242 4.06321
243 4.06511
244 4.06712
245 4.06883
246 4.07057
247 4.07225
248 4.07415
249 4.07581
250 4.07754
251 4.07975
252 4.08144
253 4.08313
254 4.08501
255 4.08676
256 4.08861
257 4.09035
258 4.09224
259 4.09421
260 4.09602
261 4.0978
262 4.09949
263 4.10136
264 4.10331
265 4.10501
266 4.10712
267 4.10897
268 4.11076
269 4.11257
270 4.11439
271 4.11625
272 4.11795
273 4.12013
274 4.12204
275 4.12375
276 4.12565
277 4.1275
278 4.12931
279 4.13114
280 4.1331
281 4.13527
282 4.13703
283 4.13882
284 4.14066
285 4.14255
286 4.14445
287 4.14623
288 4.1483
289 4.15028
290 4.15205
291 4.15392
292 4.15578
293 4.15773
294 4.15963
295 4.16158
296 4.1636
297 4.16545
298 4.16739
299 4.16915
300 4.1711
