1 576.109
2 510.518
3 433.499
4 384.754
5 346.873
6 313.459
7 289.636
8 260.554
9 241.418
10 220.915
11 207.408
12 195.156
13 182.106
14 175.286
15 164.43
16 156.929
17 144.968
18 137.273
19 127.683
20 121.372
21 116.973
22 110.429
23 104.09
24 99.4185
25 93.7094
26 88.0917
27 85.4022
28 79.3293
29 75.7829
30 73.1758
31 68.4516
32 65.2053
33 62.9835
34 59.2148
35 56.7296
36 54.8261
37 52.0245
38 49.5876
39 48.1279
40 46.0876
41 44.1994
42 43.2156
43 41.4339
44 40.0113
45 38.4032
46 37.1384
47 35.6343
48 34.6413
49 33.1932
50 32.2415
51 30.9977
52 29.7483
53 28.9071
54 27.7404
55 26.9987
56 25.9914
57 25.2323
58 24.1734
59 23.6157
60 22.6156
61 21.95
62 21.0451
63 20.2504
64 19.5789
65 18.9712
66 18.2472
67 17.7375
68 17.3582
69 16.4934
70 16.0519
71 15.446
72 15.0917
73 14.5793
74 14.1516
75 13.5177
76 13.2433
77 12.8429
78 12.377
79 11.9693
80 11.669
81 11.3445
82 10.979
83 10.6732
84 10.3154
85 10.1578
86 10.0797
87 9.72153
88 9.16951
89 8.97243
90 9.84388
91 8.54654
92 8.32889
93 8.18386
94 7.88636
95 7.67876
96 7.56747
97 7.3619
98 7.13901
99 7.04929
100 6.99288
101 6.81066
102 6.6365
103 6.67095
104 6.31085
105 6.15566
106 6.13974
107 6.00658
108 5.93557
109 5.77105
110 5.65538
111 5.62027
112 5.49725
113 5.42799
114 5.39993
115 5.31486
116 5.37609
117 5.17301
118 5.0628
119 5.05418
120 5.54121
121 4.97699
122 4.86951
123 5.11799
124 4.94356
125 4.73396
126 4.71905
127 4.89507
128 4.6454
129 4.61835
130 4.56538
131 4.51758
132 4.62482
133 5.52705
134 4.48091
135 4.39243
136 4.39271
137 4.63545
138 4.35198
139 4.33093
140 4.32163
141 4.34025
142 4.6627
143 4.3126
144 4.24975
145 4.326
146 4.44973
147 4.33707
148 4.43989
149 4.26334
150 5.89239
151 4.20661
152 4.28327
153 4.24469
154 4.22292
155 4.16342
156 4.12124
157 4.55777
158 4.13578
159 4.2052
160 4.29653
161 4.09026
162 4.17822
163 4.23624
164 4.11202
165 4.0952
166 4.11178
167 4.19552
168 4.0669
169 4.07146
170 4.11832
171 4.134
172 4.26347
173 4.08878
174 4.04116
175 4.0243
176 4.36375
177 4.02414
178 4.0328
179 4.39916
180 4.26377
181 4.0652
182 4.25436
183 4.03652
184 4.12134
185 4.14789
186 4.00468
187 4.0122
188 4.00539
189 4.14591
190 4.17265
191 3.9632
192 4.0433
193 5.26654
194 4.02062
195 3.95863
196 3.99417
197 4.12421
198 4.00192
199 4.05109
200 4.15956
201 4.05608
202 3.96465
203 3.99624
204 4.1128
205 4.09332
206 4.4217
207 4.00895
208 3.9821
209 4.0162
210 4.34057
211 3.95842
212 4.02662
213 3.96378
214 4.04747
215 3.95472
216 3.92982
217 4.02879
218 4.01016
219 4.26302
220 4.04924
221 4.04284
222 3.97422
223 6.09319
224 3.93766
225 3.94907
226 4.15736
227 3.9299
228 3.91427
229 3.95154
230 3.96237
231 3.91203
232 3.97815
233 4.01399
234 3.90112
235 4.05622
236 5.43844
237 3.91362
238 3.87493
239 3.89946
240 3.99513
241 3.90246
242 3.91037
243 3.89288
244 3.94263
245 4.3019
246 3.92316
247 3.9192
248 3.99611
249 4.12436
250 4.00523
251 3.87403
252 3.89706
253 5.6494
254 3.87502
255 3.99695
256 3.97183
257 4.11003
258 3.87843
259 3.86723
260 4.14156
261 3.88647
262 3.96413
263 3.90738
264 3.89436
265 3.95929
266 5.09113
267 3.87514
268 3.88203
269 3.91582
270 3.91435
271 3.90201
272 3.85232
273 3.87444
274 3.90043
275 4.073
276 3.82838
277 3.8398
278 3.87041
279 4.65734
280 3.92015
281 3.84927
282 3.92356
283 4.0985
284 3.88271
285 4.07403
286 3.85647
287 3.94239
288 3.84817
289 3.8458
290 4.26881
291 3.86422
292 4.18223
293 3.89029
294 3.83677
295 3.88256
296 5.03862
297 3.85711
298 3.80133
299 3.85204
300 3.89234
