1 472.872
2 240.247
3 130.622
4 81.5402
5 42.126
6 24.2218
7 16.209
8 11.2897
9 8.70083
10 7.39125
11 6.8344
12 6.57794
13 6.35274
14 6.17923
15 6.07181
16 6.01048
17 5.90996
18 5.84789
19 5.75775
20 5.69798
21 5.62895
22 5.59099
23 5.5215
24 5.45613
25 5.41035
26 5.4107
27 5.32822
28 5.31614
29 5.26781
30 5.25595
31 5.17759
32 5.13753
33 5.11752
34 5.08591
35 5.07529
36 5.02379
37 5.02503
38 4.97637
39 4.94306
40 4.926
41 4.91068
42 4.90133
43 4.86448
44 4.82798
45 4.81785
46 4.80068
47 4.77192
48 4.76657
49 4.74939
50 4.72076
51 4.7455
52 4.69378
53 4.67582
54 4.66364
55 4.64813
56 4.62706
57 4.60816
58 4.61384
59 4.65881
60 4.58369
61 4.55281
62 4.54927
63 4.54841
64 4.60315
65 4.5153
66 4.50207
67 4.50296
68 4.48795
69 4.47379
70 4.4902
71 4.47137
72 4.46225
73 4.42526
74 4.42533
75 4.43774
76 4.42097
77 4.40199
78 4.40381
79 4.38747
80 4.36526
81 4.37852
82 4.36505
83 4.34574
84 4.34817
85 4.35339
86 4.32023
87 4.35913
88 4.32311
89 4.35894
90 4.29109
91 4.28446
92 4.29708
93 4.26627
94 4.29223
95 4.26014
96 4.28077
97 4.2534
98 4.23711
99 4.24157
100 4.24243
