1 481.049
2 251.032
3 135.724
4 81.6519
5 44.7083
6 25.7711
7 16.5647
8 11.854
9 9.0329
10 7.55416
11 6.88538
12 6.57693
13 6.40411
14 6.24565
15 6.18161
16 6.04399
17 5.95101
18 5.88362
19 5.79013
20 5.71393
21 5.66435
22 5.63265
23 5.66768
24 5.51953
25 5.47058
26 5.42693
27 5.37693
28 5.3179
29 5.27164
30 5.24457
31 5.25524
32 5.19387
33 5.16611
34 5.0962
35 5.08819
36 5.08372
37 5.0201
38 5.04805
39 4.97395
40 4.96014
41 4.93776
42 4.93428
43 4.91591
44 4.86066
45 4.86001
46 4.82844
47 4.79817
48 4.79351
49 4.79971
50 4.75852
51 4.74178
52 4.75048
53 4.70005
54 4.67166
55 4.66188
56 4.75374
57 4.65727
58 4.62936
59 4.74866
60 4.61215
61 4.57452
62 4.57282
63 4.54583
64 4.62936
65 4.58314
66 4.51862
67 4.53209
68 4.5304
69 4.52185
70 4.4803
71 4.47355
72 4.45632
73 4.45007
74 4.51905
75 4.44048
76 4.44624
77 4.41571
78 4.41931
79 4.38344
80 4.41681
81 4.42171
82 4.51877
83 4.38109
84 4.35764
85 4.393
86 4.3432
87 4.32578
88 4.31793
89 4.34271
90 4.34175
91 4.33019
92 4.31196
93 4.30466
94 4.30247
95 4.30047
96 4.28004
97 4.35535
98 4.26462
99 4.26631
100 4.24777
