1 514.408
2 327.461
3 151.58
4 96.8359
5 53.9526
6 38.7774
7 25.3272
8 17.7839
9 13.8425
10 10.6599
11 8.76046
12 7.70339
13 7.02581
14 6.79631
15 6.67879
16 7.36768
17 6.25471
18 6.01518
19 5.96165
20 5.99212
21 5.84627
22 5.8065
23 5.69037
24 5.67762
25 5.61652
26 5.49976
27 5.51925
28 5.42009
29 5.54359
30 5.60931
31 5.33721
32 5.40814
33 5.18717
34 5.26759
35 5.17809
36 5.15863
37 5.07372
38 5.11427
39 5.01622
40 5.03935
41 5.03411
42 4.97521
43 5.24541
44 4.96548
45 5.49322
46 4.92677
47 4.97005
48 4.84442
49 4.83926
50 4.86815
51 4.81084
52 4.82293
53 4.76932
54 4.7556
55 4.74504
56 4.70356
57 4.71711
58 4.70516
59 4.67157
60 4.75429
61 4.68083
62 4.87048
63 4.69976
64 4.67064
65 4.61927
66 4.6072
67 4.773
68 4.60005
69 4.58698
70 4.56429
71 4.64668
72 4.53515
73 4.582
74 4.63184
75 4.98453
76 4.52074
77 4.50035
78 4.4442
79 4.59225
80 4.56722
81 4.42245
82 4.60536
83 4.42408
84 4.40412
85 4.44889
86 4.46729
87 4.39626
88 4.40218
89 4.3704
90 4.52056
91 4.43688
92 4.3889
93 4.35555
94 4.36107
95 4.43818
96 4.32789
97 4.86444
98 4.47274
99 4.34822
100 4.36986
