1 7.15925
2 6.96695
3 6.79344
4 6.35192
5 6.13473
6 5.77444
7 5.57367
8 5.31728
9 5.13193
10 4.94415
11 4.80738
12 4.70539
13 4.6681
14 4.64612
15 4.63918
16 4.63706
17 4.63531
18 4.63865
19 4.64141
20 4.64802
21 4.64703
22 4.65028
23 4.64602
24 4.64501
25 4.63658
26 4.63732
27 4.62868
28 4.62505
29 4.61968
30 4.61421
31 4.60682
32 4.60222
33 4.5952
34 4.59016
35 4.58355
36 4.57846
37 4.5721
38 4.5663
39 4.56105
40 4.55525
41 4.54993
42 4.5448
43 4.53961
44 4.5343
45 4.52974
46 4.52466
47 4.52007
48 4.51563
49 4.51106
50 4.50686
