1 143.792
2 140.045
3 130.877
4 115.408
5 102.487
6 89.4751
7 77.5885
8 67.136
9 57.2432
10 48.1171
11 40.9851
12 33.4807
13 31.2295
14 30.5842
15 30.5934
16 30.7471
17 31.1656
18 31.4531
19 32.1907
20 32.3462
21 32.3879
22 32.4429
23 32.3004
24 32.3236
25 32.056
26 32.0926
27 31.8328
28 31.8069
29 31.6946
30 31.6324
31 31.4753
32 31.4236
33 31.2799
34 31.2132
35 31.083
36 31.0174
37 30.8963
38 30.8177
39 30.7273
40 30.6464
41 30.5553
42 30.4857
43 30.3999
44 30.3266
45 30.2562
46 30.1872
47 30.1144
48 30.0584
49 29.9847
50 29.934
51 29.8667
52 29.8193
53 29.7575
54 29.7129
55 29.6582
56 29.6146
57 29.5663
58 29.525
59 29.4809
60 29.4427
61 29.4017
62 29.3668
63 29.3284
64 29.2964
65 29.2608
66 29.2308
67 29.1983
68 29.1701
69 29.1403
70 29.1136
71 29.0863
72 29.0612
73 29.0358
74 29.0124
75 28.9884
76 28.9668
77 28.9441
78 28.9239
79 28.9026
80 28.8835
81 28.8636
82 28.8454
83 28.8268
84 28.8095
85 28.792
86 28.7755
87 28.7589
88 28.7433
89 28.7275
90 28.7127
91 28.6976
92 28.6834
93 28.6691
94 28.6555
95 28.6418
96 28.6287
97 28.6156
98 28.6031
99 28.5905
100 28.5784
101 28.5663
102 28.5547
103 28.543
104 28.5318
105 28.5205
106 28.5097
107 28.4988
108 28.4883
109 28.4778
110 28.4676
111 28.4574
112 28.4475
113 28.4376
114 28.428
115 28.4184
116 28.409
117 28.3997
118 28.3905
119 28.3814
120 28.3726
121 28.3637
122 28.3551
123 28.3464
124 28.338
125 28.3296
126 28.3213
127 28.3131
128 28.3051
129 28.2971
130 28.2892
131 28.2814
132 28.2737
133 28.2661
134 28.2585
135 28.2511
136 28.2437
137 28.2364
138 28.2292
139 28.2221
140 28.215
141 28.2081
142 28.2012
143 28.1943
144 28.1876
145 28.1809
146 28.1743
147 28.1678
148 28.1613
149 28.1549
150 28.1486
151 28.1423
152 28.1361
153 28.13
154 28.1239
155 28.1179
156 28.112
157 28.1061
158 28.1003
159 28.0945
160 28.0888
161 28.0832
162 28.0776
163 28.0721
164 28.0666
165 28.0612
166 28.0559
167 28.0506
168 28.0453
169 28.0402
170 28.035
171 28.0299
172 28.0249
173 28.0199
174 28.015
175 28.0102
176 28.0053
177 28.0006
178 27.9958
179 27.9912
180 27.9865
181 27.982
182 27.9774
183 27.973
184 27.9685
185 27.9641
186 27.9598
187 27.9555
188 27.9512
189 27.947
190 27.9428
191 27.9387
192 27.9346
193 27.9306
194 27.9266
195 27.9226
196 27.9187
197 27.9148
198 27.911
199 27.9072
200 27.9034
