1 143.916
2 140.138
3 130.932
4 115.401
5 102.423
6 89.2996
7 77.324
8 66.7381
9 56.7038
10 47.4618
11 40.1928
12 31.8941
13 28.814
14 27.772
15 27.2391
16 27.1818
17 27.0627
18 27.1269
19 27.3096
20 27.3626
21 27.2983
22 27.3126
23 27.0618
24 27.0548
25 26.6159
26 26.6238
27 26.2324
28 26.1807
29 25.9711
30 25.871
31 25.6263
32 25.5294
33 25.3198
34 25.2146
35 25.0228
36 24.923
37 24.7421
38 24.6329
39 24.4881
40 24.3815
41 24.2398
42 24.1465
43 24.0143
44 23.9172
45 23.8062
46 23.714
47 23.6051
48 23.5269
49 23.4199
50 23.348
51 23.2496
52 23.1822
53 23.0914
54 23.0276
55 22.9459
56 22.8835
57 22.81
58 22.7501
59 22.6824
60 22.6261
61 22.5628
62 22.5103
63 22.4505
64 22.4015
65 22.3451
66 22.2987
67 22.2462
68 22.2018
69 22.1527
70 22.1101
71 22.0641
72 22.0233
73 21.9799
74 21.941
75 21.8995
76 21.8626
77 21.8228
78 21.7875
79 21.7495
80 21.7155
81 21.6793
82 21.6464
83 21.6119
84 21.58
85 21.5469
86 21.516
87 21.4841
88 21.4543
89 21.4235
90 21.3946
91 21.3647
92 21.3368
93 21.3078
94 21.2806
95 21.2526
96 21.2261
97 21.1989
98 21.173
99 21.1466
100 21.1214
101 21.0957
102 21.0711
103 21.046
104 21.022
105 20.9976
106 20.9741
107 20.9503
108 20.9273
109 20.904
110 20.8815
111 20.8588
112 20.8368
113 20.8146
114 20.7931
115 20.7714
116 20.7503
117 20.729
118 20.7083
119 20.6876
120 20.6673
121 20.647
122 20.6271
123 20.6072
124 20.5877
125 20.5683
126 20.5492
127 20.5301
128 20.5114
129 20.4927
130 20.4744
131 20.4561
132 20.4381
133 20.4202
134 20.4026
135 20.385
136 20.3677
137 20.3505
138 20.3336
139 20.3167
140 20.3002
141 20.2837
142 20.2674
143 20.2512
144 20.2353
145 20.2195
146 20.2039
147 20.1883
148 20.1731
149 20.1579
150 20.1429
151 20.128
152 20.1133
153 20.0988
154 20.0844
155 20.0701
156 20.0561
157 20.0421
158 20.0283
159 20.0146
160 20.0011
161 19.9878
162 19.9745
163 19.9614
164 19.9485
165 19.9357
166 19.923
167 19.9105
168 19.8981
169 19.8858
170 19.8737
171 19.8617
172 19.8498
173 19.838
174 19.8264
175 19.8149
176 19.8035
177 19.7923
178 19.7812
179 19.7701
180 19.7593
181 19.7485
182 19.7378
183 19.7273
184 19.7169
185 19.7066
186 19.6964
187 19.6863
188 19.6763
189 19.6665
190 19.6567
191 19.6471
192 19.6376
193 19.6281
194 19.6188
195 19.6096
196 19.6005
197 19.5915
198 19.5825
199 19.5737
200 19.565
