1 0.5493
2 0.330916
3 0.187565
4 0.267898
5 0.309039
6 0.267936
7 0.286605
8 0.243134
9 0.216173
10 0.152383
11 0.111037
12 0.0620831
13 0.0219004
14 0.00671005
15 0.0110579
16 0.0183368
17 0.014619
18 0.0179384
19 0.0086809
20 0.00825975
21 0.000346955
22 0.0039915
23 0.000635504
24 0.00119523
25 0.000988115
26 0.000900812
27 0.0012772
28 0.000341596
29 0.000549035
30 0.000730631
31 0.00113897
32 0.000417931
33 0.00116729
34 0.000699292
35 0.00107547
36 0.000780888
37 0.000990658
38 0.0010229
39 0.000708504
40 0.00109933
41 0.000798405
42 0.0009264
43 0.000827697
44 0.000969966
45 0.000692332
46 0.000934288
47 0.000742767
48 0.000778091
49 0.000773577
50 0.000727135
51 0.000715626
52 0.000688384
53 0.000678426
54 0.000643096
55 0.00062706
56 0.000619387
57 0.000575432
58 0.000580746
59 0.00054012
60 0.000538776
61 0.000505163
62 0.000501062
63 0.00047338
64 0.000464896
65 0.000440431
66 0.000435808
67 0.000406469
68 0.000408548
69 0.000377636
70 0.000381086
71 0.000351314
72 0.000356055
73 0.000327606
74 0.000330472
75 0.000309451
76 0.000304323
77 0.000292932
78 0.000282903
79 0.000273851
80 0.000266837
81 0.000254592
82 0.000252222
83 0.000238138
84 0.000237546
85 0.000224269
86 0.000223432
87 0.000212176
88 0.000210286
89 0.000201345
90 0.000198434
91 0.000191252
92 0.000188091
93 0.000181647
94 0.000179163
95 0.000172605
96 0.000171251
97 0.000164462
98 0.000163846
99 0.00015745
100 0.000156759
101 0.000151416
102 0.000150139
103 0.000146012
104 0.00014422
105 0.000140904
106 0.000139132
107 0.00013598
108 0.000134723
109 0.000131413
110 0.000130675
111 0.00012738
112 0.000126819
113 0.00012385
114 0.000123185
115 0.000120679
116 0.000119843
117 0.000117746
118 0.00011682
119 0.00011498
120 0.000114104
121 0.000112356
122 0.000111643
123 0.000109898
124 0.00010935
125 0.000107644
126 0.000107157
127 0.000105594
128 0.000105056
129 0.000103697
130 0.000103076
131 0.000101889
132 0.000101237
133 0.000100138
134 9.95268e-05
135 9.84475e-05
136 9.79075e-05
137 9.68354e-05
138 9.63442e-05
139 9.53089e-05
140 9.48212e-05
141 9.38562e-05
142 9.33418e-05
143 9.24555e-05
144 9.19139e-05
145 9.10884e-05
146 9.05396e-05
147 8.97464e-05
148 8.92124e-05
149 8.84305e-05
150 8.79196e-05
151 8.71461e-05
152 8.66493e-05
153 8.58956e-05
154 8.53963e-05
155 8.46746e-05
156 8.41625e-05
157 8.34745e-05
158 8.2952e-05
159 8.22885e-05
160 8.17657e-05
161 8.11148e-05
162 8.06001e-05
163 7.99558e-05
164 7.945e-05
165 7.88136e-05
166 7.83121e-05
167 7.76887e-05
168 7.7186e-05
169 7.65789e-05
170 7.6073e-05
171 7.54818e-05
172 7.49746e-05
173 7.43955e-05
174 7.38911e-05
175 7.33202e-05
176 7.28213e-05
177 7.2257e-05
178 7.17637e-05
179 7.12069e-05
180 7.07174e-05
181 7.01701e-05
182 6.96828e-05
183 6.91462e-05
184 6.86607e-05
185 6.81341e-05
186 6.76518e-05
187 6.71337e-05
188 6.66561e-05
189 6.61453e-05
190 6.56734e-05
191 6.51695e-05
192 6.47032e-05
193 6.42068e-05
194 6.37454e-05
195 6.32571e-05
196 6.28002e-05
197 6.23204e-05
198 6.18681e-05
199 6.13964e-05
200 6.09493e-05
