1 7.16428
2 6.97453
3 6.80312
4 6.36636
5 6.15302
6 5.79886
7 5.60303
8 5.35365
9 5.17526
10 4.99698
11 4.86971
12 4.77898
13 4.75118
14 4.73739
15 4.73751
16 4.74273
17 4.74891
18 4.76175
19 4.77324
20 4.78573
21 4.7864
22 4.7922
23 4.7897
24 4.79171
25 4.78646
26 4.789
27 4.78327
28 4.78176
29 4.77896
30 4.77593
31 4.7714
32 4.76914
33 4.76462
34 4.76167
35 4.75746
36 4.75442
37 4.75041
38 4.74665
39 4.74357
40 4.73962
41 4.73642
42 4.73299
43 4.72984
44 4.72625
45 4.72357
46 4.72016
47 4.71731
48 4.71448
49 4.71156
50 4.70894
