1 0.548938
2 0.333399
3 0.190805
4 0.270541
5 0.31549
6 0.275608
7 0.29803
8 0.257752
9 0.236945
10 0.176092
11 0.13795
12 0.0898834
13 0.0533633
14 0.0348836
15 0.0155338
16 0.00397909
17 0.00321393
18 0.00494749
19 0.00198724
20 0.00568409
21 0.000669096
22 0.00230157
23 0.00181794
24 0.000448148
25 0.00231254
26 0.000258187
27 0.00272131
28 0.00131366
29 0.00183929
30 0.00198467
31 0.00204767
32 0.00152642
33 0.00172366
34 0.00165363
35 0.00175545
36 0.00162756
37 0.00171194
38 0.00168442
39 0.0014117
40 0.00160423
41 0.00154072
42 0.00140207
43 0.00153054
44 0.00146368
45 0.00127916
46 0.00142913
47 0.00126339
48 0.00126116
49 0.00128474
50 0.00117394
51 0.00122398
52 0.0010891
53 0.00117622
54 0.00102358
55 0.0011032
56 0.00100442
57 0.00101729
58 0.000975612
59 0.000948195
60 0.000937341
61 0.000897791
62 0.000889948
63 0.000868512
64 0.000834573
65 0.00084183
66 0.000789889
67 0.000808428
68 0.000757789
69 0.000772958
70 0.000733663
71 0.0007358
72 0.000714289
73 0.000702786
74 0.000691652
75 0.000681104
76 0.00066367
77 0.000666031
78 0.000637835
79 0.000649306
80 0.000618847
81 0.000630026
82 0.000604768
83 0.00061071
84 0.000592889
85 0.000592974
86 0.000581397
87 0.000578201
88 0.000569034
89 0.000566729
90 0.00055604
91 0.000557239
92 0.000543838
93 0.000547959
94 0.000533702
95 0.000537971
96 0.000525645
97 0.000527719
98 0.00051856
99 0.000518238
100 0.000511377
101 0.000510117
102 0.000503751
103 0.000503186
104 0.000496025
105 0.000496749
106 0.000488832
107 0.000490164
108 0.00048247
109 0.000483326
110 0.0004767
111 0.000476537
112 0.000471095
113 0.000470097
114 0.00046538
115 0.000464108
116 0.000459505
117 0.000458461
118 0.000453607
119 0.000452921
120 0.00044788
121 0.000447292
122 0.000442413
123 0.000441542
124 0.000437119
125 0.00043579
126 0.000431832
127 0.000430163
128 0.000426447
129 0.00042469
130 0.000420977
131 0.000419299
132 0.000415501
133 0.000413898
134 0.000410087
135 0.000408438
136 0.000404746
137 0.000402933
138 0.000399435
139 0.000397433
140 0.000394104
141 0.000391976
142 0.00038873
143 0.000386566
144 0.000383326
145 0.000381179
146 0.000377925
147 0.000375785
148 0.000372552
149 0.000370374
150 0.000367209
151 0.000364956
152 0.000361883
153 0.000359555
154 0.000356556
155 0.000354186
156 0.000351226
157 0.00034885
158 0.000345904
159 0.000343537
160 0.000340605
161 0.00033824
162 0.000335339
163 0.00033296
164 0.000330107
165 0.000327705
166 0.000324903
167 0.000322485
168 0.000319727
169 0.000317305
170 0.000314578
171 0.000312167
172 0.000309465
173 0.000307069
174 0.000304393
175 0.000302009
176 0.000299367
177 0.000296991
178 0.000294388
179 0.000292018
180 0.000289456
181 0.000287096
182 0.000284569
183 0.000282226
184 0.000279732
185 0.00027741
186 0.000274947
187 0.000272648
188 0.000270217
189 0.00026794
190 0.000265543
191 0.000263288
192 0.000260928
193 0.000258694
194 0.000256371
195 0.00025416
196 0.000251872
197 0.000249687
198 0.000247433
199 0.000245276
200 0.000243055
