1 0.568182
2 0.0534736
3 0.033744
4 0.0629129
5 0.0480865
6 0.0545092
7 0.0418807
8 0.0468252
9 0.0421337
10 0.0444005
11 0.0400715
12 0.0289889
13 0.0115469
14 0.00575169
15 0.00137059
16 1.77072e-05
17 0.00014605
18 0.00132631
19 0.0011165
20 0.00162832
21 2.29996e-05
22 0.00066327
23 0.000539106
24 1.59144e-05
25 0.00105967
26 0.00017758
27 0.00108227
28 0.000424863
29 0.00061824
30 0.000655268
31 0.0008761
32 0.000526317
33 0.000849051
34 0.000593777
35 0.00079037
36 0.000611813
37 0.000750698
38 0.000711734
39 0.000614012
40 0.000720295
41 0.00063191
42 0.000638825
43 0.000621386
44 0.000665378
45 0.000548791
46 0.000639059
47 0.000564236
48 0.000557885
49 0.000569806
50 0.000531565
