1 0.548913
2 0.332541
3 0.18956
4 0.269935
5 0.313255
6 0.272673
7 0.293684
8 0.251653
9 0.227984
10 0.166035
11 0.126147
12 0.0781085
13 0.0395942
14 0.022271
15 0.00205571
16 0.00789872
17 0.00800797
18 0.0134619
19 0.00804625
20 0.00813211
21 0.000459436
22 0.00262484
23 0.000747804
24 7.11144e-05
25 0.00140051
26 0.000356802
27 0.00189174
28 0.000816281
29 0.00123612
30 0.00103532
31 0.00194379
32 0.000465696
33 0.00192481
34 0.000727541
35 0.00172152
36 0.000928846
37 0.00145796
38 0.00126368
39 0.0010285
40 0.00137072
41 0.00107474
42 0.00118336
43 0.00110291
44 0.00119029
45 0.000961026
46 0.00111895
47 0.000999614
48 0.000958257
49 0.000995943
50 0.000929019
51 0.000893651
52 0.000899913
53 0.000837836
54 0.000839715
55 0.000793446
56 0.000789432
57 0.000755367
58 0.000725802
59 0.000726763
60 0.000671853
61 0.000685658
62 0.000637332
63 0.000638123
64 0.00061053
65 0.000589774
66 0.000586632
67 0.000548803
68 0.000556604
69 0.000521116
70 0.000521835
71 0.000498241
72 0.000490636
73 0.000475417
74 0.000463169
75 0.000454325
76 0.000438956
77 0.000432701
78 0.000420472
79 0.00040944
80 0.000405337
81 0.00038906
82 0.000388785
83 0.000373932
84 0.00037096
85 0.000361514
86 0.000354676
87 0.000349305
88 0.000341202
89 0.000336715
90 0.000330219
91 0.00032428
92 0.000320651
93 0.000312943
94 0.000311472
95 0.000303259
96 0.000302273
97 0.000295133
98 0.000293243
99 0.00028798
100 0.000284918
101 0.000281137
102 0.000277659
103 0.00027433
104 0.000271389
105 0.000267671
106 0.000265759
107 0.000261459
108 0.000260349
109 0.000255958
110 0.000254924
111 0.000251128
112 0.000249615
113 0.000246636
114 0.000244697
115 0.0002422
116 0.000240264
117 0.000237788
118 0.000236187
119 0.000233517
120 0.000232286
121 0.000229496
122 0.000228444
123 0.000225748
124 0.000224641
125 0.000222213
126 0.000220926
127 0.000218791
128 0.000217366
129 0.000215401
130 0.000213984
131 0.00021203
132 0.000210737
133 0.000208719
134 0.000207555
135 0.000205511
136 0.000204391
137 0.000202416
138 0.000201245
139 0.000199399
140 0.000198146
141 0.000196416
142 0.000195122
143 0.000193447
144 0.000192169
145 0.000190495
146 0.000189267
147 0.000187581
148 0.00018639
149 0.000184717
150 0.000183529
151 0.000181901
152 0.000180689
153 0.00017912
154 0.000177881
155 0.000176362
156 0.000175114
157 0.000173621
158 0.000172385
159 0.000170901
160 0.000169687
161 0.000168211
162 0.000167013
163 0.000165556
164 0.00016436
165 0.000162933
166 0.000161732
167 0.00016034
168 0.000159135
169 0.000157771
170 0.000156571
171 0.000155227
172 0.00015404
173 0.000152711
174 0.000151539
175 0.000150225
176 0.000149066
177 0.000147773
178 0.000146622
179 0.000145353
180 0.000144209
181 0.000142965
182 0.000141829
183 0.000140607
184 0.000139482
185 0.000138279
186 0.00013717
187 0.000135984
188 0.000134891
189 0.000133723
190 0.000132644
191 0.000131497
192 0.00013043
193 0.000129305
194 0.000128251
195 0.000127147
196 0.000126106
197 0.000125022
198 0.000123997
199 0.000122931
200 0.000121923
