1 143.663
2 139.949
3 130.973
4 115.785
5 103.008
6 90.3997
7 78.6917
8 68.5623
9 59.0429
10 50.112
11 43.697
12 37.1517
13 35.9717
14 35.7609
15 36.3099
16 36.71
17 37.5513
18 38.0209
19 38.9181
20 39.1295
21 39.1233
22 39.2337
23 39.14
24 39.2082
25 39.039
26 39.1092
27 38.9455
28 38.943
29 38.8977
30 38.863
31 38.7677
32 38.7438
33 38.6514
34 38.608
35 38.5238
36 38.4798
37 38.399
38 38.3409
39 38.2842
40 38.2211
41 38.1607
42 38.1072
43 38.0486
44 37.9912
45 37.944
46 37.8898
47 37.8379
48 37.7951
49 37.7405
50 37.702
51 37.6518
52 37.6157
53 37.5694
54 37.5353
55 37.4946
56 37.4608
57 37.4253
58 37.3932
59 37.3608
60 37.3313
61 37.3011
62 37.2743
63 37.246
64 37.2217
65 37.1954
66 37.1728
67 37.149
68 37.1278
69 37.1063
70 37.0863
71 37.0667
72 37.048
73 37.03
74 37.0128
75 36.9958
76 36.9802
77 36.9641
78 36.9498
79 36.9348
80 36.9214
81 36.9076
82 36.8949
83 36.8822
84 36.8702
85 36.8584
86 36.8471
87 36.8361
88 36.8255
89 36.8151
90 36.8052
91 36.7953
92 36.786
93 36.7767
94 36.7678
95 36.7591
96 36.7506
97 36.7424
98 36.7343
99 36.7265
100 36.7188
101 36.7113
102 36.704
103 36.6968
104 36.6899
105 36.683
106 36.6763
107 36.6697
108 36.6633
109 36.657
110 36.6508
111 36.6447
112 36.6388
113 36.6329
114 36.6272
115 36.6215
116 36.616
117 36.6105
118 36.6052
119 36.5999
120 36.5947
121 36.5895
122 36.5845
123 36.5795
124 36.5746
125 36.5698
126 36.565
127 36.5603
128 36.5557
129 36.5512
130 36.5467
131 36.5422
132 36.5378
133 36.5335
134 36.5292
135 36.525
136 36.5208
137 36.5167
138 36.5127
139 36.5087
140 36.5047
141 36.5008
142 36.4969
143 36.4931
144 36.4893
145 36.4856
146 36.4819
147 36.4783
148 36.4747
149 36.4711
150 36.4676
151 36.4641
152 36.4607
153 36.4573
154 36.4539
155 36.4506
156 36.4473
157 36.4441
158 36.4409
159 36.4377
160 36.4346
161 36.4315
162 36.4284
163 36.4254
164 36.4224
165 36.4194
166 36.4165
167 36.4136
168 36.4107
169 36.4079
170 36.4051
171 36.4023
172 36.3996
173 36.3969
174 36.3942
175 36.3916
176 36.389
177 36.3864
178 36.3838
179 36.3813
180 36.3788
181 36.3763
182 36.3739
183 36.3714
184 36.369
185 36.3667
186 36.3643
187 36.362
188 36.3597
189 36.3575
190 36.3552
191 36.353
192 36.3508
193 36.3487
194 36.3465
195 36.3444
196 36.3423
197 36.3402
198 36.3382
199 36.3361
200 36.3341
