1 0.551372
2 0.329613
3 0.189133
4 0.268035
5 0.309136
6 0.268558
7 0.285856
8 0.240301
9 0.213665
10 0.146277
11 0.106472
12 0.0557027
13 0.0162112
14 0.00390903
15 0.0132973
16 0.0181516
17 0.0156316
18 0.0171535
19 0.0097131
20 0.00793503
21 0.000246448
22 0.00470645
23 0.000764412
24 0.00234357
25 0.00126062
26 0.00185748
27 0.00127019
28 0.00024499
29 0.000286972
30 0.000409905
31 0.000721056
32 0.00024872
33 0.000723933
34 0.000531626
35 0.000744202
36 0.00053092
37 0.000788983
38 0.00072188
39 0.00056339
40 0.000838661
41 0.000617969
42 0.000764772
43 0.000604115
44 0.000859073
45 0.000497188
46 0.000808667
47 0.000606786
48 0.000636231
49 0.000680837
50 0.000581308
