10000 192.848
20000 123.005
30000 88.0872
40000 65.1936
50000 49.9218
60000 37.6957
70000 31.4927
80000 25.7308
90000 22.0793
100000 19.6866
110000 18.3573
120000 16.0183
130000 15.1085
140000 14.1713
150000 13.6788
160000 12.8169
170000 12.4955
180000 12.2832
190000 11.9688
200000 11.8183
210000 11.5359
220000 11.3237
230000 11.0488
240000 10.6723
250000 10.4403
260000 10.4177
270000 10.364
280000 9.99843
290000 9.95173
300000 9.91325
310000 9.83712
320000 9.74815
330000 9.61363
340000 9.69786
350000 9.58993
360000 9.30078
370000 9.38681
380000 9.56979
390000 9.24852
400000 9.19193
410000 9.02805
420000 8.96604
430000 8.85504
440000 8.85254
450000 8.7794
460000 8.79361
470000 8.63344
480000 8.67583
490000 8.52001
500000 8.70129
510000 8.58268
520000 8.52357
530000 8.41185
540000 8.22908
550000 8.34173
560000 8.22929
570000 8.28303
580000 8.24504
590000 8.28661
600000 8.3039
610000 8.06
620000 8.27376
630000 8.07374
640000 8.25924
650000 7.93725
660000 7.88342
670000 7.87818
680000 8.09071
690000 8.08034
700000 7.85909
710000 7.94735
720000 7.91424
730000 7.93068
740000 7.86117
750000 7.90375
760000 7.85645
770000 7.8335
780000 7.87792
790000 7.80412
800000 7.74489
810000 7.63944
820000 7.75478
830000 7.8012
840000 7.55719
850000 7.56911
860000 7.75112
870000 7.6811
880000 7.57794
890000 7.53946
900000 7.50488
910000 7.45527
920000 7.47742
930000 7.50395
940000 7.46045
950000 7.42331
960000 7.46858
970000 7.52099
980000 7.48239
990000 7.44791
1000000 7.41959
1010000 7.53982
1020000 7.38081
1030000 7.32006
1040000 7.3608
1050000 7.30784
1060000 7.32473
1070000 7.23543
1080000 7.21541
1090000 7.37481
1100000 7.45342
1110000 7.35291
1120000 7.19147
1130000 7.40752
1140000 7.24588
1150000 7.28889
1160000 7.27721
1170000 7.34733
1180000 7.2958
1190000 7.34432
1200000 7.18294
1210000 7.30132
1220000 7.18332
1230000 7.33872
1240000 7.28128
1250000 7.25712
1260000 7.00922
1270000 7.12886
1280000 7.15112
1290000 7.11699
1300000 7.17079
1310000 7.19907
1320000 7.0724
1330000 7.09324
1340000 6.9977
1350000 7.00568
1360000 7.15606
1370000 7.08009
1380000 7.231
1390000 7.02476
1400000 6.97239
1410000 6.90706
1420000 7.05816
1430000 6.89229
1440000 7.03235
1450000 7.42985
1460000 6.99262
1470000 7.0686
1480000 6.94897
1490000 6.88127
1500000 7.17744
1510000 6.91768
1520000 6.85922
1530000 6.9165
1540000 6.96742
1550000 7.11553
1560000 7.20237
1570000 6.94146
1580000 7.01591
1590000 6.85417
1600000 6.93219
1610000 7.16121
1620000 6.92457
1630000 6.78813
1640000 6.80848
1650000 6.88274
1660000 6.81546
1670000 6.83793
1680000 7.00307
1690000 6.93001
1700000 6.93234
1710000 6.79212
1720000 6.86128
1730000 6.85098
1740000 6.89096
1750000 6.74621
1760000 6.86551
1770000 6.93738
1780000 6.74608
1790000 6.64622
1800000 6.60995
1810000 6.73595
1820000 6.71073
1830000 6.74278
1840000 6.79175
1850000 6.747
1860000 6.75436
1870000 6.72458
1880000 6.70022
1890000 6.68223
1900000 6.68091
1910000 6.87395
1920000 6.80539
1930000 6.60363
1940000 6.68696
1950000 6.74035
1960000 6.57947
1970000 6.71425
1980000 6.72375
1990000 6.74968
2000000 6.71364
2010000 6.45833
2020000 6.60038
2030000 6.68847
2040000 6.67211
2050000 6.68856
2060000 6.86676
2070000 6.53252
2080000 6.60384
2090000 6.67117
2100000 6.59322
2110000 6.6352
2120000 6.59411
2130000 6.77691
2140000 6.69955
2150000 6.5323
2160000 6.78996
2170000 6.70185
2180000 6.5626
2190000 6.58982
2200000 6.74686
2210000 6.87758
2220000 6.78786
2230000 6.73544
2240000 6.5413
2250000 6.59322
2260000 6.78124
2270000 6.56045
2280000 6.62351
2290000 6.69453
2300000 6.54304
2310000 6.74574
2320000 6.6412
2330000 6.63598
2340000 6.65153
2350000 6.64423
2360000 6.57649
2370000 6.77009
2380000 6.60041
2390000 6.47382
2400000 6.54663
2410000 6.57692
2420000 6.64855
2430000 6.62684
2440000 6.69429
2450000 6.63628
2460000 6.71307
2470000 6.58889
2480000 6.68131
2490000 6.58604
2500000 6.51473
2510000 6.53786
2520000 6.55543
2530000 6.55942
2540000 6.7229
2550000 6.63786
2560000 6.48999
2570000 6.59524
2580000 6.46027
2590000 6.42336
2600000 6.43735
2610000 6.62255
2620000 6.46307
2630000 6.33815
2640000 6.31244
2650000 6.46258
2660000 6.51208
2670000 6.58026
2680000 6.58053
2690000 6.63148
2700000 6.63811
2710000 6.43024
2720000 6.47981
2730000 6.56228
2740000 6.49849
2750000 6.34465
2760000 6.45052
2770000 6.54183
2780000 6.36633
2790000 6.44189
2800000 6.50281
2810000 6.47099
2820000 6.44119
2830000 6.43808
2840000 6.40569
2850000 6.4977
2860000 6.52369
2870000 6.45842
2880000 6.3227
2890000 6.50096
2900000 6.53567
2910000 6.42161
2920000 6.36888
2930000 6.36008
2940000 6.24782
2950000 6.48194
2960000 6.47099
2970000 6.38534
2980000 6.45316
2990000 6.36634
3000000 6.43701
3010000 6.26783
3020000 6.31446
3030000 6.46205
3040000 6.23607
3050000 6.41714
3060000 6.23596
3070000 6.47911
3080000 6.38571
3090000 6.52031
3100000 6.459
3110000 6.38062
3120000 6.30711
3130000 6.31458
3140000 6.3062
3150000 6.35498
3160000 6.52277
3170000 6.44418
3180000 6.32451
3190000 6.26182
3200000 6.37418
3210000 6.37067
3220000 6.22961
3230000 6.32106
3240000 6.46813
3250000 6.67656
3260000 6.34806
3270000 6.50941
3280000 6.43805
3290000 6.26309
3300000 6.34829
3310000 6.36704
3320000 6.63272
3330000 6.37022
3340000 6.51338
3350000 6.36086
3360000 6.33728
3370000 6.48622
3380000 6.41949
3390000 6.40956
3400000 6.22745
3410000 6.57866
3420000 6.34173
3430000 6.22272
3440000 6.47465
3450000 6.38468
3460000 6.38134
3470000 6.26962
3480000 6.25715
3490000 6.42368
3500000 6.31632
3510000 6.50349
3520000 6.37292
3530000 6.35272
3540000 6.4071
3550000 6.39367
3560000 6.42488
3570000 6.40203
3580000 6.2312
3590000 6.32015
3600000 6.39133
3610000 6.38372
3620000 6.43822
3630000 6.43229
3640000 6.27719
3650000 6.28164
3660000 6.47649
3670000 6.39611
3680000 6.40544
3690000 6.1967
3700000 6.42137
3710000 6.25512
3720000 6.28226
3730000 6.27645
3740000 6.35149
3750000 6.30723
3760000 6.35254
3770000 6.28377
3780000 6.16999
3790000 6.26863
3800000 6.28024
3810000 6.22669
3820000 6.28568
3830000 6.21215
3840000 6.32041
3850000 6.31742
3860000 6.39139
3870000 6.22568
3880000 6.11652
3890000 6.39705
3900000 6.16622
3910000 6.32043
3920000 6.32552
3930000 6.27124
3940000 6.34856
3950000 6.20889
3960000 6.24999
3970000 6.35939
3980000 6.36419
3990000 6.36193
4000000 6.18404
4010000 6.34028
4020000 6.34915
4030000 6.28181
4040000 6.27719
4050000 6.22688
4060000 6.55453
4070000 6.27496
4080000 6.25293
4090000 6.116
4100000 6.19537
4110000 6.14077
4120000 6.27526
4130000 6.30601
4140000 6.23949
4150000 6.24867
4160000 6.36027
4170000 6.21322
4180000 6.36129
4190000 6.30874
4200000 6.26032
4210000 6.20988
4220000 6.39633
4230000 6.23611
4240000 6.29238
4250000 6.04822
4260000 6.39469
4270000 6.32664
4280000 6.36344
4290000 6.24348
4300000 6.25905
4310000 6.13176
4320000 6.16523
4330000 6.3414
4340000 6.31418
4350000 6.17288
4360000 6.16339
4370000 6.0409
4380000 6.22401
4390000 6.17626
4400000 6.17049
4410000 6.54687
4420000 6.33332
4430000 6.1992
4440000 6.47375
4450000 6.20314
4460000 6.19911
4470000 6.34085
4480000 6.13229
4490000 6.10121
4500000 6.2457
4510000 6.3229
4520000 6.13552
4530000 6.28625
4540000 6.25608
4550000 6.22836
4560000 6.10999
4570000 6.27601
4580000 6.38646
4590000 6.30464
4600000 6.20404
4610000 6.18943
4620000 6.21726
4630000 6.14613
4640000 6.1713
4650000 6.1215
4660000 6.10638
4670000 6.15716
4680000 6.20292
4690000 6.08315
4700000 6.21748
4710000 6.18963
4720000 6.22886
4730000 6.18991
4740000 6.29089
4750000 6.14526
4760000 6.2673
4770000 6.10233
4780000 6.11881
4790000 6.20862
4800000 6.09383
4810000 6.00151
4820000 6.10622
4830000 6.14832
4840000 6.15517
4850000 6.07387
4860000 6.12282
4870000 6.04451
4880000 6.29253
4890000 6.10503
4900000 6.23508
4910000 6.0993
4920000 6.07755
4930000 6.06184
4940000 5.97698
4950000 6.04993
4960000 6.05561
4970000 5.97181
4980000 6.06552
4990000 6.03658
5000000 6.0465
5010000 6.11492
5020000 6.29612
5030000 6.10494
5040000 5.94384
5050000 6.06353
5060000 5.97925
5070000 6.08472
5080000 6.07902
5090000 6.02202
5100000 6.19332
5110000 6.10744
5120000 6.28509
5130000 6.10668
5140000 6.1233
5150000 6.21162
5160000 6.06971
5170000 6.08171
5180000 6.03699
5190000 6.00277
5200000 6.00596
5210000 6.11617
5220000 6.04653
5230000 6.0052
5240000 6.00954
5250000 5.94974
5260000 5.97357
5270000 6.08441
5280000 6.13366
5290000 6.21794
5300000 6.12043
5310000 6.08003
5320000 6.1167
5330000 6.14726
5340000 6.00212
5350000 6.1165
5360000 5.87273
5370000 6.06428
5380000 5.99066
5390000 6.04581
5400000 6.18946
5410000 6.0313
5420000 6.00679
5430000 6.00365
5440000 5.93568
5450000 5.92125
5460000 6.13061
5470000 6.20132
5480000 6.17818
5490000 6.2084
5500000 6.02487
5510000 6.00991
5520000 6.15705
5530000 6.09126
5540000 6.17685
5550000 6.17186
5560000 6.16502
5570000 5.99225
5580000 6.05294
5590000 6.09856
5600000 6.03403
5610000 6.28335
5620000 6.0652
5630000 6.09398
5640000 6.03832
5650000 6.17391
5660000 6.04494
5670000 6.06174
5680000 6.1358
5690000 6.08457
5700000 6.10116
5710000 6.05706
5720000 6.21653
5730000 6.16624
5740000 6.19594
5750000 6.28141
5760000 6.041
5770000 6.07618
5780000 6.13291
5790000 6.17994
5800000 6.13106
5810000 5.8632
5820000 6.11228
5830000 6.04172
5840000 6.15561
5850000 6.23238
5860000 5.97476
5870000 6.04187
5880000 6.17507
5890000 5.98473
5900000 5.92968
5910000 6.00703
5920000 6.05246
5930000 6.0293
5940000 5.97754
5950000 6.07888
5960000 6.01399
5970000 6.06295
5980000 5.99472
5990000 6.07418
6000000 6.05375
6010000 6.09285
6020000 6.18442
6030000 6.06975
6040000 5.94801
6050000 6.04589
6060000 6.03173
6070000 6.08884
6080000 6.12738
6090000 6.01698
6100000 5.99375
6110000 6.01782
6120000 6.05575
6130000 5.7879
6140000 6.03107
6150000 6.28182
6160000 6.00033
6170000 6.02099
6180000 6.16983
6190000 6.09811
6200000 6.28624
6210000 5.9245
6220000 5.98968
6230000 5.96997
6240000 6.03353
6250000 5.98575
6260000 6.10371
6270000 5.99544
6280000 6.03646
6290000 6.04283
6300000 5.92499
6310000 5.9178
6320000 5.82385
6330000 5.93888
6340000 5.8966
6350000 5.94838
6360000 5.88174
6370000 5.95705
6380000 6.06967
6390000 6.00871
6400000 6.06256
6410000 6.09481
6420000 6.01404
6430000 6.06405
6440000 6.03316
6450000 5.9533
6460000 6.06736
6470000 6.07377
6480000 6.03035
6490000 5.92326
6500000 5.84378
6510000 5.9218
6520000 5.93124
6530000 5.85378
6540000 6.27222
6550000 5.97355
6560000 5.9135
6570000 6.13333
6580000 6.00732
6590000 5.95064
6600000 6.00486
6610000 5.93308
6620000 6.02112
6630000 6.11093
6640000 5.97783
6650000 6.32388
6660000 6.16101
6670000 5.90083
6680000 6.09436
6690000 6.03459
6700000 6.08776
6710000 6.13252
6720000 6.39024
6730000 5.94159
6740000 5.99024
6750000 5.9791
6760000 6.04521
6770000 5.93968
6780000 6.02866
6790000 6.02838
6800000 5.94546
6810000 6.16162
6820000 5.989
6830000 6.09607
6840000 5.98823
6850000 6.26034
6860000 6.1497
6870000 6.03641
6880000 6.09898
6890000 6.13075
6900000 6.05788
6910000 5.93921
6920000 6.08878
6930000 6.01509
6940000 6.14247
6950000 6.14943
6960000 5.99467
6970000 5.96894
6980000 6.00465
6990000 5.97245
7000000 5.83782
7010000 6.05528
7020000 5.89383
7030000 6.02584
7040000 5.97212
7050000 6.00933
7060000 6.01267
7070000 6.12188
7080000 5.98737
7090000 5.90638
7100000 6.03416
7110000 6.13472
7120000 5.91113
7130000 5.96042
7140000 5.83877
7150000 5.87726
7160000 6.06571
7170000 6.18173
7180000 6.00024
7190000 5.89975
7200000 5.86426
7210000 5.93228
7220000 5.83296
7230000 6.02497
7240000 6.02302
7250000 5.98694
7260000 5.8207
7270000 5.72765
7280000 5.89433
7290000 6.0906
7300000 5.86921
7310000 5.78977
7320000 5.81595
7330000 5.89063
7340000 5.99269
7350000 5.85069
7360000 5.80676
7370000 5.90711
7380000 5.99312
7390000 5.99186
7400000 6.04186
7410000 5.94284
7420000 5.95953
7430000 5.91118
7440000 6.01845
7450000 5.93563
7460000 5.92045
7470000 6.01674
7480000 6.01896
7490000 5.94224
7500000 5.99256
7510000 5.98018
7520000 5.94062
7530000 6.04515
7540000 5.98732
7550000 5.89106
7560000 5.94846
7570000 5.9259
7580000 5.87277
7590000 5.95154
7600000 5.95283
7610000 5.83395
7620000 5.88398
7630000 6.04235
7640000 5.9225
7650000 5.93891
7660000 5.97063
7670000 5.85353
7680000 5.85859
7690000 5.97945
7700000 5.86302
7710000 5.88045
7720000 5.78706
7730000 5.86419
7740000 5.78478
7750000 5.91198
7760000 5.97878
7770000 5.88314
7780000 5.83653
7790000 5.95193
7800000 5.97945
7810000 5.85115
7820000 5.87772
7830000 5.90438
7840000 5.9475
7850000 6.06468
7860000 6.12443
7870000 5.98478
7880000 5.92893
7890000 5.77797
7900000 5.85862
7910000 5.91576
7920000 5.93197
7930000 5.89006
7940000 6.03733
7950000 5.89739
7960000 5.88831
7970000 6.00572
7980000 5.86467
7990000 5.91563
8000000 5.76355
8010000 6.04504
8020000 5.97884
8030000 6.04947
8040000 6.0379
8050000 6.05962
8060000 5.92516
8070000 5.95713
8080000 5.94634
8090000 5.75696
8100000 5.88437
8110000 5.85489
8120000 6.01361
8130000 5.8849
8140000 5.82535
8150000 5.93097
8160000 5.78878
8170000 6.03583
8180000 5.92607
8190000 5.80324
8200000 5.84808
8210000 5.746
8220000 5.88456
8230000 5.91811
8240000 5.8764
8250000 5.95632
8260000 5.95758
8270000 5.80582
8280000 5.79996
8290000 5.86733
8300000 5.84686
8310000 5.97511
8320000 5.84107
8330000 5.82942
8340000 5.88813
8350000 5.81737
8360000 5.77528
8370000 5.86484
8380000 6.08603
8390000 5.83164
8400000 5.81641
8410000 5.68646
8420000 6.13845
8430000 5.74696
8440000 5.7791
8450000 5.8893
8460000 5.94215
8470000 5.96394
8480000 5.90421
8490000 5.90201
8500000 5.80019
8510000 5.91268
8520000 5.81927
8530000 5.85233
8540000 5.8104
8550000 5.90141
8560000 5.7582
8570000 5.81035
8580000 5.83341
8590000 5.87285
8600000 5.88476
8610000 5.99042
8620000 6.29973
8630000 5.94071
8640000 5.82921
8650000 5.77619
8660000 5.81488
8670000 5.9952
8680000 5.85962
8690000 5.82806
8700000 6.09515
8710000 5.89872
8720000 5.90455
8730000 5.84055
8740000 5.95306
8750000 5.81286
8760000 5.92915
8770000 5.92134
8780000 5.91907
8790000 5.85567
8800000 6.0508
8810000 6.05047
8820000 5.84582
8830000 6.06374
8840000 5.7864
8850000 5.82405
8860000 5.84614
8870000 5.73215
8880000 5.88415
8890000 5.8214
8900000 5.75286
8910000 5.82317
8920000 6.03927
8930000 5.85967
8940000 5.95312
8950000 5.88538
8960000 5.97091
8970000 5.87519
8980000 5.86821
8990000 5.9216
9000000 5.78138
9010000 5.87135
9020000 5.98384
9030000 5.86163
9040000 5.8854
9050000 5.79011
9060000 5.88329
9070000 5.81934
9080000 5.8882
9090000 6.04335
9100000 6.00032
9110000 5.75966
9120000 5.81999
9130000 5.74185
9140000 5.71274
9150000 5.72544
9160000 5.74442
9170000 6.17518
9180000 5.78127
9190000 6.00172
9200000 5.92903
9210000 5.78642
9220000 5.84933
9230000 5.90279
9240000 5.9904
9250000 5.98984
9260000 5.95077
9270000 5.99489
9280000 6.01424
9290000 5.89877
9300000 5.84498
9310000 5.83652
9320000 5.86337
9330000 5.82665
9340000 5.90894
9350000 5.80482
9360000 5.78893
9370000 5.87637
9380000 5.85588
9390000 5.76355
9400000 5.88767
9410000 5.9591
9420000 5.94412
9430000 5.74539
9440000 5.73939
9450000 5.76835
9460000 5.72259
9470000 5.86764
9480000 5.91663
9490000 5.8888
9500000 5.77138
9510000 5.9125
9520000 5.75732
9530000 5.82161
9540000 5.93976
9550000 5.86052
9560000 5.84482
9570000 5.80918
9580000 5.88835
9590000 5.90333
9600000 5.82265
9610000 5.77594
9620000 5.82709
9630000 6.0618
9640000 5.82708
9650000 5.88403
9660000 5.76165
9670000 5.82547
9680000 5.85262
9690000 5.77574
9700000 5.78044
9710000 5.77908
9720000 5.8371
9730000 6.11202
9740000 6.30088
9750000 5.81796
9760000 5.89062
9770000 5.82461
9780000 5.66605
9790000 5.75031
9800000 5.8358
9810000 5.82687
9820000 5.87532
9830000 5.8247
9840000 6.21011
9850000 5.71462
9860000 5.77946
9870000 5.75593
9880000 5.7578
9890000 5.97028
9900000 5.91814
9910000 5.81812
9920000 5.89052
9930000 5.76347
9940000 5.8046
9950000 5.85328
9960000 5.81331
9970000 5.95447
9980000 5.9497
9990000 5.75891
10000000 5.78583
10010000 5.80114
10020000 6.0004
10030000 5.73361
10040000 5.85111
10050000 5.89813
10060000 5.75862
10070000 5.78259
10080000 5.8457
10090000 5.77185
10100000 5.83447
10110000 5.83855
10120000 5.80475
10130000 6.06957
10140000 5.77973
10150000 5.87185
10160000 5.84058
10170000 5.89795
10180000 5.93305
10190000 5.82634
10200000 5.89116
10210000 5.84512
10220000 5.82798
10230000 5.68923
10240000 5.89977
10250000 5.80564
10260000 5.94985
10270000 5.8377
10280000 5.86459
10290000 5.80941
10300000 5.79286
10310000 5.68149
10320000 5.73801
10330000 5.69517
10340000 5.83925
10350000 5.8076
10360000 5.76071
10370000 5.81776
10380000 5.75205
10390000 5.76608
10400000 5.7655
10410000 5.82922
10420000 5.77683
10430000 5.9005
10440000 5.78131
10450000 5.76739
10460000 5.73668
10470000 5.70862
10480000 5.87047
10490000 5.91028
10500000 5.58726
10510000 5.61506
10520000 5.69779
10530000 6.03827
10540000 5.79581
10550000 5.88034
10560000 5.75679
10570000 5.89799
10580000 5.96872
10590000 5.75587
10600000 5.73012
10610000 5.84092
10620000 5.74992
10630000 5.75147
10640000 5.73966
10650000 5.92535
10660000 5.79815
10670000 5.90087
10680000 5.79363
10690000 5.77874
10700000 5.92569
10710000 5.84881
10720000 5.76877
10730000 5.88618
10740000 5.69467
10750000 5.65827
10760000 5.6694
10770000 5.8238
10780000 6.0367
10790000 5.83468
10800000 5.84278
10810000 5.6935
10820000 5.78674
10830000 5.72617
10840000 5.7147
10850000 5.80199
10860000 5.91172
10870000 5.75701
10880000 5.75411
10890000 5.91259
10900000 5.76795
10910000 5.74662
10920000 5.88958
10930000 5.94854
10940000 5.59188
10950000 5.67861
10960000 5.74032
10970000 5.72712
10980000 5.74498
10990000 5.66288
11000000 5.74899
11010000 6.07019
11020000 5.87963
11030000 5.80677
11040000 5.70316
11050000 5.64515
11060000 5.7292
11070000 5.853
11080000 5.71914
11090000 5.80645
11100000 5.74975
11110000 5.84016
11120000 5.75085
11130000 5.71003
11140000 6.18676
11150000 5.78689
11160000 5.94889
11170000 5.83238
11180000 5.80653
11190000 5.80921
11200000 5.69179
11210000 5.73183
11220000 5.70648
11230000 5.89172
11240000 5.85069
11250000 5.83585
11260000 5.89657
11270000 5.8093
11280000 5.77978
11290000 5.7758
11300000 5.8518
11310000 5.6983
11320000 5.7456
11330000 5.56157
11340000 5.78225
11350000 5.84466
11360000 5.79944
11370000 5.74049
11380000 5.59768
11390000 5.76248
11400000 5.73055
11410000 5.86328
11420000 5.71781
11430000 5.86144
11440000 5.93661
11450000 5.7083
11460000 5.77911
11470000 5.76496
11480000 5.58589
11490000 5.72092
11500000 5.69094
11510000 5.60662
11520000 5.7391
11530000 5.82077
11540000 5.71922
11550000 5.81629
11560000 5.71715
11570000 5.63878
11580000 5.87094
11590000 5.71955
11600000 5.78896
11610000 5.68466
11620000 5.67099
11630000 5.77084
11640000 5.87463
11650000 5.71587
11660000 5.8035
11670000 5.88723
11680000 5.78414
11690000 5.76982
11700000 5.83543
11710000 5.74664
11720000 5.57019
11730000 5.60208
11740000 5.68446
11750000 5.92125
11760000 5.7646
11770000 5.74316
11780000 5.7388
11790000 5.79657
11800000 5.87964
11810000 5.98246
11820000 5.7391
11830000 5.69637
11840000 5.72429
11850000 5.77251
11860000 5.73153
11870000 5.77727
11880000 5.63797
11890000 5.80463
11900000 5.66324
11910000 5.77246
11920000 5.81429
11930000 5.8118
11940000 5.90848
11950000 5.84075
11960000 5.7328
11970000 5.80952
11980000 5.81719
11990000 5.90182
12000000 5.60256
12010000 5.66351
12020000 5.66254
12030000 5.99728
12040000 5.71542
12050000 5.79431
12060000 5.85104
12070000 5.88
12080000 5.69821
12090000 5.65841
12100000 5.66635
12110000 5.85843
12120000 5.83056
12130000 5.66173
12140000 5.82189
12150000 5.79566
12160000 5.70118
12170000 5.6078
12180000 5.74987
12190000 5.8621
12200000 5.77181
12210000 5.62395
12220000 5.79454
12230000 5.71659
12240000 5.63623
12250000 5.63456
12260000 5.64332
12270000 5.63477
12280000 5.72774
12290000 5.7119
12300000 5.68202
12310000 5.67532
12320000 5.59681
12330000 5.75734
12340000 5.64504
12350000 5.71537
12360000 5.75717
12370000 5.71367
12380000 5.69342
12390000 5.62664
12400000 5.83305
12410000 5.63774
12420000 5.7049
12430000 5.75428
12440000 5.73836
12450000 5.73682
12460000 5.63417
12470000 5.72796
12480000 5.7765
12490000 5.6121
12500000 5.76778
12510000 5.718
12520000 5.63369
12530000 5.66669
12540000 5.79305
12550000 5.82306
12560000 5.64754
12570000 5.68496
12580000 5.71513
12590000 5.64765
12600000 5.69882
12610000 5.75801
12620000 5.78637
12630000 5.59265
12640000 5.64101
12650000 5.64529
12660000 5.87421
12670000 5.84584
12680000 5.97193
12690000 5.59609
12700000 5.80138
12710000 5.84859
12720000 5.79907
12730000 5.70339
12740000 5.72156
12750000 5.71459
12760000 5.72806
12770000 5.80201
12780000 5.72225
12790000 5.77007
12800000 5.57883
12810000 5.76172
12820000 5.76114
12830000 5.69409
12840000 5.72123
12850000 5.83689
12860000 5.66822
12870000 5.69868
12880000 5.79921
12890000 5.79629
12900000 5.73884
12910000 5.78179
12920000 5.62796
12930000 5.82032
12940000 5.55633
12950000 5.6639
12960000 5.65993
12970000 5.74048
12980000 5.61842
12990000 5.65451
13000000 5.74847
13010000 5.7744
13020000 5.51362
13030000 5.57259
13040000 5.73304
13050000 5.62431
13060000 5.56524
13070000 5.55036
13080000 5.6924
13090000 5.80435
13100000 5.66825
13110000 5.67484
13120000 5.70407
13130000 5.69068
13140000 5.64426
13150000 5.60199
13160000 5.73942
13170000 5.75108
13180000 5.62027
13190000 5.56951
13200000 5.73974
13210000 5.69544
13220000 5.74018
13230000 5.69238
13240000 5.78774
13250000 5.92962
13260000 5.55134
13270000 5.61884
13280000 5.60843
13290000 5.76276
13300000 5.70646
13310000 5.7041
13320000 5.83158
13330000 5.51745
13340000 5.68376
13350000 5.71996
13360000 5.72795
13370000 5.61358
13380000 5.64881
13390000 5.8474
13400000 5.66956
13410000 5.71049
13420000 5.738
13430000 5.74734
13440000 5.6693
13450000 5.76702
13460000 5.65208
13470000 5.819
13480000 5.85259
13490000 5.6724
13500000 5.78958
13510000 5.53878
13520000 5.5672
13530000 5.82672
13540000 5.65707
13550000 5.61187
13560000 5.74003
13570000 6.08496
13580000 5.80216
13590000 5.55786
13600000 5.64499
13610000 5.9232
13620000 5.66181
13630000 5.78403
13640000 5.75682
13650000 5.75843
13660000 5.69333
13670000 5.68674
13680000 5.87492
13690000 5.78977
13700000 5.60592
13710000 5.58957
13720000 5.66221
13730000 5.76066
13740000 5.71067
13750000 5.69949
13760000 5.61702
13770000 5.63534
13780000 5.52774
13790000 5.67745
13800000 5.57877
13810000 5.44306
13820000 5.55848
13830000 5.57264
13840000 5.74699
13850000 5.7665
13860000 5.73125
13870000 5.62521
13880000 5.61318
13890000 5.64251
13900000 5.82324
13910000 5.72257
13920000 5.90465
13930000 5.5668
13940000 5.63317
13950000 5.65393
13960000 5.83314
13970000 5.69464
13980000 5.64307
13990000 5.65137
14000000 5.71362
14010000 5.85674
14020000 5.73361
14030000 5.79863
14040000 5.78353
14050000 5.80617
14060000 5.88751
14070000 5.73105
14080000 5.77176
14090000 5.66347
14100000 5.74008
14110000 5.57515
14120000 5.60531
14130000 5.63742
14140000 5.71774
14150000 5.80615
14160000 5.75357
14170000 5.61471
14180000 5.67855
14190000 5.6964
14200000 5.6224
14210000 5.61008
14220000 5.72342
14230000 5.96414
14240000 5.70048
14250000 5.68172
14260000 5.52627
14270000 5.60295
14280000 5.74249
14290000 5.68434
14300000 5.64031
14310000 5.70233
14320000 5.63695
14330000 5.79033
14340000 5.69614
14350000 5.65982
14360000 5.65747
14370000 5.67841
14380000 5.54061
14390000 5.63252
14400000 5.62492
14410000 5.69673
14420000 5.55874
14430000 5.73173
14440000 5.96442
14450000 5.63081
14460000 5.67287
14470000 5.55909
14480000 5.5109
14490000 5.56349
14500000 5.71872
14510000 5.71309
14520000 5.68015
14530000 5.89326
14540000 5.90761
14550000 5.61912
14560000 5.84732
14570000 5.83761
14580000 5.64556
14590000 5.61581
14600000 5.67686
14610000 5.67048
14620000 5.75256
14630000 5.53861
14640000 5.62311
14650000 5.61451
14660000 5.76106
14670000 5.75035
14680000 5.55484
14690000 5.60906
14700000 5.54038
14710000 5.48087
14720000 5.80112
14730000 5.63173
14740000 5.7032
14750000 5.72581
14760000 5.64764
14770000 5.55469
14780000 5.61763
14790000 5.54869
14800000 5.66795
14810000 5.88913
14820000 5.81508
14830000 5.64766
14840000 5.60229
14850000 5.73191
14860000 5.68126
14870000 5.70869
14880000 5.54342
14890000 5.74849
14900000 5.54197
14910000 5.76093
14920000 5.60072
14930000 5.629
14940000 5.63028
14950000 5.57508
14960000 5.61358
14970000 5.69084
14980000 5.61093
14990000 5.75115
15000000 5.81018
15010000 5.54197
15020000 5.57813
15030000 5.6283
15040000 5.59077
15050000 5.6442
15060000 5.71517
15070000 5.59999
15080000 5.67144
15090000 5.79216
15100000 5.86534
15110000 5.83292
15120000 5.68299
15130000 5.61148
15140000 5.74218
15150000 5.551
15160000 5.63192
15170000 5.66564
15180000 5.68681
15190000 5.63147
15200000 5.58147
15210000 5.69405
15220000 5.7086
15230000 5.76175
15240000 5.50698
15250000 5.60002
15260000 5.69064
15270000 5.52397
15280000 5.63793
15290000 5.63678
15300000 5.66412
15310000 5.71434
15320000 5.61758
15330000 5.65661
15340000 5.62273
15350000 5.70636
15360000 5.60663
15370000 5.51438
15380000 5.66572
15390000 6.04549
15400000 5.62559
15410000 5.6224
15420000 5.60473
15430000 5.75155
15440000 5.64055
15450000 5.88309
15460000 5.59628
15470000 5.63431
15480000 5.60186
15490000 5.73204
15500000 5.69128
15510000 5.66714
15520000 5.73375
15530000 5.63333
15540000 5.55539
15550000 5.65857
15560000 5.45925
15570000 5.75437
15580000 5.60374
15590000 5.65441
15600000 5.61932
15610000 5.51447
15620000 5.56905
15630000 5.55603
15640000 5.52779
15650000 5.68659
15660000 5.60499
15670000 5.54927
15680000 5.62496
15690000 5.59044
15700000 5.62642
15710000 5.67219
15720000 5.63493
15730000 5.57751
15740000 5.91194
15750000 5.63349
15760000 5.58633
15770000 5.55214
15780000 5.63678
15790000 5.61528
15800000 5.43661
15810000 5.65142
15820000 5.53039
15830000 5.66294
15840000 5.64514
15850000 5.60462
15860000 5.57547
15870000 5.60055
15880000 5.59641
15890000 5.71982
15900000 5.66257
15910000 5.51466
15920000 5.60119
15930000 5.76407
15940000 5.54277
15950000 5.71811
15960000 5.56436
15970000 5.67644
15980000 5.65978
15990000 5.66322
16000000 5.649
16010000 5.76662
16020000 5.58539
16030000 5.52753
16040000 5.50681
16050000 5.59825
16060000 5.55153
16070000 5.61381
16080000 5.56532
16090000 5.68846
16100000 5.55849
16110000 5.66439
16120000 5.48182
16130000 5.61706
16140000 5.74808
16150000 5.60739
16160000 5.79767
16170000 5.64978
16180000 5.54134
16190000 5.60415
16200000 5.62298
16210000 5.59409
16220000 5.65892
16230000 5.77662
16240000 5.63544
16250000 5.64341
16260000 5.68561
16270000 5.52696
16280000 5.46662
16290000 5.64606
16300000 5.69265
16310000 5.70244
16320000 5.63229
16330000 5.72218
16340000 5.7456
16350000 5.59839
16360000 5.58455
16370000 5.53761
16380000 5.51446
16390000 5.52049
16400000 5.65074
16410000 5.65724
16420000 5.61169
16430000 5.69839
16440000 5.64748
16450000 5.50641
16460000 5.49725
16470000 5.57772
16480000 5.6869
16490000 5.61
16500000 5.54721
16510000 5.64828
16520000 5.56203
16530000 5.65637
16540000 5.59384
16550000 5.70057
16560000 5.74142
16570000 5.54392
16580000 5.68594
16590000 5.67215
16600000 5.58462
16610000 5.64147
16620000 5.65346
16630000 5.71483
16640000 5.59756
16650000 5.7067
16660000 5.5947
16670000 5.53703
16680000 5.49944
16690000 5.48669
16700000 5.51661
16710000 5.60504
16720000 5.58702
16730000 5.65289
16740000 5.53538
16750000 5.51901
16760000 5.468
16770000 5.61052
16780000 5.87144
16790000 5.5848
16800000 5.82857
16810000 5.51191
16820000 5.50767
16830000 5.68941
16840000 5.54388
16850000 5.60327
16860000 5.6765
16870000 5.80797
16880000 5.5742
16890000 5.61701
16900000 5.79735
16910000 5.67418
16920000 5.62331
16930000 5.70433
16940000 5.79229
16950000 5.4889
16960000 5.66645
16970000 5.67661
16980000 5.58074
16990000 5.5603
17000000 5.65239
17010000 5.57251
17020000 5.64058
17030000 5.6297
17040000 5.76903
17050000 5.63509
17060000 5.64499
17070000 5.63805
17080000 5.52864
17090000 5.57712
17100000 5.55602
17110000 5.45511
17120000 5.57507
17130000 5.58529
17140000 5.67206
17150000 5.65882
17160000 5.70923
17170000 5.44845
17180000 5.67483
17190000 5.5884
17200000 5.59745
17210000 5.55848
17220000 5.73078
17230000 5.61248
17240000 5.5343
17250000 5.53407
17260000 5.52567
17270000 5.6317
17280000 5.47063
17290000 5.42551
17300000 5.59406
17310000 5.54671
17320000 5.55537
17330000 5.52185
17340000 5.60285
17350000 5.57127
17360000 5.5314
17370000 5.50065
17380000 5.53013
17390000 5.56552
17400000 5.53706
17410000 5.55699
17420000 5.59646
17430000 5.47438
17440000 5.5568
17450000 5.51857
17460000 5.52481
17470000 5.58662
17480000 5.4992
17490000 5.72711
17500000 5.56369
17510000 5.69557
17520000 5.7195
17530000 5.76278
17540000 5.44962
17550000 5.65095
17560000 5.59117
17570000 5.62877
17580000 5.6379
17590000 5.57908
17600000 5.67614
17610000 5.78614
17620000 5.80176
17630000 5.51779
17640000 5.51307
17650000 5.66557
17660000 5.66187
17670000 5.65951
17680000 5.5755
17690000 5.85134
17700000 5.64199
17710000 5.78818
17720000 5.67137
17730000 5.63208
17740000 5.70123
17750000 5.54194
17760000 5.77155
17770000 5.52724
17780000 5.64408
17790000 5.58242
17800000 5.59819
17810000 5.5713
17820000 5.64027
17830000 5.50306
17840000 5.58149
17850000 5.6087
17860000 5.60302
17870000 5.61493
17880000 5.50977
17890000 5.68422
17900000 5.4482
17910000 5.55914
17920000 5.59524
17930000 5.81368
17940000 5.55395
17950000 5.66774
17960000 5.73691
17970000 5.44569
17980000 5.51505
17990000 5.71931
18000000 5.55331
18010000 5.5246
18020000 5.68744
18030000 5.7436
18040000 5.59641
18050000 5.57259
18060000 5.65872
18070000 5.55056
18080000 5.62561
18090000 5.71243
18100000 5.72523
18110000 5.58794
18120000 5.54507
18130000 5.5453
18140000 5.54867
18150000 5.68687
18160000 5.72611
18170000 5.61972
18180000 5.56466
18190000 5.59632
18200000 5.59151
18210000 5.52977
18220000 5.84649
18230000 5.67658
18240000 5.84201
18250000 5.67366
18260000 5.66585
18270000 5.57285
18280000 5.75316
18290000 5.65592
18300000 5.72629
18310000 5.62978
18320000 5.64598
18330000 5.79024
18340000 5.71597
18350000 5.65199
18360000 5.57126
18370000 5.55788
18380000 5.58042
18390000 5.45705
18400000 5.50883
18410000 5.69192
18420000 5.78355
18430000 5.56228
18440000 5.63079
18450000 5.74533
18460000 5.46919
18470000 5.64335
18480000 5.74327
18490000 5.55379
18500000 5.67951
18510000 5.52452
18520000 5.58331
18530000 5.45242
18540000 5.64168
18550000 5.52233
18560000 5.62615
18570000 5.66786
18580000 5.54911
18590000 5.54914
18600000 5.63646
18610000 5.58231
18620000 5.66555
18630000 5.68154
18640000 5.67265
18650000 5.51036
18660000 5.50973
18670000 5.5441
18680000 5.42166
18690000 5.57205
18700000 5.57051
18710000 5.86718
18720000 5.50072
18730000 5.64793
18740000 5.44454
18750000 5.56079
18760000 5.6894
18770000 5.52854
18780000 5.57145
18790000 5.6271
18800000 5.5649
18810000 5.68284
18820000 5.5612
18830000 5.4948
18840000 5.71667
18850000 5.74647
18860000 5.67217
18870000 5.72712
18880000 5.66046
18890000 5.80085
18900000 5.67424
18910000 5.58514
18920000 5.57607
18930000 5.63839
18940000 5.76015
18950000 5.64211
18960000 5.47068
18970000 5.46583
18980000 5.52259
18990000 5.60718
19000000 5.59862
19010000 5.53987
19020000 5.57682
19030000 5.53303
19040000 5.68955
19050000 5.65339
19060000 5.4478
19070000 5.63499
19080000 5.62723
19090000 5.55119
19100000 5.54458
19110000 5.5967
19120000 5.63078
19130000 5.47812
19140000 5.63367
19150000 5.57333
19160000 5.59367
19170000 5.61
19180000 5.4432
19190000 5.55701
19200000 5.51228
19210000 5.74048
19220000 5.6344
19230000 5.66418
19240000 5.63748
19250000 5.55868
19260000 5.70869
19270000 5.5244
19280000 5.56303
19290000 5.7422
19300000 5.4781
19310000 5.52682
19320000 5.62762
19330000 5.5019
19340000 5.51918
19350000 5.7174
19360000 5.64321
19370000 5.56139
19380000 5.67512
19390000 5.57438
19400000 5.59562
19410000 5.62415
19420000 5.66036
19430000 5.56971
19440000 5.66115
19450000 5.53458
19460000 5.61354
19470000 5.46779
19480000 5.52328
19490000 5.47171
19500000 5.53776
19510000 5.41282
19520000 5.5265
19530000 5.41779
19540000 5.62176
19550000 5.5661
19560000 5.39976
19570000 5.49232
19580000 5.47848
19590000 5.40846
19600000 5.54408
19610000 5.5391
19620000 5.50878
19630000 5.68499
19640000 5.4875
19650000 5.51788
19660000 5.45894
19670000 5.50629
19680000 5.50678
19690000 5.57716
19700000 5.53243
19710000 5.63733
19720000 5.609
19730000 5.61665
19740000 5.43499
19750000 5.47711
19760000 5.46948
19770000 5.49029
19780000 5.56458
19790000 5.47815
19800000 5.55118
19810000 5.49441
19820000 5.55436
19830000 5.70315
19840000 5.68959
19850000 5.62097
19860000 5.6995
19870000 5.58456
19880000 5.43506
19890000 5.57317
19900000 5.49479
19910000 5.48478
19920000 5.66642
19930000 5.55723
19940000 5.76333
19950000 5.50514
19960000 5.56752
19970000 5.58471
19980000 5.7262
19990000 5.48965
20000000 5.57233
20010000 5.52987
20020000 5.51841
20030000 5.60147
20040000 5.48095
20050000 5.52177
20060000 5.42253
20070000 5.38912
20080000 5.47099
20090000 5.57073
20100000 5.604
20110000 5.4917
20120000 5.73436
20130000 5.45307
20140000 5.50133
20150000 5.69681
20160000 5.45468
20170000 5.57451
20180000 5.55605
20190000 5.46678
20200000 5.51817
20210000 5.48397
20220000 5.45791
20230000 5.48714
20240000 5.49577
20250000 5.494
20260000 5.47266
20270000 5.49036
20280000 5.57633
20290000 5.48819
20300000 5.73985
20310000 5.51827
20320000 5.45668
20330000 5.47668
20340000 5.43312
20350000 5.54438
20360000 5.5739
20370000 5.67945
20380000 5.43323
20390000 5.66058
20400000 5.6742
20410000 5.53476
20420000 5.58389
20430000 5.5655
20440000 5.45368
20450000 5.49335
20460000 5.76503
20470000 5.64054
20480000 5.77982
20490000 5.59936
20500000 5.92193
20510000 5.42557
20520000 5.52392
20530000 5.41497
20540000 5.50878
20550000 5.38469
20560000 5.56065
20570000 5.57425
20580000 5.66475
20590000 5.65438
20600000 5.56158
20610000 5.50766
20620000 5.72869
20630000 5.53211
20640000 5.47065
20650000 5.54204
20660000 5.47385
20670000 5.52958
20680000 5.57016
20690000 5.5983
20700000 5.53566
20710000 5.64111
20720000 5.61259
20730000 5.59364
20740000 5.49683
20750000 5.49395
20760000 5.64729
20770000 5.66647
20780000 5.53667
20790000 5.62776
20800000 5.62525
20810000 5.50835
20820000 5.4542
20830000 5.51331
20840000 5.49522
20850000 5.40244
20860000 5.61143
20870000 5.41768
20880000 5.48127
20890000 5.56788
20900000 5.5885
20910000 5.63957
20920000 5.64762
20930000 5.73196
20940000 5.41415
20950000 5.48375
20960000 5.5727
20970000 5.82863
20980000 5.64081
20990000 5.80595
21000000 5.42254
21010000 5.58575
21020000 5.8213
21030000 5.4891
21040000 5.53299
21050000 5.421
21060000 5.43681
21070000 5.64575
21080000 5.5261
21090000 5.53666
21100000 5.63381
21110000 5.50372
21120000 5.66424
21130000 5.57341
21140000 5.46238
21150000 5.57
21160000 5.49612
21170000 5.47203
21180000 5.57648
21190000 5.53374
21200000 5.50231
21210000 5.45081
21220000 5.4214
21230000 5.49707
21240000 5.52631
21250000 5.44439
21260000 5.45315
21270000 5.50025
21280000 5.48484
21290000 5.59934
21300000 5.58152
21310000 5.55664
21320000 5.48873
21330000 5.42019
21340000 5.65887
21350000 5.69766
21360000 5.5013
21370000 5.50423
21380000 5.47501
21390000 5.47117
21400000 5.62192
21410000 5.63598
21420000 5.45998
21430000 5.47233
21440000 5.49062
21450000 5.59544
21460000 5.50731
21470000 5.69803
21480000 5.58503
21490000 5.59902
21500000 5.55092
21510000 5.62715
21520000 5.59537
21530000 5.74234
21540000 5.61499
21550000 5.37675
21560000 5.4627
21570000 5.45657
21580000 5.44665
21590000 5.59007
21600000 5.52708
21610000 5.42986
21620000 5.5455
21630000 5.41751
21640000 5.51629
21650000 5.61087
21660000 5.42059
21670000 5.56437
21680000 5.48351
21690000 5.54593
21700000 5.68844
21710000 5.63677
21720000 5.479
21730000 5.46881
21740000 5.53786
21750000 5.49675
21760000 5.4239
21770000 5.55427
21780000 5.59905
21790000 5.56941
21800000 5.57788
21810000 5.65484
21820000 5.54731
21830000 5.58831
21840000 5.48088
21850000 5.4781
21860000 5.57037
21870000 5.65559
21880000 5.50936
21890000 5.56348
21900000 5.41641
21910000 5.44373
21920000 5.53376
21930000 5.41913
21940000 5.43245
21950000 5.50329
21960000 5.58039
21970000 5.60035
21980000 5.41735
21990000 5.62917
22000000 5.49371
22010000 5.4805
22020000 5.67473
22030000 5.67898
22040000 5.51188
22050000 5.46064
22060000 5.68623
22070000 5.65468
22080000 5.5513
22090000 5.47163
22100000 5.54448
22110000 5.78368
22120000 5.62385
22130000 5.60572
22140000 5.57595
22150000 5.46233
22160000 5.42152
22170000 5.63074
22180000 5.59453
22190000 5.52749
22200000 5.48945
22210000 5.49523
22220000 5.48085
22230000 5.5052
22240000 5.46896
22250000 5.48394
22260000 5.44545
22270000 5.40787
22280000 5.45183
22290000 5.43107
22300000 5.55256
22310000 5.41247
22320000 5.50493
22330000 5.6377
22340000 5.48309
22350000 5.39888
22360000 5.44229
22370000 5.52233
22380000 5.56658
22390000 5.61199
22400000 5.5655
22410000 5.51789
22420000 5.856
22430000 5.43373
22440000 5.45582
22450000 5.4666
22460000 5.47167
22470000 5.41444
22480000 5.54463
22490000 5.4583
22500000 5.39703
22510000 5.51058
22520000 5.5516
22530000 5.51999
22540000 5.43575
22550000 5.85472
22560000 5.52716
22570000 5.52716
22580000 5.3891
22590000 5.41045
22600000 5.47144
22610000 5.38187
22620000 5.54348
22630000 5.57028
22640000 5.50132
22650000 5.57129
22660000 5.51184
22670000 5.47394
22680000 5.54278
22690000 5.4947
22700000 5.42726
22710000 5.60479
22720000 5.53592
22730000 5.70081
22740000 5.36474
22750000 5.47092
22760000 5.70696
22770000 5.50224
22780000 5.46897
22790000 5.48398
22800000 5.44269
22810000 5.68637
22820000 5.32662
22830000 5.58686
22840000 5.55141
22850000 5.50636
22860000 5.49179
22870000 5.42756
22880000 5.39124
22890000 5.49665
22900000 5.62393
22910000 5.64416
22920000 5.52081
22930000 5.48066
22940000 5.49264
22950000 5.606
22960000 5.56547
22970000 5.47914
22980000 5.45214
22990000 5.56693
23000000 5.31816
23010000 5.34704
23020000 5.59161
23030000 5.58164
23040000 5.68762
23050000 5.52855
23060000 5.53915
23070000 5.50705
23080000 5.49864
23090000 5.5897
23100000 5.55739
23110000 5.46599
23120000 5.6717
23130000 5.56444
23140000 5.74752
23150000 5.42054
23160000 5.48144
23170000 5.5827
23180000 5.70811
23190000 5.49033
23200000 5.60142
23210000 5.50189
23220000 5.58192
23230000 5.55656
23240000 5.49347
23250000 5.50064
23260000 5.6388
23270000 5.38497
23280000 5.57787
23290000 5.52777
23300000 5.54402
23310000 5.57107
23320000 5.49665
23330000 5.52571
23340000 5.61977
23350000 5.33859
23360000 5.47566
23370000 5.38265
23380000 5.40665
23390000 5.60832
23400000 5.42253
23410000 5.44656
23420000 5.42597
23430000 5.44026
23440000 5.43682
23450000 5.44213
23460000 5.46963
23470000 5.49885
23480000 5.44246
23490000 5.5609
23500000 5.50219
23510000 5.5512
23520000 5.59568
23530000 5.53668
23540000 5.52551
23550000 5.53541
23560000 5.56169
23570000 5.46198
23580000 5.38003
23590000 5.65181
23600000 5.5605
23610000 5.60459
23620000 5.49404
23630000 5.57784
23640000 5.465
23650000 5.46246
23660000 5.58301
23670000 5.53817
23680000 5.468
23690000 5.64939
23700000 5.4691
23710000 5.43378
23720000 5.5869
23730000 5.50263
23740000 5.52758
23750000 5.63401
23760000 5.43528
23770000 5.36124
23780000 5.38821
23790000 5.48775
23800000 5.48103
23810000 5.53395
23820000 5.43302
23830000 5.57365
23840000 5.408
23850000 5.45603
23860000 5.39019
23870000 5.48861
23880000 5.42125
23890000 5.43771
23900000 5.39932
23910000 5.34355
23920000 5.4427
23930000 5.51535
23940000 5.34991
23950000 5.43884
23960000 5.35806
23970000 5.38034
23980000 5.734
23990000 5.40731
24000000 5.38803
24010000 5.45833
24020000 5.7029
24030000 5.56852
24040000 5.45142
24050000 5.51234
24060000 5.42456
24070000 5.45085
24080000 5.43902
24090000 5.41129
24100000 5.46166
24110000 5.60763
24120000 5.55587
24130000 5.5168
24140000 5.44414
24150000 5.45152
24160000 5.37989
24170000 5.50109
24180000 5.42586
24190000 5.52281
24200000 5.58191
24210000 5.60222
24220000 5.74009
24230000 5.55706
24240000 5.43743
24250000 5.48112
24260000 5.519
24270000 5.50743
24280000 5.44249
24290000 5.39863
24300000 5.42984
24310000 5.42302
24320000 5.36154
24330000 5.46625
24340000 5.47783
24350000 5.49234
24360000 5.49404
24370000 5.69672
24380000 5.73532
24390000 5.56733
24400000 5.4183
24410000 5.47861
24420000 5.49288
24430000 5.43445
24440000 5.46333
24450000 5.44781
24460000 5.41603
24470000 5.51149
24480000 5.41266
24490000 5.55821
24500000 5.67838
24510000 5.52302
24520000 5.5086
24530000 5.53844
24540000 5.51791
24550000 5.55038
24560000 5.56416
24570000 5.44682
24580000 5.70556
24590000 5.4927
24600000 5.53814
24610000 5.3442
24620000 5.62646
24630000 5.37505
24640000 5.58739
24650000 5.60388
24660000 5.51428
24670000 5.7065
24680000 5.4823
24690000 5.3976
24700000 5.42572
24710000 5.39441
24720000 5.49004
24730000 5.59746
24740000 5.52076
24750000 5.45678
24760000 5.43948
24770000 5.44065
24780000 5.44179
24790000 5.53806
24800000 5.36338
24810000 5.49984
24820000 5.37207
24830000 5.44082
24840000 5.39663
24850000 5.36632
24860000 5.3969
24870000 5.4865
24880000 5.49889
24890000 5.37795
24900000 5.52221
24910000 5.5215
24920000 5.66671
24930000 5.40641
24940000 5.60277
24950000 5.4822
24960000 5.5966
24970000 5.59862
24980000 5.36372
24990000 5.5598
25000000 5.36775
25010000 5.47857
25020000 5.49007
25030000 5.62458
25040000 5.4826
25050000 5.42735
25060000 5.65105
25070000 5.3742
25080000 5.44954
25090000 5.50312
25100000 5.51359
25110000 5.56103
25120000 5.63253
25130000 5.61174
25140000 5.60616
25150000 5.58825
25160000 5.66321
25170000 5.54061
25180000 5.43048
25190000 5.39667
25200000 5.49869
25210000 5.55028
25220000 5.33935
25230000 5.42327
25240000 5.41202
25250000 5.56353
25260000 5.44623
25270000 5.50031
25280000 5.562
25290000 5.48598
25300000 5.59332
25310000 5.51501
25320000 5.33398
25330000 5.4676
25340000 5.46614
25350000 5.52258
25360000 5.44664
25370000 5.48012
25380000 5.50889
25390000 5.38688
25400000 5.47687
25410000 5.50289
25420000 5.48968
25430000 5.59449
25440000 5.50328
25450000 5.60875
25460000 5.40585
25470000 5.44806
25480000 5.52333
25490000 5.32765
25500000 5.38356
25510000 5.65398
25520000 5.43327
25530000 5.40925
25540000 5.40177
25550000 5.48303
25560000 5.40318
25570000 5.58214
25580000 5.45334
25590000 5.35927
25600000 5.36489
25610000 5.35768
25620000 5.49144
25630000 5.53013
25640000 5.46725
25650000 5.49118
25660000 5.71181
25670000 5.36713
25680000 5.46598
25690000 5.60886
25700000 5.26258
25710000 5.50994
25720000 5.47294
25730000 5.47605
25740000 5.59301
25750000 5.53527
25760000 5.60794
25770000 5.56281
25780000 5.57354
25790000 5.4057
25800000 5.53592
25810000 5.40919
25820000 5.52876
25830000 5.49547
25840000 5.46811
25850000 5.52651
25860000 5.53333
25870000 5.50236
25880000 5.36552
25890000 5.48119
25900000 5.55095
25910000 5.46834
25920000 5.45984
25930000 5.46052
25940000 5.66064
25950000 5.43601
25960000 5.4371
25970000 5.41892
25980000 5.52584
25990000 5.55923
26000000 5.41292
26010000 5.75224
26020000 5.46867
26030000 5.52668
26040000 5.51591
26050000 5.47186
26060000 5.40238
26070000 5.44087
26080000 5.44948
26090000 5.49469
26100000 5.36656
26110000 5.3687
26120000 5.44494
26130000 5.51149
26140000 5.50932
26150000 5.43073
26160000 5.66243
26170000 5.45336
26180000 5.47453
26190000 5.5206
26200000 5.61378
26210000 5.54576
26220000 5.50329
26230000 5.51157
26240000 5.48989
26250000 5.47122
26260000 5.51775
26270000 5.30745
26280000 5.38467
26290000 5.368
26300000 5.56527
26310000 5.38259
26320000 5.4008
26330000 5.45537
26340000 5.58458
26350000 5.50851
26360000 5.45746
26370000 5.65409
26380000 5.42881
26390000 5.36979
26400000 5.41127
26410000 5.34595
26420000 5.46803
26430000 5.56162
26440000 5.46716
26450000 5.45666
26460000 5.58254
26470000 5.45344
26480000 5.42942
26490000 5.61794
26500000 5.38093
26510000 5.28125
26520000 5.38124
26530000 5.33554
26540000 5.37106
26550000 5.45345
26560000 5.47973
26570000 5.49708
26580000 5.5096
26590000 5.37645
26600000 5.4025
26610000 5.38243
26620000 5.49181
26630000 5.34856
26640000 5.42777
26650000 5.43602
26660000 5.40085
26670000 5.34091
26680000 5.49922
26690000 5.42475
26700000 5.44722
26710000 5.43321
26720000 5.44796
26730000 5.38434
26740000 5.66374
26750000 5.52266
26760000 5.41784
26770000 5.47601
26780000 5.56433
26790000 5.59684
26800000 5.66685
26810000 5.66383
26820000 5.43911
26830000 5.30679
26840000 5.56954
26850000 5.50603
26860000 5.49495
26870000 5.35602
26880000 5.4592
26890000 5.45671
26900000 5.42964
26910000 5.40711
26920000 5.65577
26930000 5.39571
26940000 5.3942
26950000 5.44781
26960000 5.43378
26970000 5.4274
26980000 5.54128
26990000 5.8673
27000000 5.34511
27010000 5.40974
27020000 5.38122
27030000 5.38114
27040000 5.40723
27050000 5.42737
27060000 5.48728
27070000 5.36939
27080000 5.58819
27090000 5.5656
27100000 5.42765
27110000 5.41972
27120000 5.45279
27130000 5.5249
27140000 5.39787
27150000 5.4882
27160000 5.40199
27170000 5.50601
27180000 5.5757
27190000 5.41567
27200000 5.54922
27210000 5.56765
27220000 5.45469
27230000 5.35505
27240000 5.47282
27250000 5.49075
27260000 5.59112
27270000 5.43194
27280000 5.52128
27290000 5.33904
27300000 5.38086
27310000 5.47175
27320000 5.50703
27330000 5.35993
27340000 5.50817
27350000 5.42795
27360000 5.49821
27370000 5.55426
27380000 5.42208
27390000 5.32462
27400000 5.42267
27410000 5.50174
27420000 5.43081
27430000 5.40895
27440000 5.42044
27450000 5.57908
27460000 5.52342
27470000 5.34453
27480000 5.40788
27490000 5.66662
27500000 5.44715
27510000 5.48424
27520000 5.42471
27530000 5.489
27540000 5.41334
27550000 5.47382
27560000 5.51988
27570000 5.37784
27580000 5.34353
27590000 5.43899
27600000 5.42983
27610000 5.4825
27620000 5.47791
27630000 5.46152
27640000 5.48571
27650000 5.53156
27660000 5.37904
27670000 5.46561
27680000 5.45455
27690000 5.25819
27700000 5.50023
27710000 5.6782
27720000 5.34756
27730000 5.38513
27740000 5.44223
27750000 5.4889
27760000 5.36008
27770000 5.61956
27780000 5.47026
27790000 5.64102
27800000 5.58959
27810000 5.70348
27820000 5.58164
27830000 5.42981
27840000 5.42085
27850000 5.38933
27860000 5.37679
27870000 5.38283
27880000 5.4237
27890000 5.48697
27900000 5.47103
27910000 5.56526
27920000 5.3716
27930000 5.41254
27940000 5.43336
27950000 5.36868
27960000 5.57462
27970000 5.52115
27980000 5.36815
27990000 5.51293
28000000 5.44628
28010000 5.35158
28020000 5.38087
28030000 5.43838
28040000 5.59255
28050000 5.53398
28060000 5.38279
28070000 5.36915
28080000 5.44507
28090000 5.38406
28100000 5.44414
28110000 5.28983
28120000 5.38933
28130000 5.31419
28140000 5.35405
28150000 5.50679
28160000 5.47602
28170000 5.39518
28180000 5.38942
28190000 5.48281
28200000 5.45139
28210000 5.55908
28220000 5.44972
28230000 5.37784
28240000 5.38471
28250000 5.62496
28260000 5.42836
28270000 5.35682
28280000 5.48457
28290000 5.43941
28300000 5.48796
28310000 5.46495
28320000 5.47054
28330000 5.38955
28340000 5.45736
28350000 5.54108
28360000 5.45855
28370000 5.61089
28380000 5.44019
28390000 5.51111
28400000 5.48694
28410000 5.61303
28420000 5.54034
28430000 5.50602
28440000 5.41702
28450000 5.3375
28460000 5.35974
28470000 5.57706
28480000 5.38637
28490000 5.37097
28500000 5.42543
28510000 5.75092
28520000 5.57882
28530000 5.34428
28540000 5.36215
28550000 5.46533
28560000 5.49522
28570000 5.57261
28580000 5.52915
28590000 5.52911
28600000 5.42927
28610000 5.47486
28620000 5.41507
28630000 5.56811
28640000 5.66464
28650000 5.36119
28660000 5.69021
28670000 5.38108
28680000 5.30995
28690000 5.5042
28700000 5.45126
28710000 5.45465
28720000 5.4751
28730000 5.50772
28740000 5.53911
28750000 5.39568
28760000 5.56326
28770000 5.52618
28780000 5.52112
28790000 5.4733
28800000 5.59744
28810000 5.32966
28820000 5.42397
28830000 5.42404
28840000 5.46163
28850000 5.50685
28860000 5.42121
28870000 5.35274
28880000 5.37089
28890000 5.51043
28900000 5.3338
28910000 5.40014
28920000 5.29352
28930000 5.49249
28940000 5.40504
28950000 5.44677
28960000 5.3417
28970000 5.36582
28980000 5.47146
28990000 5.25081
29000000 5.3546
29010000 5.45542
29020000 5.32254
29030000 5.31662
29040000 5.36266
29050000 5.40689
29060000 5.29017
29070000 5.4031
29080000 5.43119
29090000 5.45122
29100000 5.43259
29110000 5.35175
29120000 5.40764
29130000 5.38896
29140000 5.33067
29150000 5.37141
29160000 5.40596
29170000 5.32738
29180000 5.3809
29190000 5.39579
29200000 5.48176
29210000 5.5006
29220000 5.42223
29230000 5.45992
29240000 5.57581
29250000 5.37349
29260000 5.46984
29270000 5.48534
29280000 5.40567
29290000 5.38274
29300000 5.48812
29310000 5.30293
29320000 5.34466
29330000 5.41316
29340000 5.47521
29350000 5.45448
29360000 5.51943
29370000 5.34146
29380000 5.42384
29390000 5.44557
29400000 5.63497
29410000 5.60086
29420000 5.29942
29430000 5.35875
29440000 5.52343
29450000 5.44559
29460000 5.43769
29470000 5.40224
29480000 5.34225
29490000 5.51198
29500000 5.5389
29510000 5.50616
29520000 5.40716
29530000 5.38777
29540000 5.44115
29550000 5.39797
29560000 5.77541
29570000 5.35622
29580000 5.37076
29590000 5.5082
29600000 5.23913
29610000 5.32143
29620000 5.35078
29630000 5.23736
29640000 5.37165
29650000 5.48177
29660000 5.35222
29670000 5.55103
29680000 5.49266
29690000 5.63956
29700000 5.56104
29710000 5.50098
29720000 5.51981
29730000 5.29935
29740000 5.52918
29750000 5.48217
29760000 5.46745
29770000 5.416
29780000 5.46634
29790000 5.53471
29800000 5.3277
29810000 5.38436
29820000 5.46476
29830000 5.30051
29840000 5.32106
29850000 5.52106
29860000 5.38335
29870000 5.30239
29880000 5.35528
29890000 5.33277
29900000 5.43602
29910000 5.34125
29920000 5.39523
29930000 5.43691
29940000 5.3576
29950000 5.45086
29960000 5.43649
29970000 5.37118
29980000 5.44912
29990000 5.47445
30000000 5.41497
30010000 5.34432
30020000 5.41681
30030000 5.43371
30040000 5.34481
30050000 5.32821
30060000 5.61533
30070000 5.31892
30080000 5.29059
30090000 5.41581
30100000 5.34441
30110000 5.44252
30120000 5.48693
30130000 5.37172
30140000 5.29901
30150000 5.27137
30160000 5.44103
30170000 5.27608
30180000 5.31672
30190000 5.31641
30200000 5.3014
30210000 5.5279
30220000 5.3353
30230000 5.57286
30240000 5.24334
30250000 5.35371
30260000 5.32195
30270000 5.36813
30280000 5.41674
30290000 5.52533
30300000 5.76388
30310000 5.42825
30320000 5.20917
30330000 5.43076
30340000 5.46076
30350000 5.3614
30360000 5.33548
30370000 5.34911
30380000 5.50343
30390000 5.35248
30400000 5.38234
30410000 5.31817
30420000 5.28623
30430000 5.46288
30440000 5.49823
30450000 5.50315
30460000 5.29601
30470000 5.3099
30480000 5.43751
30490000 5.5204
30500000 5.45839
30510000 5.48872
30520000 5.49245
30530000 5.72531
30540000 5.35537
30550000 5.55446
30560000 5.4041
30570000 5.40991
30580000 5.35998
30590000 5.42815
30600000 5.46606
30610000 5.42863
30620000 5.45534
30630000 5.3202
30640000 5.52841
30650000 5.4247
30660000 5.4352
30670000 5.40622
30680000 5.42328
30690000 5.63091
30700000 5.36068
30710000 5.52763
30720000 5.56912
30730000 5.51903
30740000 5.50069
30750000 5.48498
30760000 5.59681
30770000 5.38988
30780000 5.51406
30790000 5.42373
30800000 5.42029
30810000 5.31955
30820000 5.32443
30830000 5.53186
30840000 5.34413
30850000 5.49869
30860000 5.47286
30870000 5.42487
30880000 5.3621
30890000 5.40055
30900000 5.33852
30910000 5.43967
30920000 5.41394
30930000 5.43738
30940000 5.49132
30950000 5.39243
30960000 5.46688
30970000 5.52945
30980000 5.50865
30990000 5.35382
31000000 5.35762
31010000 5.41288
31020000 5.3433
31030000 5.63247
31040000 5.39512
31050000 5.26919
31060000 5.44963
31070000 5.44435
31080000 5.42535
31090000 5.44608
31100000 5.64507
31110000 5.40002
31120000 5.32243
31130000 5.45887
31140000 5.44981
31150000 5.37355
31160000 5.30563
31170000 5.32785
31180000 5.28702
31190000 5.48776
31200000 5.35819
31210000 5.42875
31220000 5.38234
31230000 5.34697
31240000 5.61255
31250000 5.26656
31260000 5.52117
31270000 5.2796
31280000 5.44194
31290000 5.2952
31300000 5.48701
31310000 5.35883
31320000 5.6173
31330000 5.47711
31340000 5.35779
31350000 5.37171
31360000 5.4001
31370000 5.55077
31380000 5.34958
31390000 5.39618
31400000 5.41488
31410000 5.44462
31420000 5.3361
31430000 5.33127
31440000 5.38124
31450000 5.31917
31460000 5.42634
31470000 5.2759
31480000 5.33278
31490000 5.43288
31500000 5.37724
31510000 5.42061
31520000 5.42181
31530000 5.31915
31540000 5.40958
31550000 5.53142
31560000 5.43389
31570000 5.40438
31580000 5.47657
31590000 5.37594
31600000 5.37903
31610000 5.25323
31620000 5.47732
31630000 5.42375
31640000 5.47889
31650000 5.4384
31660000 5.45144
31670000 5.38857
31680000 5.35012
31690000 5.45521
31700000 5.4669
31710000 5.47951
31720000 5.34531
31730000 5.40842
31740000 5.3179
31750000 5.40248
31760000 5.36198
31770000 5.34365
31780000 5.50207
31790000 5.34813
31800000 5.46925
31810000 5.45213
31820000 5.56807
31830000 5.3251
31840000 5.42773
31850000 5.45708
31860000 5.45954
31870000 5.4701
31880000 5.35378
31890000 5.48834
31900000 5.37337
31910000 5.42414
31920000 5.4665
31930000 5.54783
31940000 5.5238
31950000 5.3973
31960000 5.44366
31970000 5.27774
31980000 5.36603
31990000 5.33869
32000000 5.33042
32010000 5.43655
32020000 5.35532
32030000 5.39651
32040000 5.45464
32050000 5.4823
32060000 5.35177
32070000 5.42297
32080000 5.4323
32090000 5.55257
32100000 5.36343
32110000 5.39296
32120000 5.33153
32130000 5.31303
32140000 5.38976
32150000 5.36994
32160000 5.28685
32170000 5.22018
32180000 5.22765
32190000 5.30798
32200000 5.46167
32210000 5.49342
32220000 5.41583
32230000 5.43638
32240000 5.38853
32250000 5.3433
32260000 5.51212
32270000 5.36712
32280000 5.49268
32290000 5.42087
32300000 5.43243
32310000 5.36278
32320000 5.64262
32330000 5.4585
32340000 5.52732
32350000 5.37104
32360000 5.38525
32370000 5.40561
32380000 5.51248
32390000 5.33018
32400000 5.27645
32410000 5.38683
32420000 5.36667
32430000 5.39394
32440000 5.37929
32450000 5.35286
32460000 5.32212
32470000 5.31789
32480000 5.46007
32490000 5.33537
32500000 5.50551
32510000 5.25039
32520000 5.36821
32530000 5.31866
32540000 5.25652
32550000 5.45024
32560000 5.40263
32570000 5.32702
32580000 5.4056
32590000 5.43436
32600000 5.31342
32610000 5.37438
32620000 5.30353
32630000 5.45453
32640000 5.43286
32650000 5.44488
32660000 5.30369
32670000 5.3759
32680000 5.51906
32690000 5.40473
32700000 5.41031
32710000 5.45469
32720000 5.31133
32730000 5.31629
32740000 5.29471
32750000 5.30046
32760000 5.2967
32770000 5.2376
32780000 5.48925
32790000 5.44357
32800000 5.43489
32810000 5.41692
32820000 5.29156
32830000 5.44994
32840000 5.35054
32850000 5.22855
32860000 5.39326
32870000 5.39833
32880000 5.22616
32890000 5.31972
32900000 5.37192
32910000 5.36379
32920000 5.37488
32930000 5.48918
32940000 5.49163
32950000 5.29208
32960000 5.36652
32970000 5.30746
32980000 5.43538
32990000 5.32934
33000000 5.35709
33010000 5.50198
33020000 5.40158
33030000 5.43731
33040000 5.60354
33050000 5.50665
33060000 5.40117
33070000 5.3755
33080000 5.52065
33090000 5.53053
33100000 5.32438
33110000 5.2649
33120000 5.33333
33130000 5.36723
33140000 5.27999
33150000 5.28546
33160000 5.37596
33170000 5.38501
33180000 5.49074
33190000 6.02172
33200000 5.28232
33210000 5.28879
33220000 5.2915
33230000 5.43908
33240000 5.51472
33250000 5.59379
33260000 5.5214
33270000 5.47528
33280000 5.27066
33290000 5.28487
33300000 5.19818
33310000 5.35253
33320000 5.34328
33330000 5.41455
33340000 5.49732
33350000 5.50642
33360000 5.38285
33370000 5.36991
33380000 5.25685
33390000 5.38813
33400000 5.46074
33410000 5.49045
33420000 5.37286
33430000 5.38974
33440000 5.39519
33450000 5.49799
33460000 5.27916
33470000 5.39606
33480000 5.41039
33490000 5.50114
33500000 5.43376
33510000 5.58726
33520000 5.49669
33530000 5.42186
33540000 5.47567
33550000 5.56123
33560000 5.27895
33570000 5.32849
33580000 5.42911
33590000 5.3843
33600000 5.39564
33610000 5.25847
33620000 5.21912
33630000 5.3183
33640000 5.29926
33650000 5.43438
33660000 5.2779
33670000 5.41024
33680000 5.44781
33690000 5.33159
33700000 5.24824
33710000 5.35601
33720000 5.50947
33730000 5.4252
33740000 5.30978
33750000 5.30828
33760000 5.29579
33770000 5.32338
33780000 5.48445
33790000 5.2568
33800000 5.33203
33810000 5.291
33820000 5.36982
33830000 5.28708
33840000 5.45462
33850000 5.38929
33860000 5.48783
33870000 5.44718
33880000 5.63245
33890000 5.30978
33900000 5.37016
33910000 5.56307
33920000 5.46011
33930000 5.32517
33940000 5.28733
33950000 5.31932
33960000 5.3682
33970000 5.34608
33980000 5.45689
33990000 5.47482
34000000 5.30575
34010000 5.51251
34020000 5.35959
34030000 5.44988
34040000 5.37038
34050000 5.45452
34060000 5.48636
34070000 5.41301
34080000 5.36089
34090000 5.60061
34100000 5.34835
34110000 5.25059
34120000 5.25872
34130000 5.34637
34140000 5.4029
34150000 5.37154
34160000 5.43268
34170000 5.40236
34180000 5.4482
34190000 5.38195
34200000 5.29732
34210000 5.38946
34220000 5.36988
34230000 5.36049
34240000 5.33841
34250000 5.34424
34260000 5.34299
34270000 5.47849
34280000 5.47687
34290000 5.4556
34300000 5.50194
34310000 5.36236
34320000 5.31348
34330000 5.31818
34340000 5.28751
34350000 5.57111
34360000 5.41921
34370000 5.37485
34380000 5.57422
34390000 5.41532
34400000 5.3805
34410000 5.35556
34420000 5.39864
34430000 5.46855
34440000 5.57419
34450000 5.29579
34460000 5.29059
34470000 5.3157
34480000 5.40172
34490000 5.32487
34500000 5.24422
34510000 5.34984
34520000 5.26401
34530000 5.20182
34540000 5.19059
34550000 5.39972
34560000 5.25619
34570000 5.40727
34580000 5.3507
34590000 5.51348
34600000 5.36021
34610000 5.28829
34620000 5.39669
34630000 5.40769
34640000 5.3256
34650000 5.3986
34660000 5.23308
34670000 5.55472
34680000 5.3275
34690000 5.20462
34700000 5.27101
34710000 5.19347
34720000 5.44492
34730000 5.23203
34740000 5.30389
34750000 5.33297
34760000 5.2778
34770000 5.33852
34780000 5.30618
34790000 5.30252
34800000 5.37596
34810000 5.65353
34820000 5.48997
34830000 5.38633
34840000 5.36194
34850000 5.37974
34860000 5.30325
34870000 5.21696
34880000 5.23274
34890000 5.26829
34900000 5.5155
34910000 5.32328
34920000 5.46045
34930000 5.32974
34940000 5.34395
34950000 5.36622
34960000 5.40191
34970000 5.27275
34980000 5.38351
34990000 5.24013
35000000 5.39981
35010000 5.49842
35020000 5.4736
35030000 5.3471
35040000 5.31066
35050000 5.37904
35060000 5.32607
35070000 5.38474
35080000 5.50108
35090000 5.30374
35100000 5.39866
35110000 5.27178
35120000 5.25849
35130000 5.25963
35140000 5.31208
35150000 5.62282
35160000 5.28089
35170000 5.33379
35180000 5.25591
35190000 5.31386
35200000 5.36806
35210000 5.31236
35220000 5.42089
35230000 5.27897
35240000 5.69173
35250000 5.4608
35260000 5.325
35270000 5.56437
35280000 5.40885
35290000 5.45041
35300000 5.39556
35310000 5.45625
35320000 5.36229
35330000 5.37236
35340000 5.43773
35350000 5.38876
35360000 5.39766
35370000 5.30638
35380000 5.39223
35390000 5.49387
35400000 5.36809
35410000 5.42883
35420000 5.36678
35430000 5.38527
35440000 5.3755
35450000 5.43529
35460000 5.63645
35470000 5.48457
35480000 5.43257
35490000 5.39384
35500000 5.55067
35510000 5.34847
35520000 5.45076
35530000 5.45015
35540000 5.25477
35550000 5.50021
35560000 5.26722
35570000 5.23665
35580000 5.23184
35590000 5.42302
35600000 5.34818
35610000 5.46237
35620000 5.33404
35630000 5.29991
35640000 5.30404
35650000 5.38305
35660000 5.45479
35670000 5.492
35680000 5.40327
35690000 5.40695
35700000 5.40738
35710000 5.38592
35720000 5.31699
35730000 5.48044
35740000 5.53878
35750000 5.58414
35760000 5.54606
35770000 5.33728
35780000 5.40152
35790000 5.39774
35800000 5.41255
35810000 5.30026
35820000 5.27551
35830000 5.33306
35840000 5.3968
35850000 5.41792
35860000 5.34982
35870000 5.33294
35880000 5.26465
35890000 5.23724
35900000 5.27603
35910000 5.56409
35920000 5.5339
35930000 5.30376
35940000 5.28981
35950000 5.38083
35960000 5.52083
35970000 5.51238
35980000 5.4496
35990000 5.43637
36000000 5.38144
36010000 5.44607
36020000 5.22336
36030000 5.27607
36040000 5.42291
36050000 5.39146
36060000 5.34247
36070000 5.44392
36080000 5.27598
36090000 5.33856
36100000 5.36999
36110000 5.26363
36120000 5.30141
36130000 5.24624
36140000 5.40558
36150000 5.41624
36160000 5.48096
36170000 5.26541
36180000 5.28469
36190000 5.35206
36200000 5.33835
36210000 5.33842
36220000 5.4566
36230000 5.43791
36240000 5.43917
36250000 5.40026
36260000 5.39215
36270000 5.26525
36280000 5.26568
36290000 5.28444
36300000 5.47378
36310000 5.34372
36320000 5.394
36330000 5.27527
36340000 5.33623
36350000 5.34773
36360000 5.51805
36370000 5.36298
36380000 5.44202
36390000 5.41385
36400000 5.61127
36410000 5.42735
36420000 5.27168
36430000 5.44333
36440000 5.41187
36450000 5.37444
36460000 5.4809
36470000 5.43886
36480000 5.44192
36490000 5.42619
36500000 5.42194
36510000 5.38806
36520000 5.26556
36530000 5.45074
36540000 5.40722
36550000 5.32341
36560000 5.39194
36570000 5.37277
36580000 5.25142
36590000 5.2911
36600000 5.40018
36610000 5.26243
36620000 5.39685
36630000 5.45314
36640000 5.53809
36650000 5.32905
36660000 5.51326
36670000 5.37882
36680000 5.32171
36690000 5.37457
36700000 5.37785
36710000 5.39476
36720000 5.37451
36730000 5.41249
36740000 5.20552
36750000 5.29128
36760000 5.24739
36770000 5.35573
36780000 5.34453
36790000 5.24483
36800000 5.42047
36810000 5.43259
36820000 5.42036
36830000 5.40355
36840000 5.2821
36850000 5.45218
36860000 5.35485
36870000 5.46061
36880000 5.30905
36890000 5.34281
36900000 5.40674
36910000 5.42589
36920000 5.24429
36930000 5.31841
36940000 5.41646
36950000 5.41087
36960000 5.43132
36970000 5.41748
36980000 5.38354
36990000 5.27103
37000000 5.29248
37010000 5.67667
37020000 5.48232
37030000 5.32677
37040000 5.34025
37050000 5.49295
37060000 5.40167
37070000 5.30884
37080000 5.36813
37090000 5.37961
37100000 5.33766
37110000 5.5413
37120000 5.41058
37130000 5.26913
37140000 5.31244
37150000 5.51611
37160000 5.3445
37170000 5.34993
37180000 5.42455
37190000 5.33152
37200000 5.34095
37210000 5.26859
37220000 5.28796
37230000 5.35864
37240000 5.23941
37250000 5.28621
37260000 5.33744
37270000 5.28741
37280000 5.38556
37290000 5.45345
37300000 5.32565
37310000 5.26318
37320000 5.24497
37330000 5.49061
37340000 5.2322
37350000 5.3531
37360000 5.41081
37370000 5.71826
37380000 5.5145
37390000 5.48576
37400000 5.30461
37410000 5.33994
37420000 5.29684
37430000 5.28754
37440000 5.3982
37450000 5.23956
37460000 5.36328
37470000 5.4558
37480000 5.46629
37490000 5.47012
37500000 5.31794
37510000 5.29155
37520000 5.24873
37530000 5.32376
37540000 5.38328
37550000 5.29946
37560000 5.40113
37570000 5.51505
37580000 5.36319
37590000 5.44527
37600000 5.94182
37610000 5.32827
37620000 5.41108
37630000 5.26898
37640000 5.32969
37650000 5.33984
37660000 5.28336
37670000 5.36795
37680000 5.49142
37690000 5.30263
37700000 5.33055
37710000 5.33362
37720000 5.32476
37730000 5.20097
37740000 5.34167
37750000 5.38429
37760000 5.42672
37770000 5.34254
37780000 5.32629
37790000 5.37503
37800000 5.26515
37810000 5.30486
37820000 5.31472
37830000 5.30015
37840000 5.2895
37850000 5.37996
37860000 5.45347
37870000 5.44799
37880000 5.59136
37890000 5.43908
37900000 5.48324
37910000 5.44419
37920000 5.29434
37930000 5.29556
37940000 5.36009
37950000 5.40826
37960000 5.45138
37970000 5.25283
37980000 5.25799
37990000 5.43959
38000000 5.24002
38010000 5.48621
38020000 5.34186
38030000 5.26277
38040000 5.31875
38050000 5.33012
38060000 5.38914
38070000 5.21022
38080000 5.28347
38090000 5.17965
38100000 5.19563
38110000 5.32252
38120000 5.27739
38130000 5.25802
38140000 5.27654
38150000 5.48024
38160000 5.37582
38170000 5.48355
38180000 5.60553
38190000 5.27845
38200000 5.3598
38210000 5.25783
38220000 5.38348
38230000 5.42594
38240000 5.35082
38250000 5.44777
38260000 5.26283
38270000 5.30413
38280000 5.3655
38290000 5.40992
38300000 5.43766
38310000 5.36306
38320000 5.53598
38330000 5.22264
38340000 5.29986
38350000 5.50492
38360000 5.24661
38370000 5.30446
38380000 5.41152
38390000 5.64436
38400000 5.44482
38410000 5.33056
38420000 5.44678
38430000 5.62155
38440000 5.46537
38450000 5.41362
38460000 5.48029
38470000 5.41758
38480000 5.36798
38490000 5.40641
38500000 5.37907
38510000 5.31738
38520000 5.25029
38530000 5.30438
38540000 5.32844
38550000 5.27944
38560000 5.28004
38570000 5.24775
38580000 5.24614
38590000 5.25245
38600000 5.31975
38610000 5.27187
38620000 5.29634
38630000 5.46354
38640000 5.38928
38650000 5.34264
38660000 5.47619
38670000 5.44268
38680000 5.3934
38690000 5.24554
38700000 5.36058
38710000 5.27271
38720000 5.51965
38730000 5.3426
38740000 5.43158
38750000 5.41472
38760000 5.19128
38770000 5.26069
38780000 5.57963
38790000 5.34256
38800000 5.53273
38810000 5.36667
38820000 5.38539
38830000 5.35786
38840000 5.27671
38850000 5.4758
38860000 5.32163
38870000 5.30868
38880000 5.3744
38890000 5.48892
38900000 5.37839
38910000 5.30523
38920000 5.44333
38930000 5.45613
38940000 5.44562
38950000 5.32831
38960000 5.27289
38970000 5.29518
38980000 5.4183
38990000 5.34018
39000000 5.35028
39010000 5.41503
39020000 5.34364
39030000 5.30582
39040000 5.18846
39050000 5.41887
39060000 5.29439
39070000 5.30758
39080000 5.20204
39090000 5.45732
39100000 5.37689
39110000 5.37826
39120000 5.38349
39130000 5.32132
39140000 5.32156
39150000 5.30004
39160000 5.24498
39170000 5.26185
39180000 5.30832
39190000 5.20622
39200000 5.27019
39210000 5.24871
39220000 5.46444
39230000 5.43354
39240000 5.3616
39250000 5.34846
39260000 5.513
39270000 5.22964
39280000 5.29557
39290000 5.48253
39300000 5.34074
39310000 5.3809
39320000 5.57919
39330000 5.48201
39340000 5.48176
39350000 5.42632
39360000 5.3449
39370000 5.32272
39380000 5.33217
39390000 5.27621
39400000 5.54033
39410000 5.40448
39420000 5.41013
39430000 5.45059
39440000 5.31241
39450000 5.31316
39460000 5.49469
39470000 5.25931
39480000 5.40668
39490000 5.39305
39500000 5.41208
39510000 5.33815
39520000 5.34626
39530000 5.30803
39540000 5.56931
39550000 5.34695
39560000 5.32332
39570000 5.62193
39580000 5.44033
39590000 5.57734
39600000 5.43392
39610000 5.29033
39620000 5.41872
39630000 5.32394
39640000 5.16609
39650000 5.27468
39660000 5.26284
39670000 5.24533
39680000 5.36071
39690000 5.45851
39700000 5.2566
39710000 5.3296
39720000 5.48049
39730000 5.509
39740000 5.37059
39750000 5.26786
39760000 5.35589
39770000 5.56953
39780000 5.34739
39790000 5.27655
39800000 5.16933
39810000 5.26676
39820000 5.19506
39830000 5.21035
39840000 5.36589
39850000 5.62605
39860000 5.28357
39870000 5.29499
39880000 5.31937
39890000 5.36254
39900000 5.43488
39910000 5.52793
39920000 5.4414
39930000 5.32675
39940000 5.38667
39950000 5.56059
39960000 5.33648
39970000 5.3586
39980000 5.28331
39990000 5.41657
40000000 5.365
40010000 5.26236
40020000 5.44459
40030000 5.25405
40040000 5.38914
40050000 5.39097
40060000 5.2839
40070000 5.38619
40080000 5.23689
40090000 5.29096
40100000 5.4097
40110000 5.37439
40120000 5.23307
40130000 5.29365
40140000 5.23477
40150000 5.23982
40160000 5.25799
40170000 5.36256
40180000 5.38709
40190000 5.24284
40200000 5.32755
40210000 5.30662
40220000 5.25838
40230000 5.64832
40240000 5.38165
40250000 5.30331
40260000 5.48159
40270000 5.35991
40280000 5.21689
40290000 5.22616
40300000 5.25719
40310000 5.64327
40320000 5.43076
40330000 5.2922
40340000 5.29151
40350000 5.34641
40360000 5.21555
40370000 5.24902
40380000 5.41276
40390000 5.41277
40400000 5.24942
40410000 5.27353
40420000 5.42906
40430000 5.41618
40440000 5.26865
40450000 5.28311
40460000 5.41891
40470000 5.30544
40480000 5.40535
40490000 5.25441
40500000 5.2037
40510000 5.43443
40520000 5.32573
40530000 5.39033
40540000 5.51751
40550000 5.33034
40560000 5.35343
40570000 5.33823
40580000 5.50457
40590000 5.3369
40600000 5.41435
40610000 5.4054
40620000 5.32013
40630000 5.29523
40640000 5.20095
40650000 5.20621
40660000 5.38179
40670000 5.43832
40680000 5.28331
40690000 5.31486
40700000 5.3376
40710000 5.78136
40720000 5.3082
40730000 5.35961
40740000 5.41731
40750000 5.44755
40760000 5.28438
40770000 5.42353
40780000 5.38135
40790000 5.33013
40800000 5.35273
40810000 5.4591
40820000 5.36078
40830000 5.2714
40840000 5.33041
40850000 5.33165
40860000 5.35077
40870000 5.23949
40880000 5.22424
40890000 5.24331
40900000 5.22061
40910000 5.27879
40920000 5.45595
40930000 5.48506
40940000 5.40508
40950000 5.3612
40960000 5.34654
40970000 5.26037
40980000 5.47148
40990000 5.45178
41000000 5.21463
41010000 5.46072
41020000 5.36397
41030000 5.34719
41040000 5.31479
41050000 5.36082
41060000 5.32828
41070000 5.36404
41080000 5.3635
41090000 5.20342
41100000 5.24995
41110000 5.35235
41120000 5.27088
41130000 5.39732
41140000 5.39771
41150000 5.32801
41160000 5.39424
41170000 5.26758
41180000 5.54403
41190000 5.44308
41200000 5.29937
41210000 5.38383
41220000 5.29183
41230000 5.44158
41240000 5.2518
41250000 5.33985
41260000 5.22597
41270000 5.28471
41280000 5.36028
41290000 5.30463
41300000 5.41564
41310000 5.28114
41320000 5.37339
41330000 5.37561
41340000 5.23294
41350000 5.30168
41360000 5.48383
41370000 5.30829
41380000 5.30704
41390000 5.3677
41400000 5.36759
41410000 5.2968
41420000 5.32182
41430000 5.25856
41440000 5.24422
41450000 5.25772
41460000 5.25558
41470000 5.2974
41480000 5.43884
41490000 5.3722
41500000 5.2355
41510000 5.30364
41520000 5.2994
41530000 5.31545
41540000 5.32794
41550000 5.29179
41560000 5.2187
41570000 5.30675
41580000 5.31822
41590000 5.33166
41600000 5.31579
41610000 5.31943
41620000 5.2537
41630000 5.40686
41640000 5.55178
41650000 5.26237
41660000 5.34081
41670000 5.26288
41680000 5.27809
41690000 5.16567
41700000 5.41098
41710000 5.22311
41720000 5.31707
41730000 5.34854
41740000 5.36341
41750000 5.30332
41760000 5.30923
41770000 5.38497
41780000 5.22132
41790000 5.39955
41800000 5.28662
41810000 5.38657
41820000 5.39054
41830000 5.25915
41840000 5.33643
41850000 5.31406
41860000 5.34453
41870000 5.4
41880000 5.23057
41890000 5.18397
41900000 5.23938
41910000 5.28218
41920000 5.25096
41930000 5.34139
41940000 5.367
41950000 5.19259
41960000 5.29735
41970000 5.35205
41980000 5.25948
41990000 5.31381
42000000 5.29523
42010000 5.34262
42020000 5.43818
42030000 5.21599
42040000 5.32097
42050000 5.26097
42060000 5.23617
42070000 5.31101
42080000 5.35602
42090000 5.25578
42100000 5.19384
42110000 5.33735
42120000 5.2096
42130000 5.17423
42140000 5.26963
42150000 5.33775
42160000 5.37389
42170000 5.26853
42180000 5.25314
42190000 5.41115
42200000 5.26576
42210000 5.38564
42220000 5.36288
42230000 5.45552
42240000 5.36268
42250000 5.2879
42260000 5.21561
42270000 5.35344
42280000 5.58049
42290000 5.45005
42300000 5.29257
42310000 5.25067
42320000 5.2594
42330000 5.36158
42340000 5.3349
42350000 5.33755
42360000 5.31155
42370000 5.35971
42380000 5.21597
42390000 5.2153
42400000 5.27584
42410000 5.37303
42420000 5.25151
42430000 5.36381
42440000 5.20577
42450000 5.26403
42460000 5.40159
42470000 5.26312
42480000 5.24389
42490000 5.52235
42500000 5.42856
42510000 5.34309
42520000 5.34007
42530000 5.29834
42540000 5.29633
42550000 5.30835
42560000 5.29185
42570000 5.39999
42580000 5.33135
42590000 5.41692
42600000 5.3334
42610000 5.28259
42620000 5.3187
42630000 5.33439
42640000 5.29787
42650000 5.3769
42660000 5.4127
42670000 5.49055
42680000 5.4748
42690000 5.38983
42700000 5.29824
42710000 5.25117
42720000 5.39751
42730000 5.27084
42740000 5.293
42750000 5.34127
42760000 5.18221
42770000 5.28439
42780000 5.23664
42790000 5.33554
42800000 5.31049
42810000 5.28903
42820000 5.48277
42830000 5.21554
42840000 5.35356
42850000 5.38168
42860000 5.26637
42870000 5.42464
42880000 5.17394
42890000 5.31129
42900000 5.24894
42910000 5.51397
42920000 5.40899
42930000 5.16476
42940000 5.37882
42950000 5.34167
42960000 5.24048
42970000 5.30329
42980000 5.20386
42990000 5.43316
43000000 5.42195
43010000 5.22306
43020000 5.44007
43030000 5.28945
43040000 5.42811
43050000 5.18114
43060000 5.26793
43070000 5.26985
43080000 5.26543
43090000 5.3212
43100000 5.34828
43110000 5.2577
43120000 5.28703
43130000 5.45661
43140000 5.25123
43150000 5.4059
43160000 5.35466
43170000 5.29632
43180000 5.2234
43190000 5.21735
43200000 5.38501
43210000 5.34199
43220000 5.28829
43230000 5.29845
43240000 5.5246
43250000 5.394
43260000 5.21528
43270000 5.2883
43280000 5.41714
43290000 5.41593
43300000 5.27789
43310000 5.18552
43320000 5.2671
43330000 5.34372
43340000 5.24001
43350000 5.2422
43360000 5.38252
43370000 5.37764
43380000 5.23929
43390000 5.30597
43400000 5.28577
43410000 5.24112
43420000 5.24566
43430000 5.32635
43440000 5.21644
43450000 5.18643
43460000 5.30647
43470000 5.22703
43480000 5.36188
43490000 5.34193
43500000 5.32907
43510000 5.34077
43520000 5.37289
43530000 5.36857
43540000 5.31605
43550000 5.33204
43560000 5.18944
43570000 5.39849
43580000 5.34021
43590000 5.22476
43600000 5.3416
43610000 5.17294
43620000 5.25926
43630000 5.25358
43640000 5.25173
43650000 5.22896
43660000 5.26784
43670000 5.49647
43680000 5.2796
43690000 5.32246
43700000 5.36545
43710000 5.23136
43720000 5.3345
43730000 5.36145
43740000 5.34468
43750000 5.49569
43760000 5.32815
43770000 5.21895
43780000 5.25141
43790000 5.22127
43800000 5.30224
43810000 5.3214
43820000 5.3623
43830000 5.27394
43840000 5.37373
43850000 5.23479
43860000 5.35334
43870000 5.20139
43880000 5.28995
43890000 5.32512
43900000 5.38117
43910000 5.2979
43920000 5.40699
43930000 5.27566
43940000 5.41517
43950000 5.30363
43960000 5.32045
43970000 5.27217
43980000 5.24833
43990000 5.2009
44000000 5.31752
44010000 5.32363
44020000 5.51603
44030000 5.39626
44040000 5.35224
44050000 5.36845
44060000 5.32961
44070000 5.30456
44080000 5.37676
44090000 5.35521
44100000 5.24053
44110000 5.26833
44120000 5.39127
44130000 5.35155
44140000 5.27969
44150000 5.38352
44160000 5.345
44170000 5.43361
44180000 5.21311
44190000 5.26074
44200000 5.49163
44210000 5.29872
44220000 5.26075
44230000 5.29101
44240000 5.37357
44250000 5.38316
44260000 5.422
44270000 5.38039
44280000 5.28915
44290000 5.31457
44300000 5.24542
44310000 5.21972
44320000 5.28637
44330000 5.30174
44340000 5.32759
44350000 5.28789
44360000 5.29896
44370000 5.4494
44380000 5.21503
44390000 5.45466
44400000 5.34142
44410000 5.14868
44420000 5.25047
44430000 5.24044
44440000 5.17
44450000 5.30711
44460000 5.32769
44470000 5.29122
44480000 5.35538
44490000 5.31069
44500000 5.46831
44510000 5.2905
44520000 5.38368
44530000 5.28015
44540000 5.26232
44550000 5.28536
44560000 5.23518
44570000 5.19649
44580000 5.13112
44590000 5.30241
44600000 5.37717
44610000 5.30787
44620000 5.23499
44630000 5.17862
44640000 5.24867
44650000 5.31656
44660000 5.17871
44670000 5.24521
44680000 5.30673
44690000 5.36617
44700000 5.28733
44710000 5.31766
44720000 5.13067
44730000 5.28422
44740000 5.25459
44750000 5.4669
44760000 5.29902
44770000 5.25277
44780000 5.38511
44790000 5.37258
44800000 5.34258
44810000 5.27997
44820000 5.25577
44830000 5.24611
44840000 5.26551
44850000 5.34523
44860000 5.34969
44870000 5.26666
44880000 5.26083
44890000 5.40445
44900000 5.4011
44910000 5.43622
44920000 5.41977
44930000 5.17179
44940000 5.20224
44950000 5.34606
44960000 5.25354
44970000 5.23059
44980000 5.256
44990000 5.28932
45000000 5.29356
45010000 5.36393
45020000 5.18639
45030000 5.35812
45040000 5.30868
45050000 5.23307
45060000 5.27353
45070000 5.36918
45080000 5.34606
45090000 5.34234
45100000 5.44026
45110000 5.40083
45120000 5.29236
45130000 5.18139
45140000 5.34973
45150000 5.17799
45160000 5.24724
45170000 5.41503
45180000 5.38022
45190000 5.38971
45200000 5.51629
45210000 5.30541
45220000 5.32986
45230000 5.43928
45240000 5.34747
45250000 5.33311
45260000 5.28835
45270000 5.40425
45280000 5.26185
45290000 5.374
45300000 5.29135
45310000 5.26934
45320000 5.20507
45330000 5.40472
45340000 5.2227
45350000 5.25723
45360000 5.34583
45370000 5.36777
45380000 5.30493
45390000 5.3046
45400000 5.37145
45410000 5.16625
45420000 5.24896
45430000 5.23868
45440000 5.20543
45450000 5.29236
45460000 5.47215
45470000 5.27717
45480000 5.41927
45490000 5.27136
45500000 5.37735
45510000 5.2984
45520000 5.24118
45530000 5.3414
45540000 5.25948
45550000 5.2359
45560000 5.37548
45570000 5.16421
45580000 5.21528
45590000 5.19535
45600000 5.21402
45610000 5.28984
45620000 5.38803
45630000 5.26228
45640000 5.28999
45650000 5.30536
45660000 5.34517
45670000 5.43155
45680000 5.33545
45690000 5.29686
45700000 5.29129
45710000 5.36617
45720000 5.38442
45730000 5.35508
45740000 5.3378
45750000 5.35962
45760000 5.40887
45770000 5.31289
45780000 5.29391
45790000 5.34942
45800000 5.33368
45810000 5.38821
45820000 5.25631
45830000 5.23011
45840000 5.20021
45850000 5.24271
45860000 5.36514
45870000 5.2734
45880000 5.16699
45890000 5.2676
45900000 5.35365
45910000 5.18222
45920000 5.30351
45930000 5.23656
45940000 5.31721
45950000 5.32715
45960000 5.48351
45970000 5.30984
45980000 5.36505
45990000 5.37545
46000000 5.25644
46010000 5.35028
46020000 5.43074
46030000 5.18425
46040000 5.25563
46050000 5.4594
46060000 5.2531
46070000 5.35555
46080000 5.3244
46090000 5.34816
46100000 5.22161
46110000 5.31107
46120000 5.37269
46130000 5.46461
46140000 5.31628
46150000 5.27657
46160000 5.30009
46170000 5.25391
46180000 5.24884
46190000 5.15606
46200000 5.12671
46210000 5.29493
46220000 5.24767
46230000 5.28339
46240000 5.29983
46250000 5.18448
46260000 5.26193
46270000 5.25889
46280000 5.27201
46290000 5.22945
46300000 5.2941
46310000 5.33054
46320000 5.18306
46330000 5.25836
46340000 5.26592
46350000 5.38107
46360000 5.18937
46370000 5.17609
46380000 5.27248
46390000 5.37487
46400000 5.34626
46410000 5.24278
46420000 5.07526
46430000 5.18657
46440000 5.20248
46450000 5.25645
46460000 5.29488
46470000 5.31354
46480000 5.3376
46490000 5.31994
46500000 5.30649
46510000 5.31243
46520000 5.43198
46530000 5.40412
46540000 5.25009
46550000 5.43231
46560000 5.52829
46570000 5.3889
46580000 5.28981
46590000 5.32308
46600000 5.34766
46610000 5.26372
46620000 5.30712
46630000 5.26882
46640000 5.23923
46650000 5.27317
46660000 5.37148
46670000 5.3031
46680000 5.37244
46690000 5.3788
46700000 5.32163
46710000 5.37489
46720000 5.33731
46730000 5.27485
46740000 5.16476
46750000 5.33167
46760000 5.31851
46770000 5.34231
46780000 5.34651
46790000 5.23395
46800000 5.10496
46810000 5.21747
46820000 5.24853
46830000 5.38862
46840000 5.34513
46850000 5.31911
46860000 5.21728
46870000 5.30736
46880000 5.21356
46890000 5.55191
46900000 5.27099
46910000 5.21642
46920000 5.27513
46930000 5.42016
46940000 5.40548
46950000 5.24673
46960000 5.20138
46970000 5.16191
46980000 5.26415
46990000 5.37145
47000000 5.29667
47010000 5.28662
47020000 5.2463
47030000 5.16466
47040000 5.22433
47050000 5.29864
47060000 5.2463
47070000 5.23968
47080000 5.32369
47090000 5.43606
47100000 5.47092
47110000 5.21058
47120000 5.24823
47130000 5.35731
47140000 5.39041
47150000 5.30559
47160000 5.39845
47170000 5.32405
47180000 5.22582
47190000 5.42667
47200000 5.25563
47210000 5.27141
47220000 5.23586
47230000 5.36503
47240000 5.31674
47250000 5.18944
47260000 5.39826
47270000 5.38182
47280000 5.16987
47290000 5.32741
47300000 5.28522
47310000 5.49252
47320000 5.39568
47330000 5.2042
47340000 5.23685
47350000 5.13843
47360000 5.12
47370000 5.30642
47380000 5.22998
47390000 5.32264
47400000 5.21271
47410000 5.17451
47420000 5.14584
47430000 5.23888
47440000 5.19546
47450000 5.30023
47460000 5.29666
47470000 5.30702
47480000 5.32454
47490000 5.31083
47500000 5.26596
47510000 5.24871
47520000 5.24514
47530000 5.24561
47540000 5.49473
47550000 5.22714
47560000 5.26559
47570000 5.30451
47580000 5.48593
47590000 5.27425
47600000 5.34324
47610000 5.39744
47620000 5.39894
47630000 5.27783
47640000 5.20027
47650000 5.34368
47660000 5.30952
47670000 5.29093
47680000 5.26999
47690000 5.39388
47700000 5.25971
47710000 5.1901
47720000 5.32032
47730000 5.34474
47740000 5.35383
47750000 5.30868
47760000 5.3272
47770000 5.1469
47780000 5.28484
47790000 5.27214
47800000 5.25446
47810000 5.16921
47820000 5.32024
47830000 5.20426
47840000 5.16778
47850000 5.23717
47860000 5.28107
47870000 5.29392
47880000 5.2362
47890000 5.21747
47900000 5.46751
47910000 5.213
47920000 5.20879
47930000 5.19438
47940000 5.28802
47950000 5.17941
47960000 5.25675
47970000 5.28197
47980000 5.23168
47990000 5.39155
48000000 5.36821
48010000 5.39501
48020000 5.46393
48030000 5.25429
48040000 5.26514
48050000 5.41497
48060000 5.41608
48070000 5.35421
48080000 5.2151
48090000 5.29587
48100000 5.10176
48110000 5.27212
48120000 5.21606
48130000 5.08361
48140000 5.16331
48150000 5.22669
48160000 5.26802
48170000 5.28412
48180000 5.30263
48190000 5.24128
48200000 5.34868
48210000 5.2925
48220000 5.18216
48230000 5.24155
48240000 5.34211
48250000 5.30121
48260000 5.36731
48270000 5.36143
48280000 5.23045
48290000 5.42647
48300000 5.50027
48310000 5.2514
48320000 5.24845
48330000 5.09841
48340000 5.23029
48350000 5.32888
48360000 5.27164
48370000 5.23836
48380000 5.20993
48390000 5.35359
48400000 5.30223
48410000 5.26692
48420000 5.23916
48430000 5.25479
48440000 5.24315
48450000 5.2115
48460000 5.28351
48470000 5.30166
48480000 5.30638
48490000 5.40583
48500000 5.27309
48510000 5.20012
48520000 5.172
48530000 5.23004
48540000 5.21425
48550000 5.30409
48560000 5.22825
48570000 5.32069
48580000 5.2408
48590000 5.38773
48600000 5.19915
48610000 5.26033
48620000 5.34884
48630000 5.30543
48640000 5.32983
48650000 5.21737
48660000 5.32965
48670000 5.20261
48680000 5.27575
48690000 5.2309
48700000 5.33212
48710000 5.34631
48720000 5.37569
48730000 5.29551
48740000 5.30216
48750000 5.2952
48760000 5.3361
48770000 5.3051
48780000 5.22629
48790000 5.22728
48800000 5.23006
48810000 5.32392
48820000 5.20658
48830000 5.39921
48840000 5.28053
48850000 5.33251
48860000 5.21475
48870000 5.21693
48880000 5.36187
48890000 5.37888
48900000 5.3806
48910000 5.26323
48920000 5.23297
48930000 5.28452
48940000 5.26856
48950000 5.24331
48960000 5.2674
48970000 5.30597
48980000 5.31685
48990000 5.3039
49000000 5.28897
49010000 5.35502
49020000 5.36194
49030000 5.31711
49040000 5.29482
49050000 5.38245
49060000 5.25549
49070000 5.32311
49080000 5.18972
49090000 5.29964
49100000 5.23135
49110000 5.20997
49120000 5.22539
49130000 5.24246
49140000 5.20817
49150000 5.24439
49160000 5.25447
49170000 5.46855
49180000 5.42071
49190000 5.5989
49200000 5.36281
49210000 5.27033
49220000 5.25222
49230000 5.30046
49240000 5.0882
49250000 5.33651
49260000 5.46119
49270000 5.31678
49280000 5.25146
49290000 5.20927
49300000 5.16129
49310000 5.43227
49320000 5.25887
49330000 5.15372
49340000 5.23162
49350000 5.35728
49360000 5.38134
49370000 5.27663
49380000 5.22977
49390000 5.31765
49400000 5.23448
49410000 5.28306
49420000 5.36055
49430000 5.28447
49440000 5.15341
49450000 5.35537
49460000 5.32771
49470000 5.30417
49480000 5.25349
49490000 5.20661
49500000 5.22661
49510000 5.26994
49520000 5.19261
49530000 5.24525
49540000 5.3096
49550000 5.20341
49560000 5.2149
49570000 5.20123
49580000 5.25452
49590000 5.19121
49600000 5.3314
49610000 5.37844
49620000 5.25182
49630000 5.34783
49640000 5.40945
49650000 5.30151
49660000 5.28407
49670000 5.25359
49680000 5.41116
49690000 5.2302
49700000 5.18582
49710000 5.28433
49720000 5.18659
49730000 5.24828
49740000 5.34784
49750000 5.34875
49760000 5.3812
49770000 5.31104
49780000 5.27291
49790000 5.27394
49800000 5.19645
49810000 5.28424
49820000 5.23027
49830000 5.29866
49840000 5.26969
49850000 5.25784
49860000 5.18718
49870000 5.28616
49880000 5.15958
49890000 5.32292
49900000 5.38778
49910000 5.35796
49920000 5.36689
49930000 5.27537
49940000 5.33635
49950000 5.24847
49960000 5.24
49970000 5.22683
49980000 5.35512
49990000 5.36123
50000000 5.26523
