10000 28.9394
20000 26.7315
30000 25.6919
40000 25.1294
50000 24.7842
60000 24.5577
70000 24.4404
80000 24.3598
90000 24.3008
100000 24.2615
110000 24.23
120000 24.1984
130000 24.1749
140000 24.1553
150000 24.1395
160000 24.1247
170000 24.1103
180000 24.0971
190000 24.0846
200000 24.0735
210000 24.0634
220000 24.0529
230000 24.0429
240000 24.034
250000 24.0248
260000 24.0164
270000 24.0082
280000 23.9997
290000 23.9925
300000 23.9854
310000 23.9789
320000 23.973
330000 23.9663
340000 23.9599
350000 23.9533
360000 23.9466
370000 23.9406
380000 23.9345
390000 23.9288
400000 23.9227
410000 23.9174
420000 23.9123
430000 23.9068
440000 23.9016
450000 23.8964
460000 23.8911
470000 23.8866
480000 23.8818
490000 23.8776
500000 23.8739
510000 23.8694
520000 23.8648
530000 23.8606
540000 23.8564
550000 23.8522
560000 23.8486
570000 23.8444
580000 23.841
590000 23.8377
600000 23.8332
610000 23.8296
620000 23.8256
630000 23.8217
640000 23.8181
650000 23.8142
660000 23.811
670000 23.8077
680000 23.8038
690000 23.8002
700000 23.7971
710000 23.7939
720000 23.7907
730000 23.7878
740000 23.7845
750000 23.7811
760000 23.7782
770000 23.775
780000 23.7723
790000 23.769
800000 23.766
810000 23.763
820000 23.76
830000 23.7572
840000 23.7543
850000 23.7515
860000 23.7485
870000 23.7457
880000 23.743
890000 23.7402
900000 23.7372
910000 23.7343
920000 23.732
930000 23.7293
940000 23.7266
950000 23.7241
960000 23.7216
970000 23.7188
980000 23.7162
990000 23.7135
1000000 23.711
1010000 23.7085
1020000 23.7061
1030000 23.7038
1040000 23.7012
1050000 23.6986
1060000 23.6959
1070000 23.6935
1080000 23.6909
1090000 23.6887
1100000 23.6863
1110000 23.6841
1120000 23.6819
1130000 23.6794
1140000 23.6772
1150000 23.6745
1160000 23.6724
1170000 23.67
1180000 23.6675
1190000 23.6653
1200000 23.6629
1210000 23.6607
1220000 23.6585
1230000 23.6561
1240000 23.6538
1250000 23.6512
1260000 23.6491
1270000 23.6471
1280000 23.6451
1290000 23.6427
1300000 23.6408
1310000 23.6389
1320000 23.6367
1330000 23.6346
1340000 23.6322
1350000 23.6302
1360000 23.6282
1370000 23.6262
1380000 23.6241
1390000 23.622
1400000 23.6202
1410000 23.6181
1420000 23.616
1430000 23.6141
1440000 23.6123
1450000 23.6103
1460000 23.6086
1470000 23.6071
1480000 23.6052
1490000 23.6035
1500000 23.6015
1510000 23.5996
1520000 23.5977
1530000 23.5958
1540000 23.594
1550000 23.5922
1560000 23.5905
1570000 23.5884
1580000 23.5868
1590000 23.5852
1600000 23.5833
1610000 23.5815
1620000 23.5797
1630000 23.5779
1640000 23.5759
1650000 23.574
1660000 23.5721
1670000 23.5705
1680000 23.5688
1690000 23.5669
1700000 23.5648
1710000 23.563
1720000 23.5609
1730000 23.5593
1740000 23.5575
1750000 23.5557
1760000 23.554
1770000 23.5524
1780000 23.5504
1790000 23.5489
1800000 23.5474
1810000 23.5456
1820000 23.5442
1830000 23.5426
1840000 23.5409
1850000 23.5392
1860000 23.5375
1870000 23.5356
1880000 23.534
1890000 23.5323
1900000 23.5305
1910000 23.5289
1920000 23.5274
1930000 23.526
1940000 23.5246
1950000 23.5229
1960000 23.5212
1970000 23.5198
1980000 23.5179
1990000 23.5167
2000000 23.515
2010000 23.5134
2020000 23.5117
2030000 23.5105
2040000 23.5087
2050000 23.5069
2060000 23.5051
2070000 23.5035
2080000 23.5016
2090000 23.5002
2100000 23.4985
2110000 23.497
2120000 23.4957
2130000 23.4941
2140000 23.4924
2150000 23.4909
2160000 23.4892
2170000 23.4877
2180000 23.486
2190000 23.4845
2200000 23.4829
2210000 23.4814
2220000 23.4802
2230000 23.4784
2240000 23.4771
2250000 23.4756
2260000 23.4742
2270000 23.4729
2280000 23.4717
2290000 23.4703
2300000 23.4686
2310000 23.4673
2320000 23.4658
2330000 23.4643
2340000 23.4631
2350000 23.4615
2360000 23.4601
2370000 23.4586
2380000 23.4572
2390000 23.4556
2400000 23.4542
2410000 23.4529
2420000 23.4515
2430000 23.4501
2440000 23.4487
2450000 23.4474
2460000 23.4462
2470000 23.4446
2480000 23.443
2490000 23.4418
2500000 23.4405
2510000 23.4388
2520000 23.4373
2530000 23.4359
2540000 23.4348
2550000 23.4335
2560000 23.4319
2570000 23.4305
2580000 23.4291
2590000 23.4276
2600000 23.4261
2610000 23.4249
2620000 23.4235
2630000 23.4221
2640000 23.4207
2650000 23.4197
2660000 23.4183
2670000 23.4171
2680000 23.4159
2690000 23.4146
2700000 23.4129
2710000 23.4115
2720000 23.4103
2730000 23.4089
2740000 23.4076
2750000 23.4065
2760000 23.405
2770000 23.4038
2780000 23.4026
2790000 23.4014
2800000 23.4001
2810000 23.399
2820000 23.3978
2830000 23.3965
2840000 23.3955
2850000 23.3942
2860000 23.3929
2870000 23.3916
2880000 23.3905
2890000 23.3893
2900000 23.3881
2910000 23.3867
2920000 23.3855
2930000 23.3842
2940000 23.3831
2950000 23.3819
2960000 23.3805
2970000 23.3791
2980000 23.3776
2990000 23.3764
3000000 23.3752
3010000 23.3738
3020000 23.3727
3030000 23.3715
3040000 23.3699
3050000 23.3687
3060000 23.3676
3070000 23.3663
3080000 23.3649
3090000 23.3637
3100000 23.3624
3110000 23.3612
3120000 23.3601
3130000 23.3585
3140000 23.3574
3150000 23.3563
3160000 23.355
3170000 23.3538
3180000 23.3527
3190000 23.3512
3200000 23.3499
3210000 23.3489
3220000 23.3476
3230000 23.3464
3240000 23.3451
3250000 23.3441
3260000 23.3432
3270000 23.342
3280000 23.3407
3290000 23.3394
3300000 23.3381
3310000 23.3367
3320000 23.3356
3330000 23.3343
3340000 23.3333
3350000 23.332
3360000 23.3306
3370000 23.3293
3380000 23.3279
3390000 23.3267
3400000 23.3256
3410000 23.3243
3420000 23.3232
3430000 23.322
3440000 23.3206
3450000 23.3197
3460000 23.3186
3470000 23.3176
3480000 23.3164
3490000 23.3155
3500000 23.3145
3510000 23.3134
3520000 23.3122
3530000 23.3111
3540000 23.3099
3550000 23.3086
3560000 23.3075
3570000 23.3064
3580000 23.3051
3590000 23.304
3600000 23.3027
3610000 23.3017
3620000 23.3003
3630000 23.299
3640000 23.2979
3650000 23.2966
3660000 23.2955
3670000 23.2947
3680000 23.2934
3690000 23.2923
3700000 23.2909
3710000 23.2897
3720000 23.2888
3730000 23.2876
3740000 23.2864
3750000 23.2852
3760000 23.2843
3770000 23.2833
3780000 23.282
3790000 23.2806
3800000 23.2793
3810000 23.2784
3820000 23.2775
3830000 23.2764
3840000 23.2754
3850000 23.2744
3860000 23.2733
3870000 23.2723
3880000 23.2714
3890000 23.2704
3900000 23.2693
3910000 23.2682
3920000 23.2671
3930000 23.2659
3940000 23.2646
3950000 23.2634
3960000 23.2622
3970000 23.2612
3980000 23.2602
3990000 23.259
4000000 23.2579
4010000 23.2567
4020000 23.2554
4030000 23.2545
4040000 23.2535
4050000 23.2524
4060000 23.2513
4070000 23.25
4080000 23.2491
4090000 23.248
4100000 23.2468
4110000 23.2457
4120000 23.2448
4130000 23.2437
4140000 23.2426
4150000 23.2414
4160000 23.2405
4170000 23.2396
4180000 23.2387
4190000 23.2374
4200000 23.2359
4210000 23.2346
4220000 23.2336
4230000 23.2324
4240000 23.2314
4250000 23.2304
4260000 23.2292
4270000 23.2282
4280000 23.227
4290000 23.2261
4300000 23.2248
4310000 23.2239
4320000 23.2228
4330000 23.2215
4340000 23.2204
4350000 23.2194
4360000 23.2184
4370000 23.2174
4380000 23.2163
4390000 23.2152
4400000 23.2142
4410000 23.2134
4420000 23.2124
4430000 23.2114
4440000 23.2106
4450000 23.2095
4460000 23.2082
4470000 23.2073
4480000 23.2059
4490000 23.205
4500000 23.2041
4510000 23.2033
4520000 23.2021
4530000 23.2011
4540000 23.2001
4550000 23.1991
4560000 23.198
4570000 23.1969
4580000 23.196
4590000 23.195
4600000 23.1938
4610000 23.1929
4620000 23.1921
4630000 23.1909
4640000 23.1898
4650000 23.189
4660000 23.188
4670000 23.1872
4680000 23.1864
4690000 23.1854
4700000 23.1843
4710000 23.1832
4720000 23.1821
4730000 23.181
4740000 23.1799
4750000 23.1792
4760000 23.1781
4770000 23.177
4780000 23.176
4790000 23.1752
4800000 23.1741
4810000 23.173
4820000 23.1719
4830000 23.171
4840000 23.1701
4850000 23.169
4860000 23.168
4870000 23.1668
4880000 23.1658
4890000 23.1648
4900000 23.1638
4910000 23.1626
4920000 23.1617
4930000 23.1606
4940000 23.1596
4950000 23.1586
4960000 23.1577
4970000 23.1567
4980000 23.1557
4990000 23.1547
5000000 23.1538
5010000 23.1527
5020000 23.1517
5030000 23.1507
5040000 23.1497
5050000 23.1488
5060000 23.148
5070000 23.1471
5080000 23.1462
5090000 23.1452
5100000 23.1442
5110000 23.1433
5120000 23.1425
5130000 23.1416
5140000 23.1407
5150000 23.1397
5160000 23.1389
5170000 23.138
5180000 23.1372
5190000 23.1363
5200000 23.1351
5210000 23.1343
5220000 23.1334
5230000 23.1325
5240000 23.1314
5250000 23.1307
5260000 23.1297
5270000 23.1285
5280000 23.1279
5290000 23.1266
5300000 23.1257
5310000 23.1248
5320000 23.1241
5330000 23.1233
5340000 23.1221
5350000 23.1209
5360000 23.1201
5370000 23.1194
5380000 23.1185
5390000 23.1177
5400000 23.1165
5410000 23.1155
5420000 23.1146
5430000 23.1137
5440000 23.1129
5450000 23.1118
5460000 23.111
5470000 23.11
5480000 23.1093
5490000 23.1084
5500000 23.1076
5510000 23.1068
5520000 23.1058
5530000 23.1048
5540000 23.1039
5550000 23.1029
5560000 23.1022
5570000 23.1011
5580000 23.1001
5590000 23.0992
5600000 23.0983
5610000 23.0973
5620000 23.0964
5630000 23.0953
5640000 23.0945
5650000 23.0935
5660000 23.0926
5670000 23.0917
5680000 23.091
5690000 23.09
5700000 23.0892
5710000 23.0883
5720000 23.0873
5730000 23.0864
5740000 23.0856
5750000 23.0848
5760000 23.0838
5770000 23.083
5780000 23.0821
5790000 23.0811
5800000 23.0802
5810000 23.0791
5820000 23.0784
5830000 23.0772
5840000 23.0761
5850000 23.0753
5860000 23.0744
5870000 23.0734
5880000 23.0724
5890000 23.0715
5900000 23.0706
5910000 23.0697
5920000 23.0687
5930000 23.0678
5940000 23.067
5950000 23.0663
5960000 23.0653
5970000 23.0643
5980000 23.0635
5990000 23.0626
6000000 23.0617
6010000 23.0608
6020000 23.0598
6030000 23.0589
6040000 23.058
6050000 23.0571
6060000 23.0563
6070000 23.0555
6080000 23.0547
6090000 23.0539
6100000 23.0526
6110000 23.0517
6120000 23.0507
6130000 23.0499
6140000 23.049
6150000 23.0482
6160000 23.0473
6170000 23.0468
6180000 23.0459
6190000 23.0451
6200000 23.0441
6210000 23.0434
6220000 23.0424
6230000 23.0415
6240000 23.0405
6250000 23.0395
6260000 23.0386
6270000 23.0378
6280000 23.0368
6290000 23.0358
6300000 23.0348
6310000 23.0341
6320000 23.0334
6330000 23.0325
6340000 23.0319
6350000 23.0309
6360000 23.0301
6370000 23.0293
6380000 23.0285
6390000 23.0276
6400000 23.0267
6410000 23.0255
6420000 23.0248
6430000 23.024
6440000 23.0234
6450000 23.0224
6460000 23.0217
6470000 23.021
6480000 23.0202
6490000 23.0196
6500000 23.0184
6510000 23.0173
6520000 23.0164
6530000 23.0156
6540000 23.0145
6550000 23.0137
6560000 23.0128
6570000 23.012
6580000 23.0111
6590000 23.0102
6600000 23.0094
6610000 23.0086
6620000 23.0079
6630000 23.007
6640000 23.0061
6650000 23.0051
6660000 23.0043
6670000 23.0036
6680000 23.003
6690000 23.002
6700000 23.0012
6710000 23.0003
6720000 22.9994
6730000 22.9987
6740000 22.9978
6750000 22.9969
6760000 22.9959
6770000 22.9953
6780000 22.9944
6790000 22.9934
6800000 22.9927
6810000 22.9919
6820000 22.9911
6830000 22.9902
6840000 22.9894
6850000 22.9888
6860000 22.9877
6870000 22.987
6880000 22.9863
6890000 22.9854
6900000 22.9846
6910000 22.9838
6920000 22.983
6930000 22.9823
6940000 22.9817
6950000 22.981
6960000 22.98
6970000 22.9789
6980000 22.9781
6990000 22.9772
7000000 22.9765
7010000 22.9758
7020000 22.9751
7030000 22.9741
7040000 22.9731
7050000 22.9721
7060000 22.9713
7070000 22.9705
7080000 22.9696
7090000 22.9687
7100000 22.9679
7110000 22.9671
7120000 22.9661
7130000 22.9655
7140000 22.9646
7150000 22.964
7160000 22.9632
7170000 22.9623
7180000 22.9615
7190000 22.9607
7200000 22.9599
7210000 22.959
7220000 22.9584
7230000 22.9575
7240000 22.9566
7250000 22.9558
7260000 22.955
7270000 22.9544
7280000 22.9536
7290000 22.9528
7300000 22.952
7310000 22.9511
7320000 22.9502
7330000 22.9494
7340000 22.9485
7350000 22.9478
7360000 22.9469
7370000 22.9462
7380000 22.9457
7390000 22.9451
7400000 22.9442
7410000 22.943
7420000 22.9422
7430000 22.9414
7440000 22.9405
7450000 22.9398
7460000 22.9389
7470000 22.9382
7480000 22.9374
7490000 22.9366
7500000 22.9359
7510000 22.9349
7520000 22.9341
7530000 22.9335
7540000 22.9327
7550000 22.9319
7560000 22.931
7570000 22.93
7580000 22.9291
7590000 22.9284
7600000 22.9276
7610000 22.927
7620000 22.9261
7630000 22.9252
7640000 22.9243
7650000 22.9234
7660000 22.9227
7670000 22.9219
7680000 22.9211
7690000 22.9202
7700000 22.9195
7710000 22.9187
7720000 22.918
7730000 22.9172
7740000 22.9164
7750000 22.9156
7760000 22.915
7770000 22.914
7780000 22.9133
7790000 22.9124
7800000 22.9118
7810000 22.911
7820000 22.91
7830000 22.9093
7840000 22.9087
7850000 22.9079
7860000 22.9072
7870000 22.9061
7880000 22.9053
7890000 22.9047
7900000 22.9039
7910000 22.9032
7920000 22.9026
7930000 22.9019
7940000 22.9012
7950000 22.9004
7960000 22.8993
7970000 22.8987
7980000 22.8979
7990000 22.8971
8000000 22.8964
8010000 22.8956
8020000 22.895
8030000 22.8943
8040000 22.8935
8050000 22.8927
8060000 22.8921
8070000 22.8911
8080000 22.8903
8090000 22.8895
8100000 22.8889
8110000 22.8881
8120000 22.8874
8130000 22.8864
8140000 22.8854
8150000 22.8846
8160000 22.8837
8170000 22.883
8180000 22.8822
8190000 22.8815
8200000 22.8808
8210000 22.88
8220000 22.8792
8230000 22.8784
8240000 22.8775
8250000 22.8766
8260000 22.8758
8270000 22.8752
8280000 22.8745
8290000 22.8738
8300000 22.8728
8310000 22.8722
8320000 22.8712
8330000 22.8705
8340000 22.8696
8350000 22.8687
8360000 22.8679
8370000 22.8672
8380000 22.8665
8390000 22.8655
8400000 22.8647
8410000 22.8639
8420000 22.8631
8430000 22.8625
8440000 22.8619
8450000 22.861
8460000 22.8603
8470000 22.8596
8480000 22.8589
8490000 22.8581
8500000 22.8573
8510000 22.8566
8520000 22.8559
8530000 22.8552
8540000 22.8547
8550000 22.8539
8560000 22.8531
8570000 22.8524
8580000 22.8515
8590000 22.8507
8600000 22.85
8610000 22.8492
8620000 22.8485
8630000 22.8479
8640000 22.847
8650000 22.8463
8660000 22.8455
8670000 22.8448
8680000 22.8441
8690000 22.8434
8700000 22.8425
8710000 22.8417
8720000 22.8409
8730000 22.8403
8740000 22.8395
8750000 22.8388
8760000 22.8381
8770000 22.8373
8780000 22.8365
8790000 22.8358
8800000 22.8352
8810000 22.8344
8820000 22.8336
8830000 22.8328
8840000 22.8321
8850000 22.8315
8860000 22.8309
8870000 22.8299
8880000 22.8291
8890000 22.8284
8900000 22.8278
8910000 22.827
8920000 22.8263
8930000 22.8255
8940000 22.8248
8950000 22.8241
8960000 22.8234
8970000 22.8226
8980000 22.8219
8990000 22.821
9000000 22.8203
9010000 22.8196
9020000 22.8189
9030000 22.8183
9040000 22.8173
9050000 22.8165
9060000 22.8156
9070000 22.8151
9080000 22.8143
9090000 22.8134
9100000 22.8126
9110000 22.8119
9120000 22.8111
9130000 22.8104
9140000 22.8096
9150000 22.809
9160000 22.8082
9170000 22.8073
9180000 22.8067
9190000 22.8058
9200000 22.8051
9210000 22.8043
9220000 22.8034
9230000 22.8029
9240000 22.8021
9250000 22.8014
9260000 22.8007
9270000 22.8
9280000 22.7991
9290000 22.7983
9300000 22.7978
9310000 22.7972
9320000 22.7963
9330000 22.7955
9340000 22.7947
9350000 22.7939
9360000 22.7933
9370000 22.7925
9380000 22.7919
9390000 22.7913
9400000 22.7905
9410000 22.7898
9420000 22.789
9430000 22.7883
9440000 22.7876
9450000 22.7869
9460000 22.7861
9470000 22.7855
9480000 22.785
9490000 22.7844
9500000 22.7838
9510000 22.7831
9520000 22.7823
9530000 22.7815
9540000 22.7809
9550000 22.78
9560000 22.7791
9570000 22.7784
9580000 22.778
9590000 22.7773
9600000 22.7763
9610000 22.7756
9620000 22.7748
9630000 22.774
9640000 22.7734
9650000 22.7727
9660000 22.7717
9670000 22.771
9680000 22.7703
9690000 22.7696
9700000 22.769
9710000 22.7684
9720000 22.768
9730000 22.767
9740000 22.7661
9750000 22.7653
9760000 22.7646
9770000 22.7639
9780000 22.7631
9790000 22.7623
9800000 22.7616
9810000 22.761
9820000 22.7604
9830000 22.7598
9840000 22.7593
9850000 22.7583
9860000 22.7577
9870000 22.7571
9880000 22.7564
9890000 22.7557
9900000 22.7551
9910000 22.7543
9920000 22.7536
9930000 22.7527
9940000 22.752
9950000 22.7512
9960000 22.7505
9970000 22.75
9980000 22.7491
9990000 22.7483
10000000 22.7476
10010000 22.747
10020000 22.7462
10030000 22.7456
10040000 22.7449
10050000 22.7441
10060000 22.7432
10070000 22.7424
10080000 22.7416
10090000 22.7411
10100000 22.7404
10110000 22.7397
10120000 22.739
10130000 22.7384
10140000 22.7376
10150000 22.7369
10160000 22.7361
10170000 22.7355
10180000 22.7348
10190000 22.7342
10200000 22.7335
10210000 22.7328
10220000 22.7321
10230000 22.7314
10240000 22.7307
10250000 22.7299
10260000 22.7293
10270000 22.7286
10280000 22.728
10290000 22.7273
10300000 22.7266
10310000 22.726
10320000 22.7252
10330000 22.7244
10340000 22.7236
10350000 22.7229
10360000 22.7223
10370000 22.7214
10380000 22.7208
10390000 22.72
10400000 22.7194
10410000 22.7188
10420000 22.7181
10430000 22.7173
10440000 22.7165
10450000 22.7159
10460000 22.7152
10470000 22.7147
10480000 22.714
10490000 22.7132
10500000 22.7124
10510000 22.7117
10520000 22.7112
10530000 22.7105
10540000 22.7098
10550000 22.7091
10560000 22.7084
10570000 22.7078
10580000 22.7071
10590000 22.7065
10600000 22.7058
10610000 22.705
10620000 22.7042
10630000 22.7035
10640000 22.7027
10650000 22.702
10660000 22.7013
10670000 22.7005
10680000 22.6998
10690000 22.6993
10700000 22.6986
10710000 22.6976
10720000 22.6969
10730000 22.6963
10740000 22.6957
10750000 22.6949
10760000 22.6941
10770000 22.6933
10780000 22.6928
10790000 22.6921
10800000 22.6915
10810000 22.6907
10820000 22.6899
10830000 22.6894
10840000 22.6888
10850000 22.6881
10860000 22.6875
10870000 22.6869
10880000 22.6862
10890000 22.6856
10900000 22.6846
10910000 22.6841
10920000 22.6836
10930000 22.6828
10940000 22.6822
10950000 22.6815
10960000 22.6808
10970000 22.6801
10980000 22.6795
10990000 22.6789
11000000 22.6783
11010000 22.6775
11020000 22.6768
11030000 22.676
11040000 22.6753
11050000 22.6747
11060000 22.674
11070000 22.6733
11080000 22.6727
11090000 22.6719
11100000 22.6712
11110000 22.6705
11120000 22.6699
11130000 22.6693
11140000 22.6687
11150000 22.6679
11160000 22.6673
11170000 22.6667
11180000 22.666
11190000 22.6653
11200000 22.6647
11210000 22.6642
11220000 22.6635
11230000 22.6629
11240000 22.6622
11250000 22.6615
11260000 22.6607
11270000 22.6602
11280000 22.6595
11290000 22.6589
11300000 22.6581
11310000 22.6572
11320000 22.6567
11330000 22.6559
11340000 22.6554
11350000 22.6547
11360000 22.6541
11370000 22.6535
11380000 22.6529
11390000 22.6522
11400000 22.6515
11410000 22.6508
11420000 22.6501
11430000 22.6494
11440000 22.6489
11450000 22.6482
11460000 22.6476
11470000 22.6469
11480000 22.6464
11490000 22.6456
11500000 22.6451
11510000 22.6446
11520000 22.6439
11530000 22.6432
11540000 22.6426
11550000 22.6419
11560000 22.6412
11570000 22.6404
11580000 22.6398
11590000 22.6392
11600000 22.6386
11610000 22.638
11620000 22.6374
11630000 22.6368
11640000 22.6361
11650000 22.6355
11660000 22.6347
11670000 22.6341
11680000 22.6336
11690000 22.6329
11700000 22.6324
11710000 22.6317
11720000 22.6309
11730000 22.6304
11740000 22.6299
11750000 22.6293
11760000 22.6286
11770000 22.628
11780000 22.6272
11790000 22.6264
11800000 22.6257
11810000 22.6251
11820000 22.6245
11830000 22.6239
11840000 22.6233
11850000 22.6225
11860000 22.622
11870000 22.6214
11880000 22.6209
11890000 22.62
11900000 22.6193
11910000 22.6184
11920000 22.6179
11930000 22.6173
11940000 22.6166
11950000 22.6162
11960000 22.6155
11970000 22.6148
11980000 22.6142
11990000 22.6136
12000000 22.6127
12010000 22.6122
12020000 22.6114
12030000 22.6109
12040000 22.6102
12050000 22.6096
12060000 22.6089
12070000 22.6081
12080000 22.6076
12090000 22.6068
12100000 22.6064
12110000 22.6057
12120000 22.605
12130000 22.6046
12140000 22.604
12150000 22.6034
12160000 22.6025
12170000 22.6019
12180000 22.6013
12190000 22.6005
12200000 22.5997
12210000 22.599
12220000 22.5984
12230000 22.5977
12240000 22.5971
12250000 22.5964
12260000 22.5958
12270000 22.5951
12280000 22.5946
12290000 22.594
12300000 22.5933
12310000 22.5927
12320000 22.5919
12330000 22.5913
12340000 22.5907
12350000 22.5899
12360000 22.5892
12370000 22.5886
12380000 22.588
12390000 22.5875
12400000 22.5867
12410000 22.586
12420000 22.5855
12430000 22.5848
12440000 22.5842
12450000 22.5835
12460000 22.5828
12470000 22.5822
12480000 22.5816
12490000 22.5809
12500000 22.5804
12510000 22.5798
12520000 22.5791
12530000 22.5785
12540000 22.578
12550000 22.5773
12560000 22.5767
12570000 22.5761
12580000 22.5755
12590000 22.5748
12600000 22.5742
12610000 22.5734
12620000 22.5729
12630000 22.5723
12640000 22.5716
12650000 22.5711
12660000 22.5706
12670000 22.57
12680000 22.5693
12690000 22.5688
12700000 22.5683
12710000 22.5678
12720000 22.5671
12730000 22.5663
12740000 22.5658
12750000 22.5654
12760000 22.5646
12770000 22.564
12780000 22.5635
12790000 22.563
12800000 22.5624
12810000 22.5616
12820000 22.5612
12830000 22.5606
12840000 22.5598
12850000 22.5593
12860000 22.5585
12870000 22.5578
12880000 22.5572
12890000 22.5565
12900000 22.556
12910000 22.5551
12920000 22.5545
12930000 22.5538
12940000 22.5531
12950000 22.5524
12960000 22.552
12970000 22.5514
12980000 22.5507
12990000 22.55
13000000 22.5494
13010000 22.5488
13020000 22.5482
13030000 22.5476
13040000 22.5471
13050000 22.5465
13060000 22.5458
13070000 22.5452
13080000 22.5446
13090000 22.5439
13100000 22.5433
13110000 22.5428
13120000 22.5421
13130000 22.5415
13140000 22.5408
13150000 22.5403
13160000 22.5395
13170000 22.5391
13180000 22.5385
13190000 22.5378
13200000 22.5372
13210000 22.5366
13220000 22.5361
13230000 22.5354
13240000 22.5348
13250000 22.5341
13260000 22.5333
13270000 22.5327
13280000 22.5321
13290000 22.5315
13300000 22.5309
13310000 22.5303
13320000 22.5298
13330000 22.5292
13340000 22.5286
13350000 22.528
13360000 22.5273
13370000 22.5268
13380000 22.5262
13390000 22.5256
13400000 22.525
13410000 22.5244
13420000 22.524
13430000 22.5234
13440000 22.5226
13450000 22.522
13460000 22.5213
13470000 22.5208
13480000 22.5203
13490000 22.5195
13500000 22.5189
13510000 22.5184
13520000 22.5177
13530000 22.5171
13540000 22.5165
13550000 22.516
13560000 22.5152
13570000 22.5146
13580000 22.5139
13590000 22.5134
13600000 22.5127
13610000 22.5121
13620000 22.5116
13630000 22.5109
13640000 22.5105
13650000 22.5097
13660000 22.5091
13670000 22.5085
13680000 22.5077
13690000 22.5071
13700000 22.5064
13710000 22.5059
13720000 22.5054
13730000 22.505
13740000 22.5043
13750000 22.5035
13760000 22.503
13770000 22.5023
13780000 22.5016
13790000 22.5011
13800000 22.5006
13810000 22.4999
13820000 22.4993
13830000 22.4987
13840000 22.4981
13850000 22.4974
13860000 22.4968
13870000 22.496
13880000 22.4955
13890000 22.4948
13900000 22.4942
13910000 22.4935
13920000 22.4929
13930000 22.4921
13940000 22.4915
13950000 22.491
13960000 22.4905
13970000 22.49
13980000 22.4893
13990000 22.4887
14000000 22.4881
14010000 22.4875
14020000 22.4869
14030000 22.4864
14040000 22.4857
14050000 22.485
14060000 22.4844
14070000 22.4838
14080000 22.4832
14090000 22.4825
14100000 22.4819
14110000 22.4812
14120000 22.4807
14130000 22.4801
14140000 22.4797
14150000 22.4791
14160000 22.4783
14170000 22.4779
14180000 22.4774
14190000 22.4768
14200000 22.4764
14210000 22.4757
14220000 22.4751
14230000 22.4745
14240000 22.4738
14250000 22.4733
14260000 22.4727
14270000 22.472
14280000 22.4712
14290000 22.4707
14300000 22.4701
14310000 22.4695
14320000 22.469
14330000 22.4686
14340000 22.468
14350000 22.4673
14360000 22.4667
14370000 22.4662
14380000 22.4657
14390000 22.465
14400000 22.4645
14410000 22.4641
14420000 22.4633
14430000 22.4629
14440000 22.4624
14450000 22.4617
14460000 22.4611
14470000 22.4605
14480000 22.4596
14490000 22.4591
14500000 22.4586
14510000 22.4581
14520000 22.4575
14530000 22.4571
14540000 22.4566
14550000 22.4558
14560000 22.4551
14570000 22.4545
14580000 22.4538
14590000 22.4532
14600000 22.4526
14610000 22.4521
14620000 22.4516
14630000 22.4509
14640000 22.4504
14650000 22.4499
14660000 22.4493
14670000 22.4487
14680000 22.4482
14690000 22.4476
14700000 22.4471
14710000 22.4464
14720000 22.4457
14730000 22.4451
14740000 22.4445
14750000 22.4439
14760000 22.4432
14770000 22.4427
14780000 22.4422
14790000 22.4416
14800000 22.4409
14810000 22.4404
14820000 22.44
14830000 22.4393
14840000 22.4385
14850000 22.438
14860000 22.4374
14870000 22.4366
14880000 22.436
14890000 22.4355
14900000 22.435
14910000 22.4345
14920000 22.4337
14930000 22.4332
14940000 22.4327
14950000 22.432
14960000 22.4314
14970000 22.4309
14980000 22.4304
14990000 22.43
15000000 22.4294
15010000 22.4286
15020000 22.4279
15030000 22.4274
15040000 22.427
15050000 22.4265
15060000 22.4257
15070000 22.4252
15080000 22.4248
15090000 22.4241
15100000 22.4235
15110000 22.4228
15120000 22.4223
15130000 22.4218
15140000 22.4212
15150000 22.4205
15160000 22.42
15170000 22.4194
15180000 22.4189
15190000 22.4183
15200000 22.4177
15210000 22.4171
15220000 22.4166
15230000 22.4162
15240000 22.4156
15250000 22.4152
15260000 22.4147
15270000 22.4141
15280000 22.4135
15290000 22.413
15300000 22.4125
15310000 22.412
15320000 22.4113
15330000 22.4106
15340000 22.4098
15350000 22.4092
15360000 22.4086
15370000 22.4079
15380000 22.4074
15390000 22.4067
15400000 22.4061
15410000 22.4056
15420000 22.405
15430000 22.4045
15440000 22.404
15450000 22.4035
15460000 22.4029
15470000 22.4023
15480000 22.4016
15490000 22.401
15500000 22.4006
15510000 22.4001
15520000 22.3995
15530000 22.3989
15540000 22.3984
15550000 22.3979
15560000 22.3974
15570000 22.3968
15580000 22.3961
15590000 22.3958
15600000 22.3953
15610000 22.3946
15620000 22.394
15630000 22.3934
15640000 22.3927
15650000 22.3922
15660000 22.3916
15670000 22.3911
15680000 22.3907
15690000 22.3901
15700000 22.3896
15710000 22.3889
15720000 22.3884
15730000 22.3879
15740000 22.3873
15750000 22.3866
15760000 22.3858
15770000 22.3855
15780000 22.3848
15790000 22.3841
15800000 22.3835
15810000 22.383
15820000 22.3825
15830000 22.3819
15840000 22.3814
15850000 22.3808
15860000 22.3803
15870000 22.3796
15880000 22.3791
15890000 22.3787
15900000 22.3781
15910000 22.3775
15920000 22.377
15930000 22.3765
15940000 22.3759
15950000 22.3755
15960000 22.3747
15970000 22.3741
15980000 22.3735
15990000 22.3731
16000000 22.3725
16010000 22.3719
16020000 22.3714
16030000 22.3707
16040000 22.3701
16050000 22.3697
16060000 22.3692
16070000 22.3687
16080000 22.3681
16090000 22.3674
16100000 22.3669
16110000 22.3663
16120000 22.3658
16130000 22.3654
16140000 22.3648
16150000 22.3642
16160000 22.3637
16170000 22.3631
16180000 22.3626
16190000 22.3618
16200000 22.3614
16210000 22.3608
16220000 22.3604
16230000 22.3596
16240000 22.359
16250000 22.3585
16260000 22.3582
16270000 22.3575
16280000 22.3569
16290000 22.3564
16300000 22.3558
16310000 22.3554
16320000 22.355
16330000 22.3544
16340000 22.3539
16350000 22.3533
16360000 22.3527
16370000 22.3522
16380000 22.3515
16390000 22.351
16400000 22.3505
16410000 22.35
16420000 22.3492
16430000 22.3486
16440000 22.3481
16450000 22.3475
16460000 22.3468
16470000 22.3464
16480000 22.3458
16490000 22.3452
16500000 22.3447
16510000 22.3441
16520000 22.3435
16530000 22.3429
16540000 22.3423
16550000 22.3419
16560000 22.3415
16570000 22.3409
16580000 22.3405
16590000 22.3397
16600000 22.3391
16610000 22.3386
16620000 22.3381
16630000 22.3375
16640000 22.337
16650000 22.3365
16660000 22.3359
16670000 22.3355
16680000 22.3349
16690000 22.3344
16700000 22.3338
16710000 22.3333
16720000 22.3326
16730000 22.3321
16740000 22.3317
16750000 22.3311
16760000 22.3305
16770000 22.33
16780000 22.3292
16790000 22.3287
16800000 22.3284
16810000 22.3278
16820000 22.3272
16830000 22.3266
16840000 22.3261
16850000 22.3255
16860000 22.325
16870000 22.3244
16880000 22.3238
16890000 22.3232
16900000 22.3226
16910000 22.3221
16920000 22.3216
16930000 22.3211
16940000 22.3206
16950000 22.3202
16960000 22.3195
16970000 22.319
16980000 22.3185
16990000 22.3179
17000000 22.3172
17010000 22.3166
17020000 22.3162
17030000 22.3157
17040000 22.3153
17050000 22.3147
17060000 22.314
17070000 22.3136
17080000 22.3131
17090000 22.3123
17100000 22.3118
17110000 22.3112
17120000 22.3107
17130000 22.31
17140000 22.3096
17150000 22.3092
17160000 22.3085
17170000 22.3079
17180000 22.3074
17190000 22.3067
17200000 22.3062
17210000 22.3057
17220000 22.3053
17230000 22.3048
17240000 22.3041
17250000 22.3035
17260000 22.303
17270000 22.3025
17280000 22.3018
17290000 22.3013
17300000 22.3008
17310000 22.3003
17320000 22.2997
17330000 22.2993
17340000 22.2988
17350000 22.2983
17360000 22.2978
17370000 22.2971
17380000 22.2965
17390000 22.296
17400000 22.2954
17410000 22.2947
17420000 22.2942
17430000 22.2936
17440000 22.2931
17450000 22.2926
17460000 22.2921
17470000 22.2915
17480000 22.2909
17490000 22.2903
17500000 22.2898
17510000 22.2892
17520000 22.2888
17530000 22.2882
17540000 22.2877
17550000 22.2871
17560000 22.2865
17570000 22.2861
17580000 22.2855
17590000 22.2849
17600000 22.2844
17610000 22.2839
17620000 22.2833
17630000 22.2829
17640000 22.2824
17650000 22.2819
17660000 22.2814
17670000 22.2807
17680000 22.2802
17690000 22.2798
17700000 22.279
17710000 22.2785
17720000 22.2779
17730000 22.2774
17740000 22.2769
17750000 22.2764
17760000 22.276
17770000 22.2755
17780000 22.2748
17790000 22.2742
17800000 22.2734
17810000 22.273
17820000 22.2725
17830000 22.2721
17840000 22.2716
17850000 22.2711
17860000 22.2705
17870000 22.2699
17880000 22.2693
17890000 22.2687
17900000 22.268
17910000 22.2675
17920000 22.267
17930000 22.2666
17940000 22.2662
17950000 22.2655
17960000 22.2649
17970000 22.2644
17980000 22.264
17990000 22.2634
18000000 22.2629
18010000 22.2623
18020000 22.2617
18030000 22.2613
18040000 22.2607
18050000 22.2602
18060000 22.2597
18070000 22.2593
18080000 22.2588
18090000 22.2582
18100000 22.2576
18110000 22.257
18120000 22.2566
18130000 22.2558
18140000 22.2552
18150000 22.2546
18160000 22.2541
18170000 22.2536
18180000 22.2532
18190000 22.2524
18200000 22.2518
18210000 22.2513
18220000 22.2508
18230000 22.2504
18240000 22.2498
18250000 22.2494
18260000 22.2488
18270000 22.2482
18280000 22.2478
18290000 22.2474
18300000 22.2469
18310000 22.2464
18320000 22.2459
18330000 22.2454
18340000 22.2448
18350000 22.2443
18360000 22.244
18370000 22.2433
18380000 22.2427
18390000 22.2422
18400000 22.2416
18410000 22.2411
18420000 22.2406
18430000 22.24
18440000 22.2396
18450000 22.2391
18460000 22.2386
18470000 22.2382
18480000 22.2376
18490000 22.2369
18500000 22.2364
18510000 22.2359
18520000 22.2353
18530000 22.2349
18540000 22.2343
18550000 22.2338
18560000 22.2334
18570000 22.2328
18580000 22.2324
18590000 22.2318
18600000 22.2312
18610000 22.2308
18620000 22.2302
18630000 22.2295
18640000 22.2289
18650000 22.2286
18660000 22.228
18670000 22.2275
18680000 22.227
18690000 22.2265
18700000 22.2259
18710000 22.2253
18720000 22.2247
18730000 22.2244
18740000 22.2239
18750000 22.2233
18760000 22.2226
18770000 22.2218
18780000 22.2214
18790000 22.221
18800000 22.2205
18810000 22.22
18820000 22.2197
18830000 22.2189
18840000 22.2184
18850000 22.2178
18860000 22.2172
18870000 22.2168
18880000 22.2164
18890000 22.2158
18900000 22.2152
18910000 22.2148
18920000 22.2143
18930000 22.2138
18940000 22.2132
18950000 22.2126
18960000 22.2122
18970000 22.2117
18980000 22.2111
18990000 22.2106
19000000 22.2099
19010000 22.2096
19020000 22.2092
19030000 22.2086
19040000 22.208
19050000 22.2074
19060000 22.2071
19070000 22.2066
19080000 22.2062
19090000 22.2056
19100000 22.2051
19110000 22.2044
19120000 22.204
19130000 22.2036
19140000 22.2031
19150000 22.2024
19160000 22.2017
19170000 22.2011
19180000 22.2007
19190000 22.2001
19200000 22.1997
19210000 22.1992
19220000 22.1987
19230000 22.1982
19240000 22.1976
19250000 22.197
19260000 22.1964
19270000 22.196
19280000 22.1954
19290000 22.1949
19300000 22.1944
19310000 22.194
19320000 22.1935
19330000 22.193
19340000 22.1923
19350000 22.1919
19360000 22.1912
19370000 22.1907
19380000 22.1902
19390000 22.1897
19400000 22.1894
19410000 22.1889
19420000 22.1883
19430000 22.1877
19440000 22.1873
19450000 22.1867
19460000 22.1861
19470000 22.1856
19480000 22.1851
19490000 22.1847
19500000 22.1841
19510000 22.1836
19520000 22.1829
19530000 22.1824
19540000 22.1819
19550000 22.1812
19560000 22.1807
19570000 22.1802
19580000 22.1798
19590000 22.1793
19600000 22.1789
19610000 22.1783
19620000 22.1778
19630000 22.1772
19640000 22.1765
19650000 22.176
19660000 22.1754
19670000 22.1749
19680000 22.1744
19690000 22.174
19700000 22.1735
19710000 22.173
19720000 22.1726
19730000 22.172
19740000 22.1715
19750000 22.1709
19760000 22.1704
19770000 22.17
19780000 22.1694
19790000 22.169
19800000 22.1686
19810000 22.1679
19820000 22.1676
19830000 22.1672
19840000 22.1666
19850000 22.1662
19860000 22.1658
19870000 22.1652
19880000 22.1646
19890000 22.164
19900000 22.1635
19910000 22.1631
19920000 22.1626
19930000 22.1622
19940000 22.1616
19950000 22.1611
19960000 22.1606
19970000 22.16
19980000 22.1596
19990000 22.1591
20000000 22.1585
20010000 22.1579
20020000 22.1573
20030000 22.1568
20040000 22.1562
20050000 22.1558
20060000 22.1553
20070000 22.1548
20080000 22.1543
20090000 22.1538
20100000 22.1532
20110000 22.1529
20120000 22.1525
20130000 22.1517
20140000 22.1512
20150000 22.1507
20160000 22.1503
20170000 22.1497
20180000 22.1492
20190000 22.1488
20200000 22.1484
20210000 22.1478
20220000 22.1473
20230000 22.1468
20240000 22.1464
20250000 22.146
20260000 22.1454
20270000 22.1449
20280000 22.1444
20290000 22.1436
20300000 22.1433
20310000 22.1428
20320000 22.1422
20330000 22.1417
20340000 22.1411
20350000 22.1407
20360000 22.1402
20370000 22.1397
20380000 22.1393
20390000 22.1388
20400000 22.1383
20410000 22.1378
20420000 22.1374
20430000 22.1367
20440000 22.1362
20450000 22.1358
20460000 22.1352
20470000 22.1349
20480000 22.1344
20490000 22.134
20500000 22.1334
20510000 22.1328
20520000 22.1324
20530000 22.1319
20540000 22.1314
20550000 22.1309
20560000 22.1304
20570000 22.1298
20580000 22.1295
20590000 22.1289
20600000 22.1285
20610000 22.1279
20620000 22.1274
20630000 22.1269
20640000 22.1264
20650000 22.1259
20660000 22.1255
20670000 22.125
20680000 22.1245
20690000 22.1241
20700000 22.1237
20710000 22.1232
20720000 22.1227
20730000 22.1222
20740000 22.1218
20750000 22.1211
20760000 22.1205
20770000 22.1202
20780000 22.1197
20790000 22.1193
20800000 22.1188
20810000 22.1182
20820000 22.1176
20830000 22.1172
20840000 22.1167
20850000 22.116
20860000 22.1155
20870000 22.115
20880000 22.1145
20890000 22.114
20900000 22.1136
20910000 22.113
20920000 22.1123
20930000 22.1118
20940000 22.1113
20950000 22.1108
20960000 22.1104
20970000 22.11
20980000 22.1094
20990000 22.1089
21000000 22.1082
21010000 22.1077
21020000 22.1072
21030000 22.1067
21040000 22.1063
21050000 22.1058
21060000 22.1052
21070000 22.1048
21080000 22.1044
21090000 22.1037
21100000 22.1032
21110000 22.1027
21120000 22.1023
21130000 22.1018
21140000 22.1013
21150000 22.1007
21160000 22.1003
21170000 22.0998
21180000 22.0994
21190000 22.0988
21200000 22.0983
21210000 22.0978
21220000 22.0971
21230000 22.0966
21240000 22.0961
21250000 22.0956
21260000 22.0951
21270000 22.0946
21280000 22.0942
21290000 22.0935
21300000 22.0931
21310000 22.0927
21320000 22.092
21330000 22.0916
21340000 22.0911
21350000 22.0907
21360000 22.0902
21370000 22.0899
21380000 22.0895
21390000 22.089
21400000 22.0885
21410000 22.0881
21420000 22.0878
21430000 22.0873
21440000 22.0869
21450000 22.0862
21460000 22.0858
21470000 22.0853
21480000 22.0846
21490000 22.084
21500000 22.0835
21510000 22.0832
21520000 22.0827
21530000 22.0821
21540000 22.0815
21550000 22.0811
21560000 22.0806
21570000 22.0801
21580000 22.0797
21590000 22.0793
21600000 22.0788
21610000 22.0784
21620000 22.078
21630000 22.0776
21640000 22.0768
21650000 22.0764
21660000 22.0758
21670000 22.0754
21680000 22.0749
21690000 22.0745
21700000 22.0741
21710000 22.0735
21720000 22.073
21730000 22.0725
21740000 22.0719
21750000 22.0714
21760000 22.0709
21770000 22.0705
21780000 22.07
21790000 22.0697
21800000 22.0693
21810000 22.0686
21820000 22.0681
21830000 22.0675
21840000 22.067
21850000 22.0665
21860000 22.066
21870000 22.0656
21880000 22.0651
21890000 22.0645
21900000 22.064
21910000 22.0637
21920000 22.0634
21930000 22.0631
21940000 22.0624
21950000 22.0619
21960000 22.0611
21970000 22.0607
21980000 22.0601
21990000 22.0597
22000000 22.0594
22010000 22.0587
22020000 22.0582
22030000 22.0577
22040000 22.0573
22050000 22.0569
22060000 22.0565
22070000 22.0561
22080000 22.0556
22090000 22.055
22100000 22.0546
22110000 22.0541
22120000 22.0536
22130000 22.0532
22140000 22.0527
22150000 22.0523
22160000 22.0518
22170000 22.0515
22180000 22.051
22190000 22.0505
22200000 22.0502
22210000 22.0498
22220000 22.0491
22230000 22.0487
22240000 22.0481
22250000 22.0477
22260000 22.0473
22270000 22.0468
22280000 22.0465
22290000 22.0457
22300000 22.0453
22310000 22.0447
22320000 22.0443
22330000 22.0438
22340000 22.0434
22350000 22.0428
22360000 22.0423
22370000 22.0419
22380000 22.0414
22390000 22.0408
22400000 22.0404
22410000 22.0399
22420000 22.0394
22430000 22.0389
22440000 22.0386
22450000 22.038
22460000 22.0376
22470000 22.0371
22480000 22.0367
22490000 22.0363
22500000 22.0356
22510000 22.0353
22520000 22.0349
22530000 22.0344
22540000 22.034
22550000 22.0336
22560000 22.0331
22570000 22.0327
22580000 22.0321
22590000 22.0317
22600000 22.0312
22610000 22.0307
22620000 22.0302
22630000 22.0297
22640000 22.0293
22650000 22.029
22660000 22.0283
22670000 22.0279
22680000 22.0275
22690000 22.027
22700000 22.0263
22710000 22.0258
22720000 22.0253
22730000 22.0248
22740000 22.0243
22750000 22.0237
22760000 22.0233
22770000 22.0227
22780000 22.0222
22790000 22.0218
22800000 22.0214
22810000 22.0209
22820000 22.0203
22830000 22.0198
22840000 22.0194
22850000 22.0189
22860000 22.0183
22870000 22.018
22880000 22.0175
22890000 22.0171
22900000 22.0166
22910000 22.0161
22920000 22.0156
22930000 22.0152
22940000 22.0146
22950000 22.0142
22960000 22.0136
22970000 22.0131
22980000 22.0127
22990000 22.0122
23000000 22.0116
23010000 22.0109
23020000 22.0105
23030000 22.0101
23040000 22.0097
23050000 22.0092
23060000 22.0087
23070000 22.0082
23080000 22.0077
23090000 22.0073
23100000 22.0069
23110000 22.0065
23120000 22.006
23130000 22.0053
23140000 22.005
23150000 22.0045
23160000 22.0041
23170000 22.0037
23180000 22.0031
23190000 22.0026
23200000 22.0021
23210000 22.0017
23220000 22.0013
23230000 22.0008
23240000 22.0003
23250000 21.9997
23260000 21.9992
23270000 21.9988
23280000 21.9984
23290000 21.9979
23300000 21.9973
23310000 21.9969
23320000 21.9964
23330000 21.9959
23340000 21.9954
23350000 21.995
23360000 21.9945
23370000 21.994
23380000 21.9936
23390000 21.9931
23400000 21.9928
23410000 21.9923
23420000 21.992
23430000 21.9915
23440000 21.991
23450000 21.9906
23460000 21.99
23470000 21.9896
23480000 21.9892
23490000 21.9888
23500000 21.9884
23510000 21.988
23520000 21.9874
23530000 21.987
23540000 21.9862
23550000 21.9858
23560000 21.9853
23570000 21.9848
23580000 21.9843
23590000 21.9837
23600000 21.9832
23610000 21.9829
23620000 21.9825
23630000 21.9822
23640000 21.9817
23650000 21.9811
23660000 21.9808
23670000 21.9802
23680000 21.9797
23690000 21.9793
23700000 21.9788
23710000 21.9784
23720000 21.9779
23730000 21.9774
23740000 21.977
23750000 21.9763
23760000 21.9759
23770000 21.9755
23780000 21.975
23790000 21.9744
23800000 21.9741
23810000 21.9736
23820000 21.9731
23830000 21.9726
23840000 21.9722
23850000 21.9718
23860000 21.9714
23870000 21.971
23880000 21.9706
23890000 21.9699
23900000 21.9694
23910000 21.9691
23920000 21.9685
23930000 21.968
23940000 21.9675
23950000 21.9671
23960000 21.9666
23970000 21.9662
23980000 21.9658
23990000 21.9652
24000000 21.9648
24010000 21.9643
24020000 21.9637
24030000 21.9633
24040000 21.9629
24050000 21.9625
24060000 21.962
24070000 21.9615
24080000 21.9611
24090000 21.9606
24100000 21.9602
24110000 21.9597
24120000 21.9592
24130000 21.9586
24140000 21.9582
24150000 21.9578
24160000 21.9573
24170000 21.9568
24180000 21.9562
24190000 21.9557
24200000 21.9551
24210000 21.9546
24220000 21.9541
24230000 21.9537
24240000 21.9533
24250000 21.9528
24260000 21.9524
24270000 21.952
24280000 21.9515
24290000 21.951
24300000 21.9505
24310000 21.9502
24320000 21.9498
24330000 21.9492
24340000 21.9488
24350000 21.9484
24360000 21.9479
24370000 21.9474
24380000 21.9469
24390000 21.9465
24400000 21.946
24410000 21.9456
24420000 21.9451
24430000 21.9446
24440000 21.9441
24450000 21.9438
24460000 21.9433
24470000 21.9429
24480000 21.9425
24490000 21.9421
24500000 21.9414
24510000 21.9409
24520000 21.9406
24530000 21.9402
24540000 21.9397
24550000 21.9393
24560000 21.9387
24570000 21.9384
24580000 21.938
24590000 21.9375
24600000 21.9371
24610000 21.9365
24620000 21.9359
24630000 21.9356
24640000 21.9351
24650000 21.9345
24660000 21.9342
24670000 21.9337
24680000 21.9329
24690000 21.9324
24700000 21.932
24710000 21.9315
24720000 21.9311
24730000 21.9307
24740000 21.9302
24750000 21.9298
24760000 21.9292
24770000 21.9289
24780000 21.9283
24790000 21.928
24800000 21.9274
24810000 21.927
24820000 21.9266
24830000 21.9262
24840000 21.9258
24850000 21.9252
24860000 21.9247
24870000 21.9243
24880000 21.924
24890000 21.9234
24900000 21.9229
24910000 21.9225
24920000 21.9221
24930000 21.9215
24940000 21.9211
24950000 21.9206
24960000 21.9202
24970000 21.9198
24980000 21.9192
24990000 21.9188
25000000 21.9182
25010000 21.9179
25020000 21.9175
25030000 21.9171
25040000 21.9165
25050000 21.916
25060000 21.9154
25070000 21.9149
25080000 21.9146
25090000 21.9142
25100000 21.9138
25110000 21.9132
25120000 21.9127
25130000 21.9123
25140000 21.9118
25150000 21.9114
25160000 21.9109
25170000 21.9103
25180000 21.9099
25190000 21.9094
25200000 21.9091
25210000 21.9084
25220000 21.908
25230000 21.9077
25240000 21.9072
25250000 21.9067
25260000 21.9062
25270000 21.906
25280000 21.9055
25290000 21.9048
25300000 21.9045
25310000 21.904
25320000 21.9035
25330000 21.9031
25340000 21.9026
25350000 21.9021
25360000 21.9016
25370000 21.9011
25380000 21.9008
25390000 21.9004
25400000 21.8999
25410000 21.8995
25420000 21.8991
25430000 21.8986
25440000 21.8982
25450000 21.8975
25460000 21.8971
25470000 21.8966
25480000 21.8962
25490000 21.8958
25500000 21.8953
25510000 21.8948
25520000 21.8944
25530000 21.894
25540000 21.8934
25550000 21.893
25560000 21.8926
25570000 21.8922
25580000 21.8917
25590000 21.8913
25600000 21.8909
25610000 21.8905
25620000 21.8901
25630000 21.8896
25640000 21.8893
25650000 21.8888
25660000 21.8884
25670000 21.888
25680000 21.8875
25690000 21.887
25700000 21.8866
25710000 21.8862
25720000 21.8856
25730000 21.8854
25740000 21.8849
25750000 21.8845
25760000 21.8841
25770000 21.8837
25780000 21.8831
25790000 21.8825
25800000 21.8821
25810000 21.8818
25820000 21.8812
25830000 21.8808
25840000 21.8802
25850000 21.8799
25860000 21.8793
25870000 21.8788
25880000 21.8784
25890000 21.878
25900000 21.8776
25910000 21.8771
25920000 21.8765
25930000 21.8761
25940000 21.8757
25950000 21.8752
25960000 21.8746
25970000 21.8743
25980000 21.8738
25990000 21.8735
26000000 21.8729
26010000 21.8723
26020000 21.8717
26030000 21.8713
26040000 21.8709
26050000 21.8705
26060000 21.8699
26070000 21.8697
26080000 21.8693
26090000 21.8687
26100000 21.8684
26110000 21.868
26120000 21.8675
26130000 21.8669
26140000 21.8665
26150000 21.8661
26160000 21.8656
26170000 21.8653
26180000 21.8649
26190000 21.8644
26200000 21.864
26210000 21.8634
26220000 21.8628
26230000 21.8623
26240000 21.8618
26250000 21.8614
26260000 21.8609
26270000 21.8604
26280000 21.8601
26290000 21.8596
26300000 21.8591
26310000 21.8587
26320000 21.8583
26330000 21.8579
26340000 21.8576
26350000 21.8571
26360000 21.8565
26370000 21.8561
26380000 21.8556
26390000 21.8552
26400000 21.8549
26410000 21.8545
26420000 21.8539
26430000 21.8535
26440000 21.853
26450000 21.8526
26460000 21.8523
26470000 21.8518
26480000 21.8514
26490000 21.8508
26500000 21.8503
26510000 21.8498
26520000 21.8494
26530000 21.8491
26540000 21.8486
26550000 21.8481
26560000 21.8479
26570000 21.8474
26580000 21.847
26590000 21.8465
26600000 21.8462
26610000 21.8456
26620000 21.8452
26630000 21.8447
26640000 21.8443
26650000 21.8441
26660000 21.8435
26670000 21.8429
26680000 21.8426
26690000 21.8422
26700000 21.8417
26710000 21.8413
26720000 21.8407
26730000 21.8403
26740000 21.8399
26750000 21.8395
26760000 21.839
26770000 21.8385
26780000 21.8381
26790000 21.8378
26800000 21.8373
26810000 21.8367
26820000 21.8364
26830000 21.8358
26840000 21.8352
26850000 21.8349
26860000 21.8344
26870000 21.834
26880000 21.8337
26890000 21.8333
26900000 21.8329
26910000 21.8324
26920000 21.832
26930000 21.8316
26940000 21.8312
26950000 21.8308
26960000 21.8304
26970000 21.83
26980000 21.8296
26990000 21.8292
27000000 21.8287
27010000 21.8284
27020000 21.8278
27030000 21.8274
27040000 21.8269
27050000 21.8265
27060000 21.8259
27070000 21.8254
27080000 21.825
27090000 21.8247
27100000 21.8242
27110000 21.8238
27120000 21.8233
27130000 21.8228
27140000 21.8225
27150000 21.822
27160000 21.8217
27170000 21.8213
27180000 21.8208
27190000 21.8201
27200000 21.8197
27210000 21.819
27220000 21.8186
27230000 21.8181
27240000 21.8177
27250000 21.8174
27260000 21.8169
27270000 21.8164
27280000 21.816
27290000 21.8156
27300000 21.8153
27310000 21.8147
27320000 21.8141
27330000 21.8137
27340000 21.8132
27350000 21.8126
27360000 21.8123
27370000 21.8118
27380000 21.8114
27390000 21.8111
27400000 21.8106
27410000 21.81
27420000 21.8095
27430000 21.8092
27440000 21.8087
27450000 21.8081
27460000 21.8077
27470000 21.8073
27480000 21.807
27490000 21.8064
27500000 21.8061
27510000 21.8055
27520000 21.805
27530000 21.8045
27540000 21.8042
27550000 21.8038
27560000 21.8034
27570000 21.8028
27580000 21.8024
27590000 21.802
27600000 21.8017
27610000 21.8015
27620000 21.8009
27630000 21.8005
27640000 21.7999
27650000 21.7996
27660000 21.7992
27670000 21.7988
27680000 21.7983
27690000 21.7978
27700000 21.7973
27710000 21.7969
27720000 21.7965
27730000 21.7961
27740000 21.7957
27750000 21.7951
27760000 21.7947
27770000 21.7943
27780000 21.7939
27790000 21.7935
27800000 21.7931
27810000 21.7926
27820000 21.7921
27830000 21.7916
27840000 21.7912
27850000 21.7908
27860000 21.7903
27870000 21.7899
27880000 21.7893
27890000 21.789
27900000 21.7888
27910000 21.7882
27920000 21.7877
27930000 21.7872
27940000 21.7868
27950000 21.7864
27960000 21.7859
27970000 21.7855
27980000 21.7851
27990000 21.7847
28000000 21.7843
28010000 21.7838
28020000 21.7833
28030000 21.783
28040000 21.7825
28050000 21.7821
28060000 21.7816
28070000 21.7812
28080000 21.7808
28090000 21.7802
28100000 21.7798
28110000 21.7795
28120000 21.7792
28130000 21.7789
28140000 21.7785
28150000 21.778
28160000 21.7775
28170000 21.7771
28180000 21.7768
28190000 21.7762
28200000 21.7758
28210000 21.7754
28220000 21.7748
28230000 21.7744
28240000 21.7741
28250000 21.7735
28260000 21.7731
28270000 21.7728
28280000 21.7723
28290000 21.7719
28300000 21.7715
28310000 21.7711
28320000 21.7708
28330000 21.7701
28340000 21.7697
28350000 21.7694
28360000 21.7691
28370000 21.7686
28380000 21.7682
28390000 21.7675
28400000 21.7671
28410000 21.7666
28420000 21.7665
28430000 21.766
28440000 21.7655
28450000 21.7652
28460000 21.7648
28470000 21.7642
28480000 21.7638
28490000 21.7633
28500000 21.7629
28510000 21.7625
28520000 21.7621
28530000 21.7615
28540000 21.7612
28550000 21.7608
28560000 21.7603
28570000 21.76
28580000 21.7596
28590000 21.7592
28600000 21.7587
28610000 21.7584
28620000 21.758
28630000 21.7575
28640000 21.7569
28650000 21.7565
28660000 21.7561
28670000 21.7557
28680000 21.7552
28690000 21.7547
28700000 21.7544
28710000 21.754
28720000 21.7536
28730000 21.7531
28740000 21.7527
28750000 21.7522
28760000 21.7517
28770000 21.7513
28780000 21.7507
28790000 21.7503
28800000 21.7499
28810000 21.7494
28820000 21.7491
28830000 21.7487
28840000 21.7482
28850000 21.7478
28860000 21.7475
28870000 21.747
28880000 21.7466
28890000 21.7463
28900000 21.7457
28910000 21.7454
28920000 21.7448
28930000 21.7446
28940000 21.7441
28950000 21.7436
28960000 21.7432
28970000 21.7429
28980000 21.7424
28990000 21.742
29000000 21.7416
29010000 21.7411
29020000 21.7405
29030000 21.7401
29040000 21.7397
29050000 21.7394
29060000 21.739
29070000 21.7386
29080000 21.7383
29090000 21.7379
29100000 21.7374
29110000 21.737
29120000 21.7367
29130000 21.7361
29140000 21.7357
29150000 21.7353
29160000 21.735
29170000 21.7346
29180000 21.7341
29190000 21.7336
29200000 21.7331
29210000 21.7327
29220000 21.7322
29230000 21.7319
29240000 21.7315
29250000 21.731
29260000 21.7305
29270000 21.7302
29280000 21.7297
29290000 21.7294
29300000 21.7291
29310000 21.7286
29320000 21.7282
29330000 21.7278
29340000 21.7275
29350000 21.7272
29360000 21.7265
29370000 21.7261
29380000 21.7258
29390000 21.7255
29400000 21.7251
29410000 21.7246
29420000 21.724
29430000 21.7237
29440000 21.7234
29450000 21.723
29460000 21.7225
29470000 21.7221
29480000 21.7218
29490000 21.7212
29500000 21.7207
29510000 21.7203
29520000 21.72
29530000 21.7195
29540000 21.7192
29550000 21.7189
29560000 21.7184
29570000 21.718
29580000 21.7174
29590000 21.717
29600000 21.7166
29610000 21.7161
29620000 21.7157
29630000 21.7154
29640000 21.7151
29650000 21.7147
29660000 21.7142
29670000 21.7138
29680000 21.7134
29690000 21.7128
29700000 21.7124
29710000 21.712
29720000 21.7116
29730000 21.7112
29740000 21.7107
29750000 21.7103
29760000 21.7099
29770000 21.7094
29780000 21.709
29790000 21.7087
29800000 21.7082
29810000 21.7077
29820000 21.7073
29830000 21.7068
29840000 21.7063
29850000 21.7059
29860000 21.7055
29870000 21.7051
29880000 21.7046
29890000 21.7043
29900000 21.7039
29910000 21.7034
29920000 21.703
29930000 21.7027
29940000 21.7024
29950000 21.7018
29960000 21.7013
29970000 21.7009
29980000 21.7005
29990000 21.7
30000000 21.6995
