10000 29.942
20000 27.8155
30000 26.812
40000 26.2709
50000 25.9435
60000 25.7309
70000 25.621
80000 25.5441
90000 25.4874
100000 25.4487
110000 25.4183
120000 25.3868
130000 25.3645
140000 25.3457
150000 25.3303
160000 25.3152
170000 25.3016
180000 25.2891
190000 25.2773
200000 25.2668
210000 25.2568
220000 25.2471
230000 25.2373
240000 25.2278
250000 25.2192
260000 25.211
270000 25.2027
280000 25.1949
290000 25.1872
300000 25.1803
310000 25.1732
320000 25.1672
330000 25.1612
340000 25.1546
350000 25.1483
360000 25.1427
370000 25.1368
380000 25.1307
390000 25.1246
400000 25.1192
410000 25.1138
420000 25.1085
430000 25.1035
440000 25.0983
450000 25.0934
460000 25.0885
470000 25.0837
480000 25.079
490000 25.0747
500000 25.0701
510000 25.0659
520000 25.0616
530000 25.0572
540000 25.053
550000 25.0491
560000 25.0451
570000 25.0411
580000 25.0375
590000 25.0336
600000 25.03
610000 25.0261
620000 25.0225
630000 25.0185
640000 25.0146
650000 25.0106
660000 25.0073
670000 25.0038
680000 25.0001
690000 24.9967
700000 24.9936
710000 24.9903
720000 24.9869
730000 24.9836
740000 24.9801
750000 24.9767
760000 24.9739
770000 24.9709
780000 24.968
790000 24.9645
800000 24.9613
810000 24.9581
820000 24.9551
830000 24.9525
840000 24.9496
850000 24.9469
860000 24.944
870000 24.9414
880000 24.9385
890000 24.9356
900000 24.9328
910000 24.9299
920000 24.9273
930000 24.9245
940000 24.9218
950000 24.9193
960000 24.9168
970000 24.9141
980000 24.9115
990000 24.9089
1000000 24.9065
1010000 24.9041
1020000 24.9018
1030000 24.8993
1040000 24.8968
1050000 24.8943
1060000 24.8918
1070000 24.8896
1080000 24.8873
1090000 24.8853
1100000 24.8827
1110000 24.8806
1120000 24.8785
1130000 24.8761
1140000 24.8739
1150000 24.8716
1160000 24.8695
1170000 24.8672
1180000 24.8649
1190000 24.8625
1200000 24.86
1210000 24.8581
1220000 24.8559
1230000 24.8538
1240000 24.8516
1250000 24.8495
1260000 24.8472
1270000 24.845
1280000 24.8427
1290000 24.8406
1300000 24.8385
1310000 24.8365
1320000 24.834
1330000 24.8319
1340000 24.8299
1350000 24.8277
1360000 24.8258
1370000 24.8236
1380000 24.8218
1390000 24.8196
1400000 24.8177
1410000 24.8157
1420000 24.8137
1430000 24.812
1440000 24.8101
1450000 24.8079
1460000 24.8059
1470000 24.8041
1480000 24.8022
1490000 24.8005
1500000 24.7989
1510000 24.7971
1520000 24.7951
1530000 24.7932
1540000 24.7911
1550000 24.7891
1560000 24.7874
1570000 24.7855
1580000 24.7835
1590000 24.7817
1600000 24.7799
1610000 24.7778
1620000 24.7759
1630000 24.7741
1640000 24.7721
1650000 24.7701
1660000 24.7683
1670000 24.7665
1680000 24.7647
1690000 24.7629
1700000 24.761
1710000 24.7589
1720000 24.7572
1730000 24.7552
1740000 24.7533
1750000 24.7513
1760000 24.7498
1770000 24.748
1780000 24.7461
1790000 24.7442
1800000 24.7425
1810000 24.7408
1820000 24.7393
1830000 24.7374
1840000 24.7356
1850000 24.734
1860000 24.7324
1870000 24.7306
1880000 24.7285
1890000 24.7267
1900000 24.7251
1910000 24.7234
1920000 24.722
1930000 24.7205
1940000 24.7188
1950000 24.7175
1960000 24.7159
1970000 24.7145
1980000 24.7126
1990000 24.7111
2000000 24.7093
2010000 24.7076
2020000 24.706
2030000 24.7047
2040000 24.7032
2050000 24.7014
2060000 24.6997
2070000 24.6981
2080000 24.6964
2090000 24.695
2100000 24.6933
2110000 24.6918
2120000 24.6903
2130000 24.6887
2140000 24.6871
2150000 24.6854
2160000 24.6837
2170000 24.6822
2180000 24.6807
2190000 24.6792
2200000 24.6778
2210000 24.6764
2220000 24.675
2230000 24.6733
2240000 24.6717
2250000 24.6702
2260000 24.6687
2270000 24.6672
2280000 24.6657
2290000 24.6644
2300000 24.6628
2310000 24.6612
2320000 24.6596
2330000 24.6581
2340000 24.6566
2350000 24.655
2360000 24.6536
2370000 24.6522
2380000 24.6508
2390000 24.6493
2400000 24.6477
2410000 24.6464
2420000 24.645
2430000 24.6434
2440000 24.6421
2450000 24.6406
2460000 24.6393
2470000 24.638
2480000 24.6363
2490000 24.635
2500000 24.6335
2510000 24.6319
2520000 24.6305
2530000 24.6292
2540000 24.628
2550000 24.6266
2560000 24.6252
2570000 24.6237
2580000 24.6222
2590000 24.6209
2600000 24.6195
2610000 24.618
2620000 24.6166
2630000 24.6149
2640000 24.6135
2650000 24.6125
2660000 24.611
2670000 24.61
2680000 24.6086
2690000 24.6069
2700000 24.6053
2710000 24.6039
2720000 24.6026
2730000 24.6013
2740000 24.5996
2750000 24.5985
2760000 24.5971
2770000 24.5958
2780000 24.5946
2790000 24.5932
2800000 24.592
2810000 24.5906
2820000 24.5894
2830000 24.5882
2840000 24.5869
2850000 24.5853
2860000 24.5841
2870000 24.5827
2880000 24.5815
2890000 24.5802
2900000 24.5788
2910000 24.5776
2920000 24.5765
2930000 24.5752
2940000 24.574
2950000 24.5727
2960000 24.5715
2970000 24.57
2980000 24.5685
2990000 24.5672
3000000 24.5659
3010000 24.5644
3020000 24.563
3030000 24.5619
3040000 24.5606
3050000 24.559
3060000 24.5578
3070000 24.5565
3080000 24.5551
3090000 24.5538
3100000 24.5525
3110000 24.5512
3120000 24.55
3130000 24.5487
3140000 24.5473
3150000 24.5461
3160000 24.5451
3170000 24.544
3180000 24.5427
3190000 24.5413
3200000 24.54
3210000 24.5387
3220000 24.5375
3230000 24.536
3240000 24.5347
3250000 24.5336
3260000 24.5324
3270000 24.5313
3280000 24.5302
3290000 24.5289
3300000 24.5276
3310000 24.5263
3320000 24.5251
3330000 24.524
3340000 24.5229
3350000 24.5215
3360000 24.5203
3370000 24.5192
3380000 24.5179
3390000 24.5167
3400000 24.5154
3410000 24.5142
3420000 24.5131
3430000 24.512
3440000 24.5107
3450000 24.5094
3460000 24.5082
3470000 24.507
3480000 24.5059
3490000 24.5046
3500000 24.5034
3510000 24.5023
3520000 24.501
3530000 24.4998
3540000 24.4983
3550000 24.4971
3560000 24.4959
3570000 24.4948
3580000 24.4937
3590000 24.4926
3600000 24.4916
3610000 24.4904
3620000 24.4889
3630000 24.4877
3640000 24.4866
3650000 24.4852
3660000 24.4841
3670000 24.4831
3680000 24.4817
3690000 24.4806
3700000 24.4793
3710000 24.4781
3720000 24.4769
3730000 24.4757
3740000 24.4746
3750000 24.4736
3760000 24.4723
3770000 24.4712
3780000 24.4698
3790000 24.4687
3800000 24.4676
3810000 24.4666
3820000 24.4655
3830000 24.4645
3840000 24.4634
3850000 24.4622
3860000 24.4611
3870000 24.46
3880000 24.459
3890000 24.458
3900000 24.4569
3910000 24.456
3920000 24.4548
3930000 24.4537
3940000 24.4523
3950000 24.4511
3960000 24.45
3970000 24.4488
3980000 24.4476
3990000 24.4464
4000000 24.4456
4010000 24.4441
4020000 24.443
4030000 24.4418
4040000 24.4409
4050000 24.4398
4060000 24.4387
4070000 24.4372
4080000 24.4361
4090000 24.4351
4100000 24.4337
4110000 24.4327
4120000 24.4317
4130000 24.4305
4140000 24.4294
4150000 24.4282
4160000 24.4273
4170000 24.4261
4180000 24.4252
4190000 24.4241
4200000 24.423
4210000 24.4217
4220000 24.4207
4230000 24.4198
4240000 24.4186
4250000 24.4176
4260000 24.4165
4270000 24.4156
4280000 24.4142
4290000 24.4132
4300000 24.4122
4310000 24.4111
4320000 24.41
4330000 24.4087
4340000 24.4077
4350000 24.4068
4360000 24.4054
4370000 24.4044
4380000 24.4032
4390000 24.4022
4400000 24.4012
4410000 24.4
4420000 24.399
4430000 24.398
4440000 24.3969
4450000 24.3957
4460000 24.3945
4470000 24.3936
4480000 24.3923
4490000 24.3913
4500000 24.3903
4510000 24.3892
4520000 24.3881
4530000 24.3871
4540000 24.3861
4550000 24.3851
4560000 24.3839
4570000 24.3828
4580000 24.3818
4590000 24.3807
4600000 24.3795
4610000 24.3785
4620000 24.3777
4630000 24.3764
4640000 24.3752
4650000 24.3743
4660000 24.3733
4670000 24.3722
4680000 24.3713
4690000 24.3702
4700000 24.3691
4710000 24.3681
4720000 24.3668
4730000 24.3659
4740000 24.3648
4750000 24.3641
4760000 24.363
4770000 24.3619
4780000 24.3607
4790000 24.3598
4800000 24.3587
4810000 24.3577
4820000 24.3565
4830000 24.3555
4840000 24.3545
4850000 24.3535
4860000 24.3524
4870000 24.3514
4880000 24.3505
4890000 24.3495
4900000 24.3485
4910000 24.3474
4920000 24.3462
4930000 24.3452
4940000 24.3442
4950000 24.3432
4960000 24.342
4970000 24.3411
4980000 24.3401
4990000 24.339
5000000 24.3381
5010000 24.3372
5020000 24.336
5030000 24.335
5040000 24.3341
5050000 24.3332
5060000 24.3322
5070000 24.3313
5080000 24.3302
5090000 24.3294
5100000 24.3284
5110000 24.3272
5120000 24.3262
5130000 24.3252
5140000 24.3241
5150000 24.3232
5160000 24.3222
5170000 24.3211
5180000 24.3202
5190000 24.3192
5200000 24.3183
5210000 24.3175
5220000 24.3164
5230000 24.3155
5240000 24.3145
5250000 24.3135
5260000 24.3124
5270000 24.3113
5280000 24.3106
5290000 24.3094
5300000 24.3084
5310000 24.3077
5320000 24.3066
5330000 24.3057
5340000 24.3047
5350000 24.3037
5360000 24.3027
5370000 24.3019
5380000 24.301
5390000 24.3002
5400000 24.2991
5410000 24.2981
5420000 24.2973
5430000 24.2966
5440000 24.2956
5450000 24.2945
5460000 24.2937
5470000 24.2926
5480000 24.2917
5490000 24.2907
5500000 24.2896
5510000 24.2888
5520000 24.2879
5530000 24.2871
5540000 24.2861
5550000 24.285
5560000 24.2841
5570000 24.2831
5580000 24.2822
5590000 24.2812
5600000 24.2804
5610000 24.2795
5620000 24.2784
5630000 24.2773
5640000 24.2763
5650000 24.2753
5660000 24.2741
5670000 24.2732
5680000 24.2724
5690000 24.2713
5700000 24.2704
5710000 24.2695
5720000 24.2686
5730000 24.2676
5740000 24.2666
5750000 24.2658
5760000 24.2648
5770000 24.2638
5780000 24.263
5790000 24.2621
5800000 24.261
5810000 24.2599
5820000 24.2591
5830000 24.2579
5840000 24.2569
5850000 24.256
5860000 24.2552
5870000 24.2542
5880000 24.2535
5890000 24.2525
5900000 24.2516
5910000 24.2507
5920000 24.2498
5930000 24.249
5940000 24.248
5950000 24.2472
5960000 24.2463
5970000 24.2452
5980000 24.2442
5990000 24.2433
6000000 24.2423
6010000 24.2415
6020000 24.2407
6030000 24.2397
6040000 24.239
6050000 24.2382
6060000 24.2369
6070000 24.236
6080000 24.2353
6090000 24.2343
6100000 24.2333
6110000 24.2323
6120000 24.2313
6130000 24.2304
6140000 24.2295
6150000 24.2286
6160000 24.2277
6170000 24.2266
6180000 24.2257
6190000 24.2248
6200000 24.2241
6210000 24.2231
6220000 24.2221
6230000 24.2213
6240000 24.2204
6250000 24.2194
6260000 24.2184
6270000 24.2174
6280000 24.2167
6290000 24.2157
6300000 24.2148
6310000 24.2139
6320000 24.213
6330000 24.2121
6340000 24.2113
6350000 24.2103
6360000 24.2094
6370000 24.2084
6380000 24.2076
6390000 24.2067
6400000 24.2057
6410000 24.2047
6420000 24.2038
6430000 24.2029
6440000 24.2021
6450000 24.2011
6460000 24.2004
6470000 24.1997
6480000 24.1985
6490000 24.1976
6500000 24.1967
6510000 24.1954
6520000 24.1947
6530000 24.1939
6540000 24.1928
6550000 24.192
6560000 24.1911
6570000 24.1901
6580000 24.1891
6590000 24.1882
6600000 24.1872
6610000 24.1864
6620000 24.1858
6630000 24.1846
6640000 24.1837
6650000 24.1826
6660000 24.1817
6670000 24.1809
6680000 24.1802
6690000 24.1794
6700000 24.1786
6710000 24.1778
6720000 24.1769
6730000 24.1761
6740000 24.1752
6750000 24.1744
6760000 24.1735
6770000 24.1728
6780000 24.1718
6790000 24.1707
6800000 24.1699
6810000 24.169
6820000 24.1681
6830000 24.1672
6840000 24.1663
6850000 24.1654
6860000 24.1645
6870000 24.1636
6880000 24.1629
6890000 24.1621
6900000 24.1613
6910000 24.1602
6920000 24.1594
6930000 24.1587
6940000 24.1578
6950000 24.1568
6960000 24.156
6970000 24.1551
6980000 24.1542
6990000 24.1533
7000000 24.1524
7010000 24.1517
7020000 24.1509
7030000 24.15
7040000 24.1491
7050000 24.1483
7060000 24.1475
7070000 24.1466
7080000 24.1457
7090000 24.1449
7100000 24.1439
7110000 24.1432
7120000 24.1423
7130000 24.1416
7140000 24.1406
7150000 24.1397
7160000 24.139
7170000 24.1383
7180000 24.1375
7190000 24.1364
7200000 24.1356
7210000 24.1348
7220000 24.1339
7230000 24.1329
7240000 24.132
7250000 24.1312
7260000 24.1303
7270000 24.1294
7280000 24.1289
7290000 24.1281
7300000 24.1272
7310000 24.1263
7320000 24.1255
7330000 24.1247
7340000 24.1239
7350000 24.1231
7360000 24.1223
7370000 24.1216
7380000 24.1208
7390000 24.12
7400000 24.119
7410000 24.118
7420000 24.1171
7430000 24.1162
7440000 24.1153
7450000 24.1145
7460000 24.1137
7470000 24.1131
7480000 24.1123
7490000 24.1115
7500000 24.1106
7510000 24.1097
7520000 24.109
7530000 24.1081
7540000 24.1069
7550000 24.106
7560000 24.1053
7570000 24.1045
7580000 24.1036
7590000 24.1027
7600000 24.1018
7610000 24.101
7620000 24.1
7630000 24.0992
7640000 24.0984
7650000 24.0974
7660000 24.0965
7670000 24.0957
7680000 24.0949
7690000 24.094
7700000 24.0931
7710000 24.0924
7720000 24.0916
7730000 24.0908
7740000 24.0901
7750000 24.0892
7760000 24.0885
7770000 24.0876
7780000 24.0868
7790000 24.086
7800000 24.0852
7810000 24.0844
7820000 24.0834
7830000 24.0826
7840000 24.0819
7850000 24.0811
7860000 24.0804
7870000 24.0794
7880000 24.0787
7890000 24.0779
7900000 24.0771
7910000 24.0764
7920000 24.0757
7930000 24.075
7940000 24.0744
7950000 24.0736
7960000 24.0728
7970000 24.0722
7980000 24.0711
7990000 24.0704
8000000 24.0695
8010000 24.0688
8020000 24.0679
8030000 24.0672
8040000 24.0665
8050000 24.0656
8060000 24.0649
8070000 24.064
8080000 24.0634
8090000 24.0625
8100000 24.0618
8110000 24.0611
8120000 24.0602
8130000 24.0593
8140000 24.0584
8150000 24.0577
8160000 24.0568
8170000 24.0561
8180000 24.0554
8190000 24.0547
8200000 24.054
8210000 24.0534
8220000 24.0523
8230000 24.0516
8240000 24.0507
8250000 24.0498
8260000 24.049
8270000 24.0483
8280000 24.0475
8290000 24.0467
8300000 24.0457
8310000 24.0449
8320000 24.044
8330000 24.0431
8340000 24.0422
8350000 24.0412
8360000 24.0404
8370000 24.0395
8380000 24.0389
8390000 24.0379
8400000 24.037
8410000 24.036
8420000 24.0353
8430000 24.0346
8440000 24.034
8450000 24.0331
8460000 24.0324
8470000 24.0316
8480000 24.0308
8490000 24.03
8500000 24.0292
8510000 24.0284
8520000 24.0277
8530000 24.0269
8540000 24.0261
8550000 24.0254
8560000 24.0245
8570000 24.0239
8580000 24.023
8590000 24.0222
8600000 24.0214
8610000 24.0205
8620000 24.0197
8630000 24.019
8640000 24.0184
8650000 24.0177
8660000 24.017
8670000 24.0164
8680000 24.0158
8690000 24.0151
8700000 24.0143
8710000 24.0135
8720000 24.0124
8730000 24.0117
8740000 24.0109
8750000 24.01
8760000 24.0092
8770000 24.0084
8780000 24.0078
8790000 24.007
8800000 24.006
8810000 24.0054
8820000 24.0047
8830000 24.004
8840000 24.0034
8850000 24.0027
8860000 24.002
8870000 24.0012
8880000 24.0004
8890000 23.9996
8900000 23.9988
8910000 23.9982
8920000 23.9976
8930000 23.9966
8940000 23.9958
8950000 23.9952
8960000 23.9944
8970000 23.9936
8980000 23.993
8990000 23.9921
9000000 23.9913
9010000 23.9907
9020000 23.99
9030000 23.9892
9040000 23.9885
9050000 23.9877
9060000 23.9868
9070000 23.9859
9080000 23.9852
9090000 23.9843
9100000 23.9835
9110000 23.9829
9120000 23.9821
9130000 23.9811
9140000 23.9804
9150000 23.9797
9160000 23.9789
9170000 23.978
9180000 23.9773
9190000 23.9764
9200000 23.9755
9210000 23.9747
9220000 23.9741
9230000 23.9734
9240000 23.9727
9250000 23.9719
9260000 23.9709
9270000 23.9699
9280000 23.9691
9290000 23.9685
9300000 23.9678
9310000 23.9669
9320000 23.9662
9330000 23.9654
9340000 23.9646
9350000 23.9639
9360000 23.9632
9370000 23.9623
9380000 23.9615
9390000 23.9609
9400000 23.96
9410000 23.9592
9420000 23.9583
9430000 23.9576
9440000 23.9567
9450000 23.9561
9460000 23.9553
9470000 23.9546
9480000 23.9538
9490000 23.9533
9500000 23.9526
9510000 23.952
9520000 23.9512
9530000 23.9503
9540000 23.9495
9550000 23.9486
9560000 23.9479
9570000 23.9471
9580000 23.9465
9590000 23.9459
9600000 23.945
9610000 23.9443
9620000 23.9435
9630000 23.9427
9640000 23.9421
9650000 23.9412
9660000 23.9405
9670000 23.9397
9680000 23.9389
9690000 23.9382
9700000 23.9376
9710000 23.9368
9720000 23.9362
9730000 23.9355
9740000 23.9346
9750000 23.9339
9760000 23.9332
9770000 23.9324
9780000 23.9317
9790000 23.9309
9800000 23.9302
9810000 23.9296
9820000 23.9287
9830000 23.9281
9840000 23.9274
9850000 23.9266
9860000 23.9259
9870000 23.9253
9880000 23.9248
9890000 23.9241
9900000 23.9232
9910000 23.9223
9920000 23.9216
9930000 23.9208
9940000 23.9202
9950000 23.9195
9960000 23.9188
9970000 23.9182
9980000 23.9173
9990000 23.9164
10000000 23.9158
10010000 23.9151
10020000 23.9143
10030000 23.9136
10040000 23.9128
10050000 23.9121
10060000 23.9115
10070000 23.9106
10080000 23.9097
10090000 23.909
10100000 23.9084
10110000 23.9074
10120000 23.9068
10130000 23.9062
10140000 23.9055
10150000 23.9047
10160000 23.9038
10170000 23.9031
10180000 23.9025
10190000 23.9016
10200000 23.9009
10210000 23.9002
10220000 23.8995
10230000 23.8988
10240000 23.8981
10250000 23.8973
10260000 23.8965
10270000 23.8956
10280000 23.8949
10290000 23.8943
10300000 23.8935
10310000 23.8927
10320000 23.8921
10330000 23.8912
10340000 23.8906
10350000 23.8898
10360000 23.8891
10370000 23.8883
10380000 23.8877
10390000 23.887
10400000 23.8864
10410000 23.8856
10420000 23.885
10430000 23.8842
10440000 23.8833
10450000 23.8826
10460000 23.8819
10470000 23.8813
10480000 23.8807
10490000 23.8799
10500000 23.879
10510000 23.8781
10520000 23.8776
10530000 23.8769
10540000 23.8762
10550000 23.8755
10560000 23.8749
10570000 23.8742
10580000 23.8736
10590000 23.873
10600000 23.8722
10610000 23.8712
10620000 23.8705
10630000 23.8697
10640000 23.8689
10650000 23.8682
10660000 23.8675
10670000 23.8668
10680000 23.8661
10690000 23.8655
10700000 23.8647
10710000 23.8639
10720000 23.8631
10730000 23.8625
10740000 23.8617
10750000 23.861
10760000 23.8603
10770000 23.8595
10780000 23.8589
10790000 23.8582
10800000 23.8575
10810000 23.8567
10820000 23.8559
10830000 23.8553
10840000 23.8546
10850000 23.8542
10860000 23.8534
10870000 23.8527
10880000 23.8519
10890000 23.8513
10900000 23.8507
10910000 23.8502
10920000 23.8493
10930000 23.8486
10940000 23.8482
10950000 23.8474
10960000 23.8468
10970000 23.8457
10980000 23.8452
10990000 23.8445
11000000 23.8438
11010000 23.843
11020000 23.8424
11030000 23.8416
11040000 23.8408
11050000 23.84
11060000 23.8393
11070000 23.8387
11080000 23.838
11090000 23.8371
11100000 23.8364
11110000 23.8359
11120000 23.8351
11130000 23.8345
11140000 23.8339
11150000 23.8332
11160000 23.8326
11170000 23.8319
11180000 23.8312
11190000 23.8306
11200000 23.83
11210000 23.8293
11220000 23.8285
11230000 23.8279
11240000 23.8271
11250000 23.8265
11260000 23.8256
11270000 23.8251
11280000 23.8243
11290000 23.8237
11300000 23.8231
11310000 23.8222
11320000 23.8215
11330000 23.8207
11340000 23.8202
11350000 23.8194
11360000 23.8187
11370000 23.818
11380000 23.8175
11390000 23.8167
11400000 23.8159
11410000 23.8152
11420000 23.8145
11430000 23.8137
11440000 23.8131
11450000 23.8126
11460000 23.8121
11470000 23.8112
11480000 23.8104
11490000 23.8098
11500000 23.8091
11510000 23.8085
11520000 23.8076
11530000 23.807
11540000 23.8064
11550000 23.8057
11560000 23.805
11570000 23.8043
11580000 23.8037
11590000 23.8031
11600000 23.8025
11610000 23.8018
11620000 23.801
11630000 23.8005
11640000 23.7998
11650000 23.799
11660000 23.7983
11670000 23.7977
11680000 23.7971
11690000 23.7963
11700000 23.7957
11710000 23.795
11720000 23.7944
11730000 23.7937
11740000 23.7931
11750000 23.7925
11760000 23.7918
11770000 23.7911
11780000 23.7905
11790000 23.7898
11800000 23.7891
11810000 23.7883
11820000 23.7876
11830000 23.787
11840000 23.7863
11850000 23.7854
11860000 23.7847
11870000 23.784
11880000 23.7834
11890000 23.7827
11900000 23.7821
11910000 23.7814
11920000 23.7807
11930000 23.7799
11940000 23.7792
11950000 23.7786
11960000 23.7778
11970000 23.7772
11980000 23.7766
11990000 23.7758
12000000 23.7752
12010000 23.7745
12020000 23.7739
12030000 23.7732
12040000 23.7726
12050000 23.7718
12060000 23.771
12070000 23.7704
12080000 23.7698
12090000 23.769
12100000 23.7685
12110000 23.7678
12120000 23.7672
12130000 23.7665
12140000 23.766
12150000 23.7654
12160000 23.7646
12170000 23.7638
12180000 23.7631
12190000 23.7625
12200000 23.7618
12210000 23.7612
12220000 23.7606
12230000 23.7597
12240000 23.759
12250000 23.7584
12260000 23.7577
12270000 23.757
12280000 23.7565
12290000 23.7559
12300000 23.7553
12310000 23.7545
12320000 23.754
12330000 23.7536
12340000 23.7528
12350000 23.7522
12360000 23.7515
12370000 23.751
12380000 23.7503
12390000 23.7497
12400000 23.749
12410000 23.7484
12420000 23.7478
12430000 23.7471
12440000 23.7465
12450000 23.7459
12460000 23.7453
12470000 23.7448
12480000 23.7442
12490000 23.7435
12500000 23.7427
12510000 23.7421
12520000 23.7415
12530000 23.7409
12540000 23.7403
12550000 23.7397
12560000 23.7391
12570000 23.7385
12580000 23.7379
12590000 23.7373
12600000 23.7368
12610000 23.7361
12620000 23.7354
12630000 23.7348
12640000 23.7343
12650000 23.7339
12660000 23.7332
12670000 23.7326
12680000 23.7319
12690000 23.7312
12700000 23.7305
12710000 23.73
12720000 23.7294
12730000 23.7287
12740000 23.7279
12750000 23.7274
12760000 23.7268
12770000 23.7262
12780000 23.7256
12790000 23.725
12800000 23.7242
12810000 23.7237
12820000 23.723
12830000 23.7225
12840000 23.722
12850000 23.7213
12860000 23.7204
12870000 23.7199
12880000 23.7191
12890000 23.7185
12900000 23.7179
12910000 23.717
12920000 23.7164
12930000 23.7158
12940000 23.7151
12950000 23.7144
12960000 23.7139
12970000 23.7133
12980000 23.7126
12990000 23.712
13000000 23.7116
13010000 23.7108
13020000 23.7101
13030000 23.7095
13040000 23.709
13050000 23.7085
13060000 23.708
13070000 23.7075
13080000 23.7067
13090000 23.7062
13100000 23.7055
13110000 23.7049
13120000 23.7044
13130000 23.7036
13140000 23.7029
13150000 23.7023
13160000 23.7017
13170000 23.7012
13180000 23.7004
13190000 23.6995
13200000 23.6991
13210000 23.6984
13220000 23.6976
13230000 23.697
13240000 23.6963
13250000 23.6957
13260000 23.695
13270000 23.6944
13280000 23.6937
13290000 23.6931
13300000 23.6924
13310000 23.6919
13320000 23.6913
13330000 23.6906
13340000 23.69
13350000 23.6893
13360000 23.6887
13370000 23.6881
13380000 23.6874
13390000 23.6869
13400000 23.6864
13410000 23.6858
13420000 23.6853
13430000 23.6848
13440000 23.684
13450000 23.6832
13460000 23.6825
13470000 23.682
13480000 23.6816
13490000 23.6808
13500000 23.6803
13510000 23.6799
13520000 23.679
13530000 23.6784
13540000 23.6777
13550000 23.6772
13560000 23.6765
13570000 23.676
13580000 23.6754
13590000 23.6746
13600000 23.6738
13610000 23.6733
13620000 23.6727
13630000 23.6721
13640000 23.6716
13650000 23.6709
13660000 23.6704
13670000 23.6697
13680000 23.6692
13690000 23.6685
13700000 23.6677
13710000 23.6671
13720000 23.6665
13730000 23.6661
13740000 23.6655
13750000 23.6649
13760000 23.6641
13770000 23.6635
13780000 23.6627
13790000 23.6621
13800000 23.6615
13810000 23.6607
13820000 23.6602
13830000 23.6595
13840000 23.6589
13850000 23.6582
13860000 23.6577
13870000 23.6572
13880000 23.6566
13890000 23.6559
13900000 23.6553
13910000 23.6546
13920000 23.654
13930000 23.6533
13940000 23.6528
13950000 23.6524
13960000 23.6519
13970000 23.6513
13980000 23.6507
13990000 23.6501
14000000 23.6494
14010000 23.6487
14020000 23.6481
14030000 23.6475
14040000 23.6467
14050000 23.6461
14060000 23.6454
14070000 23.6449
14080000 23.6443
14090000 23.6436
14100000 23.6432
14110000 23.6425
14120000 23.6417
14130000 23.6411
14140000 23.6406
14150000 23.64
14160000 23.6394
14170000 23.6387
14180000 23.6382
14190000 23.6376
14200000 23.6371
14210000 23.6364
14220000 23.6359
14230000 23.6354
14240000 23.6347
14250000 23.634
14260000 23.6333
14270000 23.6327
14280000 23.6321
14290000 23.6314
14300000 23.6308
14310000 23.6302
14320000 23.6296
14330000 23.6292
14340000 23.6286
14350000 23.6279
14360000 23.6274
14370000 23.6269
14380000 23.6263
14390000 23.6256
14400000 23.625
14410000 23.6243
14420000 23.6236
14430000 23.6231
14440000 23.6226
14450000 23.6221
14460000 23.6216
14470000 23.6209
14480000 23.6203
14490000 23.6198
14500000 23.6192
14510000 23.6189
14520000 23.618
14530000 23.6174
14540000 23.6168
14550000 23.6162
14560000 23.6154
14570000 23.6146
14580000 23.614
14590000 23.6134
14600000 23.6128
14610000 23.6121
14620000 23.6116
14630000 23.611
14640000 23.6106
14650000 23.61
14660000 23.6093
14670000 23.6087
14680000 23.608
14690000 23.6075
14700000 23.607
14710000 23.6065
14720000 23.606
14730000 23.6053
14740000 23.6047
14750000 23.6041
14760000 23.6036
14770000 23.603
14780000 23.6024
14790000 23.6017
14800000 23.6009
14810000 23.6003
14820000 23.5997
14830000 23.5991
14840000 23.5986
14850000 23.598
14860000 23.5974
14870000 23.5965
14880000 23.596
14890000 23.5954
14900000 23.5948
14910000 23.5943
14920000 23.5935
14930000 23.5928
14940000 23.5923
14950000 23.5916
14960000 23.591
14970000 23.5904
14980000 23.5899
14990000 23.5893
15000000 23.5887
15010000 23.5881
15020000 23.5874
15030000 23.587
15040000 23.5864
15050000 23.586
15060000 23.5853
15070000 23.5847
15080000 23.5841
15090000 23.5834
15100000 23.5828
15110000 23.5821
15120000 23.5816
15130000 23.581
15140000 23.5804
15150000 23.5798
15160000 23.5792
15170000 23.5786
15180000 23.5779
15190000 23.5772
15200000 23.5767
15210000 23.5761
15220000 23.5755
15230000 23.575
15240000 23.5743
15250000 23.5739
15260000 23.5733
15270000 23.5728
15280000 23.5722
15290000 23.5715
15300000 23.5709
15310000 23.5704
15320000 23.5696
15330000 23.569
15340000 23.5684
15350000 23.5678
15360000 23.5673
15370000 23.5668
15380000 23.5663
15390000 23.5657
15400000 23.565
15410000 23.5644
15420000 23.5637
15430000 23.5632
15440000 23.5626
15450000 23.5623
15460000 23.5615
15470000 23.5609
15480000 23.5603
15490000 23.5596
15500000 23.559
15510000 23.5585
15520000 23.5579
15530000 23.5573
15540000 23.5567
15550000 23.5562
15560000 23.5554
15570000 23.5546
15580000 23.554
15590000 23.5535
15600000 23.553
15610000 23.5524
15620000 23.5518
15630000 23.5513
15640000 23.5507
15650000 23.5502
15660000 23.5496
15670000 23.5491
15680000 23.5485
15690000 23.548
15700000 23.5475
15710000 23.547
15720000 23.5466
15730000 23.5461
15740000 23.5453
15750000 23.5448
15760000 23.5441
15770000 23.5436
15780000 23.5431
15790000 23.5426
15800000 23.5419
15810000 23.5414
15820000 23.5407
15830000 23.5401
15840000 23.5397
15850000 23.5391
15860000 23.5386
15870000 23.538
15880000 23.5374
15890000 23.5369
15900000 23.5362
15910000 23.5356
15920000 23.5351
15930000 23.5346
15940000 23.534
15950000 23.5334
15960000 23.5328
15970000 23.5322
15980000 23.5317
15990000 23.5312
16000000 23.5308
16010000 23.5302
16020000 23.5296
16030000 23.529
16040000 23.5283
16050000 23.5279
16060000 23.5273
16070000 23.5268
16080000 23.5263
16090000 23.5257
16100000 23.525
16110000 23.5245
16120000 23.5239
16130000 23.5234
16140000 23.5227
16150000 23.5222
16160000 23.5215
16170000 23.5209
16180000 23.5203
16190000 23.5197
16200000 23.5193
16210000 23.5187
16220000 23.5181
16230000 23.5175
16240000 23.5169
16250000 23.5165
16260000 23.5159
16270000 23.5153
16280000 23.5148
16290000 23.5143
16300000 23.5139
16310000 23.5133
16320000 23.5129
16330000 23.5124
16340000 23.5117
16350000 23.511
16360000 23.5104
16370000 23.5099
16380000 23.5092
16390000 23.5087
16400000 23.5082
16410000 23.5075
16420000 23.5069
16430000 23.5063
16440000 23.5057
16450000 23.5051
16460000 23.5044
16470000 23.5038
16480000 23.5032
16490000 23.5025
16500000 23.5021
16510000 23.5015
16520000 23.5008
16530000 23.5003
16540000 23.4996
16550000 23.4992
16560000 23.4986
16570000 23.4981
16580000 23.4974
16590000 23.497
16600000 23.4964
16610000 23.4958
16620000 23.4952
16630000 23.4945
16640000 23.494
16650000 23.4935
16660000 23.493
16670000 23.4925
16680000 23.492
16690000 23.4914
16700000 23.4908
16710000 23.4902
16720000 23.4897
16730000 23.4894
16740000 23.4888
16750000 23.4879
16760000 23.4875
16770000 23.4869
16780000 23.4863
16790000 23.4858
16800000 23.4852
16810000 23.4847
16820000 23.4841
16830000 23.4836
16840000 23.483
16850000 23.4823
16860000 23.4818
16870000 23.4813
16880000 23.4806
16890000 23.4801
16900000 23.4794
16910000 23.4787
16920000 23.4782
16930000 23.4776
16940000 23.477
16950000 23.4765
16960000 23.4761
16970000 23.4755
16980000 23.4749
16990000 23.4743
17000000 23.4737
17010000 23.4732
17020000 23.4725
17030000 23.4721
17040000 23.4718
17050000 23.471
17060000 23.4705
17070000 23.4699
17080000 23.4694
17090000 23.4688
17100000 23.4684
17110000 23.4679
17120000 23.4672
17130000 23.4666
17140000 23.4662
17150000 23.4657
17160000 23.4651
17170000 23.4645
17180000 23.464
17190000 23.4633
17200000 23.4628
17210000 23.4623
17220000 23.4616
17230000 23.4611
17240000 23.4604
17250000 23.4598
17260000 23.4592
17270000 23.4588
17280000 23.4582
17290000 23.4577
17300000 23.4572
17310000 23.4566
17320000 23.4562
17330000 23.4556
17340000 23.4549
17350000 23.4541
17360000 23.4535
17370000 23.4529
17380000 23.4525
17390000 23.4521
17400000 23.4514
17410000 23.4508
17420000 23.4502
17430000 23.4497
17440000 23.4491
17450000 23.4485
17460000 23.448
17470000 23.4475
17480000 23.4469
17490000 23.4464
17500000 23.4458
17510000 23.4453
17520000 23.4448
17530000 23.4444
17540000 23.4437
17550000 23.4432
17560000 23.4424
17570000 23.4421
17580000 23.4414
17590000 23.4408
17600000 23.4404
17610000 23.4399
17620000 23.4392
17630000 23.4387
17640000 23.4381
17650000 23.4375
17660000 23.437
17670000 23.4364
17680000 23.4358
17690000 23.4355
17700000 23.4349
17710000 23.4343
17720000 23.4337
17730000 23.4331
17740000 23.4325
17750000 23.432
17760000 23.4316
17770000 23.4309
17780000 23.4302
17790000 23.4298
17800000 23.4292
17810000 23.4287
17820000 23.4281
17830000 23.4276
17840000 23.427
17850000 23.4264
17860000 23.426
17870000 23.4254
17880000 23.4248
17890000 23.4242
17900000 23.4235
17910000 23.4231
17920000 23.4224
17930000 23.4219
17940000 23.4213
17950000 23.4208
17960000 23.4202
17970000 23.4197
17980000 23.4193
17990000 23.4188
18000000 23.4182
18010000 23.4176
18020000 23.4171
18030000 23.4166
18040000 23.4159
18050000 23.4155
18060000 23.4149
18070000 23.4144
18080000 23.4139
18090000 23.4135
18100000 23.413
18110000 23.4122
18120000 23.4118
18130000 23.4112
18140000 23.4105
18150000 23.41
18160000 23.4095
18170000 23.4089
18180000 23.4084
18190000 23.4078
18200000 23.4072
18210000 23.4067
18220000 23.4061
18230000 23.4057
18240000 23.405
18250000 23.4047
18260000 23.4042
18270000 23.4037
18280000 23.4032
18290000 23.4028
18300000 23.4025
18310000 23.4019
18320000 23.4013
18330000 23.4007
18340000 23.4001
18350000 23.3997
18360000 23.3992
18370000 23.3987
18380000 23.398
18390000 23.3975
18400000 23.3969
18410000 23.3964
18420000 23.3958
18430000 23.3953
18440000 23.3948
18450000 23.3943
18460000 23.3937
18470000 23.3932
18480000 23.3925
18490000 23.3919
18500000 23.3914
18510000 23.391
18520000 23.3905
18530000 23.3901
18540000 23.3893
18550000 23.3888
18560000 23.3882
18570000 23.3876
18580000 23.3872
18590000 23.3866
18600000 23.3861
18610000 23.3854
18620000 23.3849
18630000 23.3843
18640000 23.3838
18650000 23.3834
18660000 23.3828
18670000 23.3823
18680000 23.3819
18690000 23.3813
18700000 23.3806
18710000 23.38
18720000 23.3795
18730000 23.379
18740000 23.3786
18750000 23.3781
18760000 23.3775
18770000 23.377
18780000 23.3764
18790000 23.3757
18800000 23.3752
18810000 23.3747
18820000 23.3742
18830000 23.3736
18840000 23.373
18850000 23.3727
18860000 23.372
18870000 23.3715
18880000 23.3711
18890000 23.3705
18900000 23.37
18910000 23.3695
18920000 23.369
18930000 23.3685
18940000 23.3679
18950000 23.3672
18960000 23.3668
18970000 23.3663
18980000 23.3659
18990000 23.3655
19000000 23.3651
19010000 23.3647
19020000 23.364
19030000 23.3636
19040000 23.3628
19050000 23.3623
19060000 23.3617
19070000 23.3612
19080000 23.3608
19090000 23.3602
19100000 23.3595
19110000 23.3591
19120000 23.3586
19130000 23.3582
19140000 23.3578
19150000 23.3573
19160000 23.3568
19170000 23.3562
19180000 23.3557
19190000 23.3552
19200000 23.3546
19210000 23.3541
19220000 23.3537
19230000 23.3532
19240000 23.3526
19250000 23.352
19260000 23.3515
19270000 23.351
19280000 23.3505
19290000 23.3501
19300000 23.3495
19310000 23.3491
19320000 23.3487
19330000 23.348
19340000 23.3475
19350000 23.3472
19360000 23.3467
19370000 23.3462
19380000 23.3456
19390000 23.3452
19400000 23.3446
19410000 23.3442
19420000 23.3437
19430000 23.3431
19440000 23.3425
19450000 23.3418
19460000 23.3414
19470000 23.3409
19480000 23.3405
19490000 23.3401
19500000 23.3398
19510000 23.3392
19520000 23.3388
19530000 23.3381
19540000 23.3375
19550000 23.3369
19560000 23.3363
19570000 23.3357
19580000 23.3354
19590000 23.3349
19600000 23.3343
19610000 23.3337
19620000 23.3331
19630000 23.3326
19640000 23.3321
19650000 23.3316
19660000 23.3309
19670000 23.3305
19680000 23.3301
19690000 23.3295
19700000 23.329
19710000 23.3286
19720000 23.3281
19730000 23.3276
19740000 23.327
19750000 23.3265
19760000 23.3259
19770000 23.3255
19780000 23.325
19790000 23.3244
19800000 23.3238
19810000 23.3233
19820000 23.3229
19830000 23.3225
19840000 23.3219
19850000 23.3215
19860000 23.3212
19870000 23.3204
19880000 23.3199
19890000 23.3194
19900000 23.3188
19910000 23.3184
19920000 23.3178
19930000 23.3172
19940000 23.3166
19950000 23.3162
19960000 23.3158
19970000 23.3154
19980000 23.3147
19990000 23.3143
20000000 23.3137
20010000 23.3131
20020000 23.3126
20030000 23.3121
20040000 23.3116
20050000 23.3111
20060000 23.3105
20070000 23.31
20080000 23.3096
20090000 23.309
20100000 23.3083
20110000 23.3079
20120000 23.3075
20130000 23.3069
20140000 23.3064
20150000 23.3059
20160000 23.3053
20170000 23.3048
20180000 23.3041
20190000 23.3037
20200000 23.3034
20210000 23.3028
20220000 23.3025
20230000 23.3018
20240000 23.3015
20250000 23.301
20260000 23.3004
20270000 23.3
20280000 23.2995
20290000 23.2989
20300000 23.2983
20310000 23.2979
20320000 23.2974
20330000 23.2968
20340000 23.2963
20350000 23.2957
20360000 23.2953
20370000 23.2947
20380000 23.2943
20390000 23.2938
20400000 23.2933
20410000 23.2927
20420000 23.2922
20430000 23.2917
20440000 23.2911
20450000 23.2907
20460000 23.2901
20470000 23.2896
20480000 23.2892
20490000 23.2887
20500000 23.2883
20510000 23.2877
20520000 23.2873
20530000 23.2867
20540000 23.2862
20550000 23.2856
20560000 23.2852
20570000 23.2847
20580000 23.2842
20590000 23.2836
20600000 23.2832
20610000 23.2826
20620000 23.2822
20630000 23.2816
20640000 23.2811
20650000 23.2805
20660000 23.28
20670000 23.2795
20680000 23.279
20690000 23.2786
20700000 23.2782
20710000 23.2776
20720000 23.2772
20730000 23.2767
20740000 23.2762
20750000 23.2757
20760000 23.2751
20770000 23.2747
20780000 23.2741
20790000 23.2737
20800000 23.2732
20810000 23.2725
20820000 23.272
20830000 23.2716
20840000 23.271
20850000 23.2705
20860000 23.2701
20870000 23.2694
20880000 23.269
20890000 23.2684
20900000 23.268
20910000 23.2676
20920000 23.2671
20930000 23.2667
20940000 23.2661
20950000 23.2657
20960000 23.2651
20970000 23.2646
20980000 23.2642
20990000 23.2636
21000000 23.263
21010000 23.2624
21020000 23.262
21030000 23.2616
21040000 23.2609
21050000 23.2604
21060000 23.2599
21070000 23.2595
21080000 23.2589
21090000 23.2583
21100000 23.2578
21110000 23.2573
21120000 23.2568
21130000 23.2563
21140000 23.2556
21150000 23.2551
21160000 23.2546
21170000 23.2541
21180000 23.2537
21190000 23.2532
21200000 23.2526
21210000 23.2521
21220000 23.2516
21230000 23.2512
21240000 23.2506
21250000 23.2501
21260000 23.2494
21270000 23.249
21280000 23.2485
21290000 23.248
21300000 23.2476
21310000 23.2472
21320000 23.2466
21330000 23.2462
21340000 23.2456
21350000 23.2452
21360000 23.2449
21370000 23.2443
21380000 23.2438
21390000 23.2433
21400000 23.243
21410000 23.2425
21420000 23.242
21430000 23.2414
21440000 23.241
21450000 23.2403
21460000 23.2399
21470000 23.2394
21480000 23.2387
21490000 23.2383
21500000 23.2377
21510000 23.2372
21520000 23.2368
21530000 23.2362
21540000 23.2357
21550000 23.2352
21560000 23.2347
21570000 23.2343
21580000 23.2339
21590000 23.2335
21600000 23.233
21610000 23.2326
21620000 23.2321
21630000 23.2315
21640000 23.231
21650000 23.2304
21660000 23.2299
21670000 23.2295
21680000 23.2289
21690000 23.2286
21700000 23.2281
21710000 23.2276
21720000 23.2269
21730000 23.2264
21740000 23.2259
21750000 23.2254
21760000 23.2248
21770000 23.2243
21780000 23.2238
21790000 23.2234
21800000 23.2229
21810000 23.2224
21820000 23.222
21830000 23.2214
21840000 23.2208
21850000 23.2203
21860000 23.22
21870000 23.2193
21880000 23.2188
21890000 23.2183
21900000 23.2177
21910000 23.2174
21920000 23.2171
21930000 23.2164
21940000 23.2159
21950000 23.2154
21960000 23.2148
21970000 23.2144
21980000 23.2138
21990000 23.2135
22000000 23.2131
22010000 23.2125
22020000 23.2121
22030000 23.2115
22040000 23.211
22050000 23.2106
22060000 23.2102
22070000 23.2098
22080000 23.2093
22090000 23.2087
22100000 23.2083
22110000 23.2078
22120000 23.2073
22130000 23.2068
22140000 23.2062
22150000 23.2057
22160000 23.2052
22170000 23.2048
22180000 23.2043
22190000 23.2038
22200000 23.2034
22210000 23.2029
22220000 23.2023
22230000 23.2018
22240000 23.2013
22250000 23.2007
22260000 23.2004
22270000 23.1998
22280000 23.1995
22290000 23.199
22300000 23.1987
22310000 23.1982
22320000 23.1978
22330000 23.1971
22340000 23.1966
22350000 23.1962
22360000 23.1958
22370000 23.1953
22380000 23.1947
22390000 23.1942
22400000 23.1938
22410000 23.1932
22420000 23.1928
22430000 23.1923
22440000 23.1918
22450000 23.1913
22460000 23.1909
22470000 23.1904
22480000 23.19
22490000 23.1894
22500000 23.189
22510000 23.1884
22520000 23.1879
22530000 23.1875
22540000 23.187
22550000 23.1865
22560000 23.1859
22570000 23.1854
22580000 23.1849
22590000 23.1845
22600000 23.1839
22610000 23.1833
22620000 23.1828
22630000 23.1823
22640000 23.1818
22650000 23.1813
22660000 23.1808
22670000 23.1803
22680000 23.1799
22690000 23.1794
22700000 23.1788
22710000 23.1783
22720000 23.1779
22730000 23.1774
22740000 23.177
22750000 23.1765
22760000 23.1761
22770000 23.1757
22780000 23.1752
22790000 23.1747
22800000 23.1744
22810000 23.1737
22820000 23.1733
22830000 23.1729
22840000 23.1724
22850000 23.1718
22860000 23.1714
22870000 23.171
22880000 23.1705
22890000 23.1701
22900000 23.1696
22910000 23.1693
22920000 23.1685
22930000 23.168
22940000 23.1673
22950000 23.1668
22960000 23.1663
22970000 23.1657
22980000 23.1652
22990000 23.1648
23000000 23.1643
23010000 23.1637
23020000 23.1633
23030000 23.1628
23040000 23.1624
23050000 23.162
23060000 23.1615
23070000 23.1609
23080000 23.1603
23090000 23.16
23100000 23.1596
23110000 23.159
23120000 23.1586
23130000 23.1581
23140000 23.1576
23150000 23.1572
23160000 23.1568
23170000 23.1563
23180000 23.1558
23190000 23.1554
23200000 23.1547
23210000 23.1544
23220000 23.1539
23230000 23.1534
23240000 23.1529
23250000 23.1523
23260000 23.1519
23270000 23.1514
23280000 23.1508
23290000 23.1504
23300000 23.15
23310000 23.1494
23320000 23.149
23330000 23.1485
23340000 23.1481
23350000 23.1477
23360000 23.1472
23370000 23.1468
23380000 23.1464
23390000 23.1459
23400000 23.1455
23410000 23.145
23420000 23.1445
23430000 23.144
23440000 23.1435
23450000 23.143
23460000 23.1426
23470000 23.1421
23480000 23.1416
23490000 23.1412
23500000 23.1408
23510000 23.1402
23520000 23.1398
23530000 23.1391
23540000 23.1388
23550000 23.1383
23560000 23.1378
23570000 23.1373
23580000 23.1368
23590000 23.1362
23600000 23.1358
23610000 23.1353
23620000 23.1349
23630000 23.1344
23640000 23.134
23650000 23.1335
23660000 23.133
23670000 23.1326
23680000 23.1321
23690000 23.1316
23700000 23.131
23710000 23.1305
23720000 23.13
23730000 23.1295
23740000 23.1291
23750000 23.1285
23760000 23.1281
23770000 23.1277
23780000 23.1272
23790000 23.1267
23800000 23.1264
23810000 23.1259
23820000 23.1254
23830000 23.125
23840000 23.1247
23850000 23.1242
23860000 23.1237
23870000 23.1233
23880000 23.123
23890000 23.1225
23900000 23.1221
23910000 23.1217
23920000 23.1213
23930000 23.1205
23940000 23.1201
23950000 23.1196
23960000 23.1191
23970000 23.1185
23980000 23.118
23990000 23.1174
24000000 23.1171
24010000 23.1166
24020000 23.1163
24030000 23.1157
24040000 23.1152
24050000 23.1149
24060000 23.1145
24070000 23.1141
24080000 23.1136
24090000 23.1132
24100000 23.1126
24110000 23.1124
24120000 23.1119
24130000 23.1112
24140000 23.1109
24150000 23.1103
24160000 23.1099
24170000 23.1095
24180000 23.1088
24190000 23.1082
24200000 23.1078
24210000 23.1074
24220000 23.107
24230000 23.1066
24240000 23.1061
24250000 23.1057
24260000 23.1052
24270000 23.1048
24280000 23.1043
24290000 23.1037
24300000 23.1034
24310000 23.103
24320000 23.1025
24330000 23.1022
24340000 23.1018
24350000 23.1013
24360000 23.1008
24370000 23.1003
24380000 23.0998
24390000 23.0993
24400000 23.0988
24410000 23.0985
24420000 23.0979
24430000 23.0973
24440000 23.0969
24450000 23.0964
24460000 23.096
24470000 23.0957
24480000 23.0951
24490000 23.0946
24500000 23.094
24510000 23.0936
24520000 23.0933
24530000 23.0927
24540000 23.0922
24550000 23.0918
24560000 23.0912
24570000 23.0908
24580000 23.0902
24590000 23.0898
24600000 23.0893
24610000 23.0888
24620000 23.0883
24630000 23.0878
24640000 23.0875
24650000 23.0869
24660000 23.0865
24670000 23.0859
24680000 23.0854
24690000 23.0849
24700000 23.0845
24710000 23.0841
24720000 23.0835
24730000 23.0831
24740000 23.0825
24750000 23.082
24760000 23.0816
24770000 23.081
24780000 23.0807
24790000 23.0802
24800000 23.0795
24810000 23.0792
24820000 23.0787
24830000 23.0782
24840000 23.0779
24850000 23.0773
24860000 23.077
24870000 23.0765
24880000 23.0761
24890000 23.0754
24900000 23.0749
24910000 23.0745
24920000 23.0742
24930000 23.0736
24940000 23.0732
24950000 23.0727
24960000 23.0723
24970000 23.0719
24980000 23.0713
24990000 23.0711
25000000 23.0705
25010000 23.07
25020000 23.0697
25030000 23.0694
25040000 23.0689
25050000 23.0684
25060000 23.068
25070000 23.0675
25080000 23.067
25090000 23.0666
25100000 23.0662
25110000 23.0657
25120000 23.0652
25130000 23.0648
25140000 23.0643
25150000 23.0638
25160000 23.0634
25170000 23.0628
25180000 23.0624
25190000 23.062
25200000 23.0615
25210000 23.061
25220000 23.0606
25230000 23.0601
25240000 23.0597
25250000 23.0593
25260000 23.0589
25270000 23.0585
25280000 23.0578
25290000 23.0573
25300000 23.0569
25310000 23.0565
25320000 23.0561
25330000 23.0555
25340000 23.0551
25350000 23.0547
25360000 23.0542
25370000 23.0537
25380000 23.0532
25390000 23.0528
25400000 23.0523
25410000 23.052
25420000 23.0516
25430000 23.0512
25440000 23.0505
25450000 23.05
25460000 23.0495
25470000 23.0491
25480000 23.0486
25490000 23.0481
25500000 23.0477
25510000 23.0473
25520000 23.0469
25530000 23.0464
25540000 23.0459
25550000 23.0456
25560000 23.045
25570000 23.0447
25580000 23.0443
25590000 23.0439
25600000 23.0435
25610000 23.0431
25620000 23.0428
25630000 23.0422
25640000 23.0418
25650000 23.0415
25660000 23.041
25670000 23.0404
25680000 23.0401
25690000 23.0396
25700000 23.0391
25710000 23.0387
25720000 23.0381
25730000 23.0376
25740000 23.0372
25750000 23.0367
25760000 23.0364
25770000 23.0358
25780000 23.0355
25790000 23.0348
25800000 23.0343
25810000 23.0339
25820000 23.0334
25830000 23.033
25840000 23.0325
25850000 23.0321
25860000 23.0317
25870000 23.0313
25880000 23.031
25890000 23.0307
25900000 23.0303
25910000 23.0296
25920000 23.0292
25930000 23.0286
25940000 23.0282
25950000 23.0276
25960000 23.0271
25970000 23.0265
25980000 23.0261
25990000 23.0256
26000000 23.0252
26010000 23.0246
26020000 23.0241
26030000 23.0237
26040000 23.0232
26050000 23.0229
26060000 23.0224
26070000 23.022
26080000 23.0216
26090000 23.0212
26100000 23.0208
26110000 23.0204
26120000 23.0198
26130000 23.0193
26140000 23.0189
26150000 23.0185
26160000 23.018
26170000 23.0177
26180000 23.0172
26190000 23.0167
26200000 23.0162
26210000 23.0157
26220000 23.0151
26230000 23.0147
26240000 23.0144
26250000 23.0139
26260000 23.0135
26270000 23.013
26280000 23.0125
26290000 23.0122
26300000 23.0116
26310000 23.011
26320000 23.0107
26330000 23.0102
26340000 23.0098
26350000 23.0094
26360000 23.0088
26370000 23.0083
26380000 23.0077
26390000 23.0074
26400000 23.007
26410000 23.0065
26420000 23.0061
26430000 23.0056
26440000 23.0051
26450000 23.0047
26460000 23.0044
26470000 23.004
26480000 23.0035
26490000 23.003
26500000 23.0027
26510000 23.0023
26520000 23.0018
26530000 23.0014
26540000 23.0009
26550000 23.0006
26560000 23.0003
26570000 23
26580000 22.9993
26590000 22.9988
26600000 22.9984
26610000 22.998
26620000 22.9976
26630000 22.997
26640000 22.9966
26650000 22.9962
26660000 22.9958
26670000 22.9953
26680000 22.995
26690000 22.9945
26700000 22.9941
26710000 22.9935
26720000 22.9931
26730000 22.9927
26740000 22.9922
26750000 22.9917
26760000 22.9913
26770000 22.991
26780000 22.9907
26790000 22.9903
26800000 22.9899
26810000 22.9892
26820000 22.9888
26830000 22.9883
26840000 22.9878
26850000 22.9875
26860000 22.987
26870000 22.9865
26880000 22.9862
26890000 22.9857
26900000 22.9853
26910000 22.9848
26920000 22.9844
26930000 22.984
26940000 22.9835
26950000 22.9831
26960000 22.9828
26970000 22.9823
26980000 22.9817
26990000 22.9811
27000000 22.9808
27010000 22.9803
27020000 22.98
27030000 22.9795
27040000 22.9791
27050000 22.9787
27060000 22.978
27070000 22.9775
27080000 22.9769
27090000 22.9765
27100000 22.9761
27110000 22.9756
27120000 22.9751
27130000 22.9746
27140000 22.9742
27150000 22.9736
27160000 22.9732
27170000 22.9728
27180000 22.9724
27190000 22.9721
27200000 22.9714
27210000 22.9708
27220000 22.9704
27230000 22.9699
27240000 22.9696
27250000 22.9693
27260000 22.9687
27270000 22.9684
27280000 22.968
27290000 22.9674
27300000 22.9669
27310000 22.9665
27320000 22.9659
27330000 22.9655
27340000 22.9651
27350000 22.9646
27360000 22.9641
27370000 22.9637
27380000 22.9634
27390000 22.963
27400000 22.9627
27410000 22.9622
27420000 22.9617
27430000 22.9615
27440000 22.9611
27450000 22.9607
27460000 22.9604
27470000 22.96
27480000 22.9596
27490000 22.959
27500000 22.9585
27510000 22.958
27520000 22.9575
27530000 22.957
27540000 22.9566
27550000 22.9561
27560000 22.9558
27570000 22.9555
27580000 22.9551
27590000 22.9548
27600000 22.9542
27610000 22.9538
27620000 22.9534
27630000 22.9529
27640000 22.9524
27650000 22.9521
27660000 22.9518
27670000 22.9512
27680000 22.9507
27690000 22.9503
27700000 22.9498
27710000 22.9494
27720000 22.9489
27730000 22.9485
27740000 22.948
27750000 22.9476
27760000 22.947
27770000 22.9466
27780000 22.9463
27790000 22.9459
27800000 22.9454
27810000 22.9449
27820000 22.9445
27830000 22.9441
27840000 22.9438
27850000 22.9435
27860000 22.9429
27870000 22.9424
27880000 22.9419
27890000 22.9415
27900000 22.9411
27910000 22.9406
27920000 22.9402
27930000 22.9397
27940000 22.9393
27950000 22.9388
27960000 22.9383
27970000 22.9379
27980000 22.9375
27990000 22.9372
28000000 22.9368
28010000 22.9365
28020000 22.9361
28030000 22.9355
28040000 22.9353
28050000 22.9349
28060000 22.9343
28070000 22.9338
28080000 22.9334
28090000 22.933
28100000 22.9326
28110000 22.9321
28120000 22.9318
28130000 22.9313
28140000 22.9309
28150000 22.9304
28160000 22.93
28170000 22.9296
28180000 22.9292
28190000 22.9287
28200000 22.9282
28210000 22.9276
28220000 22.9271
28230000 22.9267
28240000 22.9263
28250000 22.9259
28260000 22.9254
28270000 22.925
28280000 22.9247
28290000 22.9242
28300000 22.9237
28310000 22.9232
28320000 22.9227
28330000 22.9224
28340000 22.922
28350000 22.9216
28360000 22.921
28370000 22.9207
28380000 22.9202
28390000 22.9198
28400000 22.9193
28410000 22.9189
28420000 22.9185
28430000 22.918
28440000 22.9176
28450000 22.9172
28460000 22.9169
28470000 22.9163
28480000 22.9157
28490000 22.9152
28500000 22.9147
28510000 22.9143
28520000 22.914
28530000 22.9135
28540000 22.913
28550000 22.9126
28560000 22.9121
28570000 22.9118
28580000 22.9114
28590000 22.911
28600000 22.9105
28610000 22.91
28620000 22.9096
28630000 22.9092
28640000 22.9088
28650000 22.9084
28660000 22.908
28670000 22.9075
28680000 22.9071
28690000 22.9066
28700000 22.9063
28710000 22.9058
28720000 22.9054
28730000 22.905
28740000 22.9046
28750000 22.9043
28760000 22.9038
28770000 22.9033
28780000 22.9028
28790000 22.9024
28800000 22.9019
28810000 22.9015
28820000 22.901
28830000 22.9007
28840000 22.9002
28850000 22.8998
28860000 22.8994
28870000 22.899
28880000 22.8986
28890000 22.8982
28900000 22.8976
28910000 22.8971
28920000 22.8967
28930000 22.8963
28940000 22.8958
28950000 22.8955
28960000 22.8951
28970000 22.8947
28980000 22.8943
28990000 22.8939
29000000 22.8934
29010000 22.8931
29020000 22.8925
29030000 22.892
29040000 22.8916
29050000 22.8912
29060000 22.8909
29070000 22.8905
29080000 22.8901
29090000 22.8897
29100000 22.8893
29110000 22.8889
29120000 22.8885
29130000 22.8881
29140000 22.8875
29150000 22.8871
29160000 22.8867
29170000 22.8864
29180000 22.886
29190000 22.8854
29200000 22.8851
29210000 22.8847
29220000 22.8842
29230000 22.8837
29240000 22.8833
29250000 22.8828
29260000 22.8824
29270000 22.882
29280000 22.8816
29290000 22.8812
29300000 22.881
29310000 22.8806
29320000 22.8802
29330000 22.8797
29340000 22.8792
29350000 22.879
29360000 22.8784
29370000 22.878
29380000 22.8778
29390000 22.8773
29400000 22.8769
29410000 22.8766
29420000 22.8761
29430000 22.8755
29440000 22.8752
29450000 22.8746
29460000 22.8741
29470000 22.8738
29480000 22.8734
29490000 22.8731
29500000 22.8726
29510000 22.8722
29520000 22.8719
29530000 22.8717
29540000 22.8712
29550000 22.8709
29560000 22.8706
29570000 22.87
29580000 22.8694
29590000 22.8692
29600000 22.8686
29610000 22.868
29620000 22.8678
29630000 22.8674
29640000 22.867
29650000 22.8666
29660000 22.866
29670000 22.8656
29680000 22.8652
29690000 22.8647
29700000 22.8643
29710000 22.864
29720000 22.8635
29730000 22.8631
29740000 22.8626
29750000 22.8622
29760000 22.8619
29770000 22.8614
29780000 22.8609
29790000 22.8605
29800000 22.8601
29810000 22.8597
29820000 22.8593
29830000 22.8588
29840000 22.8584
29850000 22.858
29860000 22.8575
29870000 22.8569
29880000 22.8566
29890000 22.8562
29900000 22.856
29910000 22.8556
29920000 22.8553
29930000 22.8548
29940000 22.8545
29950000 22.854
29960000 22.8536
29970000 22.8532
29980000 22.8528
29990000 22.8522
30000000 22.8518
30010000 22.8514
30020000 22.851
30030000 22.8504
30040000 22.8501
30050000 22.8497
30060000 22.8493
30070000 22.8487
30080000 22.8483
30090000 22.8478
30100000 22.8474
30110000 22.8471
30120000 22.8466
30130000 22.8461
30140000 22.8456
30150000 22.8451
30160000 22.8448
30170000 22.8443
30180000 22.8439
30190000 22.8436
30200000 22.8432
30210000 22.8428
30220000 22.8425
30230000 22.8422
30240000 22.8416
30250000 22.8412
30260000 22.8408
30270000 22.8403
30280000 22.8401
30290000 22.8397
30300000 22.8394
30310000 22.8389
30320000 22.8385
30330000 22.8382
30340000 22.8379
30350000 22.8377
30360000 22.8372
30370000 22.8368
30380000 22.8364
30390000 22.836
30400000 22.8356
30410000 22.8351
30420000 22.8348
30430000 22.8345
30440000 22.8341
30450000 22.8338
30460000 22.8333
30470000 22.833
30480000 22.8325
30490000 22.8323
30500000 22.8318
30510000 22.8315
30520000 22.831
30530000 22.8306
30540000 22.83
30550000 22.8297
30560000 22.8292
30570000 22.8289
30580000 22.8284
30590000 22.8281
30600000 22.8277
30610000 22.8273
30620000 22.8269
30630000 22.8265
30640000 22.826
30650000 22.8255
30660000 22.8251
30670000 22.8248
30680000 22.8243
30690000 22.8239
30700000 22.8234
30710000 22.8231
30720000 22.8228
30730000 22.8226
30740000 22.8219
30750000 22.8217
30760000 22.8212
30770000 22.8207
30780000 22.8204
30790000 22.8199
30800000 22.8195
30810000 22.819
30820000 22.8187
30830000 22.8184
30840000 22.8177
30850000 22.8173
30860000 22.8169
30870000 22.8165
30880000 22.8161
30890000 22.8157
30900000 22.8154
30910000 22.8149
30920000 22.8145
30930000 22.814
30940000 22.8135
30950000 22.8132
30960000 22.8128
30970000 22.8123
30980000 22.8119
30990000 22.8115
31000000 22.8111
31010000 22.8107
31020000 22.8103
31030000 22.8101
31040000 22.8098
31050000 22.8091
31060000 22.8087
31070000 22.8084
31080000 22.8079
31090000 22.8074
31100000 22.8069
31110000 22.8065
31120000 22.8061
31130000 22.8056
31140000 22.8052
31150000 22.8048
31160000 22.8044
31170000 22.8041
31180000 22.8036
31190000 22.8033
31200000 22.8028
31210000 22.8025
31220000 22.8021
31230000 22.8018
31240000 22.8013
31250000 22.8009
31260000 22.8006
31270000 22.8001
31280000 22.7997
31290000 22.7993
31300000 22.7989
31310000 22.7984
31320000 22.7981
31330000 22.7977
31340000 22.7973
31350000 22.797
31360000 22.7966
31370000 22.7963
31380000 22.7959
31390000 22.7954
31400000 22.7951
31410000 22.7947
31420000 22.7942
31430000 22.7938
31440000 22.7933
31450000 22.7929
31460000 22.7925
31470000 22.7921
31480000 22.7916
31490000 22.7912
31500000 22.7907
31510000 22.7902
31520000 22.79
31530000 22.7896
31540000 22.7891
31550000 22.7886
31560000 22.7882
31570000 22.7877
31580000 22.7873
31590000 22.7868
31600000 22.7865
31610000 22.7861
31620000 22.7856
31630000 22.7851
31640000 22.7848
31650000 22.7845
31660000 22.784
31670000 22.7836
31680000 22.7831
31690000 22.7828
31700000 22.7826
31710000 22.782
31720000 22.7816
31730000 22.7812
31740000 22.7808
31750000 22.7803
31760000 22.7797
31770000 22.7794
31780000 22.7792
31790000 22.7786
31800000 22.7782
31810000 22.7778
31820000 22.7774
31830000 22.7771
31840000 22.7766
31850000 22.7762
31860000 22.7758
31870000 22.7753
31880000 22.7749
31890000 22.7745
31900000 22.774
31910000 22.7735
31920000 22.7732
31930000 22.7729
31940000 22.7726
31950000 22.772
31960000 22.7716
31970000 22.7713
31980000 22.7708
31990000 22.7705
32000000 22.7702
32010000 22.7698
32020000 22.7693
32030000 22.7689
32040000 22.7686
32050000 22.7683
32060000 22.7679
32070000 22.7675
32080000 22.7671
32090000 22.7667
32100000 22.7664
32110000 22.766
32120000 22.7655
32130000 22.7652
32140000 22.765
32150000 22.7644
32160000 22.7638
32170000 22.7633
32180000 22.7629
32190000 22.7626
32200000 22.762
32210000 22.7616
32220000 22.7613
32230000 22.761
32240000 22.7605
32250000 22.7602
32260000 22.7598
32270000 22.7593
32280000 22.7589
32290000 22.7585
32300000 22.7581
32310000 22.7578
32320000 22.7574
32330000 22.7569
32340000 22.7564
32350000 22.756
32360000 22.7556
32370000 22.7554
32380000 22.755
32390000 22.7545
32400000 22.7541
32410000 22.7537
32420000 22.7532
32430000 22.7528
32440000 22.7524
32450000 22.752
32460000 22.7516
32470000 22.7511
32480000 22.7507
32490000 22.7504
32500000 22.75
32510000 22.7494
32520000 22.749
32530000 22.7486
32540000 22.7483
32550000 22.7479
32560000 22.7476
32570000 22.7472
32580000 22.7467
32590000 22.7463
32600000 22.7459
32610000 22.7453
32620000 22.7451
32630000 22.7447
32640000 22.7443
32650000 22.7438
32660000 22.7433
32670000 22.7429
32680000 22.7424
32690000 22.7421
32700000 22.7417
32710000 22.7411
32720000 22.7407
32730000 22.7404
32740000 22.74
32750000 22.7397
32760000 22.7392
32770000 22.7389
32780000 22.7385
32790000 22.7381
32800000 22.7377
32810000 22.7373
32820000 22.7369
32830000 22.7364
32840000 22.736
32850000 22.7357
32860000 22.7353
32870000 22.735
32880000 22.7345
32890000 22.734
32900000 22.7336
32910000 22.7332
32920000 22.7329
32930000 22.7325
32940000 22.7322
32950000 22.7317
32960000 22.7314
32970000 22.7309
32980000 22.7305
32990000 22.7302
33000000 22.7298
33010000 22.7294
33020000 22.7291
33030000 22.7288
33040000 22.7283
33050000 22.7279
33060000 22.7274
33070000 22.727
33080000 22.7267
33090000 22.7264
33100000 22.7259
33110000 22.7254
33120000 22.725
33130000 22.7247
33140000 22.724
33150000 22.7237
33160000 22.7233
33170000 22.7231
33180000 22.7226
33190000 22.7222
33200000 22.7215
33210000 22.7212
33220000 22.7209
33230000 22.7206
33240000 22.7201
33250000 22.7197
33260000 22.7192
33270000 22.7189
33280000 22.7184
33290000 22.718
33300000 22.7176
33310000 22.7173
33320000 22.7169
33330000 22.7165
33340000 22.7163
33350000 22.7159
33360000 22.7154
33370000 22.7149
33380000 22.7144
33390000 22.7141
33400000 22.7138
33410000 22.7134
33420000 22.713
33430000 22.7126
33440000 22.7122
33450000 22.7118
33460000 22.7114
33470000 22.711
33480000 22.7107
33490000 22.7103
33500000 22.71
33510000 22.7095
33520000 22.7092
33530000 22.7089
33540000 22.7084
33550000 22.7081
33560000 22.7076
33570000 22.7072
33580000 22.7068
33590000 22.7065
33600000 22.706
33610000 22.7056
33620000 22.7052
33630000 22.705
33640000 22.7047
33650000 22.7041
33660000 22.7037
33670000 22.7033
33680000 22.7029
33690000 22.7025
33700000 22.7021
33710000 22.702
33720000 22.7016
33730000 22.7011
33740000 22.7006
33750000 22.7003
33760000 22.6999
33770000 22.6994
33780000 22.6991
33790000 22.6986
33800000 22.6983
33810000 22.698
33820000 22.6975
33830000 22.6972
33840000 22.6968
33850000 22.6964
33860000 22.6961
33870000 22.6956
33880000 22.6952
33890000 22.6948
33900000 22.6945
33910000 22.6941
33920000 22.6937
33930000 22.6934
33940000 22.6929
33950000 22.6925
33960000 22.6922
33970000 22.6917
33980000 22.6913
33990000 22.6909
34000000 22.6904
34010000 22.6901
34020000 22.6897
34030000 22.6893
34040000 22.6889
34050000 22.6885
34060000 22.6879
34070000 22.6876
34080000 22.6871
34090000 22.6868
34100000 22.6864
34110000 22.6861
34120000 22.6856
34130000 22.6851
34140000 22.6847
34150000 22.6843
34160000 22.684
34170000 22.6836
34180000 22.6831
34190000 22.6828
34200000 22.6824
34210000 22.682
34220000 22.6816
34230000 22.6813
34240000 22.6807
34250000 22.6804
34260000 22.6801
34270000 22.6797
34280000 22.6793
34290000 22.6788
34300000 22.6785
34310000 22.6781
34320000 22.6778
34330000 22.6774
34340000 22.677
34350000 22.6767
34360000 22.6763
34370000 22.6759
34380000 22.6754
34390000 22.6752
34400000 22.6746
34410000 22.6743
34420000 22.674
34430000 22.6734
34440000 22.6731
34450000 22.6727
34460000 22.6723
34470000 22.6719
34480000 22.6715
34490000 22.6711
34500000 22.6707
34510000 22.6703
34520000 22.67
34530000 22.6696
34540000 22.6692
34550000 22.6688
34560000 22.6685
34570000 22.6681
34580000 22.6678
34590000 22.6674
34600000 22.667
34610000 22.6665
34620000 22.666
34630000 22.6656
34640000 22.6653
34650000 22.6649
34660000 22.6645
34670000 22.6641
34680000 22.6636
34690000 22.6631
34700000 22.6628
34710000 22.6625
34720000 22.6622
34730000 22.6618
34740000 22.6614
34750000 22.661
34760000 22.6606
34770000 22.6603
34780000 22.6599
34790000 22.6595
34800000 22.6592
34810000 22.6588
34820000 22.6584
34830000 22.658
34840000 22.6576
34850000 22.6572
34860000 22.6567
34870000 22.6564
34880000 22.6561
34890000 22.6558
34900000 22.6554
34910000 22.655
34920000 22.6545
34930000 22.6541
34940000 22.6538
34950000 22.6533
34960000 22.6529
34970000 22.6526
34980000 22.6521
34990000 22.6518
35000000 22.6515
35010000 22.651
35020000 22.6506
35030000 22.6502
35040000 22.6499
35050000 22.6494
35060000 22.6491
35070000 22.6489
35080000 22.6485
35090000 22.648
35100000 22.6475
35110000 22.6471
35120000 22.6467
35130000 22.6463
35140000 22.6459
35150000 22.6456
35160000 22.6452
35170000 22.6447
35180000 22.6443
35190000 22.6438
35200000 22.6435
35210000 22.6431
35220000 22.6429
35230000 22.6425
35240000 22.6422
35250000 22.6417
35260000 22.6414
35270000 22.6411
35280000 22.6405
35290000 22.6402
35300000 22.6396
35310000 22.6393
35320000 22.639
35330000 22.6386
35340000 22.6382
35350000 22.6378
35360000 22.6374
35370000 22.6372
35380000 22.6369
35390000 22.6364
35400000 22.636
35410000 22.6355
35420000 22.635
35430000 22.6346
35440000 22.6341
35450000 22.6336
35460000 22.6334
35470000 22.6329
35480000 22.6324
35490000 22.6321
35500000 22.6317
35510000 22.6313
35520000 22.631
35530000 22.6306
35540000 22.6303
35550000 22.6298
35560000 22.6296
35570000 22.6292
35580000 22.6288
35590000 22.6284
35600000 22.628
35610000 22.6277
35620000 22.6273
35630000 22.6269
35640000 22.6265
35650000 22.6262
35660000 22.626
35670000 22.6255
35680000 22.625
35690000 22.6248
35700000 22.6244
35710000 22.624
35720000 22.6236
35730000 22.6233
35740000 22.6229
35750000 22.6225
35760000 22.6221
35770000 22.6216
35780000 22.6211
35790000 22.6208
35800000 22.6205
35810000 22.6201
35820000 22.6197
35830000 22.6195
35840000 22.619
35850000 22.6185
35860000 22.6181
35870000 22.6176
35880000 22.6173
35890000 22.6167
35900000 22.6164
35910000 22.616
35920000 22.6157
35930000 22.6153
35940000 22.615
35950000 22.6147
35960000 22.6143
35970000 22.6139
35980000 22.6136
35990000 22.6131
36000000 22.6128
36010000 22.6124
36020000 22.6121
36030000 22.6116
36040000 22.6111
36050000 22.6108
36060000 22.6105
36070000 22.6101
36080000 22.6098
36090000 22.6093
36100000 22.609
36110000 22.6086
36120000 22.6083
36130000 22.6079
36140000 22.6075
36150000 22.6073
36160000 22.6068
36170000 22.6064
36180000 22.6061
36190000 22.6057
36200000 22.6053
36210000 22.6048
36220000 22.6046
36230000 22.6043
36240000 22.604
36250000 22.6036
36260000 22.6032
36270000 22.6026
36280000 22.6022
36290000 22.6018
36300000 22.6015
36310000 22.6011
36320000 22.6008
36330000 22.6004
36340000 22.6
36350000 22.5997
36360000 22.5994
36370000 22.5989
36380000 22.5986
36390000 22.5982
36400000 22.5979
36410000 22.5975
36420000 22.5971
36430000 22.5966
36440000 22.5963
36450000 22.5959
36460000 22.5956
36470000 22.5952
36480000 22.5949
36490000 22.5945
36500000 22.5941
36510000 22.5936
36520000 22.5933
36530000 22.5929
36540000 22.5925
36550000 22.592
36560000 22.5917
36570000 22.5913
36580000 22.5909
36590000 22.5906
36600000 22.5903
36610000 22.5897
36620000 22.5893
36630000 22.589
36640000 22.5887
36650000 22.5883
36660000 22.588
36670000 22.5875
36680000 22.587
36690000 22.5867
36700000 22.5864
36710000 22.5859
36720000 22.5856
36730000 22.5853
36740000 22.5848
36750000 22.5845
36760000 22.5842
36770000 22.5837
36780000 22.5834
36790000 22.5829
36800000 22.5826
36810000 22.5824
36820000 22.582
36830000 22.5816
36840000 22.5812
36850000 22.5808
36860000 22.5805
36870000 22.5801
36880000 22.5798
36890000 22.5794
36900000 22.5791
36910000 22.5786
36920000 22.5783
36930000 22.5779
36940000 22.5776
36950000 22.5773
36960000 22.5768
36970000 22.5764
36980000 22.576
36990000 22.5756
37000000 22.5753
37010000 22.5749
37020000 22.5746
37030000 22.5743
37040000 22.5738
37050000 22.5734
37060000 22.5729
37070000 22.5725
37080000 22.5723
37090000 22.5719
37100000 22.5715
37110000 22.5711
37120000 22.5706
37130000 22.5703
37140000 22.5701
37150000 22.5696
37160000 22.5692
37170000 22.5689
37180000 22.5685
37190000 22.5683
37200000 22.568
37210000 22.5677
37220000 22.5671
37230000 22.5668
37240000 22.5663
37250000 22.566
37260000 22.5656
37270000 22.5652
37280000 22.5649
37290000 22.5645
37300000 22.5641
37310000 22.5637
37320000 22.5632
37330000 22.5629
37340000 22.5623
37350000 22.562
37360000 22.5616
37370000 22.5613
37380000 22.5611
37390000 22.5608
37400000 22.5603
37410000 22.56
37420000 22.5596
37430000 22.5592
37440000 22.5589
37450000 22.5586
37460000 22.5582
37470000 22.5578
37480000 22.5575
37490000 22.5572
37500000 22.5568
37510000 22.5564
37520000 22.556
37530000 22.5557
37540000 22.5554
37550000 22.5551
37560000 22.5548
37570000 22.5545
37580000 22.5539
37590000 22.5536
37600000 22.5532
37610000 22.5528
37620000 22.5525
37630000 22.552
37640000 22.5517
37650000 22.5514
37660000 22.551
37670000 22.5507
37680000 22.5504
37690000 22.55
37700000 22.5497
37710000 22.5494
37720000 22.5491
37730000 22.5487
37740000 22.5484
37750000 22.548
37760000 22.5477
37770000 22.5472
37780000 22.5469
37790000 22.5464
37800000 22.546
37810000 22.5457
37820000 22.5453
37830000 22.5449
37840000 22.5444
37850000 22.5441
37860000 22.5437
37870000 22.5432
37880000 22.5429
37890000 22.5425
37900000 22.5421
37910000 22.5416
37920000 22.5412
37930000 22.5408
37940000 22.5404
37950000 22.5401
37960000 22.5398
37970000 22.5394
37980000 22.5391
37990000 22.5387
38000000 22.5383
38010000 22.538
38020000 22.5375
38030000 22.5371
38040000 22.5368
38050000 22.5365
38060000 22.536
38070000 22.5357
38080000 22.5353
38090000 22.535
38100000 22.5347
38110000 22.5342
38120000 22.5338
38130000 22.5334
38140000 22.533
38150000 22.5327
38160000 22.5323
38170000 22.5321
38180000 22.5315
38190000 22.5312
38200000 22.5309
38210000 22.5306
38220000 22.5303
38230000 22.5299
38240000 22.5296
38250000 22.5292
38260000 22.5289
38270000 22.5283
38280000 22.5281
38290000 22.5276
38300000 22.5272
38310000 22.5268
38320000 22.5264
38330000 22.526
38340000 22.5257
38350000 22.5254
38360000 22.5249
38370000 22.5243
38380000 22.524
38390000 22.5237
38400000 22.5233
38410000 22.523
38420000 22.5226
38430000 22.5223
38440000 22.522
38450000 22.5216
38460000 22.5213
38470000 22.5208
38480000 22.5206
38490000 22.5202
38500000 22.5198
38510000 22.5194
38520000 22.5189
38530000 22.5185
38540000 22.5182
38550000 22.5178
38560000 22.5174
38570000 22.5171
38580000 22.5167
38590000 22.5164
38600000 22.5161
38610000 22.5157
38620000 22.5154
38630000 22.5149
38640000 22.5146
38650000 22.5144
38660000 22.5141
38670000 22.5135
38680000 22.5131
38690000 22.5128
38700000 22.5126
38710000 22.5123
38720000 22.5118
38730000 22.5113
38740000 22.511
38750000 22.5106
38760000 22.5102
38770000 22.5099
38780000 22.5096
38790000 22.5092
38800000 22.5089
38810000 22.5086
38820000 22.5083
38830000 22.5079
38840000 22.5076
38850000 22.5072
38860000 22.5069
38870000 22.5066
38880000 22.5063
38890000 22.5058
38900000 22.5055
38910000 22.5051
38920000 22.5048
38930000 22.5045
38940000 22.504
38950000 22.5035
38960000 22.5031
38970000 22.5028
38980000 22.5024
38990000 22.5021
39000000 22.5017
39010000 22.5013
39020000 22.5011
39030000 22.5006
39040000 22.5004
39050000 22.5001
39060000 22.4998
39070000 22.4993
39080000 22.4988
39090000 22.4985
39100000 22.498
39110000 22.4977
39120000 22.4974
39130000 22.4971
39140000 22.4968
39150000 22.4964
39160000 22.4962
39170000 22.4958
39180000 22.4954
39190000 22.495
39200000 22.4947
39210000 22.4943
39220000 22.4938
39230000 22.4935
39240000 22.4932
39250000 22.4927
39260000 22.4924
39270000 22.4921
39280000 22.4918
39290000 22.4915
39300000 22.4911
39310000 22.4907
39320000 22.4903
39330000 22.4899
39340000 22.4894
39350000 22.489
39360000 22.4887
39370000 22.4884
39380000 22.488
39390000 22.4877
39400000 22.4874
39410000 22.4871
39420000 22.4867
39430000 22.4863
39440000 22.486
39450000 22.4856
39460000 22.4852
39470000 22.4849
39480000 22.4847
39490000 22.4842
39500000 22.4839
39510000 22.4835
39520000 22.4831
39530000 22.4829
39540000 22.4826
39550000 22.4821
39560000 22.4817
39570000 22.4814
39580000 22.4811
39590000 22.4808
39600000 22.4805
39610000 22.4801
39620000 22.4797
39630000 22.4794
39640000 22.4789
39650000 22.4786
39660000 22.4782
39670000 22.4779
39680000 22.4776
39690000 22.4771
39700000 22.4768
39710000 22.4765
39720000 22.4763
39730000 22.476
39740000 22.4756
39750000 22.4751
39760000 22.4748
39770000 22.4745
39780000 22.4739
39790000 22.4736
39800000 22.4732
39810000 22.4728
39820000 22.4724
39830000 22.4721
39840000 22.4718
39850000 22.4714
39860000 22.471
39870000 22.4706
39880000 22.4703
39890000 22.4699
39900000 22.4697
39910000 22.4694
39920000 22.4691
39930000 22.4687
39940000 22.4683
39950000 22.4679
39960000 22.4675
39970000 22.4672
39980000 22.4668
39990000 22.4665
40000000 22.4661
40010000 22.4655
40020000 22.4653
40030000 22.465
40040000 22.4647
40050000 22.4643
40060000 22.464
40070000 22.4635
40080000 22.4631
40090000 22.4628
40100000 22.4625
40110000 22.4622
40120000 22.4619
40130000 22.4615
40140000 22.4611
40150000 22.4606
40160000 22.4604
40170000 22.4601
40180000 22.4596
40190000 22.4592
40200000 22.4589
40210000 22.4585
40220000 22.4583
40230000 22.458
40240000 22.4576
40250000 22.4572
40260000 22.4569
40270000 22.4565
40280000 22.4559
40290000 22.4555
40300000 22.4552
40310000 22.4548
40320000 22.4546
40330000 22.4541
40340000 22.4539
40350000 22.4535
40360000 22.453
40370000 22.4526
40380000 22.4522
40390000 22.4519
40400000 22.4516
40410000 22.4512
40420000 22.4509
40430000 22.4505
40440000 22.4502
40450000 22.4497
40460000 22.4493
40470000 22.449
40480000 22.4486
40490000 22.4482
40500000 22.4478
40510000 22.4474
40520000 22.4472
40530000 22.4468
40540000 22.4466
40550000 22.4461
40560000 22.4458
40570000 22.4454
40580000 22.4449
40590000 22.4445
40600000 22.4441
40610000 22.4436
40620000 22.4434
40630000 22.443
40640000 22.4426
40650000 22.4422
40660000 22.4419
40670000 22.4415
40680000 22.4411
40690000 22.4407
40700000 22.4405
40710000 22.4402
40720000 22.4398
40730000 22.4395
40740000 22.4392
40750000 22.4388
40760000 22.4384
40770000 22.4381
40780000 22.4378
40790000 22.4375
40800000 22.4372
40810000 22.4368
40820000 22.4363
40830000 22.436
40840000 22.4356
40850000 22.4353
40860000 22.435
40870000 22.4349
40880000 22.4344
40890000 22.4341
40900000 22.4336
40910000 22.4332
40920000 22.4328
40930000 22.4326
40940000 22.4322
40950000 22.4317
40960000 22.4314
40970000 22.4309
40980000 22.4306
40990000 22.4304
41000000 22.4298
41010000 22.4294
41020000 22.4289
41030000 22.4287
41040000 22.4285
41050000 22.4281
41060000 22.4277
41070000 22.4274
41080000 22.4271
41090000 22.4267
41100000 22.4264
41110000 22.426
41120000 22.4258
41130000 22.4255
41140000 22.4251
41150000 22.4247
41160000 22.4243
41170000 22.4239
41180000 22.4236
41190000 22.4232
41200000 22.4227
41210000 22.4224
41220000 22.422
41230000 22.4216
41240000 22.4212
41250000 22.421
41260000 22.4206
41270000 22.4203
41280000 22.4199
41290000 22.4196
41300000 22.4194
41310000 22.4189
41320000 22.4185
41330000 22.4182
41340000 22.4178
41350000 22.4175
41360000 22.4173
41370000 22.4168
41380000 22.4164
41390000 22.4161
41400000 22.4157
41410000 22.4153
41420000 22.4149
41430000 22.4145
41440000 22.4141
41450000 22.4136
41460000 22.4133
41470000 22.4129
41480000 22.4126
41490000 22.4122
41500000 22.4119
41510000 22.4115
41520000 22.4112
41530000 22.4109
41540000 22.4106
41550000 22.4102
41560000 22.4098
41570000 22.4095
41580000 22.4092
41590000 22.4088
41600000 22.4084
41610000 22.408
41620000 22.4078
41630000 22.4075
41640000 22.4069
41650000 22.4066
41660000 22.4064
41670000 22.4061
41680000 22.4058
41690000 22.4053
41700000 22.405
41710000 22.4047
41720000 22.4044
41730000 22.404
41740000 22.4036
41750000 22.4032
41760000 22.403
41770000 22.4026
41780000 22.4023
41790000 22.4018
41800000 22.4016
41810000 22.4013
41820000 22.4009
41830000 22.4005
41840000 22.4002
41850000 22.3998
41860000 22.3994
41870000 22.3991
41880000 22.3987
41890000 22.3984
41900000 22.3982
41910000 22.398
41920000 22.3976
41930000 22.3972
41940000 22.3968
41950000 22.3964
41960000 22.3961
41970000 22.3957
41980000 22.3955
41990000 22.3953
42000000 22.395
42010000 22.3946
42020000 22.3942
42030000 22.3938
42040000 22.3935
42050000 22.3931
42060000 22.3928
42070000 22.3925
42080000 22.3921
42090000 22.3917
42100000 22.3913
42110000 22.3909
42120000 22.3905
42130000 22.3901
42140000 22.3898
42150000 22.3896
42160000 22.3892
42170000 22.3888
42180000 22.3884
42190000 22.3881
42200000 22.3879
42210000 22.3874
42220000 22.3871
42230000 22.3865
42240000 22.3862
42250000 22.3858
42260000 22.3856
42270000 22.3852
42280000 22.385
42290000 22.3847
42300000 22.3842
42310000 22.3838
42320000 22.3834
42330000 22.383
42340000 22.3828
42350000 22.3824
42360000 22.3821
42370000 22.3817
42380000 22.3813
42390000 22.381
42400000 22.3806
42410000 22.3803
42420000 22.38
42430000 22.3797
42440000 22.3793
42450000 22.379
42460000 22.3786
42470000 22.3782
42480000 22.3778
42490000 22.3775
42500000 22.3771
42510000 22.3765
42520000 22.3761
42530000 22.3758
42540000 22.3755
42550000 22.3752
42560000 22.3747
42570000 22.3743
42580000 22.374
42590000 22.3738
42600000 22.3735
42610000 22.3732
42620000 22.3727
42630000 22.3723
42640000 22.372
42650000 22.3716
42660000 22.3714
42670000 22.371
42680000 22.3707
42690000 22.3705
42700000 22.3701
42710000 22.3696
42720000 22.3693
42730000 22.3691
42740000 22.3686
42750000 22.3683
42760000 22.3679
42770000 22.3676
42780000 22.3673
42790000 22.3669
42800000 22.3666
42810000 22.3661
42820000 22.3658
42830000 22.3654
42840000 22.3651
42850000 22.3647
42860000 22.3645
42870000 22.3642
42880000 22.3638
42890000 22.3634
42900000 22.3632
42910000 22.3629
42920000 22.3624
42930000 22.3621
42940000 22.3617
42950000 22.3614
42960000 22.3611
42970000 22.3607
42980000 22.3605
42990000 22.3602
43000000 22.3598
43010000 22.3596
43020000 22.3592
43030000 22.3589
43040000 22.3585
43050000 22.3581
43060000 22.3578
43070000 22.3574
43080000 22.3571
43090000 22.3567
43100000 22.3565
43110000 22.3561
43120000 22.3558
43130000 22.3555
43140000 22.3553
43150000 22.3548
43160000 22.3545
43170000 22.3542
43180000 22.3538
43190000 22.3535
43200000 22.3531
43210000 22.3529
43220000 22.3525
43230000 22.3522
43240000 22.3518
43250000 22.3514
43260000 22.351
43270000 22.3507
43280000 22.3503
43290000 22.3499
43300000 22.3495
43310000 22.3491
43320000 22.3489
43330000 22.3485
43340000 22.3482
43350000 22.3481
43360000 22.3476
43370000 22.3473
43380000 22.3469
43390000 22.3466
43400000 22.3462
43410000 22.346
43420000 22.3457
43430000 22.3453
43440000 22.3451
43450000 22.3447
43460000 22.3445
43470000 22.3441
43480000 22.3437
43490000 22.3434
43500000 22.3431
43510000 22.3427
43520000 22.3423
43530000 22.3419
43540000 22.3416
43550000 22.3414
43560000 22.3411
43570000 22.3409
43580000 22.3405
43590000 22.34
43600000 22.3397
43610000 22.3394
43620000 22.3391
43630000 22.3388
43640000 22.3384
43650000 22.3381
43660000 22.3378
43670000 22.3374
43680000 22.3371
43690000 22.3368
43700000 22.3365
43710000 22.336
43720000 22.3358
43730000 22.3355
43740000 22.3351
43750000 22.3348
43760000 22.3345
43770000 22.3341
43780000 22.3338
43790000 22.3334
43800000 22.3331
43810000 22.3329
43820000 22.3326
43830000 22.3322
43840000 22.3317
43850000 22.3313
43860000 22.331
43870000 22.3306
43880000 22.3303
43890000 22.33
43900000 22.3295
43910000 22.3293
43920000 22.329
43930000 22.3286
43940000 22.3282
43950000 22.3279
43960000 22.3276
43970000 22.3271
43980000 22.3267
43990000 22.3262
44000000 22.3259
44010000 22.3256
44020000 22.3252
44030000 22.3249
44040000 22.3245
44050000 22.3242
44060000 22.3239
44070000 22.3236
44080000 22.3232
44090000 22.3228
44100000 22.3226
44110000 22.3222
44120000 22.3218
44130000 22.3215
44140000 22.3211
44150000 22.3207
44160000 22.3203
44170000 22.3199
44180000 22.3195
44190000 22.3193
44200000 22.3189
44210000 22.3187
44220000 22.3183
44230000 22.318
44240000 22.3176
44250000 22.3174
44260000 22.3171
44270000 22.3168
44280000 22.3162
44290000 22.3159
44300000 22.3155
44310000 22.3151
44320000 22.3149
44330000 22.3145
44340000 22.3143
44350000 22.3139
44360000 22.3135
44370000 22.3133
44380000 22.3129
44390000 22.3125
44400000 22.3122
44410000 22.3119
44420000 22.3115
44430000 22.3111
44440000 22.3108
44450000 22.3104
44460000 22.3101
44470000 22.3097
44480000 22.3093
44490000 22.309
44500000 22.3087
44510000 22.3083
44520000 22.308
44530000 22.3076
44540000 22.3073
44550000 22.3069
44560000 22.3065
44570000 22.3063
44580000 22.3061
44590000 22.3059
44600000 22.3055
44610000 22.305
44620000 22.3047
44630000 22.3045
44640000 22.304
44650000 22.3037
44660000 22.3034
44670000 22.3031
44680000 22.3027
44690000 22.3024
44700000 22.3021
44710000 22.3017
44720000 22.3013
44730000 22.3009
44740000 22.3007
44750000 22.3004
44760000 22.2999
44770000 22.2996
44780000 22.2993
44790000 22.299
44800000 22.2987
44810000 22.2984
44820000 22.2981
44830000 22.2977
44840000 22.2974
44850000 22.2969
44860000 22.2965
44870000 22.2962
44880000 22.2958
44890000 22.2956
44900000 22.2951
44910000 22.2948
44920000 22.2944
44930000 22.2941
44940000 22.2938
44950000 22.2934
44960000 22.2931
44970000 22.2928
44980000 22.2926
44990000 22.2922
45000000 22.292
45010000 22.2917
45020000 22.2914
45030000 22.2909
45040000 22.2906
45050000 22.2903
45060000 22.29
45070000 22.2896
45080000 22.2892
45090000 22.2889
45100000 22.2886
45110000 22.2884
45120000 22.2879
45130000 22.2875
45140000 22.2872
45150000 22.2867
45160000 22.2864
45170000 22.2862
45180000 22.2858
45190000 22.2856
45200000 22.2852
45210000 22.2847
45220000 22.2844
45230000 22.2841
45240000 22.2838
45250000 22.2835
45260000 22.2832
45270000 22.2827
45280000 22.2824
45290000 22.282
45300000 22.2818
45310000 22.2814
45320000 22.2809
45330000 22.2806
45340000 22.2802
45350000 22.2799
45360000 22.2795
45370000 22.2793
45380000 22.279
45390000 22.2787
45400000 22.2783
45410000 22.2781
45420000 22.2778
45430000 22.2773
45440000 22.277
45450000 22.2766
45460000 22.2763
45470000 22.2761
45480000 22.2757
45490000 22.2752
45500000 22.275
45510000 22.2747
45520000 22.2743
45530000 22.274
45540000 22.2736
45550000 22.2733
45560000 22.273
45570000 22.2727
45580000 22.2725
45590000 22.272
45600000 22.2716
45610000 22.2713
45620000 22.2711
45630000 22.2707
45640000 22.2704
45650000 22.27
45660000 22.2697
45670000 22.2694
45680000 22.2689
45690000 22.2684
45700000 22.2681
45710000 22.2678
45720000 22.2674
45730000 22.2671
45740000 22.2669
45750000 22.2665
45760000 22.2662
45770000 22.2659
45780000 22.2656
45790000 22.2652
45800000 22.2649
45810000 22.2647
45820000 22.2642
45830000 22.264
45840000 22.2637
45850000 22.2633
45860000 22.2631
45870000 22.2627
45880000 22.2624
45890000 22.2621
45900000 22.2618
45910000 22.2615
45920000 22.2612
45930000 22.2609
45940000 22.2607
45950000 22.2604
45960000 22.26
45970000 22.2597
45980000 22.2596
45990000 22.2592
46000000 22.2589
46010000 22.2583
46020000 22.2581
46030000 22.2577
46040000 22.2574
46050000 22.2572
46060000 22.2568
46070000 22.2565
46080000 22.2563
46090000 22.2559
46100000 22.2556
46110000 22.2552
46120000 22.2548
46130000 22.2545
46140000 22.2542
46150000 22.2539
46160000 22.2536
46170000 22.2534
46180000 22.2531
46190000 22.2526
46200000 22.2523
46210000 22.2519
46220000 22.2516
46230000 22.2513
46240000 22.251
46250000 22.2507
46260000 22.2504
46270000 22.25
46280000 22.2497
46290000 22.2494
46300000 22.2491
46310000 22.2487
46320000 22.2483
46330000 22.2481
46340000 22.2477
46350000 22.2474
46360000 22.247
46370000 22.2466
46380000 22.246
46390000 22.2458
46400000 22.2455
46410000 22.2452
46420000 22.2448
46430000 22.2444
46440000 22.2441
46450000 22.2439
46460000 22.2436
46470000 22.2432
46480000 22.2428
46490000 22.2424
46500000 22.2421
46510000 22.2418
46520000 22.2414
46530000 22.2411
46540000 22.2409
46550000 22.2405
46560000 22.2402
46570000 22.2398
46580000 22.2395
46590000 22.2392
46600000 22.2389
46610000 22.2387
46620000 22.2383
46630000 22.2379
46640000 22.2375
46650000 22.2371
46660000 22.2368
46670000 22.2364
46680000 22.2362
46690000 22.2359
46700000 22.2356
46710000 22.2352
46720000 22.2349
46730000 22.2346
46740000 22.2342
46750000 22.2339
46760000 22.2335
46770000 22.2331
46780000 22.2327
46790000 22.2325
46800000 22.2321
46810000 22.2319
46820000 22.2315
46830000 22.2314
46840000 22.231
46850000 22.2306
46860000 22.2301
46870000 22.2297
46880000 22.2294
46890000 22.229
46900000 22.2288
46910000 22.2285
46920000 22.2282
46930000 22.2279
46940000 22.2276
46950000 22.2273
46960000 22.2269
46970000 22.2266
46980000 22.2264
46990000 22.2261
47000000 22.2257
47010000 22.2255
47020000 22.2252
47030000 22.2249
47040000 22.2245
47050000 22.2242
47060000 22.2238
47070000 22.2235
47080000 22.2232
47090000 22.2228
47100000 22.2226
47110000 22.2221
47120000 22.2218
47130000 22.2215
47140000 22.2212
47150000 22.2209
47160000 22.2204
47170000 22.22
47180000 22.2197
47190000 22.2194
47200000 22.219
47210000 22.2188
47220000 22.2184
47230000 22.2182
47240000 22.2179
47250000 22.2174
47260000 22.2172
47270000 22.2168
47280000 22.2164
47290000 22.216
47300000 22.2157
47310000 22.2153
47320000 22.2149
47330000 22.2145
47340000 22.2143
47350000 22.2139
47360000 22.2136
47370000 22.2133
47380000 22.2131
47390000 22.2128
47400000 22.2125
47410000 22.2121
47420000 22.2118
47430000 22.2114
47440000 22.2111
47450000 22.2109
47460000 22.2107
47470000 22.2104
47480000 22.21
47490000 22.2096
47500000 22.2092
47510000 22.209
47520000 22.2087
47530000 22.2085
47540000 22.2081
47550000 22.2077
47560000 22.2074
47570000 22.2071
47580000 22.2067
47590000 22.2065
47600000 22.2063
47610000 22.2061
47620000 22.2057
47630000 22.2053
47640000 22.205
47650000 22.2048
47660000 22.2045
47670000 22.204
47680000 22.2037
47690000 22.2034
47700000 22.203
47710000 22.2027
47720000 22.2024
47730000 22.2021
47740000 22.2017
47750000 22.2014
47760000 22.2011
47770000 22.2007
47780000 22.2005
47790000 22.2002
47800000 22.1998
47810000 22.1995
47820000 22.1992
47830000 22.1988
47840000 22.1984
47850000 22.198
47860000 22.1977
47870000 22.1974
47880000 22.197
47890000 22.1966
47900000 22.1964
47910000 22.1962
47920000 22.1959
47930000 22.1956
47940000 22.1953
47950000 22.1948
47960000 22.1945
47970000 22.1942
47980000 22.1939
47990000 22.1936
48000000 22.1934
48010000 22.1931
48020000 22.1928
48030000 22.1923
48040000 22.192
48050000 22.1918
48060000 22.1915
48070000 22.1911
48080000 22.1907
48090000 22.1903
48100000 22.1899
48110000 22.1897
48120000 22.1893
48130000 22.189
48140000 22.1887
48150000 22.1884
48160000 22.1882
48170000 22.188
48180000 22.1877
48190000 22.1873
48200000 22.187
48210000 22.1868
48220000 22.1864
48230000 22.186
48240000 22.1857
48250000 22.1856
48260000 22.1854
48270000 22.1851
48280000 22.1845
48290000 22.1842
48300000 22.1839
48310000 22.1835
48320000 22.1831
48330000 22.1828
48340000 22.1825
48350000 22.1822
48360000 22.1818
48370000 22.1816
48380000 22.1812
48390000 22.1809
48400000 22.1806
48410000 22.1803
48420000 22.18
48430000 22.1796
48440000 22.1794
48450000 22.179
48460000 22.1787
48470000 22.1784
48480000 22.178
48490000 22.1777
48500000 22.1773
48510000 22.177
48520000 22.1767
48530000 22.1764
48540000 22.1761
48550000 22.1757
48560000 22.1753
48570000 22.175
48580000 22.1747
48590000 22.1744
48600000 22.1741
48610000 22.1738
48620000 22.1735
48630000 22.1731
48640000 22.1727
48650000 22.1722
48660000 22.172
48670000 22.1716
48680000 22.1714
48690000 22.1711
48700000 22.1708
48710000 22.1705
48720000 22.1702
48730000 22.17
48740000 22.1696
48750000 22.1692
48760000 22.1689
48770000 22.1685
48780000 22.1681
48790000 22.1678
48800000 22.1676
48810000 22.1672
48820000 22.1668
48830000 22.1665
48840000 22.1662
48850000 22.1658
48860000 22.1656
48870000 22.1653
48880000 22.165
48890000 22.1648
48900000 22.1644
48910000 22.1641
48920000 22.1638
48930000 22.1633
48940000 22.163
48950000 22.1626
48960000 22.1624
48970000 22.162
48980000 22.1617
48990000 22.1615
49000000 22.1611
49010000 22.1608
49020000 22.1606
49030000 22.1603
49040000 22.16
49050000 22.1596
49060000 22.1592
49070000 22.1588
49080000 22.1585
49090000 22.1582
49100000 22.158
49110000 22.1575
49120000 22.1573
49130000 22.1569
49140000 22.1566
49150000 22.1562
49160000 22.1559
49170000 22.1556
49180000 22.1554
49190000 22.1551
49200000 22.1548
49210000 22.1544
49220000 22.1541
49230000 22.1538
49240000 22.1535
49250000 22.1532
49260000 22.1528
49270000 22.1524
49280000 22.1522
49290000 22.1519
49300000 22.1515
49310000 22.1512
49320000 22.1508
49330000 22.1505
49340000 22.1502
49350000 22.1501
49360000 22.1498
49370000 22.1494
49380000 22.1491
49390000 22.1488
49400000 22.1485
49410000 22.1481
49420000 22.1478
49430000 22.1475
49440000 22.1472
49450000 22.1468
49460000 22.1464
49470000 22.1461
49480000 22.1458
49490000 22.1456
49500000 22.1454
49510000 22.145
49520000 22.1447
49530000 22.1444
49540000 22.1442
49550000 22.1438
49560000 22.1434
49570000 22.1432
49580000 22.1429
49590000 22.1425
49600000 22.1423
49610000 22.142
49620000 22.1416
49630000 22.1412
49640000 22.141
49650000 22.1407
49660000 22.1403
49670000 22.1399
49680000 22.1396
49690000 22.1393
49700000 22.1389
49710000 22.1386
49720000 22.1384
49730000 22.138
49740000 22.1377
49750000 22.1372
49760000 22.1369
49770000 22.1367
49780000 22.1363
49790000 22.1361
49800000 22.1358
49810000 22.1356
49820000 22.1353
49830000 22.1348
49840000 22.1346
49850000 22.1343
49860000 22.134
49870000 22.1337
49880000 22.1335
49890000 22.1332
49900000 22.133
49910000 22.1325
49920000 22.132
49930000 22.1317
49940000 22.1314
49950000 22.131
49960000 22.1308
49970000 22.1306
49980000 22.1303
49990000 22.13
50000000 22.1297
