10000 193.217
20000 123.207
30000 88.1052
40000 65.0254
50000 49.7931
60000 37.3932
70000 30.9526
80000 25.3583
90000 21.4563
100000 19.2761
110000 17.8306
120000 15.4161
130000 14.2977
140000 13.4572
150000 12.9308
160000 12.1391
170000 11.8195
180000 11.4032
190000 10.8948
200000 10.7236
210000 10.4188
220000 10.2476
230000 10.039
240000 9.87294
250000 9.67836
260000 9.58589
270000 9.32007
280000 9.10187
290000 9.02973
300000 8.9006
310000 8.78007
320000 8.6245
330000 8.50323
340000 8.67978
350000 8.2985
360000 8.28866
370000 8.33954
380000 8.43333
390000 8.08503
400000 8.09161
410000 7.93983
420000 7.73931
430000 7.69181
440000 7.7752
450000 7.70416
460000 7.64606
470000 7.5298
480000 7.49184
490000 7.42254
500000 7.41992
510000 7.27506
520000 7.30311
530000 7.31635
540000 7.23485
550000 7.13032
560000 7.03323
570000 7.14875
580000 6.96351
590000 7.108
600000 7.10032
610000 6.86421
620000 6.9837
630000 7.04467
640000 6.99528
650000 6.80431
660000 6.77847
670000 6.81097
680000 6.81154
690000 6.76686
700000 6.86377
710000 6.65932
720000 6.90292
730000 6.65499
740000 6.62834
750000 6.60799
760000 6.47617
770000 6.65717
780000 6.62162
790000 6.70995
800000 6.41332
810000 6.41901
820000 6.40032
830000 6.45748
840000 6.35828
850000 6.40186
860000 6.38478
870000 6.39795
880000 6.3817
890000 6.29635
900000 6.27853
910000 6.19925
920000 6.30307
930000 6.3444
940000 6.12496
950000 6.17388
960000 6.16852
970000 6.15774
980000 6.19847
990000 6.04535
1000000 6.06526
1010000 6.10224
1020000 6.09957
1030000 5.98964
1040000 6.09473
1050000 6.10982
1060000 5.90807
1070000 5.93539
1080000 6.00801
1090000 6.05612
1100000 6.01605
1110000 5.93027
1120000 6.1259
1130000 5.97078
1140000 5.81947
1150000 5.97763
1160000 6.09905
1170000 6.01839
1180000 6.01389
1190000 5.9034
1200000 6.11905
1210000 6.01557
1220000 5.82934
1230000 6.03511
1240000 6.39815
1250000 5.87737
1260000 5.79127
1270000 5.94985
1280000 5.70518
1290000 5.79454
1300000 5.75725
1310000 5.90271
1320000 5.78586
1330000 5.78538
1340000 5.89179
1350000 5.66668
1360000 5.68821
1370000 5.74137
1380000 5.6362
1390000 5.60925
1400000 5.72627
1410000 5.66319
1420000 5.69378
1430000 5.72743
1440000 5.70106
1450000 5.85032
1460000 5.61966
1470000 5.67638
1480000 5.61171
1490000 5.67105
1500000 5.63181
1510000 5.64054
1520000 5.75031
1530000 5.5366
1540000 5.65064
1550000 5.67733
1560000 5.76266
1570000 5.80288
1580000 5.63362
1590000 5.49331
1600000 5.62673
1610000 5.63564
1620000 5.46602
1630000 5.51023
1640000 5.50275
1650000 5.40152
1660000 5.33211
1670000 5.37955
1680000 5.70057
1690000 5.5805
1700000 5.51857
1710000 5.47163
1720000 5.61009
1730000 5.52678
1740000 5.45699
1750000 5.51668
1760000 5.46366
1770000 5.48595
1780000 5.38501
1790000 5.37178
1800000 5.3132
1810000 5.41335
1820000 5.43314
1830000 5.59644
1840000 5.38872
1850000 5.33933
1860000 5.41703
1870000 5.44754
1880000 5.62929
1890000 5.28731
1900000 5.34845
1910000 5.36768
1920000 5.50389
1930000 5.35054
1940000 5.51193
1950000 5.4294
1960000 5.42792
1970000 5.49654
1980000 5.36137
1990000 5.35879
2000000 5.37995
2010000 5.3263
2020000 5.21587
2030000 5.29434
2040000 5.4332
2050000 5.4701
2060000 5.29099
2070000 5.23704
2080000 5.2812
2090000 5.31855
2100000 5.24597
2110000 5.34428
2120000 5.28105
2130000 5.37052
2140000 5.37333
2150000 5.33772
2160000 5.21133
2170000 5.29489
2180000 5.24574
2190000 5.22281
2200000 5.32991
2210000 5.58203
2220000 5.35415
2230000 5.35144
2240000 5.2058
2250000 5.22745
2260000 5.37517
2270000 5.22298
2280000 5.23999
2290000 5.35555
2300000 5.33731
2310000 5.33924
2320000 5.26752
2330000 5.17935
2340000 5.26165
2350000 5.34953
2360000 5.05092
2370000 5.38908
2380000 5.28992
2390000 5.31558
2400000 5.2333
2410000 5.12883
2420000 5.16875
2430000 5.16992
2440000 5.15894
2450000 5.17147
2460000 5.17022
2470000 5.41201
2480000 5.16176
2490000 5.23346
2500000 5.21159
2510000 5.1984
2520000 5.22425
2530000 5.13959
2540000 5.34767
2550000 5.13832
2560000 5.30572
2570000 5.29204
2580000 5.09371
2590000 5.14427
2600000 5.23844
2610000 5.15365
2620000 5.16797
2630000 5.13554
2640000 5.04689
2650000 5.25106
2660000 5.07853
2670000 5.27368
2680000 5.24826
2690000 5.16499
2700000 5.10489
2710000 5.13636
2720000 5.19944
2730000 5.2227
2740000 5.10601
2750000 5.05424
2760000 5.10282
2770000 5.08462
2780000 5.14715
2790000 5.10149
2800000 5.14698
2810000 5.02134
2820000 5.07593
2830000 5.12122
2840000 5.14677
2850000 5.21086
2860000 5.31291
2870000 5.11779
2880000 5.01808
2890000 5.1
2900000 5.12619
2910000 4.97763
2920000 5.09884
2930000 5.03134
2940000 5.07469
2950000 5.24648
2960000 5.17504
2970000 5.32477
2980000 5.05109
2990000 5.05426
3000000 5.1323
3010000 4.98113
3020000 4.96096
3030000 5.02032
3040000 4.9737
3050000 4.9285
3060000 5.09465
3070000 5.01272
3080000 4.92378
3090000 5.00615
3100000 5.11815
3110000 4.99311
3120000 5.06474
3130000 5.01307
3140000 4.93137
3150000 4.97702
3160000 4.99631
3170000 4.91822
3180000 4.95479
3190000 5.11649
3200000 5.04722
3210000 4.95533
3220000 5.12088
3230000 4.9285
3240000 5.21502
3250000 5.08152
3260000 5.03568
3270000 5.01477
3280000 5.15803
3290000 4.9393
3300000 5.04968
3310000 5.18293
3320000 5.21998
3330000 4.92588
3340000 5.13639
3350000 4.83609
3360000 4.95761
3370000 4.96501
3380000 4.85669
3390000 5.03878
3400000 4.8866
3410000 5.04084
3420000 4.98837
3430000 4.97678
3440000 5.12392
3450000 5.05541
3460000 5.10832
3470000 4.9378
3480000 5.21721
3490000 5.16717
3500000 4.86724
3510000 4.96028
3520000 5.05607
3530000 5.10978
3540000 4.99695
3550000 5.08597
3560000 4.8805
3570000 4.93722
3580000 4.97616
3590000 4.94308
3600000 4.99735
3610000 5.02487
3620000 5.31102
3630000 5.01771
3640000 4.93897
3650000 5.11436
3660000 4.87081
3670000 4.97734
3680000 4.88142
3690000 4.74353
3700000 4.96277
3710000 4.94069
3720000 5.04657
3730000 4.89678
3740000 4.9912
3750000 5.0572
3760000 4.86552
3770000 4.95312
3780000 4.84357
3790000 5.19832
3800000 5.08296
3810000 5.01109
3820000 4.99156
3830000 5.02914
3840000 4.92771
3850000 4.86957
3860000 5.02489
3870000 4.91928
3880000 4.81365
3890000 4.92322
3900000 4.98263
3910000 4.94014
3920000 4.89491
3930000 5.08481
3940000 5.03637
3950000 5.25276
3960000 4.87729
3970000 4.84407
3980000 5.01365
3990000 4.96226
4000000 4.99379
4010000 4.93956
4020000 4.8737
4030000 4.85656
4040000 5.0962
4050000 4.85829
4060000 4.88555
4070000 4.80823
4080000 5.18858
4090000 4.88325
4100000 4.83999
4110000 4.75839
4120000 4.98547
4130000 4.94558
4140000 4.91807
4150000 4.87479
4160000 4.99051
4170000 4.94677
4180000 4.87911
4190000 4.78394
4200000 4.98976
4210000 4.80694
4220000 4.79335
4230000 4.79525
4240000 4.7255
4250000 4.86055
4260000 5.00381
4270000 4.96104
4280000 4.86226
4290000 4.91601
4300000 4.94385
4310000 4.89758
4320000 4.91538
4330000 4.9686
4340000 4.79551
4350000 4.8835
4360000 4.8268
4370000 4.92253
4380000 4.80997
4390000 4.88668
4400000 4.90688
4410000 4.8113
4420000 4.92721
4430000 4.87255
4440000 4.873
4450000 4.9511
4460000 4.72806
4470000 4.95932
4480000 4.79883
4490000 4.81047
4500000 4.8799
4510000 5.11185
4520000 4.82808
4530000 4.99538
4540000 4.89766
4550000 4.99316
4560000 4.87852
4570000 4.84529
4580000 4.9586
4590000 4.83166
4600000 4.98584
4610000 4.87058
4620000 4.81207
4630000 4.99283
4640000 4.73586
4650000 4.89047
4660000 4.87932
4670000 4.85977
4680000 5.14882
4690000 4.98066
4700000 5.05078
4710000 4.89764
4720000 4.95792
4730000 4.78726
4740000 4.79399
4750000 4.79901
4760000 4.70939
4770000 4.74519
4780000 4.74995
4790000 4.8889
4800000 4.83381
4810000 4.79409
4820000 4.78867
4830000 4.7368
4840000 4.74166
4850000 4.86047
4860000 4.85818
4870000 4.82953
4880000 4.96429
4890000 4.80265
4900000 4.80177
4910000 4.77287
4920000 4.85386
4930000 4.78523
4940000 4.74164
4950000 4.86264
4960000 4.77857
4970000 4.79406
4980000 4.84711
4990000 4.71513
5000000 4.76423
5010000 4.7205
5020000 4.8748
5030000 4.64809
5040000 4.69728
5050000 4.79322
5060000 4.722
5070000 4.79686
5080000 4.81887
5090000 4.82632
5100000 5.00288
5110000 4.8397
5120000 4.78272
5130000 4.83479
5140000 4.83474
5150000 4.8525
5160000 4.76819
5170000 4.66037
5180000 4.65877
5190000 4.54599
5200000 4.68788
5210000 4.85371
5220000 4.72235
5230000 4.72734
5240000 4.72539
5250000 4.74106
5260000 4.70126
5270000 4.7057
5280000 4.81307
5290000 4.79805
5300000 4.73147
5310000 4.69536
5320000 4.72578
5330000 4.73986
5340000 4.75345
5350000 4.82444
5360000 4.60646
5370000 4.73132
5380000 4.68343
5390000 4.67493
5400000 4.82613
5410000 4.6503
5420000 4.70294
5430000 4.86895
5440000 4.68998
5450000 4.73945
5460000 4.73329
5470000 4.72131
5480000 4.80404
5490000 4.96587
5500000 4.79666
5510000 4.76735
5520000 4.79631
5530000 4.81603
5540000 4.81274
5550000 4.79128
5560000 4.8137
5570000 4.67491
5580000 4.6431
5590000 4.70334
5600000 4.75083
5610000 5.12522
5620000 4.71538
5630000 4.79839
5640000 4.78863
5650000 4.78621
5660000 4.68148
5670000 4.6798
5680000 4.70749
5690000 4.68919
5700000 4.7504
5710000 4.78849
5720000 4.88866
5730000 4.68632
5740000 4.67908
5750000 4.83169
5760000 4.69885
5770000 4.66915
5780000 4.7238
5790000 4.92814
5800000 4.71252
5810000 4.82935
5820000 4.73785
5830000 4.68281
5840000 4.74341
5850000 4.94801
5860000 4.64892
5870000 4.63841
5880000 4.71957
5890000 4.65008
5900000 4.61401
5910000 4.62761
5920000 4.70537
5930000 4.7462
5940000 4.86602
5950000 4.9
5960000 4.76767
5970000 4.8338
5980000 4.64277
5990000 4.65587
6000000 4.7174
6010000 4.78352
6020000 4.76981
6030000 4.87765
6040000 4.74856
6050000 4.89611
6060000 4.80751
6070000 4.79762
6080000 4.68109
6090000 4.71001
6100000 4.57393
6110000 4.59611
6120000 4.68122
6130000 4.5627
6140000 4.74543
6150000 4.69883
6160000 4.73334
6170000 4.51563
6180000 4.63226
6190000 4.66366
6200000 4.63457
6210000 4.67341
6220000 4.53602
6230000 4.56296
6240000 4.59765
6250000 4.73454
6260000 4.68946
6270000 4.66333
6280000 4.79177
6290000 4.81355
6300000 4.6923
6310000 4.55575
6320000 4.69456
6330000 4.77506
6340000 4.62012
6350000 4.65559
6360000 4.75787
6370000 4.75961
6380000 4.71346
6390000 4.71341
6400000 4.67876
6410000 4.84977
6420000 4.8254
6430000 4.78043
6440000 4.65775
6450000 4.45886
6460000 4.70739
6470000 4.81707
6480000 4.7392
6490000 4.72316
6500000 4.85908
6510000 4.66089
6520000 4.66124
6530000 4.52323
6540000 4.66704
6550000 4.69341
6560000 4.60911
6570000 4.69609
6580000 4.69759
6590000 4.60538
6600000 4.69435
6610000 4.82102
6620000 4.90201
6630000 4.78934
6640000 4.60487
6650000 4.80727
6660000 5.02968
6670000 4.65944
6680000 4.64123
6690000 4.669
6700000 4.63261
6710000 4.67997
6720000 4.62038
6730000 4.64837
6740000 4.62553
6750000 4.69687
6760000 4.6236
6770000 4.71107
6780000 4.7132
6790000 4.51088
6800000 4.64895
6810000 4.6644
6820000 4.72375
6830000 4.83266
6840000 4.59384
6850000 4.82961
6860000 4.65976
6870000 4.52161
6880000 4.69737
6890000 4.61578
6900000 4.69991
6910000 4.65574
6920000 4.81001
6930000 4.71683
6940000 4.56575
6950000 4.65964
6960000 4.66774
6970000 4.68919
6980000 4.69528
6990000 4.71136
7000000 4.68117
7010000 4.90121
7020000 4.6299
7030000 4.58261
7040000 4.63849
7050000 4.57074
7060000 4.60462
7070000 4.67611
7080000 4.57557
7090000 4.66871
7100000 4.61259
7110000 4.62855
7120000 4.78448
7130000 4.58144
7140000 4.74918
7150000 4.58021
7160000 4.61948
7170000 4.71874
7180000 4.72842
7190000 4.62835
7200000 4.66743
7210000 4.76755
7220000 4.82427
7230000 4.81499
7240000 4.71631
7250000 4.55927
7260000 4.51652
7270000 4.52777
7280000 4.63752
7290000 4.72647
7300000 4.62788
7310000 4.51575
7320000 4.4759
7330000 4.47366
7340000 4.7109
7350000 4.62305
7360000 4.72403
7370000 4.69048
7380000 4.7237
7390000 4.68644
7400000 4.50442
7410000 4.69753
7420000 4.59089
7430000 4.56145
7440000 4.7005
7450000 4.59365
7460000 4.50929
7470000 4.73771
7480000 4.72191
7490000 4.62412
7500000 4.6389
7510000 4.61046
7520000 4.59887
7530000 4.58346
7540000 4.71971
7550000 4.55438
7560000 4.514
7570000 4.59719
7580000 4.5349
7590000 4.57947
7600000 4.61064
7610000 4.62919
7620000 4.44754
7630000 4.6315
7640000 4.61751
7650000 4.58904
7660000 4.56865
7670000 4.69009
7680000 4.51752
7690000 4.59674
7700000 4.56032
7710000 4.62693
7720000 4.48318
7730000 4.53105
7740000 4.66823
7750000 4.62696
7760000 4.56814
7770000 4.59179
7780000 4.54966
7790000 4.50693
7800000 4.57588
7810000 4.62386
7820000 4.50022
7830000 4.49364
7840000 4.63607
7850000 4.64651
7860000 4.65269
7870000 4.63506
7880000 4.65319
7890000 4.48688
7900000 4.63984
7910000 4.57372
7920000 4.6293
7930000 4.69329
7940000 4.60315
7950000 4.63434
7960000 4.64396
7970000 4.79334
7980000 4.60622
7990000 4.56268
8000000 4.53328
8010000 4.57933
8020000 4.48718
8030000 4.61542
8040000 4.64159
8050000 4.6252
8060000 4.5768
8070000 4.56651
8080000 4.59861
8090000 4.52837
8100000 4.72333
8110000 4.593
8120000 4.74774
8130000 4.65674
8140000 4.59704
8150000 4.6415
8160000 4.60229
8170000 4.62994
8180000 4.65282
8190000 4.63944
8200000 4.66423
8210000 4.72885
8220000 4.73388
8230000 4.67488
8240000 4.65583
8250000 4.53657
8260000 4.7108
8270000 4.49281
8280000 4.52432
8290000 4.64854
8300000 4.6221
8310000 4.69386
8320000 4.71377
8330000 4.49188
8340000 4.75542
8350000 4.47869
8360000 4.51722
8370000 4.59253
8380000 4.68195
8390000 4.55872
8400000 4.53524
8410000 4.53841
8420000 4.64149
8430000 4.47374
8440000 4.61815
8450000 4.55552
8460000 4.80813
8470000 4.74813
8480000 4.53242
8490000 4.44582
8500000 4.55969
8510000 4.58092
8520000 4.49374
8530000 4.48419
8540000 4.42342
8550000 4.75224
8560000 4.53041
8570000 4.6639
8580000 4.6726
8590000 4.64403
8600000 4.73682
8610000 4.49721
8620000 5.05956
8630000 4.471
8640000 4.5812
8650000 4.59933
8660000 4.49125
8670000 4.77256
8680000 4.64394
8690000 4.74915
8700000 4.70491
8710000 4.71035
8720000 4.53278
8730000 4.60001
8740000 4.74098
8750000 4.42258
8760000 4.44375
8770000 4.37991
8780000 4.52335
8790000 4.64114
8800000 4.39692
8810000 4.58229
8820000 4.51704
8830000 4.62725
8840000 4.64521
8850000 4.6149
8860000 4.54722
8870000 4.44341
8880000 4.39035
8890000 4.48932
8900000 4.6207
8910000 4.54442
8920000 4.68123
8930000 4.55126
8940000 4.67635
8950000 4.57762
8960000 4.6624
8970000 4.61466
8980000 4.7009
8990000 4.58114
9000000 4.4439
9010000 4.51168
9020000 4.70239
9030000 4.53912
9040000 4.61059
9050000 4.54641
9060000 4.55001
9070000 4.43886
9080000 4.68575
9090000 4.65597
9100000 4.63787
9110000 4.62222
9120000 4.65802
9130000 4.57158
9140000 4.50646
9150000 4.62902
9160000 4.60994
9170000 4.64095
9180000 4.47328
9190000 4.56763
9200000 4.4053
9210000 4.52022
9220000 4.58427
9230000 4.59102
9240000 4.77405
9250000 4.65128
9260000 4.56758
9270000 4.61666
9280000 4.56989
9290000 4.41603
9300000 4.51444
9310000 4.45095
9320000 4.51302
9330000 4.51439
9340000 4.73988
9350000 4.69389
9360000 4.60335
9370000 4.52545
9380000 4.39784
9390000 4.42817
9400000 4.60514
9410000 4.56464
9420000 4.5866
9430000 4.64577
9440000 4.46047
9450000 4.62647
9460000 4.477
9470000 4.59708
9480000 4.5387
9490000 4.6295
9500000 4.62171
9510000 4.50372
9520000 4.64004
9530000 4.62752
9540000 4.67891
9550000 4.65762
9560000 4.45165
9570000 4.45496
9580000 4.50167
9590000 4.48202
9600000 4.57279
9610000 4.47509
9620000 4.49276
9630000 4.77857
9640000 4.54702
9650000 4.48581
9660000 4.5179
9670000 4.49127
9680000 4.61033
9690000 4.58319
9700000 4.54734
9710000 4.53718
9720000 4.65695
9730000 4.6051
9740000 4.65176
9750000 4.58324
9760000 4.76623
9770000 4.56441
9780000 4.4167
9790000 4.47724
9800000 4.50091
9810000 4.54174
9820000 4.48889
9830000 4.48883
9840000 4.50374
9850000 4.50678
9860000 4.45965
9870000 4.46146
9880000 4.53147
9890000 4.63215
9900000 4.71521
9910000 4.42265
9920000 4.52427
9930000 4.35263
9940000 4.46633
9950000 4.62769
9960000 4.56608
9970000 4.74596
9980000 4.66002
9990000 4.42354
10000000 4.52976
10010000 4.5041
10020000 4.60841
10030000 4.43024
10040000 4.51422
10050000 4.58994
10060000 4.52363
10070000 4.57694
10080000 4.43615
10090000 4.49197
10100000 4.49869
10110000 4.42828
10120000 4.46897
10130000 4.59264
10140000 4.94051
10150000 4.56543
10160000 4.50134
10170000 4.47643
10180000 4.52077
10190000 4.53293
10200000 4.50518
10210000 4.46848
10220000 4.46894
10230000 4.60978
10240000 4.66003
10250000 4.49211
10260000 4.48026
10270000 4.44542
10280000 4.44002
10290000 4.52428
10300000 4.62329
10310000 4.35775
10320000 4.44418
10330000 4.43294
10340000 4.48736
10350000 4.46091
10360000 4.49457
10370000 4.54799
10380000 4.45438
10390000 4.53218
10400000 4.58459
10410000 4.6115
10420000 4.47606
10430000 4.46491
10440000 4.45418
10450000 4.51068
10460000 4.52552
10470000 4.49281
10480000 4.53757
10490000 4.61199
10500000 4.49415
10510000 4.52737
10520000 4.46155
10530000 4.97744
10540000 4.65321
10550000 4.45147
10560000 4.39759
10570000 4.49003
10580000 4.6726
10590000 4.52607
10600000 4.61407
10610000 4.62885
10620000 4.48509
10630000 4.44748
10640000 4.64149
10650000 4.48799
10660000 4.55714
10670000 4.51084
10680000 4.63258
10690000 4.57279
10700000 4.54137
10710000 4.48979
10720000 4.54431
10730000 4.53424
10740000 4.47081
10750000 4.64551
10760000 4.50988
10770000 4.58949
10780000 4.4519
10790000 4.53425
10800000 4.5293
10810000 4.3798
10820000 4.4628
10830000 4.5775
10840000 4.4314
10850000 4.56577
10860000 4.63669
10870000 4.49112
10880000 4.40924
10890000 4.51462
10900000 4.54705
10910000 4.49116
10920000 4.47613
10930000 4.59889
10940000 4.4903
10950000 4.49584
10960000 4.52966
10970000 4.459
10980000 4.55641
10990000 4.52207
11000000 4.58467
11010000 4.54992
11020000 4.55311
11030000 4.46736
11040000 4.48167
11050000 4.34958
11060000 4.47042
11070000 4.61446
11080000 4.65227
11090000 4.52666
11100000 4.37666
11110000 4.67813
11120000 4.41794
11130000 4.50166
11140000 4.91549
11150000 4.51684
11160000 4.50646
11170000 4.56653
11180000 4.38399
11190000 4.36587
11200000 4.45716
11210000 4.4979
11220000 4.55799
11230000 4.59582
11240000 4.50199
11250000 4.44904
11260000 4.49294
11270000 4.46884
11280000 4.48773
11290000 4.61147
11300000 4.76626
11310000 4.45891
11320000 4.48809
11330000 4.26437
11340000 4.52174
11350000 4.47239
11360000 4.43438
11370000 4.46657
11380000 4.45448
11390000 4.56564
11400000 4.58252
11410000 4.53135
11420000 4.4987
11430000 4.44653
11440000 4.44001
11450000 4.44501
11460000 4.52101
11470000 4.424
11480000 4.2937
11490000 4.35957
11500000 4.40891
11510000 4.42018
11520000 4.3464
11530000 4.37567
11540000 4.46133
11550000 4.29995
11560000 4.39154
11570000 4.38532
11580000 4.36578
11590000 4.27069
11600000 4.52144
11610000 4.59298
11620000 4.33398
11630000 4.58431
11640000 4.50986
11650000 4.38741
11660000 4.33734
11670000 4.41875
11680000 4.5525
11690000 4.40514
11700000 4.5789
11710000 4.45866
11720000 4.45383
11730000 4.37893
11740000 4.41503
11750000 4.63959
11760000 4.47932
11770000 4.35532
11780000 4.60379
11790000 4.48137
11800000 4.49537
11810000 4.45226
11820000 4.5141
11830000 4.41131
11840000 4.61014
11850000 4.42915
11860000 4.33423
11870000 4.29789
11880000 4.35303
11890000 4.39895
11900000 4.64243
11910000 4.51371
11920000 4.47195
11930000 4.45519
11940000 4.49922
11950000 4.42241
11960000 4.44081
11970000 4.45269
11980000 4.59409
11990000 4.52991
12000000 4.49351
12010000 4.50073
12020000 4.55958
12030000 4.76134
12040000 4.53395
12050000 4.42856
12060000 4.47058
12070000 4.59986
12080000 4.66701
12090000 4.36244
12100000 4.33855
12110000 4.42984
12120000 4.40376
12130000 4.29461
12140000 4.59296
12150000 4.42314
12160000 4.53462
12170000 4.37198
12180000 4.37814
12190000 4.39756
12200000 4.50905
12210000 4.46541
12220000 4.52703
12230000 4.32186
12240000 4.30306
12250000 4.36146
12260000 4.37798
12270000 4.35527
12280000 4.49423
12290000 4.46329
12300000 4.40745
12310000 4.34684
12320000 4.37394
12330000 4.54181
12340000 4.30736
12350000 4.47117
12360000 4.4824
12370000 4.54179
12380000 4.37333
12390000 4.34081
12400000 4.34255
12410000 4.42544
12420000 4.41307
12430000 4.46276
12440000 4.57989
12450000 4.43843
12460000 4.40039
12470000 4.41053
12480000 4.44714
12490000 4.44826
12500000 4.75692
12510000 4.42562
12520000 4.33642
12530000 4.45459
12540000 4.4584
12550000 4.4661
12560000 4.33492
12570000 4.24523
12580000 4.30481
12590000 4.34055
12600000 4.43491
12610000 4.57348
12620000 4.5052
12630000 4.58414
12640000 4.58617
12650000 4.53217
12660000 4.4261
12670000 4.38338
12680000 4.53395
12690000 4.29371
12700000 4.30042
12710000 4.46157
12720000 4.38217
12730000 4.46662
12740000 4.33936
12750000 4.3161
12760000 4.44738
12770000 4.51665
12780000 4.49805
12790000 4.45156
12800000 4.35644
12810000 4.41602
12820000 4.36699
12830000 4.33395
12840000 4.48234
12850000 4.64315
12860000 4.43096
12870000 4.48608
12880000 4.40159
12890000 4.46511
12900000 4.62468
12910000 4.28466
12920000 4.59427
12930000 4.37226
12940000 4.40509
12950000 4.32936
12960000 4.29867
12970000 4.37623
12980000 4.34139
12990000 4.36333
13000000 4.49415
13010000 4.28848
13020000 4.3211
13030000 4.22388
13040000 4.34012
13050000 4.52002
13060000 4.55297
13070000 4.6171
13080000 4.3133
13090000 4.39464
13100000 4.31387
13110000 4.53286
13120000 4.4359
13130000 4.61406
13140000 4.40401
13150000 4.33141
13160000 4.38319
13170000 4.43776
13180000 4.36079
13190000 4.29854
13200000 4.56136
13210000 4.46701
13220000 4.61375
13230000 4.43819
13240000 4.46271
13250000 4.47298
13260000 4.33361
13270000 4.3715
13280000 4.47094
13290000 4.37844
13300000 4.42398
13310000 4.4172
13320000 4.52854
13330000 4.44276
13340000 4.37574
13350000 4.3759
13360000 4.44705
13370000 4.33015
13380000 4.30049
13390000 4.28449
13400000 4.41393
13410000 4.42054
13420000 4.39685
13430000 4.38728
13440000 4.6372
13450000 4.43096
13460000 4.29682
13470000 4.56091
13480000 4.49142
13490000 4.43548
13500000 4.46196
13510000 4.50479
13520000 4.39972
13530000 4.54025
13540000 4.33846
13550000 4.3824
13560000 4.62429
13570000 4.79707
13580000 4.45879
13590000 4.34435
13600000 4.32659
13610000 4.36641
13620000 4.40974
13630000 4.53675
13640000 4.35447
13650000 4.4093
13660000 4.45543
13670000 4.4955
13680000 4.71733
13690000 4.47634
13700000 4.30793
13710000 4.40067
13720000 4.33321
13730000 4.47159
13740000 4.44401
13750000 4.47464
13760000 4.46967
13770000 4.42926
13780000 4.34232
13790000 4.35547
13800000 4.35351
13810000 4.34616
13820000 4.40871
13830000 4.44127
13840000 4.31511
13850000 4.25571
13860000 4.42283
13870000 4.41332
13880000 4.43888
13890000 4.425
13900000 4.51333
13910000 4.39517
13920000 4.51107
13930000 4.26282
13940000 4.38619
13950000 4.36872
13960000 4.62788
13970000 4.42586
13980000 4.22595
13990000 4.38142
14000000 4.41649
14010000 4.38524
14020000 4.48155
14030000 4.44882
14040000 4.46266
14050000 4.45389
14060000 4.44416
14070000 4.4276
14080000 4.52908
14090000 4.43739
14100000 4.49636
14110000 4.32766
14120000 4.43887
14130000 4.41163
14140000 4.38033
14150000 4.48757
14160000 4.54626
14170000 4.31917
14180000 4.34217
14190000 4.39622
14200000 4.54295
14210000 4.28761
14220000 4.37033
14230000 4.58257
14240000 4.44274
14250000 4.35492
14260000 4.3296
14270000 4.4582
14280000 4.42497
14290000 4.21837
14300000 4.41905
14310000 4.31541
14320000 4.1786
14330000 4.41538
14340000 4.28587
14350000 4.35871
14360000 4.39053
14370000 4.36806
14380000 4.37087
14390000 4.38477
14400000 4.45625
14410000 4.45285
14420000 4.27262
14430000 4.51116
14440000 4.41446
14450000 4.34056
14460000 4.42405
14470000 4.35201
14480000 4.32084
14490000 4.32478
14500000 4.32258
14510000 4.52148
14520000 4.3854
14530000 4.40784
14540000 4.45827
14550000 4.39559
14560000 4.45531
14570000 4.40677
14580000 4.34946
14590000 4.32899
14600000 4.45679
14610000 4.31866
14620000 4.32208
14630000 4.3243
14640000 4.50203
14650000 4.48094
14660000 4.45642
14670000 4.44036
14680000 4.28613
14690000 4.31947
14700000 4.3549
14710000 4.46338
14720000 4.38148
14730000 4.28004
14740000 4.22461
14750000 4.38007
14760000 4.37368
14770000 4.32017
14780000 4.34729
14790000 4.29338
14800000 4.39487
14810000 4.30814
14820000 4.37201
14830000 4.37059
14840000 4.39703
14850000 4.48353
14860000 4.36894
14870000 4.38705
14880000 4.42713
14890000 4.47901
14900000 4.3368
14910000 4.43889
14920000 4.35204
14930000 4.27418
14940000 4.40078
14950000 4.29842
14960000 4.346
14970000 4.34775
14980000 4.25298
14990000 4.32114
15000000 4.26112
15010000 4.26429
15020000 4.24019
15030000 4.3113
15040000 4.24831
15050000 4.42992
15060000 4.47617
15070000 4.69533
15080000 4.39172
15090000 4.30423
15100000 4.42119
15110000 4.30849
15120000 4.33757
15130000 4.26573
15140000 4.29566
15150000 4.28078
15160000 4.46085
15170000 4.51113
15180000 4.34086
15190000 4.29009
15200000 4.2376
15210000 4.42379
15220000 4.35796
15230000 4.51807
15240000 4.36782
15250000 4.38226
15260000 4.35624
15270000 4.36955
15280000 4.42892
15290000 4.53255
15300000 4.39518
15310000 4.44635
15320000 4.3329
15330000 4.23926
15340000 4.44323
15350000 4.38523
15360000 4.31987
15370000 4.2695
15380000 4.39096
15390000 4.706
15400000 4.30288
15410000 4.42891
15420000 4.48035
15430000 4.37061
15440000 4.34261
15450000 4.49268
15460000 4.32982
15470000 4.52429
15480000 4.43923
15490000 4.32938
15500000 4.26525
15510000 4.43889
15520000 4.41409
15530000 4.48299
15540000 4.38309
15550000 4.40663
15560000 4.32576
15570000 4.30352
15580000 4.22143
15590000 4.25264
15600000 4.29464
15610000 4.36444
15620000 4.32709
15630000 4.28941
15640000 4.21324
15650000 4.41551
15660000 4.30858
15670000 4.4019
15680000 4.37492
15690000 4.37304
15700000 4.35064
15710000 4.38521
15720000 4.47126
15730000 4.37535
15740000 4.45271
15750000 4.30601
15760000 4.28389
15770000 4.30393
15780000 4.38413
15790000 4.30634
15800000 4.24037
15810000 4.45724
15820000 4.30312
15830000 4.38525
15840000 4.35728
15850000 4.38556
15860000 4.45597
15870000 4.43286
15880000 4.45443
15890000 4.60441
15900000 4.40677
15910000 4.35595
15920000 4.4336
15930000 4.37002
15940000 4.32021
15950000 4.432
15960000 4.25996
15970000 4.2665
15980000 4.26741
15990000 4.24317
16000000 4.3995
16010000 4.34318
16020000 4.39749
16030000 4.36498
16040000 4.29948
16050000 4.37295
16060000 4.24826
16070000 4.23161
16080000 4.35898
16090000 4.5208
16100000 4.34946
16110000 4.30056
16120000 4.28636
16130000 4.47944
16140000 4.35091
16150000 4.42595
16160000 4.32986
16170000 4.5217
16180000 4.28857
16190000 4.34458
16200000 4.33091
16210000 4.42929
16220000 4.40293
16230000 4.42024
16240000 4.41791
16250000 4.35659
16260000 4.39601
16270000 4.26412
16280000 4.27149
16290000 4.48924
16300000 4.44282
16310000 4.38411
16320000 4.46676
16330000 4.45671
16340000 4.46295
16350000 4.30953
16360000 4.33682
16370000 4.26922
16380000 4.33042
16390000 4.30686
16400000 4.46593
16410000 4.33162
16420000 4.40713
16430000 4.37535
16440000 4.24146
16450000 4.23739
16460000 4.14756
16470000 4.33657
16480000 4.48015
16490000 4.34852
16500000 4.36941
16510000 4.41001
16520000 4.29688
16530000 4.28033
16540000 4.2602
16550000 4.28081
16560000 4.25816
16570000 4.41516
16580000 4.46421
16590000 4.3889
16600000 4.22218
16610000 4.29107
16620000 4.23923
16630000 4.30593
16640000 4.37944
16650000 4.30838
16660000 4.245
16670000 4.25793
16680000 4.30644
16690000 4.31318
16700000 4.3247
16710000 4.22904
16720000 4.36678
16730000 4.32122
16740000 4.49764
16750000 4.26535
16760000 4.25787
16770000 4.36139
16780000 4.30645
16790000 4.47833
16800000 4.31497
16810000 4.35662
16820000 4.48154
16830000 4.38064
16840000 4.27635
16850000 4.3663
16860000 4.18933
16870000 4.31645
16880000 4.18259
16890000 4.39995
16900000 4.40074
16910000 4.29559
16920000 4.36189
16930000 4.48142
16940000 4.27184
16950000 4.29541
16960000 4.35028
16970000 4.3107
16980000 4.35277
16990000 4.30712
17000000 4.31669
17010000 4.23288
17020000 4.21139
17030000 4.29073
17040000 4.35
17050000 4.32788
17060000 4.33543
17070000 4.28367
17080000 4.3491
17090000 4.25654
17100000 4.36963
17110000 4.3915
17120000 4.2653
17130000 4.32744
17140000 4.29796
17150000 4.41078
17160000 4.32294
17170000 4.24457
17180000 4.26025
17190000 4.34455
17200000 4.23241
17210000 4.31775
17220000 4.30153
17230000 4.32291
17240000 4.32368
17250000 4.25384
17260000 4.26297
17270000 4.25495
17280000 4.43155
17290000 4.37793
17300000 4.45352
17310000 4.33518
17320000 4.4298
17330000 4.49039
17340000 4.42252
17350000 4.43509
17360000 4.23995
17370000 4.226
17380000 4.35627
17390000 4.39238
17400000 4.33561
17410000 4.56619
17420000 4.32877
17430000 4.35136
17440000 4.29129
17450000 4.1835
17460000 4.22049
17470000 4.17582
17480000 4.26302
17490000 4.38442
17500000 4.26518
17510000 4.37533
17520000 4.35806
17530000 4.39847
17540000 4.36861
17550000 4.31014
17560000 4.35758
17570000 4.33066
17580000 4.48422
17590000 4.27164
17600000 4.43528
17610000 4.58441
17620000 4.45924
17630000 4.29365
17640000 4.31025
17650000 4.23101
17660000 4.22474
17670000 4.29679
17680000 4.28207
17690000 4.51007
17700000 4.40476
17710000 4.37823
17720000 4.28989
17730000 4.29216
17740000 4.3528
17750000 4.41479
17760000 4.6418
17770000 4.37653
17780000 4.24907
17790000 4.35037
17800000 4.38372
17810000 4.26479
17820000 4.26751
17830000 4.32052
17840000 4.38299
17850000 4.25683
17860000 4.31528
17870000 4.47684
17880000 4.3023
17890000 4.33326
17900000 4.22346
17910000 4.53504
17920000 4.46641
17930000 4.36323
17940000 4.26857
17950000 4.31887
17960000 4.33978
17970000 4.25381
17980000 4.26444
17990000 4.38287
18000000 4.37992
18010000 4.4604
18020000 4.41251
18030000 4.40352
18040000 4.24739
18050000 4.41061
18060000 4.49218
18070000 4.40693
18080000 4.40878
18090000 4.70405
18100000 4.35459
18110000 4.28543
18120000 4.28775
18130000 4.321
18140000 4.29678
18150000 4.3305
18160000 4.28832
18170000 4.28888
18180000 4.37378
18190000 4.29897
18200000 4.32645
18210000 4.23786
18220000 4.68594
18230000 4.3921
18240000 4.29953
18250000 4.3379
18260000 4.37293
18270000 4.24669
18280000 4.40679
18290000 4.30482
18300000 4.41793
18310000 4.41223
18320000 4.49393
18330000 4.40784
18340000 4.39058
18350000 4.46193
18360000 4.46161
18370000 4.32923
18380000 4.31633
18390000 4.31692
18400000 4.29117
18410000 4.28286
18420000 4.32857
18430000 4.31235
18440000 4.42856
18450000 4.41063
18460000 4.27655
18470000 4.24588
18480000 4.38688
18490000 4.22869
18500000 4.25227
18510000 4.36789
18520000 4.51828
18530000 4.35115
18540000 4.30635
18550000 4.33178
18560000 4.28889
18570000 4.20911
18580000 4.32726
18590000 4.42718
18600000 4.31778
18610000 4.23922
18620000 4.37224
18630000 4.20989
18640000 4.46691
18650000 4.31822
18660000 4.23636
18670000 4.32921
18680000 4.3011
18690000 4.41093
18700000 4.27705
18710000 4.35911
18720000 4.2741
18730000 4.18342
18740000 4.29831
18750000 4.22733
18760000 4.30054
18770000 4.22377
18780000 4.33844
18790000 4.40694
18800000 4.46933
18810000 4.28459
18820000 4.29004
18830000 4.30871
18840000 4.31062
18850000 4.37548
18860000 4.37108
18870000 4.29516
18880000 4.29722
18890000 4.43555
18900000 4.34666
18910000 4.23321
18920000 4.34279
18930000 4.28158
18940000 4.3801
18950000 4.21391
18960000 4.18755
18970000 4.24586
18980000 4.23112
18990000 4.41806
19000000 4.51311
19010000 4.43616
19020000 4.32459
19030000 4.48305
19040000 4.33844
19050000 4.45665
19060000 4.31745
19070000 4.22274
19080000 4.24737
19090000 4.34681
19100000 4.29459
19110000 4.30052
19120000 4.21812
19130000 4.28559
19140000 4.29534
19150000 4.38817
19160000 4.36224
19170000 4.36922
19180000 4.1662
19190000 4.20472
19200000 4.39721
19210000 4.42714
19220000 4.46177
19230000 4.39306
19240000 4.275
19250000 4.19506
19260000 4.52093
19270000 4.27855
19280000 4.29039
19290000 4.40429
19300000 4.18662
19310000 4.25103
19320000 4.31965
19330000 4.19791
19340000 4.19286
19350000 4.43293
19360000 4.4155
19370000 4.33784
19380000 4.25645
19390000 4.25581
19400000 4.25854
19410000 4.43787
19420000 4.45311
19430000 4.34006
19440000 4.32186
19450000 4.05949
19460000 4.19926
19470000 4.25471
19480000 4.32702
19490000 4.25717
19500000 4.3942
19510000 4.30265
19520000 4.43482
19530000 4.26702
19540000 4.4241
19550000 4.4849
19560000 4.22577
19570000 4.17853
19580000 4.23098
19590000 4.30582
19600000 4.2391
19610000 4.17401
19620000 4.27075
19630000 4.30963
19640000 4.21741
19650000 4.36907
19660000 4.34724
19670000 4.27632
19680000 4.45464
19690000 4.25086
19700000 4.23363
19710000 4.34815
19720000 4.3711
19730000 4.31488
19740000 4.23133
19750000 4.24802
19760000 4.61529
19770000 4.39312
19780000 4.27026
19790000 4.32787
19800000 4.21139
19810000 4.15845
19820000 4.23489
19830000 4.38223
19840000 4.2839
19850000 4.22535
19860000 4.45828
19870000 4.2552
19880000 4.32006
19890000 4.18348
19900000 4.2438
19910000 4.31128
19920000 4.43125
19930000 4.34419
19940000 4.26335
19950000 4.18606
19960000 4.33083
19970000 4.42967
19980000 4.29019
19990000 4.31334
20000000 4.22517
20010000 4.27674
20020000 4.43825
20030000 4.2649
20040000 4.27372
20050000 4.26018
20060000 4.35481
20070000 4.22331
20080000 4.39907
20090000 4.23728
20100000 4.24035
20110000 4.23357
20120000 4.27426
20130000 4.30659
20140000 4.37107
20150000 4.37641
20160000 4.34441
20170000 4.2189
20180000 4.18713
20190000 4.2112
20200000 4.36322
20210000 4.18184
20220000 4.26339
20230000 4.11788
20240000 4.32471
20250000 4.27463
20260000 4.31665
20270000 4.29937
20280000 4.32055
20290000 4.19459
20300000 4.51558
20310000 4.31096
20320000 4.31369
20330000 4.25492
20340000 4.30324
20350000 4.19092
20360000 4.26554
20370000 4.23733
20380000 4.29296
20390000 4.26714
20400000 4.27645
20410000 4.23721
20420000 4.45791
20430000 4.29007
20440000 4.18175
20450000 4.22791
20460000 4.33888
20470000 4.18316
20480000 4.3257
20490000 4.30935
20500000 4.37109
20510000 4.23709
20520000 4.3535
20530000 4.17874
20540000 4.23792
20550000 4.21327
20560000 4.21669
20570000 4.33348
20580000 4.28864
20590000 4.44943
20600000 4.32451
20610000 4.2694
20620000 4.34395
20630000 4.40937
20640000 4.17556
20650000 4.30258
20660000 4.25137
20670000 4.15975
20680000 4.30329
20690000 4.35021
20700000 4.32722
20710000 4.2655
20720000 4.30148
20730000 4.27206
20740000 4.23061
20750000 4.26058
20760000 4.31119
20770000 4.34843
20780000 4.23074
20790000 4.42168
20800000 4.35952
20810000 4.10611
20820000 4.23915
20830000 4.24395
20840000 4.32866
20850000 4.11579
20860000 4.39442
20870000 4.1287
20880000 4.29222
20890000 4.19154
20900000 4.3266
20910000 4.34908
20920000 4.31583
20930000 4.39509
20940000 4.20866
20950000 4.1888
20960000 4.27431
20970000 4.2417
20980000 4.27852
20990000 4.43607
21000000 4.30546
21010000 4.24608
21020000 4.44366
21030000 4.37867
21040000 4.27579
21050000 4.15326
21060000 4.17729
21070000 4.33128
21080000 4.26084
21090000 4.28323
21100000 4.4108
21110000 4.38348
21120000 4.2774
21130000 4.40063
21140000 4.2024
21150000 4.41045
21160000 4.21048
21170000 4.22009
21180000 4.23443
21190000 4.27321
21200000 4.31974
21210000 4.22689
21220000 4.18634
21230000 4.31709
21240000 4.44819
21250000 4.30042
21260000 4.18295
21270000 4.34364
21280000 4.21202
21290000 4.34392
21300000 4.25156
21310000 4.22615
21320000 4.23376
21330000 4.35059
21340000 4.22104
21350000 4.36008
21360000 4.31264
21370000 4.30198
21380000 4.2846
21390000 4.24013
21400000 4.37923
21410000 4.40707
21420000 4.38454
21430000 4.31223
21440000 4.4158
21450000 4.33627
21460000 4.24993
21470000 4.3079
21480000 4.24793
21490000 4.25316
21500000 4.24571
21510000 4.31165
21520000 4.26894
21530000 4.17351
21540000 4.22279
21550000 4.23617
21560000 4.22904
21570000 4.37027
21580000 4.22339
21590000 4.34893
21600000 4.30197
21610000 4.30443
21620000 4.38833
21630000 4.26108
21640000 4.19833
21650000 4.11545
21660000 4.27242
21670000 4.29627
21680000 4.17353
21690000 4.243
21700000 4.34806
21710000 4.27802
21720000 4.1724
21730000 4.22292
21740000 4.33328
21750000 4.22029
21760000 4.40771
21770000 4.21361
21780000 4.18747
21790000 4.29561
21800000 4.23279
21810000 4.38741
21820000 4.52385
21830000 4.29832
21840000 4.27524
21850000 4.21714
21860000 4.26983
21870000 4.22358
21880000 4.2265
21890000 4.282
21900000 4.16501
21910000 4.30984
21920000 4.4475
21930000 4.32185
21940000 4.25247
21950000 4.13298
21960000 4.29019
21970000 4.27983
21980000 4.13281
21990000 4.28693
22000000 4.21778
22010000 4.2073
22020000 4.31733
22030000 4.25985
22040000 4.15014
22050000 4.16247
22060000 4.36635
22070000 4.46891
22080000 4.24087
22090000 4.2097
22100000 4.15391
22110000 4.27072
22120000 4.27625
22130000 4.22343
22140000 4.23006
22150000 4.22612
22160000 4.10711
22170000 4.25371
22180000 4.35283
22190000 4.31608
22200000 4.27323
22210000 4.27562
22220000 4.30838
22230000 4.24906
22240000 4.15459
22250000 4.08932
22260000 4.24049
22270000 4.21555
22280000 4.2501
22290000 4.26781
22300000 4.2537
22310000 4.56274
22320000 4.28319
22330000 4.42471
22340000 4.35371
22350000 4.14974
22360000 4.18131
22370000 4.31498
22380000 4.33514
22390000 4.35494
22400000 4.18393
22410000 4.29735
22420000 4.33058
22430000 4.34141
22440000 4.28778
22450000 4.46332
22460000 4.43975
22470000 4.10032
22480000 4.27751
22490000 4.24246
22500000 4.27572
22510000 4.34972
22520000 4.34629
22530000 4.28965
22540000 4.34831
22550000 4.3621
22560000 4.27581
22570000 4.20163
22580000 4.13907
22590000 4.19636
22600000 4.24496
22610000 4.1893
22620000 4.21225
22630000 4.34476
22640000 4.25101
22650000 4.23777
22660000 4.23926
22670000 4.19573
22680000 4.35894
22690000 4.25366
22700000 4.28041
22710000 4.29501
22720000 4.28375
22730000 4.30788
22740000 4.17934
22750000 4.23646
22760000 4.30464
22770000 4.39594
22780000 4.1971
22790000 4.22323
22800000 4.33762
22810000 4.32405
22820000 4.13855
22830000 4.22079
22840000 4.22962
22850000 4.40231
22860000 4.24534
22870000 4.24361
22880000 4.27812
22890000 4.36362
22900000 4.30047
22910000 4.48599
22920000 4.36681
22930000 4.24036
22940000 4.28505
22950000 4.29216
22960000 4.34563
22970000 4.32183
22980000 4.28042
22990000 4.3017
23000000 4.30227
23010000 4.2053
23020000 4.27647
23030000 4.21157
23040000 4.24057
23050000 4.35981
23060000 4.32599
23070000 4.21037
23080000 4.14978
23090000 4.20081
23100000 4.27102
23110000 4.21302
23120000 4.1781
23130000 4.24821
23140000 4.27108
23150000 4.25997
23160000 4.3748
23170000 4.35047
23180000 4.31721
23190000 4.27115
23200000 4.43955
23210000 4.29857
23220000 4.28084
23230000 4.30311
23240000 4.26625
23250000 4.22667
23260000 4.21705
23270000 4.28657
23280000 4.09395
23290000 4.19534
23300000 4.19557
23310000 4.24474
23320000 4.29792
23330000 4.29753
23340000 4.3832
23350000 4.1619
23360000 4.1934
23370000 4.16831
23380000 4.31065
23390000 4.32283
23400000 4.38074
23410000 4.29264
23420000 4.31963
23430000 4.2265
23440000 4.54582
23450000 4.19849
23460000 4.23082
23470000 4.52536
23480000 4.15611
23490000 4.37753
23500000 4.24656
23510000 4.28177
23520000 4.45436
23530000 4.18347
23540000 4.25898
23550000 4.35035
23560000 4.25237
23570000 4.28187
23580000 4.10008
23590000 4.23898
23600000 4.18452
23610000 4.27786
23620000 4.18367
23630000 4.20885
23640000 4.19054
23650000 4.26838
23660000 4.23783
23670000 4.27978
23680000 4.18881
23690000 4.25935
23700000 4.17046
23710000 4.40697
23720000 4.19821
23730000 4.17672
23740000 4.37679
23750000 4.38846
23760000 4.18065
23770000 4.29865
23780000 4.12526
23790000 4.16425
23800000 4.20847
23810000 4.30067
23820000 4.19634
23830000 4.25203
23840000 4.22661
23850000 4.29141
23860000 4.34421
23870000 4.26895
23880000 4.31411
23890000 4.28186
23900000 4.33324
23910000 4.30594
23920000 4.55131
23930000 4.34408
23940000 4.16683
23950000 4.26308
23960000 4.25328
23970000 4.1659
23980000 4.32131
23990000 4.19845
24000000 4.1853
24010000 4.22813
24020000 4.79389
24030000 4.27166
24040000 4.21255
24050000 4.25399
24060000 4.19874
24070000 4.23632
24080000 4.14575
24090000 4.28703
24100000 4.23409
24110000 4.36749
24120000 4.46615
24130000 4.20404
24140000 4.32234
24150000 4.26824
24160000 4.26051
24170000 4.25794
24180000 4.16769
24190000 4.24867
24200000 4.14083
24210000 4.34905
24220000 4.34991
24230000 4.29028
24240000 4.10617
24250000 4.23496
24260000 4.24212
24270000 4.25194
24280000 4.27539
24290000 4.1546
24300000 4.11653
24310000 4.16252
24320000 4.12732
24330000 4.26695
24340000 4.27863
24350000 4.30787
24360000 4.22927
24370000 4.21892
24380000 4.40466
24390000 4.11374
24400000 4.10422
24410000 4.3263
24420000 4.21303
24430000 4.17856
24440000 4.09952
24450000 4.14857
24460000 4.15958
24470000 4.33106
24480000 4.23646
24490000 4.16107
24500000 4.30159
24510000 4.4712
24520000 4.30535
24530000 4.36389
24540000 4.23205
24550000 4.26046
24560000 4.16566
24570000 4.18799
24580000 4.267
24590000 4.21677
24600000 4.34632
24610000 4.16043
24620000 4.4159
24630000 4.16766
24640000 4.30012
24650000 4.27071
24660000 4.28967
24670000 4.31264
24680000 4.25559
24690000 4.25003
24700000 4.21589
24710000 4.28722
24720000 4.25368
24730000 4.31659
24740000 4.14745
24750000 4.22346
24760000 4.22024
24770000 4.15599
24780000 4.31009
24790000 4.24233
24800000 4.00661
24810000 4.15994
24820000 4.21412
24830000 4.11075
24840000 4.23114
24850000 4.11631
24860000 4.29556
24870000 4.29214
24880000 4.32257
24890000 4.20914
24900000 4.16219
24910000 4.13028
24920000 4.2972
24930000 4.19007
24940000 4.32801
24950000 4.38572
24960000 4.35495
24970000 4.3471
24980000 4.22132
24990000 4.24114
25000000 4.11027
25010000 4.13639
25020000 4.23686
25030000 4.22884
25040000 4.18866
25050000 4.14141
25060000 4.59393
25070000 4.1439
25080000 4.20745
25090000 4.22982
25100000 4.28593
25110000 4.23558
25120000 4.15649
25130000 4.34153
25140000 4.27359
25150000 4.27758
25160000 4.26655
25170000 4.12653
25180000 4.15914
25190000 4.172
25200000 4.17479
25210000 4.10387
25220000 4.15936
25230000 4.11906
25240000 4.12194
25250000 4.07163
25260000 4.18028
25270000 4.3656
25280000 4.17704
25290000 4.07063
25300000 4.26373
25310000 4.16439
25320000 4.184
25330000 4.04956
25340000 4.31946
25350000 4.42111
25360000 4.18692
25370000 4.24501
25380000 4.18195
25390000 4.10503
25400000 4.08656
25410000 4.20933
25420000 4.2565
25430000 4.31398
25440000 4.19545
25450000 4.31573
25460000 4.13197
25470000 4.20946
25480000 4.32919
25490000 4.07919
25500000 4.18428
25510000 4.17333
25520000 4.38973
25530000 4.20243
25540000 4.13275
25550000 4.19655
25560000 4.19771
25570000 4.32589
25580000 4.2052
25590000 4.22963
25600000 4.34221
25610000 4.28167
25620000 4.43715
25630000 4.35549
25640000 4.34387
25650000 4.41892
25660000 4.43004
25670000 4.22953
25680000 4.26156
25690000 4.4648
25700000 4.23822
25710000 4.27016
25720000 4.34077
25730000 4.30271
25740000 4.20819
25750000 4.24087
25760000 4.23675
25770000 4.31908
25780000 4.31454
25790000 4.16514
25800000 4.18044
25810000 4.23474
25820000 4.12499
25830000 4.33133
25840000 4.08474
25850000 4.14547
25860000 4.2097
25870000 4.24384
25880000 4.19203
25890000 4.45189
25900000 4.33588
25910000 4.14981
25920000 4.21446
25930000 4.10466
25940000 4.29585
25950000 4.12591
25960000 4.0693
25970000 4.27477
25980000 4.26256
25990000 4.24011
26000000 4.29828
26010000 4.50085
26020000 4.40011
26030000 4.22917
26040000 4.12395
26050000 4.13626
26060000 4.19564
26070000 4.13607
26080000 4.15442
26090000 4.20431
26100000 4.159
26110000 4.18661
26120000 4.10245
26130000 4.27793
26140000 4.18131
26150000 4.09808
26160000 4.33312
26170000 4.24161
26180000 4.28243
26190000 4.24252
26200000 4.35359
26210000 4.38017
26220000 4.13798
26230000 4.1839
26240000 4.26201
26250000 4.2249
26260000 4.33429
26270000 4.29333
26280000 4.09885
26290000 4.28637
26300000 4.24263
26310000 4.14148
26320000 4.22177
26330000 4.23728
26340000 4.37735
26350000 4.28494
26360000 4.39836
26370000 4.24025
26380000 4.14445
26390000 4.16923
26400000 4.21195
26410000 4.21225
26420000 4.08902
26430000 4.2671
26440000 4.11804
26450000 4.14014
26460000 4.2032
26470000 4.23846
26480000 4.05896
26490000 4.14634
26500000 4.25178
26510000 4.18326
26520000 4.288
26530000 4.1605
26540000 4.04631
26550000 4.21793
26560000 4.23066
26570000 4.37462
26580000 4.28986
26590000 4.40232
26600000 4.15177
26610000 4.14588
26620000 4.18942
26630000 4.1936
26640000 4.22071
26650000 4.12198
26660000 4.2756
26670000 4.15214
26680000 4.22346
26690000 4.12784
26700000 4.14084
26710000 4.22874
26720000 4.23088
26730000 4.19267
26740000 4.17963
26750000 4.15752
26760000 4.26815
26770000 4.24679
26780000 4.282
26790000 4.25376
26800000 4.30497
26810000 4.18078
26820000 4.23784
26830000 4.13091
26840000 4.14787
26850000 4.24039
26860000 4.20318
26870000 4.10686
26880000 4.30085
26890000 4.29263
26900000 4.05067
26910000 4.09609
26920000 4.20036
26930000 4.28232
26940000 4.24499
26950000 4.29632
26960000 4.27636
26970000 4.43401
26980000 4.36186
26990000 4.29106
27000000 4.15457
27010000 4.17153
27020000 4.21924
27030000 4.29436
27040000 4.3502
27050000 4.20297
27060000 4.16591
27070000 4.11432
27080000 4.29138
27090000 4.24224
27100000 4.22243
27110000 4.15954
27120000 4.20129
27130000 4.18721
27140000 4.2146
27150000 4.1321
27160000 4.11128
27170000 4.20304
27180000 4.22362
27190000 4.30322
27200000 4.22796
27210000 4.24148
27220000 4.14928
27230000 4.10256
27240000 4.2354
27250000 4.33346
27260000 4.35503
27270000 4.21517
27280000 4.38125
27290000 4.1596
27300000 4.19898
27310000 4.48961
27320000 4.25696
27330000 4.21282
27340000 4.19334
27350000 4.18743
27360000 4.32914
27370000 4.13899
27380000 4.05168
27390000 4.12354
27400000 4.29355
27410000 4.19115
27420000 4.13889
27430000 4.22061
27440000 4.11068
27450000 4.30545
27460000 4.21562
27470000 4.22078
27480000 4.33721
27490000 4.27851
27500000 4.19132
27510000 4.14507
27520000 4.27962
27530000 4.20124
27540000 4.20212
27550000 4.15574
27560000 4.34902
27570000 4.22552
27580000 4.28933
27590000 4.2282
27600000 4.13386
27610000 4.2742
27620000 4.49412
27630000 4.22164
27640000 4.26832
27650000 4.18456
27660000 4.25032
27670000 4.11899
27680000 4.20336
27690000 4.07693
27700000 4.15464
27710000 4.24458
27720000 4.22586
27730000 4.15528
27740000 4.13222
27750000 4.29238
27760000 4.14192
27770000 4.08893
27780000 4.14138
27790000 4.29834
27800000 4.23532
27810000 4.38241
27820000 4.13856
27830000 4.27739
27840000 4.24764
27850000 4.28659
27860000 4.24228
27870000 4.26376
27880000 4.19731
27890000 4.29575
27900000 4.18068
27910000 4.24415
27920000 4.24388
27930000 4.10197
27940000 4.13547
27950000 4.28304
27960000 4.17346
27970000 4.05064
27980000 4.13503
27990000 4.22084
28000000 4.23943
28010000 4.21718
28020000 4.35488
28030000 4.15732
28040000 4.34296
28050000 4.3557
28060000 4.2409
28070000 4.26105
28080000 4.21257
28090000 4.21635
28100000 4.12867
28110000 4.18433
28120000 4.23352
28130000 4.23745
28140000 4.33031
28150000 4.22044
28160000 4.25162
28170000 4.20264
28180000 4.36946
28190000 4.25648
28200000 4.3343
28210000 4.19151
28220000 4.0741
28230000 4.10671
28240000 4.16559
28250000 4.31534
28260000 4.16975
28270000 4.16714
28280000 4.30218
28290000 4.20782
28300000 4.13329
28310000 4.36949
28320000 4.22562
28330000 4.06942
28340000 4.16212
28350000 4.29691
28360000 4.07047
28370000 4.15338
28380000 4.38712
28390000 4.22374
28400000 4.31746
28410000 4.29214
28420000 4.25769
28430000 4.21637
28440000 4.29038
28450000 4.22425
28460000 4.34442
28470000 4.24623
28480000 4.53341
28490000 4.09437
28500000 4.17999
28510000 4.25747
28520000 4.28414
28530000 4.02324
28540000 4.16331
28550000 4.15257
28560000 4.08159
28570000 4.42252
28580000 4.37941
28590000 4.27896
28600000 4.16305
28610000 4.32793
28620000 4.20936
28630000 4.22751
28640000 4.20966
28650000 4.23732
28660000 4.37918
28670000 4.20734
28680000 4.19584
28690000 4.22733
28700000 4.19667
28710000 4.19169
28720000 4.12006
28730000 4.22685
28740000 4.27212
28750000 4.15357
28760000 4.20119
28770000 4.40527
28780000 4.15976
28790000 4.20552
28800000 4.29907
28810000 4.07013
28820000 4.15611
28830000 4.27534
28840000 4.21893
28850000 4.22495
28860000 4.28014
28870000 4.31124
28880000 4.17076
28890000 4.56243
28900000 4.15514
28910000 4.21531
28920000 4.08877
28930000 4.21035
28940000 4.1944
28950000 4.06294
28960000 4.15218
28970000 4.15732
28980000 4.19237
28990000 4.1484
29000000 4.1419
29010000 4.27912
29020000 4.16672
29030000 4.15042
29040000 4.16638
29050000 4.18022
29060000 4.03607
29070000 4.03999
29080000 4.10704
29090000 4.06198
29100000 4.15376
29110000 4.275
29120000 4.19634
29130000 4.23025
29140000 4.07791
29150000 4.1728
29160000 4.05247
29170000 4.16353
29180000 4.16469
29190000 4.19695
29200000 4.15581
29210000 4.20152
29220000 4.32546
29230000 4.28861
29240000 4.21488
29250000 4.1807
29260000 4.5932
29270000 4.17601
29280000 4.1872
29290000 4.12552
29300000 4.25176
29310000 4.1576
29320000 4.34567
29330000 4.29918
29340000 4.21068
29350000 4.32648
29360000 4.23038
29370000 4.16872
29380000 4.2181
29390000 4.29624
29400000 4.3364
29410000 4.3643
29420000 4.16056
29430000 4.25061
29440000 4.28558
29450000 4.29758
29460000 4.14314
29470000 4.11526
29480000 4.27761
29490000 4.08967
29500000 4.11205
29510000 4.46682
29520000 4.1552
29530000 4.21899
29540000 4.15554
29550000 4.19991
29560000 4.42617
29570000 4.17433
29580000 4.26457
29590000 4.46482
29600000 4.10871
29610000 4.08725
29620000 4.05709
29630000 4.22007
29640000 4.2658
29650000 4.18629
29660000 4.19847
29670000 4.27663
29680000 4.17693
29690000 4.18653
29700000 4.16645
29710000 4.21814
29720000 4.1739
29730000 4.09652
29740000 4.05235
29750000 4.19736
29760000 4.15526
29770000 4.28271
29780000 4.14835
29790000 4.17231
29800000 4.15522
29810000 4.11915
29820000 4.08362
29830000 4.05736
29840000 4.16741
29850000 4.26669
29860000 4.27408
29870000 4.1134
29880000 4.06815
29890000 4.15538
29900000 4.25756
29910000 4.20171
29920000 4.41913
29930000 4.12131
29940000 4.2993
29950000 4.21551
29960000 4.25199
29970000 4.09861
29980000 4.16238
29990000 4.12328
30000000 4.17988
30010000 4.0568
30020000 4.22372
30030000 4.12642
30040000 4.06093
30050000 4.10509
30060000 4.27741
30070000 4.2143
30080000 4.17201
30090000 4.05418
30100000 4.18232
30110000 4.25185
30120000 4.1827
30130000 4.10052
30140000 4.12079
30150000 4.1164
30160000 4.13576
30170000 4.11894
30180000 4.08749
30190000 4.06264
30200000 4.14037
30210000 4.07585
30220000 4.09446
30230000 4.21471
30240000 4.33963
30250000 4.26736
30260000 4.11347
30270000 4.07931
30280000 4.09382
30290000 4.12534
30300000 4.16926
30310000 4.31483
30320000 4.09516
30330000 4.15009
30340000 4.32437
30350000 4.27318
30360000 4.19696
30370000 4.19971
30380000 4.15829
30390000 4.12197
30400000 4.12586
30410000 4.13132
30420000 4.25959
30430000 4.33557
30440000 4.28882
30450000 4.36643
30460000 4.22829
30470000 4.1988
30480000 4.16518
30490000 4.18876
30500000 4.23426
30510000 4.34295
30520000 4.29176
30530000 4.40555
30540000 4.15338
30550000 4.4854
30560000 4.13106
30570000 4.10615
30580000 4.12634
30590000 4.12341
30600000 4.29913
30610000 4.18445
30620000 4.12191
30630000 4.16397
30640000 4.03117
30650000 4.14211
30660000 4.15245
30670000 4.20935
30680000 4.06177
30690000 4.15659
30700000 4.21993
30710000 4.28536
30720000 4.20458
30730000 4.31514
30740000 4.12375
30750000 4.28129
30760000 4.29864
30770000 4.19896
30780000 4.20112
30790000 4.09131
30800000 4.36644
30810000 4.10278
30820000 4.05618
30830000 4.28043
30840000 4.18577
30850000 4.20565
30860000 4.28461
30870000 4.10616
30880000 4.14901
30890000 4.10876
30900000 4.1773
30910000 4.16887
30920000 4.12797
30930000 4.15787
30940000 4.23207
30950000 4.206
30960000 4.211
30970000 4.17876
30980000 4.13517
30990000 4.10916
31000000 4.22085
31010000 4.24309
31020000 4.06088
31030000 4.29859
31040000 4.27927
31050000 4.09056
31060000 4.05105
31070000 4.41156
31080000 4.18512
31090000 4.07369
31100000 4.14587
31110000 4.23534
31120000 4.1166
31130000 4.27332
31140000 4.10097
31150000 4.13784
31160000 4.03849
31170000 4.1
31180000 4.09877
31190000 4.11726
31200000 4.37792
31210000 4.16342
31220000 4.11292
31230000 4.12231
31240000 4.24894
31250000 4.09213
31260000 4.14818
31270000 4.05463
31280000 4.23229
31290000 4.13594
31300000 4.15833
31310000 4.19581
31320000 4.10902
31330000 4.33417
31340000 4.22523
31350000 4.0856
31360000 4.11644
31370000 4.18
31380000 4.20105
31390000 4.12256
31400000 4.0659
31410000 4.18641
31420000 4.29366
31430000 4.17702
31440000 4.24707
31450000 4.14087
31460000 4.19547
31470000 4.15931
31480000 4.17481
31490000 4.19829
31500000 4.44241
31510000 4.00361
31520000 4.21387
31530000 4.20267
31540000 4.20899
31550000 4.20228
31560000 4.22491
31570000 4.17201
31580000 4.0657
31590000 4.12962
31600000 4.16908
31610000 4.16408
31620000 4.26765
31630000 4.17528
31640000 4.24536
31650000 4.27489
31660000 4.20858
31670000 4.19163
31680000 4.18284
31690000 4.11313
31700000 4.24762
31710000 4.57259
31720000 4.06194
31730000 4.14931
31740000 4.22421
31750000 4.19046
31760000 4.13418
31770000 4.19174
31780000 4.24399
31790000 4.05954
31800000 4.25318
31810000 4.11867
31820000 4.12326
31830000 4.16482
31840000 4.22118
31850000 4.11629
31860000 4.16059
31870000 4.25612
31880000 4.1995
31890000 4.34453
31900000 4.09604
31910000 4.10619
31920000 4.18144
31930000 4.1315
31940000 4.21482
31950000 4.07315
31960000 4.09235
31970000 4.03343
31980000 4.08335
31990000 4.06708
32000000 4.12567
32010000 4.168
32020000 4.09296
32030000 4.12184
32040000 4.23887
32050000 4.2219
32060000 4.17655
32070000 4.25509
32080000 4.1084
32090000 4.09051
32100000 4.20374
32110000 4.16961
32120000 4.04437
32130000 4.24735
32140000 4.27648
32150000 4.13166
32160000 4.07287
32170000 4.08479
32180000 4.05761
32190000 4.14677
32200000 4.41387
32210000 4.27131
32220000 4.09526
32230000 4.17413
32240000 4.08427
32250000 4.15974
32260000 4.2115
32270000 4.16496
32280000 4.15742
32290000 4.09397
32300000 4.17891
32310000 4.1285
32320000 4.22849
32330000 4.36181
32340000 4.35677
32350000 4.16946
32360000 4.12635
32370000 4.3175
32380000 4.31452
32390000 4.22601
32400000 4.10356
32410000 4.12838
32420000 4.1657
32430000 4.29585
32440000 4.26477
32450000 4.20173
32460000 4.16744
32470000 4.1813
32480000 4.15988
32490000 4.39514
32500000 4.33452
32510000 4.12187
32520000 4.09675
32530000 4.04835
32540000 4.19087
32550000 4.15503
32560000 4.27468
32570000 4.16924
32580000 4.2243
32590000 4.22875
32600000 4.13294
32610000 3.97642
32620000 4.06944
32630000 4.15239
32640000 4.13031
32650000 4.13335
32660000 4.10322
32670000 4.13245
32680000 4.50639
32690000 4.14814
32700000 4.32054
32710000 4.18563
32720000 4.09593
32730000 4.23536
32740000 4.19317
32750000 4.23384
32760000 4.24382
32770000 4.14361
32780000 4.42951
32790000 4.26806
32800000 4.2173
32810000 4.26699
32820000 4.20012
32830000 4.19925
32840000 4.11934
32850000 4.1128
32860000 4.09453
32870000 4.08289
32880000 4.0446
32890000 4.18706
32900000 4.08579
32910000 4.21458
32920000 4.27734
32930000 4.27547
32940000 4.26154
32950000 4.14303
32960000 4.20388
32970000 4.15777
32980000 4.23508
32990000 4.08981
33000000 4.22178
33010000 4.08477
33020000 4.16259
33030000 4.27329
33040000 4.23687
33050000 4.27266
33060000 4.21131
33070000 4.13349
33080000 4.30399
33090000 4.27609
33100000 4.24421
33110000 4.11191
33120000 4.28028
33130000 4.19854
33140000 4.07464
33150000 4.05798
33160000 4.11781
33170000 4.3198
33180000 4.34985
33190000 4.25775
33200000 4.03872
33210000 3.93589
33220000 4.12402
33230000 4.15293
33240000 4.19903
33250000 4.08326
33260000 4.09015
33270000 4.15814
33280000 4.10904
33290000 4.05303
33300000 4.13684
33310000 4.10623
33320000 4.20125
33330000 4.24736
33340000 4.27992
33350000 4.30711
33360000 4.33764
33370000 4.2029
33380000 4.1267
33390000 4.12686
33400000 4.17322
33410000 4.16202
33420000 4.22358
33430000 4.28275
33440000 4.05548
33450000 4.16548
33460000 4.10712
33470000 4.1133
33480000 4.16378
33490000 4.18869
33500000 4.19006
33510000 4.12349
33520000 4.15983
33530000 4.19539
33540000 4.14511
33550000 4.27476
33560000 4.23288
33570000 4.08474
33580000 4.16892
33590000 4.16965
33600000 4.12295
33610000 4.07
33620000 4.05359
33630000 4.13502
33640000 4.2654
33650000 4.09345
33660000 4.00024
33670000 4.12139
33680000 4.13192
33690000 4.0729
33700000 3.99625
33710000 4.16387
33720000 4.14318
33730000 4.26189
33740000 4.13137
33750000 4.17951
33760000 4.16003
33770000 4.14181
33780000 4.12108
33790000 4.13125
33800000 4.10386
33810000 4.08809
33820000 4.11171
33830000 4.14458
33840000 4.34865
33850000 4.17749
33860000 4.04085
33870000 4.19031
33880000 4.09599
33890000 4.17836
33900000 4.34124
33910000 4.19633
33920000 4.12362
33930000 4.19597
33940000 4.19378
33950000 4.10088
33960000 4.17921
33970000 4.12682
33980000 4.11155
33990000 4.16112
34000000 4.13706
34010000 4.11106
34020000 4.14463
34030000 4.17476
34040000 4.17745
34050000 4.29994
34060000 4.16817
34070000 4.13769
34080000 4.09103
34090000 4.12552
34100000 4.09646
34110000 4.1584
34120000 4.13015
34130000 4.13694
34140000 4.22429
34150000 4.23276
34160000 4.1805
34170000 4.25659
34180000 4.17971
34190000 4.17362
34200000 4.23294
34210000 4.1102
34220000 4.11905
34230000 4.30357
34240000 4.24519
34250000 4.14511
34260000 4.2666
34270000 4.35387
34280000 4.21364
34290000 4.19168
34300000 4.18328
34310000 4.21297
34320000 4.12423
34330000 4.13562
34340000 4.28473
34350000 4.17026
34360000 4.09797
34370000 4.10528
34380000 4.15033
34390000 4.17558
34400000 4.0507
34410000 4.12061
34420000 4.23842
34430000 4.08976
34440000 4.06658
34450000 4.07409
34460000 4.06041
34470000 4.13925
34480000 4.03224
34490000 4.04781
34500000 4.062
34510000 4.04966
34520000 4.07207
34530000 4.03182
34540000 4.14543
34550000 4.32289
34560000 4.20532
34570000 4.11954
34580000 4.11275
34590000 4.37525
34600000 4.17955
34610000 4.09654
34620000 4.10604
34630000 4.09947
34640000 4.11576
34650000 4.20709
34660000 4.23254
34670000 4.79622
34680000 4.12494
34690000 3.94778
34700000 4.01444
34710000 4.08386
34720000 4.2042
34730000 4.01932
34740000 4.03412
34750000 4.0986
34760000 4.15755
34770000 4.22658
34780000 4.05362
34790000 4.13278
34800000 4.18381
34810000 4.23311
34820000 4.17177
34830000 4.28508
34840000 4.21882
34850000 4.2132
34860000 4.07744
34870000 4.04586
34880000 4.13496
34890000 4.18959
34900000 4.12588
34910000 4.16985
34920000 4.25317
34930000 4.13709
34940000 4.16243
34950000 4.08865
34960000 4.12713
34970000 4.09437
34980000 4.14545
34990000 4.13789
35000000 4.26942
35010000 4.25699
35020000 4.15147
35030000 4.10295
35040000 4.0587
35050000 4.04812
35060000 4.13891
35070000 4.14623
35080000 4.2413
35090000 4.22416
35100000 4.09928
35110000 4.09477
35120000 4.10082
35130000 4.13472
35140000 4.15308
35150000 4.21632
35160000 4.15335
35170000 4.17307
35180000 4.08776
35190000 4.08423
35200000 4.15112
35210000 3.98816
35220000 4.2719
35230000 4.18958
35240000 4.4505
35250000 4.12257
35260000 4.20509
35270000 4.31321
35280000 4.23499
35290000 4.23911
35300000 4.20768
35310000 4.09148
35320000 4.29466
35330000 4.2254
35340000 4.27792
35350000 4.08004
35360000 4.04138
35370000 4.1624
35380000 4.20308
35390000 4.1971
35400000 4.27315
35410000 4.1526
35420000 4.15694
35430000 4.21517
35440000 4.18049
35450000 4.02962
35460000 4.35988
35470000 4.29165
35480000 4.07597
35490000 4.18628
35500000 4.21259
35510000 4.0377
35520000 4.17729
35530000 4.00208
35540000 4.15738
35550000 4.07277
35560000 4.24184
35570000 4.11798
35580000 4.10166
35590000 4.21125
35600000 4.21819
35610000 4.18079
35620000 4.22589
35630000 4.02978
35640000 3.98815
35650000 3.94961
35660000 4.07703
35670000 4.13778
35680000 4.05314
35690000 4.25444
35700000 4.16308
35710000 4.16669
35720000 4.12957
35730000 4.33814
35740000 4.00261
35750000 4.18769
35760000 4.2835
35770000 4.19517
35780000 4.00177
35790000 4.12337
35800000 4.23149
35810000 4.13338
35820000 4.14718
35830000 4.19035
35840000 4.06566
35850000 4.08358
35860000 4.14571
35870000 4.32468
35880000 4.15006
35890000 4.01307
35900000 4.11486
35910000 4.28023
35920000 4.1787
35930000 4.06624
35940000 4.19333
35950000 4.13225
35960000 4.16599
35970000 4.12063
35980000 4.11483
35990000 4.19729
36000000 4.04358
36010000 4.19364
36020000 4.06409
36030000 4.11066
36040000 4.05637
36050000 4.34044
36060000 4.12243
36070000 4.26898
36080000 4.15942
36090000 4.08474
36100000 4.02544
36110000 4.11853
36120000 4.11329
36130000 3.98144
36140000 4.23147
36150000 4.1483
36160000 4.16668
36170000 4.03531
36180000 4.05143
36190000 4.11577
36200000 4.20379
36210000 4.08149
36220000 4.15534
36230000 4.29547
36240000 4.30124
36250000 4.17662
36260000 4.15301
36270000 4.15246
36280000 4.0751
36290000 3.99363
36300000 4.1959
36310000 4.09516
36320000 4.11301
36330000 4.03303
36340000 4.24874
36350000 4.11994
36360000 4.20838
36370000 4.06206
36380000 4.14943
36390000 4.02231
36400000 4.27461
36410000 4.28244
36420000 4.05984
36430000 4.04814
36440000 4.07866
36450000 4.20589
36460000 4.3164
36470000 4.0881
36480000 4.23213
36490000 4.17426
36500000 4.17077
36510000 4.05278
36520000 4.1297
36530000 4.17628
36540000 4.37433
36550000 4.00691
36560000 4.11019
36570000 4.32272
36580000 4.10225
36590000 4.13306
36600000 4.30597
36610000 4.29991
36620000 4.02149
36630000 4.15345
36640000 4.19895
36650000 4.14373
36660000 4.28989
36670000 4.17807
36680000 4.01604
36690000 4.28396
36700000 4.20729
36710000 4.00362
36720000 4.1058
36730000 4.08455
36740000 4.10611
36750000 4.14397
36760000 4.16511
36770000 4.23969
36780000 4.21659
36790000 4.12714
36800000 4.05692
36810000 4.10287
36820000 4.14537
36830000 4.09484
36840000 4.13906
36850000 4.06635
36860000 4.1772
36870000 4.13771
36880000 4.00097
36890000 4.11121
36900000 4.19741
36910000 4.18368
36920000 4.18623
36930000 4.11692
36940000 4.13662
36950000 4.08006
36960000 4.19004
36970000 4.0775
36980000 4.06422
36990000 4.00974
37000000 4.18812
37010000 4.18357
37020000 4.23543
37030000 4.4091
37040000 4.20236
37050000 4.31031
37060000 4.0523
37070000 4.26245
37080000 4.1903
37090000 4.17701
37100000 4.18988
37110000 4.29736
37120000 4.18039
37130000 4.02308
37140000 4.11092
37150000 4.16883
37160000 4.06941
37170000 4.16608
37180000 4.08669
37190000 4.16799
37200000 4.26442
37210000 4.15987
37220000 4.10808
37230000 4.09279
37240000 4.1544
37250000 4.01224
37260000 4.10168
37270000 4.12702
37280000 4.13587
37290000 4.05319
37300000 4.05729
37310000 4.14299
37320000 4.20712
37330000 4.22448
37340000 3.98323
37350000 4.01082
37360000 3.99068
37370000 4.0458
37380000 4.34834
37390000 4.12537
37400000 4.08261
37410000 4.03685
37420000 4.0133
37430000 4.07021
37440000 4.05268
37450000 4.27604
37460000 4.317
37470000 4.13946
37480000 4.07312
37490000 4.1816
37500000 4.11224
37510000 4.24813
37520000 4.02919
37530000 4.21084
37540000 4.12389
37550000 4.14495
37560000 4.26101
37570000 4.26261
37580000 4.23631
37590000 4.16355
37600000 4.05312
37610000 4.09096
37620000 4.08973
37630000 4.05808
37640000 4.08627
37650000 4.2169
37660000 4.17149
37670000 4.13835
37680000 4.13627
37690000 4.32958
37700000 4.16209
37710000 4.19794
37720000 4.1749
37730000 4.17938
37740000 4.15119
37750000 4.18219
37760000 4.24394
37770000 4.08857
37780000 4.32399
37790000 4.08716
37800000 4.09249
37810000 4.0343
37820000 4.14598
37830000 4.18254
37840000 4.08795
37850000 4.13521
37860000 4.24357
37870000 4.17978
37880000 4.24682
37890000 4.14716
37900000 4.10189
37910000 4.13835
37920000 4.16753
37930000 4.06538
37940000 4.04929
37950000 4.25189
37960000 4.15047
37970000 4.03765
37980000 4.06556
37990000 4.07583
38000000 4.03303
38010000 4.12639
38020000 3.98415
38030000 3.99316
38040000 4.16256
38050000 4.13547
38060000 4.10294
38070000 4.17845
38080000 4.16552
38090000 4.14495
38100000 4.21635
38110000 4.06626
38120000 4.09361
38130000 4.2749
38140000 4.22396
38150000 4.19135
38160000 4.21286
38170000 4.33143
38180000 4.12072
38190000 4.08139
38200000 4.09709
38210000 4.06847
38220000 4.12484
38230000 4.13155
38240000 4.23703
38250000 4.21113
38260000 4.18613
38270000 4.13835
38280000 4.34106
38290000 4.13328
38300000 4.21457
38310000 4.0919
38320000 4.24863
38330000 4.16529
38340000 4.29003
38350000 4.30024
38360000 4.16165
38370000 4.21376
38380000 4.11385
38390000 4.22897
38400000 4.19827
38410000 4.16676
38420000 4.19726
38430000 4.19795
38440000 4.08833
38450000 4.15679
38460000 4.23683
38470000 4.19216
38480000 4.20779
38490000 4.11834
38500000 4.19818
38510000 4.12095
38520000 4.09323
38530000 4.10314
38540000 4.18462
38550000 4.08187
38560000 4.00968
38570000 4.14027
38580000 4.12003
38590000 4.0797
38600000 4.17868
38610000 4.0893
38620000 4.10402
38630000 4.01079
38640000 4.07529
38650000 4.14141
38660000 4.15759
38670000 4.29842
38680000 4.03364
38690000 4.10288
38700000 4.27773
38710000 4.12768
38720000 4.10784
38730000 3.95882
38740000 4.12262
38750000 4.18313
38760000 4.13451
38770000 4.00178
38780000 4.21613
38790000 4.10606
38800000 4.11115
38810000 4.02398
38820000 4.18351
38830000 4.29319
38840000 4.13085
38850000 4.16953
38860000 4.12779
38870000 4.13771
38880000 4.12164
38890000 4.2362
38900000 4.20986
38910000 4.024
38920000 4.11736
38930000 4.19204
38940000 4.24743
38950000 4.10197
38960000 4.02565
38970000 4.1066
38980000 4.19969
38990000 4.09275
39000000 4.11967
39010000 4.17185
39020000 4.16059
39030000 4.08663
39040000 4.14996
39050000 4.20137
39060000 4.35693
39070000 4.221
39080000 4.17952
39090000 4.20218
39100000 4.01351
39110000 4.11109
39120000 4.03391
39130000 3.98875
39140000 4.0097
39150000 3.91837
39160000 4.26841
39170000 4.07752
39180000 4.22941
39190000 4.07965
39200000 4.17148
39210000 4.14145
39220000 4.16736
39230000 4.10725
39240000 4.03904
39250000 3.98295
39260000 4.13885
39270000 4.15128
39280000 4.11356
39290000 4.2181
39300000 4.22567
39310000 4.19334
39320000 4.4054
39330000 4.21754
39340000 4.11697
39350000 4.08113
39360000 4.05224
39370000 4.09053
39380000 4.13876
39390000 4.00901
39400000 4.16891
39410000 4.20526
39420000 4.20652
39430000 4.12181
39440000 4.0604
39450000 4.14801
39460000 4.15795
39470000 4.1013
39480000 4.13734
39490000 4.32158
39500000 4.23213
39510000 4.10239
39520000 4.244
39530000 4.14718
39540000 4.19163
39550000 4.13046
39560000 4.18302
39570000 4.19397
39580000 4.1444
39590000 4.21719
39600000 4.13418
39610000 4.11508
39620000 4.39171
39630000 4.08695
39640000 4.07952
39650000 4.07023
39660000 4.09937
39670000 4.09845
39680000 4.23905
39690000 4.14504
39700000 4.06793
39710000 4.08388
39720000 4.21028
39730000 4.31925
39740000 4.17501
39750000 4.11996
39760000 4.10738
39770000 4.21897
39780000 4.07916
39790000 4.15227
39800000 4.0985
39810000 4.09617
39820000 4.10581
39830000 4.02801
39840000 4.06833
39850000 4.41101
39860000 4.02526
39870000 4.07405
39880000 4.02013
39890000 4.01805
39900000 4.21792
39910000 4.19374
39920000 4.24126
39930000 4.21437
39940000 4.23523
39950000 4.08305
39960000 4.08907
39970000 4.08988
39980000 4.08409
39990000 4.12658
40000000 4.08598
40010000 4.02734
40020000 4.05533
40030000 4.12827
40040000 4.13307
40050000 4.13563
40060000 4.20231
40070000 4.14966
40080000 4.11698
40090000 4.21036
40100000 4.16061
40110000 4.1177
40120000 4.1782
40130000 4.19909
40140000 4.12514
40150000 4.10441
40160000 4.11722
40170000 4.15457
40180000 4.10938
40190000 3.98531
40200000 4.05875
40210000 4.05428
40220000 4.07012
40230000 4.26449
40240000 4.20674
40250000 4.14471
40260000 4.1325
40270000 4.1606
40280000 4.23079
40290000 4.02162
40300000 4.09904
40310000 4.09291
40320000 4.16617
40330000 4.18741
40340000 4.0705
40350000 4.15629
40360000 4.00847
40370000 4.08214
40380000 4.22559
40390000 4.0723
40400000 4.12548
40410000 4.03771
40420000 4.18744
40430000 4.18066
40440000 4.10872
40450000 4.07009
40460000 4.19732
40470000 4.13743
40480000 4.37674
40490000 4.07245
40500000 4.01605
40510000 3.90095
40520000 4.08662
40530000 4.12522
40540000 4.31494
40550000 4.10818
40560000 4.2023
40570000 4.26868
40580000 4.08605
40590000 4.06314
40600000 4.11332
40610000 4.06926
40620000 4.04887
40630000 4.07186
40640000 4.02939
40650000 4.04021
40660000 4.15033
40670000 4.07876
40680000 4.0488
40690000 3.9726
40700000 4.10845
40710000 4.22699
40720000 4.04954
40730000 4.15028
40740000 4.11852
40750000 4.13796
40760000 4.11598
40770000 4.09776
40780000 4.09279
40790000 4.02965
40800000 4.15385
40810000 4.2024
40820000 4.09085
40830000 4.11626
40840000 4.12166
40850000 4.01254
40860000 4.04729
40870000 4.15013
40880000 4.4845
40890000 4.18929
40900000 4.09394
40910000 4.0796
40920000 4.112
40930000 4.2568
40940000 4.19395
40950000 4.08078
40960000 4.2788
40970000 4.15092
40980000 4.16626
40990000 4.24567
41000000 4.15163
41010000 4.31717
41020000 4.39412
41030000 4.05231
41040000 4.16062
41050000 4.15492
41060000 4.07053
41070000 4.04851
41080000 4.4612
41090000 4.07457
41100000 4.06091
41110000 4.05258
41120000 4.09506
41130000 4.22199
41140000 4.16442
41150000 4.2871
41160000 4.15829
41170000 4.04481
41180000 4.14855
41190000 4.29851
41200000 4.06051
41210000 4.093
41220000 3.97778
41230000 4.00151
41240000 4.02273
41250000 4.09823
41260000 4.18884
41270000 4.09018
41280000 4.16478
41290000 4.03077
41300000 4.27701
41310000 4.15852
41320000 4.06374
41330000 4.13863
41340000 4.03675
41350000 4.09353
41360000 4.26331
41370000 4.16063
41380000 4.06297
41390000 4.20246
41400000 4.32681
41410000 4.16861
41420000 4.10065
41430000 4.2173
41440000 4.07097
41450000 4.07699
41460000 4.2341
41470000 4.07899
41480000 4.02792
41490000 4.15076
41500000 4.04744
41510000 3.95519
41520000 4.08084
41530000 4.17753
41540000 4.18886
41550000 4.00483
41560000 3.99406
41570000 4.10463
41580000 4.10546
41590000 4.072
41600000 4.12849
41610000 4.09765
41620000 4.10818
41630000 4.26078
41640000 4.3833
41650000 4.0373
41660000 4.1264
41670000 4.1391
41680000 4.10524
41690000 3.92464
41700000 4.10181
41710000 4.02059
41720000 4.11854
41730000 4.11661
41740000 4.01593
41750000 4.06857
41760000 4.16125
41770000 4.12514
41780000 4.00923
41790000 4.03252
41800000 4.10605
41810000 4.24857
41820000 4.09824
41830000 4.06665
41840000 4.1409
41850000 4.12692
41860000 4.16571
41870000 4.09885
41880000 4.00318
41890000 3.96662
41900000 3.98992
41910000 4.14599
41920000 4.14411
41930000 4.09319
41940000 4.05458
41950000 4.04732
41960000 4.09837
41970000 4.00053
41980000 4.14026
41990000 4.16408
42000000 4.29418
42010000 4.22674
42020000 4.129
42030000 4.04435
42040000 4.11045
42050000 3.95911
42060000 4.24803
42070000 4.16567
42080000 4.12434
42090000 4.16075
42100000 4.09571
42110000 4.05718
42120000 4.0482
42130000 4.01509
42140000 4.12342
42150000 4.11867
42160000 4.05053
42170000 4.12217
42180000 4.13402
42190000 4.17335
42200000 4.2526
42210000 4.11947
42220000 4.24399
42230000 4.21686
42240000 4.01496
42250000 4.12378
42260000 4.04452
42270000 4.1032
42280000 4.1759
42290000 4.24711
42300000 4.03212
42310000 4.08123
42320000 3.98938
42330000 4.01524
42340000 4.1978
42350000 4.25403
42360000 4.0183
42370000 4.18079
42380000 4.16324
42390000 4.15713
42400000 3.97468
42410000 4.1119
42420000 4.05002
42430000 4.24205
42440000 4.07519
42450000 4.09517
42460000 4.04881
42470000 4.02213
42480000 4.01034
42490000 4.13443
42500000 4.21095
42510000 4.12485
42520000 3.98398
42530000 3.98347
42540000 4.04225
42550000 4.18538
42560000 4.19939
42570000 3.97966
42580000 4.03548
42590000 4.06856
42600000 4.13317
42610000 4.10905
42620000 4.12776
42630000 4.07472
42640000 4.09288
42650000 4.01105
42660000 4.20989
42670000 4.0613
42680000 4.36677
42690000 4.30815
42700000 4.21094
42710000 4.00951
42720000 4.15414
42730000 4.19109
42740000 4.0564
42750000 4.17775
42760000 3.96595
42770000 4.1176
42780000 4.08155
42790000 4.10118
42800000 4.19115
42810000 4.10779
42820000 4.08666
42830000 4.05265
42840000 4.22844
42850000 4.11843
42860000 4.05316
42870000 4.21825
42880000 4.07048
42890000 3.97715
42900000 4.05034
42910000 4.22428
42920000 4.14431
42930000 3.95957
42940000 4.08023
42950000 3.96501
42960000 4.03549
42970000 4.06083
42980000 4.23444
42990000 4.07296
43000000 4.0872
43010000 4.15182
43020000 4.12207
43030000 4.00056
43040000 4.18183
43050000 4.16807
43060000 4.02592
43070000 4.04584
43080000 4.06363
43090000 3.99794
43100000 4.02682
43110000 3.98238
43120000 4.08549
43130000 4.1164
43140000 4.06288
43150000 4.13857
43160000 4.22218
43170000 4.0564
43180000 4.06411
43190000 4.04445
43200000 4.10358
43210000 4.19213
43220000 4.08376
43230000 4.06093
43240000 4.15353
43250000 4.15818
43260000 4.10148
43270000 4.08335
43280000 4.27905
43290000 4.09671
43300000 4.00557
43310000 3.96294
43320000 4.22935
43330000 4.08589
43340000 3.98098
43350000 4.15831
43360000 4.12428
43370000 4.08213
43380000 4.01792
43390000 4.15561
43400000 4.0409
43410000 4.0516
43420000 4.12824
43430000 4.27707
43440000 4.10461
43450000 4.0848
43460000 4.03253
43470000 4.0519
43480000 4.09611
43490000 4.14255
43500000 4.05856
43510000 4.08664
43520000 3.95526
43530000 4.16768
43540000 4.12049
43550000 4.09322
43560000 4.01794
43570000 4.16388
43580000 4.06553
43590000 4.0751
43600000 4.0604
43610000 4.09239
43620000 4.1017
43630000 4.16739
43640000 4.1231
43650000 4.18176
43660000 4.26293
43670000 4.25195
43680000 4.26683
43690000 4.026
43700000 4.01163
43710000 4.11421
43720000 4.04645
43730000 4.05194
43740000 4.05744
43750000 4.06517
43760000 4.20945
43770000 4.046
43780000 4.15306
43790000 4.03982
43800000 4.11001
43810000 4.14443
43820000 4.11068
43830000 4.23113
43840000 4.12097
43850000 4.08449
43860000 4.09523
43870000 3.99452
43880000 4.08757
43890000 4.17424
43900000 4.09825
43910000 4.05134
43920000 4.18816
43930000 4.10806
43940000 4.30805
43950000 4.15925
43960000 4.22119
43970000 4.18205
43980000 4.0774
43990000 4.08047
44000000 4.0864
44010000 4.1294
44020000 4.15583
44030000 4.07819
44040000 4.01165
44050000 4.17784
44060000 4.09899
44070000 4.16418
44080000 4.16387
44090000 4.14494
44100000 4.05135
44110000 4.22525
44120000 4.10041
44130000 4.20976
44140000 4.12522
44150000 4.04144
44160000 4.18184
44170000 4.10319
44180000 4.02603
44190000 4.10441
44200000 4.2411
44210000 4.10134
44220000 4.16342
44230000 4.11981
44240000 4.02234
44250000 4.16902
44260000 4.14643
44270000 4.07345
44280000 3.9466
44290000 4.12123
44300000 4.04936
44310000 4.1067
44320000 4.06204
44330000 4.08563
44340000 4.1238
44350000 3.9922
44360000 3.98303
44370000 4.23205
44380000 4.07473
44390000 4.05166
44400000 4.0809
44410000 4.06901
44420000 4.04853
44430000 4.04241
44440000 4.0566
44450000 4.12662
44460000 4.17321
44470000 4.05675
44480000 4.08498
44490000 4.03827
44500000 4.25503
44510000 4.0989
44520000 4.13362
44530000 3.98604
44540000 4.00256
44550000 4.08001
44560000 3.97474
44570000 4.03635
44580000 4.01764
44590000 4.03551
44600000 4.1518
44610000 4.10559
44620000 4.07482
44630000 4.14095
44640000 4.06508
44650000 4.03344
44660000 4.03285
44670000 4.03675
44680000 4.12828
44690000 4.09132
44700000 4.112
44710000 4.02804
44720000 3.96004
44730000 4.05137
44740000 4.00372
44750000 4.17583
44760000 4.29874
44770000 4.05392
44780000 4.16048
44790000 4.11982
44800000 4.09187
44810000 4.07076
44820000 4.19325
44830000 4.24392
44840000 4.1302
44850000 4.06139
44860000 4.07775
44870000 4.12256
44880000 4.06209
44890000 4.1787
44900000 4.09979
44910000 4.118
44920000 4.18308
44930000 4.04257
44940000 3.95343
44950000 4.08467
44960000 3.88115
44970000 4.02924
44980000 4.11133
44990000 4.01603
45000000 3.98919
45010000 4.12315
45020000 4.0202
45030000 4.09103
45040000 4.10797
45050000 4.08548
45060000 4.04641
45070000 4.0988
45080000 4.05402
45090000 4.16626
45100000 4.09351
45110000 4.13274
45120000 4.16823
45130000 4.03084
45140000 4.04706
45150000 3.97216
45160000 4.02335
45170000 4.1677
45180000 4.11152
45190000 4.12925
45200000 4.01706
45210000 4.04401
45220000 4.06494
45230000 4.10354
45240000 4.16881
45250000 4.06699
45260000 4.2084
45270000 4.1052
45280000 4.08074
45290000 4.1402
45300000 4.10681
45310000 4.24565
45320000 3.93984
45330000 4.23316
45340000 3.97849
45350000 4.13111
45360000 4.05122
45370000 4.15719
45380000 4.07958
45390000 4.06525
45400000 4.06426
45410000 4.07373
45420000 4.14483
45430000 3.98081
45440000 4.05246
45450000 4.03639
45460000 4.03231
45470000 4.00778
45480000 4.21987
45490000 3.95027
45500000 4.10908
45510000 4.03195
45520000 4.22472
45530000 4.09999
45540000 3.98502
45550000 4.06651
45560000 4.01835
45570000 4.00011
45580000 4.08832
45590000 3.95575
45600000 3.89904
45610000 4.04045
45620000 4.29194
45630000 4.05392
45640000 4.05657
45650000 4.0596
45660000 4.08608
45670000 4.24204
45680000 4.06191
45690000 3.99868
45700000 4.10625
45710000 4.0372
45720000 4.0011
45730000 3.94906
45740000 4.11366
45750000 4.03022
45760000 4.0574
45770000 4.03768
45780000 4.11565
45790000 4.0677
45800000 4.08636
45810000 4.10904
45820000 4.06956
45830000 4.07335
45840000 3.98439
45850000 3.98985
45860000 4.10384
45870000 4.0678
45880000 4.0754
45890000 4.05852
45900000 4.07824
45910000 4.09035
45920000 4.17315
45930000 4.02654
45940000 4.05696
45950000 4.04934
45960000 4.04195
45970000 4.05871
45980000 4.25105
45990000 4.21211
46000000 4.16131
46010000 3.9924
46020000 4.08575
46030000 3.98397
46040000 4.02085
46050000 4.30955
46060000 4.08039
46070000 4.20408
46080000 4.145
46090000 4.09611
46100000 4.03902
46110000 4.10678
46120000 4.02644
46130000 4.07668
46140000 4.04441
46150000 4.12152
46160000 4.08252
46170000 4.17128
46180000 4.15415
46190000 3.98099
46200000 4.06953
46210000 4.03096
46220000 4.09902
46230000 4.04034
46240000 4.01693
46250000 4.04481
46260000 4.04265
46270000 4.06083
46280000 4.07076
46290000 4.0177
46300000 4.19192
46310000 4.0278
46320000 3.94799
46330000 4.07928
46340000 4.18891
46350000 4.23845
46360000 4.09887
46370000 4.03543
46380000 3.98845
46390000 4.141
46400000 4.0365
46410000 4.04513
46420000 4.07112
46430000 4.13874
46440000 4.06996
46450000 4.02768
46460000 4.07427
46470000 4.04523
46480000 4.19758
46490000 4.05053
46500000 4.20773
46510000 4.13928
46520000 4.14584
46530000 4.24902
46540000 4.17371
46550000 4.09523
46560000 4.2146
46570000 4.21241
46580000 4.12149
46590000 4.16062
46600000 4.21089
46610000 4.24953
46620000 4.14166
46630000 4.05834
46640000 4.12426
46650000 4.12479
46660000 4.07519
46670000 3.94815
46680000 4.03518
46690000 4.09879
46700000 4.20807
46710000 4.13013
46720000 4.03373
46730000 4.1746
46740000 4.02941
46750000 4.04041
46760000 4.05607
46770000 4.04865
46780000 4.04042
46790000 3.94928
46800000 3.9397
46810000 4.11667
46820000 4.0527
46830000 4.31573
46840000 4.16362
46850000 4.07136
46860000 4.05144
46870000 3.96741
46880000 4.00172
46890000 4.0559
46900000 4.013
46910000 4.06378
46920000 4.01307
46930000 4.1132
46940000 4.12933
46950000 4.00962
46960000 4.00848
46970000 4.03971
46980000 4.10576
46990000 4.06962
47000000 4.04923
47010000 4.26634
47020000 4.24151
47030000 3.97409
47040000 4.14035
47050000 4.13519
47060000 4.01553
47070000 4.11246
47080000 4.08546
47090000 4.03871
47100000 4.16179
47110000 4.0759
47120000 4.05138
47130000 4.06946
47140000 4.34016
47150000 4.1498
47160000 4.06915
47170000 3.96068
47180000 4.02451
47190000 4.04718
47200000 3.95711
47210000 4.0468
47220000 3.99834
47230000 4.10351
47240000 4.15226
47250000 3.91897
47260000 4.2345
47270000 4.16681
47280000 4.04951
47290000 4.15288
47300000 4.14132
47310000 3.9331
47320000 4.02606
47330000 4.04602
47340000 3.98287
47350000 4.06362
47360000 4.03558
47370000 3.99671
47380000 4.17718
47390000 4.14473
47400000 4.2055
47410000 4.06183
47420000 4.1199
47430000 4.04655
47440000 3.9548
47450000 4.05284
47460000 4.17702
47470000 4.11668
47480000 4.07349
47490000 4.06746
47500000 4.02977
47510000 3.98931
47520000 4.00735
47530000 4.12387
47540000 4.04622
47550000 3.99309
47560000 4.09723
47570000 4.06721
47580000 4.06938
47590000 4.1687
47600000 4.08482
47610000 4.09105
47620000 4.07843
47630000 3.98592
47640000 4.0806
47650000 4.21171
47660000 4.06397
47670000 4.08673
47680000 4.20993
47690000 4.11611
47700000 4.06297
47710000 3.92905
47720000 3.97289
47730000 4.13047
47740000 4.01052
47750000 4.08911
47760000 4.16355
47770000 3.9894
47780000 4.04766
47790000 4.01854
47800000 4.04888
47810000 4.06301
47820000 4.05829
47830000 3.98558
47840000 4.11195
47850000 4.11244
47860000 4.0672
47870000 3.94937
47880000 4.08261
47890000 3.95756
47900000 4.18349
47910000 4.03691
47920000 4.08466
47930000 4.13229
47940000 4.16367
47950000 4.10445
47960000 4.0296
47970000 4.04747
47980000 4.00276
47990000 4.10451
48000000 4.08056
48010000 4.14736
48020000 4.21846
48030000 4.07194
48040000 4.12515
48050000 4.07063
48060000 4.24745
48070000 4.07685
48080000 4.08622
48090000 4.10506
48100000 3.96311
48110000 4.12677
48120000 3.98797
48130000 3.99281
48140000 3.9608
48150000 4.01982
48160000 3.97708
48170000 4.13225
48180000 4.03432
48190000 4.06608
48200000 4.0058
48210000 4.14341
48220000 4.00076
48230000 4.00832
48240000 4.11192
48250000 4.08687
48260000 4.10368
48270000 4.22296
48280000 4.09386
48290000 4.08664
48300000 4.18425
48310000 4.02088
48320000 4.02659
48330000 4.01479
48340000 3.94924
48350000 4.064
48360000 4.02788
48370000 4.12145
48380000 4.0505
48390000 4.23774
48400000 4.04022
48410000 3.93847
48420000 4.02408
48430000 4.06691
48440000 4.00701
48450000 4.04782
48460000 4.01451
48470000 4.10587
48480000 4.02061
48490000 4.08445
48500000 3.98994
48510000 3.96214
48520000 4.01486
48530000 4.06117
48540000 4.00697
48550000 3.88013
48560000 3.94565
48570000 4.01843
48580000 4.08247
48590000 4.02068
48600000 3.97766
48610000 4.06572
48620000 4.26261
48630000 4.07313
48640000 4.10996
48650000 3.93674
48660000 3.98934
48670000 4.02535
48680000 4.0447
48690000 4.02673
48700000 4.03176
48710000 4.04998
48720000 4.10974
48730000 4.09719
48740000 4.02936
48750000 4.12234
48760000 4.07128
48770000 4.02449
48780000 3.93975
48790000 4.06612
48800000 4.01296
48810000 4.15638
48820000 3.92459
48830000 4.10067
48840000 4.03124
48850000 4.03737
48860000 4.25374
48870000 3.96559
48880000 3.95999
48890000 4.16755
48900000 4.0735
48910000 4.11911
48920000 4.01603
48930000 3.98722
48940000 4.08843
48950000 3.99374
48960000 4.25772
48970000 4.16805
48980000 4.11411
48990000 4.06162
49000000 4.13847
49010000 4.20256
49020000 4.1085
49030000 4.14763
49040000 4.11035
49050000 4.18314
49060000 4.03551
49070000 4.00754
49080000 3.97626
49090000 3.99165
49100000 4.12277
49110000 4.0471
49120000 4.03422
49130000 4.08081
49140000 3.98868
49150000 3.9731
49160000 4.02087
49170000 4.09154
49180000 4.16197
49190000 4.27354
49200000 4.15224
49210000 4.07635
49220000 4.099
49230000 4.17902
49240000 3.97443
49250000 4.07078
49260000 4.16723
49270000 4.09194
49280000 4.14212
49290000 4.10871
49300000 3.87242
49310000 4.19079
49320000 3.99961
49330000 3.91656
49340000 3.92055
49350000 4.01511
49360000 4.16042
49370000 4.08221
49380000 4.08259
49390000 4.07617
49400000 4.15468
49410000 4.23461
49420000 4.15663
49430000 3.98954
49440000 4.03464
49450000 4.06081
49460000 4.04675
49470000 4.03187
49480000 4.04758
49490000 4.01788
49500000 4.11082
49510000 4.03333
49520000 4.12996
49530000 4.1971
49540000 4.16264
49550000 4.07427
49560000 4.08534
49570000 4.05605
49580000 4.12856
49590000 4.07238
49600000 4.1941
49610000 4.26704
49620000 4.07311
49630000 4.15679
49640000 4.0323
49650000 4.07093
49660000 3.98056
49670000 4.17829
49680000 4.10225
49690000 4.01412
49700000 4.02498
49710000 4.07921
49720000 3.99863
49730000 4.00386
49740000 4.01915
49750000 3.91344
49760000 3.96419
49770000 3.97062
49780000 4.00177
49790000 4.01114
49800000 3.94154
49810000 4.05524
49820000 4.1221
49830000 3.99945
49840000 3.98558
49850000 3.96878
49860000 4.00324
49870000 3.9878
49880000 4.05448
49890000 4.17083
49900000 4.30078
49910000 4.24278
49920000 4.12767
49930000 4.15107
49940000 3.99415
49950000 3.93803
49960000 4.02297
49970000 4.00039
49980000 4.12762
49990000 4.12438
50000000 4.0749
