10000 192.132
20000 122.62
30000 88.051
40000 65.7481
50000 50.8912
60000 38.7434
70000 32.9621
80000 27.2988
90000 23.8598
100000 21.9317
110000 20.5462
120000 18.518
130000 17.8155
140000 16.8805
150000 16.4463
160000 15.832
170000 15.5646
180000 15.1898
190000 14.9704
200000 14.8511
210000 14.6574
220000 14.9382
230000 14.5461
240000 14.3032
250000 13.9443
260000 14.0084
270000 13.7711
280000 13.527
290000 13.4904
300000 13.5384
310000 13.5658
320000 13.2315
330000 13.3248
340000 13.4486
350000 13.2308
360000 13.0732
370000 13.0131
380000 12.9015
390000 13.033
400000 12.8124
410000 13.0189
420000 12.6807
430000 12.5802
440000 12.5791
450000 12.5045
460000 12.6314
470000 12.4323
480000 12.3293
490000 12.2127
500000 12.3103
510000 12.52
520000 12.4431
530000 12.3361
540000 12.294
550000 12.3908
560000 12.2063
570000 12.2055
580000 12.0955
590000 12.0841
600000 12.2463
610000 12.0603
620000 12.1962
630000 12.1372
640000 11.9007
650000 11.7581
660000 11.8041
670000 12.065
680000 12.179
690000 11.9762
700000 11.936
710000 11.9913
720000 11.8567
730000 11.8174
740000 11.8949
750000 11.7994
760000 11.6997
770000 11.8252
780000 11.7311
790000 11.5712
800000 11.6792
810000 11.6418
820000 11.4279
830000 11.467
840000 11.3772
850000 11.3479
860000 11.3976
870000 11.7973
880000 11.3587
890000 11.5488
900000 11.3149
910000 11.4722
920000 11.489
930000 11.4888
940000 11.5465
950000 11.417
960000 11.8288
970000 11.2737
980000 11.2284
990000 11.5868
1000000 11.1886
1010000 11.361
1020000 11.4002
1030000 11.4693
1040000 11.3062
1050000 11.2604
1060000 11.6435
1070000 11.1802
1080000 11.3578
1090000 11.4528
1100000 11.3988
1110000 11.2637
1120000 11.4121
1130000 11.2952
1140000 11.39
1150000 11.0883
1160000 11.2286
1170000 11.2202
1180000 11.4162
1190000 11.1587
1200000 10.8983
1210000 11.3238
1220000 11.087
1230000 11.177
1240000 11.1972
1250000 11.1643
1260000 11.0982
1270000 10.949
1280000 10.9507
1290000 10.963
1300000 11.0292
1310000 11.0328
1320000 11.1979
1330000 10.9986
1340000 11.1018
1350000 11.0449
1360000 11.0867
1370000 10.8293
1380000 10.816
1390000 10.7728
1400000 10.7784
1410000 11.0666
1420000 10.9763
1430000 10.6505
1440000 10.9903
1450000 11.3762
1460000 10.8863
1470000 11.0166
1480000 10.9978
1490000 10.8161
1500000 10.8717
1510000 11.0199
1520000 10.9221
1530000 10.9252
1540000 11.041
1550000 10.972
1560000 10.922
1570000 10.68
1580000 10.9426
1590000 10.8647
1600000 10.8602
1610000 10.8809
1620000 10.708
1630000 10.8974
1640000 10.8064
1650000 10.7201
1660000 10.7322
1670000 10.6387
1680000 10.8948
1690000 10.7503
1700000 10.9145
1710000 10.7387
1720000 10.6319
1730000 10.7642
1740000 10.6135
1750000 10.7296
1760000 10.873
1770000 10.8413
1780000 10.6678
1790000 10.5254
1800000 10.5592
1810000 10.6505
1820000 10.6514
1830000 10.5674
1840000 10.9172
1850000 10.6631
1860000 10.6469
1870000 10.51
1880000 10.7442
1890000 10.5548
1900000 10.6975
1910000 10.8727
1920000 10.7281
1930000 10.6199
1940000 10.7029
1950000 10.7653
1960000 10.6351
1970000 10.7782
1980000 10.6279
1990000 10.7971
2000000 10.6825
2010000 10.551
2020000 10.7763
2030000 10.4913
2040000 10.4247
2050000 10.4789
2060000 10.6879
2070000 10.5086
2080000 10.4006
2090000 10.6103
2100000 10.7877
2110000 10.5257
2120000 10.4788
2130000 10.6412
2140000 10.677
2150000 10.6218
2160000 10.713
2170000 10.6472
2180000 10.4918
2190000 10.5181
2200000 10.7105
2210000 10.7751
2220000 10.4834
2230000 10.3061
2240000 10.2857
2250000 10.5267
2260000 10.5719
2270000 10.6773
2280000 10.4149
2290000 10.5935
2300000 10.5401
2310000 10.4357
2320000 10.3761
2330000 10.5341
2340000 10.3824
2350000 10.5901
2360000 10.2872
2370000 10.8716
2380000 10.524
2390000 10.4821
2400000 10.3975
2410000 10.417
2420000 10.5861
2430000 10.5637
2440000 10.5233
2450000 10.3708
2460000 10.5594
2470000 10.3264
2480000 10.4569
2490000 10.4005
2500000 10.2316
2510000 10.3635
2520000 10.4425
2530000 10.329
2540000 10.4536
2550000 10.4745
2560000 10.5701
2570000 10.3861
2580000 10.3584
2590000 10.244
2600000 10.27
2610000 10.3876
2620000 10.3393
2630000 10.3541
2640000 10.3023
2650000 10.4094
2660000 10.2194
2670000 10.4732
2680000 10.3785
2690000 10.4416
2700000 10.6164
2710000 10.5189
2720000 10.3598
2730000 10.2949
2740000 10.5721
2750000 10.2672
2760000 10.4024
2770000 10.2422
2780000 10.1923
2790000 10.2862
2800000 10.3049
2810000 10.3117
2820000 10.3976
2830000 10.2359
2840000 10.381
2850000 10.243
2860000 10.4437
2870000 10.389
2880000 10.133
2890000 10.4756
2900000 10.3426
2910000 10.1322
2920000 10.2235
2930000 10.1839
2940000 10.2423
2950000 10.2404
2960000 10.2065
2970000 10.3749
2980000 10.1668
2990000 10.1673
3000000 10.2194
3010000 10.1908
3020000 10.1357
3030000 10.4563
3040000 10.1489
3050000 10.4076
3060000 10.1298
3070000 10.2606
3080000 10.2216
3090000 10.2146
3100000 10.2121
3110000 10.0064
3120000 10.2207
3130000 9.95393
3140000 10.2433
3150000 10.4159
3160000 10.1553
3170000 10.1778
3180000 10.2109
3190000 10.1414
3200000 10.1557
3210000 10.1836
3220000 10.1334
3230000 10.1737
3240000 10.0185
3250000 10.2733
3260000 10.1868
3270000 10.3133
3280000 10.2036
3290000 10.1768
3300000 10.207
3310000 10.2387
3320000 10.2897
3330000 10.065
3340000 10.218
3350000 10.0065
3360000 10.3325
3370000 10.1995
3380000 10.0915
3390000 10.1477
3400000 9.98128
3410000 10.1696
3420000 10.0957
3430000 10.351
3440000 10.3592
3450000 9.99247
3460000 10.0006
3470000 10.1937
3480000 9.93385
3490000 10.2398
3500000 10.2818
3510000 10.1708
3520000 10.2244
3530000 10.1031
3540000 10.3267
3550000 10.2641
3560000 10.2525
3570000 10.1207
3580000 9.99052
3590000 10.2898
3600000 10.074
3610000 10.3574
3620000 10.4261
3630000 10.2796
3640000 10.4824
3650000 10.2139
3660000 10.3128
3670000 10.1933
3680000 10.0761
3690000 10.2276
3700000 10.1712
3710000 10.1424
3720000 9.91648
3730000 10.226
3740000 10.0971
3750000 10.3219
3760000 10.2195
3770000 10.1973
3780000 10.1035
3790000 10.1209
3800000 9.93211
3810000 9.96825
3820000 10.077
3830000 9.99741
3840000 10.387
3850000 9.97698
3860000 10.1049
3870000 10.1048
3880000 10.0356
3890000 10.0798
3900000 9.9278
3910000 10.0091
3920000 9.99128
3930000 9.93258
3940000 10.2172
3950000 10.0753
3960000 10.0296
3970000 10.1842
3980000 10.0957
3990000 10.2581
4000000 9.86999
4010000 9.94801
4020000 10.1286
4030000 10.0554
4040000 10.0898
4050000 10.1559
4060000 10.0125
4070000 10.0606
4080000 10.1598
4090000 10.0598
4100000 9.97596
4110000 10.013
4120000 10.1521
4130000 10.08
4140000 9.93531
4150000 9.92345
4160000 10.2245
4170000 9.90313
4180000 10.1893
4190000 9.96746
4200000 9.94569
4210000 9.8755
4220000 9.96852
4230000 10.0968
4240000 9.90997
4250000 9.99739
4260000 9.8755
4270000 9.97782
4280000 10.0931
4290000 10.0774
4300000 9.94855
4310000 9.85517
4320000 9.76058
4330000 9.74201
4340000 9.9762
4350000 9.89467
4360000 9.83098
4370000 9.96929
4380000 10.0424
4390000 10.0404
4400000 10.1491
4410000 10.1034
4420000 10.0576
4430000 9.90929
4440000 10.0988
4450000 9.91431
4460000 9.85812
4470000 10.1659
4480000 9.95561
4490000 9.85723
4500000 9.97962
4510000 9.90107
4520000 10.0543
4530000 10.0607
4540000 9.93645
4550000 10.0063
4560000 9.99327
4570000 9.99871
4580000 10.095
4590000 9.91501
4600000 10.0655
4610000 9.90046
4620000 9.91504
4630000 9.97618
4640000 9.94514
4650000 9.98011
4660000 9.90444
4670000 10.0111
4680000 9.90997
4690000 9.74207
4700000 9.96951
4710000 9.98564
4720000 9.92022
4730000 9.84065
4740000 9.87018
4750000 9.84996
4760000 9.92606
4770000 9.86819
4780000 9.89909
4790000 9.84966
4800000 9.82375
4810000 9.99227
4820000 9.72332
4830000 9.85109
4840000 9.91819
4850000 9.89294
4860000 9.84483
4870000 9.92028
4880000 9.75271
4890000 9.78752
4900000 9.84775
4910000 9.78267
4920000 9.87452
4930000 9.74602
4940000 9.56524
4950000 9.80792
4960000 9.91123
4970000 9.7379
4980000 9.87552
4990000 9.74498
5000000 9.93607
5010000 9.7312
5020000 9.66488
5030000 9.69815
5040000 9.74255
5050000 9.63293
5060000 9.62538
5070000 9.79566
5080000 9.82227
5090000 10.0222
5100000 10.038
5110000 9.76995
5120000 9.95151
5130000 9.95279
5140000 9.81196
5150000 9.95635
5160000 9.93069
5170000 9.84613
5180000 9.78124
5190000 9.56717
5200000 9.63452
5210000 9.80558
5220000 9.6995
5230000 9.712
5240000 9.74467
5250000 9.69396
5260000 9.65817
5270000 9.79922
5280000 9.81948
5290000 9.78512
5300000 9.94218
5310000 9.73918
5320000 9.84647
5330000 9.88487
5340000 9.83238
5350000 9.74685
5360000 9.68272
5370000 9.66903
5380000 9.72759
5390000 9.86152
5400000 9.81886
5410000 9.7846
5420000 9.78735
5430000 9.66811
5440000 9.56238
5450000 9.68156
5460000 9.81642
5470000 9.72626
5480000 9.67596
5490000 9.97355
5500000 9.75283
5510000 9.8491
5520000 9.69934
5530000 9.82754
5540000 9.86025
5550000 9.98217
5560000 9.81535
5570000 9.75921
5580000 9.73765
5590000 9.83313
5600000 9.80072
5610000 9.891
5620000 9.66054
5630000 9.94991
5640000 9.74041
5650000 9.89361
5660000 9.84265
5670000 9.75264
5680000 9.72379
5690000 9.65959
5700000 9.70088
5710000 9.78274
5720000 9.92736
5730000 9.94004
5740000 9.73414
5750000 9.85175
5760000 9.67358
5770000 9.75778
5780000 9.84722
5790000 9.90807
5800000 9.73419
5810000 9.60437
5820000 9.74265
5830000 9.72587
5840000 9.74073
5850000 9.74371
5860000 9.73887
5870000 9.80706
5880000 9.75411
5890000 9.86509
5900000 9.64236
5910000 9.63972
5920000 9.51998
5930000 9.81845
5940000 9.6125
5950000 9.88165
5960000 9.86043
5970000 9.79952
5980000 9.57904
5990000 9.74541
6000000 9.84377
6010000 9.92564
6020000 9.7962
6030000 9.5238
6040000 9.6774
6050000 9.75036
6060000 9.7264
6070000 9.82857
6080000 9.75375
6090000 9.74398
6100000 9.60362
6110000 9.52585
6120000 9.65854
6130000 9.58378
6140000 9.54501
6150000 9.66697
6160000 9.71222
6170000 9.67142
6180000 9.87236
6190000 9.67832
6200000 9.76028
6210000 9.55377
6220000 9.56692
6230000 9.59818
6240000 9.68544
6250000 9.68486
6260000 9.53191
6270000 9.60258
6280000 9.63411
6290000 9.65532
6300000 9.76949
6310000 9.64745
6320000 9.70251
6330000 9.8008
6340000 9.5897
6350000 9.84365
6360000 9.72553
6370000 9.63447
6380000 9.69061
6390000 9.72462
6400000 9.63305
6410000 9.62008
6420000 9.64972
6430000 9.71403
6440000 9.94928
6450000 9.56792
6460000 9.63151
6470000 9.71126
6480000 9.57969
6490000 9.67472
6500000 9.74085
6510000 9.67085
6520000 9.64265
6530000 9.66007
6540000 9.83391
6550000 9.62832
6560000 9.50124
6570000 9.74181
6580000 9.78835
6590000 9.4815
6600000 9.57735
6610000 9.66445
6620000 9.73106
6630000 9.80187
6640000 9.73795
6650000 9.91786
6660000 9.7601
6670000 9.54078
6680000 9.76898
6690000 9.77218
6700000 9.80948
6710000 9.83748
6720000 9.64785
6730000 9.66644
6740000 9.62311
6750000 9.55604
6760000 9.50741
6770000 9.50446
6780000 9.52651
6790000 9.62801
6800000 9.6086
6810000 9.76271
6820000 9.77089
6830000 9.67673
6840000 9.81986
6850000 9.69582
6860000 9.67669
6870000 9.64378
6880000 9.75516
6890000 9.76382
6900000 9.56608
6910000 9.65034
6920000 9.56385
6930000 9.67746
6940000 9.65155
6950000 9.67535
6960000 9.61929
6970000 9.51252
6980000 9.55337
6990000 9.94408
7000000 9.37291
7010000 9.68767
7020000 9.52123
7030000 9.63222
7040000 9.62731
7050000 9.64625
7060000 9.41839
7070000 9.63532
7080000 9.61573
7090000 9.70762
7100000 9.98218
7110000 9.7963
7120000 9.5189
7130000 9.62607
7140000 9.65221
7150000 9.55115
7160000 9.44825
7170000 9.56439
7180000 9.59212
7190000 9.59174
7200000 9.76518
7210000 9.79812
7220000 9.60872
7230000 9.40036
7240000 9.7375
7250000 9.40361
7260000 9.66595
7270000 9.44749
7280000 9.63533
7290000 9.49145
7300000 9.52099
7310000 9.43295
7320000 9.54348
7330000 9.58623
7340000 9.59919
7350000 9.49785
7360000 9.36968
7370000 9.54905
7380000 9.56683
7390000 9.49736
7400000 9.63944
7410000 9.73227
7420000 9.62652
7430000 9.55756
7440000 9.65391
7450000 9.57796
7460000 9.67515
7470000 9.61341
7480000 9.67555
7490000 9.52703
7500000 9.54019
7510000 9.59617
7520000 9.6235
7530000 9.91028
7540000 9.58372
7550000 9.70306
7560000 9.7451
7570000 9.42009
7580000 9.52657
7590000 9.58598
7600000 9.53478
7610000 9.57698
7620000 9.50366
7630000 9.72062
7640000 9.63392
7650000 9.81921
7660000 9.46607
7670000 9.46426
7680000 9.65507
7690000 9.64649
7700000 9.64392
7710000 9.50745
7720000 9.61463
7730000 9.50255
7740000 9.44708
7750000 9.37799
7760000 9.68606
7770000 9.74634
7780000 9.57672
7790000 9.69357
7800000 9.62879
7810000 9.63485
7820000 9.66499
7830000 9.55781
7840000 9.50329
7850000 9.6002
7860000 9.60915
7870000 9.63221
7880000 9.57242
7890000 9.39347
7900000 9.31314
7910000 9.43991
7920000 9.48311
7930000 9.61531
7940000 9.66676
7950000 9.48613
7960000 9.49428
7970000 9.51754
7980000 9.62135
7990000 9.69646
8000000 9.34556
8010000 9.62328
8020000 9.63324
8030000 9.58961
8040000 9.56434
8050000 9.7418
8060000 9.51311
8070000 9.55734
8080000 9.55134
8090000 9.41993
8100000 9.58038
8110000 9.48133
8120000 9.59898
8130000 9.82384
8140000 9.41768
8150000 9.71361
8160000 9.25705
8170000 9.65454
8180000 9.5696
8190000 9.48565
8200000 9.39825
8210000 9.4863
8220000 9.40304
8230000 9.92075
8240000 9.59153
8250000 9.56074
8260000 9.74489
8270000 9.36863
8280000 9.49314
8290000 9.45518
8300000 9.49404
8310000 9.55136
8320000 9.63509
8330000 9.35027
8340000 9.42614
8350000 9.58694
8360000 9.41893
8370000 9.48072
8380000 9.60251
8390000 9.37909
8400000 9.39035
8410000 9.37756
8420000 9.51004
8430000 9.4102
8440000 9.49442
8450000 9.44311
8460000 9.63853
8470000 9.58773
8480000 9.45621
8490000 9.4397
8500000 9.34749
8510000 9.47187
8520000 9.29031
8530000 9.33542
8540000 9.47656
8550000 9.50217
8560000 9.3767
8570000 9.3579
8580000 9.25902
8590000 9.37029
8600000 9.6791
8610000 9.32798
8620000 9.44461
8630000 9.20314
8640000 9.54212
8650000 9.32155
8660000 9.36224
8670000 9.40053
8680000 9.39285
8690000 9.54166
8700000 9.52017
8710000 9.58927
8720000 9.53167
8730000 9.52285
8740000 9.63353
8750000 9.36765
8760000 9.43861
8770000 9.27541
8780000 9.42727
8790000 9.58454
8800000 9.80017
8810000 9.38859
8820000 9.42878
8830000 9.35849
8840000 9.62357
8850000 9.45505
8860000 9.42353
8870000 9.35465
8880000 9.43221
8890000 9.42095
8900000 9.4744
8910000 9.49506
8920000 9.77607
8930000 9.42324
8940000 9.39549
8950000 9.22105
8960000 9.50165
8970000 9.44365
8980000 9.62475
8990000 9.33226
9000000 9.30629
9010000 9.42344
9020000 9.56697
9030000 9.4031
9040000 9.46476
9050000 9.24476
9060000 9.40212
9070000 9.39273
9080000 9.40838
9090000 9.33868
9100000 9.44591
9110000 9.29082
9120000 9.53291
9130000 9.36796
9140000 9.42363
9150000 9.48174
9160000 9.43863
9170000 9.56881
9180000 9.54833
9190000 9.45568
9200000 9.45149
9210000 9.43816
9220000 9.5428
9230000 9.57841
9240000 9.54063
9250000 9.58404
9260000 9.33598
9270000 9.58261
9280000 9.5556
9290000 9.3133
9300000 9.51108
9310000 9.50129
9320000 9.68728
9330000 9.4782
9340000 9.60308
9350000 9.45209
9360000 9.33059
9370000 9.33119
9380000 9.38315
9390000 9.62241
9400000 9.579
9410000 9.32733
9420000 9.44294
9430000 9.29694
9440000 9.36864
9450000 9.61466
9460000 9.41019
9470000 9.41015
9480000 9.47216
9490000 9.38894
9500000 9.46336
9510000 9.54066
9520000 9.22121
9530000 9.46162
9540000 9.56939
9550000 9.46501
9560000 9.30245
9570000 9.27582
9580000 9.47974
9590000 9.41995
9600000 9.50793
9610000 9.31123
9620000 9.40739
9630000 9.85134
9640000 9.46457
9650000 9.50792
9660000 9.32945
9670000 9.30636
9680000 9.15198
9690000 9.31717
9700000 9.45148
9710000 9.21492
9720000 9.42823
9730000 9.54357
9740000 9.44756
9750000 9.46239
9760000 9.63052
9770000 9.37024
9780000 9.76998
9790000 9.46628
9800000 9.53513
9810000 9.56883
9820000 9.37494
9830000 9.50662
9840000 9.37407
9850000 9.43972
9860000 9.47294
9870000 9.46361
9880000 9.51988
9890000 9.47423
9900000 9.39111
9910000 9.3098
9920000 9.34756
9930000 9.17804
9940000 9.4085
9950000 9.49985
9960000 9.27163
9970000 9.67502
9980000 9.41594
9990000 9.40998
10000000 9.37923
