1 340.061
2 176.453
3 80.6938
4 53.282
5 53.6757
6 48.5598
7 36.5637
8 22.8494
9 12.469
10 8.56155
11 9.0221
12 9.15496
13 8.4079
14 7.57191
15 6.95553
16 6.7394
17 6.59014
18 6.51419
19 6.40179
20 6.31076
21 6.22214
22 6.14957
23 6.08053
24 6.02062
25 5.95946
26 5.90655
27 5.85195
28 5.80417
29 5.75561
30 5.71179
31 5.66818
32 5.62779
33 5.58817
34 5.55093
35 5.51461
36 5.48021
37 5.44671
38 5.41482
39 5.38381
40 5.35416
41 5.32535
42 5.29769
43 5.27084
44 5.24499
45 5.2199
46 5.19568
47 5.17217
48 5.14943
49 5.12734
50 5.10595
51 5.08517
52 5.06501
53 5.04541
54 5.02638
55 5.00786
56 4.98986
57 4.97234
58 4.95529
59 4.93869
60 4.92251
61 4.90675
62 4.89138
63 4.8764
64 4.86178
65 4.84751
66 4.83359
67 4.81999
68 4.80671
69 4.79374
70 4.78106
71 4.76866
72 4.75654
73 4.74468
74 4.73307
75 4.72172
76 4.7106
77 4.69972
78 4.68906
79 4.67862
80 4.66838
81 4.65835
82 4.64852
83 4.63888
84 4.62942
85 4.62015
86 4.61105
87 4.60211
88 4.59335
89 4.58474
90 4.57628
91 4.56798
92 4.55983
93 4.55182
94 4.54394
95 4.5362
96 4.52859
97 4.52111
98 4.51376
99 4.50652
100 4.49941
