10000 193.37
20000 123.358
30000 88.2464
40000 65.1566
50000 49.9269
60000 37.5398
70000 31.1072
80000 25.5287
90000 21.6383
100000 19.4649
110000 18.0255
120000 15.6316
130000 14.5229
140000 13.69
150000 13.1681
160000 12.3833
170000 12.066
180000 11.6521
190000 11.1503
200000 10.9794
210000 10.6769
220000 10.506
230000 10.2971
240000 10.1329
250000 9.94099
260000 9.84686
270000 9.58566
280000 9.36864
290000 9.29725
300000 9.16932
310000 9.04626
320000 8.89562
330000 8.77511
340000 8.94604
350000 8.57153
360000 8.56045
370000 8.60583
380000 8.69391
390000 8.35455
400000 8.35823
410000 8.211
420000 8.01525
430000 7.96613
440000 8.04655
450000 7.97578
460000 7.91861
470000 7.80522
480000 7.76675
490000 7.69821
500000 7.69548
510000 7.55488
520000 7.57956
530000 7.59141
540000 7.51136
550000 7.40903
560000 7.31317
570000 7.42182
580000 7.24278
590000 7.38059
600000 7.37359
610000 7.14464
620000 7.25827
630000 7.31618
640000 7.26741
650000 7.0829
660000 7.0564
670000 7.08764
680000 7.0876
690000 7.0426
700000 7.13532
710000 6.93792
720000 7.17059
730000 6.93087
740000 6.90624
750000 6.88634
760000 6.75779
770000 6.93181
780000 6.89579
790000 6.97984
800000 6.69442
810000 6.69848
820000 6.68208
830000 6.73514
840000 6.63838
850000 6.67992
860000 6.66312
870000 6.67386
880000 6.65763
890000 6.57518
900000 6.56
910000 6.48287
920000 6.58141
930000 6.62113
940000 6.40934
950000 6.45622
960000 6.45105
970000 6.43995
980000 6.47813
990000 6.33141
1000000 6.34979
1010000 6.38407
1020000 6.38224
1030000 6.27653
1040000 6.37596
1050000 6.38861
1060000 6.19656
1070000 6.22204
1080000 6.29155
1090000 6.33813
1100000 6.29977
1110000 6.21589
1120000 6.40303
1130000 6.25217
1140000 6.10895
1150000 6.25944
1160000 6.37558
1170000 6.29837
1180000 6.29262
1190000 6.18639
1200000 6.39389
1210000 6.29335
1220000 6.11663
1230000 6.31176
1240000 6.65997
1250000 6.16151
1260000 6.07879
1270000 6.22995
1280000 5.99595
1290000 6.07984
1300000 6.04478
1310000 6.18392
1320000 6.07182
1330000 6.07172
1340000 6.1727
1350000 5.95824
1360000 5.978
1370000 6.02829
1380000 5.92786
1390000 5.9028
1400000 6.0146
1410000 5.95253
1420000 5.98294
1430000 6.01477
1440000 5.98849
1450000 6.12977
1460000 5.91138
1470000 5.96531
1480000 5.90377
1490000 5.9594
1500000 5.92116
1510000 5.93049
1520000 6.03462
1530000 5.8313
1540000 5.939
1550000 5.96388
1560000 6.0454
1570000 6.08469
1580000 5.92252
1590000 5.78819
1600000 5.91558
1610000 5.92404
1620000 5.76181
1630000 5.80569
1640000 5.79922
1650000 5.70257
1660000 5.63674
1670000 5.6816
1680000 5.98694
1690000 5.87311
1700000 5.81238
1710000 5.76806
1720000 5.90001
1730000 5.82154
1740000 5.75517
1750000 5.8129
1760000 5.75978
1770000 5.7823
1780000 5.68632
1790000 5.6755
1800000 5.61973
1810000 5.71347
1820000 5.73042
1830000 5.88804
1840000 5.68969
1850000 5.64417
1860000 5.7191
1870000 5.74584
1880000 5.91827
1890000 5.59429
1900000 5.65152
1910000 5.67004
1920000 5.79935
1930000 5.65335
1940000 5.80584
1950000 5.72648
1960000 5.72621
1970000 5.79036
1980000 5.66312
1990000 5.65958
2000000 5.68055
2010000 5.6299
2020000 5.52645
2030000 5.59894
2040000 5.73066
2050000 5.76565
2060000 5.59608
2070000 5.54673
2080000 5.58671
2090000 5.62325
2100000 5.55428
2110000 5.6477
2120000 5.58766
2130000 5.67206
2140000 5.67552
2150000 5.64038
2160000 5.52132
2170000 5.59971
2180000 5.55322
2190000 5.5318
2200000 5.63415
2210000 5.87208
2220000 5.65586
2230000 5.65497
2240000 5.51583
2250000 5.53583
2260000 5.6765
2270000 5.53368
2280000 5.549
2290000 5.6579
2300000 5.63987
2310000 5.64225
2320000 5.57426
2330000 5.491
2340000 5.5683
2350000 5.65153
2360000 5.36854
2370000 5.68843
2380000 5.5961
2390000 5.61965
2400000 5.5423
2410000 5.44406
2420000 5.48091
2430000 5.4839
2440000 5.47163
2450000 5.48419
2460000 5.48329
2470000 5.7125
2480000 5.47555
2490000 5.54383
2500000 5.52244
2510000 5.51178
2520000 5.53544
2530000 5.45556
2540000 5.65133
2550000 5.45573
2560000 5.6137
2570000 5.60006
2580000 5.41292
2590000 5.46114
2600000 5.54978
2610000 5.46894
2620000 5.48319
2630000 5.4523
2640000 5.3684
2650000 5.56074
2660000 5.39787
2670000 5.58263
2680000 5.5593
2690000 5.48167
2700000 5.4236
2710000 5.45432
2720000 5.51443
2730000 5.5358
2740000 5.42635
2750000 5.37757
2760000 5.4226
2770000 5.40535
2780000 5.46543
2790000 5.42141
2800000 5.46438
2810000 5.34645
2820000 5.39798
2830000 5.43971
2840000 5.4641
2850000 5.52391
2860000 5.62193
2870000 5.43661
2880000 5.34407
2890000 5.42083
2900000 5.44542
2910000 5.30547
2920000 5.42
2930000 5.35626
2940000 5.3979
2950000 5.55893
2960000 5.49297
2970000 5.63359
2980000 5.37584
2990000 5.37925
3000000 5.45274
3010000 5.31278
3020000 5.29332
3030000 5.34812
3040000 5.30391
3050000 5.2626
3060000 5.41816
3070000 5.34128
3080000 5.25771
3090000 5.3352
3100000 5.44094
3110000 5.32458
3120000 5.39128
3130000 5.34316
3140000 5.26534
3150000 5.30893
3160000 5.32667
3170000 5.2549
3180000 5.2895
3190000 5.44016
3200000 5.37507
3210000 5.29075
3220000 5.4459
3230000 5.26425
3240000 5.53413
3250000 5.40897
3260000 5.36609
3270000 5.34736
3280000 5.48031
3290000 5.27608
3300000 5.38051
3310000 5.50477
3320000 5.53943
3330000 5.26348
3340000 5.4613
3350000 5.18008
3360000 5.29397
3370000 5.30155
3380000 5.19904
3390000 5.36908
3400000 5.2264
3410000 5.37186
3420000 5.32257
3430000 5.31283
3440000 5.45052
3450000 5.38615
3460000 5.43555
3470000 5.2755
3480000 5.53882
3490000 5.49181
3500000 5.21136
3510000 5.29699
3520000 5.38614
3530000 5.43837
3540000 5.33344
3550000 5.41693
3560000 5.22395
3570000 5.27694
3580000 5.31309
3590000 5.28199
3600000 5.333
3610000 5.35811
3620000 5.62907
3630000 5.35264
3640000 5.27881
3650000 5.44375
3660000 5.21593
3670000 5.31569
3680000 5.22712
3690000 5.09689
3700000 5.30236
3710000 5.28146
3720000 5.38182
3730000 5.24197
3740000 5.32963
3750000 5.39276
3760000 5.21221
3770000 5.29554
3780000 5.19312
3790000 5.5256
3800000 5.41754
3810000 5.34946
3820000 5.33177
3830000 5.36688
3840000 5.27249
3850000 5.21704
3860000 5.36265
3870000 5.26448
3880000 5.16582
3890000 5.26738
3900000 5.3237
3910000 5.28277
3920000 5.24087
3930000 5.41955
3940000 5.37529
3950000 5.57886
3960000 5.2271
3970000 5.19602
3980000 5.35337
3990000 5.30605
4000000 5.33555
4010000 5.28668
4020000 5.22438
4030000 5.20918
4040000 5.43229
4050000 5.20951
4060000 5.23724
4070000 5.16492
4080000 5.52054
4090000 5.23492
4100000 5.194
4110000 5.11826
4120000 5.33009
4130000 5.29235
4140000 5.26768
4150000 5.22788
4160000 5.33578
4170000 5.29482
4180000 5.23235
4190000 5.14377
4200000 5.33594
4210000 5.16455
4220000 5.15273
4230000 5.15357
4240000 5.0901
4250000 5.21513
4260000 5.34955
4270000 5.30921
4280000 5.21653
4290000 5.26733
4300000 5.29417
4310000 5.24867
4320000 5.26697
4330000 5.31632
4340000 5.15487
4350000 5.23839
4360000 5.18656
4370000 5.27496
4380000 5.17022
4390000 5.24164
4400000 5.26077
4410000 5.17287
4420000 5.27986
4430000 5.22979
4440000 5.23054
4450000 5.30362
4460000 5.09553
4470000 5.31081
4480000 5.16041
4490000 5.17378
4500000 5.2367
4510000 5.45543
4520000 5.19019
4530000 5.34658
4540000 5.25572
4550000 5.34464
4560000 5.2386
4570000 5.20798
4580000 5.31351
4590000 5.19534
4600000 5.33917
4610000 5.23272
4620000 5.1785
4630000 5.34602
4640000 5.10599
4650000 5.24974
4660000 5.24038
4670000 5.22358
4680000 5.49236
4690000 5.33545
4700000 5.40181
4710000 5.25848
4720000 5.31496
4730000 5.15537
4740000 5.16263
4750000 5.16767
4760000 5.08472
4770000 5.1166
4780000 5.1225
4790000 5.25145
4800000 5.20032
4810000 5.16385
4820000 5.15874
4830000 5.10993
4840000 5.11458
4850000 5.22474
4860000 5.22374
4870000 5.19655
4880000 5.32344
4890000 5.17225
4900000 5.17202
4910000 5.14458
4920000 5.21952
4930000 5.15605
4940000 5.11632
4950000 5.22814
4960000 5.15154
4970000 5.16582
4980000 5.21396
4990000 5.09261
5000000 5.13855
5010000 5.09741
5020000 5.24053
5030000 5.0306
5040000 5.07491
5050000 5.16627
5060000 5.1006
5070000 5.16956
5080000 5.18983
5090000 5.19785
5100000 5.36221
5110000 5.21029
5120000 5.15854
5130000 5.20719
5140000 5.20711
5150000 5.22367
5160000 5.1449
5170000 5.04602
5180000 5.04455
5190000 4.94134
5200000 5.07205
5210000 5.22625
5220000 5.10528
5230000 5.10889
5240000 5.10745
5250000 5.12141
5260000 5.08492
5270000 5.08919
5280000 5.18933
5290000 5.17528
5300000 5.11425
5310000 5.08054
5320000 5.10889
5330000 5.12222
5340000 5.13439
5350000 5.19985
5360000 4.99827
5370000 5.11366
5380000 5.07049
5390000 5.06203
5400000 5.20204
5410000 5.04118
5420000 5.0879
5430000 5.24273
5440000 5.07677
5450000 5.12329
5460000 5.11767
5470000 5.10655
5480000 5.18337
5490000 5.33426
5500000 5.17805
5510000 5.15022
5520000 5.17682
5530000 5.19525
5540000 5.19171
5550000 5.17259
5560000 5.19418
5570000 5.06496
5580000 5.03587
5590000 5.09131
5600000 5.13544
5610000 5.48306
5620000 5.10287
5630000 5.17873
5640000 5.17178
5650000 5.16943
5660000 5.0735
5670000 5.0727
5680000 5.09665
5690000 5.08166
5700000 5.137
5710000 5.17286
5720000 5.26636
5730000 5.08036
5740000 5.07257
5750000 5.21438
5760000 5.09127
5770000 5.065
5780000 5.11614
5790000 5.30606
5800000 5.10609
5810000 5.21291
5820000 5.12837
5830000 5.0783
5840000 5.1349
5850000 5.32424
5860000 5.0483
5870000 5.03759
5880000 5.11285
5890000 5.04868
5900000 5.01621
5910000 5.02908
5920000 5.10014
5930000 5.13959
5940000 5.24981
5950000 5.282
5960000 5.15805
5970000 5.22227
5980000 5.04596
5990000 5.05755
6000000 5.11474
6010000 5.17515
6020000 5.1637
6030000 5.26267
6040000 5.14426
6050000 5.28031
6060000 5.19867
6070000 5.18849
6080000 5.08198
6090000 5.10741
6100000 4.98296
6110000 5.0051
6120000 5.08223
6130000 4.97375
6140000 5.14259
6150000 5.09939
6160000 5.13123
6170000 4.93165
6180000 5.03895
6190000 5.06833
6200000 5.04188
6210000 5.07964
6220000 4.9518
6230000 4.976
6240000 5.00932
6250000 5.13366
6260000 5.0937
6270000 5.069
6280000 5.18773
6290000 5.21009
6300000 5.09698
6310000 4.97231
6320000 5.09965
6330000 5.17439
6340000 5.03242
6350000 5.06636
6360000 5.15896
6370000 5.16087
6380000 5.11726
6390000 5.11896
6400000 5.0872
6410000 5.24574
6420000 5.22428
6430000 5.18294
6440000 5.06892
6450000 4.88749
6460000 5.11462
6470000 5.21474
6480000 5.14337
6490000 5.1284
6500000 5.25395
6510000 5.07396
6520000 5.07556
6530000 4.94865
6540000 5.08017
6550000 5.10432
6560000 5.02712
6570000 5.10751
6580000 5.10822
6590000 5.0255
6600000 5.10422
6610000 5.22207
6620000 5.29786
6630000 5.1935
6640000 5.02366
6650000 5.21044
6660000 5.41625
6670000 5.07527
6680000 5.05895
6690000 5.08435
6700000 5.05127
6710000 5.09601
6720000 5.04059
6730000 5.06672
6740000 5.04479
6750000 5.11022
6760000 5.04371
6770000 5.12381
6780000 5.12652
6790000 4.94093
6800000 5.067
6810000 5.08243
6820000 5.13656
6830000 5.23867
6840000 5.01854
6850000 5.23557
6860000 5.0786
6870000 4.95377
6880000 5.11429
6890000 5.03969
6900000 5.11796
6910000 5.07632
6920000 5.22006
6930000 5.13426
6940000 4.99524
6950000 5.08038
6960000 5.08858
6970000 5.10853
6980000 5.11495
6990000 5.13011
7000000 5.10068
7010000 5.30487
7020000 5.05306
7030000 5.01082
7040000 5.06416
7050000 5.00212
7060000 5.03213
7070000 5.0987
7080000 5.00575
7090000 5.09125
7100000 5.03968
7110000 5.05623
7120000 5.19887
7130000 5.01137
7140000 5.16696
7150000 5.01085
7160000 5.04719
7170000 5.13865
7180000 5.14898
7190000 5.05593
7200000 5.09449
7210000 5.18475
7220000 5.23725
7230000 5.22831
7240000 5.13814
7250000 4.99332
7260000 4.95518
7270000 4.96603
7280000 5.06648
7290000 5.14991
7300000 5.05818
7310000 4.95667
7320000 4.9201
7330000 4.91802
7340000 5.13418
7350000 5.05528
7360000 5.14626
7370000 5.11649
7380000 5.14776
7390000 5.1135
7400000 4.94663
7410000 5.12462
7420000 5.02527
7430000 5.00038
7440000 5.12749
7450000 5.02988
7460000 4.9542
7470000 5.16214
7480000 5.14784
7490000 5.05884
7500000 5.07242
7510000 5.0468
7520000 5.03563
7530000 5.02258
7540000 5.14696
7550000 4.99518
7560000 4.9586
7570000 5.03548
7580000 4.97875
7590000 5.02082
7600000 5.0496
7610000 5.06524
7620000 4.89992
7630000 5.06945
7640000 5.05635
7650000 5.03017
7660000 5.01155
7670000 5.12314
7680000 4.9666
7690000 5.03808
7700000 5.00467
7710000 5.06617
7720000 4.93621
7730000 4.98104
7740000 5.10532
7750000 5.06604
7760000 5.01309
7770000 5.03408
7780000 4.99575
7790000 4.95805
7800000 5.02169
7810000 5.06529
7820000 4.95133
7830000 4.94747
7840000 5.07674
7850000 5.08771
7860000 5.09163
7870000 5.07612
7880000 5.09263
7890000 4.94099
7900000 5.08193
7910000 5.02049
7920000 5.07017
7930000 5.12904
7940000 5.0486
7950000 5.07643
7960000 5.08601
7970000 5.22172
7980000 5.05088
7990000 5.01206
8000000 4.98663
8010000 5.02714
8020000 4.94296
8030000 5.06159
8040000 5.08492
8050000 5.07072
8060000 5.02574
8070000 5.01616
8080000 5.04585
8090000 4.98215
8100000 5.15921
8110000 5.04209
8120000 5.18309
8130000 5.09981
8140000 5.04581
8150000 5.08765
8160000 5.05229
8170000 5.07828
8180000 5.09822
8190000 5.08699
8200000 5.10934
8210000 5.16761
8220000 5.17318
8230000 5.12086
8240000 5.10164
8250000 4.99275
8260000 5.1531
8270000 4.9542
8280000 4.98325
8290000 5.09692
8300000 5.07319
8310000 5.13939
8320000 5.15555
8330000 4.95505
8340000 5.19596
8350000 4.94229
8360000 4.9792
8370000 5.049
8380000 5.13053
8390000 5.01768
8400000 4.99622
8410000 4.99813
8420000 5.09213
8430000 4.94012
8440000 5.07151
8450000 5.0148
8460000 5.24522
8470000 5.19195
8480000 4.99356
8490000 4.91723
8500000 5.0199
8510000 5.03956
8520000 4.9612
8530000 4.95141
8540000 4.89787
8550000 5.19653
8560000 4.99392
8570000 5.11563
8580000 5.1241
8590000 5.09895
8600000 5.1837
8610000 4.96616
8620000 5.48162
8630000 4.94353
8640000 5.04358
8650000 5.05984
8660000 4.96251
8670000 5.21796
8680000 5.10092
8690000 5.1982
8700000 5.15707
8710000 5.16216
8720000 5.00093
8730000 5.06057
8740000 5.18868
8750000 4.90019
8760000 4.92012
8770000 4.86373
8780000 4.99315
8790000 5.10096
8800000 4.87969
8810000 5.04766
8820000 4.98796
8830000 5.08806
8840000 5.10565
8850000 5.07686
8860000 5.01609
8870000 4.92218
8880000 4.87226
8890000 4.96346
8900000 5.08375
8910000 5.01385
8920000 5.13797
8930000 5.02016
8940000 5.13452
8950000 5.04407
8960000 5.12323
8970000 5.0788
8980000 5.15679
8990000 5.04782
9000000 4.92444
9010000 4.98736
9020000 5.15842
9030000 5.01037
9040000 5.07638
9050000 5.01768
9060000 5.02187
9070000 4.92189
9080000 5.14464
9090000 5.12001
9100000 5.10199
9110000 5.08945
9120000 5.12061
9130000 5.04421
9140000 4.98492
9150000 5.09626
9160000 5.07851
9170000 5.10749
9180000 4.95519
9190000 5.04208
9200000 4.89536
9210000 4.99836
9220000 5.05645
9230000 5.0642
9240000 5.22983
9250000 5.11886
9260000 5.04338
9270000 5.08711
9280000 5.04485
9290000 4.90644
9300000 4.99609
9310000 4.93841
9320000 4.99507
9330000 4.99664
9340000 5.20129
9350000 5.15922
9360000 5.07664
9370000 5.00791
9380000 4.8932
9390000 4.91898
9400000 5.08013
9410000 5.04369
9420000 5.06411
9430000 5.11896
9440000 4.95064
9450000 5.09955
9460000 4.96585
9470000 5.07535
9480000 5.02012
9490000 5.10376
9500000 5.09474
9510000 4.98868
9520000 5.11371
9530000 5.10228
9540000 5.14923
9550000 5.13012
9560000 4.94577
9570000 4.94858
9580000 4.99084
9590000 4.97278
9600000 5.05482
9610000 4.96684
9620000 4.98277
9630000 5.24273
9640000 5.03214
9650000 4.97845
9660000 5.00794
9670000 4.98354
9680000 5.09092
9690000 5.06538
9700000 5.03269
9710000 5.02495
9720000 5.13263
9730000 5.08779
9740000 5.13042
9750000 5.06554
9760000 5.23164
9770000 5.04907
9780000 4.91869
9790000 4.97157
9800000 4.99302
9810000 5.02904
9820000 4.98241
9830000 4.98292
9840000 4.99586
9850000 4.99872
9860000 4.95747
9870000 4.95798
9880000 5.0216
9890000 5.11316
9900000 5.19025
9910000 4.92586
9920000 5.01654
9930000 4.86229
9940000 4.96522
9950000 5.11066
9960000 5.05631
9970000 5.21927
9980000 5.14209
9990000 4.92837
10000000 5.02393
10010000 5.00016
10020000 5.09514
10030000 4.9333
10040000 5.00859
10050000 5.07849
10060000 5.01783
10070000 5.06711
10080000 4.94073
10090000 4.99056
10100000 4.99734
10110000 4.93434
10120000 4.97071
10130000 5.08273
10140000 5.4001
10150000 5.05822
10160000 5.00128
10170000 4.97921
10180000 5.01845
10190000 5.03045
10200000 5.00448
10210000 4.97261
10220000 4.97212
10230000 5.10055
10240000 5.14572
10250000 4.99528
10260000 4.98338
10270000 4.95344
10280000 4.9494
10290000 5.02417
10300000 5.11547
10310000 4.87547
10320000 4.95294
10330000 4.94203
10340000 4.99243
10350000 4.96836
10360000 5.00026
10370000 5.04633
10380000 4.96415
10390000 5.03431
10400000 5.08099
10410000 5.10607
10420000 4.98424
10430000 4.97401
10440000 4.96514
10450000 5.01504
10460000 5.02891
10470000 4.9994
10480000 5.04018
10490000 5.1076
10500000 5.00379
10510000 5.03337
10520000 4.97354
10530000 5.44211
10540000 5.1474
10550000 4.96537
10560000 4.91799
10570000 5.00083
10580000 5.16314
10590000 5.03278
10600000 5.1101
10610000 5.12541
10620000 4.99705
10630000 4.96315
10640000 5.1382
10650000 4.99922
10660000 5.06123
10670000 5.01921
10680000 5.12884
10690000 5.07651
10700000 5.0482
10710000 5.00322
10720000 5.05232
10730000 5.04457
10740000 4.98681
10750000 5.14292
10760000 5.02225
10770000 5.09462
10780000 4.97085
10790000 5.04596
10800000 5.04056
10810000 4.90639
10820000 4.9824
10830000 5.08374
10840000 4.95253
10850000 5.07402
10860000 5.13986
10870000 5.00688
10880000 4.93462
10890000 5.0286
10900000 5.05935
10910000 5.00988
10920000 4.99577
10930000 5.10454
10940000 5.00837
10950000 5.01138
10960000 5.04283
10970000 4.9801
10980000 5.06729
10990000 5.03601
11000000 5.09399
11010000 5.06231
11020000 5.06556
11030000 4.9879
11040000 5.00096
11050000 4.88235
11060000 4.98968
11070000 5.12211
11080000 5.15686
11090000 5.04338
11100000 4.9094
11110000 5.18045
11120000 4.94572
11130000 5.02285
11140000 5.39668
11150000 5.03686
11160000 5.0263
11170000 5.08033
11180000 4.91693
11190000 4.90087
11200000 4.98175
11210000 5.01995
11220000 5.07263
11230000 5.10708
11240000 5.02361
11250000 4.97756
11260000 5.01644
11270000 4.99434
11280000 5.01132
11290000 5.12252
11300000 5.26324
11310000 4.9877
11320000 5.0141
11330000 4.81484
11340000 5.04319
11350000 4.99932
11360000 4.96589
11370000 4.99512
11380000 4.98388
11390000 5.08343
11400000 5.0989
11410000 5.05294
11420000 5.02507
11430000 4.97809
11440000 4.97291
11450000 4.97772
11460000 5.0456
11470000 4.95918
11480000 4.84424
11490000 4.90148
11500000 4.94649
11510000 4.95715
11520000 4.89126
11530000 4.9164
11540000 4.99301
11550000 4.84996
11560000 4.93207
11570000 4.92676
11580000 4.90916
11590000 4.82509
11600000 5.04869
11610000 5.11272
11620000 4.88202
11630000 5.10531
11640000 5.03782
11650000 4.9288
11660000 4.88597
11670000 4.95767
11680000 5.07896
11690000 4.94605
11700000 5.10343
11710000 4.99388
11720000 4.99079
11730000 4.92432
11740000 4.95728
11750000 5.1548
11760000 5.01338
11770000 4.90247
11780000 5.12422
11790000 5.01667
11800000 5.02936
11810000 4.99172
11820000 5.04528
11830000 4.95465
11840000 5.13233
11850000 4.97067
11860000 4.88668
11870000 4.85558
11880000 4.90512
11890000 4.94395
11900000 5.16328
11910000 5.04782
11920000 5.01026
11930000 4.99563
11940000 5.03644
11950000 4.96702
11960000 4.98367
11970000 4.99472
11980000 5.12255
11990000 5.06309
12000000 5.03172
12010000 5.03826
12020000 5.08969
12030000 5.27335
12040000 5.06899
12050000 4.97538
12060000 5.01311
12070000 5.12795
12080000 5.18904
12090000 4.91452
12100000 4.8938
12110000 4.97654
12120000 4.95285
12130000 4.8565
12140000 5.1214
12150000 4.97172
12160000 5.07158
12170000 4.92687
12180000 4.93346
12190000 4.95136
12200000 5.04827
12210000 5.01
12220000 5.06604
12230000 4.88333
12240000 4.86699
12250000 4.91912
12260000 4.93312
12270000 4.91271
12280000 5.03739
12290000 5.00952
12300000 4.96111
12310000 4.90697
12320000 4.93112
12330000 5.08111
12340000 4.8721
12350000 5.01695
12360000 5.02763
12370000 5.082
12380000 4.93181
12390000 4.90433
12400000 4.90555
12410000 4.97853
12420000 4.96813
12430000 5.01098
12440000 5.11611
12450000 4.99003
12460000 4.95736
12470000 4.96537
12480000 4.99853
12490000 5.00043
12500000 5.27498
12510000 4.97882
12520000 4.90098
12530000 5.00531
12540000 5.00969
12550000 5.01558
12560000 4.89968
12570000 4.82052
12580000 4.87438
12590000 4.9051
12600000 4.98948
12610000 5.11472
12620000 5.05096
12630000 5.12193
12640000 5.12385
12650000 5.07606
12660000 4.98093
12670000 4.94355
12680000 5.07852
12690000 4.86615
12700000 4.87245
12710000 5.0152
12720000 4.944
12730000 5.01774
12740000 4.90575
12750000 4.88789
12760000 5.00414
12770000 5.06606
12780000 5.04793
12790000 5.0061
12800000 4.92286
12810000 4.97505
12820000 4.9315
12830000 4.90274
12840000 5.03476
12850000 5.17948
12860000 4.9896
12870000 5.0392
12880000 4.96351
12890000 5.02104
12900000 5.16247
12910000 4.86003
12920000 5.13612
12930000 4.93813
12940000 4.96852
12950000 4.89969
12960000 4.8734
12970000 4.94105
12980000 4.91243
12990000 4.93261
13000000 5.04829
13010000 4.86635
13020000 4.89407
13030000 4.80948
13040000 4.91313
13050000 5.07125
13060000 5.10051
13070000 5.15751
13080000 4.88852
13090000 4.96127
13100000 4.88985
13110000 5.08419
13120000 4.99653
13130000 5.15804
13140000 4.97073
13150000 4.9055
13160000 4.95205
13170000 4.99908
13180000 4.93079
13190000 4.87764
13200000 5.11033
13210000 5.02635
13220000 5.15821
13230000 5.00234
13240000 5.02514
13250000 5.03325
13260000 4.90931
13270000 4.94329
13280000 5.03319
13290000 4.9497
13300000 4.99114
13310000 4.98353
13320000 5.08299
13330000 5.00616
13340000 4.94904
13350000 4.94877
13360000 5.01279
13370000 4.90877
13380000 4.88361
13390000 4.86976
13400000 4.98433
13410000 4.99056
13420000 4.96974
13430000 4.96149
13440000 5.18534
13450000 5.00002
13460000 4.88204
13470000 5.11407
13480000 5.05455
13490000 5.00463
13500000 5.02731
13510000 5.06584
13520000 4.97371
13530000 5.09771
13540000 4.91935
13550000 4.95873
13560000 5.17389
13570000 5.33069
13580000 5.02743
13590000 4.92552
13600000 4.91087
13610000 4.94629
13620000 4.98558
13630000 5.09845
13640000 4.93758
13650000 4.98403
13660000 5.02534
13670000 5.06021
13680000 5.25901
13690000 5.04502
13700000 4.89656
13710000 4.97876
13720000 4.91995
13730000 5.0421
13740000 5.01642
13750000 5.04563
13760000 5.04128
13770000 5.00566
13780000 4.92864
13790000 4.93833
13800000 4.93892
13810000 4.93123
13820000 4.98716
13830000 5.01599
13840000 4.9048
13850000 4.85196
13860000 5.00084
13870000 4.99154
13880000 5.01426
13890000 5.00242
13900000 5.08032
13910000 4.97793
13920000 5.07993
13930000 4.86102
13940000 4.97128
13950000 4.95627
13960000 5.18483
13970000 5.0069
13980000 4.83133
13990000 4.96678
14000000 4.99572
14010000 4.96973
14020000 5.05798
14030000 5.02871
14040000 5.03964
14050000 5.03386
14060000 5.02424
14070000 5.00919
14080000 5.09915
14090000 5.01782
14100000 5.0707
14110000 4.92157
14120000 5.02054
14130000 4.99665
14140000 4.96842
14150000 5.06282
14160000 5.11433
14170000 4.91509
14180000 4.93554
14190000 4.98354
14200000 5.11504
14210000 4.88939
14220000 4.96022
14230000 5.14838
14240000 5.02656
14250000 4.9484
14260000 4.92508
14270000 5.03824
14280000 5.00964
14290000 4.82901
14300000 5.00386
14310000 4.91503
14320000 4.79653
14330000 5.00389
14340000 4.89042
14350000 4.95402
14360000 4.9824
14370000 4.96362
14380000 4.96547
14390000 4.97651
14400000 5.03965
14410000 5.03804
14420000 4.88077
14430000 5.08852
14440000 5.00447
14450000 4.93868
14460000 5.01437
14470000 4.9493
14480000 4.92272
14490000 4.92619
14500000 4.92526
14510000 5.10112
14520000 4.97919
14530000 4.99987
14540000 5.04477
14550000 4.9896
14560000 5.04269
14570000 5.00013
14580000 4.94948
14590000 4.9305
14600000 5.04429
14610000 4.92186
14620000 4.92598
14630000 4.92858
14640000 5.08647
14650000 5.06692
14660000 5.04516
14670000 5.02872
14680000 4.89652
14690000 4.92586
14700000 4.95659
14710000 5.05236
14720000 4.97914
14730000 4.88971
14740000 4.84298
14750000 4.97941
14760000 4.97533
14770000 4.92816
14780000 4.94985
14790000 4.90414
14800000 4.99513
14810000 4.91806
14820000 4.973
14830000 4.97252
14840000 4.99629
14850000 5.07269
14860000 4.97181
14870000 4.98765
14880000 5.02476
14890000 5.07179
14900000 4.946
14910000 5.03419
14920000 4.95928
14930000 4.89335
14940000 5.00326
14950000 4.91428
14960000 4.95546
14970000 4.95533
14980000 4.87281
14990000 4.93316
15000000 4.88131
15010000 4.88266
15020000 4.86346
15030000 4.92631
15040000 4.87111
15050000 5.03109
15060000 5.06955
15070000 5.26714
15080000 4.99734
15090000 4.92004
15100000 5.02327
15110000 4.92519
15120000 4.95146
15130000 4.88705
15140000 4.91403
15150000 4.90046
15160000 5.05773
15170000 5.10496
15180000 4.95343
15190000 4.91026
15200000 4.86529
15210000 5.02709
15220000 4.96987
15230000 5.11043
15240000 4.97785
15250000 4.99015
15260000 4.9688
15270000 4.98127
15280000 5.03202
15290000 5.12485
15300000 5.00407
15310000 5.04918
15320000 4.94886
15330000 4.86727
15340000 5.04717
15350000 4.99429
15360000 4.93855
15370000 4.89417
15380000 5.00123
15390000 5.2792
15400000 4.92523
15410000 5.0352
15420000 5.07917
15430000 4.98411
15440000 4.95973
15450000 5.09343
15460000 4.9504
15470000 5.12071
15480000 5.04507
15490000 4.94903
15500000 4.89373
15510000 5.04512
15520000 5.02426
15530000 5.08551
15540000 4.99623
15550000 5.01762
15560000 4.9479
15570000 4.92862
15580000 4.85558
15590000 4.88509
15600000 4.92195
15610000 4.98055
15620000 4.95096
15630000 4.91705
15640000 4.8524
15650000 5.02928
15660000 4.93414
15670000 5.0172
15680000 4.99289
15690000 4.99092
15700000 4.97227
15710000 5.00224
15720000 5.07723
15730000 4.99421
15740000 5.06279
15750000 4.93321
15760000 4.91401
15770000 4.93146
15780000 5.00131
15790000 4.9338
15800000 4.87718
15810000 5.06815
15820000 4.93301
15830000 5.00461
15840000 4.98011
15850000 5.00587
15860000 5.06648
15870000 5.04566
15880000 5.06503
15890000 5.1979
15900000 5.02425
15910000 4.98056
15920000 5.0481
15930000 4.99283
15940000 4.94955
15950000 5.04643
15960000 4.89653
15970000 4.90325
15980000 4.90279
15990000 4.88263
16000000 5.01873
16010000 4.96959
16020000 5.0191
16030000 4.99009
16040000 4.93413
16050000 4.99777
16060000 4.88906
16070000 4.87488
16080000 4.98507
16090000 5.12566
16100000 4.97838
16110000 4.93443
16120000 4.9242
16130000 5.0914
16140000 4.98101
16150000 5.04596
16160000 4.95867
16170000 5.12994
16180000 4.92528
16190000 4.97384
16200000 4.96369
16210000 5.04845
16220000 5.02713
16230000 5.04322
16240000 5.04044
16250000 4.98796
16260000 5.02191
16270000 4.90581
16280000 4.91244
16290000 5.1025
16300000 5.06336
16310000 5.01105
16320000 5.08388
16330000 5.07606
16340000 5.08031
16350000 4.94647
16360000 4.97433
16370000 4.91427
16380000 4.96714
16390000 4.94523
16400000 5.087
16410000 4.96941
16420000 5.0367
16430000 5.0075
16440000 4.89089
16450000 4.88756
16460000 4.80967
16470000 4.97408
16480000 5.09894
16490000 4.98591
16500000 5.00399
16510000 5.03861
16520000 4.93913
16530000 4.92565
16540000 4.9096
16550000 4.92831
16560000 4.90767
16570000 5.04355
16580000 5.08865
16590000 5.02339
16600000 4.87892
16610000 4.93819
16620000 4.89328
16630000 4.95238
16640000 5.01557
16650000 4.95238
16660000 4.89831
16670000 4.90928
16680000 4.95107
16690000 4.95922
16700000 4.96821
16710000 4.88559
16720000 5.00547
16730000 4.96601
16740000 5.12048
16750000 4.91874
16760000 4.91218
16770000 5.00258
16780000 4.95411
16790000 5.10544
16800000 4.96182
16810000 4.99791
16820000 5.10825
16830000 5.01887
16840000 4.92878
16850000 5.00691
16860000 4.85392
16870000 4.96433
16880000 4.84872
16890000 5.03918
16900000 5.03882
16910000 4.94686
16920000 5.00342
16930000 5.10825
16940000 4.92821
16950000 4.94838
16960000 4.99702
16970000 4.96279
16980000 4.99737
16990000 4.95854
17000000 4.9656
17010000 4.89371
17020000 4.87521
17030000 4.9449
17040000 4.99618
17050000 4.97734
17060000 4.98494
17070000 4.93997
17080000 4.99595
17090000 4.9163
17100000 5.01423
17110000 5.03453
17120000 4.92531
17130000 4.97857
17140000 4.95332
17150000 5.05186
17160000 4.9768
17170000 4.9073
17180000 4.92142
17190000 4.99421
17200000 4.89785
17210000 4.97177
17220000 4.95769
17230000 4.97763
17240000 4.97748
17250000 4.9167
17260000 4.92427
17270000 4.91879
17280000 5.07295
17290000 5.02498
17300000 5.09144
17310000 4.98879
17320000 5.07267
17330000 5.12556
17340000 5.06643
17350000 5.07802
17360000 4.90764
17370000 4.89692
17380000 5.00812
17390000 5.04176
17400000 4.99086
17410000 5.19353
17420000 4.98503
17430000 5.00574
17440000 4.95365
17450000 4.86116
17460000 4.89415
17470000 4.85555
17480000 4.93064
17490000 5.03729
17500000 4.93294
17510000 5.02878
17520000 5.01324
17530000 5.04793
17540000 5.02264
17550000 4.97262
17560000 5.01338
17570000 4.9913
17580000 5.12412
17590000 4.94041
17600000 5.08184
17610000 5.21141
17620000 5.10331
17630000 4.95931
17640000 4.97494
17650000 4.90711
17660000 4.901
17670000 4.9635
17680000 4.95042
17690000 5.15073
17700000 5.05677
17710000 5.0349
17720000 4.95894
17730000 4.95928
17740000 5.0121
17750000 5.06747
17760000 5.26673
17770000 5.03574
17780000 4.92273
17790000 5.01098
17800000 5.04223
17810000 4.93928
17820000 4.94078
17830000 4.98797
17840000 5.04238
17850000 4.93266
17860000 4.98324
17870000 5.12295
17880000 4.97239
17890000 4.99962
17900000 4.90672
17910000 5.17635
17920000 5.11585
17930000 5.02489
17940000 4.94543
17950000 4.9897
17960000 5.00808
17970000 4.93325
17980000 4.9424
17990000 5.04473
18000000 5.04291
18010000 5.1138
18020000 5.07109
18030000 5.06344
18040000 4.92815
18050000 5.06943
18060000 5.14182
18070000 5.06848
18080000 5.0693
18090000 5.32701
18100000 5.02301
18110000 4.96374
18120000 4.96465
18130000 4.99318
18140000 4.97356
18150000 5.0043
18160000 4.9657
18170000 4.9667
18180000 5.04035
18190000 4.97568
18200000 5.00016
18210000 4.92377
18220000 5.31397
18230000 5.05833
18240000 4.97856
18250000 5.0117
18260000 5.04222
18270000 4.93284
18280000 5.07078
18290000 4.98291
18300000 5.08196
18310000 5.07591
18320000 5.14802
18330000 5.07337
18340000 5.05682
18350000 5.11935
18360000 5.1193
18370000 5.0051
18380000 4.99205
18390000 4.995
18400000 4.97333
18410000 4.9649
18420000 5.00519
18430000 4.99221
18440000 5.09154
18450000 5.07741
18460000 4.96116
18470000 4.93388
18480000 5.05619
18490000 4.91968
18500000 4.94176
18510000 5.04224
18520000 5.17289
18530000 5.02819
18540000 4.98882
18550000 5.01224
18560000 4.9748
18570000 4.90694
18580000 5.00938
18590000 5.09366
18600000 5.00006
18610000 4.93335
18620000 5.04882
18630000 4.90881
18640000 5.13126
18650000 5.00174
18660000 4.93065
18670000 5.01027
18680000 4.98716
18690000 5.08137
18700000 4.96778
18710000 5.03917
18720000 4.96507
18730000 4.88862
18740000 4.98522
18750000 4.92465
18760000 4.98707
18770000 4.92143
18780000 5.02061
18790000 5.08209
18800000 5.137
18810000 4.97602
18820000 4.98014
18830000 4.99616
18840000 4.99906
18850000 5.05468
18860000 5.05269
18870000 4.9846
18880000 4.98725
18890000 5.10738
18900000 5.02982
18910000 4.9332
18920000 5.0269
18930000 4.9763
18940000 5.06012
18950000 4.91681
18960000 4.89387
18970000 4.94395
18980000 4.93281
18990000 5.09411
19000000 5.17509
19010000 5.1083
19020000 5.01357
19030000 5.15134
19040000 5.02469
19050000 5.12859
19060000 5.00788
19070000 4.92727
19080000 4.94813
19090000 5.03466
19100000 4.98926
19110000 4.99583
19120000 4.9232
19130000 4.98287
19140000 4.98907
19150000 5.07045
19160000 5.04801
19170000 5.05494
19180000 4.87983
19190000 4.91215
19200000 5.07785
19210000 5.10124
19220000 5.13252
19230000 5.07518
19240000 4.97343
19250000 4.90602
19260000 5.18813
19270000 4.97819
19280000 4.9894
19290000 5.08857
19300000 4.8984
19310000 4.95408
19320000 5.01279
19330000 4.90891
19340000 4.90434
19350000 5.11167
19360000 5.09599
19370000 5.03195
19380000 4.9594
19390000 4.95932
19400000 4.96135
19410000 5.11824
19420000 5.13127
19430000 5.0325
19440000 5.01659
19450000 4.79345
19460000 4.91339
19470000 4.96063
19480000 5.02338
19490000 4.96385
19500000 5.08199
19510000 5.00277
19520000 5.1157
19530000 4.97167
19540000 5.10731
19550000 5.16025
19560000 4.93675
19570000 4.89675
19580000 4.941
19590000 5.00583
19600000 4.94826
19610000 4.89276
19620000 4.97516
19630000 5.01067
19640000 4.92983
19650000 5.06287
19660000 5.0419
19670000 4.98168
19680000 5.13519
19690000 4.96057
19700000 4.94717
19710000 5.04415
19720000 5.06455
19730000 5.01658
19740000 4.94464
19750000 4.95919
19760000 5.27892
19770000 5.08669
19780000 4.97869
19790000 5.02933
19800000 4.92902
19810000 4.88355
19820000 4.94903
19830000 5.0765
19840000 4.99193
19850000 4.94069
19860000 5.14495
19870000 4.96721
19880000 5.02485
19890000 4.90684
19900000 4.95774
19910000 5.01701
19920000 5.12074
19930000 5.04455
19940000 4.976
19950000 4.91018
19960000 5.03238
19970000 5.11923
19980000 4.99981
19990000 5.01937
20000000 4.94459
20010000 4.98828
20020000 5.12659
20030000 4.97845
20040000 4.98813
20050000 4.97429
20060000 5.05543
20070000 4.94374
20080000 5.09656
20090000 4.95665
20100000 4.95958
20110000 4.95318
20120000 4.98999
20130000 5.0146
20140000 5.07186
20150000 5.07725
20160000 5.04979
20170000 4.94179
20180000 4.91686
20190000 4.93654
20200000 5.06633
20210000 4.91199
20220000 4.98122
20230000 4.85811
20240000 5.03458
20250000 4.99198
20260000 5.02677
20270000 5.01527
20280000 5.03152
20290000 4.92486
20300000 5.2014
20310000 5.02498
20320000 5.02556
20330000 4.97656
20340000 5.01482
20350000 4.92138
20360000 4.98491
20370000 4.96318
20380000 5.00995
20390000 4.98876
20400000 4.99563
20410000 4.96101
20420000 5.15084
20430000 5.00644
20440000 4.91624
20450000 4.95666
20460000 5.04973
20470000 4.91752
20480000 5.03956
20490000 5.02566
20500000 5.07791
20510000 4.96478
20520000 5.06447
20530000 4.91279
20540000 4.96583
20550000 4.9427
20560000 4.94634
20570000 5.04721
20580000 5.00797
20590000 5.14799
20600000 5.03946
20610000 4.99304
20620000 5.05804
20630000 5.11511
20640000 4.91348
20650000 5.02133
20660000 4.97792
20670000 4.90121
20680000 5.02342
20690000 5.06287
20700000 5.04361
20710000 4.9917
20720000 5.0213
20730000 4.99656
20740000 4.96181
20750000 4.98554
20760000 5.032
20770000 5.06175
20780000 4.96296
20790000 5.12564
20800000 5.07212
20810000 4.85682
20820000 4.96941
20830000 4.97371
20840000 5.04702
20850000 4.8659
20860000 5.10549
20870000 4.87923
20880000 5.0174
20890000 4.93157
20900000 5.04556
20910000 5.06696
20920000 5.03605
20930000 5.10412
20940000 4.9461
20950000 4.92915
20960000 5.00174
20970000 4.97324
20980000 5.00497
20990000 5.14139
21000000 5.02998
21010000 4.97867
21020000 5.14851
21030000 5.09367
21040000 5.00435
21050000 4.90065
21060000 4.9221
21070000 5.05391
21080000 4.99402
21090000 5.01246
21100000 5.12154
21110000 5.09644
21120000 5.00799
21130000 5.11548
21140000 4.94476
21150000 5.12512
21160000 4.95149
21170000 4.96042
21180000 4.97419
21190000 5.00599
21200000 5.04542
21210000 4.96586
21220000 4.93261
21230000 5.04343
21240000 5.15769
21250000 5.02835
21260000 4.93034
21270000 5.06605
21280000 4.95664
21290000 5.06796
21300000 4.99083
21310000 4.96691
21320000 4.97533
21330000 5.07478
21340000 4.96485
21350000 5.08184
21360000 5.04272
21370000 5.03325
21380000 5.02026
21390000 4.98055
21400000 5.09919
21410000 5.12489
21420000 5.10468
21430000 5.04284
21440000 5.13254
21450000 5.06362
21460000 4.98958
21470000 5.0406
21480000 4.99012
21490000 4.99492
21500000 4.98842
21510000 5.04502
21520000 5.00932
21530000 4.9277
21540000 4.96775
21550000 4.98025
21560000 4.97606
21570000 5.09597
21580000 4.96916
21590000 5.07769
21600000 5.03915
21610000 5.04115
21620000 5.11077
21630000 5.00352
21640000 4.94902
21650000 4.88062
21660000 5.01459
21670000 5.03409
21680000 4.9294
21690000 4.98959
21700000 5.07938
21710000 5.01915
21720000 4.93079
21730000 4.97305
21740000 5.06739
21750000 4.97282
21760000 5.12944
21770000 4.96514
21780000 4.94485
21790000 5.0353
21800000 4.9831
21810000 5.11365
21820000 5.23396
21830000 5.03748
21840000 5.01826
21850000 4.97027
21860000 5.01492
21870000 4.97579
21880000 4.97771
21890000 5.0261
21900000 4.92649
21910000 5.04974
21920000 5.16948
21930000 5.06269
21940000 5.00209
21950000 4.90176
21960000 5.03401
21970000 5.02563
21980000 4.90109
21990000 5.03039
22000000 4.97111
22010000 4.96348
22020000 5.05764
22030000 5.00958
22040000 4.91769
22050000 4.92799
22060000 5.1025
22070000 5.19157
22080000 4.99503
22090000 4.96749
22100000 4.92077
22110000 5.02143
22120000 5.02336
22130000 4.97946
22140000 4.98701
22150000 4.9835
22160000 4.88219
22170000 5.00585
22180000 5.09018
22190000 5.06096
22200000 5.02517
22210000 5.02826
22220000 5.05468
22230000 5.00407
22240000 4.92537
22250000 4.86994
22260000 4.9962
22270000 4.97865
22280000 5.00721
22290000 5.02016
22300000 5.0098
22310000 5.27343
22320000 5.0354
22330000 5.15716
22340000 5.09692
22350000 4.92405
22360000 4.95032
22370000 5.06565
22380000 5.08231
22390000 5.0989
22400000 4.9526
22410000 5.05038
22420000 5.0774
22430000 5.08586
22440000 5.04003
22450000 5.19101
22460000 5.16983
22470000 4.88368
22480000 5.03298
22490000 5.00362
22500000 5.03284
22510000 5.09554
22520000 5.09079
22530000 5.04366
22540000 5.09417
22550000 5.10658
22560000 5.03324
22570000 4.9696
22580000 4.91603
22590000 4.9633
22600000 5.00627
22610000 4.96092
22620000 4.98112
22630000 5.093
22640000 5.01334
22650000 5.00075
22660000 5.00455
22670000 4.96709
22680000 5.10677
22690000 5.01601
22700000 5.03945
22710000 5.05183
22720000 5.04276
22730000 5.06126
22740000 4.9522
22750000 5.00092
22760000 5.0614
22770000 5.13645
22780000 4.9685
22790000 4.99192
22800000 5.0883
22810000 5.07812
22820000 4.92091
22830000 4.99041
22840000 4.99749
22850000 5.14575
22860000 5.01025
22870000 5.00901
22880000 5.03962
22890000 5.11324
22900000 5.0592
22910000 5.21692
22920000 5.1164
22930000 5.00928
22940000 5.04721
22950000 5.05396
22960000 5.09788
22970000 5.07945
22980000 5.04342
22990000 5.06219
23000000 5.06109
23010000 4.98094
23020000 5.04263
23030000 4.9862
23040000 5.00985
23050000 5.11094
23060000 5.08168
23070000 4.985
23080000 4.93387
23090000 4.97804
23100000 5.03835
23110000 4.98841
23120000 4.95709
23130000 5.01769
23140000 5.03855
23150000 5.02934
23160000 5.12691
23170000 5.10564
23180000 5.07953
23190000 5.03831
23200000 5.18464
23210000 5.06242
23220000 5.04862
23230000 5.06796
23240000 5.03444
23250000 5.00226
23260000 4.9941
23270000 5.05234
23280000 4.8923
23290000 4.97729
23300000 4.9768
23310000 5.02092
23320000 5.06398
23330000 5.06307
23340000 5.13758
23350000 4.95015
23360000 4.97594
23370000 4.95635
23380000 5.07575
23390000 5.08779
23400000 5.13581
23410000 5.05911
23420000 5.08244
23430000 5.00534
23440000 5.27778
23450000 4.9838
23460000 5.01151
23470000 5.26053
23480000 4.9486
23490000 5.13604
23500000 5.02551
23510000 5.05659
23520000 5.20353
23530000 4.97222
23540000 5.03615
23550000 5.11361
23560000 5.03101
23570000 5.05555
23580000 4.90422
23590000 5.02035
23600000 4.9768
23610000 5.05466
23620000 4.97584
23630000 4.99593
23640000 4.97966
23650000 5.04703
23660000 5.02246
23670000 5.05746
23680000 4.97995
23690000 5.03958
23700000 4.96499
23710000 5.1655
23720000 4.99037
23730000 4.97167
23740000 5.14
23750000 5.15145
23760000 4.97575
23770000 5.07588
23780000 4.92905
23790000 4.96088
23800000 4.99814
23810000 5.07745
23820000 4.98872
23830000 5.03679
23840000 5.01381
23850000 5.06888
23860000 5.11291
23870000 5.04889
23880000 5.08709
23890000 5.05841
23900000 5.10379
23910000 5.08216
23920000 5.29246
23930000 5.1129
23940000 4.96429
23950000 5.04606
23960000 5.03827
23970000 4.96415
23980000 5.09534
23990000 4.99213
24000000 4.98056
24010000 5.01676
24020000 5.50535
24030000 5.05587
24040000 5.00521
24050000 5.03963
24060000 4.99402
24070000 5.02474
24080000 4.95026
24090000 5.06816
24100000 5.02473
24110000 5.13609
24120000 5.22175
24130000 5.00007
24140000 5.09993
24150000 5.05388
24160000 5.05102
24170000 5.04617
24180000 4.97027
24190000 5.03798
24200000 4.94764
24210000 5.12373
24220000 5.12454
24230000 5.07594
24240000 4.92102
24250000 5.02816
24260000 5.0341
24270000 5.04185
24280000 5.06307
24290000 4.96126
24300000 4.92759
24310000 4.96862
24320000 4.93799
24330000 5.05554
24340000 5.06533
24350000 5.0909
24360000 5.0258
24370000 5.0164
24380000 5.17177
24390000 4.92835
24400000 4.92222
24410000 5.10654
24420000 5.01167
24430000 4.98408
24440000 4.91768
24450000 4.95966
24460000 4.97046
24470000 5.11358
24480000 5.03454
24490000 4.97134
24500000 5.09027
24510000 5.23457
24520000 5.0928
24530000 5.14417
24540000 5.03168
24550000 5.05523
24560000 4.97584
24570000 4.99387
24580000 5.05973
24590000 5.02058
24600000 5.12928
24610000 4.97338
24620000 5.18947
24630000 4.97852
24640000 5.09133
24650000 5.06607
24660000 5.0829
24670000 5.10049
24680000 5.05261
24690000 5.05176
24700000 5.02317
24710000 5.08168
24720000 5.05187
24730000 5.10448
24740000 4.96492
24750000 5.02998
24760000 5.02729
24770000 4.97311
24780000 5.1027
24790000 5.04572
24800000 4.84954
24810000 4.97776
24820000 5.02146
24830000 4.93695
24840000 5.03705
24850000 4.94137
24860000 5.09199
24870000 5.08708
24880000 5.11634
24890000 5.0209
24900000 4.97958
24910000 4.95236
24920000 5.09273
24930000 5.0039
24940000 5.119
24950000 5.16886
24960000 5.14371
24970000 5.13462
24980000 5.03089
24990000 5.04768
25000000 4.93819
25010000 4.96079
25020000 5.04464
25030000 5.03867
25040000 5.00366
25050000 4.96437
25060000 5.34718
25070000 4.96592
25080000 5.02063
25090000 5.0405
25100000 5.08617
25110000 5.04466
25120000 4.97954
25130000 5.13478
25140000 5.07719
25150000 5.08073
25160000 5.07305
25170000 4.95531
25180000 4.98125
25190000 4.99286
25200000 4.99527
25210000 4.93671
25220000 4.9817
25230000 4.94949
25240000 4.95209
25250000 4.91239
25260000 5.00226
25270000 5.15813
25280000 4.99946
25290000 4.91067
25300000 5.07067
25310000 4.99015
25320000 5.00604
25330000 4.89326
25340000 5.12022
25350000 5.20536
25360000 5.00742
25370000 5.0562
25380000 5.00597
25390000 4.94003
25400000 4.92616
25410000 5.02773
25420000 5.06787
25430000 5.11545
25440000 5.01585
25450000 5.11856
25460000 4.9647
25470000 5.02807
25480000 5.1301
25490000 4.92151
25500000 5.00821
25510000 4.99792
25520000 5.17862
25530000 5.02494
25540000 4.96802
25550000 5.02091
25560000 5.02224
25570000 5.12899
25580000 5.02791
25590000 5.04784
25600000 5.14289
25610000 5.09083
25620000 5.22178
25630000 5.15513
25640000 5.14588
25650000 5.20966
25660000 5.21891
25670000 5.04762
25680000 5.07323
25690000 5.24837
25700000 5.05719
25710000 5.08414
25720000 5.14437
25730000 5.11254
25740000 5.03371
25750000 5.0614
25760000 5.05751
25770000 5.12535
25780000 5.12367
25790000 4.99853
25800000 5.01065
25810000 5.0557
25820000 4.96425
25830000 5.13756
25840000 4.93026
25850000 4.9828
25860000 5.03484
25870000 5.06402
25880000 5.02264
25890000 5.23983
25900000 5.14377
25910000 4.98757
25920000 5.0418
25930000 4.95007
25940000 5.10897
25950000 4.96706
25960000 4.91919
25970000 5.09251
25980000 5.08146
25990000 5.06424
26000000 5.11081
26010000 5.28602
26020000 5.1997
26030000 5.05485
26040000 4.96819
26050000 4.97741
26060000 5.02616
26070000 4.97899
26080000 4.99276
26090000 5.03516
26100000 4.99667
26110000 5.02146
26120000 4.95059
26130000 5.09844
26140000 5.01611
26150000 4.94972
26160000 5.14535
26170000 5.06845
26180000 5.10346
26190000 5.06965
26200000 5.16268
26210000 5.18794
26220000 4.98264
26230000 5.02124
26240000 5.08619
26250000 5.05562
26260000 5.14808
26270000 5.11346
26280000 4.95002
26290000 5.10625
26300000 5.06981
26310000 4.98607
26320000 5.05234
26330000 5.06638
26340000 5.1837
26350000 5.10676
26360000 5.20123
26370000 5.06914
26380000 4.99154
26390000 5.01122
26400000 5.04574
26410000 5.0477
26420000 4.94654
26430000 5.09423
26440000 4.97125
26450000 4.99011
26460000 5.04124
26470000 5.07027
26480000 4.92149
26490000 4.99508
26500000 5.08159
26510000 5.02494
26520000 5.11329
26530000 5.00664
26540000 4.91274
26550000 5.05467
26560000 5.06474
26570000 5.18553
26580000 5.11716
26590000 5.20791
26600000 5.0008
26610000 4.99664
26620000 5.03074
26630000 5.0339
26640000 5.05589
26650000 4.97598
26660000 5.10445
26670000 5.00112
26680000 5.06106
26690000 4.98128
26700000 4.99249
26710000 5.06594
26720000 5.06706
26730000 5.03568
26740000 5.02632
26750000 5.00685
26760000 5.10015
26770000 5.08177
26780000 5.11057
26790000 5.0885
26800000 5.13099
26810000 5.02876
26820000 5.07424
26830000 4.98542
26840000 5.00149
26850000 5.07915
26860000 5.04686
26870000 4.96731
26880000 5.12825
26890000 5.11917
26900000 4.92055
26910000 4.9578
26920000 5.04337
26930000 5.11569
26940000 5.08174
26950000 5.12636
26960000 5.10849
26970000 5.24332
26980000 5.18157
26990000 5.12131
27000000 5.01023
27010000 5.02252
27020000 5.06248
27030000 5.12688
27040000 5.17061
27050000 5.04902
27060000 5.01705
27070000 4.97599
27080000 5.12528
27090000 5.08498
27100000 5.06786
27110000 5.01528
27120000 5.04881
27130000 5.03783
27140000 5.06174
27150000 4.99455
27160000 4.97652
27170000 5.05482
27180000 5.06949
27190000 5.1358
27200000 5.07507
27210000 5.08568
27220000 5.00858
27230000 4.97154
27240000 5.08052
27250000 5.16184
27260000 5.18233
27270000 5.06431
27280000 5.20297
27290000 5.01812
27300000 5.05107
27310000 5.29749
27320000 5.10136
27330000 5.06516
27340000 5.04905
27350000 5.04269
27360000 5.1605
27370000 5.00282
27380000 4.9301
27390000 4.98989
27400000 5.1328
27410000 5.0468
27420000 5.00398
27430000 5.07114
27440000 4.97988
27450000 5.14305
27460000 5.06723
27470000 5.07189
27480000 5.16923
27490000 5.11958
27500000 5.04743
27510000 5.00965
27520000 5.1222
27530000 5.05614
27540000 5.05867
27550000 5.01872
27560000 5.18079
27570000 5.07807
27580000 5.13182
27590000 5.08054
27600000 5.00184
27610000 5.12042
27620000 5.30422
27630000 5.07592
27640000 5.1165
27650000 5.0468
27660000 5.10002
27670000 4.99264
27680000 5.06285
27690000 4.95806
27700000 5.02193
27710000 5.09551
27720000 5.08059
27730000 5.02133
27740000 5.00408
27750000 5.13882
27760000 5.01229
27770000 4.96811
27780000 5.01248
27790000 5.14242
27800000 5.09086
27810000 5.21148
27820000 5.00915
27830000 5.12529
27840000 5.09995
27850000 5.13295
27860000 5.09644
27870000 5.11463
27880000 5.05956
27890000 5.14243
27900000 5.047
27910000 5.10005
27920000 5.10077
27930000 4.98221
27940000 5.00785
27950000 5.13212
27960000 5.04216
27970000 4.9418
27980000 5.01035
27990000 5.08205
28000000 5.09704
28010000 5.07839
28020000 5.19287
28030000 5.02941
28040000 5.18288
28050000 5.19392
28060000 5.0973
28070000 5.11535
28080000 5.07495
28090000 5.0796
28100000 5.00649
28110000 5.05308
28120000 5.09369
28130000 5.09588
28140000 5.17417
28150000 5.08268
28160000 5.11099
28170000 5.06715
28180000 5.20832
28190000 5.1125
28200000 5.17808
28210000 5.05975
28220000 4.96278
28230000 4.99079
28240000 5.0385
28250000 5.16343
28260000 5.04179
28270000 5.04101
28280000 5.15306
28290000 5.07456
28300000 5.01274
28310000 5.20848
28320000 5.08988
28330000 4.9619
28340000 5.03848
28350000 5.15013
28360000 4.96465
28370000 5.03154
28380000 5.22744
28390000 5.09153
28400000 5.16834
28410000 5.14701
28420000 5.11927
28430000 5.08207
28440000 5.14775
28450000 5.09296
28460000 5.19406
28470000 5.10974
28480000 5.35301
28490000 4.98471
28500000 5.0555
28510000 5.12017
28520000 5.14216
28530000 4.92676
28540000 5.04311
28550000 5.03344
28560000 4.97507
28570000 5.2599
28580000 5.22251
28590000 5.13978
28600000 5.04436
28610000 5.18069
28620000 5.08279
28630000 5.09841
28640000 5.08362
28650000 5.10691
28660000 5.22428
28670000 5.08304
28680000 5.07226
28690000 5.09904
28700000 5.07324
28710000 5.06948
28720000 5.00974
28730000 5.09938
28740000 5.1361
28750000 5.0384
28760000 5.07902
28770000 5.24677
28780000 5.04358
28790000 5.08114
28800000 5.15942
28810000 4.96953
28820000 5.04279
28830000 5.1406
28840000 5.09458
28850000 5.09908
28860000 5.14527
28870000 5.17048
28880000 5.05363
28890000 5.38002
28900000 5.04293
28910000 5.09229
28920000 4.98763
28930000 5.08791
28940000 5.0764
28950000 4.96654
28960000 5.04004
28970000 5.04617
28980000 5.07481
28990000 5.03855
29000000 5.03272
29010000 5.14704
29020000 5.05468
29030000 5.04266
29040000 5.05471
29050000 5.06621
29060000 4.94794
29070000 4.94976
29080000 5.00579
29090000 4.96972
29100000 5.04472
29110000 5.14448
29120000 5.08052
29130000 5.10877
29140000 4.98281
29150000 5.06026
29160000 4.96291
29170000 5.05395
29180000 5.05501
29190000 5.07981
29200000 5.04835
29210000 5.08638
29220000 5.18849
29230000 5.15789
29240000 5.09883
29250000 5.06963
29260000 5.41693
29270000 5.06582
29280000 5.07554
29290000 5.02351
29300000 5.12791
29310000 5.05298
29320000 5.2093
29330000 5.1698
29340000 5.09898
29350000 5.19339
29360000 5.11098
29370000 5.06048
29380000 5.10326
29390000 5.1681
29400000 5.203
29410000 5.2264
29420000 5.05492
29430000 5.13022
29440000 5.15745
29450000 5.16791
29460000 5.04024
29470000 5.01894
29480000 5.15237
29490000 4.99706
29500000 5.01519
29510000 5.31389
29520000 5.05248
29530000 5.1057
29540000 5.05389
29550000 5.08954
29560000 5.27975
29570000 5.06864
29580000 5.14589
29590000 5.31079
29600000 5.01557
29610000 4.99753
29620000 4.97421
29630000 5.10669
29640000 5.14484
29650000 5.08025
29660000 5.09218
29670000 5.15266
29680000 5.07361
29690000 5.07938
29700000 5.06363
29710000 5.10672
29720000 5.07109
29730000 5.0075
29740000 4.9705
29750000 5.09216
29760000 5.05646
29770000 5.16063
29780000 5.05163
29790000 5.07175
29800000 5.05689
29810000 5.0264
29820000 4.99833
29830000 4.9769
29840000 5.06754
29850000 5.1491
29860000 5.15637
29870000 5.02387
29880000 4.98766
29890000 5.05989
29900000 5.14211
29910000 5.09651
29920000 5.2768
29930000 5.03101
29940000 5.17918
29950000 5.10916
29960000 5.13761
29970000 5.01273
29980000 5.06587
29990000 5.03436
30000000 5.08081
