1 1.56337
2 1.2759
3 1.02974
4 0.894271
5 0.819428
6 0.772676
7 0.739704
8 0.71442
9 0.693993
10 0.676937
11 0.662379
12 0.649759
13 0.638689
14 0.628889
15 0.620145
16 0.612292
17 0.605196
18 0.598748
19 0.592861
20 0.587458
21 0.582479
22 0.577869
23 0.573584
24 0.569585
25 0.565841
26 0.562322
27 0.559004
28 0.555867
29 0.552891
30 0.550062
31 0.547364
32 0.544787
33 0.542318
34 0.53995
35 0.537673
36 0.53548
37 0.533364
38 0.53132
39 0.529342
40 0.527427
41 0.525568
42 0.523764
43 0.52201
44 0.520303
45 0.518641
46 0.51702
47 0.515439
48 0.513896
49 0.512388
50 0.510913
51 0.509471
52 0.50806
53 0.506677
54 0.505322
55 0.503994
56 0.502692
57 0.501414
58 0.50016
59 0.498928
60 0.497718
61 0.496529
62 0.49536
63 0.49421
64 0.49308
65 0.491967
66 0.490873
67 0.489795
68 0.488734
69 0.487689
70 0.48666
71 0.485645
72 0.484646
73 0.483661
74 0.482689
75 0.481731
76 0.480787
77 0.479855
78 0.478935
79 0.478028
80 0.477133
81 0.476249
82 0.475377
83 0.474516
84 0.473666
85 0.472826
86 0.471996
87 0.471177
88 0.470368
89 0.469568
90 0.468778
91 0.467997
92 0.467225
93 0.466462
94 0.465708
95 0.464962
96 0.464225
97 0.463496
98 0.462775
99 0.462062
100 0.461357
101 0.46066
102 0.45997
103 0.459288
104 0.458612
105 0.457944
106 0.457283
107 0.456629
108 0.455981
109 0.455341
110 0.454706
111 0.454079
112 0.453457
113 0.452842
114 0.452233
115 0.45163
116 0.451033
117 0.450441
118 0.449856
119 0.449276
120 0.448702
121 0.448133
122 0.44757
123 0.447012
124 0.446459
125 0.445912
126 0.445369
127 0.444832
128 0.4443
129 0.443772
130 0.443249
131 0.442732
132 0.442218
133 0.44171
134 0.441206
135 0.440706
136 0.440211
137 0.439721
138 0.439234
139 0.438752
140 0.438275
141 0.437801
142 0.437331
143 0.436866
144 0.436404
145 0.435947
146 0.435493
147 0.435044
148 0.434598
149 0.434156
150 0.433717
151 0.433282
152 0.432851
153 0.432424
154 0.432
155 0.431579
156 0.431162
157 0.430748
158 0.430338
159 0.429931
160 0.429527
161 0.429127
162 0.42873
163 0.428336
164 0.427945
165 0.427558
166 0.427173
167 0.426791
168 0.426413
169 0.426037
170 0.425665
171 0.425295
172 0.424928
173 0.424564
174 0.424203
175 0.423845
176 0.423489
177 0.423136
178 0.422786
179 0.422439
180 0.422094
181 0.421751
182 0.421412
183 0.421075
184 0.42074
185 0.420408
186 0.420079
187 0.419752
188 0.419427
189 0.419105
190 0.418785
191 0.418468
192 0.418153
193 0.41784
194 0.417529
195 0.417221
196 0.416915
197 0.416612
198 0.41631
199 0.416011
200 0.415714
201 0.415419
202 0.415126
203 0.414835
204 0.414546
205 0.41426
206 0.413975
207 0.413693
208 0.413412
209 0.413134
210 0.412857
211 0.412583
212 0.41231
213 0.41204
214 0.411771
215 0.411504
216 0.411239
217 0.410976
218 0.410714
219 0.410455
220 0.410197
221 0.409941
222 0.409687
223 0.409435
224 0.409184
225 0.408936
226 0.408688
227 0.408443
228 0.408199
229 0.407957
230 0.407717
231 0.407478
232 0.407241
233 0.407005
234 0.406771
235 0.406539
236 0.406308
237 0.406079
238 0.405852
239 0.405626
240 0.405401
241 0.405178
242 0.404957
243 0.404737
244 0.404518
245 0.404301
246 0.404085
247 0.403871
248 0.403659
249 0.403447
250 0.403238
251 0.403029
252 0.402822
253 0.402616
254 0.402412
255 0.402209
256 0.402008
257 0.401807
258 0.401608
259 0.401411
260 0.401215
261 0.40102
262 0.400826
263 0.400634
264 0.400443
265 0.400253
266 0.400064
267 0.399877
268 0.399691
269 0.399506
270 0.399322
271 0.39914
272 0.398959
273 0.398779
274 0.3986
275 0.398422
276 0.398246
277 0.39807
278 0.397896
279 0.397723
280 0.397551
281 0.397381
282 0.397211
283 0.397042
284 0.396875
285 0.396709
286 0.396544
287 0.39638
288 0.396217
289 0.396055
290 0.395894
291 0.395734
292 0.395575
293 0.395417
294 0.395261
295 0.395105
296 0.39495
297 0.394797
298 0.394644
299 0.394493
300 0.394342
301 0.394192
302 0.394044
303 0.393896
304 0.39375
305 0.393604
306 0.393459
307 0.393315
308 0.393173
309 0.393031
310 0.39289
311 0.39275
312 0.392611
313 0.392473
314 0.392335
315 0.392199
316 0.392064
317 0.391929
318 0.391795
319 0.391663
320 0.391531
321 0.3914
322 0.39127
323 0.391141
324 0.391012
325 0.390885
326 0.390758
327 0.390632
328 0.390507
329 0.390383
330 0.39026
331 0.390137
332 0.390016
333 0.389895
334 0.389775
335 0.389656
336 0.389537
337 0.38942
338 0.389303
339 0.389187
340 0.389072
341 0.388957
342 0.388844
343 0.388731
344 0.388619
345 0.388508
346 0.388397
347 0.388287
348 0.388178
349 0.38807
350 0.387962
351 0.387856
352 0.387749
353 0.387644
354 0.38754
355 0.387436
356 0.387333
357 0.38723
358 0.387128
359 0.387027
360 0.386927
361 0.386828
362 0.386729
363 0.38663
364 0.386533
365 0.386436
366 0.38634
367 0.386245
368 0.38615
369 0.386056
370 0.385962
371 0.38587
372 0.385778
373 0.385686
374 0.385595
375 0.385505
376 0.385416
377 0.385327
378 0.385239
379 0.385151
380 0.385065
381 0.384978
382 0.384893
383 0.384808
384 0.384724
385 0.38464
386 0.384557
387 0.384474
388 0.384392
389 0.384311
390 0.384231
391 0.384151
392 0.384071
393 0.383992
394 0.383914
395 0.383837
396 0.38376
397 0.383683
398 0.383607
399 0.383532
400 0.383457
401 0.383383
402 0.38331
403 0.383237
404 0.383164
405 0.383093
406 0.383021
407 0.382951
408 0.382881
409 0.382811
410 0.382742
411 0.382674
412 0.382606
413 0.382538
414 0.382471
415 0.382405
416 0.38234
417 0.382274
418 0.38221
419 0.382146
420 0.382082
421 0.382019
422 0.381956
423 0.381894
424 0.381833
425 0.381772
426 0.381712
427 0.381652
428 0.381592
429 0.381533
430 0.381475
431 0.381417
432 0.38136
433 0.381303
434 0.381247
435 0.381191
436 0.381135
437 0.38108
438 0.381026
439 0.380972
440 0.380919
441 0.380866
442 0.380813
443 0.380761
444 0.38071
445 0.380659
446 0.380608
447 0.380558
448 0.380509
449 0.38046
450 0.380411
451 0.380363
452 0.380315
453 0.380268
454 0.380221
455 0.380175
456 0.380129
457 0.380083
458 0.380038
459 0.379994
460 0.37995
461 0.379906
462 0.379863
463 0.37982
464 0.379778
465 0.379736
466 0.379695
467 0.379654
468 0.379613
469 0.379573
470 0.379533
471 0.379494
472 0.379455
473 0.379417
474 0.379379
475 0.379341
476 0.379304
477 0.379268
478 0.379231
479 0.379196
480 0.37916
481 0.379125
482 0.37909
483 0.379056
484 0.379022
485 0.378989
486 0.378956
487 0.378923
488 0.378891
489 0.378859
490 0.378828
491 0.378797
492 0.378766
493 0.378736
494 0.378706
495 0.378677
496 0.378648
497 0.378619
498 0.378591
499 0.378563
500 0.378536
