10000 94.9847
20000 46.886
30000 29.0136
40000 20.5281
50000 16.011
60000 13.3617
70000 11.656
80000 10.5363
90000 9.75642
100000 9.19036
110000 8.77936
120000 8.41964
130000 8.1572
140000 7.92887
150000 7.73185
160000 7.59701
170000 7.42368
180000 7.30067
190000 7.18783
200000 7.057
210000 6.97553
220000 6.86665
230000 6.7731
240000 6.6924
250000 6.61357
260000 6.55896
270000 6.50869
280000 6.43145
290000 6.37074
300000 6.31596
310000 6.27456
320000 6.21719
330000 6.16047
340000 6.13308
350000 6.0651
360000 6.03641
370000 6.0006
380000 5.93897
390000 5.91244
400000 5.8785
410000 5.85794
420000 5.80662
430000 5.75975
440000 5.72852
450000 5.71005
460000 5.68462
470000 5.6384
480000 5.64247
490000 5.60012
500000 5.55435
510000 5.5343
520000 5.51032
530000 5.47104
540000 5.4808
550000 5.4245
560000 5.405
570000 5.37643
580000 5.35151
590000 5.33855
600000 5.33282
610000 5.31795
620000 5.28948
630000 5.27133
640000 5.25756
650000 5.24736
660000 5.21817
670000 5.20839
680000 5.19546
690000 5.15313
700000 5.14411
710000 5.11132
720000 5.11497
730000 5.09426
740000 5.09129
750000 5.06705
760000 5.05843
770000 5.05042
780000 5.03303
790000 5.02228
800000 5.00742
810000 4.99259
820000 4.98576
830000 4.97145
840000 4.94358
850000 4.9626
860000 4.94371
870000 4.93502
880000 4.92283
890000 4.89642
900000 4.89804
910000 4.89312
920000 4.86672
930000 4.86046
940000 4.8404
950000 4.83322
960000 4.84499
970000 4.81868
980000 4.80788
990000 4.82603
1000000 4.78546
1010000 4.79515
1020000 4.77507
1030000 4.7557
1040000 4.75388
1050000 4.75027
1060000 4.73085
1070000 4.74188
1080000 4.73735
1090000 4.71166
1100000 4.71523
1110000 4.70705
1120000 4.71774
1130000 4.69366
1140000 4.66368
1150000 4.68925
1160000 4.65863
1170000 4.64859
1180000 4.65033
1190000 4.64949
1200000 4.63023
1210000 4.64198
1220000 4.64151
1230000 4.63075
1240000 4.62438
1250000 4.62555
1260000 4.61467
1270000 4.60553
1280000 4.58544
1290000 4.60675
1300000 4.56618
1310000 4.59031
1320000 4.57927
1330000 4.56507
1340000 4.56264
1350000 4.56447
1360000 4.56077
1370000 4.55389
1380000 4.54179
1390000 4.53063
1400000 4.52527
1410000 4.51752
1420000 4.5158
1430000 4.49658
1440000 4.5106
1450000 4.50561
1460000 4.50701
1470000 4.49973
1480000 4.49464
1490000 4.50622
1500000 4.49192
1510000 4.49892
1520000 4.47834
1530000 4.46674
1540000 4.45639
1550000 4.47971
1560000 4.45084
1570000 4.46953
1580000 4.44324
1590000 4.44831
1600000 4.44554
1610000 4.45224
1620000 4.42789
1630000 4.41258
1640000 4.42529
1650000 4.43617
1660000 4.41315
1670000 4.41731
1680000 4.40436
1690000 4.41566
1700000 4.41042
1710000 4.39652
1720000 4.38946
1730000 4.37853
1740000 4.3912
1750000 4.40086
1760000 4.3841
1770000 4.36738
1780000 4.40435
1790000 4.3798
1800000 4.36758
1810000 4.35986
1820000 4.36521
1830000 4.37359
1840000 4.36584
1850000 4.36031
1860000 4.35286
1870000 4.34923
1880000 4.34598
1890000 4.3574
1900000 4.34198
1910000 4.34929
1920000 4.32221
1930000 4.3373
1940000 4.3244
1950000 4.331
1960000 4.32926
1970000 4.32963
1980000 4.31673
1990000 4.31123
2000000 4.30912
2010000 4.3135
2020000 4.297
2030000 4.30464
2040000 4.31958
2050000 4.31539
2060000 4.31017
2070000 4.29595
2080000 4.29264
2090000 4.28658
2100000 4.30201
2110000 4.30395
2120000 4.31545
2130000 4.29083
2140000 4.29077
2150000 4.2707
2160000 4.28529
2170000 4.27216
2180000 4.28289
2190000 4.27593
2200000 4.25787
2210000 4.27196
2220000 4.27743
2230000 4.28552
2240000 4.27599
2250000 4.24372
2260000 4.24507
2270000 4.25209
2280000 4.26173
2290000 4.25366
2300000 4.22852
2310000 4.247
2320000 4.23933
2330000 4.2482
2340000 4.23657
2350000 4.24869
2360000 4.2273
2370000 4.23237
2380000 4.22452
2390000 4.23981
2400000 4.23481
2410000 4.2478
2420000 4.22272
2430000 4.23673
2440000 4.23017
2450000 4.23137
2460000 4.23507
2470000 4.24224
2480000 4.21536
2490000 4.20689
2500000 4.20781
2510000 4.21811
2520000 4.19972
2530000 4.21385
2540000 4.19683
2550000 4.20079
2560000 4.22188
2570000 4.19928
2580000 4.19347
2590000 4.20605
2600000 4.18105
2610000 4.19094
2620000 4.19282
2630000 4.20796
2640000 4.1913
2650000 4.20091
2660000 4.1902
2670000 4.17769
2680000 4.17817
2690000 4.18076
2700000 4.15908
2710000 4.17162
2720000 4.16945
2730000 4.18875
2740000 4.1728
2750000 4.17577
2760000 4.15969
2770000 4.16471
2780000 4.1795
2790000 4.17254
2800000 4.15308
2810000 4.17101
2820000 4.17019
2830000 4.20387
2840000 4.16805
2850000 4.15004
2860000 4.15468
2870000 4.14293
2880000 4.16119
2890000 4.14622
2900000 4.16039
2910000 4.15084
2920000 4.17769
2930000 4.17336
2940000 4.15752
2950000 4.14899
2960000 4.16843
2970000 4.16142
2980000 4.15196
2990000 4.1284
3000000 4.14282
3010000 4.14593
3020000 4.13273
3030000 4.12921
3040000 4.12365
3050000 4.14091
3060000 4.13701
3070000 4.1233
3080000 4.11929
3090000 4.12389
3100000 4.12035
3110000 4.15051
3120000 4.12307
3130000 4.11635
3140000 4.11576
3150000 4.13337
3160000 4.12767
3170000 4.11399
3180000 4.11404
3190000 4.11519
3200000 4.1357
3210000 4.12348
3220000 4.11142
3230000 4.09669
3240000 4.11448
3250000 4.11315
3260000 4.12042
3270000 4.11046
3280000 4.12523
3290000 4.12691
3300000 4.10094
3310000 4.11657
3320000 4.09763
3330000 4.0915
3340000 4.08877
3350000 4.0997
3360000 4.09559
3370000 4.09509
3380000 4.09479
3390000 4.08766
3400000 4.10402
3410000 4.08916
3420000 4.10389
3430000 4.0929
3440000 4.1133
3450000 4.09641
3460000 4.09069
3470000 4.09908
3480000 4.10983
3490000 4.09303
3500000 4.07966
3510000 4.08894
3520000 4.08587
3530000 4.08411
3540000 4.07537
3550000 4.0753
3560000 4.08583
3570000 4.09239
3580000 4.08579
3590000 4.07764
3600000 4.08044
3610000 4.08154
3620000 4.0658
3630000 4.08373
3640000 4.074
3650000 4.09652
3660000 4.08918
3670000 4.07764
3680000 4.08836
3690000 4.07345
3700000 4.07321
3710000 4.09319
3720000 4.08688
3730000 4.05837
3740000 4.0544
3750000 4.06656
3760000 4.07279
3770000 4.05934
3780000 4.06797
3790000 4.05832
3800000 4.07183
3810000 4.07104
3820000 4.05856
3830000 4.05139
3840000 4.05658
3850000 4.05424
3860000 4.05773
3870000 4.06672
3880000 4.05192
3890000 4.05644
3900000 4.06468
3910000 4.06072
3920000 4.05614
3930000 4.05139
3940000 4.06328
3950000 4.0516
3960000 4.05038
3970000 4.05386
3980000 4.06585
3990000 4.04294
4000000 4.04508
4010000 4.05822
4020000 4.06767
4030000 4.06838
4040000 4.0595
4050000 4.0479
4060000 4.06483
4070000 4.04693
4080000 4.033
4090000 4.04841
4100000 4.03027
4110000 4.05255
4120000 4.06879
4130000 4.05544
4140000 4.02999
4150000 4.03523
4160000 4.05145
4170000 4.03566
4180000 4.02998
4190000 4.04131
4200000 4.04337
4210000 4.04772
4220000 4.02569
4230000 4.0545
4240000 4.04465
4250000 4.03224
4260000 4.04852
4270000 4.03884
4280000 4.0408
4290000 4.04204
4300000 4.04579
4310000 4.0309
4320000 4.02918
4330000 4.03706
4340000 4.04885
4350000 4.03343
4360000 4.04335
4370000 4.01589
4380000 4.01899
4390000 4.05101
4400000 4.02321
4410000 4.02793
4420000 4.01694
4430000 4.01558
4440000 4.02748
4450000 4.04417
4460000 4.02851
4470000 4.01144
4480000 4.0316
4490000 4.02365
4500000 4.0238
4510000 4.0168
4520000 4.01959
4530000 4.0326
4540000 4.01265
4550000 4.02336
4560000 4.02285
4570000 4.02906
4580000 4.01704
4590000 4.01764
4600000 4.02643
4610000 4.02919
4620000 4.00581
4630000 4.0051
4640000 4.0172
4650000 4.0192
4660000 4.01721
4670000 4.02649
4680000 4.0244
4690000 4.00944
4700000 4.02902
4710000 4.00798
4720000 3.99391
4730000 3.99815
4740000 4.02806
4750000 4.00974
4760000 4.03453
4770000 4.00126
4780000 4.00033
4790000 4.00909
4800000 4.00281
4810000 4.02724
4820000 4.01189
4830000 4.01669
4840000 4.01191
4850000 4.00958
4860000 4.0166
4870000 4.00586
4880000 4.01861
4890000 4.00012
4900000 4.0048
4910000 4.03544
4920000 4.01003
4930000 4.00144
4940000 4.00415
4950000 4.01735
4960000 3.9954
4970000 3.99659
4980000 4.00375
4990000 3.99184
5000000 3.99664
5010000 3.99149
5020000 4.007
5030000 4.01736
5040000 4.00862
5050000 4.00364
5060000 4.02231
5070000 3.99213
5080000 3.99585
5090000 4.00665
5100000 4.01489
5110000 3.99443
5120000 4.00029
5130000 3.996
5140000 3.99729
5150000 4.00564
5160000 4.02375
5170000 3.99888
5180000 4.03044
5190000 3.98565
5200000 3.99611
5210000 4.00747
5220000 4.00997
5230000 3.99377
5240000 3.98675
5250000 3.98457
5260000 3.99431
5270000 3.99058
5280000 3.99317
5290000 3.99705
5300000 3.99379
5310000 4.00649
5320000 4.0053
5330000 3.98736
5340000 3.99422
5350000 3.98652
5360000 3.9973
5370000 3.98018
5380000 3.98194
5390000 3.98686
5400000 3.98637
5410000 3.98818
5420000 3.99979
5430000 4.00152
5440000 3.9806
5450000 3.97777
5460000 4.00646
5470000 3.99248
5480000 3.97612
5490000 3.99006
5500000 3.98489
5510000 3.9847
5520000 3.97288
5530000 3.99066
5540000 4.00575
5550000 3.97726
5560000 3.98315
5570000 3.98107
5580000 3.98842
5590000 3.98212
5600000 3.97694
5610000 3.9936
5620000 3.98821
5630000 3.97226
5640000 3.97853
5650000 3.96555
5660000 3.97285
5670000 3.99119
5680000 3.9891
5690000 3.97281
5700000 3.9799
5710000 3.98349
5720000 3.97429
5730000 3.98153
5740000 3.98732
5750000 3.99258
5760000 3.96592
5770000 3.96619
5780000 4.00764
5790000 3.99317
5800000 3.97396
5810000 3.98476
5820000 3.97059
5830000 3.97547
5840000 3.98156
5850000 3.98128
5860000 3.97148
5870000 3.97205
5880000 3.97931
5890000 3.97142
5900000 3.99072
5910000 3.96433
5920000 3.97853
5930000 3.97136
5940000 3.96386
5950000 3.97358
5960000 3.98151
5970000 3.98506
5980000 3.96637
5990000 3.96079
6000000 3.9743
6010000 3.96735
6020000 3.97619
6030000 3.98473
6040000 3.97664
6050000 3.97017
6060000 3.97657
6070000 3.96516
6080000 3.96774
6090000 3.98688
6100000 3.97016
6110000 3.95722
6120000 3.96783
6130000 3.95698
6140000 3.97269
6150000 3.98393
6160000 3.9791
6170000 3.96512
6180000 3.9739
6190000 3.96597
6200000 3.95696
6210000 3.95319
6220000 3.96846
6230000 3.97024
6240000 3.96967
6250000 3.9834
6260000 3.96564
6270000 3.95596
6280000 3.96881
6290000 3.99333
6300000 3.96237
6310000 3.97967
6320000 3.97257
6330000 3.95081
6340000 3.96011
6350000 3.97601
6360000 3.98652
6370000 3.96043
6380000 3.96953
6390000 3.96873
6400000 3.98069
6410000 3.97443
6420000 3.97619
6430000 3.9681
6440000 3.97145
6450000 3.97137
6460000 3.97694
6470000 3.96948
6480000 3.95926
6490000 3.97014
6500000 3.96079
6510000 3.95916
6520000 3.97322
6530000 3.98002
6540000 3.97785
6550000 3.96438
6560000 3.96099
6570000 3.96646
6580000 3.98928
6590000 3.97492
6600000 3.96399
6610000 3.98738
6620000 3.95379
6630000 3.9573
6640000 3.96363
6650000 3.97404
6660000 3.95944
6670000 3.97759
6680000 3.97161
6690000 3.96091
6700000 3.95743
6710000 3.9824
6720000 3.97098
6730000 3.96127
6740000 3.9648
6750000 3.98021
6760000 3.95458
6770000 3.96092
6780000 3.9507
6790000 3.97067
6800000 3.95453
6810000 3.97982
6820000 3.94935
6830000 3.95563
6840000 3.9511
6850000 3.96207
6860000 3.96953
6870000 3.96959
6880000 3.95299
6890000 3.9613
6900000 3.97442
6910000 3.94941
6920000 3.96091
6930000 3.96789
6940000 3.9617
6950000 3.95853
6960000 3.96461
6970000 3.97331
6980000 3.9529
6990000 3.94831
7000000 3.96514
7010000 3.95173
7020000 3.94852
7030000 3.94936
7040000 3.94922
7050000 3.96319
7060000 3.96179
7070000 3.9543
7080000 3.94914
7090000 3.95922
7100000 3.96051
7110000 3.96325
7120000 3.96224
7130000 3.96271
7140000 3.96085
7150000 3.95065
7160000 3.96619
7170000 3.95221
7180000 3.97989
7190000 3.97522
7200000 3.95036
7210000 3.96275
7220000 3.96111
7230000 3.96352
7240000 3.95407
7250000 3.96288
7260000 3.9534
7270000 3.95054
7280000 3.95386
7290000 3.96174
7300000 3.95978
7310000 3.9476
7320000 3.95172
7330000 3.96811
7340000 3.95791
7350000 3.95382
7360000 3.96626
7370000 3.96921
7380000 3.97428
7390000 3.96256
7400000 3.95339
7410000 3.95662
7420000 3.96384
7430000 3.94984
7440000 3.96174
7450000 3.97666
7460000 3.94075
7470000 3.95971
7480000 3.94845
7490000 3.94753
7500000 3.95337
7510000 3.95672
7520000 3.95761
7530000 3.94461
7540000 3.95755
7550000 3.94934
7560000 3.95478
7570000 3.95621
7580000 3.96272
7590000 3.95525
7600000 3.95042
7610000 3.94505
7620000 3.96113
7630000 3.95053
7640000 3.96307
7650000 3.97849
7660000 3.9644
7670000 3.95158
7680000 3.95783
7690000 3.95231
7700000 3.94783
7710000 3.94584
7720000 3.95479
7730000 3.9661
7740000 3.94318
7750000 3.95089
7760000 3.96061
7770000 3.96338
7780000 3.95078
7790000 3.94844
7800000 3.95199
7810000 3.95166
7820000 3.99423
7830000 3.96199
7840000 3.95813
7850000 3.9468
7860000 3.94223
7870000 3.94275
7880000 3.96375
7890000 3.9567
7900000 3.95143
7910000 3.95605
7920000 3.96042
7930000 3.95261
7940000 3.95422
7950000 3.96206
7960000 3.95107
7970000 3.94017
7980000 3.94648
7990000 3.94721
8000000 3.95131
8010000 3.95761
8020000 3.94921
8030000 3.94913
8040000 3.94973
8050000 3.94759
8060000 3.95851
8070000 3.96801
8080000 3.94718
8090000 3.9394
8100000 3.93411
8110000 3.96856
8120000 3.94155
8130000 3.94523
8140000 3.9524
8150000 3.94619
8160000 3.95345
8170000 3.9508
8180000 3.96083
8190000 3.94738
8200000 3.95111
8210000 3.9445
8220000 3.94987
8230000 3.94517
8240000 3.94055
8250000 3.94622
8260000 3.94858
8270000 3.94394
8280000 3.94487
8290000 3.94992
8300000 3.94504
8310000 3.95328
8320000 3.97557
8330000 3.95426
8340000 3.95622
8350000 3.96552
8360000 3.95552
8370000 3.94052
8380000 3.95281
8390000 3.95006
8400000 3.9398
8410000 3.95283
8420000 3.9564
8430000 3.95908
8440000 3.96565
8450000 3.96123
8460000 3.96608
8470000 3.95712
8480000 3.96702
8490000 3.94636
8500000 3.95745
8510000 3.94779
8520000 3.9408
8530000 3.95079
8540000 3.95557
8550000 3.94687
8560000 3.94247
8570000 3.95351
8580000 3.94438
8590000 3.96429
8600000 3.93516
8610000 3.93671
8620000 3.9308
8630000 3.95248
8640000 3.95492
8650000 3.96976
8660000 3.94918
8670000 3.95141
8680000 3.96064
8690000 3.95565
8700000 3.94752
8710000 3.95355
8720000 3.94221
8730000 3.96245
8740000 3.96486
8750000 3.94761
8760000 3.9638
8770000 3.94322
8780000 3.93716
8790000 3.95096
8800000 3.94466
8810000 3.95135
8820000 3.94426
8830000 3.95521
8840000 3.95652
8850000 3.95359
8860000 3.94375
8870000 3.9488
8880000 3.94391
8890000 3.94859
8900000 3.94667
8910000 3.94445
8920000 3.95629
8930000 3.94538
8940000 3.95123
8950000 3.97949
8960000 3.95441
8970000 3.93754
8980000 3.93794
8990000 3.94101
9000000 3.93336
9010000 3.94899
9020000 3.93521
9030000 3.94242
9040000 3.94666
9050000 3.95407
9060000 3.93454
9070000 3.93609
9080000 3.94384
9090000 3.96478
9100000 3.9516
9110000 3.93302
9120000 3.94189
9130000 3.95181
9140000 3.95374
9150000 3.95626
9160000 3.95297
9170000 3.96028
9180000 3.93853
9190000 3.9462
9200000 3.94806
9210000 3.97148
9220000 3.94493
9230000 3.9568
9240000 3.93147
9250000 3.95239
9260000 3.94043
9270000 3.94338
9280000 3.94867
9290000 3.95127
9300000 3.94887
9310000 3.93197
9320000 3.92956
9330000 3.93975
9340000 3.93776
9350000 3.9632
9360000 3.94181
9370000 3.96606
9380000 3.94458
9390000 3.93701
9400000 3.94707
9410000 3.9401
9420000 3.94571
9430000 3.9448
9440000 3.9427
9450000 3.96184
9460000 3.9507
9470000 3.93915
9480000 3.93716
9490000 3.96144
9500000 3.9523
9510000 3.94645
9520000 3.95992
9530000 3.96062
9540000 3.9657
9550000 3.9557
9560000 3.95903
9570000 3.95191
9580000 3.94942
9590000 3.94068
9600000 3.95504
9610000 3.94296
9620000 3.94382
9630000 3.94081
9640000 3.959
9650000 3.94162
9660000 3.95107
9670000 3.9532
9680000 3.94596
9690000 3.94241
9700000 3.93841
9710000 3.96804
9720000 3.93968
9730000 3.94939
9740000 3.95734
9750000 3.94984
9760000 3.96304
9770000 3.93565
9780000 3.94699
9790000 3.95612
9800000 3.95078
9810000 3.95321
9820000 3.95185
9830000 3.94873
9840000 3.95303
9850000 3.96845
9860000 3.93118
9870000 3.94173
9880000 3.9458
9890000 3.95106
9900000 3.94618
9910000 3.95489
9920000 3.98091
9930000 3.94932
9940000 3.95406
9950000 3.96024
9960000 3.94433
9970000 3.94871
9980000 3.94309
9990000 3.9472
10000000 3.94836
10010000 3.94734
10020000 3.94985
10030000 3.94013
10040000 3.95583
10050000 3.95829
10060000 3.9449
10070000 3.94201
10080000 3.94691
10090000 3.94191
10100000 3.9478
10110000 3.95684
10120000 3.94461
10130000 3.95464
10140000 3.95542
10150000 3.95289
10160000 3.9575
10170000 3.94807
10180000 3.9434
10190000 3.96038
10200000 3.94878
10210000 3.96235
10220000 3.96032
10230000 3.95668
10240000 3.94433
10250000 3.95391
10260000 3.9466
10270000 3.94163
10280000 3.94715
10290000 3.93893
10300000 3.9572
10310000 3.93865
10320000 3.93987
10330000 3.94026
10340000 3.94549
10350000 3.95851
10360000 3.94959
10370000 3.95176
10380000 3.94475
10390000 3.9705
10400000 3.96324
10410000 3.94599
10420000 3.94253
10430000 3.95822
10440000 3.94137
10450000 3.94139
10460000 3.94977
10470000 3.94822
10480000 3.96644
10490000 3.9603
10500000 3.95899
10510000 3.97068
10520000 3.98275
10530000 3.98893
10540000 3.95836
10550000 3.95334
10560000 3.95934
10570000 3.97422
10580000 3.94832
10590000 3.9527
10600000 3.95366
10610000 3.9663
10620000 3.96797
10630000 3.93936
10640000 3.94709
10650000 3.96689
10660000 3.97146
10670000 3.95117
10680000 3.96132
10690000 3.96012
10700000 3.9608
10710000 3.96896
10720000 3.94334
10730000 3.93866
10740000 3.96231
10750000 3.95088
10760000 3.95345
10770000 3.95037
10780000 3.94382
10790000 3.94542
10800000 3.94646
10810000 3.96036
10820000 3.96066
10830000 3.94765
10840000 3.95069
10850000 3.93921
10860000 3.95094
10870000 3.9464
10880000 3.96247
10890000 3.95604
10900000 3.96587
10910000 3.95745
10920000 3.94948
10930000 3.9453
10940000 3.95879
10950000 3.9593
10960000 3.95398
10970000 3.95022
10980000 3.96546
10990000 3.95784
11000000 3.94863
11010000 3.97379
11020000 3.94729
11030000 3.97032
11040000 3.94901
11050000 3.97202
11060000 3.95802
11070000 3.94464
11080000 3.95501
11090000 3.94659
11100000 3.95055
11110000 4.00375
11120000 3.95272
11130000 3.96818
11140000 3.95016
11150000 3.95986
11160000 3.98886
11170000 3.95191
11180000 3.9545
11190000 3.95764
11200000 3.95514
11210000 3.95269
11220000 3.94497
11230000 3.95391
11240000 3.95134
11250000 3.95622
11260000 3.95517
11270000 3.96174
11280000 3.95753
11290000 3.95681
11300000 3.9556
11310000 3.95332
11320000 3.96728
11330000 3.97974
11340000 3.97839
11350000 3.9458
11360000 3.95852
11370000 3.95915
11380000 3.95713
11390000 3.95257
11400000 3.96383
11410000 3.95578
11420000 3.95511
11430000 3.95814
11440000 3.95849
11450000 3.95966
11460000 3.96694
11470000 3.96552
11480000 3.96429
11490000 3.95741
11500000 3.97288
11510000 3.95583
11520000 3.9609
11530000 3.97219
11540000 3.94444
11550000 3.95605
11560000 3.95487
11570000 3.94756
11580000 3.95386
11590000 3.95719
11600000 3.9622
11610000 3.94461
11620000 3.9535
11630000 3.96813
11640000 3.9548
11650000 3.96001
11660000 3.95639
11670000 3.96977
11680000 3.9554
11690000 3.9665
11700000 3.98299
11710000 3.97514
11720000 3.95726
11730000 3.95922
11740000 3.95384
11750000 3.96365
11760000 3.96682
11770000 3.9598
11780000 3.96114
11790000 3.95369
11800000 3.97026
11810000 3.94216
11820000 3.95221
11830000 3.94399
11840000 3.97036
11850000 3.95062
11860000 3.94477
11870000 3.9449
11880000 3.96973
11890000 3.95594
11900000 3.95872
11910000 3.95627
11920000 3.96497
11930000 3.9406
11940000 3.94952
11950000 3.95671
11960000 3.95243
11970000 3.94165
11980000 3.9755
11990000 3.96908
12000000 3.95102
12010000 3.95481
12020000 3.9787
12030000 3.9567
12040000 3.95833
12050000 3.95948
12060000 3.95687
12070000 3.94991
12080000 3.96596
12090000 3.95898
12100000 3.9614
12110000 3.95919
12120000 3.97575
12130000 3.94312
12140000 3.98829
12150000 3.94858
12160000 3.96233
12170000 3.96468
12180000 3.96183
12190000 3.97538
12200000 3.95984
12210000 3.96486
12220000 3.97274
12230000 3.95223
12240000 3.95693
12250000 3.95525
12260000 3.96527
12270000 3.9702
12280000 3.96113
12290000 3.97382
12300000 3.97219
12310000 3.98102
12320000 3.9597
12330000 3.96352
12340000 3.97451
12350000 3.97434
12360000 3.9491
12370000 3.96065
12380000 3.96607
12390000 3.96576
12400000 3.95666
12410000 3.96997
12420000 3.96763
12430000 3.96911
12440000 3.95699
12450000 3.96632
12460000 3.98903
12470000 3.96127
12480000 3.97006
12490000 3.97244
12500000 3.9729
12510000 3.97175
12520000 3.98146
12530000 3.96616
12540000 3.95934
12550000 3.97249
12560000 3.97227
12570000 3.97373
12580000 3.98331
12590000 3.96053
12600000 3.95338
12610000 3.95428
12620000 3.97954
12630000 3.95571
12640000 3.96494
12650000 3.95689
12660000 3.96763
12670000 3.9675
12680000 3.96709
12690000 3.962
12700000 3.95972
12710000 3.95768
12720000 3.97624
12730000 3.96381
12740000 3.95411
12750000 3.95866
12760000 3.95525
12770000 3.97575
12780000 3.95676
12790000 3.97777
12800000 3.96668
12810000 3.95957
12820000 3.96129
12830000 3.96749
12840000 3.97642
12850000 3.9648
12860000 3.99398
12870000 3.95907
12880000 3.96602
12890000 3.96514
12900000 3.97235
12910000 3.95699
12920000 3.97567
12930000 3.98233
12940000 3.98133
12950000 3.9619
12960000 3.99512
12970000 3.97473
12980000 3.95748
12990000 3.96779
13000000 3.95932
13010000 4.00251
13020000 3.96238
13030000 3.95513
13040000 3.96527
13050000 3.97206
13060000 3.9701
13070000 3.98886
13080000 3.98639
13090000 3.96514
13100000 3.97685
13110000 3.97049
13120000 3.99391
13130000 3.99409
13140000 3.96999
13150000 3.97924
13160000 3.97311
13170000 3.95844
13180000 3.96851
13190000 3.9668
13200000 3.97644
13210000 3.96072
13220000 3.95868
13230000 3.99482
13240000 3.97093
13250000 3.98115
13260000 3.9668
13270000 3.96763
13280000 3.97385
13290000 3.98067
13300000 3.96425
13310000 3.96795
13320000 3.99305
13330000 3.96884
13340000 3.98387
13350000 3.97054
13360000 3.99867
13370000 3.97736
13380000 3.97527
13390000 3.97296
13400000 3.98564
13410000 3.98512
13420000 3.97278
13430000 3.9766
13440000 3.98294
13450000 3.97722
13460000 3.98047
13470000 3.96524
13480000 3.97677
13490000 3.97058
13500000 3.97627
13510000 3.96657
13520000 3.97273
13530000 3.98466
13540000 4.00187
13550000 3.97308
13560000 3.97324
13570000 3.96355
13580000 3.97649
13590000 3.98288
13600000 3.96811
13610000 3.98189
13620000 3.96513
13630000 3.97201
13640000 3.99197
13650000 3.98245
13660000 3.98238
13670000 3.97125
13680000 3.98873
13690000 3.98628
13700000 3.9644
13710000 3.98397
13720000 3.97883
13730000 3.98159
13740000 3.97285
13750000 3.97259
13760000 3.97308
13770000 3.98126
13780000 3.97463
13790000 3.96988
13800000 3.97827
13810000 3.97511
13820000 3.97531
13830000 3.97065
13840000 3.97045
13850000 3.96823
13860000 3.98004
13870000 3.9793
13880000 3.97936
13890000 3.9803
13900000 3.98083
13910000 3.97666
13920000 3.99785
13930000 4.00073
13940000 3.9767
13950000 3.9789
13960000 3.98438
13970000 3.97243
13980000 3.9754
13990000 3.98938
14000000 3.99526
14010000 3.99341
14020000 3.98165
14030000 4.00164
14040000 3.98027
14050000 3.9884
14060000 3.98751
14070000 3.98607
14080000 3.99175
14090000 3.97897
14100000 3.97912
14110000 3.99227
14120000 3.99168
14130000 3.98235
14140000 3.96962
14150000 3.98509
14160000 3.98626
14170000 4.00781
14180000 4.00286
14190000 3.98352
14200000 3.9814
14210000 3.9777
14220000 3.97627
14230000 3.9736
14240000 4.00062
14250000 3.99395
14260000 3.9738
14270000 3.98193
14280000 3.98263
14290000 3.97046
14300000 3.97767
14310000 3.9702
14320000 3.97719
14330000 3.99462
14340000 3.98737
14350000 3.97903
14360000 3.97348
14370000 3.97323
14380000 3.98727
14390000 3.98028
14400000 3.98522
14410000 3.98282
14420000 3.98989
14430000 3.98971
14440000 3.99049
14450000 4.00257
14460000 3.9872
14470000 3.99103
14480000 3.9933
14490000 3.98502
14500000 3.97231
14510000 3.99434
14520000 3.98777
14530000 3.97374
14540000 3.97946
14550000 3.97882
14560000 3.97153
14570000 3.98266
14580000 3.99848
14590000 3.97687
14600000 3.98135
14610000 3.98119
14620000 3.97707
14630000 3.97077
14640000 3.98877
14650000 3.99407
14660000 3.9886
14670000 3.97189
14680000 3.97988
14690000 4.00705
14700000 4.02539
14710000 3.98662
14720000 3.98789
14730000 3.98758
14740000 3.98706
14750000 3.98379
14760000 3.98645
14770000 3.9827
14780000 3.98574
14790000 3.99466
14800000 3.98002
14810000 3.98521
14820000 3.98425
14830000 3.98354
14840000 3.98948
14850000 3.98419
14860000 3.97656
14870000 3.99048
14880000 3.97816
14890000 3.99279
14900000 4.0024
14910000 3.98018
14920000 4.00112
14930000 3.9777
14940000 3.98711
14950000 3.98139
14960000 3.98197
14970000 3.9904
14980000 3.99558
14990000 3.99068
15000000 4.01376
15010000 3.98249
15020000 3.9974
15030000 3.99839
15040000 3.98801
15050000 3.98556
15060000 3.9835
15070000 3.9925
15080000 3.99607
15090000 3.99181
15100000 4.00542
15110000 3.98219
15120000 3.98991
15130000 3.98627
15140000 3.99055
15150000 3.98552
15160000 3.98309
15170000 3.99546
15180000 3.97598
15190000 4.00856
15200000 4.01542
15210000 3.99144
15220000 3.98711
15230000 4.00925
15240000 3.98952
15250000 4.00486
15260000 3.99562
15270000 3.99531
15280000 3.98018
15290000 3.98921
15300000 3.9909
15310000 3.98722
15320000 3.98022
15330000 3.9989
15340000 4.00471
15350000 4.00781
15360000 4.00093
15370000 3.99689
15380000 3.99312
15390000 3.99256
15400000 4.00484
15410000 3.99411
15420000 3.97884
15430000 3.98796
15440000 3.98745
15450000 3.99801
15460000 4.00436
15470000 3.99655
15480000 3.99665
15490000 3.9942
15500000 3.98321
15510000 3.99051
15520000 3.99898
15530000 4.00548
15540000 4.00186
15550000 3.99608
15560000 3.99853
15570000 3.99074
15580000 4.02775
15590000 4.00282
15600000 4.00224
15610000 4.01384
15620000 3.99559
15630000 3.99935
15640000 4.00444
15650000 3.99171
15660000 3.9938
15670000 4.01169
15680000 3.99802
15690000 3.98498
15700000 4.00117
15710000 4.00385
15720000 3.99437
15730000 3.99515
15740000 3.98656
15750000 4.00085
15760000 3.99705
15770000 4.00832
15780000 4.00053
15790000 4.00642
15800000 3.99338
15810000 3.99629
15820000 3.99281
15830000 4.00325
15840000 3.99877
15850000 3.99896
15860000 3.99004
15870000 4.00891
15880000 3.99622
15890000 4.00439
15900000 4.01773
15910000 4.00069
15920000 3.99717
15930000 4.00297
15940000 4.0007
15950000 4.0067
15960000 3.99095
15970000 3.99461
15980000 4.005
15990000 4.00652
16000000 3.99989
16010000 4.00054
16020000 4.00437
16030000 4.01608
16040000 4.00027
16050000 3.98818
16060000 3.99748
16070000 4.01156
16080000 4.00869
16090000 4.00404
16100000 3.99154
16110000 3.99696
16120000 4.00238
16130000 3.99496
16140000 4.00458
16150000 4.00098
16160000 4.00767
16170000 3.99893
16180000 4.00164
16190000 4.01379
16200000 4.01324
16210000 4.01741
16220000 3.99313
16230000 4.01381
16240000 4.01582
16250000 3.99919
16260000 4.02508
16270000 4.01002
16280000 4.01282
16290000 4.01149
16300000 4.01386
16310000 4.0171
16320000 4.0018
16330000 3.99882
16340000 4.00943
16350000 4.00985
16360000 3.99648
16370000 4.00006
16380000 4.00762
16390000 4.00019
16400000 4.02269
16410000 4.01146
16420000 3.99791
16430000 3.99796
16440000 4.00594
16450000 4.01432
16460000 4.00273
16470000 4.02348
16480000 4.00686
16490000 4.01024
16500000 4.01748
16510000 4.00825
16520000 4.00635
16530000 4.01274
16540000 3.99965
16550000 4.01282
16560000 4.01898
16570000 4.02142
16580000 4.01771
16590000 4.01694
16600000 4.00234
16610000 3.99744
16620000 4.01686
16630000 4.01062
16640000 4.0177
16650000 4.01792
16660000 4.021
16670000 4.00721
16680000 3.9914
16690000 4.01671
16700000 4.01582
16710000 3.99835
16720000 4.02875
16730000 4.00487
16740000 4.03117
16750000 4.01824
16760000 4.01054
16770000 4.0257
16780000 4.00108
16790000 4.0114
16800000 4.00606
16810000 4.0222
16820000 4.03453
16830000 4.0007
16840000 4.01441
16850000 4.00465
16860000 4.00237
16870000 4.00905
16880000 4.00551
16890000 4.00387
16900000 4.00264
16910000 4.01445
16920000 4.01691
16930000 4.02208
16940000 4.01182
16950000 4.00465
16960000 4.00156
16970000 4.01738
16980000 4.00328
16990000 4.01749
17000000 4.02772
17010000 4.00835
17020000 4.01157
17030000 4.02192
17040000 4.01213
17050000 4.0298
17060000 4.03755
17070000 4.02357
17080000 4.01021
17090000 4.00675
17100000 4.02137
17110000 4.00461
17120000 4.02562
17130000 4.01588
17140000 4.01084
17150000 4.01291
17160000 4.01527
17170000 4.00776
17180000 4.02847
17190000 4.03432
17200000 4.00733
17210000 4.00583
17220000 4.01146
17230000 4.02178
17240000 4.04055
17250000 4.01881
17260000 4.0179
17270000 4.01659
17280000 4.00986
17290000 4.01905
17300000 4.01936
17310000 4.01605
17320000 4.01648
17330000 4.02128
17340000 4.0217
17350000 4.01992
17360000 4.01241
17370000 4.01499
17380000 4.03233
17390000 4.0323
17400000 4.01715
17410000 4.02726
17420000 4.01343
17430000 4.02757
17440000 4.02751
17450000 4.01503
17460000 4.01789
17470000 4.01542
17480000 4.01915
17490000 4.0221
17500000 4.02336
17510000 4.01044
17520000 4.02685
17530000 4.02495
17540000 4.02803
17550000 4.04436
17560000 4.02737
17570000 4.02303
17580000 4.02949
17590000 4.04753
17600000 4.0368
17610000 4.03309
17620000 4.02885
17630000 4.03153
17640000 4.03326
17650000 4.0124
17660000 4.02196
17670000 4.02246
17680000 4.03056
17690000 4.01573
17700000 4.03022
17710000 4.02502
17720000 4.02481
17730000 4.02144
17740000 4.02453
17750000 4.01581
17760000 4.02184
17770000 4.0229
17780000 4.0264
17790000 4.02377
17800000 4.01756
17810000 4.03574
17820000 4.02881
17830000 4.0313
17840000 4.03453
17850000 4.03057
17860000 4.03938
17870000 4.02266
17880000 4.04524
17890000 4.02638
17900000 4.02486
17910000 4.03398
17920000 4.02637
17930000 4.03314
17940000 4.03763
17950000 4.02033
17960000 4.03431
17970000 4.02371
17980000 4.02344
17990000 4.02318
18000000 4.02237
18010000 4.03745
18020000 4.02946
18030000 4.01344
18040000 4.024
18050000 4.02227
18060000 4.02762
18070000 4.02207
18080000 4.03502
18090000 4.03957
18100000 4.02926
18110000 4.02945
18120000 4.03566
18130000 4.02848
18140000 4.03148
18150000 4.03688
18160000 4.03349
18170000 4.03351
18180000 4.02691
18190000 4.02671
18200000 4.03122
18210000 4.02486
18220000 4.02173
18230000 4.02642
18240000 4.0287
18250000 4.0252
18260000 4.03656
18270000 4.02897
18280000 4.0177
18290000 4.02805
18300000 4.02759
18310000 4.03831
18320000 4.0502
18330000 4.02758
18340000 4.03076
18350000 4.0306
18360000 4.02523
18370000 4.03108
18380000 4.02885
18390000 4.04725
18400000 4.03237
18410000 4.0301
18420000 4.01866
18430000 4.05163
18440000 4.04771
18450000 4.02711
18460000 4.0285
18470000 4.03397
18480000 4.03668
18490000 4.05385
18500000 4.03068
18510000 4.02273
18520000 4.0427
18530000 4.03572
18540000 4.0329
18550000 4.03799
18560000 4.05547
18570000 4.02621
18580000 4.02993
18590000 4.03909
18600000 4.05152
18610000 4.03858
18620000 4.04453
18630000 4.04125
18640000 4.05515
18650000 4.04098
18660000 4.04461
18670000 4.05074
18680000 4.04612
18690000 4.04005
18700000 4.03758
18710000 4.03104
18720000 4.04536
18730000 4.05545
18740000 4.03656
18750000 4.04075
18760000 4.05818
18770000 4.0289
18780000 4.03481
18790000 4.03578
18800000 4.03359
18810000 4.04141
18820000 4.03607
18830000 4.03523
18840000 4.03022
18850000 4.03723
18860000 4.04544
18870000 4.05724
18880000 4.03975
18890000 4.0376
18900000 4.03095
18910000 4.06426
18920000 4.05403
18930000 4.03999
18940000 4.04396
18950000 4.05046
18960000 4.03937
18970000 4.03333
18980000 4.02867
18990000 4.05198
19000000 4.03798
19010000 4.04089
19020000 4.04455
19030000 4.04491
19040000 4.04361
19050000 4.03868
19060000 4.05786
19070000 4.05141
19080000 4.04441
19090000 4.03279
19100000 4.08384
19110000 4.04117
19120000 4.04217
19130000 4.04457
19140000 4.047
19150000 4.0436
19160000 4.03714
19170000 4.04733
19180000 4.04514
19190000 4.04317
19200000 4.03888
19210000 4.03722
19220000 4.03973
19230000 4.04503
19240000 4.05367
19250000 4.03841
19260000 4.04781
19270000 4.04144
19280000 4.05108
19290000 4.03761
19300000 4.06315
19310000 4.04996
19320000 4.04492
19330000 4.05537
19340000 4.04761
19350000 4.05114
19360000 4.04143
19370000 4.04932
19380000 4.04785
19390000 4.05366
19400000 4.03987
19410000 4.04086
19420000 4.04918
19430000 4.04804
19440000 4.05805
19450000 4.0543
19460000 4.04195
19470000 4.04948
19480000 4.04704
19490000 4.05289
19500000 4.04695
19510000 4.03671
19520000 4.04235
19530000 4.04849
19540000 4.06099
19550000 4.04306
19560000 4.06009
19570000 4.05576
19580000 4.06158
19590000 4.04746
19600000 4.04285
19610000 4.0494
19620000 4.04513
19630000 4.06039
19640000 4.05387
19650000 4.05415
19660000 4.05121
19670000 4.03962
19680000 4.05226
19690000 4.04258
19700000 4.07363
19710000 4.05248
19720000 4.05468
19730000 4.04716
19740000 4.03935
19750000 4.04666
19760000 4.06746
19770000 4.04721
19780000 4.06376
19790000 4.04418
19800000 4.05147
19810000 4.05255
19820000 4.05418
19830000 4.05599
19840000 4.06944
19850000 4.04996
19860000 4.0544
19870000 4.05827
19880000 4.06082
19890000 4.06115
19900000 4.05076
19910000 4.04603
19920000 4.06438
19930000 4.06797
19940000 4.05839
19950000 4.06476
19960000 4.06459
19970000 4.0561
19980000 4.06991
19990000 4.05542
20000000 4.04255
20010000 4.05534
20020000 4.05069
20030000 4.04405
20040000 4.04806
20050000 4.06467
20060000 4.05791
20070000 4.06506
20080000 4.05817
20090000 4.05619
20100000 4.05332
20110000 4.07607
20120000 4.07003
20130000 4.07024
20140000 4.06069
20150000 4.07457
20160000 4.05051
20170000 4.07065
20180000 4.06037
20190000 4.05473
20200000 4.06542
20210000 4.07181
20220000 4.05149
20230000 4.05359
20240000 4.06923
20250000 4.06352
20260000 4.07092
20270000 4.07075
20280000 4.05517
20290000 4.05113
20300000 4.05949
20310000 4.0649
20320000 4.07638
20330000 4.07391
20340000 4.06026
20350000 4.05116
20360000 4.07038
20370000 4.0599
20380000 4.06358
20390000 4.05879
20400000 4.06125
20410000 4.07906
20420000 4.05611
20430000 4.06832
20440000 4.0584
20450000 4.05646
20460000 4.05938
20470000 4.06119
20480000 4.04858
20490000 4.07081
20500000 4.05568
20510000 4.06094
20520000 4.07352
20530000 4.06264
20540000 4.07508
20550000 4.07015
20560000 4.06988
20570000 4.05046
20580000 4.05982
20590000 4.05457
20600000 4.08047
20610000 4.0817
20620000 4.06498
20630000 4.0583
20640000 4.06991
20650000 4.05968
20660000 4.07221
20670000 4.06815
20680000 4.07755
20690000 4.0791
20700000 4.07953
20710000 4.06786
20720000 4.08606
20730000 4.07579
20740000 4.0953
20750000 4.07395
20760000 4.0705
20770000 4.07916
20780000 4.06418
20790000 4.08074
20800000 4.07641
20810000 4.07223
20820000 4.05835
20830000 4.07908
20840000 4.08423
20850000 4.07117
20860000 4.07304
20870000 4.08016
20880000 4.06152
20890000 4.07257
20900000 4.08825
20910000 4.07174
20920000 4.0637
20930000 4.08583
20940000 4.07868
20950000 4.06757
20960000 4.06002
20970000 4.07815
20980000 4.06999
20990000 4.06858
21000000 4.08038
21010000 4.07449
21020000 4.08217
21030000 4.07913
21040000 4.07647
21050000 4.0677
21060000 4.08223
21070000 4.06697
21080000 4.07506
21090000 4.07781
21100000 4.08625
21110000 4.074
21120000 4.07019
21130000 4.07886
21140000 4.07087
21150000 4.07634
21160000 4.07006
21170000 4.07355
21180000 4.07489
21190000 4.08079
21200000 4.07039
21210000 4.08903
21220000 4.07508
21230000 4.07512
21240000 4.07916
21250000 4.08106
21260000 4.07286
21270000 4.08432
21280000 4.08594
21290000 4.07363
21300000 4.08906
21310000 4.06604
21320000 4.07323
21330000 4.08035
21340000 4.07172
21350000 4.07726
21360000 4.07046
21370000 4.07468
21380000 4.08059
21390000 4.08641
21400000 4.06955
21410000 4.09098
21420000 4.07306
21430000 4.07058
21440000 4.06704
21450000 4.07785
21460000 4.07755
21470000 4.07382
21480000 4.07275
21490000 4.08706
21500000 4.07314
21510000 4.07143
21520000 4.08306
21530000 4.08101
21540000 4.08868
21550000 4.08276
21560000 4.0921
21570000 4.09013
21580000 4.06514
21590000 4.07468
21600000 4.07564
21610000 4.06427
21620000 4.08147
21630000 4.08269
21640000 4.07755
21650000 4.0811
21660000 4.08329
21670000 4.08651
21680000 4.08123
21690000 4.10641
21700000 4.09255
21710000 4.09249
21720000 4.07498
21730000 4.08013
21740000 4.08092
21750000 4.08319
21760000 4.08476
21770000 4.09095
21780000 4.08453
21790000 4.11735
21800000 4.07637
21810000 4.07826
21820000 4.10534
21830000 4.07697
21840000 4.08444
21850000 4.07914
21860000 4.0809
21870000 4.08619
21880000 4.09657
21890000 4.09009
21900000 4.0906
21910000 4.09323
21920000 4.0827
21930000 4.07938
21940000 4.07782
21950000 4.08642
21960000 4.08383
21970000 4.08011
21980000 4.08625
21990000 4.08929
22000000 4.08793
22010000 4.09736
22020000 4.08581
22030000 4.09215
22040000 4.09569
22050000 4.0887
22060000 4.08555
22070000 4.08364
22080000 4.09026
22090000 4.08801
22100000 4.08491
22110000 4.09626
22120000 4.10844
22130000 4.10029
22140000 4.07991
22150000 4.07829
22160000 4.0954
22170000 4.08852
22180000 4.08117
22190000 4.1036
22200000 4.09401
22210000 4.0954
22220000 4.07853
22230000 4.09001
22240000 4.09502
22250000 4.08669
22260000 4.09018
22270000 4.08223
22280000 4.08727
22290000 4.08683
22300000 4.11622
22310000 4.0964
22320000 4.10178
22330000 4.0857
22340000 4.09055
22350000 4.09139
22360000 4.08957
22370000 4.09966
22380000 4.08671
22390000 4.09467
22400000 4.10849
22410000 4.08145
22420000 4.08557
22430000 4.10983
22440000 4.09279
22450000 4.09689
22460000 4.08903
22470000 4.10773
22480000 4.0985
22490000 4.10552
22500000 4.10618
22510000 4.09138
22520000 4.09297
22530000 4.08154
22540000 4.0938
22550000 4.10074
22560000 4.09913
22570000 4.10763
22580000 4.08594
22590000 4.09235
22600000 4.10263
22610000 4.0907
22620000 4.08989
22630000 4.1065
22640000 4.07979
22650000 4.1002
22660000 4.09779
22670000 4.11552
22680000 4.10449
22690000 4.10123
22700000 4.10529
22710000 4.09429
22720000 4.11586
22730000 4.09683
22740000 4.0968
22750000 4.08645
22760000 4.09334
22770000 4.09121
22780000 4.09767
22790000 4.10363
22800000 4.10795
22810000 4.08926
22820000 4.09123
22830000 4.10425
22840000 4.09234
22850000 4.10741
22860000 4.11782
22870000 4.10576
22880000 4.09023
22890000 4.10367
22900000 4.09379
22910000 4.09763
22920000 4.08163
22930000 4.09789
22940000 4.09824
22950000 4.08258
22960000 4.09116
22970000 4.11998
22980000 4.09495
22990000 4.1017
23000000 4.09482
23010000 4.09874
23020000 4.10424
23030000 4.10539
23040000 4.11028
23050000 4.11388
23060000 4.09278
23070000 4.09979
23080000 4.1026
23090000 4.10714
23100000 4.10368
23110000 4.10656
23120000 4.08877
23130000 4.09866
23140000 4.10269
23150000 4.09662
23160000 4.10481
23170000 4.10198
23180000 4.11094
23190000 4.10732
23200000 4.10681
23210000 4.10427
23220000 4.10189
23230000 4.09779
23240000 4.10351
23250000 4.10557
23260000 4.11787
23270000 4.10337
23280000 4.10612
23290000 4.10065
23300000 4.10253
23310000 4.10679
23320000 4.12219
23330000 4.09311
23340000 4.09897
23350000 4.10282
23360000 4.09629
23370000 4.10688
23380000 4.09705
23390000 4.11377
23400000 4.12638
23410000 4.10564
23420000 4.11072
23430000 4.09986
23440000 4.11041
23450000 4.10501
23460000 4.1282
23470000 4.12988
23480000 4.12339
23490000 4.1126
23500000 4.12511
23510000 4.11149
23520000 4.11553
23530000 4.11474
23540000 4.12877
23550000 4.10884
23560000 4.11354
23570000 4.10433
23580000 4.10962
23590000 4.0989
23600000 4.10714
23610000 4.10564
23620000 4.10419
23630000 4.10599
23640000 4.11394
23650000 4.10309
23660000 4.10387
23670000 4.12107
23680000 4.10659
23690000 4.11849
23700000 4.11657
23710000 4.11495
23720000 4.10404
23730000 4.11083
23740000 4.11197
23750000 4.11313
23760000 4.10992
23770000 4.11118
23780000 4.11528
23790000 4.10913
23800000 4.11085
23810000 4.12143
23820000 4.11322
23830000 4.1108
23840000 4.11158
23850000 4.10555
23860000 4.1065
23870000 4.11809
23880000 4.11409
23890000 4.11959
23900000 4.13019
23910000 4.1137
23920000 4.10516
23930000 4.12525
23940000 4.09979
23950000 4.10732
23960000 4.13332
23970000 4.1377
23980000 4.12223
23990000 4.11329
24000000 4.11402
24010000 4.12221
24020000 4.11569
24030000 4.13091
24040000 4.1299
24050000 4.13619
24060000 4.12121
24070000 4.132
24080000 4.11317
24090000 4.12138
24100000 4.11641
24110000 4.11729
24120000 4.12406
24130000 4.11844
24140000 4.11554
24150000 4.11222
24160000 4.11548
24170000 4.11315
24180000 4.11107
24190000 4.126
24200000 4.12265
24210000 4.12463
24220000 4.12227
24230000 4.11744
24240000 4.12989
24250000 4.11895
24260000 4.11528
24270000 4.12702
24280000 4.1195
24290000 4.12006
24300000 4.12982
24310000 4.11862
24320000 4.13591
24330000 4.11768
24340000 4.12294
24350000 4.11227
24360000 4.12291
24370000 4.12131
24380000 4.14479
24390000 4.11342
24400000 4.13017
24410000 4.12929
24420000 4.13987
24430000 4.14296
24440000 4.13973
24450000 4.13786
24460000 4.13387
24470000 4.11745
24480000 4.11727
24490000 4.12696
24500000 4.11071
24510000 4.12334
24520000 4.12941
24530000 4.11912
24540000 4.12848
24550000 4.12188
24560000 4.13008
24570000 4.12977
24580000 4.12769
24590000 4.1249
24600000 4.13065
24610000 4.12683
24620000 4.11784
24630000 4.13276
24640000 4.13377
24650000 4.11439
24660000 4.12599
24670000 4.14595
24680000 4.12989
24690000 4.13564
24700000 4.12692
24710000 4.14199
24720000 4.12734
24730000 4.1332
24740000 4.12801
24750000 4.12532
24760000 4.12139
24770000 4.12917
24780000 4.13061
24790000 4.13094
24800000 4.11999
24810000 4.12989
24820000 4.12327
24830000 4.11952
24840000 4.14226
24850000 4.12936
24860000 4.14167
24870000 4.12367
24880000 4.1247
24890000 4.1296
24900000 4.12227
24910000 4.13341
24920000 4.1306
24930000 4.13069
24940000 4.13187
24950000 4.12894
24960000 4.12085
24970000 4.13573
24980000 4.12547
24990000 4.12812
25000000 4.12435
25010000 4.12866
25020000 4.12014
25030000 4.14457
25040000 4.14354
25050000 4.1261
25060000 4.13494
25070000 4.13455
25080000 4.14013
25090000 4.13632
25100000 4.13625
25110000 4.12834
25120000 4.15077
25130000 4.12898
25140000 4.14276
25150000 4.13215
25160000 4.12654
25170000 4.13526
25180000 4.12966
25190000 4.12433
25200000 4.12498
25210000 4.12486
25220000 4.12974
25230000 4.13306
25240000 4.1484
25250000 4.13537
25260000 4.13309
25270000 4.13829
25280000 4.13742
25290000 4.1387
25300000 4.138
25310000 4.13414
25320000 4.15196
25330000 4.13833
25340000 4.12237
25350000 4.12651
25360000 4.14362
25370000 4.12533
25380000 4.12789
25390000 4.13704
25400000 4.1421
25410000 4.13597
25420000 4.13711
25430000 4.14811
25440000 4.14487
25450000 4.13833
25460000 4.13935
25470000 4.13744
25480000 4.14273
25490000 4.14111
25500000 4.1466
25510000 4.1287
25520000 4.13372
25530000 4.13571
25540000 4.15627
25550000 4.14262
25560000 4.13903
25570000 4.13739
25580000 4.12573
25590000 4.1449
25600000 4.15488
25610000 4.15048
25620000 4.14857
25630000 4.14641
25640000 4.14521
25650000 4.14686
25660000 4.15044
25670000 4.1306
25680000 4.14053
25690000 4.14775
25700000 4.15162
25710000 4.13913
25720000 4.15187
25730000 4.13396
25740000 4.14339
25750000 4.13481
25760000 4.13179
25770000 4.14199
25780000 4.15243
25790000 4.14513
25800000 4.14159
25810000 4.1486
25820000 4.14146
25830000 4.14275
25840000 4.1486
25850000 4.14091
25860000 4.14167
25870000 4.14231
25880000 4.14738
25890000 4.15958
25900000 4.14125
25910000 4.14032
25920000 4.1348
25930000 4.14686
25940000 4.15162
25950000 4.12888
25960000 4.15218
25970000 4.14042
25980000 4.14681
25990000 4.15831
26000000 4.15293
26010000 4.14023
26020000 4.15905
26030000 4.1508
26040000 4.1538
26050000 4.1432
26060000 4.14836
26070000 4.15255
26080000 4.15004
26090000 4.13739
26100000 4.14322
26110000 4.15103
26120000 4.15103
26130000 4.15181
26140000 4.14801
26150000 4.15417
26160000 4.16044
26170000 4.14005
26180000 4.16064
26190000 4.15057
26200000 4.15552
26210000 4.1606
26220000 4.1534
26230000 4.16747
26240000 4.15466
26250000 4.15784
26260000 4.14628
26270000 4.13604
26280000 4.1604
26290000 4.15656
26300000 4.15215
26310000 4.16901
26320000 4.14986
26330000 4.15163
26340000 4.15457
26350000 4.15664
26360000 4.14659
26370000 4.15055
26380000 4.16414
26390000 4.16787
26400000 4.15166
26410000 4.16464
26420000 4.14247
26430000 4.1483
26440000 4.15526
26450000 4.15738
26460000 4.15266
26470000 4.15361
26480000 4.15701
26490000 4.16752
26500000 4.14407
26510000 4.148
26520000 4.16143
26530000 4.14889
26540000 4.1522
26550000 4.15424
26560000 4.14958
26570000 4.14974
26580000 4.16197
26590000 4.15296
26600000 4.15055
26610000 4.15752
26620000 4.16729
26630000 4.16708
26640000 4.17176
26650000 4.16545
26660000 4.1559
26670000 4.16295
26680000 4.15832
26690000 4.1616
26700000 4.15267
26710000 4.17122
26720000 4.15566
26730000 4.14948
26740000 4.15173
26750000 4.1483
26760000 4.16717
26770000 4.16985
26780000 4.15646
26790000 4.16851
26800000 4.16688
26810000 4.16912
26820000 4.17334
26830000 4.16576
26840000 4.1557
26850000 4.16803
26860000 4.16238
26870000 4.15315
26880000 4.18686
26890000 4.14505
26900000 4.16028
26910000 4.1652
26920000 4.16066
26930000 4.169
26940000 4.16021
26950000 4.16599
26960000 4.16063
26970000 4.17061
26980000 4.14874
26990000 4.1635
27000000 4.16757
27010000 4.16494
27020000 4.15374
27030000 4.16506
27040000 4.17004
27050000 4.16498
27060000 4.1576
27070000 4.15945
27080000 4.16227
27090000 4.16745
27100000 4.16678
27110000 4.16763
27120000 4.16341
27130000 4.15372
27140000 4.17443
27150000 4.16083
27160000 4.1556
27170000 4.16542
27180000 4.17031
27190000 4.16013
27200000 4.1672
27210000 4.15622
27220000 4.17415
27230000 4.16476
27240000 4.17387
27250000 4.16508
27260000 4.16863
27270000 4.16441
27280000 4.15484
27290000 4.17324
27300000 4.17041
27310000 4.15658
27320000 4.17322
27330000 4.16775
27340000 4.17219
27350000 4.16159
27360000 4.1659
27370000 4.16261
27380000 4.15792
27390000 4.1728
27400000 4.17023
27410000 4.17169
27420000 4.16455
27430000 4.15941
27440000 4.18475
27450000 4.17289
27460000 4.15885
27470000 4.163
27480000 4.16733
27490000 4.18219
27500000 4.16916
27510000 4.17348
27520000 4.15653
27530000 4.16298
27540000 4.17228
27550000 4.16577
27560000 4.17257
27570000 4.16936
27580000 4.17108
27590000 4.1582
27600000 4.1685
27610000 4.16976
27620000 4.17963
27630000 4.17314
27640000 4.16052
27650000 4.17247
27660000 4.16753
27670000 4.17083
27680000 4.15978
27690000 4.1772
27700000 4.17077
27710000 4.16804
27720000 4.17874
27730000 4.1725
27740000 4.17574
27750000 4.17366
27760000 4.17421
27770000 4.17529
27780000 4.16972
27790000 4.17415
27800000 4.16872
27810000 4.17553
27820000 4.17829
27830000 4.1629
27840000 4.17647
27850000 4.17859
27860000 4.17017
27870000 4.18125
27880000 4.16799
27890000 4.19364
27900000 4.18025
27910000 4.1763
27920000 4.18747
27930000 4.17891
27940000 4.17515
27950000 4.17507
27960000 4.18505
27970000 4.18655
27980000 4.17105
27990000 4.1908
28000000 4.18078
28010000 4.16636
28020000 4.17458
28030000 4.17697
28040000 4.17159
28050000 4.19052
28060000 4.17012
28070000 4.19158
28080000 4.18155
28090000 4.18158
28100000 4.1824
28110000 4.18095
28120000 4.17542
28130000 4.1837
28140000 4.18139
28150000 4.1703
28160000 4.17487
28170000 4.19187
28180000 4.18538
28190000 4.1895
28200000 4.18193
28210000 4.18507
28220000 4.18217
28230000 4.18977
28240000 4.17928
28250000 4.18968
28260000 4.18359
28270000 4.18
28280000 4.18124
28290000 4.17102
28300000 4.17242
28310000 4.1886
28320000 4.18406
28330000 4.18066
28340000 4.1781
28350000 4.18675
28360000 4.18246
28370000 4.18115
28380000 4.18932
28390000 4.18099
28400000 4.18555
28410000 4.18723
28420000 4.18646
28430000 4.20184
28440000 4.18804
28450000 4.19552
28460000 4.19329
28470000 4.18091
28480000 4.19064
28490000 4.18292
28500000 4.17824
28510000 4.18444
28520000 4.19846
28530000 4.17924
28540000 4.18149
28550000 4.18264
28560000 4.18195
28570000 4.19562
28580000 4.18086
28590000 4.18856
28600000 4.18607
28610000 4.18561
28620000 4.18069
28630000 4.18431
28640000 4.20307
28650000 4.18246
28660000 4.17717
28670000 4.17122
28680000 4.18371
28690000 4.19023
28700000 4.19383
28710000 4.19667
28720000 4.18717
28730000 4.18313
28740000 4.18377
28750000 4.19132
28760000 4.18994
28770000 4.19325
28780000 4.19281
28790000 4.18094
28800000 4.1984
28810000 4.18239
28820000 4.19014
28830000 4.19654
28840000 4.19035
28850000 4.20472
28860000 4.22114
28870000 4.19267
28880000 4.20207
28890000 4.22315
28900000 4.18618
28910000 4.20122
28920000 4.19829
28930000 4.20178
28940000 4.18754
28950000 4.18725
28960000 4.20176
28970000 4.19297
28980000 4.18372
28990000 4.19213
29000000 4.19949
29010000 4.19283
29020000 4.19466
29030000 4.18418
29040000 4.19725
29050000 4.20005
29060000 4.1942
29070000 4.19937
29080000 4.1802
29090000 4.18801
29100000 4.19718
29110000 4.19531
29120000 4.21047
29130000 4.19576
29140000 4.20058
29150000 4.19058
29160000 4.19092
29170000 4.1887
29180000 4.184
29190000 4.19383
29200000 4.1965
29210000 4.1964
29220000 4.20534
29230000 4.1928
29240000 4.20636
29250000 4.18469
29260000 4.20599
29270000 4.18696
29280000 4.20317
29290000 4.19011
29300000 4.19553
29310000 4.1941
29320000 4.20778
29330000 4.19312
29340000 4.19488
29350000 4.20364
29360000 4.20445
29370000 4.20197
29380000 4.20108
29390000 4.20442
29400000 4.20864
29410000 4.19024
29420000 4.21265
29430000 4.19538
29440000 4.20284
29450000 4.20078
29460000 4.19412
29470000 4.2026
29480000 4.21793
29490000 4.18956
29500000 4.19546
29510000 4.19482
29520000 4.20903
29530000 4.21119
29540000 4.20564
29550000 4.21339
29560000 4.20928
29570000 4.21667
29580000 4.20504
29590000 4.19091
29600000 4.20764
29610000 4.21829
29620000 4.20396
29630000 4.19967
29640000 4.20011
29650000 4.20134
29660000 4.19556
29670000 4.20513
29680000 4.19569
29690000 4.20442
29700000 4.20643
29710000 4.2086
29720000 4.22749
29730000 4.21809
29740000 4.20239
29750000 4.19563
29760000 4.21022
29770000 4.21256
29780000 4.2165
29790000 4.20635
29800000 4.20648
29810000 4.24495
29820000 4.21492
29830000 4.21143
29840000 4.22077
29850000 4.20588
29860000 4.20859
29870000 4.21565
29880000 4.20511
29890000 4.21625
29900000 4.21347
29910000 4.20648
29920000 4.22141
29930000 4.20711
29940000 4.22497
29950000 4.20748
29960000 4.20994
29970000 4.20705
29980000 4.20435
29990000 4.19905
30000000 4.20901
