1 1.03768
2 1.47842
3 1.61737
4 1.60976
5 1.53992
6 1.45184
7 1.36632
8 1.29119
9 1.22754
10 1.17356
11 1.1267
12 1.08465
13 1.04568
14 1.00869
15 0.973026
16 0.938389
17 0.904673
18 0.871888
19 0.840098
20 0.809384
21 0.779822
22 0.751473
23 0.724377
24 0.698558
25 0.674018
26 0.650748
27 0.628724
28 0.607914
29 0.588279
30 0.569772
31 0.552347
32 0.535952
33 0.520536
34 0.506046
35 0.49243
36 0.479638
37 0.46762
38 0.456328
39 0.445715
40 0.435738
41 0.426355
42 0.417526
43 0.409213
44 0.401381
45 0.393996
46 0.387028
47 0.380448
48 0.374228
49 0.368345
50 0.362773
51 0.357493
52 0.352484
53 0.347728
54 0.343208
55 0.338908
56 0.334814
57 0.330913
58 0.327192
59 0.32364
60 0.320246
61 0.317002
62 0.313897
63 0.310925
64 0.308077
65 0.305346
66 0.302726
67 0.30021
68 0.297794
69 0.295471
70 0.293237
71 0.291088
72 0.289019
73 0.287027
74 0.285106
75 0.283255
76 0.28147
77 0.279747
78 0.278084
79 0.276478
80 0.274927
81 0.273428
82 0.271978
83 0.270577
84 0.26922
85 0.267908
86 0.266637
87 0.265406
88 0.264213
89 0.263057
90 0.261937
91 0.26085
92 0.259796
93 0.258773
94 0.257779
95 0.256815
96 0.255878
97 0.254968
98 0.254083
99 0.253222
100 0.252386
101 0.251572
102 0.250779
103 0.250008
104 0.249257
105 0.248526
106 0.247813
107 0.247119
108 0.246442
109 0.245782
110 0.245138
111 0.244509
112 0.243896
113 0.243298
114 0.242713
115 0.242142
116 0.241584
117 0.241039
118 0.240507
119 0.239986
120 0.239476
121 0.238978
122 0.238491
123 0.238014
124 0.237547
125 0.237089
126 0.236642
127 0.236203
128 0.235773
129 0.235352
130 0.23494
131 0.234535
132 0.234139
133 0.23375
134 0.233368
135 0.232994
136 0.232626
137 0.232266
138 0.231912
139 0.231565
140 0.231224
141 0.230889
142 0.23056
143 0.230236
144 0.229919
145 0.229607
146 0.2293
147 0.228998
148 0.228702
149 0.22841
150 0.228124
151 0.227842
152 0.227565
153 0.227292
154 0.227023
155 0.226759
156 0.226499
157 0.226243
158 0.225991
159 0.225743
160 0.225499
161 0.225259
162 0.225022
163 0.224789
164 0.224559
165 0.224333
166 0.22411
167 0.223891
168 0.223674
169 0.223461
170 0.223251
171 0.223044
172 0.222839
173 0.222638
174 0.22244
175 0.222244
176 0.222051
177 0.221861
178 0.221673
179 0.221488
180 0.221306
181 0.221126
182 0.220948
183 0.220773
184 0.2206
185 0.22043
186 0.220261
187 0.220095
188 0.219931
189 0.21977
190 0.21961
191 0.219453
192 0.219297
193 0.219144
194 0.218992
195 0.218843
196 0.218695
197 0.21855
198 0.218406
199 0.218264
200 0.218123
201 0.217985
202 0.217848
203 0.217713
204 0.21758
205 0.217448
206 0.217318
207 0.217189
208 0.217062
209 0.216937
210 0.216813
211 0.216691
212 0.21657
213 0.21645
214 0.216332
215 0.216216
216 0.216101
217 0.215987
218 0.215874
219 0.215763
220 0.215654
221 0.215545
222 0.215438
223 0.215332
224 0.215228
225 0.215124
226 0.215022
227 0.214921
228 0.214821
229 0.214723
230 0.214625
231 0.214529
232 0.214434
233 0.21434
234 0.214247
235 0.214155
236 0.214064
237 0.213974
238 0.213885
239 0.213798
240 0.213711
241 0.213625
242 0.21354
243 0.213457
244 0.213374
245 0.213292
246 0.213211
247 0.213131
248 0.213052
249 0.212974
250 0.212897
251 0.212821
252 0.212745
253 0.21267
254 0.212597
255 0.212524
256 0.212452
257 0.212381
258 0.21231
259 0.212241
260 0.212172
261 0.212104
262 0.212036
263 0.21197
264 0.211904
265 0.211839
266 0.211775
267 0.211712
268 0.211649
269 0.211587
270 0.211526
271 0.211465
272 0.211405
273 0.211346
274 0.211288
275 0.21123
276 0.211173
277 0.211116
278 0.21106
279 0.211005
280 0.210951
281 0.210897
282 0.210843
283 0.210791
284 0.210739
285 0.210687
286 0.210637
287 0.210586
288 0.210537
289 0.210488
290 0.210439
291 0.210391
292 0.210344
293 0.210297
294 0.210251
295 0.210206
296 0.210161
297 0.210116
298 0.210072
299 0.210029
300 0.209986
301 0.209943
302 0.209902
303 0.20986
304 0.209819
305 0.209779
306 0.209739
307 0.2097
308 0.209661
309 0.209623
310 0.209585
311 0.209547
312 0.20951
313 0.209474
314 0.209438
315 0.209402
316 0.209367
317 0.209333
318 0.209299
319 0.209265
320 0.209232
321 0.209199
322 0.209166
323 0.209134
324 0.209103
325 0.209072
326 0.209041
327 0.209011
328 0.208981
329 0.208951
330 0.208922
331 0.208893
332 0.208865
333 0.208837
334 0.20881
335 0.208783
336 0.208756
337 0.208729
338 0.208704
339 0.208678
340 0.208653
341 0.208628
342 0.208603
343 0.208579
344 0.208555
345 0.208532
346 0.208509
347 0.208486
348 0.208464
349 0.208442
350 0.20842
351 0.208399
352 0.208378
353 0.208357
354 0.208337
355 0.208317
356 0.208297
357 0.208278
358 0.208259
359 0.20824
360 0.208222
361 0.208204
362 0.208186
363 0.208169
364 0.208152
365 0.208135
366 0.208118
367 0.208102
368 0.208086
369 0.208071
370 0.208055
371 0.20804
372 0.208026
373 0.208011
374 0.207997
375 0.207983
376 0.20797
377 0.207956
378 0.207943
379 0.207931
380 0.207918
381 0.207906
382 0.207894
383 0.207882
384 0.207871
385 0.20786
386 0.207849
387 0.207838
388 0.207828
389 0.207818
390 0.207808
391 0.207798
392 0.207789
393 0.20778
394 0.207771
395 0.207763
396 0.207754
397 0.207746
398 0.207738
399 0.207731
400 0.207723
401 0.207716
402 0.207709
403 0.207702
404 0.207696
405 0.20769
406 0.207684
407 0.207678
408 0.207672
409 0.207667
410 0.207662
411 0.207657
412 0.207653
413 0.207648
414 0.207644
415 0.20764
416 0.207636
417 0.207632
418 0.207629
419 0.207626
420 0.207623
421 0.20762
422 0.207618
423 0.207615
424 0.207613
425 0.207611
426 0.20761
427 0.207608
428 0.207607
429 0.207606
430 0.207605
431 0.207604
432 0.207603
433 0.207603
434 0.207603
435 0.207603
436 0.207603
437 0.207603
438 0.207604
439 0.207605
440 0.207606
441 0.207607
442 0.207608
443 0.20761
444 0.207611
445 0.207613
446 0.207615
447 0.207617
448 0.20762
449 0.207622
450 0.207625
451 0.207628
452 0.207631
453 0.207634
454 0.207637
455 0.207641
456 0.207645
457 0.207648
458 0.207653
459 0.207657
460 0.207661
461 0.207666
462 0.20767
463 0.207675
464 0.20768
465 0.207685
466 0.207691
467 0.207696
468 0.207702
469 0.207707
470 0.207713
471 0.207719
472 0.207726
473 0.207732
474 0.207739
475 0.207745
476 0.207752
477 0.207759
478 0.207766
479 0.207773
480 0.207781
481 0.207788
482 0.207796
483 0.207804
484 0.207812
485 0.20782
486 0.207828
487 0.207836
488 0.207845
489 0.207853
490 0.207862
491 0.207871
492 0.20788
493 0.207889
494 0.207899
495 0.207908
496 0.207918
497 0.207927
498 0.207937
499 0.207947
500 0.207957
501 0.207967
502 0.207978
503 0.207988
504 0.207999
505 0.208009
506 0.20802
507 0.208031
508 0.208042
509 0.208053
510 0.208065
511 0.208076
512 0.208088
513 0.208099
514 0.208111
515 0.208123
516 0.208135
517 0.208147
518 0.208159
519 0.208172
520 0.208184
521 0.208197
522 0.208209
523 0.208222
524 0.208235
525 0.208248
526 0.208261
527 0.208274
528 0.208288
529 0.208301
530 0.208315
531 0.208328
532 0.208342
533 0.208356
534 0.20837
535 0.208384
536 0.208398
537 0.208412
538 0.208427
539 0.208441
540 0.208456
541 0.20847
542 0.208485
543 0.2085
544 0.208515
545 0.20853
546 0.208545
547 0.208561
548 0.208576
549 0.208591
550 0.208607
551 0.208623
552 0.208638
553 0.208654
554 0.20867
555 0.208686
556 0.208702
557 0.208718
558 0.208735
559 0.208751
560 0.208768
561 0.208784
562 0.208801
563 0.208817
564 0.208834
565 0.208851
566 0.208868
567 0.208885
568 0.208902
569 0.20892
570 0.208937
571 0.208954
572 0.208972
573 0.20899
574 0.209007
575 0.209025
576 0.209043
577 0.209061
578 0.209079
579 0.209097
580 0.209115
581 0.209133
582 0.209151
583 0.20917
584 0.209188
585 0.209207
586 0.209226
587 0.209244
588 0.209263
589 0.209282
590 0.209301
591 0.20932
592 0.209339
593 0.209358
594 0.209377
595 0.209397
596 0.209416
597 0.209435
598 0.209455
599 0.209475
600 0.209494
601 0.209514
602 0.209534
603 0.209554
604 0.209574
605 0.209594
606 0.209614
607 0.209634
608 0.209654
609 0.209674
610 0.209695
611 0.209715
612 0.209736
613 0.209756
614 0.209777
615 0.209797
616 0.209818
617 0.209839
618 0.20986
619 0.209881
620 0.209902
621 0.209923
622 0.209944
623 0.209965
624 0.209986
625 0.210008
626 0.210029
627 0.210051
628 0.210072
629 0.210094
630 0.210115
631 0.210137
632 0.210159
633 0.210181
634 0.210202
635 0.210224
636 0.210246
637 0.210268
638 0.21029
639 0.210313
640 0.210335
641 0.210357
642 0.210379
643 0.210402
644 0.210424
645 0.210447
646 0.210469
647 0.210492
648 0.210514
649 0.210537
650 0.21056
651 0.210583
652 0.210606
653 0.210629
654 0.210651
655 0.210675
656 0.210698
657 0.210721
658 0.210744
659 0.210767
660 0.21079
661 0.210814
662 0.210837
663 0.210861
664 0.210884
665 0.210908
666 0.210931
667 0.210955
668 0.210978
669 0.211002
670 0.211026
671 0.21105
672 0.211074
673 0.211097
674 0.211121
675 0.211145
676 0.211169
677 0.211194
678 0.211218
679 0.211242
680 0.211266
681 0.21129
682 0.211315
683 0.211339
684 0.211364
685 0.211388
686 0.211412
687 0.211437
688 0.211462
689 0.211486
690 0.211511
691 0.211536
692 0.21156
693 0.211585
694 0.21161
695 0.211635
696 0.21166
697 0.211685
698 0.21171
699 0.211735
700 0.21176
701 0.211785
702 0.21181
703 0.211835
704 0.211861
705 0.211886
706 0.211911
707 0.211936
708 0.211962
709 0.211987
710 0.212013
711 0.212038
712 0.212064
713 0.212089
714 0.212115
715 0.212141
716 0.212166
717 0.212192
718 0.212218
719 0.212244
720 0.212269
721 0.212295
722 0.212321
723 0.212347
724 0.212373
725 0.212399
726 0.212425
727 0.212451
728 0.212477
729 0.212504
730 0.21253
731 0.212556
732 0.212582
733 0.212608
734 0.212635
735 0.212661
736 0.212687
737 0.212714
738 0.21274
739 0.212767
740 0.212793
741 0.21282
742 0.212846
743 0.212873
744 0.2129
745 0.212926
746 0.212953
747 0.21298
748 0.213006
749 0.213033
750 0.21306
751 0.213087
752 0.213114
753 0.21314
754 0.213167
755 0.213194
756 0.213221
757 0.213248
758 0.213275
759 0.213302
760 0.213329
761 0.213357
762 0.213384
763 0.213411
764 0.213438
765 0.213465
766 0.213493
767 0.21352
768 0.213547
769 0.213574
770 0.213602
771 0.213629
772 0.213657
773 0.213684
774 0.213712
775 0.213739
776 0.213767
777 0.213794
778 0.213822
779 0.213849
780 0.213877
781 0.213904
782 0.213932
783 0.21396
784 0.213987
785 0.214015
786 0.214043
787 0.214071
788 0.214098
789 0.214126
790 0.214154
791 0.214182
792 0.21421
793 0.214238
794 0.214266
795 0.214294
796 0.214322
797 0.21435
798 0.214378
799 0.214406
800 0.214434
801 0.214462
802 0.21449
803 0.214518
804 0.214546
805 0.214574
806 0.214603
807 0.214631
808 0.214659
809 0.214687
810 0.214715
811 0.214744
812 0.214772
813 0.2148
814 0.214829
815 0.214857
816 0.214885
817 0.214914
818 0.214942
819 0.214971
820 0.214999
821 0.215028
822 0.215056
823 0.215085
824 0.215113
825 0.215142
826 0.21517
827 0.215199
828 0.215227
829 0.215256
830 0.215285
831 0.215313
832 0.215342
833 0.215371
834 0.215399
835 0.215428
836 0.215457
837 0.215486
838 0.215514
839 0.215543
840 0.215572
841 0.215601
842 0.21563
843 0.215658
844 0.215687
845 0.215716
846 0.215745
847 0.215774
848 0.215803
849 0.215832
850 0.215861
851 0.21589
852 0.215919
853 0.215948
854 0.215977
855 0.216006
856 0.216035
857 0.216064
858 0.216093
859 0.216122
860 0.216151
861 0.21618
862 0.216209
863 0.216239
864 0.216268
865 0.216297
866 0.216326
867 0.216355
868 0.216384
869 0.216414
870 0.216443
871 0.216472
872 0.216501
873 0.216531
874 0.21656
875 0.216589
876 0.216618
877 0.216648
878 0.216677
879 0.216706
880 0.216736
881 0.216765
882 0.216794
883 0.216824
884 0.216853
885 0.216883
886 0.216912
887 0.216941
888 0.216971
889 0.217
890 0.21703
891 0.217059
892 0.217089
893 0.217118
894 0.217148
895 0.217177
896 0.217207
897 0.217236
898 0.217266
899 0.217295
900 0.217325
901 0.217355
902 0.217384
903 0.217414
904 0.217443
905 0.217473
906 0.217502
907 0.217532
908 0.217562
909 0.217591
910 0.217621
911 0.217651
912 0.21768
913 0.21771
914 0.21774
915 0.217769
916 0.217799
917 0.217829
918 0.217859
919 0.217888
920 0.217918
921 0.217948
922 0.217977
923 0.218007
924 0.218037
925 0.218067
926 0.218097
927 0.218126
928 0.218156
929 0.218186
930 0.218216
931 0.218246
932 0.218275
933 0.218305
934 0.218335
935 0.218365
936 0.218395
937 0.218425
938 0.218454
939 0.218484
940 0.218514
941 0.218544
942 0.218574
943 0.218604
944 0.218634
945 0.218664
946 0.218694
947 0.218724
948 0.218753
949 0.218783
950 0.218813
951 0.218843
952 0.218873
953 0.218903
954 0.218933
955 0.218963
956 0.218993
957 0.219023
958 0.219053
959 0.219083
960 0.219113
961 0.219143
962 0.219173
963 0.219203
964 0.219233
965 0.219263
966 0.219293
967 0.219323
968 0.219353
969 0.219383
970 0.219413
971 0.219443
972 0.219473
973 0.219503
974 0.219533
975 0.219563
976 0.219593
977 0.219624
978 0.219654
979 0.219684
980 0.219714
981 0.219744
982 0.219774
983 0.219804
984 0.219834
985 0.219864
986 0.219894
987 0.219924
988 0.219954
989 0.219985
990 0.220015
991 0.220045
992 0.220075
993 0.220105
994 0.220135
995 0.220165
996 0.220195
997 0.220225
998 0.220256
999 0.220286
1000 0.220316
