1 13.9938
2 17.3105
3 15.9308
4 12.9757
5 10.4491
6 8.80938
7 7.60105
8 6.35756
9 5.16555
10 4.07508
11 3.08593
12 2.45391
13 2.24555
14 2.30453
15 2.48665
16 2.67765
17 2.71014
18 2.54557
19 2.31657
20 2.12541
21 2.023
22 1.98991
23 1.96305
24 1.89584
25 1.79981
26 1.73378
27 1.73613
28 1.78509
29 1.83196
30 1.84794
31 1.83078
32 1.80004
33 1.78152
34 1.78662
35 1.80565
36 1.82453
37 1.83286
38 1.83276
39 1.83056
40 1.83469
41 1.84656
42 1.8615
43 1.8742
44 1.88144
45 1.88559
46 1.88953
47 1.89624
48 1.90557
49 1.91558
50 1.92447
