1 87.5243
2 39.6277
3 23.3114
4 16.0486
5 12.6827
6 10.9306
7 9.8344
8 9.05926
9 8.54884
10 8.22097
11 7.89716
12 7.61718
13 7.37851
14 7.25449
15 7.07458
16 6.8727
17 6.78813
18 6.68087
19 6.58165
20 6.47879
21 6.35162
22 6.20825
23 6.19734
24 6.10949
25 6.04354
26 6.00106
27 5.90888
28 5.84312
29 5.82199
30 5.71846
31 5.69755
32 5.68715
33 5.61762
34 5.49943
35 5.5374
36 5.46968
37 5.35713
38 5.34135
39 5.36377
40 5.35183
41 5.3007
42 5.26849
43 5.24424
44 5.2358
45 5.15775
46 5.12325
47 5.0918
48 5.096
49 5.06447
50 5.05586
51 5.02387
52 4.97993
53 4.98246
54 4.88863
55 4.9154
56 4.92011
57 4.8852
58 4.87551
59 4.8049
60 4.86262
61 4.77496
62 4.78385
63 4.78369
64 4.78512
65 4.79581
66 4.72869
67 4.73398
68 4.70346
69 4.65074
70 4.67081
71 4.64615
72 4.65098
73 4.63638
74 4.59387
75 4.67596
76 4.56059
77 4.57867
78 4.55964
79 4.57272
80 4.55792
81 4.55452
82 4.5733
83 4.52602
84 4.5006
85 4.5491
86 4.51665
87 4.48112
88 4.55643
89 4.45638
90 4.49647
91 4.43009
92 4.42959
93 4.37309
94 4.41698
95 4.4462
96 4.42056
97 4.43911
98 4.38904
99 4.3844
100 4.3536
