1 24.4926
2 22.4647
3 20.988
4 19.8057
5 18.8174
6 17.9667
7 17.2195
8 16.554
9 15.9549
10 15.4112
11 14.9148
12 14.4591
13 14.039
14 13.6502
15 13.2892
16 12.953
17 12.639
18 12.3451
19 12.0693
20 11.81
21 11.5658
22 11.3354
23 11.1177
24 10.9116
25 10.7162
26 10.5308
27 10.3546
28 10.1871
29 10.0274
30 9.87529
31 9.73009
32 9.59141
33 9.45885
34 9.33202
35 9.21058
36 9.09422
37 8.98265
38 8.87559
39 8.7728
40 8.67405
41 8.57912
42 8.48781
43 8.39993
44 8.31531
45 8.23379
46 8.15522
47 8.07945
48 8.00634
49 7.93578
50 7.86764
51 7.80182
52 7.7382
53 7.67669
54 7.6172
55 7.55964
56 7.50392
57 7.44997
58 7.39771
59 7.34707
60 7.29799
61 7.25039
62 7.20423
63 7.15944
64 7.11597
65 7.07377
66 7.03278
67 6.99297
68 6.95428
69 6.91667
70 6.88011
71 6.84456
72 6.80997
73 6.77631
74 6.74355
75 6.71166
76 6.6806
77 6.65035
78 6.62088
79 6.59216
80 6.56416
81 6.53686
82 6.51024
83 6.48428
84 6.45894
85 6.43422
86 6.41008
87 6.38652
88 6.36352
89 6.34104
90 6.31909
91 6.29764
92 6.27667
93 6.25618
94 6.23614
95 6.21654
96 6.19737
97 6.17862
98 6.16027
99 6.14232
100 6.12474
101 6.10753
102 6.09068
103 6.07418
104 6.05801
105 6.04217
106 6.02665
107 6.01143
108 5.99652
109 5.9819
110 5.96757
111 5.95351
112 5.93971
113 5.92618
114 5.91291
115 5.89988
116 5.88709
117 5.87453
118 5.86221
119 5.8501
120 5.83821
121 5.82654
122 5.81506
123 5.80379
124 5.79271
125 5.78183
126 5.77112
127 5.7606
128 5.75026
129 5.74008
130 5.73008
131 5.72023
132 5.71055
133 5.70102
134 5.69164
135 5.68242
136 5.67333
137 5.66439
138 5.65559
139 5.64692
140 5.63838
141 5.62998
142 5.62169
143 5.61353
144 5.60549
145 5.59757
146 5.58977
147 5.58207
148 5.57449
149 5.56701
150 5.55964
151 5.55237
152 5.5452
153 5.53813
154 5.53115
155 5.52427
156 5.51748
157 5.51079
158 5.50418
159 5.49766
160 5.49122
161 5.48486
162 5.47859
163 5.4724
164 5.46628
165 5.46024
166 5.45428
167 5.44839
168 5.44257
169 5.43683
170 5.43115
171 5.42554
172 5.41999
173 5.41452
174 5.4091
175 5.40375
176 5.39846
177 5.39323
178 5.38806
179 5.38295
180 5.3779
181 5.3729
182 5.36796
183 5.36307
184 5.35824
185 5.35345
186 5.34872
187 5.34404
188 5.33941
189 5.33482
190 5.33029
191 5.3258
192 5.32136
193 5.31696
194 5.31261
195 5.3083
196 5.30403
197 5.29981
198 5.29562
199 5.29148
200 5.28738
201 5.28332
202 5.27929
203 5.27531
204 5.27136
205 5.26745
206 5.26357
207 5.25974
208 5.25593
209 5.25216
210 5.24843
211 5.24473
212 5.24106
213 5.23742
214 5.23382
215 5.23025
216 5.2267
217 5.22319
218 5.21971
219 5.21626
220 5.21284
221 5.20944
222 5.20608
223 5.20274
224 5.19943
225 5.19615
226 5.19289
227 5.18966
228 5.18645
229 5.18328
230 5.18012
231 5.17699
232 5.17389
233 5.17081
234 5.16775
235 5.16471
236 5.1617
237 5.15871
238 5.15575
239 5.1528
240 5.14988
241 5.14698
242 5.1441
243 5.14124
244 5.13841
245 5.13559
246 5.13279
247 5.13001
248 5.12725
249 5.12451
250 5.12179
251 5.11909
252 5.11641
253 5.11374
254 5.1111
255 5.10847
256 5.10586
257 5.10326
258 5.10068
259 5.09812
260 5.09558
261 5.09305
262 5.09054
263 5.08805
264 5.08557
265 5.0831
266 5.08066
267 5.07822
268 5.07581
269 5.0734
270 5.07102
271 5.06864
272 5.06628
273 5.06394
274 5.06161
275 5.05929
276 5.05699
277 5.0547
278 5.05242
279 5.05016
280 5.04791
281 5.04567
282 5.04344
283 5.04123
284 5.03903
285 5.03685
286 5.03467
287 5.03251
288 5.03036
289 5.02822
290 5.02609
291 5.02397
292 5.02187
293 5.01978
294 5.01769
295 5.01562
296 5.01356
297 5.01151
298 5.00947
299 5.00745
300 5.00543
