1 1.03738
2 1.47796
3 1.61683
4 1.60917
5 1.53928
6 1.45115
7 1.3656
8 1.29044
9 1.22677
10 1.17279
11 1.12594
12 1.0839
13 1.04496
14 1.008
15 0.972376
16 0.93778
17 0.904106
18 0.871365
19 0.83962
20 0.808952
21 0.779435
22 0.75113
23 0.724079
24 0.698301
25 0.673802
26 0.650571
27 0.628584
28 0.607808
29 0.588205
30 0.56973
31 0.552333
32 0.535964
33 0.520571
34 0.506103
35 0.492507
36 0.479733
37 0.467732
38 0.456454
39 0.445855
40 0.43589
41 0.426517
42 0.417697
43 0.409392
44 0.401567
45 0.394189
46 0.387226
47 0.38065
48 0.374435
49 0.368554
50 0.362986
