1 8.19906
2 4.01867
3 1.7894
4 1.77889
5 1.14457
6 0.745548
7 0.593178
8 0.530451
9 0.472846
10 0.444214
11 0.433396
12 0.424942
13 0.421498
14 0.421204
15 0.422799
16 0.426101
17 0.430626
18 0.436014
19 0.442046
20 0.448559
21 0.455423
22 0.462538
23 0.469823
24 0.477216
25 0.484669
26 0.492145
27 0.499612
28 0.507047
29 0.514429
30 0.521743
31 0.528977
32 0.536123
33 0.543172
34 0.550121
35 0.556963
36 0.563698
37 0.570322
38 0.576835
39 0.583237
40 0.589527
41 0.595706
42 0.601776
43 0.607736
44 0.613588
45 0.619335
46 0.624977
47 0.630517
48 0.635956
49 0.641296
50 0.64654
51 0.651689
52 0.656745
53 0.661711
54 0.666588
55 0.671379
56 0.676085
57 0.680708
58 0.685251
59 0.689715
60 0.694102
61 0.698415
62 0.702654
63 0.706821
64 0.710919
65 0.714949
66 0.718913
67 0.722812
68 0.726648
69 0.730422
70 0.734136
71 0.737791
72 0.741389
73 0.744931
74 0.748419
75 0.751854
76 0.755236
77 0.758568
78 0.76185
79 0.765084
80 0.76827
81 0.771411
82 0.774506
83 0.777558
84 0.780566
85 0.783533
86 0.786458
87 0.789344
88 0.79219
89 0.794998
90 0.797768
91 0.800502
92 0.8032
93 0.805863
94 0.808492
95 0.811087
96 0.81365
97 0.816181
98 0.81868
99 0.821148
100 0.823587
101 0.825996
102 0.828376
103 0.830728
104 0.833053
105 0.83535
106 0.837621
107 0.839866
108 0.842086
109 0.844281
110 0.846451
111 0.848598
112 0.850721
113 0.852821
114 0.854898
115 0.856954
116 0.858988
117 0.861
118 0.862992
119 0.864963
120 0.866915
121 0.868846
122 0.870759
123 0.872652
124 0.874527
125 0.876383
126 0.878222
127 0.880043
128 0.881846
129 0.883633
130 0.885403
131 0.887157
132 0.888894
133 0.890616
134 0.892322
135 0.894013
136 0.895689
137 0.89735
138 0.898997
139 0.90063
140 0.902248
141 0.903853
142 0.905444
143 0.907022
144 0.908587
145 0.910138
146 0.911678
147 0.913204
148 0.914719
149 0.916221
150 0.917712
151 0.919191
152 0.920658
153 0.922114
154 0.923559
155 0.924993
156 0.926417
157 0.927829
158 0.929231
159 0.930623
160 0.932005
161 0.933376
162 0.934738
163 0.93609
164 0.937433
165 0.938766
166 0.94009
167 0.941405
168 0.942711
169 0.944008
170 0.945296
171 0.946576
172 0.947847
173 0.94911
174 0.950365
175 0.951611
176 0.95285
177 0.95408
178 0.955303
179 0.956518
180 0.957726
181 0.958926
182 0.960119
183 0.961305
184 0.962484
185 0.963655
186 0.96482
187 0.965977
188 0.967128
189 0.968273
190 0.969411
191 0.970542
192 0.971667
193 0.972786
194 0.973898
195 0.975004
196 0.976105
197 0.977199
198 0.978287
199 0.97937
200 0.980447
201 0.981518
202 0.982584
203 0.983644
204 0.984699
205 0.985748
206 0.986793
207 0.987832
208 0.988865
209 0.989894
210 0.990918
211 0.991937
212 0.99295
213 0.99396
214 0.994964
215 0.995963
216 0.996958
217 0.997949
218 0.998935
219 0.999916
220 1.00089
221 1.00187
222 1.00283
223 1.0038
224 1.00476
225 1.00571
226 1.00667
227 1.00761
228 1.00856
229 1.0095
230 1.01043
231 1.01137
232 1.01229
233 1.01322
234 1.01414
235 1.01506
236 1.01597
237 1.01688
238 1.01779
239 1.01869
240 1.01959
241 1.02049
242 1.02138
243 1.02227
244 1.02316
245 1.02404
246 1.02492
247 1.0258
248 1.02667
249 1.02754
250 1.02841
251 1.02927
252 1.03014
253 1.03099
254 1.03185
255 1.0327
256 1.03355
257 1.0344
258 1.03525
259 1.03609
260 1.03693
261 1.03777
262 1.0386
263 1.03943
264 1.04026
265 1.04109
266 1.04191
267 1.04273
268 1.04355
269 1.04437
270 1.04518
271 1.04599
272 1.0468
273 1.04761
274 1.04842
275 1.04922
276 1.05002
277 1.05082
278 1.05161
279 1.05241
280 1.0532
281 1.05399
282 1.05478
283 1.05556
284 1.05635
285 1.05713
286 1.05791
287 1.05868
288 1.05946
289 1.06023
290 1.06101
291 1.06178
292 1.06254
293 1.06331
294 1.06407
295 1.06484
296 1.0656
297 1.06636
298 1.06711
299 1.06787
300 1.06862
301 1.06938
302 1.07013
303 1.07087
304 1.07162
305 1.07237
306 1.07311
307 1.07385
308 1.0746
309 1.07533
310 1.07607
311 1.07681
312 1.07754
313 1.07828
314 1.07901
315 1.07974
316 1.08047
317 1.08119
318 1.08192
319 1.08265
320 1.08337
321 1.08409
322 1.08481
323 1.08553
324 1.08625
325 1.08696
326 1.08768
327 1.08839
328 1.08911
329 1.08982
330 1.09053
331 1.09124
332 1.09194
333 1.09265
334 1.09336
335 1.09406
336 1.09476
337 1.09546
338 1.09616
339 1.09686
340 1.09756
341 1.09826
342 1.09896
343 1.09965
344 1.10034
345 1.10104
346 1.10173
347 1.10242
348 1.10311
349 1.1038
350 1.10448
351 1.10517
352 1.10586
353 1.10654
354 1.10722
355 1.10791
356 1.10859
357 1.10927
358 1.10995
359 1.11063
360 1.1113
361 1.11198
362 1.11265
363 1.11333
364 1.114
365 1.11468
366 1.11535
367 1.11602
368 1.11669
369 1.11736
370 1.11803
371 1.11869
372 1.11936
373 1.12003
374 1.12069
375 1.12136
376 1.12202
377 1.12268
378 1.12334
379 1.124
380 1.12466
381 1.12532
382 1.12598
383 1.12664
384 1.1273
385 1.12795
386 1.12861
387 1.12926
388 1.12992
389 1.13057
390 1.13122
391 1.13187
392 1.13252
393 1.13318
394 1.13382
395 1.13447
396 1.13512
397 1.13577
398 1.13642
399 1.13706
400 1.13771
401 1.13835
402 1.13899
403 1.13964
404 1.14028
405 1.14092
406 1.14156
407 1.1422
408 1.14284
409 1.14348
410 1.14412
411 1.14476
412 1.1454
413 1.14603
414 1.14667
415 1.14731
416 1.14794
417 1.14857
418 1.14921
419 1.14984
420 1.15047
421 1.15111
422 1.15174
423 1.15237
424 1.153
425 1.15363
426 1.15426
427 1.15488
428 1.15551
429 1.15614
430 1.15677
431 1.15739
432 1.15802
433 1.15864
434 1.15927
435 1.15989
436 1.16051
437 1.16114
438 1.16176
439 1.16238
440 1.163
441 1.16362
442 1.16424
443 1.16486
444 1.16548
445 1.1661
446 1.16672
447 1.16734
448 1.16795
449 1.16857
450 1.16918
451 1.1698
452 1.17042
453 1.17103
454 1.17164
455 1.17226
456 1.17287
457 1.17348
458 1.1741
459 1.17471
460 1.17532
461 1.17593
462 1.17654
463 1.17715
464 1.17776
465 1.17837
466 1.17898
467 1.17959
468 1.18019
469 1.1808
470 1.18141
471 1.18201
472 1.18262
473 1.18322
474 1.18383
475 1.18443
476 1.18504
477 1.18564
478 1.18624
479 1.18685
480 1.18745
481 1.18805
482 1.18865
483 1.18925
484 1.18986
485 1.19046
486 1.19106
487 1.19165
488 1.19225
489 1.19285
490 1.19345
491 1.19405
492 1.19465
493 1.19524
494 1.19584
495 1.19644
496 1.19703
497 1.19763
498 1.19822
499 1.19882
500 1.19941
501 1.20001
502 1.2006
503 1.20119
504 1.20179
505 1.20238
506 1.20297
507 1.20356
508 1.20415
509 1.20474
510 1.20534
511 1.20593
512 1.20652
513 1.2071
514 1.20769
515 1.20828
516 1.20887
517 1.20946
518 1.21005
519 1.21063
520 1.21122
521 1.21181
522 1.21239
523 1.21298
524 1.21357
525 1.21415
526 1.21474
527 1.21532
528 1.21591
529 1.21649
530 1.21707
531 1.21766
532 1.21824
533 1.21882
534 1.2194
535 1.21999
536 1.22057
537 1.22115
538 1.22173
539 1.22231
540 1.22289
541 1.22347
542 1.22405
543 1.22463
544 1.22521
545 1.22579
546 1.22637
547 1.22695
548 1.22752
549 1.2281
550 1.22868
551 1.22926
552 1.22983
553 1.23041
554 1.23098
555 1.23156
556 1.23214
557 1.23271
558 1.23329
559 1.23386
560 1.23443
561 1.23501
562 1.23558
563 1.23615
564 1.23673
565 1.2373
566 1.23787
567 1.23845
568 1.23902
569 1.23959
570 1.24016
571 1.24073
572 1.2413
573 1.24187
574 1.24244
575 1.24301
576 1.24358
577 1.24415
578 1.24472
579 1.24529
580 1.24586
581 1.24643
582 1.24699
583 1.24756
584 1.24813
585 1.2487
586 1.24926
587 1.24983
588 1.25039
589 1.25096
590 1.25153
591 1.25209
592 1.25266
593 1.25322
594 1.25379
595 1.25435
596 1.25492
597 1.25548
598 1.25604
599 1.25661
600 1.25717
601 1.25773
602 1.25829
603 1.25886
604 1.25942
605 1.25998
606 1.26054
607 1.2611
608 1.26166
609 1.26223
610 1.26279
611 1.26335
612 1.26391
613 1.26447
614 1.26503
615 1.26559
616 1.26614
617 1.2667
618 1.26726
619 1.26782
620 1.26838
621 1.26894
622 1.26949
623 1.27005
624 1.27061
625 1.27116
626 1.27172
627 1.27228
628 1.27283
629 1.27339
630 1.27395
631 1.2745
632 1.27506
633 1.27561
634 1.27617
635 1.27672
636 1.27727
637 1.27783
638 1.27838
639 1.27894
640 1.27949
641 1.28004
642 1.2806
643 1.28115
644 1.2817
645 1.28225
646 1.2828
647 1.28336
648 1.28391
649 1.28446
650 1.28501
651 1.28556
652 1.28611
653 1.28666
654 1.28721
655 1.28776
656 1.28831
657 1.28886
658 1.28941
659 1.28996
660 1.29051
661 1.29106
662 1.29161
663 1.29215
664 1.2927
665 1.29325
666 1.2938
667 1.29434
668 1.29489
669 1.29544
670 1.29599
671 1.29653
672 1.29708
673 1.29762
674 1.29817
675 1.29872
676 1.29926
677 1.29981
678 1.30035
679 1.3009
680 1.30144
681 1.30198
682 1.30253
683 1.30307
684 1.30362
685 1.30416
686 1.3047
687 1.30525
688 1.30579
689 1.30633
690 1.30687
691 1.30742
692 1.30796
693 1.3085
694 1.30904
695 1.30958
696 1.31013
697 1.31067
698 1.31121
699 1.31175
700 1.31229
701 1.31283
702 1.31337
703 1.31391
704 1.31445
705 1.31499
706 1.31553
707 1.31607
708 1.31661
709 1.31714
710 1.31768
711 1.31822
712 1.31876
713 1.3193
714 1.31984
715 1.32037
716 1.32091
717 1.32145
718 1.32198
719 1.32252
720 1.32306
721 1.32359
722 1.32413
723 1.32467
724 1.3252
725 1.32574
726 1.32627
727 1.32681
728 1.32734
729 1.32788
730 1.32841
731 1.32895
732 1.32948
733 1.33002
734 1.33055
735 1.33108
736 1.33162
737 1.33215
738 1.33268
739 1.33322
740 1.33375
741 1.33428
742 1.33482
743 1.33535
744 1.33588
745 1.33641
746 1.33694
747 1.33747
748 1.33801
749 1.33854
750 1.33907
