1 150.885
2 88.1052
3 56.4457
4 37.3932
5 27.5411
6 21.4563
7 18.3993
8 15.4161
9 13.8001
10 12.9308
11 12.002
12 11.4032
13 10.8221
14 10.4188
15 10.1336
16 9.87294
17 9.37852
18 9.32007
19 9.08085
20 8.9006
21 8.69307
22 8.50323
23 8.33701
24 8.28866
25 8.2447
26 8.08503
27 8.06233
28 7.73931
29 7.767
30 7.70416
31 7.67972
32 7.49184
33 7.40846
34 7.27506
35 7.3517
36 7.23485
37 7.00649
38 7.14875
39 7.00759
40 7.10032
41 6.85524
42 7.04467
43 6.98019
44 6.77847
45 6.89867
46 6.76686
47 6.64787
48 6.90292
49 6.71195
50 6.60799
51 6.59319
52 6.62162
53 6.62346
54 6.41901
55 6.4116
56 6.35828
57 6.37159
58 6.39795
59 6.25745
60 6.27853
61 6.25144
62 6.3444
63 6.34703
64 6.16852
65 6.27867
66 6.04535
67 6.25114
68 6.09957
69 6.09745
70 6.10982
71 5.92121
72 6.00801
73 5.93981
74 5.93027
75 5.98277
76 5.81947
77 6.0383
78 6.01839
79 5.8905
80 6.11905
81 5.8938
82 6.03511
83 5.78353
84 5.79127
85 5.77531
86 5.79454
87 5.93692
88 5.78586
89 5.91685
90 5.66668
91 5.68317
92 5.6362
93 5.53419
94 5.66319
95 5.59821
96 5.70106
97 5.6819
98 5.67638
99 5.67236
100 5.63181
101 5.60997
102 5.5366
103 5.64846
104 5.76266
105 5.87256
106 5.49331
107 5.49589
108 5.46602
109 5.59353
110 5.40152
111 5.4501
112 5.70057
113 5.51736
114 5.47163
115 5.67786
116 5.45699
117 5.4016
118 5.48595
119 5.36999
120 5.3132
121 5.56329
122 5.59644
123 5.4116
124 5.41703
125 5.54509
126 5.28731
127 5.38345
128 5.50389
129 5.36152
130 5.4294
131 5.64628
132 5.36137
133 5.30803
134 5.3263
135 5.32199
136 5.4332
137 5.47041
138 5.23704
139 5.36002
140 5.24597
141 5.37491
142 5.37052
143 5.31886
144 5.21133
145 5.34514
146 5.22281
147 5.3314
148 5.35415
149 5.36587
150 5.22745
151 5.17507
152 5.23999
153 5.36122
154 5.33924
155 5.14437
156 5.26165
157 5.19017
158 5.38908
159 5.19031
160 5.2333
161 5.30729
162 5.16992
163 5.25753
164 5.17022
165 5.37886
166 5.23346
167 5.13117
168 5.22425
169 5.20683
170 5.13832
171 5.22746
172 5.09371
173 5.18867
174 5.15365
175 5.13457
176 5.04689
177 5.17064
178 5.27368
179 5.30331
180 5.10489
181 5.14128
182 5.2227
183 5.25317
184 5.10282
185 5.0658
186 5.10149
187 5.13555
188 5.07593
189 5.20402
190 5.21086
191 5.18468
192 5.01808
193 5.1437
194 4.97763
195 5.18824
196 5.07469
197 5.20416
198 5.32477
199 5.15695
200 5.1323
201 4.97699
202 5.02032
203 4.97998
204 5.09465
205 5.02668
206 5.00615
207 5.01224
208 5.06474
209 5.05333
210 4.97702
211 4.95284
212 4.95479
213 5.15731
214 4.95533
215 5.0318
216 5.21502
217 5.05704
218 5.01477
219 5.06211
220 5.04968
221 4.95241
222 4.92588
223 5.08783
224 4.95761
225 5.00589
226 5.03878
227 5.00863
228 4.98837
229 4.9486
230 5.05541
231 5.05216
232 5.21721
233 5.03034
234 4.96028
235 5.04482
236 4.99695
237 5.00338
238 4.93722
239 5.10693
240 4.99735
241 4.95817
242 5.01771
243 5.01456
244 4.87081
245 5.11998
246 4.74353
247 4.80925
248 5.04657
249 4.92177
250 5.0572
251 4.91075
252 4.84357
253 4.95164
254 5.01109
255 4.95959
256 4.92771
257 5.00328
258 4.91928
259 4.86756
260 4.98263
261 4.85772
262 5.08481
263 4.91305
264 4.87729
265 4.8953
266 4.96226
267 4.92065
268 4.8737
269 4.85795
270 4.85829
271 4.81104
272 5.18858
273 4.79085
274 4.75839
275 4.95728
276 4.91807
277 4.97933
278 4.94677
279 4.80661
280 4.98976
281 4.76694
282 4.79525
283 4.90725
284 5.00381
285 4.9987
286 4.91601
287 4.88144
288 4.91538
289 4.87789
290 4.8835
291 4.76294
292 4.80997
293 4.93688
294 4.8113
295 4.82625
296 4.873
297 4.75137
298 4.95932
299 4.83644
300 4.8799
