1 24.4926
2 22.4647
3 20.988
4 19.8057
5 18.8174
6 17.9667
7 17.2195
8 16.554
9 15.9549
10 15.4112
11 14.9148
12 14.4591
13 14.039
14 13.6502
15 13.2892
16 12.953
17 12.639
18 12.3451
19 12.0693
20 11.81
21 11.5658
22 11.3354
23 11.1177
24 10.9116
25 10.7162
26 10.5308
27 10.3546
28 10.1871
29 10.0274
30 9.87529
31 9.73009
32 9.59141
33 9.45885
34 9.33202
35 9.21058
36 9.09422
37 8.98265
38 8.87559
39 8.7728
40 8.67405
41 8.57912
42 8.48781
43 8.39993
44 8.31531
45 8.23379
46 8.15522
47 8.07945
48 8.00634
49 7.93578
50 7.86764
51 7.80182
52 7.7382
53 7.67669
54 7.6172
55 7.55964
56 7.50392
57 7.44997
58 7.39771
59 7.34707
60 7.29799
61 7.25039
62 7.20423
63 7.15944
64 7.11597
65 7.07377
66 7.03278
67 6.99297
68 6.95428
69 6.91667
70 6.88011
71 6.84456
72 6.80997
73 6.77631
74 6.74355
75 6.71166
76 6.6806
77 6.65035
78 6.62088
79 6.59216
80 6.56416
81 6.53686
82 6.51024
83 6.48428
84 6.45894
85 6.43422
86 6.41008
87 6.38652
88 6.36352
89 6.34104
90 6.31909
91 6.29764
92 6.27667
93 6.25618
94 6.23614
95 6.21654
96 6.19737
97 6.17862
98 6.16027
99 6.14232
100 6.12474
101 6.10753
102 6.09068
103 6.07418
104 6.05801
105 6.04217
106 6.02665
107 6.01143
108 5.99652
109 5.9819
110 5.96757
111 5.95351
112 5.93971
113 5.92618
114 5.91291
115 5.89988
116 5.88709
117 5.87453
118 5.86221
119 5.8501
120 5.83821
121 5.82654
122 5.81506
123 5.80379
124 5.79271
125 5.78183
126 5.77112
127 5.7606
128 5.75026
129 5.74008
130 5.73008
131 5.72023
132 5.71055
133 5.70102
134 5.69164
135 5.68242
136 5.67333
137 5.66439
138 5.65559
139 5.64692
140 5.63838
141 5.62998
142 5.62169
143 5.61353
144 5.60549
145 5.59757
146 5.58977
147 5.58207
148 5.57449
149 5.56701
150 5.55964
151 5.55237
152 5.5452
153 5.53813
154 5.53115
155 5.52427
156 5.51748
157 5.51079
158 5.50418
159 5.49766
160 5.49122
161 5.48486
162 5.47859
163 5.4724
164 5.46628
165 5.46024
166 5.45428
167 5.44839
168 5.44257
169 5.43683
170 5.43115
171 5.42554
172 5.41999
173 5.41452
174 5.4091
175 5.40375
176 5.39846
177 5.39323
178 5.38806
179 5.38295
180 5.3779
181 5.3729
182 5.36796
183 5.36307
184 5.35824
185 5.35345
186 5.34872
187 5.34404
188 5.33941
189 5.33482
190 5.33029
191 5.3258
192 5.32136
193 5.31696
194 5.31261
195 5.3083
196 5.30403
197 5.29981
198 5.29562
199 5.29148
200 5.28738
201 5.28332
202 5.27929
203 5.27531
204 5.27136
205 5.26745
206 5.26357
207 5.25974
208 5.25593
209 5.25216
210 5.24843
211 5.24473
212 5.24106
213 5.23742
214 5.23382
215 5.23025
216 5.2267
217 5.22319
218 5.21971
219 5.21626
220 5.21284
221 5.20944
222 5.20608
223 5.20274
224 5.19943
225 5.19615
226 5.19289
227 5.18966
228 5.18645
229 5.18328
230 5.18012
231 5.17699
232 5.17389
233 5.17081
234 5.16775
235 5.16471
236 5.1617
237 5.15871
238 5.15575
239 5.1528
240 5.14988
241 5.14698
242 5.1441
243 5.14124
244 5.13841
245 5.13559
246 5.13279
247 5.13001
248 5.12725
249 5.12451
250 5.12179
251 5.11909
252 5.11641
253 5.11374
254 5.1111
255 5.10847
256 5.10586
257 5.10326
258 5.10068
259 5.09812
260 5.09558
261 5.09305
262 5.09054
263 5.08805
264 5.08557
265 5.0831
266 5.08066
267 5.07822
268 5.07581
269 5.0734
270 5.07102
271 5.06864
272 5.06628
273 5.06394
274 5.06161
275 5.05929
276 5.05699
277 5.0547
278 5.05242
279 5.05016
280 5.04791
281 5.04567
282 5.04344
283 5.04123
284 5.03903
285 5.03685
286 5.03467
287 5.03251
288 5.03036
289 5.02822
290 5.02609
291 5.02397
292 5.02187
293 5.01978
294 5.01769
295 5.01562
296 5.01356
297 5.01151
298 5.00947
299 5.00745
300 5.00543
301 5.00342
302 5.00142
303 4.99943
304 4.99746
305 4.99549
306 4.99353
307 4.99158
308 4.98965
309 4.98772
310 4.9858
311 4.98389
312 4.98199
313 4.98009
314 4.97821
315 4.97634
316 4.97447
317 4.97262
318 4.97077
319 4.96893
320 4.9671
321 4.96528
322 4.96346
323 4.96166
324 4.95986
325 4.95807
326 4.95629
327 4.95452
328 4.95275
329 4.95099
330 4.94924
331 4.9475
332 4.94577
333 4.94404
334 4.94232
335 4.94061
336 4.9389
337 4.9372
338 4.93551
339 4.93383
340 4.93215
341 4.93048
342 4.92882
343 4.92716
344 4.92551
345 4.92387
346 4.92223
347 4.9206
348 4.91898
349 4.91736
350 4.91575
351 4.91415
352 4.91255
353 4.91096
354 4.90938
355 4.9078
356 4.90623
357 4.90466
358 4.9031
359 4.90154
360 4.89999
361 4.89845
362 4.89691
363 4.89538
364 4.89386
365 4.89234
366 4.89082
367 4.88931
368 4.88781
369 4.88631
370 4.88482
371 4.88333
372 4.88185
373 4.88037
374 4.8789
375 4.87744
376 4.87597
377 4.87452
378 4.87307
379 4.87162
380 4.87018
381 4.86874
382 4.86731
383 4.86589
384 4.86447
385 4.86305
386 4.86164
387 4.86023
388 4.85883
389 4.85743
390 4.85604
391 4.85465
392 4.85327
393 4.85189
394 4.85051
395 4.84914
396 4.84778
397 4.84641
398 4.84506
399 4.84371
400 4.84236
401 4.84101
402 4.83967
403 4.83834
404 4.837
405 4.83568
406 4.83435
407 4.83303
408 4.83172
409 4.83041
410 4.8291
411 4.8278
412 4.8265
413 4.8252
414 4.82391
415 4.82262
416 4.82134
417 4.82006
418 4.81878
419 4.81751
420 4.81624
421 4.81498
422 4.81372
423 4.81246
424 4.8112
425 4.80995
426 4.80871
427 4.80746
428 4.80622
429 4.80499
430 4.80375
431 4.80252
432 4.8013
433 4.80008
434 4.79886
435 4.79764
436 4.79643
437 4.79522
438 4.79401
439 4.79281
440 4.79161
441 4.79042
442 4.78922
443 4.78803
444 4.78685
445 4.78567
446 4.78449
447 4.78331
448 4.78213
449 4.78096
450 4.7798
451 4.77863
452 4.77747
453 4.77631
454 4.77516
455 4.774
456 4.77285
457 4.77171
458 4.77056
459 4.76942
460 4.76829
461 4.76715
462 4.76602
463 4.76489
464 4.76376
465 4.76264
466 4.76152
467 4.7604
468 4.75928
469 4.75817
470 4.75706
471 4.75595
472 4.75485
473 4.75375
474 4.75265
475 4.75155
476 4.75046
477 4.74937
478 4.74828
479 4.74719
480 4.74611
481 4.74503
482 4.74395
483 4.74287
484 4.7418
485 4.74073
486 4.73966
487 4.7386
488 4.73753
489 4.73647
490 4.73541
491 4.73436
492 4.7333
493 4.73225
494 4.7312
495 4.73016
496 4.72911
497 4.72807
498 4.72703
499 4.72599
500 4.72496
501 4.72393
502 4.7229
503 4.72187
504 4.72084
505 4.71982
506 4.7188
507 4.71778
508 4.71676
509 4.71575
510 4.71473
511 4.71372
512 4.71272
513 4.71171
514 4.71071
515 4.70971
516 4.70871
517 4.70771
518 4.70671
519 4.70572
520 4.70473
521 4.70374
522 4.70275
523 4.70177
524 4.70079
525 4.69981
526 4.69883
527 4.69785
528 4.69688
529 4.6959
530 4.69493
531 4.69396
532 4.693
533 4.69203
534 4.69107
535 4.69011
536 4.68915
537 4.68819
538 4.68724
539 4.68628
540 4.68533
541 4.68438
542 4.68344
543 4.68249
544 4.68155
545 4.6806
546 4.67966
547 4.67873
548 4.67779
549 4.67686
550 4.67592
551 4.67499
552 4.67406
553 4.67314
554 4.67221
555 4.67129
556 4.67036
557 4.66944
558 4.66852
559 4.66761
560 4.66669
561 4.66578
562 4.66487
563 4.66396
564 4.66305
565 4.66214
566 4.66124
567 4.66034
568 4.65943
569 4.65853
570 4.65764
571 4.65674
572 4.65585
573 4.65495
574 4.65406
575 4.65317
576 4.65228
577 4.6514
578 4.65051
579 4.64963
580 4.64875
581 4.64786
582 4.64699
583 4.64611
584 4.64523
585 4.64436
586 4.64349
587 4.64262
588 4.64175
589 4.64088
590 4.64001
591 4.63915
592 4.63828
593 4.63742
594 4.63656
595 4.6357
596 4.63485
597 4.63399
598 4.63314
599 4.63228
600 4.63143
601 4.63058
602 4.62973
603 4.62889
604 4.62804
605 4.6272
606 4.62636
607 4.62551
608 4.62467
609 4.62384
610 4.623
611 4.62216
612 4.62133
613 4.6205
614 4.61967
615 4.61884
616 4.61801
617 4.61718
618 4.61636
619 4.61553
620 4.61471
621 4.61389
622 4.61307
623 4.61225
624 4.61143
625 4.61061
626 4.6098
627 4.60898
628 4.60817
629 4.60736
630 4.60655
631 4.60574
632 4.60494
633 4.60413
634 4.60333
635 4.60252
636 4.60172
637 4.60092
638 4.60012
639 4.59932
640 4.59853
641 4.59773
642 4.59694
643 4.59614
644 4.59535
645 4.59456
646 4.59377
647 4.59298
648 4.5922
649 4.59141
650 4.59063
651 4.58985
652 4.58906
653 4.58828
654 4.5875
655 4.58673
656 4.58595
657 4.58517
658 4.5844
659 4.58362
660 4.58285
661 4.58208
662 4.58131
663 4.58054
664 4.57977
665 4.57901
666 4.57824
667 4.57748
668 4.57672
669 4.57595
670 4.57519
671 4.57443
672 4.57368
673 4.57292
674 4.57216
675 4.57141
676 4.57065
677 4.5699
678 4.56915
679 4.5684
680 4.56765
681 4.5669
682 4.56616
683 4.56541
684 4.56466
685 4.56392
686 4.56318
687 4.56244
688 4.5617
689 4.56096
690 4.56022
691 4.55948
692 4.55874
693 4.55801
694 4.55727
695 4.55654
696 4.55581
697 4.55508
698 4.55435
699 4.55362
700 4.55289
701 4.55217
702 4.55144
703 4.55072
704 4.54999
705 4.54927
706 4.54855
707 4.54783
708 4.54711
709 4.54639
710 4.54567
711 4.54495
712 4.54424
713 4.54352
714 4.54281
715 4.5421
716 4.54139
717 4.54068
718 4.53997
719 4.53926
720 4.53855
721 4.53784
722 4.53714
723 4.53643
724 4.53573
725 4.53503
726 4.53433
727 4.53363
728 4.53293
729 4.53223
730 4.53153
731 4.53083
732 4.53014
733 4.52944
734 4.52875
735 4.52805
736 4.52736
737 4.52667
738 4.52598
739 4.52529
740 4.5246
741 4.52392
742 4.52323
743 4.52254
744 4.52186
745 4.52118
746 4.52049
747 4.51981
748 4.51913
749 4.51845
750 4.51777
751 4.51709
752 4.51641
753 4.51574
754 4.51506
755 4.51439
756 4.51371
757 4.51304
758 4.51237
759 4.5117
760 4.51103
761 4.51036
762 4.50969
763 4.50902
764 4.50835
765 4.50769
766 4.50702
767 4.50636
768 4.5057
769 4.50503
770 4.50437
771 4.50371
772 4.50305
773 4.50239
774 4.50173
775 4.50108
776 4.50042
777 4.49976
778 4.49911
779 4.49846
780 4.4978
781 4.49715
782 4.4965
783 4.49585
784 4.4952
785 4.49455
786 4.4939
787 4.49325
788 4.49261
789 4.49196
790 4.49132
791 4.49067
792 4.49003
793 4.48939
794 4.48875
795 4.4881
796 4.48746
797 4.48683
798 4.48619
799 4.48555
800 4.48491
801 4.48428
802 4.48364
803 4.48301
804 4.48237
805 4.48174
806 4.48111
807 4.48048
808 4.47985
809 4.47922
810 4.47859
811 4.47796
812 4.47733
813 4.47671
814 4.47608
815 4.47546
816 4.47483
817 4.47421
818 4.47358
819 4.47296
820 4.47234
821 4.47172
822 4.4711
823 4.47048
824 4.46986
825 4.46925
826 4.46863
827 4.46801
828 4.4674
829 4.46678
830 4.46617
831 4.46556
832 4.46494
833 4.46433
834 4.46372
835 4.46311
836 4.4625
837 4.46189
838 4.46129
839 4.46068
840 4.46007
841 4.45947
842 4.45886
843 4.45826
844 4.45765
845 4.45705
846 4.45645
847 4.45585
848 4.45525
849 4.45465
850 4.45405
851 4.45345
852 4.45285
853 4.45226
854 4.45166
855 4.45106
856 4.45047
857 4.44987
858 4.44928
859 4.44869
860 4.4481
861 4.4475
862 4.44691
863 4.44632
864 4.44573
865 4.44514
866 4.44456
867 4.44397
868 4.44338
869 4.4428
870 4.44221
871 4.44163
872 4.44104
873 4.44046
874 4.43988
875 4.43929
876 4.43871
877 4.43813
878 4.43755
879 4.43697
880 4.43639
881 4.43582
882 4.43524
883 4.43466
884 4.43409
885 4.43351
886 4.43294
887 4.43236
888 4.43179
889 4.43122
890 4.43064
891 4.43007
892 4.4295
893 4.42893
894 4.42836
895 4.42779
896 4.42723
897 4.42666
898 4.42609
899 4.42553
900 4.42496
901 4.42439
902 4.42383
903 4.42327
904 4.4227
905 4.42214
906 4.42158
907 4.42102
908 4.42046
909 4.4199
910 4.41934
911 4.41878
912 4.41822
913 4.41766
914 4.41711
915 4.41655
916 4.416
917 4.41544
918 4.41489
919 4.41433
920 4.41378
921 4.41323
922 4.41268
923 4.41212
924 4.41157
925 4.41102
926 4.41047
927 4.40993
928 4.40938
929 4.40883
930 4.40828
931 4.40774
932 4.40719
933 4.40664
934 4.4061
935 4.40556
936 4.40501
937 4.40447
938 4.40393
939 4.40339
940 4.40284
941 4.4023
942 4.40176
943 4.40123
944 4.40069
945 4.40015
946 4.39961
947 4.39907
948 4.39854
949 4.398
950 4.39747
951 4.39693
952 4.3964
953 4.39586
954 4.39533
955 4.3948
956 4.39427
957 4.39374
958 4.39321
959 4.39268
960 4.39215
961 4.39162
962 4.39109
963 4.39056
964 4.39003
965 4.38951
966 4.38898
967 4.38845
968 4.38793
969 4.38741
970 4.38688
971 4.38636
972 4.38584
973 4.38531
974 4.38479
975 4.38427
976 4.38375
977 4.38323
978 4.38271
979 4.38219
980 4.38167
981 4.38116
982 4.38064
983 4.38012
984 4.37961
985 4.37909
986 4.37857
987 4.37806
988 4.37755
989 4.37703
990 4.37652
991 4.37601
992 4.3755
993 4.37498
994 4.37447
995 4.37396
996 4.37345
997 4.37294
998 4.37244
999 4.37193
1000 4.37142
