1 202.694
2 133.127
3 86.6844
4 47.35
5 37.7711
6 29.0227
7 23.101
8 19.3399
9 16.9596
10 15.1103
11 13.636
12 12.5487
13 11.6699
14 10.9531
15 10.3632
16 9.86507
17 9.44104
18 9.078
19 8.765
20 8.49296
21 8.25438
22 8.04339
23 7.85563
24 7.68764
25 7.53658
26 7.39999
27 7.27582
28 7.16238
29 7.05829
30 6.96238
31 6.87366
32 6.7913
33 6.71457
34 6.64285
35 6.57559
36 6.51235
37 6.45271
38 6.39633
39 6.3429
40 6.29215
41 6.24385
42 6.19778
43 6.15375
44 6.11161
45 6.0712
46 6.0324
47 5.99508
48 5.95915
49 5.9245
50 5.89105
51 5.85872
52 5.82744
53 5.79716
54 5.76779
55 5.73931
56 5.71165
57 5.68478
58 5.65864
59 5.63321
60 5.60845
61 5.58432
62 5.5608
63 5.53785
64 5.51547
65 5.4936
66 5.47225
67 5.45138
68 5.43098
69 5.41103
70 5.3915
71 5.3724
72 5.35369
73 5.33536
74 5.31741
75 5.29982
76 5.28257
77 5.26566
78 5.24907
79 5.2328
80 5.21683
81 5.20115
82 5.18577
83 5.17066
84 5.15581
85 5.14123
86 5.12691
87 5.11283
88 5.09899
89 5.08538
90 5.072
91 5.05885
92 5.04591
93 5.03317
94 5.02065
95 5.00832
96 4.99619
97 4.98424
98 4.97248
99 4.96091
100 4.9495
101 4.93827
102 4.92721
103 4.91632
104 4.90558
105 4.895
106 4.88457
107 4.87429
108 4.86416
109 4.85417
110 4.84433
111 4.83462
112 4.82504
113 4.81559
114 4.80628
115 4.79709
116 4.78802
117 4.77907
118 4.77025
119 4.76153
120 4.75293
121 4.74445
122 4.73607
123 4.72779
124 4.71963
125 4.71156
126 4.7036
127 4.69574
128 4.68797
129 4.6803
130 4.67272
131 4.66523
132 4.65783
133 4.65052
134 4.6433
135 4.63616
136 4.62911
137 4.62213
138 4.61524
139 4.60843
140 4.6017
141 4.59504
142 4.58845
143 4.58194
144 4.57551
145 4.56914
146 4.56285
147 4.55662
148 4.55046
149 4.54437
150 4.53834
151 4.53237
152 4.52647
153 4.52064
154 4.51486
155 4.50914
156 4.50349
157 4.49789
158 4.49234
159 4.48686
160 4.48143
161 4.47606
162 4.47073
163 4.46547
164 4.46025
165 4.45508
166 4.44997
167 4.44491
168 4.43989
169 4.43492
170 4.43
171 4.42513
172 4.42031
173 4.41553
174 4.41079
175 4.4061
176 4.40145
177 4.39684
178 4.39228
179 4.38776
180 4.38328
181 4.37884
182 4.37444
183 4.37008
184 4.36576
185 4.36147
186 4.35723
187 4.35302
188 4.34884
189 4.34471
190 4.34061
191 4.33654
192 4.33251
193 4.32852
194 4.32456
195 4.32063
196 4.31673
197 4.31287
198 4.30904
199 4.30524
200 4.30147
201 4.29773
202 4.29402
203 4.29035
204 4.2867
205 4.28308
206 4.27949
207 4.27593
208 4.2724
209 4.26889
210 4.26541
211 4.26196
212 4.25854
213 4.25514
214 4.25177
215 4.24843
216 4.24511
217 4.24181
218 4.23855
219 4.2353
220 4.23208
221 4.22888
222 4.22571
223 4.22256
224 4.21944
225 4.21633
226 4.21325
227 4.21019
228 4.20716
229 4.20414
230 4.20115
231 4.19818
232 4.19523
233 4.1923
234 4.18939
235 4.1865
236 4.18364
237 4.18079
238 4.17796
239 4.17515
240 4.17236
241 4.16959
242 4.16684
243 4.16411
244 4.16139
245 4.1587
246 4.15602
247 4.15336
248 4.15072
249 4.14809
250 4.14549
251 4.14289
252 4.14032
253 4.13777
254 4.13523
255 4.1327
256 4.13019
257 4.1277
258 4.12523
259 4.12277
260 4.12032
261 4.1179
262 4.11548
263 4.11309
264 4.1107
265 4.10833
266 4.10598
267 4.10364
268 4.10132
269 4.09901
270 4.09671
271 4.09443
272 4.09216
273 4.08991
274 4.08767
275 4.08544
276 4.08322
277 4.08102
278 4.07883
279 4.07666
280 4.0745
281 4.07235
282 4.07021
283 4.06809
284 4.06597
285 4.06387
286 4.06179
287 4.05971
288 4.05765
289 4.05559
290 4.05355
291 4.05152
292 4.04951
293 4.0475
294 4.0455
295 4.04352
296 4.04155
297 4.03959
298 4.03763
299 4.03569
300 4.03376
