1 528.838
2 340.72
3 248.287
4 196.668
5 161.703
6 135.718
7 116.009
8 100.88
9 89.0056
10 79.4419
11 71.5658
12 64.9679
13 59.3671
14 54.5604
15 50.3966
16 46.76
17 43.5612
18 40.7297
19 38.2095
20 35.9552
21 33.9297
22 32.1025
23 30.448
24 28.9447
25 27.5746
26 26.3222
27 25.1741
28 24.1191
29 23.1473
30 22.25
31 21.4197
32 20.65
33 19.9351
34 19.2698
35 18.6497
36 18.0708
37 17.5294
38 17.0225
39 16.5472
40 16.1008
41 15.6812
42 15.2862
43 14.914
44 14.5628
45 14.2311
46 13.9175
47 13.6208
48 13.3397
49 13.0732
50 12.8203
