1 758.544
2 569.827
3 479.342
4 417.317
5 371.358
6 335.618
7 306.762
8 282.778
9 262.398
10 244.789
11 229.377
12 215.751
13 203.604
14 192.702
15 182.859
16 173.927
17 165.784
18 158.329
19 151.477
20 145.159
21 139.314
22 133.89
23 128.843
24 124.134
25 119.73
26 115.603
27 111.727
28 108.079
29 104.64
30 101.392
31 98.3196
32 95.4091
33 92.648
34 90.025
35 87.5301
36 85.1543
37 82.8892
38 80.7275
39 78.6622
40 76.6873
41 74.7971
42 72.9862
43 71.2501
44 69.5842
45 67.9846
46 66.4474
47 64.9693
48 63.547
49 62.1776
50 60.8583
