1 14.1481
2 10.0926
3 7.9739
4 6.76722
5 6.17365
6 5.81956
7 5.60026
8 5.41274
9 5.27801
10 5.17773
11 5.0948
12 5.02257
13 4.95393
14 4.89376
15 4.83557
16 4.7928
17 4.7447
18 4.70386
19 4.65901
20 4.62686
21 4.59255
22 4.56423
23 4.53319
24 4.50124
25 4.47779
26 4.44854
27 4.41843
28 4.39364
29 4.37451
30 4.35173
31 4.33248
32 4.31247
33 4.29602
34 4.2757
35 4.26043
36 4.24555
37 4.22177
38 4.2045
39 4.191
40 4.181
41 4.16412
42 4.1565
43 4.147
44 4.12684
45 4.11979
46 4.10934
47 4.1032
48 4.0947
49 4.08107
50 4.07398
51 4.06013
52 4.04847
53 4.04086
54 4.03462
55 4.02833
56 4.01834
57 4.01381
58 4.00566
59 3.99595
60 3.99022
61 3.98378
62 3.97265
63 3.96573
64 3.96357
65 3.95636
66 3.95219
67 3.94714
68 3.94298
69 3.93503
70 3.92523
71 3.92308
72 3.9151
73 3.91061
74 3.90429
75 3.90134
76 3.89671
77 3.88972
78 3.89053
79 3.87927
80 3.87915
81 3.87604
82 3.87364
83 3.8689
84 3.86757
85 3.86063
86 3.85958
87 3.85409
88 3.85511
89 3.85263
90 3.8463
91 3.84589
92 3.84146
93 3.84203
94 3.83999
95 3.83619
96 3.83725
97 3.83384
98 3.8301
99 3.82807
100 3.8234
101 3.81959
102 3.81725
103 3.81747
104 3.81628
105 3.80909
106 3.80976
107 3.80918
108 3.80528
109 3.80787
110 3.80765
111 3.80537
112 3.80665
113 3.80396
114 3.80243
115 3.80281
116 3.8051
117 3.79939
118 3.8008
119 3.79667
120 3.79834
121 3.7934
122 3.79671
123 3.79607
124 3.79778
125 3.79638
126 3.7935
127 3.78998
128 3.7944
129 3.78846
130 3.78414
131 3.78381
132 3.78071
133 3.78182
134 3.78321
135 3.78663
136 3.78546
137 3.78548
138 3.78478
139 3.78381
140 3.77925
141 3.78468
142 3.78583
143 3.78526
144 3.78235
145 3.78331
146 3.77981
147 3.77989
148 3.77871
149 3.77613
150 3.77994
151 3.77736
152 3.78318
153 3.78028
154 3.78392
155 3.77774
156 3.77565
157 3.77722
158 3.77965
159 3.78198
160 3.77979
161 3.7778
162 3.78161
163 3.78515
164 3.78942
165 3.78706
166 3.7873
167 3.78446
168 3.78653
169 3.78585
170 3.78837
171 3.78832
172 3.78948
173 3.78825
174 3.7872
175 3.78859
176 3.78549
177 3.78777
178 3.79264
179 3.79279
180 3.79605
181 3.79612
182 3.79666
183 3.79353
184 3.79365
185 3.79195
186 3.79633
187 3.79394
188 3.79678
189 3.79795
190 3.79637
191 3.79482
192 3.79353
193 3.79771
194 3.7999
195 3.79834
196 3.80004
197 3.80553
198 3.80251
199 3.80406
200 3.80187
201 3.80437
202 3.80356
203 3.8061
204 3.80821
205 3.80682
206 3.81087
207 3.81301
208 3.81614
209 3.81626
210 3.81298
211 3.81405
212 3.81894
213 3.81369
214 3.81947
215 3.82515
216 3.82307
217 3.82161
218 3.82203
219 3.82176
220 3.82205
221 3.82133
222 3.82158
223 3.82448
224 3.82711
225 3.83136
226 3.82999
227 3.83527
228 3.8311
229 3.82794
230 3.82956
231 3.83251
232 3.83459
233 3.83796
234 3.83993
235 3.838
236 3.84057
237 3.84355
238 3.84523
239 3.84393
240 3.84643
241 3.84243
242 3.84101
243 3.84463
244 3.84798
245 3.8529
246 3.85009
247 3.85088
248 3.85173
249 3.85179
250 3.85402
251 3.85991
252 3.86048
253 3.86172
254 3.86116
255 3.86285
256 3.86459
257 3.86489
258 3.86481
259 3.86414
260 3.86461
261 3.86794
262 3.86924
263 3.86632
264 3.87108
265 3.87188
266 3.87177
267 3.87253
268 3.87461
269 3.87967
270 3.88114
271 3.88042
272 3.88286
273 3.88278
274 3.88666
275 3.89
276 3.88816
277 3.88989
278 3.88996
279 3.88831
280 3.88841
281 3.89077
282 3.89453
283 3.89186
284 3.89511
285 3.89807
286 3.89811
287 3.8973
288 3.89985
289 3.89757
290 3.9041
291 3.90689
292 3.90861
293 3.9057
294 3.90683
295 3.90647
296 3.90963
297 3.91683
298 3.91676
299 3.91948
300 3.92771
