1 20.9222
2 17.2948
3 14.9821
4 13.3392
5 12.0901
6 11.1085
7 10.3221
8 9.68183
9 9.15269
10 8.70948
11 8.33394
12 8.01261
13 7.73534
14 7.49431
15 7.28337
16 7.09768
17 6.9333
18 6.78707
19 6.65636
20 6.53901
21 6.43323
22 6.3375
23 6.25054
24 6.17128
25 6.09878
26 6.03227
27 5.97107
28 5.91457
29 5.86229
30 5.81377
31 5.76863
32 5.72653
33 5.68718
34 5.65032
35 5.6157
36 5.58314
37 5.55244
38 5.52345
39 5.49601
40 5.47001
41 5.44533
42 5.42185
43 5.3995
44 5.37817
45 5.35781
46 5.33832
47 5.31966
48 5.30177
49 5.28459
50 5.26807
51 5.25218
52 5.23687
53 5.2221
54 5.20785
55 5.19407
56 5.18075
57 5.16785
58 5.15535
59 5.14323
60 5.13147
61 5.12004
62 5.10894
63 5.09814
64 5.08762
65 5.07738
66 5.0674
67 5.05766
68 5.04816
69 5.03888
70 5.02982
71 5.02096
72 5.0123
73 5.00382
74 4.99552
75 4.98739
76 4.97942
77 4.97161
78 4.96395
79 4.95643
80 4.94905
81 4.94181
82 4.93469
83 4.9277
84 4.92082
85 4.91406
86 4.90742
87 4.90087
88 4.89443
89 4.88809
90 4.88185
91 4.8757
92 4.86963
93 4.86366
94 4.85777
95 4.85196
96 4.84623
97 4.84057
98 4.83499
99 4.82949
100 4.82405
101 4.81868
102 4.81338
103 4.80814
104 4.80296
105 4.79784
106 4.79279
107 4.78779
108 4.78285
109 4.77796
110 4.77312
111 4.76834
112 4.76361
113 4.75893
114 4.75429
115 4.74971
116 4.74517
117 4.74067
118 4.73622
119 4.73181
120 4.72745
121 4.72312
122 4.71883
123 4.71459
124 4.71038
125 4.70621
126 4.70208
127 4.69798
128 4.69392
129 4.6899
130 4.68591
131 4.68195
132 4.67802
133 4.67413
134 4.67027
135 4.66644
136 4.66264
137 4.65887
138 4.65513
139 4.65141
140 4.64773
141 4.64407
142 4.64045
143 4.63685
144 4.63327
145 4.62972
146 4.6262
147 4.6227
148 4.61923
149 4.61578
150 4.61236
151 4.60895
152 4.60558
153 4.60222
154 4.59889
155 4.59558
156 4.59229
157 4.58903
158 4.58578
159 4.58256
160 4.57936
161 4.57618
162 4.57301
163 4.56987
164 4.56675
165 4.56365
166 4.56056
167 4.5575
168 4.55445
169 4.55142
170 4.54841
171 4.54542
172 4.54245
173 4.53949
174 4.53655
175 4.53363
176 4.53073
177 4.52784
178 4.52497
179 4.52211
180 4.51927
181 4.51645
182 4.51364
183 4.51085
184 4.50807
185 4.50531
186 4.50256
187 4.49983
188 4.49711
189 4.49441
190 4.49172
191 4.48905
192 4.48639
193 4.48375
194 4.48111
195 4.4785
196 4.47589
197 4.4733
198 4.47072
199 4.46816
200 4.46561
201 4.46307
202 4.46054
203 4.45803
204 4.45553
205 4.45304
206 4.45057
207 4.4481
208 4.44565
209 4.44321
210 4.44078
211 4.43837
212 4.43596
213 4.43357
214 4.43119
215 4.42882
216 4.42646
217 4.42411
218 4.42178
219 4.41945
220 4.41714
221 4.41483
222 4.41254
223 4.41026
224 4.40799
225 4.40572
226 4.40347
227 4.40123
228 4.399
229 4.39678
230 4.39457
231 4.39237
232 4.39018
233 4.388
234 4.38583
235 4.38367
236 4.38151
237 4.37937
238 4.37724
239 4.37511
240 4.373
241 4.37089
242 4.3688
243 4.36671
244 4.36463
245 4.36256
246 4.3605
247 4.35845
248 4.35641
249 4.35437
250 4.35235
251 4.35033
252 4.34832
253 4.34632
254 4.34433
255 4.34235
256 4.34037
257 4.33841
258 4.33645
259 4.3345
260 4.33256
261 4.33062
262 4.3287
263 4.32678
264 4.32487
265 4.32296
266 4.32107
267 4.31918
268 4.3173
269 4.31543
270 4.31356
271 4.31171
272 4.30986
273 4.30801
274 4.30618
275 4.30435
276 4.30253
277 4.30072
278 4.29891
279 4.29711
280 4.29532
281 4.29353
282 4.29176
283 4.28998
284 4.28822
285 4.28646
286 4.28471
287 4.28297
288 4.28123
289 4.2795
290 4.27778
291 4.27606
292 4.27435
293 4.27264
294 4.27095
295 4.26926
296 4.26757
297 4.26589
298 4.26422
299 4.26256
300 4.2609
301 4.25924
302 4.2576
303 4.25595
304 4.25432
305 4.25269
306 4.25107
307 4.24945
308 4.24784
309 4.24624
310 4.24464
311 4.24305
312 4.24146
313 4.23988
314 4.2383
315 4.23673
316 4.23517
317 4.23361
318 4.23206
319 4.23051
320 4.22897
321 4.22743
322 4.2259
323 4.22438
324 4.22286
325 4.22135
326 4.21984
327 4.21834
328 4.21684
329 4.21535
330 4.21386
331 4.21238
332 4.2109
333 4.20943
334 4.20796
335 4.2065
336 4.20505
337 4.2036
338 4.20215
339 4.20071
340 4.19928
341 4.19785
342 4.19642
343 4.195
344 4.19359
345 4.19218
346 4.19077
347 4.18937
348 4.18797
349 4.18658
350 4.1852
351 4.18382
352 4.18244
353 4.18107
354 4.1797
355 4.17834
356 4.17698
357 4.17563
358 4.17428
359 4.17293
360 4.17159
361 4.17026
362 4.16893
363 4.1676
364 4.16628
365 4.16496
366 4.16365
367 4.16234
368 4.16104
369 4.15974
370 4.15845
371 4.15715
372 4.15587
373 4.15459
374 4.15331
375 4.15203
376 4.15077
377 4.1495
378 4.14824
379 4.14698
380 4.14573
381 4.14448
382 4.14324
383 4.142
384 4.14076
385 4.13953
386 4.1383
387 4.13707
388 4.13585
389 4.13464
390 4.13343
391 4.13222
392 4.13101
393 4.12981
394 4.12862
395 4.12742
396 4.12623
397 4.12505
398 4.12387
399 4.12269
400 4.12152
401 4.12035
402 4.11918
403 4.11802
404 4.11686
405 4.1157
406 4.11455
407 4.11341
408 4.11226
409 4.11112
410 4.10998
411 4.10885
412 4.10772
413 4.1066
414 4.10547
415 4.10435
416 4.10324
417 4.10213
418 4.10102
419 4.09991
420 4.09881
421 4.09771
422 4.09662
423 4.09553
424 4.09444
425 4.09336
426 4.09227
427 4.0912
428 4.09012
429 4.08905
430 4.08798
431 4.08692
432 4.08586
433 4.0848
434 4.08375
435 4.08269
436 4.08165
437 4.0806
438 4.07956
439 4.07852
440 4.07749
441 4.07645
442 4.07542
443 4.0744
444 4.07338
445 4.07236
446 4.07134
447 4.07033
448 4.06932
449 4.06831
450 4.06731
451 4.0663
452 4.06531
453 4.06431
454 4.06332
455 4.06233
456 4.06134
457 4.06036
458 4.05938
459 4.0584
460 4.05743
461 4.05646
462 4.05549
463 4.05452
464 4.05356
465 4.0526
466 4.05164
467 4.05069
468 4.04974
469 4.04879
470 4.04784
471 4.0469
472 4.04596
473 4.04502
474 4.04409
475 4.04316
476 4.04223
477 4.0413
478 4.04038
479 4.03946
480 4.03854
481 4.03762
482 4.03671
483 4.0358
484 4.03489
485 4.03399
486 4.03308
487 4.03218
488 4.03129
489 4.03039
490 4.0295
491 4.02861
492 4.02773
493 4.02684
494 4.02596
495 4.02508
496 4.02421
497 4.02333
498 4.02246
499 4.02159
500 4.02072
501 4.01986
502 4.019
503 4.01814
504 4.01728
505 4.01643
506 4.01558
507 4.01473
508 4.01388
509 4.01304
510 4.0122
511 4.01136
512 4.01052
513 4.00969
514 4.00885
515 4.00802
516 4.0072
517 4.00637
518 4.00555
519 4.00473
520 4.00391
521 4.00309
522 4.00228
523 4.00147
524 4.00066
525 3.99985
526 3.99905
527 3.99825
528 3.99745
529 3.99665
530 3.99585
531 3.99506
532 3.99427
533 3.99348
534 3.99269
535 3.99191
536 3.99113
537 3.99035
538 3.98957
539 3.98879
540 3.98802
541 3.98725
542 3.98648
543 3.98571
544 3.98495
545 3.98418
546 3.98342
547 3.98266
548 3.98191
549 3.98115
550 3.9804
551 3.97965
552 3.9789
553 3.97816
554 3.97741
555 3.97667
556 3.97593
557 3.97519
558 3.97446
559 3.97372
560 3.97299
561 3.97226
562 3.97153
563 3.97081
564 3.97008
565 3.96936
566 3.96864
567 3.96792
568 3.9672
569 3.96649
570 3.96578
571 3.96507
572 3.96436
573 3.96365
574 3.96295
575 3.96225
576 3.96154
577 3.96085
578 3.96015
579 3.95945
580 3.95876
581 3.95807
582 3.95738
583 3.95669
584 3.95601
585 3.95532
586 3.95464
587 3.95396
588 3.95328
589 3.9526
590 3.95193
591 3.95126
592 3.95058
593 3.94991
594 3.94925
595 3.94858
596 3.94792
597 3.94725
598 3.94659
599 3.94593
600 3.94528
601 3.94462
602 3.94397
603 3.94332
604 3.94267
605 3.94202
606 3.94137
607 3.94073
608 3.94008
609 3.93944
610 3.9388
611 3.93816
612 3.93753
613 3.93689
614 3.93626
615 3.93563
616 3.935
617 3.93437
618 3.93374
619 3.93312
620 3.93249
621 3.93187
622 3.93125
623 3.93063
624 3.93002
625 3.9294
626 3.92879
627 3.92818
628 3.92756
629 3.92696
630 3.92635
631 3.92574
632 3.92514
633 3.92454
634 3.92394
635 3.92334
636 3.92274
637 3.92214
638 3.92155
639 3.92095
640 3.92036
641 3.91977
642 3.91918
643 3.9186
644 3.91801
645 3.91743
646 3.91684
647 3.91626
648 3.91568
649 3.91511
650 3.91453
651 3.91395
652 3.91338
653 3.91281
654 3.91224
655 3.91167
656 3.9111
657 3.91053
658 3.90997
659 3.90941
660 3.90884
661 3.90828
662 3.90772
663 3.90717
664 3.90661
665 3.90606
666 3.9055
667 3.90495
668 3.9044
669 3.90385
670 3.9033
671 3.90276
672 3.90221
673 3.90167
674 3.90113
675 3.90058
676 3.90005
677 3.89951
678 3.89897
679 3.89843
680 3.8979
681 3.89737
682 3.89684
683 3.89631
684 3.89578
685 3.89525
686 3.89472
687 3.8942
688 3.89368
689 3.89315
690 3.89263
691 3.89211
692 3.8916
693 3.89108
694 3.89056
695 3.89005
696 3.88954
697 3.88903
698 3.88852
699 3.88801
700 3.8875
701 3.88699
702 3.88649
703 3.88598
704 3.88548
705 3.88498
706 3.88448
707 3.88398
708 3.88348
709 3.88299
710 3.88249
711 3.882
712 3.8815
713 3.88101
714 3.88052
715 3.88003
716 3.87954
717 3.87906
718 3.87857
719 3.87809
720 3.8776
721 3.87712
722 3.87664
723 3.87616
724 3.87568
725 3.87521
726 3.87473
727 3.87426
728 3.87378
729 3.87331
730 3.87284
731 3.87237
732 3.8719
733 3.87143
734 3.87097
735 3.8705
736 3.87004
737 3.86957
738 3.86911
739 3.86865
740 3.86819
741 3.86773
742 3.86728
743 3.86682
744 3.86636
745 3.86591
746 3.86546
747 3.865
748 3.86455
749 3.8641
750 3.86366
