1 9.24424
2 6.62811
3 5.80796
4 5.41611
5 5.18824
6 5.03554
7 4.92201
8 4.83109
9 4.75604
10 4.69245
11 4.63496
12 4.58358
13 4.53774
14 4.4953
15 4.45629
16 4.41953
17 4.38674
18 4.35491
19 4.32485
20 4.29697
21 4.27167
22 4.24678
23 4.22332
24 4.20193
25 4.1818
26 4.16233
27 4.14374
28 4.12748
29 4.11069
30 4.09435
31 4.07904
32 4.06551
33 4.05112
34 4.03777
35 4.02529
36 4.01351
37 4.0016
38 3.99024
39 3.98098
40 3.97115
41 3.96181
42 3.95282
43 3.94496
44 3.9365
45 3.92756
46 3.92063
47 3.91367
48 3.90601
49 3.89927
50 3.89297
51 3.88654
52 3.88028
53 3.87444
54 3.87017
55 3.86442
56 3.85953
57 3.85462
58 3.8508
59 3.84613
60 3.84138
61 3.83784
62 3.83431
63 3.82964
64 3.82559
65 3.82268
66 3.81908
67 3.81558
68 3.81264
69 3.81052
70 3.80754
71 3.80457
72 3.80253
73 3.80036
74 3.79801
75 3.79552
76 3.79417
77 3.79201
78 3.78966
79 3.78755
80 3.78632
81 3.78421
82 3.78229
83 3.78142
84 3.78011
85 3.77889
86 3.7776
87 3.77747
88 3.77636
89 3.77481
90 3.77363
91 3.77353
92 3.77202
93 3.77108
94 3.77036
95 3.76973
96 3.76861
97 3.7676
98 3.76838
99 3.76789
100 3.76759
101 3.76742
102 3.76786
103 3.7675
104 3.76637
105 3.76676
106 3.76715
107 3.76649
108 3.76651
109 3.76676
110 3.76649
111 3.76637
112 3.76646
113 3.76779
114 3.76749
115 3.7678
116 3.76808
117 3.76913
118 3.76921
119 3.76913
120 3.76999
121 3.77094
122 3.77055
123 3.77077
124 3.77191
125 3.77207
126 3.77234
127 3.77309
128 3.77448
129 3.77495
130 3.7753
131 3.77655
132 3.7775
133 3.77811
134 3.77873
135 3.78011
136 3.7809
137 3.78136
138 3.78198
139 3.7833
140 3.78375
141 3.78433
142 3.78597
143 3.78696
144 3.78802
145 3.789
146 3.79098
147 3.79198
148 3.79251
149 3.79337
150 3.79523
151 3.79571
152 3.79672
153 3.79785
154 3.79903
155 3.7997
156 3.80046
157 3.80294
158 3.80406
159 3.80532
160 3.80677
161 3.80866
162 3.8098
163 3.81017
164 3.81193
165 3.81371
166 3.81446
167 3.81582
168 3.81739
169 3.81843
170 3.81959
171 3.82094
172 3.82343
173 3.82433
174 3.82575
175 3.8272
176 3.8293
177 3.83044
178 3.83143
179 3.83327
180 3.83528
181 3.83593
182 3.83714
183 3.83928
184 3.84034
185 3.84156
186 3.84324
187 3.84548
188 3.84682
189 3.84802
190 3.85009
191 3.85183
192 3.85318
193 3.85459
194 3.85667
195 3.85828
196 3.8595
197 3.86085
198 3.86286
199 3.86401
200 3.86528
201 3.86761
202 3.86924
203 3.87093
204 3.87256
205 3.87508
206 3.87669
207 3.87783
208 3.87926
209 3.88167
210 3.88275
211 3.88435
212 3.88603
213 3.88771
214 3.88894
215 3.89025
216 3.89322
217 3.89478
218 3.8965
219 3.89848
220 3.90075
221 3.90235
222 3.9032
223 3.90533
224 3.90755
225 3.90875
226 3.91054
227 3.91254
228 3.91397
229 3.91554
230 3.91727
231 3.9201
232 3.92142
233 3.92318
234 3.92501
235 3.92742
236 3.92892
237 3.93024
238 3.93238
239 3.93474
240 3.93577
241 3.9373
242 3.93973
243 3.94111
244 3.94266
245 3.94464
246 3.94714
247 3.94878
248 3.95025
249 3.95259
250 3.95457
251 3.95617
252 3.95784
253 3.96012
254 3.96203
255 3.96352
256 3.96507
257 3.96741
258 3.96881
259 3.9703
260 3.97285
261 3.97469
262 3.97659
263 3.97843
264 3.9811
265 3.98291
266 3.98427
267 3.98589
268 3.98846
269 3.98977
270 3.99158
271 3.99343
272 3.99529
273 3.99672
274 3.99822
275 4.00132
276 4.00307
277 4.00492
278 4.00706
279 4.00945
280 4.0112
281 4.01225
282 4.01446
283 4.01682
284 4.0182
285 4.02014
286 4.02227
287 4.02384
288 4.02556
289 4.02742
290 4.03033
291 4.03181
292 4.03367
293 4.03563
294 4.03812
295 4.03973
296 4.04118
297 4.04341
298 4.04587
299 4.04705
300 4.04869
