1 87.1131
2 37.5719
3 24.1361
4 17.4295
5 14.4603
6 11.2133
7 9.94431
8 9.1774
9 8.31567
10 7.87657
11 7.60356
12 7.29043
13 7.18224
14 6.92191
15 6.72545
16 6.65955
17 6.50414
18 6.36856
19 6.32104
20 6.16939
21 6.14803
22 6.03578
23 5.9359
24 5.91923
25 5.81284
26 5.71847
27 5.78807
28 5.64868
29 5.62982
30 5.51105
31 5.51871
32 5.45152
33 5.43413
34 5.38793
35 5.33413
36 5.32491
37 5.30889
38 5.26142
39 5.19984
40 5.20431
41 5.14669
42 5.19456
43 5.08522
44 5.0632
45 5.0812
46 5.04149
47 5.0046
48 5.0099
49 4.97493
50 4.99882
51 4.94887
52 4.91023
53 4.90113
54 4.92842
55 4.88008
56 4.84657
57 4.8483
58 4.80707
59 4.76518
60 4.86006
61 4.76804
62 4.75747
63 4.76615
64 4.74804
65 4.70217
66 4.70461
67 4.69216
68 4.69499
69 4.67222
70 4.66838
71 4.66947
72 4.63704
73 4.68698
74 4.63731
75 4.64795
76 4.61865
77 4.62356
78 4.63535
79 4.55225
80 4.65886
81 4.5526
82 4.55957
83 4.58905
84 4.54289
85 4.50068
86 4.64854
87 4.52654
88 4.58148
89 4.46683
90 4.52617
91 4.46985
92 4.45388
93 4.46171
94 4.45546
95 4.47851
96 4.46745
97 4.46906
98 4.4298
99 4.4347
100 4.43329
101 4.47448
102 4.39779
103 4.39728
104 4.41004
105 4.38967
106 4.39219
107 4.39947
108 4.37699
109 4.429
110 4.3815
111 4.38155
112 4.36301
113 4.38538
114 4.35339
115 4.36192
116 4.3593
117 4.34029
118 4.29447
119 4.38829
120 4.31807
121 4.32428
122 4.3372
123 4.32745
124 4.28268
125 4.2861
126 4.2869
127 4.29668
128 4.2895
129 4.2822
130 4.30942
131 4.25675
132 4.3401
133 4.29867
134 4.3068
135 4.2719
136 4.29449
137 4.32363
138 4.22951
139 4.35334
140 4.23465
141 4.26094
142 4.27616
143 4.2458
144 4.20855
145 4.37788
146 4.23084
147 4.32499
148 4.19558
149 4.25957
150 4.19866
151 4.18164
152 4.2024
153 4.19541
154 4.22567
155 4.21894
156 4.22548
157 4.18937
158 4.19087
159 4.20258
160 4.23593
161 4.16609
162 4.17652
163 4.17733
164 4.17408
165 4.17298
166 4.17713
167 4.16443
168 4.19583
169 4.17386
170 4.18578
171 4.16036
172 4.17453
173 4.14931
174 4.16632
175 4.16585
176 4.15137
177 4.1053
178 4.1948
179 4.13014
180 4.14411
181 4.15521
182 4.15071
183 4.10539
184 4.10385
185 4.10915
186 4.12064
187 4.11706
188 4.10933
189 4.14612
190 4.08953
191 4.18332
192 4.13657
193 4.14643
194 4.10986
195 4.13693
196 4.17873
197 4.07582
198 4.19292
199 4.07865
200 4.1154
201 4.12344
202 4.09973
203 4.06238
204 4.24223
205 4.07793
206 4.18321
207 4.05656
208 4.12199
209 4.05845
210 4.03919
211 4.06738
212 4.05703
213 4.07649
214 4.08362
215 4.09487
216 4.06355
217 4.04657
218 4.07378
219 4.1059
220 4.03933
221 4.05705
222 4.04763
223 4.05134
224 4.04869
225 4.05248
226 4.04397
227 4.0709
228 4.06014
229 4.07437
230 4.06492
231 4.05336
232 4.03269
233 4.05528
234 4.05612
235 4.04223
236 3.99375
237 4.0789
238 4.01703
239 4.03572
240 4.04904
241 4.04347
242 4.00144
243 3.99189
244 4.00292
245 4.01412
246 4.01104
247 4.00378
248 4.05289
249 3.98637
250 4.08434
251 4.03147
252 4.0439
253 4.01034
254 4.04205
255 4.08487
256 3.98794
257 4.09522
258 3.98022
259 4.01988
260 4.02659
261 4.00182
262 3.97012
263 4.14972
264 3.98233
265 4.10073
266 3.96504
267 4.03343
268 3.96632
269 3.94825
270 3.97435
271 3.96672
272 3.9883
273 4.0049
274 4.0095
275 3.9863
276 3.95962
277 3.99398
278 4.02069
279 3.9532
280 3.97712
281 3.95915
282 3.97006
283 3.96387
284 3.96573
285 3.95919
286 3.98656
287 3.97786
288 4.00099
289 3.98894
290 3.97136
291 3.95336
292 3.97655
293 3.97725
294 3.96394
295 3.91714
296 3.99838
297 3.93901
298 3.962
299 3.97452
300 3.97181
