1 8.51059
2 6.28336
3 5.61475
4 5.29176
5 5.09923
6 4.96561
7 4.86503
8 4.78288
9 4.71428
10 4.65329
11 4.60004
12 4.55114
13 4.50771
14 4.46785
15 4.43067
16 4.39618
17 4.36354
18 4.33346
19 4.30456
20 4.27882
21 4.25385
22 4.2312
23 4.20853
24 4.1878
25 4.16785
26 4.14885
27 4.13124
28 4.11437
29 4.09859
30 4.08309
31 4.06903
32 4.05434
33 4.04131
34 4.02818
35 4.01684
36 4.00505
37 3.99448
38 3.98406
39 3.97382
40 3.96411
41 3.95444
42 3.94607
43 3.93741
44 3.93031
45 3.92189
46 3.91471
47 3.90709
48 3.90014
49 3.89323
50 3.88731
51 3.8817
52 3.87554
53 3.87045
54 3.86472
55 3.85969
56 3.85425
57 3.85022
58 3.84537
59 3.84152
60 3.83704
61 3.8331
62 3.82899
63 3.82501
64 3.82173
65 3.81817
66 3.81531
67 3.81208
68 3.80952
69 3.80621
70 3.80362
71 3.80054
72 3.79838
73 3.79627
74 3.79406
75 3.79195
76 3.78947
77 3.78746
78 3.78488
79 3.78384
80 3.78201
81 3.78107
82 3.77894
83 3.77776
84 3.77623
85 3.77474
86 3.77379
87 3.77252
88 3.77172
89 3.77044
90 3.76997
91 3.76843
92 3.76787
93 3.76661
94 3.76655
95 3.76559
96 3.7653
97 3.76488
98 3.76432
99 3.7638
100 3.76296
101 3.76311
102 3.76261
103 3.76326
104 3.76243
105 3.76258
106 3.76209
107 3.76195
108 3.76172
109 3.76201
110 3.76252
111 3.76226
112 3.76284
113 3.76266
114 3.763
115 3.76281
116 3.76376
117 3.76375
118 3.76451
119 3.76457
120 3.76515
121 3.76537
122 3.76557
123 3.76637
124 3.76669
125 3.76764
126 3.76805
127 3.76905
128 3.76928
129 3.77015
130 3.77043
131 3.77142
132 3.77242
133 3.77321
134 3.77407
135 3.77453
136 3.77532
137 3.77555
138 3.77718
139 3.77794
140 3.77943
141 3.77977
142 3.78101
143 3.78186
144 3.78268
145 3.78398
146 3.78485
147 3.78617
148 3.78694
149 3.78847
150 3.78898
151 3.79037
152 3.79104
153 3.79279
154 3.79367
155 3.79509
156 3.7963
157 3.79749
158 3.79858
159 3.79942
160 3.80114
161 3.80215
162 3.80421
163 3.80489
164 3.80647
165 3.80747
166 3.80867
167 3.80985
168 3.81141
169 3.81319
170 3.8142
171 3.81594
172 3.81702
173 3.81856
174 3.81957
175 3.82162
176 3.82272
177 3.82453
178 3.82564
179 3.82729
180 3.82859
181 3.82978
182 3.83158
183 3.83285
184 3.83478
185 3.83604
186 3.8379
187 3.83906
188 3.84077
189 3.84196
190 3.84374
191 3.84553
192 3.84711
193 3.84877
194 3.85004
195 3.85166
196 3.85262
197 3.85498
198 3.85642
199 3.85858
200 3.85962
201 3.86153
202 3.86306
203 3.86451
204 3.8665
205 3.86798
206 3.86992
207 3.87128
208 3.87336
209 3.87449
210 3.87648
211 3.87773
212 3.88
213 3.88142
214 3.88331
215 3.88504
216 3.88678
217 3.88838
218 3.88971
219 3.89191
220 3.89339
221 3.89584
222 3.89702
223 3.89905
224 3.90053
225 3.90217
226 3.90381
227 3.90576
228 3.90791
229 3.90934
230 3.91142
231 3.91292
232 3.91485
233 3.91622
234 3.91864
235 3.92012
236 3.92225
237 3.92371
238 3.92571
239 3.92737
240 3.92891
241 3.93103
242 3.93261
243 3.93484
244 3.9364
245 3.93853
246 3.94004
247 3.94203
248 3.94353
249 3.94557
250 3.94761
251 3.94945
252 3.95136
253 3.95293
254 3.95481
255 3.95607
256 3.95865
257 3.96032
258 3.96268
259 3.96396
260 3.9661
261 3.96787
262 3.96955
263 3.97176
264 3.97343
265 3.97557
266 3.97714
267 3.9794
268 3.98075
269 3.98294
270 3.98441
271 3.98687
272 3.98847
273 3.99051
274 3.9924
275 3.99433
276 3.99611
277 3.99763
278 3.99998
279 4.00161
280 4.00416
281 4.00553
282 4.0077
283 4.00935
284 4.01115
285 4.01312
286 4.01504
287 4.01727
288 4.01892
289 4.02108
290 4.02273
291 4.02478
292 4.0263
293 4.02884
294 4.03042
295 4.03264
296 4.03423
297 4.03634
298 4.03814
299 4.03979
300 4.04204
