10000 10.9006
20000 8.06227
30000 6.85868
40000 6.21731
50000 5.83285
60000 5.57862
70000 5.39722
80000 5.26016
90000 5.15323
100000 5.06585
110000 4.99245
120000 4.92878
130000 4.8733
140000 4.82327
150000 4.77831
160000 4.73759
170000 4.69973
180000 4.66388
190000 4.63036
200000 4.59916
210000 4.56956
220000 4.54176
230000 4.5152
240000 4.48982
250000 4.46558
260000 4.44292
270000 4.42124
280000 4.4005
290000 4.38081
300000 4.36132
310000 4.34275
320000 4.32489
330000 4.30782
340000 4.29146
350000 4.27598
360000 4.26047
370000 4.24545
380000 4.23171
390000 4.21845
400000 4.2051
410000 4.19215
420000 4.17959
430000 4.16799
440000 4.15601
450000 4.14515
460000 4.13387
470000 4.123
480000 4.11269
490000 4.10311
500000 4.09384
510000 4.08471
520000 4.07541
530000 4.06628
540000 4.0578
550000 4.04919
560000 4.04069
570000 4.03316
580000 4.02531
590000 4.01799
600000 4.01095
610000 4.00421
620000 3.99696
630000 3.98975
640000 3.98321
650000 3.97653
660000 3.97038
670000 3.96393
680000 3.95797
690000 3.95217
700000 3.94649
710000 3.94127
720000 3.93634
730000 3.9314
740000 3.92643
750000 3.9208
760000 3.91583
770000 3.9113
780000 3.90669
790000 3.90268
800000 3.89806
810000 3.89354
820000 3.8894
830000 3.88616
840000 3.88221
850000 3.87817
860000 3.87429
870000 3.87102
880000 3.8671
890000 3.8636
900000 3.86023
910000 3.85662
920000 3.85332
930000 3.85048
940000 3.84762
950000 3.84493
960000 3.84181
970000 3.83862
980000 3.83585
990000 3.83297
1000000 3.82993
1010000 3.82717
1020000 3.82504
1030000 3.8226
1040000 3.82029
1050000 3.81823
1060000 3.81555
1070000 3.81276
1080000 3.81036
1090000 3.80812
1100000 3.80602
1110000 3.80352
1120000 3.80149
1130000 3.79958
1140000 3.797
1150000 3.79582
1160000 3.79451
1170000 3.79255
1180000 3.79115
1190000 3.78882
1200000 3.78693
1210000 3.78555
1220000 3.78394
1230000 3.78234
1240000 3.78106
1250000 3.77936
1260000 3.77811
1270000 3.77687
1280000 3.77596
1290000 3.77456
1300000 3.77307
1310000 3.77165
1320000 3.77076
1330000 3.7694
1340000 3.76833
1350000 3.76692
1360000 3.76559
1370000 3.76483
1380000 3.76427
1390000 3.76294
1400000 3.76248
1410000 3.76126
1420000 3.76037
1430000 3.75944
1440000 3.75828
1450000 3.75714
1460000 3.75678
1470000 3.75617
1480000 3.75529
1490000 3.7551
1500000 3.75408
1510000 3.75308
1520000 3.75195
1530000 3.75136
1540000 3.75061
1550000 3.74992
1560000 3.74923
1570000 3.74861
1580000 3.74775
1590000 3.74794
1600000 3.74737
1610000 3.74721
1620000 3.74714
1630000 3.74613
1640000 3.74541
1650000 3.74534
1660000 3.74496
1670000 3.74439
1680000 3.74443
1690000 3.74386
1700000 3.74375
1710000 3.74358
1720000 3.74372
1730000 3.74334
1740000 3.74296
1750000 3.74266
1760000 3.74273
1770000 3.74232
1780000 3.7423
1790000 3.74198
1800000 3.74146
1810000 3.74153
1820000 3.7414
1830000 3.7416
1840000 3.74192
1850000 3.74172
1860000 3.74163
1870000 3.74154
1880000 3.74137
1890000 3.74092
1900000 3.74137
1910000 3.74138
1920000 3.74146
1930000 3.74182
1940000 3.74184
1950000 3.74159
1960000 3.74127
1970000 3.74132
1980000 3.74123
1990000 3.74132
2000000 3.74132
2010000 3.74131
2020000 3.74128
2030000 3.74168
2040000 3.74222
2050000 3.74274
2060000 3.74311
2070000 3.74292
2080000 3.7429
2090000 3.74306
2100000 3.74343
2110000 3.74363
2120000 3.74431
2130000 3.74427
2140000 3.74439
2150000 3.74514
2160000 3.74583
2170000 3.74605
2180000 3.74619
2190000 3.74639
2200000 3.74696
2210000 3.74697
2220000 3.74755
2230000 3.74773
2240000 3.74781
2250000 3.74821
2260000 3.74887
2270000 3.7493
2280000 3.75005
2290000 3.75032
2300000 3.75047
2310000 3.75108
2320000 3.75128
2330000 3.75139
2340000 3.75219
2350000 3.75253
2360000 3.75312
2370000 3.75373
2380000 3.75442
2390000 3.75456
2400000 3.75458
2410000 3.75509
2420000 3.75537
2430000 3.75594
2440000 3.75607
2450000 3.7566
2460000 3.75714
2470000 3.75766
2480000 3.75853
2490000 3.75958
2500000 3.76035
2510000 3.76093
2520000 3.76083
2530000 3.76129
2540000 3.76202
2550000 3.76251
2560000 3.76357
2570000 3.76387
2580000 3.76433
2590000 3.76494
2600000 3.76633
2610000 3.76692
2620000 3.76735
2630000 3.76787
2640000 3.76869
2650000 3.76913
2660000 3.7697
2670000 3.77032
2680000 3.77075
2690000 3.7714
2700000 3.77233
2710000 3.77298
2720000 3.77403
2730000 3.77458
2740000 3.77501
2750000 3.77578
2760000 3.77635
2770000 3.77672
2780000 3.77733
2790000 3.77844
2800000 3.77921
2810000 3.77998
2820000 3.78095
2830000 3.78134
2840000 3.78159
2850000 3.78219
2860000 3.78291
2870000 3.7837
2880000 3.78404
2890000 3.78481
2900000 3.78569
2910000 3.78583
2920000 3.78734
2930000 3.78871
2940000 3.7893
2950000 3.79041
2960000 3.7906
2970000 3.79119
2980000 3.79218
2990000 3.79295
3000000 3.79364
3010000 3.79464
3020000 3.79528
3030000 3.79627
3040000 3.79722
3050000 3.79838
3060000 3.79913
3070000 3.79973
3080000 3.80039
3090000 3.80141
3100000 3.80205
3110000 3.80291
3120000 3.80348
3130000 3.80408
3140000 3.80516
3150000 3.80626
3160000 3.80681
3170000 3.80814
3180000 3.80875
3190000 3.80964
3200000 3.81041
3210000 3.811
3220000 3.81159
3230000 3.81286
3240000 3.81384
3250000 3.81458
3260000 3.8159
3270000 3.81647
3280000 3.8171
3290000 3.81751
3300000 3.81846
3310000 3.81923
3320000 3.81996
3330000 3.82082
3340000 3.82168
3350000 3.82229
3360000 3.82388
3370000 3.82472
3380000 3.82596
3390000 3.82721
3400000 3.8276
3410000 3.82822
3420000 3.82941
3430000 3.83033
3440000 3.831
3450000 3.83227
3460000 3.83297
3470000 3.83411
3480000 3.83514
3490000 3.83639
3500000 3.83719
3510000 3.83798
3520000 3.83881
3530000 3.83992
3540000 3.84064
3550000 3.84165
3560000 3.84245
3570000 3.84303
3580000 3.84412
3590000 3.84507
3600000 3.84613
3610000 3.84743
3620000 3.84827
3630000 3.84919
3640000 3.85009
3650000 3.85089
3660000 3.85145
3670000 3.85282
3680000 3.85375
3690000 3.85472
3700000 3.85596
3710000 3.85688
3720000 3.85755
3730000 3.85813
3740000 3.85909
3750000 3.8599
3760000 3.86084
3770000 3.86171
3780000 3.86257
3790000 3.8634
3800000 3.86462
3810000 3.86597
3820000 3.86731
3830000 3.86846
3840000 3.86911
3850000 3.86988
3860000 3.87081
3870000 3.87192
3880000 3.87284
3890000 3.87423
3900000 3.87494
3910000 3.87584
3920000 3.87728
3930000 3.8786
3940000 3.87954
3950000 3.88038
3960000 3.88125
3970000 3.88241
3980000 3.88312
3990000 3.88428
4000000 3.88515
4010000 3.88589
4020000 3.88692
4030000 3.88818
4040000 3.88912
4050000 3.89046
4060000 3.89136
4070000 3.89214
4080000 3.89333
4090000 3.89413
4100000 3.89485
4110000 3.89619
4120000 3.89712
4130000 3.89824
4140000 3.89937
4150000 3.90059
4160000 3.9013
4170000 3.90189
4180000 3.90293
4190000 3.90378
4200000 3.90488
4210000 3.90557
4220000 3.90661
4230000 3.90767
4240000 3.90873
4250000 3.91009
4260000 3.91163
4270000 3.91286
4280000 3.91392
4290000 3.91438
4300000 3.91532
4310000 3.9165
4320000 3.91744
4330000 3.91893
4340000 3.9197
4350000 3.92065
4360000 3.92171
4370000 3.92353
4380000 3.92448
4390000 3.92536
4400000 3.92629
4410000 3.92746
4420000 3.92835
4430000 3.92931
4440000 3.93032
4450000 3.93116
4460000 3.93221
4470000 3.9335
4480000 3.93445
4490000 3.93586
4500000 3.93681
4510000 3.93765
4520000 3.93878
4530000 3.93971
4540000 3.94048
4550000 3.94148
4560000 3.94289
4570000 3.944
4580000 3.94509
4590000 3.94638
4600000 3.94714
4610000 3.94776
4620000 3.94871
4630000 3.94977
4640000 3.9509
4650000 3.95161
4660000 3.95271
4670000 3.95391
4680000 3.95442
4690000 3.95621
4700000 3.95788
4710000 3.95878
4720000 3.96018
4730000 3.96074
4740000 3.96164
4750000 3.96292
4760000 3.96397
4770000 3.96495
4780000 3.96621
4790000 3.96718
4800000 3.96844
4810000 3.96966
4820000 3.97104
4830000 3.97208
4840000 3.97295
4850000 3.97389
4860000 3.97512
4870000 3.97601
4880000 3.97711
4890000 3.97796
4900000 3.97882
4910000 3.98013
4920000 3.98138
4930000 3.98221
4940000 3.98373
4950000 3.98461
4960000 3.98573
4970000 3.98674
4980000 3.98758
4990000 3.98843
5000000 3.98988
5010000 3.99107
5020000 3.99203
5030000 3.99353
5040000 3.99433
5050000 3.99521
5060000 3.99586
5070000 3.99702
5080000 3.99802
5090000 3.99898
5100000 4.00005
5110000 4.00112
5120000 4.00196
5130000 4.00371
5140000 4.00477
5150000 4.0062
5160000 4.00763
5170000 4.00827
5180000 4.00909
5190000 4.01046
5200000 4.01156
5210000 4.01242
5220000 4.01385
5230000 4.01474
5240000 4.01607
5250000 4.01727
5260000 4.01865
5270000 4.01963
5280000 4.0206
5290000 4.02161
5300000 4.02283
5310000 4.02374
5320000 4.02487
5330000 4.02585
5340000 4.02661
5350000 4.02784
5360000 4.02897
5370000 4.0301
5380000 4.03152
5390000 4.03253
5400000 4.0336
5410000 4.03466
5420000 4.0356
5430000 4.03636
5440000 4.03782
5450000 4.0389
5460000 4.03998
5470000 4.04134
5480000 4.0424
5490000 4.04321
5500000 4.04396
5510000 4.04506
5520000 4.04602
5530000 4.04711
5540000 4.04811
5550000 4.04913
5560000 4.05009
5570000 4.05143
5580000 4.05289
5590000 4.05435
5600000 4.05561
5610000 4.05643
5620000 4.05733
5630000 4.05838
5640000 4.0596
5650000 4.06062
5660000 4.06211
5670000 4.06295
5680000 4.06399
5690000 4.06552
5700000 4.0669
5710000 4.06795
5720000 4.06891
5730000 4.06989
5740000 4.0711
5750000 4.07195
5760000 4.07317
5770000 4.07416
5780000 4.075
5790000 4.07614
5800000 4.07746
5810000 4.07846
5820000 4.07986
5830000 4.08087
5840000 4.08177
5850000 4.08303
5860000 4.08393
5870000 4.08477
5880000 4.08617
5890000 4.08719
5900000 4.08839
5910000 4.08957
5920000 4.09086
5930000 4.09169
5940000 4.09238
5950000 4.0935
5960000 4.09445
5970000 4.09563
5980000 4.09643
5990000 4.09755
6000000 4.09869
6010000 4.09983
6020000 4.10124
6030000 4.10285
6040000 4.10414
6050000 4.10527
6060000 4.10586
6070000 4.10688
6080000 4.10812
6090000 4.10912
6100000 4.11065
6110000 4.1115
6120000 4.11255
6130000 4.11367
6140000 4.11549
6150000 4.11651
6160000 4.11747
6170000 4.11846
6180000 4.11965
6190000 4.12063
6200000 4.12163
6210000 4.12269
6220000 4.1236
6230000 4.12471
6240000 4.12603
6250000 4.12701
6260000 4.12843
6270000 4.12944
6280000 4.13036
6290000 4.13154
6300000 4.13253
6310000 4.13337
6320000 4.13443
6330000 4.13586
6340000 4.137
6350000 4.13812
6360000 4.13945
6370000 4.14027
6380000 4.14097
6390000 4.14197
6400000 4.14308
6410000 4.14426
6420000 4.14503
6430000 4.14617
6440000 4.1474
6450000 4.148
6460000 4.1498
6470000 4.15149
6480000 4.15244
6490000 4.15386
6500000 4.1545
6510000 4.15547
6520000 4.15675
6530000 4.15785
6540000 4.15887
6550000 4.16014
6560000 4.16117
6570000 4.16246
6580000 4.1637
6590000 4.16506
6600000 4.16615
6610000 4.16706
6620000 4.16804
6630000 4.16926
6640000 4.17019
6650000 4.17131
6660000 4.17221
6670000 4.1731
6680000 4.17441
6690000 4.17565
6700000 4.17652
6710000 4.17803
6720000 4.17894
6730000 4.18009
6740000 4.18113
6750000 4.182
6760000 4.1829
6770000 4.18434
6780000 4.18555
6790000 4.18652
6800000 4.18801
6810000 4.18885
6820000 4.18977
6830000 4.19046
6840000 4.19164
6850000 4.19267
6860000 4.19366
6870000 4.19474
6880000 4.19584
6890000 4.19656
6900000 4.19846
6910000 4.19953
6920000 4.20096
6930000 4.20239
6940000 4.20309
6950000 4.20394
6960000 4.20531
6970000 4.20643
6980000 4.20731
6990000 4.20872
7000000 4.20965
7010000 4.21099
7020000 4.21219
7030000 4.21354
7040000 4.21453
7050000 4.21553
7060000 4.21654
7070000 4.21775
7080000 4.21867
7090000 4.21979
7100000 4.2208
7110000 4.22158
7120000 4.2228
7130000 4.22395
7140000 4.22504
7150000 4.22643
7160000 4.22745
7170000 4.22853
7180000 4.2296
7190000 4.23056
7200000 4.23135
7210000 4.23278
7220000 4.23386
7230000 4.23494
7240000 4.23627
7250000 4.23734
7260000 4.23817
7270000 4.23894
7280000 4.24005
7290000 4.24102
7300000 4.24211
7310000 4.24312
7320000 4.24415
7330000 4.24512
7340000 4.24645
7350000 4.24789
7360000 4.24933
7370000 4.25058
7380000 4.25143
7390000 4.25234
7400000 4.2534
7410000 4.25461
7420000 4.25562
7430000 4.25708
7440000 4.25793
7450000 4.25898
7460000 4.26048
7470000 4.26183
7480000 4.26287
7490000 4.26383
7500000 4.26481
7510000 4.26599
7520000 4.26691
7530000 4.26804
7540000 4.26903
7550000 4.26988
7560000 4.271
7570000 4.2723
7580000 4.27327
7590000 4.27463
7600000 4.27564
7610000 4.27654
7620000 4.27779
7630000 4.27869
7640000 4.27953
7650000 4.2809
7660000 4.28193
7670000 4.2831
7680000 4.28425
7690000 4.28552
7700000 4.28635
7710000 4.28705
7720000 4.28816
7730000 4.28911
7740000 4.29027
7750000 4.29108
7760000 4.29219
7770000 4.29332
7780000 4.29445
7790000 4.29584
7800000 4.29741
7810000 4.29867
7820000 4.29978
7830000 4.3004
7840000 4.30142
7850000 4.30263
7860000 4.30362
7870000 4.3051
7880000 4.30595
7890000 4.30698
7900000 4.3081
7910000 4.30984
7920000 4.31085
7930000 4.31181
7940000 4.31278
7950000 4.31393
7960000 4.3149
7970000 4.31588
7980000 4.31692
7990000 4.31782
8000000 4.31891
8010000 4.32019
8020000 4.32114
8030000 4.3225
8040000 4.32351
8050000 4.32442
8060000 4.32559
8070000 4.32655
8080000 4.32739
8090000 4.32843
8100000 4.32982
8110000 4.33093
8120000 4.33201
8130000 4.3333
8140000 4.33412
8150000 4.33482
8160000 4.33581
8170000 4.3369
8180000 4.33805
8190000 4.33883
8200000 4.33994
8210000 4.34114
8220000 4.34175
8230000 4.3435
8240000 4.34514
8250000 4.34606
8260000 4.34745
8270000 4.3481
8280000 4.34906
8290000 4.35025
8300000 4.35138
8310000 4.35237
8320000 4.3536
8330000 4.35462
8340000 4.35588
8350000 4.35708
8360000 4.35839
8370000 4.35945
8380000 4.36034
8390000 4.3613
8400000 4.36248
8410000 4.36339
8420000 4.36447
8430000 4.36535
8440000 4.36623
8450000 4.36749
8460000 4.36868
8470000 4.36953
8480000 4.37098
8490000 4.37188
8500000 4.37299
8510000 4.37399
8520000 4.37487
8530000 4.37575
8540000 4.37714
8550000 4.37831
8560000 4.37926
8570000 4.38069
8580000 4.38152
8590000 4.38242
8600000 4.3831
8610000 4.38425
8620000 4.38525
8630000 4.38622
8640000 4.38728
8650000 4.38835
8660000 4.38906
8670000 4.39089
8680000 4.39193
8690000 4.39332
8700000 4.39471
8710000 4.3954
8720000 4.39623
8730000 4.39756
8740000 4.39865
8750000 4.3995
8760000 4.40085
8770000 4.40177
8780000 4.40307
8790000 4.40423
8800000 4.40552
8810000 4.40649
8820000 4.40746
8830000 4.40844
8840000 4.40959
8850000 4.4105
8860000 4.41157
8870000 4.41255
8880000 4.41332
8890000 4.41448
8900000 4.41561
8910000 4.41663
8920000 4.41797
8930000 4.41895
8940000 4.42
8950000 4.42105
8960000 4.42183
8970000 4.42275
8980000 4.42413
8990000 4.42518
9000000 4.42621
9010000 4.42749
9020000 4.42853
9030000 4.42934
9040000 4.43009
9050000 4.43116
9060000 4.43211
9070000 4.43316
9080000 4.43415
9090000 4.43515
9100000 4.43609
9110000 4.43738
9120000 4.43876
9130000 4.44015
9140000 4.44149
9150000 4.4422
9160000 4.44308
9170000 4.44411
9180000 4.44528
9190000 4.44625
9200000 4.44764
9210000 4.44848
9220000 4.4495
9230000 4.45094
9240000 4.45222
9250000 4.45323
9260000 4.45416
9270000 4.45511
9280000 4.45624
9290000 4.45712
9300000 4.4582
9310000 4.45916
9320000 4.45998
9330000 4.46107
9340000 4.46231
9350000 4.46324
9360000 4.46453
9370000 4.46551
9380000 4.46639
9390000 4.46759
9400000 4.46845
9410000 4.46928
9420000 4.47059
9430000 4.47158
9440000 4.4727
9450000 4.4738
9460000 4.47503
9470000 4.47583
9480000 4.47653
9490000 4.47758
9500000 4.4785
9510000 4.47962
9520000 4.48041
9530000 4.48148
9540000 4.48257
9550000 4.48367
9560000 4.485
9570000 4.48651
9580000 4.48771
9590000 4.48878
9600000 4.4894
9610000 4.49039
9620000 4.49155
9630000 4.4925
9640000 4.49392
9650000 4.49473
9660000 4.49573
9670000 4.49681
9680000 4.49847
9690000 4.49943
9700000 4.50036
9710000 4.5013
9720000 4.50239
9730000 4.50333
9740000 4.50427
9750000 4.50526
9760000 4.50613
9770000 4.50717
9780000 4.5084
9790000 4.5093
9800000 4.5106
9810000 4.51157
9820000 4.51245
9830000 4.51357
9840000 4.51449
9850000 4.51531
9860000 4.51632
9870000 4.51764
9880000 4.5187
9890000 4.51973
9900000 4.52097
9910000 4.52176
9920000 4.52244
9930000 4.52339
9940000 4.52444
9950000 4.52555
9960000 4.5263
9970000 4.52736
9980000 4.52852
9990000 4.52912
10000000 4.53079
10010000 4.53237
10020000 4.53325
10030000 4.53458
10040000 4.53522
10050000 4.53614
10060000 4.53729
10070000 4.53837
10080000 4.53932
10090000 4.5405
10100000 4.54148
10110000 4.54267
10120000 4.54383
10130000 4.54507
10140000 4.54609
10150000 4.54695
10160000 4.54787
10170000 4.54899
10180000 4.54986
10190000 4.55089
10200000 4.55175
10210000 4.55258
10220000 4.55395
10230000 4.55492
10240000 4.55574
10250000 4.55711
10260000 4.55798
10270000 4.55904
10280000 4.56
10290000 4.56085
10300000 4.5617
10310000 4.56302
10320000 4.56414
10330000 4.56504
10340000 4.56641
10350000 4.5672
10360000 4.56808
10370000 4.56872
10380000 4.56983
10390000 4.57079
10400000 4.57172
10410000 4.57274
10420000 4.57376
10430000 4.57445
10440000 4.5762
10450000 4.5772
10460000 4.57853
10470000 4.57987
10480000 4.58036
10490000 4.58133
10500000 4.5826
10510000 4.58365
10520000 4.58446
10530000 4.58575
10540000 4.58663
10550000 4.58788
10560000 4.58899
10570000 4.59021
10580000 4.59114
10590000 4.59207
10600000 4.59301
10610000 4.5941
10620000 4.59497
10630000 4.59599
10640000 4.59693
10650000 4.59766
10660000 4.59876
10670000 4.5996
10680000 4.60082
10690000 4.60209
10700000 4.60303
10710000 4.60403
10720000 4.60504
10730000 4.60579
10740000 4.60667
10750000 4.60798
10760000 4.60899
10770000 4.60997
10780000 4.61119
10790000 4.61218
10800000 4.61296
10810000 4.61367
10820000 4.61471
10830000 4.61561
10840000 4.61662
10850000 4.61757
10860000 4.61852
10870000 4.61942
10880000 4.62066
10890000 4.62198
10900000 4.62331
10910000 4.62459
10920000 4.62528
10930000 4.62612
10940000 4.62711
10950000 4.62823
10960000 4.62915
10970000 4.63045
10980000 4.63124
10990000 4.63226
11000000 4.63364
11010000 4.63485
11020000 4.63581
11030000 4.63671
11040000 4.6376
11050000 4.63867
11060000 4.63952
11070000 4.64055
11080000 4.64147
11090000 4.64225
11100000 4.64328
11110000 4.64447
11120000 4.64535
11130000 4.64657
11140000 4.64751
11150000 4.64835
11160000 4.64949
11170000 4.65032
11180000 4.65111
11190000 4.65236
11200000 4.65331
11210000 4.65438
11220000 4.65542
11230000 4.65659
11240000 4.65736
11250000 4.65803
11260000 4.65903
11270000 4.65991
11280000 4.66098
11290000 4.66174
11300000 4.66276
11310000 4.6638
11320000 4.66486
11330000 4.66613
11340000 4.66753
11350000 4.66872
11360000 4.66974
11370000 4.67034
11380000 4.67128
11390000 4.67239
11400000 4.67329
11410000 4.67464
11420000 4.67543
11430000 4.67638
11440000 4.67741
11450000 4.67899
11460000 4.6799
11470000 4.6808
11480000 4.68168
11490000 4.68271
11500000 4.68362
11510000 4.68451
11520000 4.68545
11530000 4.68627
11540000 4.68727
11550000 4.68844
11560000 4.68929
11570000 4.69052
11580000 4.69145
11590000 4.69229
11600000 4.69336
11610000 4.69424
11620000 4.69502
11630000 4.69599
11640000 4.69724
11650000 4.69825
11660000 4.69923
11670000 4.70041
11680000 4.70116
11690000 4.70181
11700000 4.70272
11710000 4.70372
11720000 4.70478
11730000 4.7055
11740000 4.70651
11750000 4.70761
11760000 4.70819
11770000 4.70979
11780000 4.7113
11790000 4.71213
11800000 4.7134
11810000 4.71402
11820000 4.71491
11830000 4.716
11840000 4.71702
11850000 4.71793
11860000 4.71905
11870000 4.71999
11880000 4.72113
11890000 4.72224
11900000 4.72341
11910000 4.72438
11920000 4.7252
11930000 4.72607
11940000 4.72713
11950000 4.72796
11960000 4.72894
11970000 4.72976
11980000 4.73055
11990000 4.73185
12000000 4.73276
12010000 4.73355
12020000 4.73485
12030000 4.73568
12040000 4.73669
12050000 4.73761
12060000 4.73842
12070000 4.73923
12080000 4.74049
12090000 4.74155
12100000 4.74241
12110000 4.74371
12120000 4.74446
12130000 4.74529
12140000 4.74591
12150000 4.74697
12160000 4.74788
12170000 4.74878
12180000 4.74974
12190000 4.75072
12200000 4.75138
12210000 4.75305
12220000 4.754
12230000 4.75527
12240000 4.75654
12250000 4.75702
12260000 4.75794
12270000 4.75916
12280000 4.76016
12290000 4.76093
12300000 4.76215
12310000 4.763
12320000 4.76419
12330000 4.76524
12340000 4.7664
12350000 4.76728
12360000 4.76817
12370000 4.76906
12380000 4.77009
12390000 4.77092
12400000 4.77188
12410000 4.77278
12420000 4.77348
12430000 4.77453
12440000 4.77532
12450000 4.77648
12460000 4.77767
12470000 4.77857
12480000 4.77953
12490000 4.78049
12500000 4.78121
12510000 4.78205
12520000 4.78329
12530000 4.78425
12540000 4.78518
12550000 4.78634
12560000 4.78729
12570000 4.78803
12580000 4.78865
12590000 4.78969
12600000 4.79055
12610000 4.79152
12620000 4.79242
12630000 4.79333
12640000 4.79418
12650000 4.79537
12660000 4.79663
12670000 4.79789
12680000 4.79911
12690000 4.79978
12700000 4.80058
12710000 4.80152
12720000 4.80259
12730000 4.80346
12740000 4.8047
12750000 4.80545
12760000 4.80642
12770000 4.80774
12780000 4.80889
12790000 4.8098
12800000 4.81065
12810000 4.8115
12820000 4.81252
12830000 4.81332
12840000 4.81429
12850000 4.81517
12860000 4.81591
12870000 4.81689
12880000 4.81803
12890000 4.81886
12900000 4.82001
12910000 4.8209
12920000 4.8217
12930000 4.8228
12940000 4.82358
12950000 4.82434
12960000 4.82552
12970000 4.82643
12980000 4.82744
12990000 4.82843
13000000 4.82955
13010000 4.83028
13020000 4.83091
13030000 4.83187
13040000 4.83271
13050000 4.83372
13060000 4.83445
13070000 4.83542
13080000 4.83641
13090000 4.83742
13100000 4.83863
13110000 4.83997
13120000 4.8411
13130000 4.84207
13140000 4.84265
13150000 4.84355
13160000 4.84461
13170000 4.84546
13180000 4.84675
13190000 4.84749
13200000 4.8484
13210000 4.84938
13220000 4.85088
13230000 4.85175
13240000 4.8526
13250000 4.85344
13260000 4.85441
13270000 4.85527
13280000 4.85612
13290000 4.85701
13300000 4.8578
13310000 4.85874
13320000 4.85986
13330000 4.86066
13340000 4.86182
13350000 4.8627
13360000 4.8635
13370000 4.86452
13380000 4.86536
13390000 4.8661
13400000 4.86701
13410000 4.86822
13420000 4.86918
13430000 4.8701
13440000 4.87123
13450000 4.87195
13460000 4.87256
13470000 4.87343
13480000 4.87437
13490000 4.87538
13500000 4.87607
13510000 4.87704
13520000 4.87809
13530000 4.87863
13540000 4.88016
13550000 4.8816
13560000 4.8824
13570000 4.8836
13580000 4.88419
13590000 4.88504
13600000 4.88608
13610000 4.88706
13620000 4.88791
13630000 4.88898
13640000 4.88988
13650000 4.89096
13660000 4.89201
13670000 4.89312
13680000 4.89405
13690000 4.89483
13700000 4.89566
13710000 4.89666
13720000 4.89744
13730000 4.89837
13740000 4.89915
13750000 4.8999
13760000 4.90114
13770000 4.902
13780000 4.90275
13790000 4.90398
13800000 4.90477
13810000 4.90573
13820000 4.90661
13830000 4.90738
13840000 4.90815
13850000 4.90935
13860000 4.91035
13870000 4.91117
13880000 4.9124
13890000 4.91312
13900000 4.91392
13910000 4.9145
13920000 4.9155
13930000 4.91637
13940000 4.91723
13950000 4.91814
13960000 4.91907
13970000 4.9197
13980000 4.9213
13990000 4.9222
14000000 4.92342
14010000 4.92463
14020000 4.92509
14030000 4.92596
14040000 4.92712
14050000 4.92807
14060000 4.92881
14070000 4.92997
14080000 4.93089
14090000 4.93191
14100000 4.93291
14110000 4.93401
14120000 4.93493
14130000 4.93569
14140000 4.93653
14150000 4.93751
14160000 4.9383
14170000 4.93921
14180000 4.94007
14190000 4.94073
14200000 4.94172
14210000 4.94248
14220000 4.94357
14230000 4.94471
14240000 4.94556
14250000 4.94647
14260000 4.94739
14270000 4.94807
14280000 4.94887
14290000 4.95005
14300000 4.95096
14310000 4.95184
14320000 4.953
14330000 4.95385
14340000 4.95456
14350000 4.95514
14360000 4.95613
14370000 4.95695
14380000 4.95787
14390000 4.95872
14400000 4.9596
14410000 4.96041
14420000 4.96154
14430000 4.96274
14440000 4.96395
14450000 4.96511
14460000 4.96574
14470000 4.96651
14480000 4.96741
14490000 4.96842
14500000 4.96925
14510000 4.97043
14520000 4.97114
14530000 4.97207
14540000 4.97332
14550000 4.97441
14560000 4.97528
14570000 4.97609
14580000 4.97689
14590000 4.97785
14600000 4.97862
14610000 4.97954
14620000 4.98038
14630000 4.98107
14640000 4.98201
14650000 4.98309
14660000 4.98387
14670000 4.98496
14680000 4.98581
14690000 4.98657
14700000 4.98762
14710000 4.98836
14720000 4.98908
14730000 4.99021
14740000 4.99108
14750000 4.99203
14760000 4.99297
14770000 4.99403
14780000 4.99473
14790000 4.99533
14800000 4.99624
14810000 4.99704
14820000 4.998
14830000 4.99869
14840000 4.99962
14850000 5.00056
14860000 5.00153
14870000 5.00269
14880000 5.00396
14890000 5.00504
14900000 5.00596
14910000 5.00651
14920000 5.00737
14930000 5.00838
14940000 5.00919
14950000 5.01041
14960000 5.01111
14970000 5.01199
14980000 5.01291
14990000 5.01434
15000000 5.01517
15010000 5.01598
15020000 5.01678
15030000 5.0177
15040000 5.01852
15050000 5.01931
15060000 5.02016
15070000 5.02091
15080000 5.02181
15090000 5.02287
15100000 5.02361
15110000 5.02472
15120000 5.02556
15130000 5.02633
15140000 5.0273
15150000 5.02809
15160000 5.0288
15170000 5.02967
15180000 5.0308
15190000 5.03172
15200000 5.0326
15210000 5.03368
15220000 5.03435
15230000 5.03494
15240000 5.03576
15250000 5.03666
15260000 5.03762
15270000 5.03828
15280000 5.0392
15290000 5.0402
15300000 5.04108
15310000 5.04217
15320000 5.04355
15330000 5.04431
15340000 5.04546
15350000 5.04602
15360000 5.04683
15370000 5.04782
15380000 5.04875
15390000 5.04956
15400000 5.05058
15410000 5.05144
15420000 5.05236
15430000 5.05347
15440000 5.05451
15450000 5.05541
15460000 5.05614
15470000 5.05693
15480000 5.05788
15490000 5.05862
15500000 5.0595
15510000 5.06029
15520000 5.06095
15530000 5.06213
15540000 5.06295
15550000 5.06365
15560000 5.06482
15570000 5.06558
15580000 5.06644
15590000 5.06732
15600000 5.06806
15610000 5.06869
15620000 5.06993
15630000 5.07089
15640000 5.07166
15650000 5.07284
15660000 5.07352
15670000 5.07427
15680000 5.07483
15690000 5.07578
15700000 5.07661
15710000 5.07742
15720000 5.07829
15730000 5.07918
15740000 5.07978
15750000 5.0813
15760000 5.08216
15770000 5.08332
15780000 5.08448
15790000 5.08492
15800000 5.08575
15810000 5.08686
15820000 5.08776
15830000 5.08846
15840000 5.08956
15850000 5.09044
15860000 5.09141
15870000 5.09237
15880000 5.09341
15890000 5.09429
15900000 5.09501
15910000 5.09581
15920000 5.09674
15930000 5.09748
15940000 5.09835
15950000 5.09916
15960000 5.09979
15970000 5.10073
15980000 5.10146
15990000 5.10249
16000000 5.10356
16010000 5.10438
16020000 5.10524
16030000 5.10612
16040000 5.10676
16050000 5.10752
16060000 5.10865
16070000 5.10958
16080000 5.11035
16090000 5.11146
16100000 5.11226
16110000 5.11294
16120000 5.11349
16130000 5.11443
16140000 5.11522
16150000 5.11609
16160000 5.1169
16170000 5.11773
16180000 5.1185
16190000 5.11958
16200000 5.12073
16210000 5.12188
16220000 5.123
16230000 5.1236
16240000 5.12433
16250000 5.12518
16260000 5.12615
16270000 5.12693
16280000 5.12805
16290000 5.12874
16300000 5.12962
16310000 5.13081
16320000 5.13185
16330000 5.13267
16340000 5.13345
16350000 5.13421
16360000 5.13512
16370000 5.13585
16380000 5.13672
16390000 5.13752
16400000 5.13818
16410000 5.13906
16420000 5.1401
16430000 5.14084
16440000 5.14187
16450000 5.14268
16460000 5.14342
16470000 5.1444
16480000 5.14511
16490000 5.14579
16500000 5.14686
16510000 5.14769
16520000 5.1486
16530000 5.14949
16540000 5.15051
16550000 5.15116
16560000 5.15173
16570000 5.1526
16580000 5.15336
16590000 5.15428
16600000 5.15493
16610000 5.15582
16620000 5.15672
16630000 5.15764
16640000 5.15875
16650000 5.15997
16660000 5.16099
16670000 5.16187
16680000 5.16239
16690000 5.16321
16700000 5.16417
16710000 5.16494
16720000 5.16611
16730000 5.16677
16740000 5.16761
16750000 5.16849
16760000 5.16985
16770000 5.17064
16780000 5.17141
16790000 5.17217
16800000 5.17304
16810000 5.17382
16820000 5.17458
16830000 5.17538
16840000 5.17609
16850000 5.17694
16860000 5.17796
16870000 5.17866
16880000 5.17972
16890000 5.18052
16900000 5.18124
16910000 5.18217
16920000 5.18293
16930000 5.18359
16940000 5.18442
16950000 5.18551
16960000 5.18638
16970000 5.18721
16980000 5.18824
16990000 5.1889
17000000 5.18943
17010000 5.19022
17020000 5.19108
17030000 5.19199
17040000 5.19261
17050000 5.19349
17060000 5.19444
17070000 5.19529
17080000 5.19633
17090000 5.19766
17100000 5.19837
17110000 5.19947
17120000 5.20001
17130000 5.20078
17140000 5.20172
17150000 5.2026
17160000 5.20338
17170000 5.20435
17180000 5.20517
17190000 5.20603
17200000 5.2071
17210000 5.2081
17220000 5.20896
17230000 5.20964
17240000 5.21039
17250000 5.2113
17260000 5.21199
17270000 5.21284
17280000 5.21359
17290000 5.21422
17300000 5.21534
17310000 5.21611
17320000 5.21678
17330000 5.21789
17340000 5.21861
17350000 5.21944
17360000 5.22027
17370000 5.22097
17380000 5.22157
17390000 5.22276
17400000 5.22368
17410000 5.2244
17420000 5.22553
17430000 5.22617
17440000 5.2269
17450000 5.22742
17460000 5.22833
17470000 5.22912
17480000 5.22989
17490000 5.23072
17500000 5.23157
17510000 5.23213
17520000 5.2336
17530000 5.23442
17540000 5.23552
17550000 5.23663
17560000 5.23704
17570000 5.23784
17580000 5.2389
17590000 5.23976
17600000 5.24042
17610000 5.24147
17620000 5.2423
17630000 5.24324
17640000 5.24415
17650000 5.24514
17660000 5.24598
17670000 5.24666
17680000 5.24742
17690000 5.24831
17700000 5.24901
17710000 5.24984
17720000 5.25061
17730000 5.2512
17740000 5.2521
17750000 5.2528
17760000 5.25377
17770000 5.2548
17780000 5.25557
17790000 5.25639
17800000 5.25723
17810000 5.25784
17820000 5.25856
17830000 5.25964
17840000 5.26053
17850000 5.26126
17860000 5.26232
17870000 5.26308
17880000 5.26372
17890000 5.26425
17900000 5.26514
17910000 5.26589
17920000 5.26672
17930000 5.2675
17940000 5.26829
17950000 5.26902
17960000 5.27016
17970000 5.27115
17980000 5.27226
17990000 5.27332
18000000 5.2739
18010000 5.27459
18020000 5.2754
18030000 5.27633
18040000 5.27707
18050000 5.27814
18060000 5.2788
18070000 5.27963
18080000 5.28078
18090000 5.28176
18100000 5.28255
18110000 5.28328
18120000 5.28401
18130000 5.28487
18140000 5.28557
18150000 5.2864
18160000 5.28715
18170000 5.28778
18180000 5.28862
18190000 5.28961
18200000 5.29031
18210000 5.29129
18220000 5.29207
18230000 5.29277
18240000 5.2937
18250000 5.29438
18260000 5.29503
18270000 5.29605
18280000 5.29684
18290000 5.29771
18300000 5.29856
18310000 5.29953
18320000 5.30015
18330000 5.30068
18340000 5.30151
18350000 5.30226
18360000 5.30312
18370000 5.30375
18380000 5.30458
18390000 5.30544
18400000 5.30633
18410000 5.30739
18420000 5.30855
18430000 5.30953
18440000 5.31037
18450000 5.31086
18460000 5.31165
18470000 5.31257
18480000 5.3133
18490000 5.31442
18500000 5.31505
18510000 5.31584
18520000 5.31668
18530000 5.31798
18540000 5.31873
18550000 5.31947
18560000 5.32019
18570000 5.32101
18580000 5.32176
18590000 5.32248
18600000 5.32325
18610000 5.32391
18620000 5.32473
18630000 5.3257
18640000 5.32637
18650000 5.32737
18660000 5.32813
18670000 5.32882
18680000 5.32971
18690000 5.33043
18700000 5.33106
18710000 5.33186
18720000 5.33289
18730000 5.33372
18740000 5.33451
18750000 5.3355
18760000 5.33612
18770000 5.33663
18780000 5.33738
18790000 5.3382
18800000 5.33907
18810000 5.33966
18820000 5.3405
18830000 5.34141
18840000 5.34222
18850000 5.34322
18860000 5.34449
18870000 5.34516
18880000 5.34622
18890000 5.34673
18900000 5.34748
18910000 5.34837
18920000 5.34921
18930000 5.34995
18940000 5.35087
18950000 5.35165
18960000 5.35248
18970000 5.3535
18980000 5.35445
18990000 5.35527
19000000 5.35593
19010000 5.35663
19020000 5.35749
19030000 5.35816
19040000 5.35896
19050000 5.35968
19060000 5.36027
19070000 5.36135
19080000 5.36208
19090000 5.36271
19100000 5.36378
19110000 5.36446
19120000 5.36525
19130000 5.36605
19140000 5.36671
19150000 5.36728
19160000 5.36842
19170000 5.3693
19180000 5.36998
19190000 5.37106
19200000 5.37167
19210000 5.37236
19220000 5.37285
19230000 5.37373
19240000 5.37448
19250000 5.37522
19260000 5.37601
19270000 5.37681
19280000 5.37735
19290000 5.37876
19300000 5.37954
19310000 5.3806
19320000 5.38167
19330000 5.38205
19340000 5.38283
19350000 5.38383
19360000 5.38465
19370000 5.38528
19380000 5.38628
19390000 5.38708
19400000 5.38797
19410000 5.38884
19420000 5.38978
19430000 5.39058
19440000 5.39123
19450000 5.39195
19460000 5.3928
19470000 5.39347
19480000 5.39426
19490000 5.39499
19500000 5.39555
19510000 5.39641
19520000 5.39707
19530000 5.39801
19540000 5.39898
19550000 5.39972
19560000 5.4005
19570000 5.40131
19580000 5.40189
19590000 5.40258
19600000 5.40361
19610000 5.40445
19620000 5.40515
19630000 5.40616
19640000 5.40689
19650000 5.4075
19660000 5.40799
19670000 5.40885
19680000 5.40957
19690000 5.41036
19700000 5.4111
19710000 5.41186
19720000 5.41255
19730000 5.41365
19740000 5.4146
19750000 5.41566
19760000 5.41667
19770000 5.41722
19780000 5.41789
19790000 5.41866
19800000 5.41954
19810000 5.42026
19820000 5.42128
19830000 5.4219
19840000 5.4227
19850000 5.42379
19860000 5.42473
19870000 5.42548
19880000 5.42616
19890000 5.42687
19900000 5.4277
19910000 5.42836
19920000 5.42915
19930000 5.42987
19940000 5.43046
19950000 5.43126
19960000 5.43222
19970000 5.43288
19980000 5.43382
19990000 5.43456
20000000 5.43523
20010000 5.43612
20020000 5.43676
20030000 5.43738
20040000 5.43836
20050000 5.43912
20060000 5.43994
20070000 5.44075
20080000 5.44168
20090000 5.44227
20100000 5.44278
20110000 5.44357
20120000 5.44428
20130000 5.4451
20140000 5.44571
20150000 5.4465
20160000 5.44732
20170000 5.44817
20180000 5.44926
20190000 5.4503
20200000 5.45124
20210000 5.45204
20220000 5.45251
20230000 5.45326
20240000 5.45414
20250000 5.45484
20260000 5.45591
20270000 5.45651
20280000 5.45727
20290000 5.45807
20300000 5.45931
20310000 5.46003
20320000 5.46073
20330000 5.46142
20340000 5.4622
20350000 5.46292
20360000 5.4636
20370000 5.46433
20380000 5.46497
20390000 5.46575
20400000 5.46667
20410000 5.46731
20420000 5.46827
20430000 5.46899
20440000 5.46965
20450000 5.4705
20460000 5.47119
20470000 5.47179
20480000 5.47255
20490000 5.47354
20500000 5.47433
20510000 5.47509
20520000 5.47603
20530000 5.47662
20540000 5.4771
20550000 5.47782
20560000 5.4786
20570000 5.47944
20580000 5.48
20590000 5.4808
20600000 5.48167
20610000 5.48245
20620000 5.4834
20630000 5.48463
20640000 5.48527
20650000 5.48628
20660000 5.48677
20670000 5.48749
20680000 5.48833
20690000 5.48914
20700000 5.48984
20710000 5.49072
20720000 5.49147
20730000 5.49226
20740000 5.49324
20750000 5.49414
20760000 5.49493
20770000 5.49556
20780000 5.49623
20790000 5.49705
20800000 5.49768
20810000 5.49845
20820000 5.49913
20830000 5.4997
20840000 5.50073
20850000 5.50143
20860000 5.50203
20870000 5.50305
20880000 5.5037
20890000 5.50445
20900000 5.50521
20910000 5.50585
20920000 5.50639
20930000 5.50748
20940000 5.50832
20950000 5.50897
20960000 5.51001
20970000 5.51059
20980000 5.51125
20990000 5.51171
21000000 5.51255
21010000 5.51326
21020000 5.51397
21030000 5.51473
21040000 5.5155
21050000 5.51601
21060000 5.51737
21070000 5.51811
21080000 5.51913
21090000 5.52015
21100000 5.52052
21110000 5.52126
21120000 5.52222
21130000 5.52301
21140000 5.52361
21150000 5.52457
21160000 5.52533
21170000 5.52618
21180000 5.52701
21190000 5.52791
21200000 5.52868
21210000 5.5293
21220000 5.52999
21230000 5.53079
21240000 5.53143
21250000 5.53218
21260000 5.53288
21270000 5.53342
21280000 5.53424
21290000 5.53487
21300000 5.53576
21310000 5.53669
21320000 5.5374
21330000 5.53815
21340000 5.53892
21350000 5.53947
21360000 5.54013
21370000 5.54112
21380000 5.54192
21390000 5.54258
21400000 5.54355
21410000 5.54425
21420000 5.54484
21430000 5.5453
21440000 5.54613
21450000 5.54681
21460000 5.54757
21470000 5.54827
21480000 5.549
21490000 5.54966
21500000 5.55072
21510000 5.55162
21520000 5.55264
21530000 5.55362
21540000 5.55414
21550000 5.55478
21560000 5.55552
21570000 5.55637
21580000 5.55704
21590000 5.55802
21600000 5.55862
21610000 5.55938
21620000 5.56043
21630000 5.56133
21640000 5.56204
21650000 5.56269
21660000 5.56337
21670000 5.56416
21680000 5.56479
21690000 5.56554
21700000 5.56623
21710000 5.5668
21720000 5.56756
21730000 5.56848
21740000 5.56911
21750000 5.57
21760000 5.57071
21770000 5.57135
21780000 5.57221
21790000 5.57282
21800000 5.5734
21810000 5.57435
21820000 5.57507
21830000 5.57586
21840000 5.57663
21850000 5.57752
21860000 5.57809
21870000 5.57857
21880000 5.57932
21890000 5.58001
21900000 5.58079
21910000 5.58137
21920000 5.58213
21930000 5.58291
21940000 5.58373
21950000 5.58478
21960000 5.58578
21970000 5.58668
21980000 5.58744
21990000 5.58789
22000000 5.58862
22010000 5.58946
22020000 5.59012
22030000 5.59115
22040000 5.59172
22050000 5.59245
22060000 5.59348
22070000 5.5944
22080000 5.59509
22090000 5.59576
22100000 5.59642
22110000 5.59717
22120000 5.59785
22130000 5.5985
22140000 5.5992
22150000 5.59981
22160000 5.60055
22170000 5.60144
22180000 5.60204
22190000 5.60296
22200000 5.60365
22210000 5.60428
22220000 5.60509
22230000 5.60575
22240000 5.60632
22250000 5.60706
22260000 5.60801
22270000 5.60876
22280000 5.60948
22290000 5.61039
22300000 5.61096
22310000 5.61141
22320000 5.61209
22330000 5.61284
22340000 5.61365
22350000 5.6142
22360000 5.61495
22370000 5.61578
22380000 5.61653
22390000 5.6175
22400000 5.61863
22410000 5.61924
22420000 5.62021
22430000 5.62067
22440000 5.62136
22450000 5.62217
22460000 5.62294
22470000 5.62362
22480000 5.62446
22490000 5.62518
22500000 5.62593
22510000 5.62687
22520000 5.62774
22530000 5.62849
22540000 5.62909
22550000 5.62973
22560000 5.63051
22570000 5.63112
22580000 5.63185
22590000 5.63251
22600000 5.63304
22610000 5.63403
22620000 5.6347
22630000 5.63538
22640000 5.63625
22650000 5.63687
22660000 5.63759
22670000 5.63832
22680000 5.63893
22690000 5.63944
22700000 5.64049
22710000 5.6413
22720000 5.64192
22730000 5.64291
22740000 5.64347
22750000 5.6441
22760000 5.64454
22770000 5.64534
22780000 5.64602
22790000 5.6467
22800000 5.64743
22810000 5.64817
22820000 5.64865
22830000 5.64998
22840000 5.65067
22850000 5.65166
22860000 5.65264
22870000 5.65298
22880000 5.65369
22890000 5.65462
22900000 5.65537
22910000 5.65594
22920000 5.65686
22930000 5.65759
22940000 5.65841
22950000 5.65921
22960000 5.66007
22970000 5.6608
22980000 5.66139
22990000 5.66205
23000000 5.66282
23010000 5.66343
23020000 5.66415
23030000 5.66482
23040000 5.66533
23050000 5.66612
23060000 5.66672
23070000 5.66758
23080000 5.66846
23090000 5.66914
23100000 5.66985
23110000 5.67059
23120000 5.67112
23130000 5.67175
23140000 5.6727
23150000 5.67348
23160000 5.6741
23170000 5.67504
23180000 5.6757
23190000 5.67626
23200000 5.6767
23210000 5.6775
23220000 5.67815
23230000 5.67887
23240000 5.67955
23250000 5.68025
23260000 5.68088
23270000 5.6819
23280000 5.68277
23290000 5.68375
23300000 5.68469
23310000 5.68519
23320000 5.6858
23330000 5.68651
23340000 5.68732
23350000 5.68797
23360000 5.68891
23370000 5.68948
23380000 5.69021
23390000 5.69122
23400000 5.69208
23410000 5.69276
23420000 5.69338
23430000 5.69403
23440000 5.69479
23450000 5.69539
23460000 5.69611
23470000 5.69677
23480000 5.6973
23490000 5.69804
23500000 5.69892
23510000 5.69952
23520000 5.70037
23530000 5.70105
23540000 5.70167
23550000 5.70249
23560000 5.70307
23570000 5.70363
23580000 5.70454
23590000 5.70523
23600000 5.70599
23610000 5.70673
23620000 5.70758
23630000 5.70812
23640000 5.70857
23650000 5.7093
23660000 5.70996
23670000 5.71071
23680000 5.71126
23690000 5.71199
23700000 5.71274
23710000 5.71353
23720000 5.71454
23730000 5.7155
23740000 5.71637
23750000 5.7171
23760000 5.71753
23770000 5.71822
23780000 5.71903
23790000 5.71966
23800000 5.72065
23810000 5.7212
23820000 5.7219
23830000 5.72289
23840000 5.72377
23850000 5.72443
23860000 5.72508
23870000 5.7257
23880000 5.72642
23890000 5.72707
23900000 5.72769
23910000 5.72837
23920000 5.72894
23930000 5.72966
23940000 5.73051
23950000 5.73108
23960000 5.73196
23970000 5.73263
23980000 5.73323
23990000 5.73401
24000000 5.73464
24010000 5.73518
24020000 5.73589
24030000 5.7368
24040000 5.73753
24050000 5.73821
24060000 5.73909
24070000 5.73963
24080000 5.74006
24090000 5.74071
24100000 5.74143
24110000 5.74221
24120000 5.74273
24130000 5.74345
24140000 5.74425
24150000 5.74497
24160000 5.7459
24170000 5.74699
24180000 5.74757
24190000 5.74851
24200000 5.74895
24210000 5.74961
24220000 5.75039
24230000 5.75113
24240000 5.75178
24250000 5.75259
24260000 5.75328
24270000 5.75399
24280000 5.7549
24290000 5.75573
24300000 5.75646
24310000 5.75703
24320000 5.75764
24330000 5.75839
24340000 5.75897
24350000 5.75967
24360000 5.7603
24370000 5.7608
24380000 5.76176
24390000 5.7624
24400000 5.76305
24410000 5.76388
24420000 5.76448
24430000 5.76516
24440000 5.76587
24450000 5.76645
24460000 5.76694
24470000 5.76794
24480000 5.76872
24490000 5.76931
24500000 5.77027
24510000 5.7708
24520000 5.77141
24530000 5.77182
24540000 5.77259
24550000 5.77325
24560000 5.7739
24570000 5.7746
24580000 5.77531
24590000 5.77577
24600000 5.77705
24610000 5.77772
24620000 5.77867
24630000 5.77961
24640000 5.77994
24650000 5.78062
24660000 5.78151
24670000 5.78224
24680000 5.78278
24690000 5.78366
24700000 5.78436
24710000 5.78515
24720000 5.78592
24730000 5.78674
24740000 5.78745
24750000 5.78801
24760000 5.78864
24770000 5.78938
24780000 5.78997
24790000 5.79065
24800000 5.7913
24810000 5.79178
24820000 5.79254
24830000 5.79311
24840000 5.79393
24850000 5.79478
24860000 5.79544
24870000 5.79612
24880000 5.79683
24890000 5.79734
24900000 5.79793
24910000 5.79885
24920000 5.79959
24930000 5.80019
24940000 5.80109
24950000 5.80173
24960000 5.80227
24970000 5.80269
24980000 5.80345
24990000 5.80407
25000000 5.80477
25010000 5.80541
25020000 5.80609
25030000 5.8067
25040000 5.80768
25050000 5.80851
25060000 5.80946
25070000 5.81037
25080000 5.81084
25090000 5.81143
25100000 5.81211
25110000 5.81289
25120000 5.81351
25130000 5.81441
25140000 5.81496
25150000 5.81566
25160000 5.81664
25170000 5.81746
25180000 5.81811
25190000 5.81871
25200000 5.81933
25210000 5.82006
25220000 5.82063
25230000 5.82132
25240000 5.82195
25250000 5.82247
25260000 5.82317
25270000 5.82402
25280000 5.82459
25290000 5.82541
25300000 5.82606
25310000 5.82665
25320000 5.82744
25330000 5.828
25340000 5.82853
25350000 5.82941
25360000 5.83007
25370000 5.8308
25380000 5.83151
25390000 5.83233
25400000 5.83285
25410000 5.83328
25420000 5.83398
25430000 5.8346
25440000 5.83533
25450000 5.83586
25460000 5.83656
25470000 5.83728
25480000 5.83804
25490000 5.83901
25500000 5.83994
25510000 5.84077
25520000 5.84148
25530000 5.84189
25540000 5.84255
25550000 5.84333
25560000 5.84394
25570000 5.84489
25580000 5.84541
25590000 5.84608
25600000 5.84704
25610000 5.84789
25620000 5.84852
25630000 5.84914
25640000 5.84974
25650000 5.85042
25660000 5.85105
25670000 5.85165
25680000 5.85229
25690000 5.85284
25700000 5.85353
25710000 5.85435
25720000 5.8549
25730000 5.85574
25740000 5.85638
25750000 5.85696
25760000 5.8577
25770000 5.85831
25780000 5.85883
25790000 5.85951
25800000 5.86039
25810000 5.86108
25820000 5.86174
25830000 5.86258
25840000 5.8631
25850000 5.86351
25860000 5.86414
25870000 5.86483
25880000 5.86557
25890000 5.86608
25900000 5.86677
25910000 5.86754
25920000 5.86823
25930000 5.86913
25940000 5.87018
25950000 5.87074
25960000 5.87164
25970000 5.87207
25980000 5.8727
25990000 5.87345
26000000 5.87416
26010000 5.87478
26020000 5.87556
26030000 5.87622
26040000 5.87691
26050000 5.87779
26060000 5.87858
26070000 5.87928
26080000 5.87983
26090000 5.88041
26100000 5.88113
26110000 5.88169
26120000 5.88236
26130000 5.88296
26140000 5.88344
26150000 5.88436
26160000 5.88497
26170000 5.88561
26180000 5.8864
26190000 5.88697
26200000 5.88763
26210000 5.88831
26220000 5.88887
26230000 5.88934
26240000 5.8903
26250000 5.89105
26260000 5.89162
26270000 5.89254
26280000 5.89304
26290000 5.89363
26300000 5.89403
26310000 5.89477
26320000 5.8954
26330000 5.89602
26340000 5.89669
26350000 5.89737
26360000 5.89782
26370000 5.89906
26380000 5.89967
26390000 5.90061
26400000 5.90152
26410000 5.90184
26420000 5.90249
26430000 5.90335
26440000 5.90405
26450000 5.90457
26460000 5.90542
26470000 5.90609
26480000 5.90685
26490000 5.90759
26500000 5.90838
26510000 5.90906
26520000 5.9096
26530000 5.9102
26540000 5.91091
26550000 5.91147
26560000 5.91213
26570000 5.91275
26580000 5.91321
26590000 5.91394
26600000 5.91449
26610000 5.91528
26620000 5.9161
26630000 5.91672
26640000 5.91738
26650000 5.91807
26660000 5.91855
26670000 5.91912
26680000 5.92001
26690000 5.92072
26700000 5.9213
26710000 5.92216
26720000 5.92278
26730000 5.92329
26740000 5.92369
26750000 5.92442
26760000 5.92502
26770000 5.92569
26780000 5.92631
26790000 5.92696
26800000 5.92754
26810000 5.92849
26820000 5.9293
26830000 5.93022
26840000 5.93109
26850000 5.93154
26860000 5.9321
26870000 5.93276
26880000 5.93351
26890000 5.93411
26900000 5.93497
26910000 5.9355
26920000 5.93618
26930000 5.93712
26940000 5.93791
26950000 5.93854
26960000 5.93911
26970000 5.93971
26980000 5.9404
26990000 5.94095
27000000 5.94162
27010000 5.94222
27020000 5.94271
27030000 5.94339
27040000 5.94421
27050000 5.94476
27060000 5.94554
27070000 5.94617
27080000 5.94673
27090000 5.94749
27100000 5.94801
27110000 5.94854
27120000 5.94939
27130000 5.95003
27140000 5.95073
27150000 5.9514
27160000 5.9522
27170000 5.95269
27180000 5.9531
27190000 5.95378
27200000 5.95438
27210000 5.95508
27220000 5.95558
27230000 5.95626
27240000 5.95695
27250000 5.95768
27260000 5.95863
27270000 5.95952
27280000 5.96033
27290000 5.961
27300000 5.96139
27310000 5.96204
27320000 5.96279
27330000 5.96337
27340000 5.96428
27350000 5.96478
27360000 5.96543
27370000 5.96636
27380000 5.96717
27390000 5.96778
27400000 5.96838
27410000 5.96895
27420000 5.96961
27430000 5.97021
27440000 5.97078
27450000 5.9714
27460000 5.97193
27470000 5.97259
27480000 5.97338
27490000 5.97391
27500000 5.97471
27510000 5.97533
27520000 5.97589
27530000 5.9766
27540000 5.97719
27550000 5.97768
27560000 5.97834
27570000 5.97919
27580000 5.97986
27590000 5.98048
27600000 5.9813
27610000 5.98179
27620000 5.98219
27630000 5.98279
27640000 5.98346
27650000 5.98417
27660000 5.98465
27670000 5.98532
27680000 5.98606
27690000 5.98673
27700000 5.9876
27710000 5.9886
27720000 5.98915
27730000 5.99002
27740000 5.99043
27750000 5.99104
27760000 5.99176
27770000 5.99245
27780000 5.99304
27790000 5.99379
27800000 5.99443
27810000 5.99509
27820000 5.99594
27830000 5.9967
27840000 5.99737
27850000 5.9979
27860000 5.99846
27870000 5.99915
27880000 5.99969
27890000 6.00033
27900000 6.00091
27910000 6.00137
27920000 6.00226
27930000 6.00285
27940000 6.00345
27950000 6.00422
27960000 6.00477
27970000 6.0054
27980000 6.00605
27990000 6.00659
28000000 6.00704
28010000 6.00797
28020000 6.0087
28030000 6.00924
28040000 6.01013
28050000 6.0106
28060000 6.01117
28070000 6.01155
28080000 6.01227
28090000 6.01287
28100000 6.01347
28110000 6.01412
28120000 6.01477
28130000 6.01519
28140000 6.0164
28150000 6.01699
28160000 6.0179
28170000 6.01878
28180000 6.01908
28190000 6.01971
28200000 6.02054
28210000 6.02121
28220000 6.02171
28230000 6.02253
28240000 6.02318
28250000 6.02391
28260000 6.02462
28270000 6.02539
28280000 6.02604
28290000 6.02656
28300000 6.02714
28310000 6.02782
28320000 6.02836
28330000 6.02899
28340000 6.02959
28350000 6.03003
28360000 6.03073
28370000 6.03126
28380000 6.03202
28390000 6.03284
28400000 6.03341
28410000 6.03404
28420000 6.0347
28430000 6.03517
28440000 6.03571
28450000 6.03657
28460000 6.03726
28470000 6.03781
28480000 6.03864
28490000 6.03924
28500000 6.03973
28510000 6.04011
28520000 6.04081
28530000 6.04139
28540000 6.04204
28550000 6.04264
28560000 6.04326
28570000 6.04382
28580000 6.04474
28590000 6.04552
28600000 6.0464
28610000 6.04725
28620000 6.04768
28630000 6.04822
28640000 6.04886
28650000 6.04958
28660000 6.05017
28670000 6.05099
28680000 6.0515
28690000 6.05215
28700000 6.05306
28710000 6.05382
28720000 6.05442
28730000 6.05497
28740000 6.05555
28750000 6.05622
28760000 6.05674
28770000 6.05738
28780000 6.05797
28790000 6.05844
28800000 6.05909
28810000 6.05988
28820000 6.0604
28830000 6.06116
28840000 6.06176
28850000 6.06231
28860000 6.06304
28870000 6.06353
28880000 6.06404
28890000 6.06486
28900000 6.06548
28910000 6.06615
28920000 6.06684
28930000 6.06757
28940000 6.06805
28950000 6.06844
28960000 6.06909
28970000 6.06967
28980000 6.07034
28990000 6.07083
29000000 6.07147
29010000 6.07215
29020000 6.07285
29030000 6.07376
29040000 6.07463
29050000 6.07541
29060000 6.07604
29070000 6.07644
29080000 6.07705
29090000 6.07778
29100000 6.07834
29110000 6.07922
29120000 6.0797
29130000 6.08033
29140000 6.08122
29150000 6.08201
29160000 6.08259
29170000 6.08317
29180000 6.08372
29190000 6.08435
29200000 6.08493
29210000 6.08548
29220000 6.08608
29230000 6.08658
29240000 6.08722
29250000 6.08798
29260000 6.08849
29270000 6.08926
29280000 6.08986
29290000 6.09039
29300000 6.09109
29310000 6.09164
29320000 6.09212
29330000 6.09276
29340000 6.09358
29350000 6.09422
29360000 6.09482
29370000 6.0956
29380000 6.09609
29390000 6.09646
29400000 6.09704
29410000 6.09768
29420000 6.09838
29430000 6.09884
29440000 6.09948
29450000 6.1002
29460000 6.10084
29470000 6.10168
29480000 6.10265
29490000 6.10318
29500000 6.10402
29510000 6.10442
29520000 6.10501
29530000 6.1057
29540000 6.10636
29550000 6.10693
29560000 6.10766
29570000 6.10827
29580000 6.10891
29590000 6.10973
29600000 6.11046
29610000 6.11111
29620000 6.11162
29630000 6.11216
29640000 6.11283
29650000 6.11333
29660000 6.11396
29670000 6.11451
29680000 6.11496
29690000 6.11582
29700000 6.11638
29710000 6.11703
29720000 6.1177
29730000 6.11823
29740000 6.11884
29750000 6.11947
29760000 6.11998
29770000 6.12041
29780000 6.12132
29790000 6.12202
29800000 6.12253
29810000 6.1234
29820000 6.12386
29830000 6.12424
29840000 6.12476
29850000 6.12545
29860000 6.12604
29870000 6.12662
29880000 6.12724
29890000 6.12787
29900000 6.12827
29910000 6.12945
29920000 6.13002
29930000 6.1309
29940000 6.13175
29950000 6.13203
29960000 6.13264
29970000 6.13344
29980000 6.13409
29990000 6.13457
30000000 6.13536
