10000 9.77412
20000 7.34014
30000 6.37132
40000 5.87266
50000 5.5774
60000 5.3818
70000 5.24111
80000 5.13399
90000 5.04841
100000 4.97731
110000 4.91667
120000 4.86332
130000 4.81605
140000 4.77337
150000 4.73449
160000 4.69848
170000 4.665
180000 4.63379
190000 4.60454
200000 4.57701
210000 4.55063
220000 4.52571
230000 4.50193
240000 4.47909
250000 4.45782
260000 4.43697
270000 4.4169
280000 4.39737
290000 4.3789
300000 4.3613
310000 4.34418
320000 4.32738
330000 4.31124
340000 4.29552
350000 4.28047
360000 4.26617
370000 4.25234
380000 4.23839
390000 4.22527
400000 4.21261
410000 4.20013
420000 4.18851
430000 4.17676
440000 4.16549
450000 4.15461
460000 4.1438
470000 4.13382
480000 4.12378
490000 4.11385
500000 4.10409
510000 4.0949
520000 4.08598
530000 4.07725
540000 4.06837
550000 4.05997
560000 4.05161
570000 4.04341
580000 4.03609
590000 4.02865
600000 4.02091
610000 4.0138
620000 4.00691
630000 4.00002
640000 3.99365
650000 3.98703
660000 3.98078
670000 3.9746
680000 3.9683
690000 3.96286
700000 3.95713
710000 3.95135
720000 3.94568
730000 3.94033
740000 3.93509
750000 3.93011
760000 3.92472
770000 3.91973
780000 3.91481
790000 3.90989
800000 3.90549
810000 3.90124
820000 3.89643
830000 3.89223
840000 3.88811
850000 3.88392
860000 3.88014
870000 3.87606
880000 3.87232
890000 3.86857
900000 3.8646
910000 3.86107
920000 3.85791
930000 3.85433
940000 3.85084
950000 3.84748
960000 3.84425
970000 3.84123
980000 3.83779
990000 3.83459
1000000 3.83151
1010000 3.82839
1020000 3.82572
1030000 3.82309
1040000 3.82004
1050000 3.81733
1060000 3.81487
1070000 3.81205
1080000 3.80992
1090000 3.80732
1100000 3.805
1110000 3.80263
1120000 3.80007
1130000 3.79794
1140000 3.79596
1150000 3.79357
1160000 3.79141
1170000 3.78929
1180000 3.78725
1190000 3.78544
1200000 3.78311
1210000 3.78105
1220000 3.77899
1230000 3.77711
1240000 3.77538
1250000 3.77388
1260000 3.77184
1270000 3.77012
1280000 3.76863
1290000 3.76678
1300000 3.76559
1310000 3.76388
1320000 3.76247
1330000 3.76084
1340000 3.75929
1350000 3.758
1360000 3.75685
1370000 3.75528
1380000 3.75392
1390000 3.7524
1400000 3.75134
1410000 3.75028
1420000 3.74868
1430000 3.74739
1440000 3.74604
1450000 3.74493
1460000 3.74383
1470000 3.74288
1480000 3.74168
1490000 3.74063
1500000 3.73957
1510000 3.73857
1520000 3.73776
1530000 3.73696
1540000 3.73588
1550000 3.73505
1560000 3.73409
1570000 3.73327
1580000 3.73251
1590000 3.73179
1600000 3.73098
1610000 3.72995
1620000 3.72946
1630000 3.72892
1640000 3.72793
1650000 3.72706
1660000 3.72624
1670000 3.72554
1680000 3.72505
1690000 3.72451
1700000 3.7238
1710000 3.72321
1720000 3.72254
1730000 3.72206
1740000 3.72166
1750000 3.72126
1760000 3.72066
1770000 3.72021
1780000 3.71974
1790000 3.71923
1800000 3.71894
1810000 3.71862
1820000 3.71818
1830000 3.71754
1840000 3.71734
1850000 3.71714
1860000 3.71663
1870000 3.71613
1880000 3.71571
1890000 3.71528
1900000 3.715
1910000 3.71501
1920000 3.71463
1930000 3.71423
1940000 3.71405
1950000 3.71387
1960000 3.71381
1970000 3.71375
1980000 3.71344
1990000 3.71324
2000000 3.71312
2010000 3.71287
2020000 3.71292
2030000 3.71289
2040000 3.71274
2050000 3.71238
2060000 3.71239
2070000 3.71244
2080000 3.71232
2090000 3.71206
2100000 3.71194
2110000 3.71173
2120000 3.71168
2130000 3.712
2140000 3.7121
2150000 3.71172
2160000 3.71176
2170000 3.71187
2180000 3.71183
2190000 3.71222
2200000 3.71214
2210000 3.7122
2220000 3.71226
2230000 3.71225
2240000 3.7125
2250000 3.7127
2260000 3.71272
2270000 3.71263
2280000 3.71289
2290000 3.71308
2300000 3.7132
2310000 3.71307
2320000 3.71323
2330000 3.71322
2340000 3.71316
2350000 3.7139
2360000 3.71416
2370000 3.71396
2380000 3.71427
2390000 3.71453
2400000 3.71475
2410000 3.71523
2420000 3.71534
2430000 3.71561
2440000 3.71582
2450000 3.71585
2460000 3.71641
2470000 3.71676
2480000 3.71694
2490000 3.71706
2500000 3.7174
2510000 3.71769
2520000 3.71809
2530000 3.71807
2540000 3.71835
2550000 3.71858
2560000 3.71867
2570000 3.71935
2580000 3.71997
2590000 3.71991
2600000 3.72039
2610000 3.72081
2620000 3.72115
2630000 3.72174
2640000 3.72198
2650000 3.72243
2660000 3.72277
2670000 3.72294
2680000 3.72342
2690000 3.72408
2700000 3.72441
2710000 3.72473
2720000 3.72513
2730000 3.72555
2740000 3.7261
2750000 3.72622
2760000 3.72657
2770000 3.72694
2780000 3.72725
2790000 3.72796
2800000 3.72863
2810000 3.7288
2820000 3.72929
2830000 3.72991
2840000 3.7302
2850000 3.73105
2860000 3.73142
2870000 3.73195
2880000 3.73241
2890000 3.73272
2900000 3.73336
2910000 3.73403
2920000 3.73436
2930000 3.73486
2940000 3.73538
2950000 3.73591
2960000 3.73658
2970000 3.73677
2980000 3.73722
2990000 3.73762
3000000 3.73817
3010000 3.73884
3020000 3.7397
3030000 3.73996
3040000 3.74052
3050000 3.74125
3060000 3.74161
3070000 3.74258
3080000 3.74302
3090000 3.74363
3100000 3.7441
3110000 3.74458
3120000 3.74529
3130000 3.74605
3140000 3.74648
3150000 3.74705
3160000 3.74747
3170000 3.74827
3180000 3.74901
3190000 3.74928
3200000 3.74983
3210000 3.75029
3220000 3.75097
3230000 3.75164
3240000 3.75245
3250000 3.75296
3260000 3.75355
3270000 3.75418
3280000 3.75484
3290000 3.75564
3300000 3.75641
3310000 3.7569
3320000 3.75758
3330000 3.75813
3340000 3.75882
3350000 3.75948
3360000 3.76024
3370000 3.76088
3380000 3.76132
3390000 3.76222
3400000 3.76304
3410000 3.76347
3420000 3.76399
3430000 3.76455
3440000 3.7652
3450000 3.76605
3460000 3.76685
3470000 3.76745
3480000 3.76813
3490000 3.76872
3500000 3.76949
3510000 3.77034
3520000 3.77113
3530000 3.77174
3540000 3.77244
3550000 3.77313
3560000 3.77377
3570000 3.77455
3580000 3.77537
3590000 3.77606
3600000 3.77654
3610000 3.77742
3620000 3.77827
3630000 3.77884
3640000 3.77942
3650000 3.78006
3660000 3.78069
3670000 3.78145
3680000 3.78249
3690000 3.78314
3700000 3.78374
3710000 3.78452
3720000 3.78531
3730000 3.78623
3740000 3.7871
3750000 3.78773
3760000 3.78846
3770000 3.7892
3780000 3.78987
3790000 3.79073
3800000 3.79159
3810000 3.79232
3820000 3.79285
3830000 3.79371
3840000 3.79457
3850000 3.7953
3860000 3.79588
3870000 3.7966
3880000 3.79723
3890000 3.79801
3900000 3.79914
3910000 3.80002
3920000 3.80046
3930000 3.80126
3940000 3.80213
3950000 3.80288
3960000 3.80399
3970000 3.80465
3980000 3.80543
3990000 3.80618
4000000 3.8069
4010000 3.80779
4020000 3.80869
4030000 3.80943
4040000 3.81004
4050000 3.81096
4060000 3.8118
4070000 3.81258
4080000 3.81315
4090000 3.81398
4100000 3.81463
4110000 3.81524
4120000 3.81662
4130000 3.81751
4140000 3.81798
4150000 3.81889
4160000 3.81975
4170000 3.8206
4180000 3.82164
4190000 3.82235
4200000 3.82319
4210000 3.82396
4220000 3.82459
4230000 3.82564
4240000 3.82655
4250000 3.8273
4260000 3.82798
4270000 3.82887
4280000 3.82969
4290000 3.8306
4300000 3.83114
4310000 3.83197
4320000 3.83273
4330000 3.83337
4340000 3.83456
4350000 3.83569
4360000 3.83616
4370000 3.83714
4380000 3.83803
4390000 3.83889
4400000 3.83993
4410000 3.84067
4420000 3.84156
4430000 3.84235
4440000 3.84301
4450000 3.8438
4460000 3.84499
4470000 3.84579
4480000 3.84647
4490000 3.84741
4500000 3.84825
4510000 3.84922
4520000 3.84979
4530000 3.85059
4540000 3.85139
4550000 3.85214
4560000 3.85327
4570000 3.85441
4580000 3.85496
4590000 3.85586
4600000 3.85685
4610000 3.85757
4620000 3.85879
4630000 3.85956
4640000 3.86045
4650000 3.86127
4660000 3.86198
4670000 3.86298
4680000 3.86397
4690000 3.8647
4700000 3.86555
4710000 3.86643
4720000 3.86731
4730000 3.86832
4740000 3.8689
4750000 3.8697
4760000 3.87046
4770000 3.87136
4780000 3.87238
4790000 3.87357
4800000 3.87419
4810000 3.87509
4820000 3.87613
4830000 3.87685
4840000 3.8781
4850000 3.87887
4860000 3.87977
4870000 3.88056
4880000 3.88135
4890000 3.88236
4900000 3.88336
4910000 3.88412
4920000 3.88499
4930000 3.88572
4940000 3.88679
4950000 3.88781
4960000 3.88838
4970000 3.88923
4980000 3.88999
4990000 3.89096
5000000 3.89192
5010000 3.893
5020000 3.8938
5030000 3.89468
5040000 3.89557
5050000 3.89651
5060000 3.89757
5070000 3.89858
5080000 3.89934
5090000 3.90025
5100000 3.90106
5110000 3.90207
5120000 3.90287
5130000 3.90388
5140000 3.90476
5150000 3.90546
5160000 3.90658
5170000 3.90762
5180000 3.90831
5190000 3.90907
5200000 3.90988
5210000 3.91077
5220000 3.91186
5230000 3.91289
5240000 3.91365
5250000 3.91464
5260000 3.91546
5270000 3.91644
5280000 3.91751
5290000 3.9185
5300000 3.91933
5310000 3.92023
5320000 3.92112
5330000 3.92196
5340000 3.92292
5350000 3.92394
5360000 3.92484
5370000 3.92553
5380000 3.92659
5390000 3.92762
5400000 3.9284
5410000 3.92918
5420000 3.93003
5430000 3.93086
5440000 3.93182
5450000 3.93304
5460000 3.9339
5470000 3.9347
5480000 3.93564
5490000 3.93659
5500000 3.93772
5510000 3.93875
5520000 3.93956
5530000 3.94045
5540000 3.94136
5550000 3.9422
5560000 3.9432
5570000 3.94421
5580000 3.94512
5590000 3.94583
5600000 3.94685
5610000 3.94785
5620000 3.94875
5630000 3.9495
5640000 3.95039
5650000 3.95119
5660000 3.95214
5670000 3.9534
5680000 3.95444
5690000 3.95507
5700000 3.95601
5710000 3.95702
5720000 3.95793
5730000 3.95916
5740000 3.95998
5750000 3.9609
5760000 3.96178
5770000 3.96264
5780000 3.96363
5790000 3.96467
5800000 3.96555
5810000 3.9663
5820000 3.96736
5830000 3.96832
5840000 3.96923
5850000 3.96994
5860000 3.97091
5870000 3.9717
5880000 3.97246
5890000 3.97396
5900000 3.97496
5910000 3.97559
5920000 3.97661
5930000 3.97759
5940000 3.97857
5950000 3.97971
5960000 3.98055
5970000 3.98149
5980000 3.98237
5990000 3.98313
6000000 3.98426
6010000 3.98527
6020000 3.98614
6030000 3.98695
6040000 3.98794
6050000 3.98886
6060000 3.98988
6070000 3.99054
6080000 3.99148
6090000 3.99236
6100000 3.99312
6110000 3.9944
6120000 3.99563
6130000 3.99623
6140000 3.99731
6150000 3.99829
6160000 3.99926
6170000 4.00038
6180000 4.00122
6190000 4.00219
6200000 4.00308
6210000 4.00384
6220000 4.00473
6230000 4.00597
6240000 4.00686
6250000 4.00765
6260000 4.00867
6270000 4.0096
6280000 4.01064
6290000 4.01129
6300000 4.01221
6310000 4.01311
6320000 4.01396
6330000 4.01516
6340000 4.01638
6350000 4.01704
6360000 4.01802
6370000 4.01908
6380000 4.0199
6390000 4.02117
6400000 4.02203
6410000 4.02298
6420000 4.02388
6430000 4.02467
6440000 4.02574
6450000 4.02677
6460000 4.02759
6470000 4.02852
6480000 4.02947
6490000 4.03042
6500000 4.03149
6510000 4.03216
6520000 4.03303
6530000 4.03388
6540000 4.03485
6550000 4.03594
6560000 4.03718
6570000 4.03789
6580000 4.03886
6590000 4.03995
6600000 4.04075
6610000 4.04204
6620000 4.04289
6630000 4.04383
6640000 4.04469
6650000 4.04554
6660000 4.0466
6670000 4.04764
6680000 4.04846
6690000 4.0494
6700000 4.0502
6710000 4.05131
6720000 4.05237
6730000 4.05302
6740000 4.05393
6750000 4.05476
6760000 4.05578
6770000 4.0568
6780000 4.05793
6790000 4.0588
6800000 4.05974
6810000 4.06067
6820000 4.06167
6830000 4.06277
6840000 4.06383
6850000 4.06464
6860000 4.06558
6870000 4.06648
6880000 4.06749
6890000 4.06833
6900000 4.06938
6910000 4.07031
6920000 4.07101
6930000 4.07221
6940000 4.07329
6950000 4.07404
6960000 4.07485
6970000 4.07572
6980000 4.07665
6990000 4.07778
7000000 4.07885
7010000 4.07967
7020000 4.0807
7030000 4.08156
7040000 4.08264
7050000 4.08369
7060000 4.08475
7070000 4.08558
7080000 4.08651
7090000 4.08743
7100000 4.08831
7110000 4.08929
7120000 4.09033
7130000 4.09127
7140000 4.09202
7150000 4.09314
7160000 4.09418
7170000 4.09498
7180000 4.09579
7190000 4.09668
7200000 4.09756
7210000 4.09855
7220000 4.09979
7230000 4.10069
7240000 4.10153
7250000 4.1025
7260000 4.10349
7270000 4.10464
7280000 4.10568
7290000 4.10652
7300000 4.10744
7310000 4.10837
7320000 4.10924
7330000 4.11025
7340000 4.11129
7350000 4.11222
7360000 4.11297
7370000 4.11401
7380000 4.11502
7390000 4.11595
7400000 4.11673
7410000 4.11765
7420000 4.11849
7430000 4.11947
7440000 4.12074
7450000 4.12179
7460000 4.12247
7470000 4.12343
7480000 4.12446
7490000 4.12539
7500000 4.12663
7510000 4.12747
7520000 4.1284
7530000 4.1293
7540000 4.13018
7550000 4.13117
7560000 4.13222
7570000 4.13313
7580000 4.13391
7590000 4.13497
7600000 4.13594
7610000 4.13688
7620000 4.13761
7630000 4.1386
7640000 4.13942
7650000 4.14039
7660000 4.1417
7670000 4.14271
7680000 4.14338
7690000 4.14442
7700000 4.1454
7710000 4.14634
7720000 4.14753
7730000 4.14839
7740000 4.14934
7750000 4.15023
7760000 4.15101
7770000 4.15212
7780000 4.15314
7790000 4.154
7800000 4.15485
7810000 4.15585
7820000 4.15678
7830000 4.1578
7840000 4.15849
7850000 4.15944
7860000 4.16034
7870000 4.16112
7880000 4.1624
7890000 4.16362
7900000 4.16426
7910000 4.16534
7920000 4.16632
7930000 4.1673
7940000 4.16842
7950000 4.16927
7960000 4.17024
7970000 4.17113
7980000 4.1719
7990000 4.17281
8000000 4.17401
8010000 4.17491
8020000 4.17572
8030000 4.17674
8040000 4.17766
8050000 4.17871
8060000 4.17938
8070000 4.18031
8080000 4.18121
8090000 4.18207
8100000 4.18327
8110000 4.18448
8120000 4.18517
8130000 4.18615
8140000 4.1872
8150000 4.18804
8160000 4.18929
8170000 4.19015
8180000 4.19109
8190000 4.19198
8200000 4.19279
8210000 4.19385
8220000 4.19486
8230000 4.1957
8240000 4.19662
8250000 4.19757
8260000 4.19852
8270000 4.19957
8280000 4.20025
8290000 4.20115
8300000 4.20199
8310000 4.20296
8320000 4.20405
8330000 4.20527
8340000 4.206
8350000 4.20697
8360000 4.20805
8370000 4.20885
8380000 4.21012
8390000 4.21097
8400000 4.2119
8410000 4.21276
8420000 4.2136
8430000 4.21465
8440000 4.21567
8450000 4.2165
8460000 4.21742
8470000 4.21823
8480000 4.21933
8490000 4.22037
8500000 4.22103
8510000 4.22194
8520000 4.22277
8530000 4.22378
8540000 4.2248
8550000 4.22592
8560000 4.22679
8570000 4.22772
8580000 4.22865
8590000 4.22964
8600000 4.23073
8610000 4.23177
8620000 4.23258
8630000 4.2335
8640000 4.23439
8650000 4.23539
8660000 4.23621
8670000 4.23725
8680000 4.23817
8690000 4.23888
8700000 4.24006
8710000 4.24111
8720000 4.24187
8730000 4.24267
8740000 4.24353
8750000 4.24446
8760000 4.24557
8770000 4.24663
8780000 4.24746
8790000 4.24847
8800000 4.24933
8810000 4.25038
8820000 4.25143
8830000 4.25246
8840000 4.25328
8850000 4.25419
8860000 4.25511
8870000 4.25597
8880000 4.25693
8890000 4.25795
8900000 4.25888
8910000 4.25963
8920000 4.26073
8930000 4.26174
8940000 4.26254
8950000 4.26335
8960000 4.26423
8970000 4.2651
8980000 4.26613
8990000 4.26729
9000000 4.26819
9010000 4.26902
9020000 4.26997
9030000 4.27094
9040000 4.27207
9050000 4.27309
9060000 4.27392
9070000 4.27482
9080000 4.27574
9090000 4.27659
9100000 4.27757
9110000 4.27858
9120000 4.27951
9130000 4.28025
9140000 4.28127
9150000 4.28226
9160000 4.28317
9170000 4.28395
9180000 4.28485
9190000 4.28568
9200000 4.28664
9210000 4.28788
9220000 4.28892
9230000 4.2896
9240000 4.29054
9250000 4.29154
9260000 4.29247
9270000 4.29367
9280000 4.2945
9290000 4.29541
9300000 4.29628
9310000 4.29715
9320000 4.29811
9330000 4.29913
9340000 4.30003
9350000 4.3008
9360000 4.30183
9370000 4.30278
9380000 4.3037
9390000 4.30443
9400000 4.30539
9410000 4.3062
9420000 4.30716
9430000 4.30843
9440000 4.30942
9450000 4.31011
9460000 4.3111
9470000 4.31207
9480000 4.31299
9490000 4.31414
9500000 4.315
9510000 4.31591
9520000 4.31678
9530000 4.31755
9540000 4.31862
9550000 4.31961
9560000 4.32045
9570000 4.32129
9580000 4.32227
9590000 4.32318
9600000 4.32417
9610000 4.32485
9620000 4.32578
9630000 4.32666
9640000 4.32743
9650000 4.32867
9660000 4.32987
9670000 4.33051
9680000 4.33155
9690000 4.33251
9700000 4.33347
9710000 4.33455
9720000 4.33539
9730000 4.33632
9740000 4.33719
9750000 4.33795
9760000 4.33883
9770000 4.33999
9780000 4.34087
9790000 4.34166
9800000 4.34265
9810000 4.34356
9820000 4.34457
9830000 4.34523
9840000 4.34614
9850000 4.34702
9860000 4.34787
9870000 4.34903
9880000 4.35021
9890000 4.35089
9900000 4.35185
9910000 4.35287
9920000 4.35369
9930000 4.35489
9940000 4.35572
9950000 4.35665
9960000 4.35752
9970000 4.3583
9980000 4.35933
9990000 4.3603
10000000 4.36112
10010000 4.36202
10020000 4.36294
10030000 4.36387
10040000 4.36489
10050000 4.36556
10060000 4.36643
10070000 4.36726
10080000 4.3682
10090000 4.36931
10100000 4.37044
10110000 4.37116
10120000 4.37211
10130000 4.37315
10140000 4.37394
10150000 4.37516
10160000 4.37599
10170000 4.37689
10180000 4.37772
10190000 4.37854
10200000 4.37956
10210000 4.38053
10220000 4.38134
10230000 4.38225
10240000 4.38304
10250000 4.38409
10260000 4.3851
10270000 4.38575
10280000 4.38663
10290000 4.38746
10300000 4.38843
10310000 4.38945
10320000 4.3905
10330000 4.39136
10340000 4.39227
10350000 4.39316
10360000 4.39413
10370000 4.39518
10380000 4.39619
10390000 4.39697
10400000 4.39786
10410000 4.39873
10420000 4.39969
10430000 4.40056
10440000 4.40148
10450000 4.40238
10460000 4.40308
10470000 4.40422
10480000 4.40522
10490000 4.40596
10500000 4.40675
10510000 4.40759
10520000 4.40849
10530000 4.40958
10540000 4.41059
10550000 4.4114
10560000 4.41238
10570000 4.41322
10580000 4.41424
10590000 4.41525
10600000 4.41624
10610000 4.41704
10620000 4.41792
10630000 4.4188
10640000 4.41964
10650000 4.42056
10660000 4.42155
10670000 4.42245
10680000 4.42317
10690000 4.42424
10700000 4.42521
10710000 4.42599
10720000 4.42677
10730000 4.42763
10740000 4.42848
10750000 4.42948
10760000 4.4306
10770000 4.43147
10780000 4.43228
10790000 4.4332
10800000 4.43414
10810000 4.43523
10820000 4.43621
10830000 4.43702
10840000 4.43789
10850000 4.43877
10860000 4.43959
10870000 4.44054
10880000 4.44151
10890000 4.44241
10900000 4.44313
10910000 4.44411
10920000 4.44506
10930000 4.44595
10940000 4.4467
10950000 4.44758
10960000 4.44838
10970000 4.44932
10980000 4.45051
10990000 4.45151
11000000 4.45218
11010000 4.45309
11020000 4.45406
11030000 4.45512
11040000 4.4561
11050000 4.45691
11060000 4.45779
11070000 4.45863
11080000 4.45947
11090000 4.46039
11100000 4.46137
11110000 4.46224
11120000 4.46298
11130000 4.46398
11140000 4.46489
11150000 4.46579
11160000 4.46649
11170000 4.46742
11180000 4.46821
11190000 4.46914
11200000 4.47036
11210000 4.47132
11220000 4.47199
11230000 4.47295
11240000 4.47387
11250000 4.47476
11260000 4.47588
11270000 4.4767
11280000 4.47758
11290000 4.47841
11300000 4.47916
11310000 4.48019
11320000 4.48114
11330000 4.48195
11340000 4.48277
11350000 4.4837
11360000 4.48458
11370000 4.48553
11380000 4.4862
11390000 4.4871
11400000 4.48795
11410000 4.48869
11420000 4.48989
11430000 4.49104
11440000 4.49167
11450000 4.49268
11460000 4.49359
11470000 4.49453
11480000 4.49556
11490000 4.49637
11500000 4.49727
11510000 4.4981
11520000 4.49884
11530000 4.49969
11540000 4.50079
11550000 4.50164
11560000 4.50241
11570000 4.50336
11580000 4.50423
11590000 4.50521
11600000 4.50585
11610000 4.50672
11620000 4.50757
11630000 4.50839
11640000 4.50951
11650000 4.51065
11660000 4.51131
11670000 4.51223
11680000 4.51321
11690000 4.51401
11700000 4.51516
11710000 4.51597
11720000 4.51685
11730000 4.51769
11740000 4.51844
11750000 4.51943
11760000 4.52036
11770000 4.52116
11780000 4.52202
11790000 4.52291
11800000 4.5238
11810000 4.52478
11820000 4.52542
11830000 4.52627
11840000 4.52707
11850000 4.52797
11860000 4.52905
11870000 4.53014
11880000 4.53083
11890000 4.53174
11900000 4.53275
11910000 4.53351
11920000 4.53468
11930000 4.53548
11940000 4.53634
11950000 4.53714
11960000 4.53793
11970000 4.53891
11980000 4.53984
11990000 4.54062
12000000 4.54149
12010000 4.54225
12020000 4.54327
12030000 4.54423
12040000 4.54486
12050000 4.54571
12060000 4.5465
12070000 4.54744
12080000 4.54843
12090000 4.54944
12100000 4.55027
12110000 4.55115
12120000 4.55201
12130000 4.55293
12140000 4.55395
12150000 4.55491
12160000 4.55567
12170000 4.55652
12180000 4.55735
12190000 4.55827
12200000 4.5591
12210000 4.55999
12220000 4.56086
12230000 4.56153
12240000 4.56262
12250000 4.56359
12260000 4.5643
12270000 4.56506
12280000 4.56587
12290000 4.56673
12300000 4.56778
12310000 4.56876
12320000 4.56954
12330000 4.57049
12340000 4.57129
12350000 4.57227
12360000 4.57324
12370000 4.57419
12380000 4.57496
12390000 4.5758
12400000 4.57665
12410000 4.57745
12420000 4.57833
12430000 4.57928
12440000 4.58015
12450000 4.58085
12460000 4.58186
12470000 4.5828
12480000 4.58355
12490000 4.5843
12500000 4.58513
12510000 4.58594
12520000 4.58691
12530000 4.58799
12540000 4.58883
12550000 4.58961
12560000 4.59049
12570000 4.59139
12580000 4.59245
12590000 4.59338
12600000 4.59416
12610000 4.59499
12620000 4.59583
12630000 4.59662
12640000 4.59753
12650000 4.59846
12660000 4.59932
12670000 4.60001
12680000 4.60096
12690000 4.60187
12700000 4.60272
12710000 4.60344
12720000 4.60429
12730000 4.60506
12740000 4.60596
12750000 4.60711
12760000 4.60807
12770000 4.60872
12780000 4.60959
12790000 4.61052
12800000 4.61155
12810000 4.61248
12820000 4.61326
12830000 4.6141
12840000 4.6149
12850000 4.61571
12860000 4.61659
12870000 4.61753
12880000 4.61836
12890000 4.61908
12900000 4.62004
12910000 4.62091
12920000 4.62177
12930000 4.62244
12940000 4.62334
12950000 4.6241
12960000 4.62499
12970000 4.62616
12980000 4.62709
12990000 4.62773
13000000 4.62866
13010000 4.62954
13020000 4.6304
13030000 4.63146
13040000 4.63226
13050000 4.63309
13060000 4.63389
13070000 4.63461
13080000 4.63559
13090000 4.6365
13100000 4.63729
13110000 4.63807
13120000 4.63896
13130000 4.6398
13140000 4.64071
13150000 4.64136
13160000 4.64222
13170000 4.64304
13180000 4.64375
13190000 4.64489
13200000 4.64601
13210000 4.64662
13220000 4.64759
13230000 4.64847
13240000 4.64936
13250000 4.65035
13260000 4.65113
13270000 4.65198
13280000 4.65278
13290000 4.65349
13300000 4.65431
13310000 4.65537
13320000 4.65617
13330000 4.65691
13340000 4.65782
13350000 4.65865
13360000 4.65959
13370000 4.66021
13380000 4.66105
13390000 4.66187
13400000 4.66265
13410000 4.66373
13420000 4.66482
13430000 4.66546
13440000 4.66635
13450000 4.66728
13460000 4.66805
13470000 4.66915
13480000 4.66992
13490000 4.67077
13500000 4.67157
13510000 4.67229
13520000 4.67324
13530000 4.67413
13540000 4.67489
13550000 4.6757
13560000 4.67657
13570000 4.67742
13580000 4.67836
13590000 4.67898
13600000 4.67979
13610000 4.68056
13620000 4.68143
13630000 4.68246
13640000 4.6835
13650000 4.68418
13660000 4.68505
13670000 4.68601
13680000 4.68675
13690000 4.68786
13700000 4.68863
13710000 4.68945
13720000 4.69022
13730000 4.69098
13740000 4.69191
13750000 4.69279
13760000 4.69355
13770000 4.69438
13780000 4.69512
13790000 4.69608
13800000 4.697
13810000 4.69761
13820000 4.69843
13830000 4.69919
13840000 4.70009
13850000 4.70104
13860000 4.70201
13870000 4.70281
13880000 4.70365
13890000 4.70447
13900000 4.70536
13910000 4.70633
13920000 4.70725
13930000 4.70798
13940000 4.70879
13950000 4.70959
13960000 4.71047
13970000 4.71131
13980000 4.71212
13990000 4.71294
14000000 4.71359
14010000 4.71463
14020000 4.71556
14030000 4.71616
14040000 4.71697
14050000 4.71774
14060000 4.71858
14070000 4.71959
14080000 4.72052
14090000 4.72127
14100000 4.72218
14110000 4.72295
14120000 4.72389
14130000 4.72482
14140000 4.72573
14150000 4.72646
14160000 4.72727
14170000 4.72808
14180000 4.72885
14190000 4.72969
14200000 4.7306
14210000 4.73143
14220000 4.7321
14230000 4.73307
14240000 4.73397
14250000 4.73469
14260000 4.73541
14270000 4.7362
14280000 4.73698
14290000 4.73791
14300000 4.73894
14310000 4.73975
14320000 4.7405
14330000 4.74136
14340000 4.74221
14350000 4.74322
14360000 4.74411
14370000 4.74486
14380000 4.74565
14390000 4.74646
14400000 4.74721
14410000 4.74808
14420000 4.74897
14430000 4.74979
14440000 4.75046
14450000 4.75137
14460000 4.75226
14470000 4.75305
14480000 4.75374
14490000 4.75456
14500000 4.75532
14510000 4.75616
14520000 4.75727
14530000 4.75817
14540000 4.75881
14550000 4.75965
14560000 4.76053
14570000 4.76152
14580000 4.76241
14590000 4.76316
14600000 4.76396
14610000 4.76473
14620000 4.76549
14630000 4.76633
14640000 4.76723
14650000 4.76803
14660000 4.76872
14670000 4.76963
14680000 4.77047
14690000 4.77129
14700000 4.77198
14710000 4.7728
14720000 4.77353
14730000 4.77438
14740000 4.77551
14750000 4.7764
14760000 4.77702
14770000 4.7779
14780000 4.77875
14790000 4.77957
14800000 4.78059
14810000 4.78135
14820000 4.78215
14830000 4.78291
14840000 4.78359
14850000 4.78453
14860000 4.7854
14870000 4.78616
14880000 4.7869
14890000 4.78776
14900000 4.78857
14910000 4.78943
14920000 4.79005
14930000 4.79094
14940000 4.79166
14950000 4.79235
14960000 4.79345
14970000 4.79452
14980000 4.7951
14990000 4.79603
15000000 4.79687
15010000 4.79773
15020000 4.79868
15030000 4.79942
15040000 4.80024
15050000 4.801
15060000 4.80167
15070000 4.80246
15080000 4.80347
15090000 4.80424
15100000 4.80495
15110000 4.80582
15120000 4.80662
15130000 4.80751
15140000 4.8081
15150000 4.80891
15160000 4.8097
15170000 4.81045
15180000 4.81148
15190000 4.81253
15200000 4.81314
15210000 4.81399
15220000 4.81489
15230000 4.81562
15240000 4.81668
15250000 4.81742
15260000 4.81822
15270000 4.81898
15280000 4.81968
15290000 4.82059
15300000 4.82143
15310000 4.82216
15320000 4.82294
15330000 4.82377
15340000 4.82459
15350000 4.82549
15360000 4.82608
15370000 4.82685
15380000 4.82759
15390000 4.82842
15400000 4.82941
15410000 4.83042
15420000 4.83106
15430000 4.8319
15440000 4.83282
15450000 4.83352
15460000 4.83458
15470000 4.83533
15480000 4.83611
15490000 4.83684
15500000 4.83757
15510000 4.83846
15520000 4.8393
15530000 4.84002
15540000 4.84082
15550000 4.84153
15560000 4.84245
15570000 4.84333
15580000 4.84391
15590000 4.84469
15600000 4.84543
15610000 4.84629
15620000 4.8472
15630000 4.84813
15640000 4.8489
15650000 4.8497
15660000 4.85049
15670000 4.85135
15680000 4.85228
15690000 4.85316
15700000 4.85385
15710000 4.85462
15720000 4.85538
15730000 4.85623
15740000 4.85703
15750000 4.8578
15760000 4.85859
15770000 4.85921
15780000 4.86021
15790000 4.8611
15800000 4.86167
15810000 4.86244
15820000 4.86319
15830000 4.86399
15840000 4.86496
15850000 4.86586
15860000 4.86663
15870000 4.86745
15880000 4.86818
15890000 4.86908
15900000 4.86997
15910000 4.87085
15920000 4.87154
15930000 4.87231
15940000 4.87309
15950000 4.87382
15960000 4.87463
15970000 4.87548
15980000 4.87629
15990000 4.87693
16000000 4.87786
16010000 4.87872
16020000 4.87941
16030000 4.8801
16040000 4.88085
16050000 4.88161
16060000 4.8825
16070000 4.88349
16080000 4.88426
16090000 4.88498
16100000 4.8858
16110000 4.88668
16120000 4.88759
16130000 4.88844
16140000 4.88915
16150000 4.88991
16160000 4.89068
16170000 4.8914
16180000 4.89223
16190000 4.89308
16200000 4.89387
16210000 4.89451
16220000 4.89538
16230000 4.89623
16240000 4.89698
16250000 4.89765
16260000 4.89843
16270000 4.89916
16280000 4.89997
16290000 4.90103
16300000 4.90189
16310000 4.90251
16320000 4.90331
16330000 4.90416
16340000 4.9051
16350000 4.90596
16360000 4.90667
16370000 4.90743
16380000 4.90817
16390000 4.9089
16400000 4.9097
16410000 4.91056
16420000 4.91133
16430000 4.91199
16440000 4.91286
16450000 4.91366
16460000 4.91445
16470000 4.91511
16480000 4.91589
16490000 4.91659
16500000 4.91741
16510000 4.91848
16520000 4.91934
16530000 4.91994
16540000 4.92078
16550000 4.9216
16560000 4.92238
16570000 4.92335
16580000 4.92408
16590000 4.92485
16600000 4.92558
16610000 4.92623
16620000 4.92713
16630000 4.92796
16640000 4.92871
16650000 4.92938
16660000 4.93022
16670000 4.93098
16680000 4.93181
16690000 4.93241
16700000 4.93325
16710000 4.93395
16720000 4.93461
16730000 4.93566
16740000 4.93669
16750000 4.93725
16760000 4.93814
16770000 4.93894
16780000 4.93977
16790000 4.94067
16800000 4.94138
16810000 4.94216
16820000 4.94289
16830000 4.94354
16840000 4.94429
16850000 4.94525
16860000 4.94599
16870000 4.94667
16880000 4.94751
16890000 4.94826
16900000 4.94912
16910000 4.94968
16920000 4.95046
16930000 4.95121
16940000 4.95193
16950000 4.95292
16960000 4.95393
16970000 4.95452
16980000 4.95533
16990000 4.95619
17000000 4.9569
17010000 4.9579
17020000 4.95861
17030000 4.95938
17040000 4.96011
17050000 4.96077
17060000 4.96164
17070000 4.96244
17080000 4.96314
17090000 4.96389
17100000 4.96469
17110000 4.96547
17120000 4.96632
17130000 4.96689
17140000 4.96764
17150000 4.96834
17160000 4.96914
17170000 4.97009
17180000 4.97105
17190000 4.97167
17200000 4.97248
17210000 4.97336
17220000 4.97403
17230000 4.97504
17240000 4.97576
17250000 4.9765
17260000 4.97721
17270000 4.9779
17280000 4.97875
17290000 4.97956
17300000 4.98025
17310000 4.98101
17320000 4.98169
17330000 4.98257
17340000 4.98341
17350000 4.98397
17360000 4.98472
17370000 4.98542
17380000 4.98625
17390000 4.98712
17400000 4.98801
17410000 4.98875
17420000 4.98952
17430000 4.99028
17440000 4.99109
17450000 4.99199
17460000 4.99283
17470000 4.99349
17480000 4.99423
17490000 4.99496
17500000 4.99577
17510000 4.99653
17520000 4.99727
17530000 4.99803
17540000 4.99862
17550000 4.99958
17560000 5.00042
17570000 5.00097
17580000 5.00171
17590000 5.00242
17600000 5.00319
17610000 5.00412
17620000 5.00499
17630000 5.00572
17640000 5.00651
17650000 5.00721
17660000 5.00808
17670000 5.00893
17680000 5.00977
17690000 5.01043
17700000 5.01117
17710000 5.01189
17720000 5.01261
17730000 5.01338
17740000 5.01419
17750000 5.01497
17760000 5.01558
17770000 5.01648
17780000 5.01729
17790000 5.01795
17800000 5.01861
17810000 5.01934
17820000 5.02006
17830000 5.02092
17840000 5.02187
17850000 5.02261
17860000 5.0233
17870000 5.02408
17880000 5.02493
17890000 5.0258
17900000 5.02661
17910000 5.02729
17920000 5.02801
17930000 5.02875
17940000 5.02945
17950000 5.03023
17960000 5.03105
17970000 5.03181
17980000 5.03241
17990000 5.03325
18000000 5.03406
18010000 5.03479
18020000 5.03542
18030000 5.03617
18040000 5.03687
18050000 5.03765
18060000 5.03866
18070000 5.03949
18080000 5.04008
18090000 5.04085
18100000 5.04166
18110000 5.04257
18120000 5.04339
18130000 5.04407
18140000 5.0448
18150000 5.0455
18160000 5.0462
18170000 5.04698
18180000 5.04779
18190000 5.04852
18200000 5.04915
18210000 5.04999
18220000 5.05075
18230000 5.05151
18240000 5.05214
18250000 5.05289
18260000 5.05356
18270000 5.05435
18280000 5.05538
18290000 5.0562
18300000 5.05678
18310000 5.05759
18320000 5.05836
18330000 5.05912
18340000 5.06005
18350000 5.06075
18360000 5.06148
18370000 5.06217
18380000 5.0628
18390000 5.06366
18400000 5.06445
18410000 5.06517
18420000 5.06582
18430000 5.06662
18440000 5.06735
18450000 5.06814
18460000 5.06871
18470000 5.06952
18480000 5.07019
18490000 5.07082
18500000 5.07182
18510000 5.07282
18520000 5.07335
18530000 5.07421
18540000 5.07498
18550000 5.07577
18560000 5.07664
18570000 5.07732
18580000 5.07806
18590000 5.07875
18600000 5.07937
18610000 5.0801
18620000 5.08102
18630000 5.08172
18640000 5.08239
18650000 5.08318
18660000 5.0839
18670000 5.08472
18680000 5.08526
18690000 5.086
18700000 5.08672
18710000 5.08741
18720000 5.08837
18730000 5.08933
18740000 5.0899
18750000 5.09068
18760000 5.0915
18770000 5.09218
18780000 5.09314
18790000 5.09382
18800000 5.09456
18810000 5.09525
18820000 5.09588
18830000 5.09672
18840000 5.09748
18850000 5.09815
18860000 5.09887
18870000 5.09963
18880000 5.10039
18890000 5.1012
18900000 5.10174
18910000 5.10246
18920000 5.10313
18930000 5.1039
18940000 5.10481
18950000 5.10574
18960000 5.10633
18970000 5.10711
18980000 5.10795
18990000 5.1086
19000000 5.10956
19010000 5.11025
19020000 5.11096
19030000 5.11163
19040000 5.1123
19050000 5.11311
19060000 5.11388
19070000 5.11454
19080000 5.11527
19090000 5.11592
19100000 5.11677
19110000 5.11757
19120000 5.11811
19130000 5.11882
19140000 5.1195
19150000 5.12029
19160000 5.12113
19170000 5.12198
19180000 5.12269
19190000 5.12343
19200000 5.12416
19210000 5.12494
19220000 5.1258
19230000 5.1266
19240000 5.12723
19250000 5.12795
19260000 5.12864
19270000 5.12941
19280000 5.13014
19290000 5.13085
19300000 5.13158
19310000 5.13214
19320000 5.13306
19330000 5.13387
19340000 5.1344
19350000 5.13511
19360000 5.13579
19370000 5.13652
19380000 5.13742
19390000 5.13825
19400000 5.13896
19410000 5.13971
19420000 5.14039
19430000 5.14122
19440000 5.14204
19450000 5.14283
19460000 5.14347
19470000 5.1442
19480000 5.14487
19490000 5.14555
19500000 5.14629
19510000 5.14707
19520000 5.14782
19530000 5.1484
19540000 5.14926
19550000 5.15004
19560000 5.15068
19570000 5.15131
19580000 5.152
19590000 5.1527
19600000 5.15352
19610000 5.15443
19620000 5.15514
19630000 5.15581
19640000 5.15656
19650000 5.15737
19660000 5.1582
19670000 5.15898
19680000 5.15963
19690000 5.16032
19700000 5.16103
19710000 5.1617
19720000 5.16245
19730000 5.16322
19740000 5.16395
19750000 5.16453
19760000 5.16533
19770000 5.16611
19780000 5.16681
19790000 5.16742
19800000 5.16813
19810000 5.1688
19820000 5.16955
19830000 5.17053
19840000 5.17132
19850000 5.17189
19860000 5.17263
19870000 5.17341
19880000 5.17428
19890000 5.17506
19900000 5.17571
19910000 5.17641
19920000 5.17708
19930000 5.17775
19940000 5.1785
19950000 5.17927
19960000 5.17997
19970000 5.18058
19980000 5.18138
19990000 5.18212
20000000 5.18284
20010000 5.18344
20020000 5.18417
20030000 5.1848
20040000 5.18556
20050000 5.18656
20060000 5.18734
20070000 5.18789
20080000 5.18867
20090000 5.18941
20100000 5.19014
20110000 5.19103
20120000 5.1917
20130000 5.1924
20140000 5.19307
20150000 5.19366
20160000 5.19448
20170000 5.19524
20180000 5.19594
20190000 5.19656
20200000 5.19732
20210000 5.19802
20220000 5.19879
20230000 5.19933
20240000 5.20011
20250000 5.20075
20260000 5.20135
20270000 5.20232
20280000 5.20327
20290000 5.20379
20300000 5.20461
20310000 5.20534
20320000 5.20611
20330000 5.20694
20340000 5.20759
20350000 5.2083
20360000 5.20896
20370000 5.20956
20380000 5.21025
20390000 5.21113
20400000 5.21181
20410000 5.21244
20420000 5.2132
20430000 5.21389
20440000 5.21469
20450000 5.21519
20460000 5.21591
20470000 5.2166
20480000 5.21726
20490000 5.21818
20500000 5.21911
20510000 5.21965
20520000 5.2204
20530000 5.22119
20540000 5.22184
20550000 5.22276
20560000 5.22341
20570000 5.22412
20580000 5.22478
20590000 5.22539
20600000 5.22619
20610000 5.22692
20620000 5.22756
20630000 5.22825
20640000 5.22898
20650000 5.22971
20660000 5.23049
20670000 5.23101
20680000 5.23169
20690000 5.23234
20700000 5.23307
20710000 5.23396
20720000 5.23484
20730000 5.23542
20740000 5.23616
20750000 5.23696
20760000 5.23758
20770000 5.23852
20780000 5.23917
20790000 5.23985
20800000 5.2405
20810000 5.24113
20820000 5.24192
20830000 5.24265
20840000 5.24328
20850000 5.24398
20860000 5.24461
20870000 5.24542
20880000 5.2462
20890000 5.2467
20900000 5.24739
20910000 5.24804
20920000 5.2488
20930000 5.2496
20940000 5.25043
20950000 5.25111
20960000 5.25182
20970000 5.25252
20980000 5.25327
20990000 5.25409
21000000 5.25486
21010000 5.25546
21020000 5.25615
21030000 5.25681
21040000 5.25755
21050000 5.25825
21060000 5.25893
21070000 5.25963
21080000 5.26017
21090000 5.26105
21100000 5.26183
21110000 5.26233
21120000 5.26301
21130000 5.26367
21140000 5.26437
21150000 5.26523
21160000 5.26603
21170000 5.26671
21180000 5.26744
21190000 5.26808
21200000 5.26888
21210000 5.26967
21220000 5.27043
21230000 5.27104
21240000 5.27174
21250000 5.27236
21260000 5.27304
21270000 5.27374
21280000 5.27449
21290000 5.27521
21300000 5.27577
21310000 5.27659
21320000 5.27734
21330000 5.27795
21340000 5.27855
21350000 5.27922
21360000 5.27989
21370000 5.28068
21380000 5.28156
21390000 5.28224
21400000 5.28288
21410000 5.2836
21420000 5.28438
21430000 5.28518
21440000 5.28593
21450000 5.28655
21460000 5.28721
21470000 5.28789
21480000 5.28853
21490000 5.28925
21500000 5.28999
21510000 5.29069
21520000 5.29124
21530000 5.29202
21540000 5.29276
21550000 5.29343
21560000 5.29401
21570000 5.2947
21580000 5.29535
21590000 5.29606
21600000 5.297
21610000 5.29777
21620000 5.29831
21630000 5.29902
21640000 5.29977
21650000 5.3006
21660000 5.30135
21670000 5.30198
21680000 5.30265
21690000 5.3033
21700000 5.30394
21710000 5.30465
21720000 5.3054
21730000 5.30607
21740000 5.30665
21750000 5.30742
21760000 5.30812
21770000 5.30882
21780000 5.3094
21790000 5.31009
21800000 5.3107
21810000 5.31143
21820000 5.31239
21830000 5.31315
21840000 5.31367
21850000 5.31442
21860000 5.31513
21870000 5.31583
21880000 5.31669
21890000 5.31733
21900000 5.318
21910000 5.31864
21920000 5.3192
21930000 5.32
21940000 5.32073
21950000 5.3214
21960000 5.32198
21970000 5.32272
21980000 5.32339
21990000 5.32413
22000000 5.32464
22010000 5.32539
22020000 5.32601
22030000 5.32659
22040000 5.32752
22050000 5.32844
22060000 5.32893
22070000 5.32972
22080000 5.33043
22090000 5.33116
22100000 5.33196
22110000 5.33258
22120000 5.33326
22130000 5.3339
22140000 5.33447
22150000 5.33513
22160000 5.33598
22170000 5.33663
22180000 5.33724
22190000 5.33796
22200000 5.33863
22210000 5.33939
22220000 5.33988
22230000 5.34056
22240000 5.34123
22250000 5.34186
22260000 5.34275
22270000 5.34364
22280000 5.34417
22290000 5.34489
22300000 5.34564
22310000 5.3463
22320000 5.34715
22330000 5.34778
22340000 5.34845
22350000 5.34909
22360000 5.34965
22370000 5.35043
22380000 5.35114
22390000 5.35176
22400000 5.35245
22410000 5.35312
22420000 5.35381
22430000 5.35455
22440000 5.35506
22450000 5.35572
22460000 5.35634
22470000 5.35705
22480000 5.3579
22490000 5.35875
22500000 5.3593
22510000 5.36002
22520000 5.36079
22530000 5.36139
22540000 5.36228
22550000 5.36291
22560000 5.36356
22570000 5.3642
22580000 5.36479
22590000 5.36554
22600000 5.36624
22610000 5.36685
22620000 5.36753
22630000 5.36813
22640000 5.36891
22650000 5.36965
22660000 5.37013
22670000 5.3708
22680000 5.37142
22690000 5.37215
22700000 5.37293
22710000 5.37372
22720000 5.37437
22730000 5.37506
22740000 5.37573
22750000 5.37645
22760000 5.37724
22770000 5.37798
22780000 5.37856
22790000 5.37921
22800000 5.37985
22810000 5.38056
22820000 5.38123
22830000 5.38188
22840000 5.38255
22850000 5.38307
22860000 5.38392
22870000 5.38467
22880000 5.38515
22890000 5.3858
22900000 5.38643
22910000 5.38711
22920000 5.38794
22930000 5.38871
22940000 5.38936
22950000 5.39006
22960000 5.39068
22970000 5.39145
22980000 5.39221
22990000 5.39294
23000000 5.39353
23010000 5.39419
23020000 5.39479
23030000 5.39544
23040000 5.39612
23050000 5.39683
23060000 5.39752
23070000 5.39806
23080000 5.39885
23090000 5.39957
23100000 5.40016
23110000 5.40074
23120000 5.40138
23130000 5.40202
23140000 5.40278
23150000 5.40362
23160000 5.40429
23170000 5.4049
23180000 5.40559
23190000 5.40634
23200000 5.40711
23210000 5.40783
23220000 5.40842
23230000 5.40906
23240000 5.40971
23250000 5.41032
23260000 5.41101
23270000 5.41173
23280000 5.4124
23290000 5.41293
23300000 5.41367
23310000 5.41439
23320000 5.41503
23330000 5.41559
23340000 5.41625
23350000 5.41687
23360000 5.41756
23370000 5.41847
23380000 5.4192
23390000 5.41973
23400000 5.42041
23410000 5.42113
23420000 5.42193
23430000 5.42265
23440000 5.42326
23450000 5.4239
23460000 5.42452
23470000 5.42513
23480000 5.42582
23490000 5.42653
23500000 5.42718
23510000 5.42774
23520000 5.42847
23530000 5.42915
23540000 5.42982
23550000 5.43038
23560000 5.43104
23570000 5.43163
23580000 5.43234
23590000 5.43326
23600000 5.43399
23610000 5.43449
23620000 5.43517
23630000 5.43589
23640000 5.43657
23650000 5.43739
23660000 5.43801
23670000 5.43865
23680000 5.43926
23690000 5.4398
23700000 5.44057
23710000 5.44127
23720000 5.44191
23730000 5.44248
23740000 5.44318
23750000 5.44384
23760000 5.44454
23770000 5.44503
23780000 5.44576
23790000 5.44634
23800000 5.4469
23810000 5.4478
23820000 5.44869
23830000 5.44916
23840000 5.44992
23850000 5.4506
23860000 5.45131
23870000 5.45207
23880000 5.45268
23890000 5.45333
23900000 5.45394
23910000 5.45448
23920000 5.45512
23930000 5.45593
23940000 5.45655
23950000 5.45714
23960000 5.45784
23970000 5.45848
23980000 5.45921
23990000 5.45968
24000000 5.46035
24010000 5.46098
24020000 5.46159
24030000 5.46244
24040000 5.46331
24050000 5.46381
24060000 5.4645
24070000 5.46522
24080000 5.46586
24090000 5.46668
24100000 5.46728
24110000 5.46793
24120000 5.46854
24130000 5.46908
24140000 5.46983
24150000 5.47051
24160000 5.47115
24170000 5.47177
24180000 5.47243
24190000 5.47308
24200000 5.47379
24210000 5.47428
24220000 5.47491
24230000 5.47551
24240000 5.47619
24250000 5.47701
24260000 5.47784
24270000 5.47836
24280000 5.47905
24290000 5.47979
24300000 5.48037
24310000 5.48123
24320000 5.48184
24330000 5.48246
24340000 5.48307
24350000 5.48364
24360000 5.48437
24370000 5.48504
24380000 5.48562
24390000 5.48627
24400000 5.48685
24410000 5.4876
24420000 5.48832
24430000 5.48877
24440000 5.48941
24450000 5.49001
24460000 5.49071
24470000 5.49147
24480000 5.49223
24490000 5.49286
24500000 5.49352
24510000 5.49416
24520000 5.49486
24530000 5.49571
24540000 5.49633
24550000 5.49689
24560000 5.49752
24570000 5.49813
24580000 5.49881
24590000 5.49945
24600000 5.50008
24610000 5.50072
24620000 5.50122
24630000 5.50204
24640000 5.50276
24650000 5.50322
24660000 5.50385
24670000 5.50446
24680000 5.50511
24690000 5.50591
24700000 5.50665
24710000 5.50728
24720000 5.50795
24730000 5.50855
24740000 5.50929
24750000 5.51002
24760000 5.51072
24770000 5.51128
24780000 5.51192
24790000 5.5125
24800000 5.51312
24810000 5.51376
24820000 5.51446
24830000 5.51513
24840000 5.51564
24850000 5.51641
24860000 5.5171
24870000 5.51766
24880000 5.51822
24890000 5.51883
24900000 5.51945
24910000 5.52021
24920000 5.521
24930000 5.52164
24940000 5.52226
24950000 5.52289
24960000 5.52361
24970000 5.52436
24980000 5.52505
24990000 5.52562
25000000 5.52623
25010000 5.52685
25020000 5.52744
25030000 5.52811
25040000 5.5288
25050000 5.52944
25060000 5.52995
25070000 5.53067
25080000 5.53135
25090000 5.53198
25100000 5.53251
25110000 5.53315
25120000 5.53374
25130000 5.53444
25140000 5.53529
25150000 5.536
25160000 5.5365
25170000 5.53716
25180000 5.53785
25190000 5.53861
25200000 5.53932
25210000 5.5399
25220000 5.54051
25230000 5.54111
25240000 5.5417
25250000 5.54236
25260000 5.54304
25270000 5.54366
25280000 5.5442
25290000 5.54491
25300000 5.54556
25310000 5.54621
25320000 5.54674
25330000 5.54738
25340000 5.54795
25350000 5.54863
25360000 5.54952
25370000 5.55022
25380000 5.55071
25390000 5.55137
25400000 5.55206
25410000 5.55271
25420000 5.5535
25430000 5.55409
25440000 5.55471
25450000 5.5553
25460000 5.55582
25470000 5.55656
25480000 5.55723
25490000 5.55785
25500000 5.55838
25510000 5.55907
25520000 5.5597
25530000 5.56037
25540000 5.56085
25550000 5.56155
25560000 5.56211
25570000 5.56265
25580000 5.56351
25590000 5.56438
25600000 5.56483
25610000 5.56557
25620000 5.56621
25630000 5.5669
25640000 5.56763
25650000 5.56822
25660000 5.56884
25670000 5.56943
25680000 5.56995
25690000 5.57057
25700000 5.57134
25710000 5.57194
25720000 5.57251
25730000 5.57318
25740000 5.5738
25750000 5.5745
25760000 5.57495
25770000 5.5756
25780000 5.5762
25790000 5.57679
25800000 5.57762
25810000 5.57845
25820000 5.57893
25830000 5.5796
25840000 5.5803
25850000 5.58091
25860000 5.5817
25870000 5.58228
25880000 5.58291
25890000 5.58349
25900000 5.58401
25910000 5.58473
25920000 5.58539
25930000 5.586
25940000 5.58659
25950000 5.58723
25960000 5.58786
25970000 5.58855
25980000 5.58901
25990000 5.58962
26000000 5.5902
26010000 5.59085
26020000 5.59165
26030000 5.59244
26040000 5.59295
26050000 5.59362
26060000 5.59433
26070000 5.59488
26080000 5.59571
26090000 5.59629
26100000 5.5969
26110000 5.59749
26120000 5.59801
26130000 5.59873
26140000 5.59937
26150000 5.59994
26160000 5.60056
26170000 5.60115
26180000 5.60184
26190000 5.60253
26200000 5.60297
26210000 5.60359
26220000 5.60416
26230000 5.60484
26240000 5.60557
26250000 5.6063
26260000 5.60691
26270000 5.60755
26280000 5.60816
26290000 5.60884
26300000 5.60966
26310000 5.61026
26320000 5.61079
26330000 5.6114
26340000 5.61198
26350000 5.61265
26360000 5.61326
26370000 5.61386
26380000 5.61448
26390000 5.61496
26400000 5.61576
26410000 5.61645
26420000 5.61689
26430000 5.61749
26440000 5.61808
26450000 5.61871
26460000 5.61948
26470000 5.6202
26480000 5.6208
26490000 5.62145
26500000 5.62203
26510000 5.62272
26520000 5.62344
26530000 5.62412
26540000 5.62466
26550000 5.62528
26560000 5.62583
26570000 5.62643
26580000 5.62704
26590000 5.62772
26600000 5.62836
26610000 5.62886
26620000 5.6296
26630000 5.63026
26640000 5.6308
26650000 5.63134
26660000 5.63193
26670000 5.63253
26680000 5.63326
26690000 5.63403
26700000 5.63464
26710000 5.63524
26720000 5.63585
26730000 5.63654
26740000 5.63726
26750000 5.63792
26760000 5.63848
26770000 5.63909
26780000 5.63967
26790000 5.64023
26800000 5.64087
26810000 5.64153
26820000 5.64216
26830000 5.64264
26840000 5.64334
26850000 5.644
26860000 5.6446
26870000 5.64511
26880000 5.64573
26890000 5.6463
26900000 5.64697
26910000 5.64779
26920000 5.64848
26930000 5.64896
26940000 5.64959
26950000 5.65026
26960000 5.651
26970000 5.65168
26980000 5.65222
26990000 5.65283
27000000 5.6534
27010000 5.65397
27020000 5.6546
27030000 5.65527
27040000 5.65586
27050000 5.65638
27060000 5.65707
27070000 5.65769
27080000 5.65831
27090000 5.65883
27100000 5.65945
27110000 5.65999
27120000 5.66065
27130000 5.66151
27140000 5.66219
27150000 5.66266
27160000 5.66329
27170000 5.66396
27180000 5.66458
27190000 5.66535
27200000 5.66592
27210000 5.66652
27220000 5.66708
27230000 5.66758
27240000 5.66829
27250000 5.66894
27260000 5.66954
27270000 5.67005
27280000 5.67072
27290000 5.67136
27300000 5.67197
27310000 5.67243
27320000 5.6731
27330000 5.67364
27340000 5.67416
27350000 5.675
27360000 5.67583
27370000 5.67627
27380000 5.67698
27390000 5.67761
27400000 5.67827
27410000 5.67897
27420000 5.67954
27430000 5.68014
27440000 5.6807
27450000 5.6812
27460000 5.6818
27470000 5.68255
27480000 5.68313
27490000 5.68367
27500000 5.68432
27510000 5.68491
27520000 5.68559
27530000 5.68603
27540000 5.68665
27550000 5.68723
27560000 5.6878
27570000 5.6886
27580000 5.68941
27590000 5.68987
27600000 5.69051
27610000 5.69119
27620000 5.69185
27630000 5.69254
27640000 5.6931
27650000 5.6937
27660000 5.69426
27670000 5.69476
27680000 5.69546
27690000 5.69609
27700000 5.69668
27710000 5.69725
27720000 5.69787
27730000 5.69848
27740000 5.69914
27750000 5.69958
27760000 5.70017
27770000 5.70073
27780000 5.70136
27790000 5.70213
27800000 5.7029
27810000 5.70339
27820000 5.70403
27830000 5.70471
27840000 5.70525
27850000 5.70605
27860000 5.70661
27870000 5.70719
27880000 5.70776
27890000 5.70827
27900000 5.70896
27910000 5.70958
27920000 5.71012
27930000 5.71073
27940000 5.71129
27950000 5.71196
27960000 5.71263
27970000 5.71305
27980000 5.71364
27990000 5.7142
28000000 5.71485
28010000 5.71555
28020000 5.71627
28030000 5.71685
28040000 5.71747
28050000 5.71806
28060000 5.71871
28070000 5.7195
28080000 5.72008
28090000 5.7206
28100000 5.72118
28110000 5.72174
28120000 5.72238
28130000 5.72298
28140000 5.72355
28150000 5.72415
28160000 5.72462
28170000 5.72538
28180000 5.72605
28190000 5.72647
28200000 5.72706
28210000 5.72762
28220000 5.72822
28230000 5.72898
28240000 5.72967
28250000 5.73025
28260000 5.73088
28270000 5.73143
28280000 5.7321
28290000 5.7328
28300000 5.73346
28310000 5.73398
28320000 5.73457
28330000 5.7351
28340000 5.73568
28350000 5.73627
28360000 5.73693
28370000 5.73754
28380000 5.73802
28390000 5.73873
28400000 5.73938
28410000 5.7399
28420000 5.74041
28430000 5.74099
28440000 5.74156
28450000 5.74226
28460000 5.74301
28470000 5.7436
28480000 5.74418
28490000 5.74477
28500000 5.74544
28510000 5.74613
28520000 5.74677
28530000 5.74731
28540000 5.7479
28550000 5.74845
28560000 5.749
28570000 5.74961
28580000 5.75025
28590000 5.75085
28600000 5.75132
28610000 5.752
28620000 5.75263
28630000 5.75321
28640000 5.75371
28650000 5.7543
28660000 5.75485
28670000 5.7555
28680000 5.75629
28690000 5.75688
28700000 5.75743
28710000 5.75804
28720000 5.75868
28730000 5.7594
28740000 5.76004
28750000 5.76057
28760000 5.76113
28770000 5.76171
28780000 5.76225
28790000 5.76287
28800000 5.76351
28810000 5.76408
28820000 5.76458
28830000 5.76524
28840000 5.76586
28850000 5.76645
28860000 5.76694
28870000 5.76754
28880000 5.76806
28890000 5.7687
28900000 5.76954
28910000 5.77019
28920000 5.77064
28930000 5.77125
28940000 5.7719
28950000 5.7725
28960000 5.77324
28970000 5.77379
28980000 5.77437
28990000 5.77491
29000000 5.77539
29010000 5.77608
29020000 5.77671
29030000 5.77728
29040000 5.77778
29050000 5.77842
29060000 5.77904
29070000 5.77963
29080000 5.78007
29090000 5.78072
29100000 5.78125
29110000 5.78174
29120000 5.78255
29130000 5.78336
29140000 5.78378
29150000 5.78448
29160000 5.78507
29170000 5.78571
29180000 5.7864
29190000 5.78695
29200000 5.78752
29210000 5.78806
29220000 5.78854
29230000 5.78912
29240000 5.78984
29250000 5.7904
29260000 5.79093
29270000 5.79155
29280000 5.79213
29290000 5.79278
29300000 5.7932
29310000 5.7938
29320000 5.79436
29330000 5.79491
29340000 5.79568
29350000 5.79647
29360000 5.79691
29370000 5.79754
29380000 5.79819
29390000 5.79883
29400000 5.7995
29410000 5.80003
29420000 5.80061
29430000 5.80116
29440000 5.80164
29450000 5.80231
29460000 5.80292
29470000 5.80349
29480000 5.80404
29490000 5.80463
29500000 5.80522
29510000 5.80586
29520000 5.80629
29530000 5.80686
29540000 5.80739
29550000 5.80801
29560000 5.80875
29570000 5.8095
29580000 5.80997
29590000 5.81059
29600000 5.81125
29610000 5.81177
29620000 5.81255
29630000 5.81308
29640000 5.81364
29650000 5.81419
29660000 5.81468
29670000 5.81535
29680000 5.81594
29690000 5.81647
29700000 5.81705
29710000 5.8176
29720000 5.81825
29730000 5.81889
29740000 5.81929
29750000 5.81986
29760000 5.8204
29770000 5.82104
29780000 5.82172
29790000 5.82241
29800000 5.82297
29810000 5.82357
29820000 5.82414
29830000 5.82477
29840000 5.82554
29850000 5.8261
29860000 5.82663
29870000 5.82715
29880000 5.8277
29890000 5.82832
29900000 5.82889
29910000 5.82944
29920000 5.83002
29930000 5.83049
29940000 5.83121
29950000 5.83186
29960000 5.83226
29970000 5.83283
29980000 5.83337
29990000 5.83395
30000000 5.83468
