10000 8.0672
20000 6.21911
30000 5.57947
40000 5.26048
50000 5.06596
60000 4.92882
70000 4.82329
80000 4.73761
90000 4.66392
100000 4.59921
110000 4.54183
120000 4.4899
130000 4.44302
140000 4.40061
150000 4.36144
160000 4.32503
170000 4.29165
180000 4.26068
190000 4.23192
200000 4.20534
210000 4.17984
220000 4.15628
230000 4.13415
240000 4.11299
250000 4.09415
260000 4.07573
270000 4.05813
280000 4.04104
290000 4.02566
300000 4.01131
310000 3.99734
320000 3.98359
330000 3.97077
340000 3.95836
350000 3.94689
360000 3.93674
370000 3.92683
380000 3.91624
390000 3.90708
400000 3.89844
410000 3.8898
420000 3.88261
430000 3.87469
440000 3.8675
450000 3.86063
460000 3.85372
470000 3.84802
480000 3.84221
490000 3.83625
500000 3.83034
510000 3.82544
520000 3.8207
530000 3.81596
540000 3.81076
550000 3.80643
560000 3.8019
570000 3.7974
580000 3.79491
590000 3.79156
600000 3.78733
610000 3.78436
620000 3.78148
630000 3.77852
640000 3.77637
650000 3.77348
660000 3.77117
670000 3.76874
680000 3.76599
690000 3.76467
700000 3.76288
710000 3.76077
720000 3.75867
730000 3.75717
740000 3.75568
750000 3.75446
760000 3.75234
770000 3.75099
780000 3.74961
790000 3.74812
800000 3.74774
810000 3.7475
820000 3.74578
830000 3.7453
840000 3.74477
850000 3.74409
860000 3.74405
870000 3.74329
880000 3.74306
890000 3.74262
900000 3.74179
910000 3.74171
920000 3.74223
930000 3.74194
940000 3.74168
950000 3.74168
960000 3.74176
970000 3.74215
980000 3.74157
990000 3.74153
1000000 3.74161
1010000 3.74157
1020000 3.7425
1030000 3.7434
1040000 3.74319
1050000 3.74372
1060000 3.7446
1070000 3.74468
1080000 3.74612
1090000 3.74648
1100000 3.74724
1110000 3.74783
1120000 3.74809
1130000 3.74914
1140000 3.75032
1150000 3.75074
1160000 3.75155
1170000 3.75245
1180000 3.75338
1190000 3.75468
1200000 3.75484
1210000 3.75562
1220000 3.75632
1230000 3.75738
1240000 3.75878
1250000 3.76059
1260000 3.76107
1270000 3.76225
1280000 3.76379
1290000 3.76455
1300000 3.76663
1310000 3.76757
1320000 3.7689
1330000 3.76991
1340000 3.77095
1350000 3.77253
1360000 3.77423
1370000 3.77521
1380000 3.77654
1390000 3.77753
1400000 3.7794
1410000 3.78114
1420000 3.78178
1430000 3.78309
1440000 3.78422
1450000 3.78587
1460000 3.78752
1470000 3.78948
1480000 3.79078
1490000 3.79236
1500000 3.79383
1510000 3.79547
1520000 3.7974
1530000 3.79931
1540000 3.80057
1550000 3.80222
1560000 3.80365
1570000 3.80534
1580000 3.80698
1590000 3.80892
1600000 3.81058
1610000 3.81175
1620000 3.81401
1630000 3.81606
1640000 3.81725
1650000 3.81862
1660000 3.82012
1670000 3.82183
1680000 3.82403
1690000 3.82611
1700000 3.82775
1710000 3.82955
1720000 3.83113
1730000 3.83309
1740000 3.83526
1750000 3.83731
1760000 3.83894
1770000 3.84077
1780000 3.84257
1790000 3.84423
1800000 3.84624
1810000 3.84839
1820000 3.8502
1830000 3.85158
1840000 3.85386
1850000 3.85607
1860000 3.85763
1870000 3.85919
1880000 3.86095
1890000 3.86268
1900000 3.86472
1910000 3.86741
1920000 3.86921
1930000 3.87091
1940000 3.87295
1950000 3.87505
1960000 3.87739
1970000 3.87964
1980000 3.88136
1990000 3.88322
2000000 3.88525
2010000 3.88702
2020000 3.88922
2030000 3.89146
2040000 3.89343
2050000 3.89494
2060000 3.89721
2070000 3.89946
2080000 3.90139
2090000 3.90301
2100000 3.90496
2110000 3.90669
2120000 3.90881
2130000 3.91171
2140000 3.914
2150000 3.9154
2160000 3.9175
2170000 3.91976
2180000 3.92177
2190000 3.92453
2200000 3.92635
2210000 3.92841
2220000 3.93037
2230000 3.93226
2240000 3.93451
2250000 3.93686
2260000 3.93883
2270000 3.94053
2280000 3.94294
2290000 3.94514
2300000 3.94718
2310000 3.94876
2320000 3.95095
2330000 3.95275
2340000 3.95446
2350000 3.95792
2360000 3.96022
2370000 3.96168
2380000 3.96402
2390000 3.96626
2400000 3.96849
2410000 3.97108
2420000 3.97299
2430000 3.97516
2440000 3.97715
2450000 3.97886
2460000 3.98142
2470000 3.98377
2480000 3.98576
2490000 3.98761
2500000 3.98991
2510000 3.99206
2520000 3.99437
2530000 3.99589
2540000 3.99805
2550000 4.00007
2560000 4.00182
2570000 4.00479
2580000 4.00765
2590000 4.00911
2600000 4.01157
2610000 4.01386
2620000 4.01608
2630000 4.01865
2640000 4.02061
2650000 4.02284
2660000 4.02487
2670000 4.02662
2680000 4.02897
2690000 4.03152
2700000 4.0336
2710000 4.0356
2720000 4.03782
2730000 4.03998
2740000 4.0424
2750000 4.04395
2760000 4.04602
2770000 4.04811
2780000 4.05008
2790000 4.05288
2800000 4.0556
2810000 4.05732
2820000 4.0596
2830000 4.06211
2840000 4.06398
2850000 4.0669
2860000 4.0689
2870000 4.0711
2880000 4.07317
2890000 4.075
2900000 4.07746
2910000 4.07985
2920000 4.08176
2930000 4.08392
2940000 4.08616
2950000 4.08838
2960000 4.09085
2970000 4.09236
2980000 4.09444
2990000 4.09641
3000000 4.09868
3010000 4.10123
3020000 4.10412
3030000 4.10584
3040000 4.10809
3050000 4.11062
3060000 4.1125
3070000 4.11545
3080000 4.11743
3090000 4.11961
3100000 4.1216
3110000 4.12356
3120000 4.12599
3130000 4.12839
3140000 4.13032
3150000 4.13249
3160000 4.13439
3170000 4.13696
3180000 4.1394
3190000 4.14092
3200000 4.14304
3210000 4.14499
3220000 4.14735
3230000 4.14976
3240000 4.15239
3250000 4.15445
3260000 4.15665
3270000 4.15883
3280000 4.16113
3290000 4.16366
3300000 4.1661
3310000 4.168
3320000 4.17015
3330000 4.17216
3340000 4.17437
3350000 4.17647
3360000 4.1789
3370000 4.18106
3380000 4.18285
3390000 4.1855
3400000 4.18796
3410000 4.18972
3420000 4.19159
3430000 4.19361
3440000 4.19579
3450000 4.19841
3460000 4.20091
3470000 4.20303
3480000 4.20525
3490000 4.20724
3500000 4.20958
3510000 4.21212
3520000 4.21447
3530000 4.21647
3540000 4.2186
3550000 4.22073
3560000 4.22272
3570000 4.22496
3580000 4.22736
3590000 4.22953
3600000 4.23127
3610000 4.23379
3620000 4.2362
3630000 4.23809
3640000 4.23997
3650000 4.24203
3660000 4.24407
3670000 4.24637
3680000 4.24925
3690000 4.25135
3700000 4.25332
3710000 4.25555
3720000 4.25786
3730000 4.26041
3740000 4.2628
3750000 4.26474
3760000 4.26684
3770000 4.26896
3780000 4.27093
3790000 4.2732
3800000 4.27557
3810000 4.27772
3820000 4.27946
3830000 4.28185
3840000 4.28417
3850000 4.28627
3860000 4.28808
3870000 4.29019
3880000 4.29211
3890000 4.29437
3900000 4.29733
3910000 4.2997
3920000 4.30134
3930000 4.30352
3940000 4.30585
3950000 4.30801
3960000 4.31075
3970000 4.31269
3980000 4.3148
3990000 4.31682
4000000 4.31881
4010000 4.32104
4020000 4.32341
4030000 4.32548
4040000 4.32728
4050000 4.32972
4060000 4.33191
4070000 4.33402
4080000 4.33571
4090000 4.33795
4100000 4.33983
4110000 4.34165
4120000 4.34504
4130000 4.34734
4140000 4.34895
4150000 4.35128
4160000 4.35351
4170000 4.35577
4180000 4.35829
4190000 4.36025
4200000 4.36238
4210000 4.36437
4220000 4.36613
4230000 4.36858
4240000 4.37088
4250000 4.37289
4260000 4.37477
4270000 4.37704
4280000 4.37916
4290000 4.38141
4300000 4.38299
4310000 4.38515
4320000 4.38717
4330000 4.38896
4340000 4.39182
4350000 4.39461
4360000 4.39612
4370000 4.39853
4380000 4.40074
4390000 4.40295
4400000 4.4054
4410000 4.40734
4420000 4.40947
4430000 4.41145
4440000 4.4132
4450000 4.41521
4460000 4.41785
4470000 4.41988
4480000 4.42171
4490000 4.42401
4500000 4.42609
4510000 4.42841
4520000 4.42996
4530000 4.43198
4540000 4.43402
4550000 4.43596
4560000 4.43863
4570000 4.44136
4580000 4.44296
4590000 4.44516
4600000 4.4475
4610000 4.44938
4620000 4.45211
4630000 4.45405
4640000 4.45612
4650000 4.45808
4660000 4.45986
4670000 4.46219
4680000 4.46441
4690000 4.46626
4700000 4.46833
4710000 4.47047
4720000 4.47258
4730000 4.4749
4740000 4.47641
4750000 4.47838
4760000 4.48028
4770000 4.48244
4780000 4.48487
4790000 4.48759
4800000 4.48927
4810000 4.49141
4820000 4.49378
4830000 4.4956
4840000 4.49833
4850000 4.50023
4860000 4.50225
4870000 4.50413
4880000 4.50599
4890000 4.50826
4900000 4.51046
4910000 4.51231
4920000 4.51435
4930000 4.51617
4940000 4.51856
4950000 4.52083
4960000 4.5223
4970000 4.52429
4980000 4.52615
4990000 4.52837
5000000 4.53064
5010000 4.5331
5020000 4.53507
5030000 4.53714
5040000 4.53918
5050000 4.54134
5060000 4.54369
5070000 4.54596
5080000 4.54773
5090000 4.54972
5100000 4.55161
5110000 4.55381
5120000 4.5556
5130000 4.55784
5140000 4.55986
5150000 4.56156
5160000 4.564
5170000 4.56627
5180000 4.56793
5190000 4.56969
5200000 4.57158
5210000 4.57362
5220000 4.57605
5230000 4.57838
5240000 4.58022
5250000 4.58245
5260000 4.58431
5270000 4.58648
5280000 4.58883
5290000 4.59098
5300000 4.59285
5310000 4.59481
5320000 4.59677
5330000 4.5986
5340000 4.60066
5350000 4.60287
5360000 4.60488
5370000 4.60651
5380000 4.60883
5390000 4.61103
5400000 4.6128
5410000 4.61454
5420000 4.61646
5430000 4.61836
5440000 4.6205
5450000 4.62314
5460000 4.62511
5470000 4.62695
5480000 4.629
5490000 4.63108
5500000 4.63348
5510000 4.63566
5520000 4.63745
5530000 4.63937
5540000 4.64131
5550000 4.64312
5560000 4.64519
5570000 4.64735
5580000 4.64934
5590000 4.65095
5600000 4.65315
5610000 4.65526
5620000 4.6572
5630000 4.65887
5640000 4.66082
5650000 4.6626
5660000 4.66469
5670000 4.66737
5680000 4.66957
5690000 4.67112
5700000 4.67312
5710000 4.67525
5720000 4.67724
5730000 4.67973
5740000 4.68151
5750000 4.68344
5760000 4.68528
5770000 4.6871
5780000 4.68911
5790000 4.69127
5800000 4.69318
5810000 4.69484
5820000 4.69706
5830000 4.69905
5840000 4.70099
5850000 4.70254
5860000 4.7046
5870000 4.70634
5880000 4.70801
5890000 4.71112
5900000 4.71322
5910000 4.71473
5920000 4.71685
5930000 4.71888
5940000 4.72096
5950000 4.72323
5960000 4.72503
5970000 4.72696
5980000 4.72877
5990000 4.73038
6000000 4.73259
6010000 4.73467
6020000 4.73651
6030000 4.73824
6040000 4.74031
6050000 4.74223
6060000 4.74429
6070000 4.74573
6080000 4.7477
6090000 4.74956
6100000 4.7512
6110000 4.75382
6120000 4.75636
6130000 4.75776
6140000 4.75997
6150000 4.76197
6160000 4.764
6170000 4.76621
6180000 4.76798
6190000 4.76991
6200000 4.77169
6210000 4.77329
6220000 4.77513
6230000 4.77748
6240000 4.77934
6250000 4.78101
6260000 4.7831
6270000 4.78499
6280000 4.78709
6290000 4.78846
6300000 4.79036
6310000 4.79222
6320000 4.79399
6330000 4.79643
6340000 4.79892
6350000 4.80039
6360000 4.8024
6370000 4.80451
6380000 4.80623
6390000 4.8087
6400000 4.81047
6410000 4.81233
6420000 4.81411
6430000 4.81572
6440000 4.81784
6450000 4.81982
6460000 4.82151
6470000 4.8234
6480000 4.82533
6490000 4.82725
6500000 4.82936
6510000 4.83072
6520000 4.83252
6530000 4.83425
6540000 4.83622
6550000 4.83845
6560000 4.84091
6570000 4.84245
6580000 4.8444
6590000 4.84655
6600000 4.8482
6610000 4.85067
6620000 4.8524
6630000 4.85421
6640000 4.85591
6650000 4.85759
6660000 4.85965
6670000 4.86162
6680000 4.8633
6690000 4.86516
6700000 4.86681
6710000 4.86897
6720000 4.87103
6730000 4.87236
6740000 4.87417
6750000 4.87586
6760000 4.87788
6770000 4.87995
6780000 4.88219
6790000 4.88399
6800000 4.88588
6810000 4.88772
6820000 4.88968
6830000 4.89181
6840000 4.89387
6850000 4.89546
6860000 4.89724
6870000 4.89901
6880000 4.90094
6890000 4.90255
6900000 4.90457
6910000 4.9064
6920000 4.90784
6930000 4.91015
6940000 4.9122
6950000 4.91371
6960000 4.9153
6970000 4.91702
6980000 4.91887
6990000 4.92109
7000000 4.92321
7010000 4.92488
7020000 4.92691
7030000 4.92859
7040000 4.93067
7050000 4.9327
7060000 4.93472
7070000 4.93632
7080000 4.93808
7090000 4.93985
7100000 4.9415
7110000 4.94336
7120000 4.94534
7130000 4.94717
7140000 4.94865
7150000 4.95081
7160000 4.95278
7170000 4.95434
7180000 4.95591
7190000 4.95765
7200000 4.95938
7210000 4.96132
7220000 4.96373
7230000 4.96552
7240000 4.96719
7250000 4.96904
7260000 4.97093
7270000 4.97311
7280000 4.97506
7290000 4.97668
7300000 4.97841
7310000 4.98016
7320000 4.98179
7330000 4.98366
7340000 4.9856
7350000 4.9874
7360000 4.98886
7370000 4.99086
7380000 4.99276
7390000 4.99451
7400000 4.99602
7410000 4.99779
7420000 4.9994
7430000 5.00131
7440000 5.00374
7450000 5.00574
7460000 5.00715
7470000 5.00896
7480000 5.01089
7490000 5.01268
7500000 5.01494
7510000 5.01655
7520000 5.01829
7530000 5.01994
7540000 5.02158
7550000 5.02338
7560000 5.02534
7570000 5.02707
7580000 5.02857
7590000 5.03058
7600000 5.03237
7610000 5.03414
7620000 5.03553
7630000 5.03739
7640000 5.03897
7650000 5.04085
7660000 5.04332
7670000 5.04523
7680000 5.0466
7690000 5.04852
7700000 5.05035
7710000 5.05212
7720000 5.05429
7730000 5.05591
7740000 5.05765
7750000 5.05928
7760000 5.06073
7770000 5.06272
7780000 5.0646
7790000 5.06621
7800000 5.06783
7810000 5.0697
7820000 5.07143
7830000 5.07329
7840000 5.0746
7850000 5.07638
7860000 5.07807
7870000 5.07955
7880000 5.08193
7890000 5.08425
7900000 5.08552
7910000 5.08753
7920000 5.08932
7930000 5.09117
7940000 5.09317
7950000 5.09477
7960000 5.0965
7970000 5.09811
7980000 5.09955
7990000 5.10122
8000000 5.10333
8010000 5.105
8020000 5.10652
8030000 5.10841
8040000 5.11011
8050000 5.11202
8060000 5.11325
8070000 5.11498
8080000 5.11666
8090000 5.11826
8100000 5.12049
8110000 5.12275
8120000 5.12409
8130000 5.12591
8140000 5.12782
8150000 5.12938
8160000 5.13161
8170000 5.13321
8180000 5.13489
8190000 5.13649
8200000 5.13794
8210000 5.13986
8220000 5.14163
8230000 5.14319
8240000 5.14487
8250000 5.14663
8260000 5.14837
8270000 5.15027
8280000 5.15149
8290000 5.15314
8300000 5.15471
8310000 5.15648
8320000 5.15851
8330000 5.16075
8340000 5.16214
8350000 5.16393
8360000 5.16587
8370000 5.16736
8380000 5.1696
8390000 5.17116
8400000 5.17279
8410000 5.17433
8420000 5.17584
8430000 5.17771
8440000 5.17947
8450000 5.18099
8460000 5.18267
8470000 5.18417
8480000 5.18613
8490000 5.18799
8500000 5.18918
8510000 5.19083
8520000 5.19236
8530000 5.19419
8540000 5.19608
8550000 5.19812
8560000 5.19976
8570000 5.20147
8580000 5.20313
8590000 5.20492
8600000 5.20685
8610000 5.20871
8620000 5.21014
8630000 5.21175
8640000 5.21334
8650000 5.21509
8660000 5.21653
8670000 5.21837
8680000 5.22003
8690000 5.22133
8700000 5.22344
8710000 5.22528
8720000 5.22665
8730000 5.22808
8740000 5.22964
8750000 5.23132
8760000 5.23335
8770000 5.23528
8780000 5.23679
8790000 5.23865
8800000 5.24017
8810000 5.24205
8820000 5.24389
8830000 5.24572
8840000 5.24716
8850000 5.24875
8860000 5.25035
8870000 5.25184
8880000 5.25351
8890000 5.25531
8900000 5.25697
8910000 5.2583
8920000 5.26027
8930000 5.26206
8940000 5.26346
8950000 5.26488
8960000 5.26646
8970000 5.26803
8980000 5.2699
8990000 5.272
9000000 5.27364
9010000 5.27514
9020000 5.27682
9030000 5.27854
9040000 5.28052
9050000 5.28229
9060000 5.28375
9070000 5.28531
9080000 5.2869
9090000 5.28836
9100000 5.29006
9110000 5.29181
9120000 5.29345
9130000 5.29477
9140000 5.29659
9150000 5.2983
9160000 5.29989
9170000 5.30125
9180000 5.30286
9190000 5.30433
9200000 5.30607
9210000 5.30829
9220000 5.31011
9230000 5.31139
9240000 5.31303
9250000 5.31478
9260000 5.31641
9270000 5.31847
9280000 5.31992
9290000 5.32149
9300000 5.32298
9310000 5.32446
9320000 5.3261
9330000 5.32786
9340000 5.32944
9350000 5.33079
9360000 5.33262
9370000 5.33424
9380000 5.33585
9390000 5.33711
9400000 5.33881
9410000 5.34023
9420000 5.34195
9430000 5.34422
9440000 5.34595
9450000 5.34721
9460000 5.34894
9470000 5.35061
9480000 5.35222
9490000 5.35418
9500000 5.35566
9510000 5.35722
9520000 5.3587
9530000 5.36001
9540000 5.36182
9550000 5.36351
9560000 5.36498
9570000 5.36645
9580000 5.36815
9590000 5.36972
9600000 5.37141
9610000 5.37259
9620000 5.37421
9630000 5.37574
9640000 5.37709
9650000 5.37927
9660000 5.3814
9670000 5.38256
9680000 5.38438
9690000 5.38601
9700000 5.3877
9710000 5.38951
9720000 5.39096
9730000 5.39252
9740000 5.39398
9750000 5.39528
9760000 5.39679
9770000 5.3987
9780000 5.40023
9790000 5.40161
9800000 5.40333
9810000 5.40487
9820000 5.40661
9830000 5.40772
9840000 5.40929
9850000 5.41082
9860000 5.41228
9870000 5.41432
9880000 5.4164
9890000 5.41761
9900000 5.41927
9910000 5.42101
9920000 5.42243
9930000 5.42446
9940000 5.42589
9950000 5.42743
9960000 5.42888
9970000 5.43019
9980000 5.43194
9990000 5.43354
10000000 5.43495
