1 87.1131
2 37.5719
3 24.1361
4 17.4295
5 14.4603
6 11.2133
7 9.94431
8 9.1774
9 8.31567
10 7.87657
11 7.60356
12 7.29043
13 7.18224
14 6.92191
15 6.72545
16 6.65955
17 6.50414
18 6.36856
19 6.32104
20 6.16939
21 6.14803
22 6.03578
23 5.9359
24 5.91923
25 5.81284
26 5.71847
27 5.78807
28 5.64868
29 5.62982
30 5.51105
31 5.51871
32 5.45152
33 5.43413
34 5.38793
35 5.33413
36 5.32491
37 5.30889
38 5.26142
39 5.19984
40 5.20431
41 5.14669
42 5.19456
43 5.08522
44 5.0632
45 5.0812
46 5.04149
47 5.0046
48 5.0099
49 4.97493
50 4.99882
51 4.94887
52 4.91023
53 4.90113
54 4.92842
55 4.88008
56 4.84657
57 4.8483
58 4.80707
59 4.76518
60 4.86006
61 4.76804
62 4.75747
63 4.76615
64 4.74804
65 4.70217
66 4.70461
67 4.69216
68 4.69499
69 4.67222
70 4.66838
71 4.66947
72 4.63704
73 4.68698
74 4.63731
75 4.64795
76 4.61865
77 4.62356
78 4.63535
79 4.55225
80 4.65886
81 4.5526
82 4.55957
83 4.58905
84 4.54289
85 4.50068
86 4.64854
87 4.52654
88 4.58148
89 4.46683
90 4.52617
91 4.46985
92 4.45388
93 4.46171
94 4.45546
95 4.47851
96 4.46745
97 4.46906
98 4.4298
99 4.4347
100 4.43329
