10000 10.7611
20000 7.62402
30000 6.47172
40000 5.89836
50000 5.56361
60000 5.34479
70000 5.18671
80000 5.06397
90000 4.96493
100000 4.88122
110000 4.80854
120000 4.74389
130000 4.68715
140000 4.63497
150000 4.58779
160000 4.54508
170000 4.5052
180000 4.46721
190000 4.43186
200000 4.39937
210000 4.36867
220000 4.34024
230000 4.3133
240000 4.28778
250000 4.26357
260000 4.24154
270000 4.22072
280000 4.20112
290000 4.18262
300000 4.16413
310000 4.14675
320000 4.13043
330000 4.11516
340000 4.10059
350000 4.08723
360000 4.07343
370000 4.06024
380000 4.04884
390000 4.03805
400000 4.02686
410000 4.01609
420000 4.00565
430000 3.99664
440000 3.98674
450000 3.97842
460000 3.96943
470000 3.96074
480000 3.95288
490000 3.946
500000 3.93927
510000 3.93295
520000 3.92606
530000 3.91922
540000 3.9134
550000 3.90717
560000 3.90098
570000 3.89629
580000 3.89091
590000 3.88622
600000 3.88183
610000 3.8777
620000 3.87267
630000 3.86765
640000 3.86358
650000 3.85924
660000 3.85564
670000 3.85136
680000 3.8479
690000 3.84458
700000 3.84138
710000 3.83887
720000 3.83678
730000 3.83445
740000 3.83189
750000 3.82823
760000 3.82566
770000 3.82366
780000 3.82138
790000 3.82008
800000 3.81757
810000 3.81529
820000 3.81349
830000 3.81313
840000 3.81147
850000 3.80961
860000 3.80792
870000 3.80705
880000 3.80528
890000 3.80393
900000 3.80277
910000 3.80121
920000 3.80012
930000 3.79972
940000 3.79896
950000 3.79883
960000 3.7978
970000 3.79662
980000 3.79606
990000 3.79529
1000000 3.79418
1010000 3.79351
1020000 3.79385
1030000 3.79359
1040000 3.79348
1050000 3.79363
1060000 3.79277
1070000 3.79172
1080000 3.7913
1090000 3.79114
1100000 3.79118
1110000 3.79045
1120000 3.79049
1130000 3.79072
1140000 3.78975
1150000 3.79124
1160000 3.79241
1170000 3.79234
1180000 3.7932
1190000 3.79251
1200000 3.79252
1210000 3.79327
1220000 3.79362
1230000 3.79391
1240000 3.7947
1250000 3.79484
1260000 3.79567
1270000 3.7964
1280000 3.79767
1290000 3.79818
1300000 3.79838
1310000 3.79875
1320000 3.79984
1330000 3.80016
1340000 3.80097
1350000 3.80125
1360000 3.80158
1370000 3.80282
1380000 3.80414
1390000 3.80448
1400000 3.80623
1410000 3.80668
1420000 3.8076
1430000 3.80846
1440000 3.80888
1450000 3.80936
1460000 3.81113
1470000 3.81239
1480000 3.81323
1490000 3.81504
1500000 3.81552
1510000 3.81614
1520000 3.8164
1530000 3.81762
1540000 3.81856
1550000 3.81954
1560000 3.82053
1570000 3.82162
1580000 3.82228
1590000 3.82479
1600000 3.82585
1610000 3.82772
1620000 3.82959
1630000 3.82999
1640000 3.8308
1650000 3.83262
1660000 3.83391
1670000 3.83482
1680000 3.83675
1690000 3.83764
1700000 3.83941
1710000 3.84088
1720000 3.84286
1730000 3.84407
1740000 3.84518
1750000 3.84641
1760000 3.84815
1770000 3.84919
1780000 3.85074
1790000 3.85194
1800000 3.85273
1810000 3.85443
1820000 3.85588
1830000 3.85762
1840000 3.85978
1850000 3.86109
1860000 3.86253
1870000 3.86395
1880000 3.8652
1890000 3.86606
1900000 3.86838
1910000 3.8699
1920000 3.87153
1930000 3.87358
1940000 3.87507
1950000 3.87608
1960000 3.87698
1970000 3.87854
1980000 3.87987
1990000 3.88144
2000000 3.88289
2010000 3.88431
2020000 3.88567
2030000 3.88778
2040000 3.89006
2050000 3.89239
2060000 3.89434
2070000 3.89549
2080000 3.89679
2090000 3.89842
2100000 3.9003
2110000 3.9019
2120000 3.90428
2130000 3.90549
2140000 3.907
2150000 3.90944
2160000 3.91176
2170000 3.91336
2180000 3.91484
2190000 3.9163
2200000 3.91831
2210000 3.91953
2220000 3.92153
2230000 3.92304
2240000 3.92427
2250000 3.92607
2260000 3.92826
2270000 3.92989
2280000 3.93227
2290000 3.93385
2300000 3.93522
2310000 3.93729
2320000 3.93869
2330000 3.93999
2340000 3.94239
2350000 3.94404
2360000 3.94602
2370000 3.94804
2380000 3.95017
2390000 3.9514
2400000 3.95244
2410000 3.9543
2420000 3.9558
2430000 3.95776
2440000 3.95901
2450000 3.96087
2460000 3.96277
2470000 3.96467
2480000 3.96709
2490000 3.96983
2500000 3.97205
2510000 3.97394
2520000 3.97487
2530000 3.97661
2540000 3.97869
2550000 3.98041
2560000 3.98303
2570000 3.98443
2580000 3.98614
2590000 3.98801
2600000 3.9911
2610000 3.99291
2620000 3.99452
2630000 3.99617
2640000 3.99825
2650000 3.99988
2660000 4.00156
2670000 4.00338
2680000 4.00487
2690000 4.00674
2700000 4.00905
2710000 4.01073
2720000 4.01326
2730000 4.01498
2740000 4.01651
2750000 4.01853
2760000 4.02023
2770000 4.02165
2780000 4.02347
2790000 4.02601
2800000 4.02802
2810000 4.03001
2820000 4.03229
2830000 4.03364
2840000 4.0348
2850000 4.03653
2860000 4.03844
2870000 4.0405
2880000 4.04181
2890000 4.04379
2900000 4.04595
2910000 4.04695
2920000 4.05018
2930000 4.05315
2940000 4.05481
2950000 4.05732
2960000 4.05845
2970000 4.06015
2980000 4.06243
2990000 4.06434
3000000 4.06613
3010000 4.06838
3020000 4.07013
3030000 4.0724
3040000 4.07452
3050000 4.07699
3060000 4.0789
3070000 4.08045
3080000 4.08217
3090000 4.08436
3100000 4.08596
3110000 4.08793
3120000 4.08949
3130000 4.09104
3140000 4.09335
3150000 4.09555
3160000 4.09707
3170000 4.09979
3180000 4.10141
3190000 4.10339
3200000 4.10526
3210000 4.10678
3220000 4.10834
3230000 4.11097
3240000 4.11312
3250000 4.11489
3260000 4.1175
3270000 4.11895
3280000 4.12057
3290000 4.12177
3300000 4.12386
3310000 4.12568
3320000 4.12743
3330000 4.12937
3340000 4.13131
3350000 4.13284
3360000 4.13601
3370000 4.13788
3380000 4.14048
3390000 4.14303
3400000 4.1443
3410000 4.14586
3420000 4.14831
3430000 4.15028
3440000 4.15186
3450000 4.15438
3460000 4.15598
3470000 4.15838
3480000 4.16046
3490000 4.1629
3500000 4.1647
3510000 4.16645
3520000 4.16824
3530000 4.17041
3540000 4.17205
3550000 4.17403
3560000 4.17581
3570000 4.17719
3580000 4.17933
3590000 4.18133
3600000 4.18333
3610000 4.18586
3620000 4.18768
3630000 4.1896
3640000 4.19148
3650000 4.19319
3660000 4.19458
3670000 4.19722
3680000 4.19916
3690000 4.20113
3700000 4.20351
3710000 4.20541
3720000 4.20688
3730000 4.2082
3740000 4.21017
3750000 4.21192
3760000 4.21385
3770000 4.21568
3780000 4.21751
3790000 4.21924
3800000 4.22165
3810000 4.22421
3820000 4.22683
3830000 4.22906
3840000 4.23063
3850000 4.23227
3860000 4.23421
3870000 4.23635
3880000 4.23819
3890000 4.24077
3900000 4.24231
3910000 4.24416
3920000 4.24679
3930000 4.24921
3940000 4.25108
3950000 4.25282
3960000 4.25454
3970000 4.25666
3980000 4.25818
3990000 4.26029
4000000 4.26207
4010000 4.26355
4020000 4.26554
4030000 4.26787
4040000 4.26959
4050000 4.27205
4060000 4.27385
4070000 4.27547
4080000 4.27767
4090000 4.27928
4100000 4.28081
4110000 4.28329
4120000 4.28513
4130000 4.28722
4140000 4.28931
4150000 4.29157
4160000 4.293
4170000 4.29425
4180000 4.29624
4190000 4.29794
4200000 4.30001
4210000 4.30147
4220000 4.30345
4230000 4.30547
4240000 4.30752
4250000 4.31001
4260000 4.3128
4270000 4.31507
4280000 4.31705
4290000 4.31823
4300000 4.32009
4310000 4.32224
4320000 4.32402
4330000 4.32665
4340000 4.32817
4350000 4.33003
4360000 4.33197
4370000 4.33505
4380000 4.33684
4390000 4.33857
4400000 4.34028
4410000 4.34233
4420000 4.34407
4430000 4.34579
4440000 4.34764
4450000 4.34922
4460000 4.35114
4470000 4.35342
4480000 4.35508
4490000 4.35755
4500000 4.35933
4510000 4.36096
4520000 4.363
4530000 4.36474
4540000 4.36625
4550000 4.36813
4560000 4.3706
4570000 4.37259
4580000 4.37455
4590000 4.37681
4600000 4.37824
4610000 4.37949
4620000 4.38125
4630000 4.38318
4640000 4.38524
4650000 4.38664
4660000 4.38862
4670000 4.39076
4680000 4.39187
4690000 4.39498
4700000 4.39789
4710000 4.39954
4720000 4.402
4730000 4.40323
4740000 4.40498
4750000 4.40719
4760000 4.40908
4770000 4.41086
4780000 4.41305
4790000 4.41484
4800000 4.41706
4810000 4.41912
4820000 4.42145
4830000 4.42335
4840000 4.42491
4850000 4.42661
4860000 4.42869
4870000 4.43028
4880000 4.43219
4890000 4.43377
4900000 4.4353
4910000 4.43752
4920000 4.43958
4930000 4.44111
4940000 4.44367
4950000 4.44529
4960000 4.44721
4970000 4.44904
4980000 4.45057
4990000 4.45213
5000000 4.45462
5010000 4.45669
5020000 4.4584
5030000 4.46088
5040000 4.46232
5050000 4.46392
5060000 4.46514
5070000 4.46715
5080000 4.46893
5090000 4.47065
5100000 4.47252
5110000 4.47441
5120000 4.47593
5130000 4.47893
5140000 4.48075
5150000 4.48324
5160000 4.48566
5170000 4.48696
5180000 4.48849
5190000 4.49082
5200000 4.49272
5210000 4.49425
5220000 4.49662
5230000 4.49819
5240000 4.5005
5250000 4.50248
5260000 4.50476
5270000 4.50649
5280000 4.50818
5290000 4.50989
5300000 4.51191
5310000 4.5135
5320000 4.51536
5330000 4.51708
5340000 4.51842
5350000 4.52044
5360000 4.52238
5370000 4.5242
5380000 4.52654
5390000 4.52829
5400000 4.53012
5410000 4.53193
5420000 4.53356
5430000 4.53495
5440000 4.5374
5450000 4.53925
5460000 4.54108
5470000 4.54332
5480000 4.54512
5490000 4.54651
5500000 4.54782
5510000 4.54969
5520000 4.55136
5530000 4.55321
5540000 4.55495
5550000 4.5567
5560000 4.55835
5570000 4.56063
5580000 4.56303
5590000 4.56551
5600000 4.5676
5610000 4.56913
5620000 4.5707
5630000 4.57254
5640000 4.57455
5650000 4.57627
5660000 4.57868
5670000 4.58015
5680000 4.58192
5690000 4.58437
5700000 4.58661
5710000 4.58837
5720000 4.59002
5730000 4.59163
5740000 4.59359
5750000 4.59504
5760000 4.59699
5770000 4.59867
5780000 4.60007
5790000 4.60194
5800000 4.6041
5810000 4.60569
5820000 4.60794
5830000 4.60965
5840000 4.61118
5850000 4.61325
5860000 4.61476
5870000 4.61622
5880000 4.61852
5890000 4.62026
5900000 4.6222
5910000 4.62412
5920000 4.62623
5930000 4.62759
5940000 4.62877
5950000 4.63063
5960000 4.63224
5970000 4.63418
5980000 4.63557
5990000 4.63742
6000000 4.63931
6010000 4.64125
6020000 4.64355
6030000 4.64617
6040000 4.64827
6050000 4.65012
6060000 4.65127
6070000 4.65302
6080000 4.65502
6090000 4.65667
6100000 4.6591
6110000 4.66053
6120000 4.66228
6130000 4.66409
6140000 4.6669
6150000 4.66858
6160000 4.6702
6170000 4.67179
6180000 4.67366
6190000 4.67529
6200000 4.67688
6210000 4.67859
6220000 4.68007
6230000 4.68185
6240000 4.68396
6250000 4.68547
6260000 4.68772
6270000 4.68939
6280000 4.69092
6290000 4.69282
6300000 4.69443
6310000 4.69584
6320000 4.69761
6330000 4.69989
6340000 4.70172
6350000 4.70351
6360000 4.70561
6370000 4.70694
6380000 4.70811
6390000 4.70976
6400000 4.71155
6410000 4.71346
6420000 4.71477
6430000 4.71661
6440000 4.71857
6450000 4.71964
6460000 4.72253
6470000 4.72523
6480000 4.72675
6490000 4.72903
6500000 4.7302
6510000 4.73183
6520000 4.73387
6530000 4.73563
6540000 4.73727
6550000 4.73927
6560000 4.74095
6570000 4.74301
6580000 4.74491
6590000 4.74703
6600000 4.7488
6610000 4.75024
6620000 4.75181
6630000 4.75371
6640000 4.75517
6650000 4.75693
6660000 4.7584
6670000 4.75981
6680000 4.76185
6690000 4.76373
6700000 4.76514
6710000 4.76747
6720000 4.76897
6730000 4.77074
6740000 4.77244
6750000 4.77386
6760000 4.77531
6770000 4.7776
6780000 4.7795
6790000 4.78107
6800000 4.78335
6810000 4.78468
6820000 4.78617
6830000 4.78729
6840000 4.78916
6850000 4.7908
6860000 4.7924
6870000 4.79412
6880000 4.79587
6890000 4.79706
6900000 4.80005
6910000 4.80173
6920000 4.80403
6930000 4.80627
6940000 4.80749
6950000 4.8089
6960000 4.81105
6970000 4.81281
6980000 4.81421
6990000 4.81638
7000000 4.81784
7010000 4.81997
7020000 4.8218
7030000 4.82387
7040000 4.82545
7050000 4.82702
7060000 4.82859
7070000 4.83043
7080000 4.83189
7090000 4.83358
7100000 4.83517
7110000 4.83641
7120000 4.83825
7130000 4.84006
7140000 4.8417
7150000 4.84382
7160000 4.84544
7170000 4.84712
7180000 4.8488
7190000 4.85029
7200000 4.85157
7210000 4.85382
7220000 4.85553
7230000 4.85719
7240000 4.85924
7250000 4.86091
7260000 4.86219
7270000 4.86338
7280000 4.86511
7290000 4.86666
7300000 4.86835
7310000 4.86996
7320000 4.87158
7330000 4.87309
7340000 4.87519
7350000 4.8774
7360000 4.87969
7370000 4.88162
7380000 4.88305
7390000 4.88449
7400000 4.88618
7410000 4.88804
7420000 4.88961
7430000 4.89181
7440000 4.89317
7450000 4.8948
7460000 4.89706
7470000 4.89909
7480000 4.9007
7490000 4.90223
7500000 4.90369
7510000 4.90548
7520000 4.9069
7530000 4.90858
7540000 4.91013
7550000 4.9114
7560000 4.91312
7570000 4.91511
7580000 4.91654
7590000 4.91859
7600000 4.92015
7610000 4.92157
7620000 4.92347
7630000 4.92485
7640000 4.92619
7650000 4.92831
7660000 4.92991
7670000 4.93168
7680000 4.93343
7690000 4.93537
7700000 4.93662
7710000 4.93769
7720000 4.93941
7730000 4.94088
7740000 4.94266
7750000 4.94394
7760000 4.94565
7770000 4.94739
7780000 4.94917
7790000 4.95129
7800000 4.95371
7810000 4.95563
7820000 4.95733
7830000 4.9584
7840000 4.96001
7850000 4.96185
7860000 4.96336
7870000 4.96557
7880000 4.96688
7890000 4.96847
7900000 4.97016
7910000 4.97273
7920000 4.97426
7930000 4.97575
7940000 4.9772
7950000 4.9789
7960000 4.9804
7970000 4.98185
7980000 4.98341
7990000 4.98476
8000000 4.98639
8010000 4.98832
8020000 4.98969
8030000 4.99173
8040000 4.99327
8050000 4.99467
8060000 4.99642
8070000 4.99789
8080000 4.99918
8090000 5.00081
8100000 5.0029
8110000 5.00457
8120000 5.0062
8130000 5.00813
8140000 5.00935
8150000 5.01041
8160000 5.01192
8170000 5.01356
8180000 5.01532
8190000 5.01653
8200000 5.01821
8210000 5.02001
8220000 5.02099
8230000 5.02366
8240000 5.02616
8250000 5.02754
8260000 5.02964
8270000 5.03071
8280000 5.03222
8290000 5.03401
8300000 5.0357
8310000 5.0372
8320000 5.03903
8330000 5.04058
8340000 5.04247
8350000 5.0442
8360000 5.04613
8370000 5.04776
8380000 5.04907
8390000 5.05051
8400000 5.05224
8410000 5.05357
8420000 5.05517
8430000 5.05651
8440000 5.0578
8450000 5.05967
8460000 5.06137
8470000 5.06267
8480000 5.06479
8490000 5.06616
8500000 5.06778
8510000 5.06931
8520000 5.07064
8530000 5.07197
8540000 5.07408
8550000 5.07582
8560000 5.07724
8570000 5.07934
8580000 5.08054
8590000 5.08192
8600000 5.08293
8610000 5.08464
8620000 5.08615
8630000 5.08762
8640000 5.08919
8650000 5.0908
8660000 5.09189
8670000 5.09465
8680000 5.09619
8690000 5.09831
8700000 5.1004
8710000 5.10149
8720000 5.10278
8730000 5.10477
8740000 5.10638
8750000 5.10765
8760000 5.10964
8770000 5.11098
8780000 5.11294
8790000 5.11461
8800000 5.1165
8810000 5.11795
8820000 5.11939
8830000 5.12082
8840000 5.12249
8850000 5.12382
8860000 5.12536
8870000 5.12682
8880000 5.12794
8890000 5.12963
8900000 5.1313
8910000 5.13276
8920000 5.13471
8930000 5.13617
8940000 5.1377
8950000 5.13927
8960000 5.14045
8970000 5.14181
8980000 5.14388
8990000 5.14544
9000000 5.14695
9010000 5.14883
9020000 5.15036
9030000 5.15153
9040000 5.15261
9050000 5.1542
9060000 5.15561
9070000 5.15718
9080000 5.15865
9090000 5.16013
9100000 5.16151
9110000 5.16346
9120000 5.16549
9130000 5.16761
9140000 5.16957
9150000 5.1707
9160000 5.17201
9170000 5.17357
9180000 5.17527
9190000 5.1767
9200000 5.17872
9210000 5.17996
9220000 5.18147
9230000 5.18354
9240000 5.18539
9250000 5.18687
9260000 5.18827
9270000 5.1896
9280000 5.19123
9290000 5.19252
9300000 5.19406
9310000 5.19547
9320000 5.19663
9330000 5.19821
9340000 5.20003
9350000 5.20133
9360000 5.20319
9370000 5.20463
9380000 5.20593
9390000 5.20767
9400000 5.20894
9410000 5.21016
9420000 5.21211
9430000 5.21358
9440000 5.2152
9450000 5.21679
9460000 5.21858
9470000 5.21971
9480000 5.22071
9490000 5.22226
9500000 5.22361
9510000 5.22525
9520000 5.22642
9530000 5.22799
9540000 5.22958
9550000 5.23123
9560000 5.23319
9570000 5.23543
9580000 5.23718
9590000 5.23874
9600000 5.23973
9610000 5.24121
9620000 5.24289
9630000 5.24428
9640000 5.24631
9650000 5.24751
9660000 5.24897
9670000 5.25052
9680000 5.25287
9690000 5.25427
9700000 5.25565
9710000 5.25696
9720000 5.25851
9730000 5.25989
9740000 5.2612
9750000 5.26263
9760000 5.26386
9770000 5.26535
9780000 5.26713
9790000 5.26837
9800000 5.27023
9810000 5.27164
9820000 5.27293
9830000 5.27453
9840000 5.27588
9850000 5.27706
9860000 5.27856
9870000 5.28049
9880000 5.28201
9890000 5.28349
9900000 5.28528
9910000 5.28638
9920000 5.28735
9930000 5.28873
9940000 5.29024
9950000 5.29186
9960000 5.29296
9970000 5.2945
9980000 5.29617
9990000 5.29705
10000000 5.29952
