10000 95.5343
20000 50.0063
30000 31.0161
40000 22.0008
50000 17.0729
60000 14.1418
70000 12.3514
80000 11.0674
90000 10.2043
100000 9.40764
110000 8.76834
120000 8.05596
130000 7.81231
140000 7.5107
150000 7.24003
160000 7.02578
170000 6.8451
180000 6.66176
190000 6.55134
200000 6.46706
210000 6.3572
220000 6.24546
230000 6.14427
240000 6.0652
250000 5.98243
260000 5.9082
270000 5.85772
280000 5.79991
290000 5.72971
300000 5.68444
310000 5.64467
320000 5.58834
330000 5.53698
340000 5.4922
350000 5.44873
360000 5.40233
370000 5.35911
380000 5.32678
390000 5.2969
400000 5.25399
410000 5.22555
420000 5.20602
430000 5.16561
440000 5.13355
450000 5.10691
460000 5.07041
470000 5.04185
480000 5.01384
490000 4.9915
500000 4.97287
510000 4.94194
520000 4.9212
530000 4.90919
540000 4.87788
550000 4.85866
560000 4.84143
570000 4.80985
580000 4.78987
590000 4.77215
600000 4.75363
610000 4.74522
620000 4.71753
630000 4.70254
640000 4.69692
650000 4.66952
660000 4.65701
670000 4.64329
680000 4.61757
690000 4.60289
700000 4.59168
710000 4.57509
720000 4.56947
730000 4.54707
740000 4.53671
750000 4.52605
760000 4.50937
770000 4.50481
780000 4.49508
790000 4.4711
800000 4.45887
810000 4.45119
820000 4.4371
830000 4.4305
840000 4.41566
850000 4.40609
860000 4.40089
870000 4.38505
880000 4.38569
890000 4.3735
900000 4.35549
910000 4.34444
920000 4.3371
930000 4.32664
940000 4.31965
950000 4.30721
960000 4.30062
970000 4.29841
980000 4.28436
990000 4.28531
1000000 4.27705
1010000 4.26223
1020000 4.24947
1030000 4.24323
1040000 4.23494
1050000 4.22921
1060000 4.22159
1070000 4.21394
1080000 4.21442
1090000 4.20306
1100000 4.20241
1110000 4.19845
1120000 4.18152
1130000 4.1708
1140000 4.16555
1150000 4.16038
1160000 4.15371
1170000 4.14636
1180000 4.14142
1190000 4.14058
1200000 4.13018
1210000 4.13378
1220000 4.12866
1230000 4.11631
1240000 4.10424
1250000 4.0996
1260000 4.09539
1270000 4.0904
1280000 4.08419
1290000 4.08044
1300000 4.07794
1310000 4.06838
1320000 4.07419
1330000 4.07268
1340000 4.0601
1350000 4.047
1360000 4.04258
1370000 4.04086
1380000 4.03616
1390000 4.02959
1400000 4.02621
1410000 4.0269
1420000 4.01792
1430000 4.0244
1440000 4.01743
1450000 4.00436
1460000 3.99685
1470000 3.99401
1480000 3.99281
1490000 3.98658
1500000 3.9812
1510000 3.97691
1520000 3.97802
1530000 3.97196
1540000 3.97645
1550000 3.97281
1560000 3.95969
1570000 3.95273
1580000 3.95597
1590000 3.94969
1600000 3.94396
1610000 3.94091
1620000 3.93508
1630000 3.93463
1640000 3.93105
1650000 3.93367
1660000 3.93289
1670000 3.92
1680000 3.91375
1690000 3.91464
1700000 3.91149
1710000 3.90579
1720000 3.90607
1730000 3.89747
1740000 3.89939
1750000 3.9009
1760000 3.89433
1770000 3.89588
1780000 3.88951
1790000 3.87901
1800000 3.88002
1810000 3.87538
1820000 3.87122
1830000 3.87582
1840000 3.86394
1850000 3.87019
1860000 3.86805
1870000 3.85764
1880000 3.86278
1890000 3.85739
1900000 3.84679
1910000 3.84878
1920000 3.84653
1930000 3.84018
1940000 3.84055
1950000 3.83436
1960000 3.83941
1970000 3.8383
1980000 3.82733
1990000 3.83703
2000000 3.82793
2010000 3.81735
2020000 3.82052
2030000 3.82066
2040000 3.81265
2050000 3.81253
2060000 3.80698
2070000 3.81026
2080000 3.8131
2090000 3.80063
2100000 3.80684
2110000 3.80006
2120000 3.79116
2130000 3.793
2140000 3.79258
2150000 3.78628
2160000 3.7872
2170000 3.78242
2180000 3.78089
2190000 3.7882
2200000 3.7761
2210000 3.78214
2220000 3.77693
2230000 3.76684
2240000 3.76874
2250000 3.76936
2260000 3.76327
2270000 3.76326
2280000 3.75902
2290000 3.75673
2300000 3.76345
2310000 3.75316
2320000 3.76052
2330000 3.75906
2340000 3.7445
2350000 3.7445
2360000 3.74701
2370000 3.74126
2380000 3.74558
2390000 3.73693
2400000 3.736
2410000 3.74468
2420000 3.73127
2430000 3.74054
2440000 3.73621
2450000 3.72403
2460000 3.72322
2470000 3.72722
2480000 3.72065
2490000 3.72311
2500000 3.71614
2510000 3.71608
2520000 3.7171
2530000 3.71145
2540000 3.72177
2550000 3.71828
2560000 3.70515
2570000 3.70354
2580000 3.7089
2590000 3.70237
2600000 3.70166
2610000 3.69801
2620000 3.69944
2630000 3.70015
2640000 3.69351
2650000 3.70655
2660000 3.70012
2670000 3.68791
2680000 3.68465
2690000 3.68953
2700000 3.68498
2710000 3.68293
2720000 3.67945
2730000 3.67963
2740000 3.68306
2750000 3.67604
2760000 3.6871
2770000 3.68322
2780000 3.67284
2790000 3.66818
2800000 3.6696
2810000 3.66767
2820000 3.66572
2830000 3.66403
2840000 3.66425
2850000 3.66613
2860000 3.6621
2870000 3.66865
2880000 3.67004
2890000 3.65805
2900000 3.65186
2910000 3.65354
2920000 3.65421
2930000 3.65004
2940000 3.64834
2950000 3.64943
2960000 3.64888
2970000 3.64585
2980000 3.65421
2990000 3.65246
3000000 3.64421
3010000 3.63789
3020000 3.63762
3030000 3.63771
3040000 3.63657
3050000 3.63402
3060000 3.63544
3070000 3.63271
3080000 3.62907
3090000 3.63983
3100000 3.64184
3110000 3.63069
3120000 3.62346
3130000 3.62279
3140000 3.62475
3150000 3.62275
3160000 3.62037
3170000 3.62028
3180000 3.62105
3190000 3.61695
3200000 3.62691
3210000 3.62354
3220000 3.61263
3230000 3.60945
3240000 3.61029
3250000 3.61277
3260000 3.60862
3270000 3.6061
3280000 3.60447
3290000 3.60618
3300000 3.60364
3310000 3.6115
3320000 3.60964
3330000 3.59961
3340000 3.59666
3350000 3.60367
3360000 3.60011
3370000 3.595
3380000 3.59579
3390000 3.59138
3400000 3.59223
3410000 3.59162
3420000 3.59557
3430000 3.59777
3440000 3.5874
3450000 3.58471
3460000 3.58602
3470000 3.58787
3480000 3.58306
3490000 3.58598
3500000 3.57931
3510000 3.58162
3520000 3.58468
3530000 3.58358
3540000 3.58566
3550000 3.58077
3560000 3.57288
3570000 3.57678
3580000 3.57495
3590000 3.57127
3600000 3.5774
3610000 3.56795
3620000 3.57373
3630000 3.5749
3640000 3.56659
3650000 3.57425
3660000 3.56901
3670000 3.56172
3680000 3.56574
3690000 3.56614
3700000 3.56027
3710000 3.56231
3720000 3.55819
3730000 3.56268
3740000 3.56319
3750000 3.55527
3760000 3.56752
3770000 3.55845
3780000 3.55032
3790000 3.55531
3800000 3.55791
3810000 3.55048
3820000 3.55189
3830000 3.54827
3840000 3.55043
3850000 3.55572
3860000 3.54545
3870000 3.55445
3880000 3.54772
3890000 3.54038
3900000 3.54465
3910000 3.54559
3920000 3.53994
3930000 3.54138
3940000 3.53935
3950000 3.53857
3960000 3.54571
3970000 3.53571
3980000 3.54305
3990000 3.53937
4000000 3.53092
4010000 3.53491
4020000 3.53653
4030000 3.53081
4040000 3.53162
4050000 3.52971
4060000 3.52743
4070000 3.53433
4080000 3.52595
4090000 3.53535
4100000 3.53465
4110000 3.52167
4120000 3.52314
4130000 3.52664
4140000 3.52152
4150000 3.5253
4160000 3.51976
4170000 3.51911
4180000 3.52805
4190000 3.51684
4200000 3.52796
4210000 3.52315
4220000 3.51312
4230000 3.51394
4240000 3.51774
4250000 3.5125
4260000 3.51676
4270000 3.5108
4280000 3.51058
4290000 3.51211
4300000 3.5079
4310000 3.51874
4320000 3.51668
4330000 3.50457
4340000 3.50495
4350000 3.51095
4360000 3.50511
4370000 3.50424
4380000 3.50258
4390000 3.50495
4400000 3.50351
4410000 3.50014
4420000 3.51303
4430000 3.50893
4440000 3.49723
4450000 3.49521
4460000 3.50089
4470000 3.49723
4480000 3.49544
4490000 3.49372
4500000 3.4953
4510000 3.49721
4520000 3.49185
4530000 3.50263
4540000 3.49952
4550000 3.49084
4560000 3.48777
4570000 3.48984
4580000 3.48913
4590000 3.48718
4600000 3.48634
4610000 3.48832
4620000 3.48852
4630000 3.48455
4640000 3.49286
4650000 3.49467
4660000 3.48411
4670000 3.47959
4680000 3.48224
4690000 3.48385
4700000 3.47974
4710000 3.47865
4720000 3.48107
4730000 3.47888
4740000 3.47763
4750000 3.48574
4760000 3.48487
4770000 3.47811
4780000 3.47355
4790000 3.47335
4800000 3.47436
4810000 3.4741
4820000 3.47163
4830000 3.47474
4840000 3.47028
4850000 3.46832
4860000 3.47901
4870000 3.48039
4880000 3.47153
4890000 3.46545
4900000 3.46539
4910000 3.46815
4920000 3.46643
4930000 3.46489
4940000 3.46597
4950000 3.46486
4960000 3.46248
4970000 3.47123
4980000 3.47038
4990000 3.46011
5000000 3.45803
5010000 3.45942
5020000 3.4628
5030000 3.45898
5040000 3.45686
5050000 3.45604
5060000 3.45692
5070000 3.45548
5080000 3.46323
5090000 3.46126
5100000 3.45308
5110000 3.45143
5120000 3.45848
5130000 3.45608
5140000 3.45093
5150000 3.45203
5160000 3.4484
5170000 3.44916
5180000 3.44893
5190000 3.45344
5200000 3.45535
5210000 3.44634
5220000 3.44495
5230000 3.44642
5240000 3.4493
5250000 3.4445
5260000 3.44793
5270000 3.44183
5280000 3.44363
5290000 3.44667
5300000 3.44692
5310000 3.44902
5320000 3.44464
5330000 3.43799
5340000 3.44258
5350000 3.44192
5360000 3.43785
5370000 3.44408
5380000 3.43556
5390000 3.44087
5400000 3.44189
5410000 3.43502
5420000 3.44232
5430000 3.43771
5440000 3.43181
5450000 3.43643
5460000 3.43725
5470000 3.43158
5480000 3.4335
5490000 3.43024
5500000 3.43403
5510000 3.43529
5520000 3.42842
5530000 3.44051
5540000 3.43201
5550000 3.42486
5560000 3.43029
5570000 3.43336
5580000 3.42617
5590000 3.42789
5600000 3.42463
5610000 3.42653
5620000 3.43162
5630000 3.42285
5640000 3.43204
5650000 3.42574
5660000 3.4192
5670000 3.42379
5680000 3.42547
5690000 3.41999
5700000 3.42155
5710000 3.42012
5720000 3.41922
5730000 3.42622
5740000 3.41693
5750000 3.4248
5760000 3.42008
5770000 3.41387
5780000 3.41799
5790000 3.41992
5800000 3.4146
5810000 3.41643
5820000 3.41438
5830000 3.41221
5840000 3.41908
5850000 3.41116
5860000 3.4208
5870000 3.42024
5880000 3.40828
5890000 3.41247
5900000 3.41347
5910000 3.40905
5920000 3.41251
5930000 3.40818
5940000 3.40733
5950000 3.41515
5960000 3.40574
5970000 3.41745
5980000 3.41231
5990000 3.40326
6000000 3.40474
6010000 3.40798
6020000 3.4035
6030000 3.40774
6040000 3.40274
6050000 3.40221
6060000 3.40342
6070000 3.40031
6080000 3.41108
6090000 3.40893
6100000 3.39839
6110000 3.39934
6120000 3.40464
6130000 3.39864
6140000 3.39857
6150000 3.39756
6160000 3.40065
6170000 3.39846
6180000 3.39565
6190000 3.40757
6200000 3.40494
6210000 3.39391
6220000 3.39235
6230000 3.39778
6240000 3.39491
6250000 3.39295
6260000 3.39197
6270000 3.39428
6280000 3.39397
6290000 3.39042
6300000 3.40092
6310000 3.39779
6320000 3.39019
6330000 3.38799
6340000 3.39004
6350000 3.3897
6360000 3.38792
6370000 3.38722
6380000 3.38818
6390000 3.38907
6400000 3.38594
6410000 3.39337
6420000 3.39569
6430000 3.38622
6440000 3.38225
6450000 3.38624
6460000 3.38773
6470000 3.38333
6480000 3.38202
6490000 3.38537
6500000 3.3821
6510000 3.3814
6520000 3.38988
6530000 3.38837
6540000 3.38293
6550000 3.37914
6560000 3.3789
6570000 3.38136
6580000 3.37857
6590000 3.37762
6600000 3.38155
6610000 3.37648
6620000 3.37531
6630000 3.3858
6640000 3.38671
6650000 3.37865
6660000 3.37341
6670000 3.37382
6680000 3.37682
6690000 3.37527
6700000 3.37392
6710000 3.37534
6720000 3.37343
6730000 3.37189
6740000 3.3803
6750000 3.37984
6760000 3.37013
6770000 3.36871
6780000 3.36996
6790000 3.37355
6800000 3.37021
6810000 3.36814
6820000 3.36807
6830000 3.36778
6840000 3.36713
6850000 3.37449
6860000 3.37305
6870000 3.36533
6880000 3.36426
6890000 3.37097
6900000 3.36901
6910000 3.36425
6920000 3.36526
6930000 3.36222
6940000 3.363
6950000 3.36254
6960000 3.36759
6970000 3.36913
6980000 3.36085
6990000 3.36028
7000000 3.36161
7010000 3.36485
7020000 3.35997
7030000 3.36346
7040000 3.35792
7050000 3.3593
7060000 3.36236
7070000 3.36313
7080000 3.36499
7090000 3.36092
7100000 3.35526
7110000 3.35987
7120000 3.36001
7130000 3.35566
7140000 3.36068
7150000 3.35403
7160000 3.35825
7170000 3.36304
7180000 3.35345
7190000 3.36008
7200000 3.35601
7210000 3.35105
7220000 3.35575
7230000 3.35809
7240000 3.35125
7250000 3.35549
7260000 3.35044
7270000 3.35325
7280000 3.35505
7290000 3.34887
7300000 3.36122
7310000 3.35264
7320000 3.34595
7330000 3.35152
7340000 3.35499
7350000 3.34748
7360000 3.34914
7370000 3.34611
7380000 3.34815
7390000 3.35326
7400000 3.34516
7410000 3.35412
7420000 3.34792
7430000 3.34215
7440000 3.34625
7450000 3.3486
7460000 3.34344
7470000 3.34501
7480000 3.34376
7490000 3.34292
7500000 3.34943
7510000 3.34075
7520000 3.34885
7530000 3.34525
7540000 3.33851
7550000 3.34249
7560000 3.34466
7570000 3.3396
7580000 3.34133
7590000 3.33992
7600000 3.33776
7610000 3.34391
7620000 3.33717
7630000 3.34652
7640000 3.34578
7650000 3.33464
7660000 3.3381
7670000 3.33987
7680000 3.33593
7690000 3.33909
7700000 3.33528
7710000 3.33475
7720000 3.3415
7730000 3.33318
7740000 3.34443
7750000 3.33947
7760000 3.33138
7770000 3.33313
7780000 3.33625
7790000 3.33218
7800000 3.33507
7810000 3.33165
7820000 3.33128
7830000 3.33215
7840000 3.32937
7850000 3.33994
7860000 3.33843
7870000 3.32801
7880000 3.32957
7890000 3.334
7900000 3.32866
7910000 3.32858
7920000 3.3279
7930000 3.32829
7940000 3.3286
7950000 3.32626
7960000 3.33772
7970000 3.3383
7980000 3.32497
7990000 3.32379
8000000 3.32893
8010000 3.32656
8020000 3.32429
8030000 3.32376
8040000 3.32649
8050000 3.32618
8060000 3.32244
8070000 3.33342
8080000 3.32953
8090000 3.3228
8100000 3.32089
8110000 3.32267
8120000 3.32271
8130000 3.32103
8140000 3.32026
8150000 3.32211
8160000 3.32211
8170000 3.31922
8180000 3.32656
8190000 3.32808
8200000 3.31923
8210000 3.31683
8220000 3.32074
8230000 3.32216
8240000 3.3178
8250000 3.31662
8260000 3.32071
8270000 3.31639
8280000 3.31578
8290000 3.32447
8300000 3.32296
8310000 3.31793
8320000 3.31337
8330000 3.3144
8340000 3.31712
8350000 3.31456
8360000 3.31347
8370000 3.3174
8380000 3.31222
8390000 3.31149
8400000 3.32185
8410000 3.32169
8420000 3.3148
8430000 3.30995
8440000 3.31064
8450000 3.3138
8460000 3.31262
8470000 3.31094
8480000 3.31325
8490000 3.3102
8500000 3.30923
8510000 3.31753
8520000 3.31716
8530000 3.30766
8540000 3.30722
8550000 3.30781
8560000 3.31083
8570000 3.3084
8580000 3.30661
8590000 3.30667
8600000 3.3063
8610000 3.30574
8620000 3.31283
8630000 3.31106
8640000 3.30407
8650000 3.3035
8660000 3.31005
8670000 3.30827
8680000 3.30372
8690000 3.3047
8700000 3.30203
8710000 3.30276
8720000 3.3021
8730000 3.3073
8740000 3.30775
8750000 3.30092
8760000 3.30075
8770000 3.30191
8780000 3.30507
8790000 3.30056
8800000 3.30359
8810000 3.29881
8820000 3.30009
8830000 3.30267
8840000 3.30402
8850000 3.30714
8860000 3.30193
8870000 3.29673
8880000 3.30103
8890000 3.30187
8900000 3.2974
8910000 3.30237
8920000 3.29609
8930000 3.29962
8940000 3.30406
8950000 3.2955
8960000 3.30184
8970000 3.29791
8980000 3.29359
8990000 3.29748
9000000 3.30078
9010000 3.29417
9020000 3.29845
9030000 3.29379
9040000 3.29564
9050000 3.29753
9060000 3.29208
9070000 3.30428
9080000 3.29569
9090000 3.28962
9100000 3.29504
9110000 3.29865
9120000 3.29128
9130000 3.29271
9140000 3.29026
9150000 3.29207
9160000 3.29526
9170000 3.28926
9180000 3.29824
9190000 3.29082
9200000 3.28684
9210000 3.29094
9220000 3.29386
9230000 3.28823
9240000 3.28993
9250000 3.28817
9260000 3.28788
9270000 3.29494
9280000 3.28585
9290000 3.29377
9300000 3.29019
9310000 3.28411
9320000 3.28876
9330000 3.29091
9340000 3.2854
9350000 3.28688
9360000 3.28612
9370000 3.28398
9380000 3.2896
9390000 3.28318
9400000 3.29251
9410000 3.29136
9420000 3.28108
9430000 3.28487
9440000 3.28696
9450000 3.28272
9460000 3.28485
9470000 3.28218
9480000 3.28154
9490000 3.28736
9500000 3.28012
9510000 3.29124
9520000 3.28763
9530000 3.2789
9540000 3.28136
9550000 3.28376
9560000 3.27996
9570000 3.28226
9580000 3.27959
9590000 3.27913
9600000 3.27962
9610000 3.27738
9620000 3.2878
9630000 3.28642
9640000 3.27668
9650000 3.27842
9660000 3.28232
9670000 3.27724
9680000 3.27694
9690000 3.2767
9700000 3.27695
9710000 3.27713
9720000 3.27498
9730000 3.28563
9740000 3.2835
9750000 3.27409
9760000 3.27321
9770000 3.27838
9780000 3.276
9790000 3.27364
9800000 3.27353
9810000 3.27625
9820000 3.2755
9830000 3.27211
9840000 3.2835
9850000 3.27927
9860000 3.27256
9870000 3.27097
9880000 3.27287
9890000 3.27306
9900000 3.27129
9910000 3.27063
9920000 3.27324
9930000 3.27231
9940000 3.26957
9950000 3.27681
9960000 3.27892
9970000 3.26984
9980000 3.26806
9990000 3.27065
10000000 3.27326
