10000 107.376
20000 37.3963
30000 22.3993
40000 15.0243
50000 11.6482
60000 9.93111
70000 8.83115
80000 8.03663
90000 7.51954
100000 7.1696
110000 6.85056
120000 6.57915
130000 6.45294
140000 6.2493
150000 6.12017
160000 6.17428
170000 6.01852
180000 5.89954
190000 5.72656
200000 5.62874
210000 5.68336
220000 5.48437
230000 5.97545
240000 5.56017
250000 5.45291
260000 5.20802
270000 5.14147
280000 5.22571
290000 5.11939
300000 5.01829
310000 4.94465
320000 4.93435
330000 4.89265
340000 4.83171
350000 4.78259
360000 4.75007
370000 4.73853
380000 4.88694
390000 4.8219
400000 4.727
410000 4.68305
420000 4.67935
430000 4.81494
440000 4.74084
450000 4.96925
460000 4.70847
470000 4.58233
480000 4.48878
490000 4.48156
500000 4.58266
510000 4.50695
520000 4.51314
530000 4.42886
540000 4.43164
550000 4.4103
560000 4.39491
570000 4.34129
580000 4.32513
590000 4.34405
600000 4.38975
610000 4.39943
620000 4.39404
630000 4.29447
640000 4.29234
650000 4.51208
660000 4.39528
670000 4.53915
680000 4.35368
690000 4.29564
700000 4.20121
710000 4.20415
720000 4.27624
730000 4.20942
740000 4.25968
750000 4.18939
760000 4.17649
770000 4.19386
780000 4.18762
790000 4.12646
800000 4.13145
810000 4.16094
820000 4.14624
830000 4.17626
840000 4.2649
850000 4.11706
860000 4.10011
870000 4.34954
880000 4.22646
890000 4.34922
900000 4.1942
910000 4.07264
920000 4.0445
930000 4.05925
940000 4.08286
950000 4.04752
960000 4.10636
970000 4.06484
980000 4.04158
990000 4.06487
1000000 4.05835
1010000 3.99155
1020000 4.00085
1030000 4.00598
1040000 4.02
1050000 4.09792
1060000 4.12758
1070000 3.98951
1080000 3.98139
1090000 4.30512
1100000 4.14161
1110000 4.12442
1120000 4.15552
1130000 3.96489
1140000 3.94265
1150000 3.94199
1160000 3.95827
1170000 3.96773
1180000 4.03069
1190000 3.98443
1200000 3.95045
1210000 3.93456
1220000 4.06575
1230000 3.90005
1240000 3.90531
1250000 3.8972
1260000 3.91624
1270000 3.9778
1280000 4.06778
1290000 3.90506
1300000 3.89671
1310000 4.17845
1320000 4.08963
1330000 4.01819
1340000 4.02527
1350000 3.88514
1360000 3.89804
1370000 3.86532
1380000 3.88335
1390000 4.00169
1400000 3.9611
1410000 3.91917
1420000 3.86784
1430000 3.87274
1440000 3.95331
1450000 3.8527
1460000 3.83689
1470000 3.8191
1480000 3.8437
1490000 3.9076
1500000 3.88707
1510000 3.83711
1520000 3.84091
1530000 4.03815
1540000 4.03908
1550000 3.95414
1560000 3.99662
1570000 3.85059
1580000 3.81493
1590000 3.80476
1600000 3.83072
1610000 3.89375
1620000 3.91655
1630000 3.85801
1640000 3.81833
1650000 3.81159
1660000 3.85718
1670000 3.84388
1680000 3.80971
1690000 3.76547
1700000 3.79701
1710000 3.83953
1720000 3.8611
1730000 3.85285
1740000 3.79688
1750000 3.90962
1760000 4.02686
1770000 3.89009
1780000 3.92006
1790000 3.82415
1800000 3.75748
1810000 3.75082
1820000 3.74676
1830000 3.84909
1840000 3.84347
1850000 3.77602
1860000 3.77444
1870000 3.75382
1880000 3.78041
1890000 3.86508
1900000 3.72818
1910000 3.71787
1920000 3.74926
1930000 3.86135
1940000 3.82597
1950000 3.81028
1960000 3.75738
1970000 3.77385
1980000 3.94102
1990000 3.84761
2000000 3.88712
2010000 3.79162
2020000 3.72574
2030000 3.71419
2040000 3.71802
2050000 3.80677
2060000 3.77311
2070000 3.78183
2080000 3.72853
2090000 3.72438
2100000 3.72321
2110000 3.74642
2120000 3.69073
2130000 3.68683
2140000 3.73674
2150000 3.82127
2160000 3.79379
2170000 3.76911
2180000 3.71537
2190000 3.72636
2200000 3.89502
2210000 3.89118
2220000 3.85628
2230000 3.75528
2240000 3.69265
2250000 3.6711
2260000 3.68382
2270000 3.77767
2280000 3.73465
2290000 3.77801
2300000 3.71534
2310000 3.71391
2320000 3.68874
2330000 3.73466
2340000 3.65628
2350000 3.66275
2360000 3.73665
2370000 3.76649
2380000 3.72817
2390000 3.78869
2400000 3.67293
2410000 3.66922
2420000 3.88237
2430000 3.81141
2440000 3.80783
2450000 3.71478
2460000 3.69004
2470000 3.63896
2480000 3.655
2490000 3.73675
2500000 3.66563
2510000 3.73939
2520000 3.67721
2530000 3.67507
2540000 3.68381
2550000 3.70588
2560000 3.63409
2570000 3.64919
2580000 3.70695
2590000 3.6505
2600000 3.66958
2610000 3.80929
2620000 3.65924
2630000 3.63868
2640000 3.87766
2650000 3.77503
2660000 3.80065
2670000 3.7008
2680000 3.61724
2690000 3.62963
2700000 3.64836
2710000 3.66564
2720000 3.63674
2730000 3.70761
2740000 3.66642
2750000 3.65203
2760000 3.65225
2770000 3.68324
2780000 3.62207
2790000 3.62065
2800000 3.64014
2810000 3.6235
2820000 3.67999
2830000 3.74929
2840000 3.62695
2850000 3.61617
2860000 3.90813
2870000 3.77911
2880000 3.71685
2890000 3.73996
2900000 3.61127
2910000 3.61284
2920000 3.61446
2930000 3.63417
2940000 3.62924
2950000 3.68021
2960000 3.66862
2970000 3.6276
2980000 3.60545
2990000 3.74408
3000000 3.58712
3010000 3.59972
3020000 3.59496
3030000 3.59514
3040000 3.64246
3050000 3.74555
3060000 3.60587
3070000 3.59915
3080000 3.82795
3090000 3.78578
3100000 3.68354
3110000 3.68464
3120000 3.59409
3130000 3.61974
3140000 3.59566
3150000 3.61801
3160000 3.71819
3170000 3.66398
3180000 3.65104
3190000 3.59489
3200000 3.59437
3210000 3.67581
3220000 3.58913
3230000 3.57209
3240000 3.55756
3250000 3.57918
3260000 3.59955
3270000 3.61584
3280000 3.58323
3290000 3.58897
3300000 3.7445
3310000 3.76478
3320000 3.6727
3330000 3.69738
3340000 3.59079
3350000 3.57417
3360000 3.57689
3370000 3.59843
3380000 3.65027
3390000 3.65447
3400000 3.62978
3410000 3.58463
3420000 3.57467
3430000 3.60584
3440000 3.63312
3450000 3.57183
3460000 3.53481
3470000 3.58573
3480000 3.58826
3490000 3.62975
3500000 3.62179
3510000 3.57394
3520000 3.66051
3530000 3.78569
3540000 3.65167
3550000 3.66406
3560000 3.59336
3570000 3.54447
3580000 3.54051
3590000 3.53908
3600000 3.62868
3610000 3.62055
3620000 3.57277
3630000 3.57136
3640000 3.54699
3650000 3.56878
3660000 3.67363
3670000 3.52772
3680000 3.52227
3690000 3.56383
3700000 3.62179
3710000 3.61411
3720000 3.61661
3730000 3.56026
3740000 3.56563
3750000 3.72599
3760000 3.62371
3770000 3.65269
3780000 3.58227
3790000 3.53572
3800000 3.52844
3810000 3.53885
3820000 3.60267
3830000 3.57871
3840000 3.60489
3850000 3.55028
3860000 3.5366
3870000 3.53961
3880000 3.57603
3890000 3.51648
3900000 3.51347
3910000 3.58136
3920000 3.60485
3930000 3.59803
3940000 3.59756
3950000 3.53355
3960000 3.54152
3970000 3.70286
3980000 3.70225
3990000 3.64814
4000000 3.56492
4010000 3.52124
4020000 3.50557
4030000 3.51429
4040000 3.60164
4050000 3.56866
4060000 3.61705
4070000 3.56056
4080000 3.54476
4090000 3.52454
4100000 3.57587
4110000 3.49577
4120000 3.50817
4130000 3.59562
4140000 3.57887
4150000 3.54741
4160000 3.6231
4170000 3.51516
4180000 3.50857
4190000 3.71411
4200000 3.64294
4210000 3.61513
4220000 3.53995
4230000 3.53134
4240000 3.48969
4250000 3.50835
4260000 3.58111
4270000 3.51423
4280000 3.59108
4290000 3.52968
4300000 3.51736
4310000 3.53785
4320000 3.55839
4330000 3.49109
4340000 3.50631
4350000 3.58496
4360000 3.501
4370000 3.50997
4380000 3.63923
4390000 3.51295
4400000 3.49376
4410000 3.71643
4420000 3.62663
4430000 3.61942
4440000 3.53857
4450000 3.51752
4460000 3.49454
4470000 3.50836
4480000 3.55891
4490000 3.49836
4500000 3.57031
4510000 3.53143
4520000 3.51032
4530000 3.51628
4540000 3.54515
4550000 3.49314
4560000 3.4922
4570000 3.5601
4580000 3.48282
4590000 3.52548
4600000 3.58052
4610000 3.49604
4620000 3.48401
4630000 3.75243
4640000 3.64336
4650000 3.56515
4660000 3.58366
4670000 3.48342
4680000 3.48809
4690000 3.4893
4700000 3.51051
4710000 3.49687
4720000 3.54232
4730000 3.5448
4740000 3.50054
4750000 3.47965
4760000 3.60808
4770000 3.46387
4780000 3.48104
4790000 3.48125
4800000 3.47097
4810000 3.51095
4820000 3.60672
4830000 3.48521
4840000 3.47584
4850000 3.67988
4860000 3.64436
4870000 3.54677
4880000 3.54677
4890000 3.47565
4900000 3.49692
4910000 3.48873
4920000 3.50885
4930000 3.59511
4940000 3.54101
4950000 3.53702
4960000 3.47838
4970000 3.47684
4980000 3.54641
4990000 3.47686
5000000 3.46376
5010000 3.44918
5020000 3.46587
5030000 3.47962
5040000 3.49558
5050000 3.47138
5060000 3.47505
5070000 3.60694
5080000 3.64634
5090000 3.54198
5100000 3.56664
5110000 3.46586
5120000 3.46354
5130000 3.47488
5140000 3.49776
5150000 3.53626
5160000 3.53935
5170000 3.52572
5180000 3.47721
5190000 3.46676
5200000 3.49224
5210000 3.52912
5220000 3.46594
5230000 3.43244
5240000 3.5333
5250000 3.47342
5260000 3.52244
5270000 3.51435
5280000 3.46778
5290000 3.54124
5300000 3.66646
5310000 3.534
5320000 3.54669
5330000 3.48834
5340000 3.44392
5350000 3.444
5360000 3.44431
5370000 3.51897
5380000 3.51725
5390000 3.47227
5400000 3.4727
5410000 3.44657
5420000 3.4635
5430000 3.57344
5440000 3.43124
5450000 3.42538
5460000 3.47796
5470000 3.50379
5480000 3.50971
5490000 3.50356
5500000 3.46095
5510000 3.4602
5520000 3.62689
5530000 3.51634
5540000 3.53798
5550000 3.47778
5560000 3.44071
5570000 3.43628
5580000 3.45268
5590000 3.50146
5600000 3.48009
5610000 3.51407
5620000 3.45773
5630000 3.43716
5640000 3.44547
5650000 3.48487
5660000 3.42538
5670000 3.42839
5680000 3.50452
5690000 3.49429
5700000 3.49731
5710000 3.50099
5720000 3.44019
5730000 3.44482
5740000 3.59832
5750000 3.59953
5760000 3.53554
5770000 3.46507
5780000 3.43246
5790000 3.41141
5800000 3.42691
5810000 3.50345
5820000 3.4773
5830000 3.54442
5840000 3.47446
5850000 3.45067
5860000 3.43661
5870000 3.48764
5880000 3.41013
5890000 3.42668
5900000 3.51622
5910000 3.47933
5920000 3.45121
5930000 3.52752
5940000 3.43087
5950000 3.41973
5960000 3.61788
5970000 3.54856
5980000 3.50749
5990000 3.44658
6000000 3.44545
6010000 3.40652
6020000 3.42986
6030000 3.49642
6040000 3.42866
6050000 3.50816
6060000 3.44774
6070000 3.43163
6080000 3.45713
6090000 3.47743
6100000 3.40818
6110000 3.42735
6120000 3.51608
6130000 3.41823
6140000 3.42228
6150000 3.5381
6160000 3.43231
6170000 3.41153
6180000 3.62093
6190000 3.54563
6200000 3.5165
6210000 3.44751
6220000 3.43441
6230000 3.41914
6240000 3.43109
6250000 3.48278
6260000 3.41531
6270000 3.49414
6280000 3.45255
6290000 3.44107
6300000 3.43792
6310000 3.46073
6320000 3.41642
6330000 3.41867
6340000 3.48904
6350000 3.40336
6360000 3.43834
6370000 3.50001
6380000 3.42062
6390000 3.40729
6400000 3.65201
6410000 3.56043
6420000 3.47476
6430000 3.4918
6440000 3.40759
6450000 3.41412
6460000 3.416
6470000 3.43551
6480000 3.41781
6490000 3.4616
6500000 3.46916
6510000 3.42069
6520000 3.405
6530000 3.52746
6540000 3.39024
6550000 3.41075
6560000 3.41429
6570000 3.40106
6580000 3.42922
6590000 3.52846
6600000 3.41252
6610000 3.40033
6620000 3.58996
6630000 3.56648
6640000 3.46177
6650000 3.46327
6660000 3.40547
6670000 3.42163
6680000 3.42304
6690000 3.43964
6700000 3.5228
6710000 3.46879
6720000 3.46586
6730000 3.40405
6740000 3.40375
6750000 3.46585
6760000 3.4108
6770000 3.39746
6780000 3.3821
6790000 3.39952
6800000 3.40683
6810000 3.42427
6820000 3.40257
6830000 3.40535
6840000 3.51078
6850000 3.56973
6860000 3.46267
6870000 3.47798
6880000 3.39868
6890000 3.39411
6900000 3.4111
6910000 3.43469
6920000 3.41753
6930000 3.47471
6940000 3.46212
6950000 3.4094
6960000 3.39836
6970000 3.41906
6980000 3.46319
6990000 3.4015
7000000 3.37072
7010000 3.47938
7020000 3.40295
7030000 3.45379
7040000 3.42541
7050000 3.40048
7060000 3.51886
7070000 3.59652
7080000 3.45995
7090000 3.47084
7100000 3.41722
7110000 3.38052
7120000 3.37811
7130000 3.38246
7140000 3.44946
7150000 3.45699
7160000 3.42488
7170000 3.40939
7180000 3.3819
7190000 3.39489
7200000 3.50658
7210000 3.36937
7220000 3.36507
7230000 3.42629
7240000 3.42852
7250000 3.44841
7260000 3.43944
7270000 3.39365
7280000 3.39461
7290000 3.55709
7300000 3.44817
7310000 3.46209
7320000 3.41174
7330000 3.37975
7340000 3.37729
7350000 3.39469
7360000 3.43635
7370000 3.41143
7380000 3.44345
7390000 3.39693
7400000 3.37479
7410000 3.38357
7420000 3.4267
7430000 3.36594
7440000 3.37487
7450000 3.45728
7460000 3.4253
7470000 3.42931
7480000 3.43087
7490000 3.37932
7500000 3.38063
7510000 3.5252
7520000 3.53582
7530000 3.46542
7540000 3.40022
7550000 3.37461
7560000 3.35386
7570000 3.37131
7580000 3.43359
7590000 3.4141
7600000 3.48609
7610000 3.42762
7620000 3.3905
7630000 3.37823
7640000 3.42883
7650000 3.36265
7660000 3.37399
7670000 3.4681
7680000 3.4128
7690000 3.38805
7700000 3.46558
7710000 3.36944
7720000 3.36156
7730000 3.55632
7740000 3.49575
7750000 3.44002
7760000 3.38614
7770000 3.38825
7780000 3.35163
7790000 3.40143
7800000 3.43818
7810000 3.3726
7820000 3.4519
7830000 3.39068
7840000 3.37215
7850000 3.40135
7860000 3.41832
7870000 3.35279
7880000 3.37469
7890000 3.47778
7900000 3.36318
7910000 3.36379
7920000 3.46575
7930000 3.3774
7940000 3.35495
7950000 3.55456
7960000 3.48564
7970000 3.44991
7980000 3.38664
7990000 3.37783
8000000 3.36733
8010000 3.37834
8020000 3.43523
8030000 3.36231
8040000 3.43873
8050000 3.39803
8060000 3.38321
8070000 3.38482
8080000 3.39947
8090000 3.36393
8100000 3.36995
8110000 3.44639
8120000 3.35063
8130000 3.3789
8140000 3.43807
8150000 3.36641
8160000 3.35256
8170000 3.58562
8180000 3.50273
8190000 3.41581
8200000 3.43037
8210000 3.35733
8220000 3.35955
8230000 3.36758
8240000 3.38304
8250000 3.36327
8260000 3.41235
8270000 3.41671
8280000 3.36488
8290000 3.36316
8300000 3.44858
8310000 3.33974
8320000 3.36126
8330000 3.37178
8340000 3.34732
8350000 3.37081
8360000 3.47088
8370000 3.36197
8380000 3.34806
8390000 3.52015
8400000 3.52141
8410000 3.40138
8420000 3.40273
8430000 3.35751
8440000 3.37
8450000 3.37312
8460000 3.39102
8470000 3.46161
8480000 3.41384
8490000 3.41454
8500000 3.35187
8510000 3.35276
8520000 3.41832
8530000 3.36072
8540000 3.35199
8550000 3.33754
8560000 3.35229
8570000 3.35609
8580000 3.3764
8590000 3.35301
8600000 3.3547
8610000 3.45359
8620000 3.51732
8630000 3.40638
8640000 3.42611
8650000 3.34929
8660000 3.3527
8670000 3.36779
8680000 3.392
8690000 3.36404
8700000 3.43145
8710000 3.41273
8720000 3.36115
8730000 3.34775
8740000 3.36774
8750000 3.41311
8760000 3.35575
8770000 3.32773
8780000 3.43243
8790000 3.35373
8800000 3.37949
8810000 3.37455
8820000 3.35179
8830000 3.46164
8840000 3.54769
8850000 3.40547
8860000 3.4243
8870000 3.36849
8880000 3.33749
8890000 3.33649
8900000 3.33766
8910000 3.39788
8920000 3.40719
8930000 3.37774
8940000 3.36237
8950000 3.33632
8960000 3.34583
8970000 3.45707
8980000 3.33915
8990000 3.32428
9000000 3.39041
9010000 3.37722
9020000 3.40017
9030000 3.39174
9040000 3.3466
9050000 3.34845
9060000 3.50591
9070000 3.40011
9080000 3.40924
9090000 3.36201
9100000 3.33587
9110000 3.33846
9120000 3.35076
9130000 3.3895
9140000 3.36495
9150000 3.40583
9160000 3.35216
9170000 3.32797
9180000 3.3384
9190000 3.38276
9200000 3.3244
9210000 3.33645
9220000 3.43129
9230000 3.37551
9240000 3.38146
9250000 3.37762
9260000 3.33361
9270000 3.33519
9280000 3.4743
9290000 3.4884
9300000 3.4143
9310000 3.35359
9320000 3.33141
9330000 3.30995
9340000 3.33136
9350000 3.39011
9360000 3.36844
9370000 3.44459
9380000 3.38335
9390000 3.34429
9400000 3.33527
9410000 3.38619
9420000 3.31968
9430000 3.33591
9440000 3.42354
9450000 3.35798
9460000 3.33913
9470000 3.41796
9480000 3.32634
9490000 3.31936
9500000 3.49297
9510000 3.45162
9520000 3.39141
9530000 3.34139
9540000 3.34636
9550000 3.31204
9560000 3.36589
9570000 3.39497
9580000 3.32929
9590000 3.41061
9600000 3.34906
9610000 3.32878
9620000 3.36139
9630000 3.37365
9640000 3.31126
9650000 3.33973
9660000 3.43878
9670000 3.3319
9680000 3.32104
9690000 3.41985
9700000 3.33473
9710000 3.31306
9720000 3.50812
9730000 3.44428
9740000 3.39851
9750000 3.34247
9760000 3.34313
9770000 3.32824
9780000 3.3395
9790000 3.38924
9800000 3.31863
9810000 3.3983
9820000 3.3577
9830000 3.34081
9840000 3.34532
9850000 3.35548
9860000 3.32564
9870000 3.33409
9880000 3.41164
9890000 3.31205
9900000 3.33331
9910000 3.394
9920000 3.32531
9930000 3.30948
9940000 3.49121
9950000 3.46286
9960000 3.37012
9970000 3.38506
9980000 3.3183
9990000 3.31869
10000000 3.33242
