10000 17.5268
20000 11.6073
30000 8.9912
40000 7.67083
50000 6.93459
60000 6.44463
70000 6.12471
80000 5.88645
90000 5.70408
100000 5.56858
110000 5.45128
120000 5.35957
130000 5.27444
140000 5.20592
150000 5.14174
160000 5.08441
170000 5.03576
180000 4.98467
190000 4.94466
200000 4.90356
210000 4.86777
220000 4.83147
230000 4.7989
240000 4.76883
250000 4.74114
260000 4.71382
270000 4.68909
280000 4.66768
290000 4.64288
300000 4.62548
310000 4.60137
320000 4.58894
330000 4.56659
340000 4.55482
350000 4.53523
360000 4.52468
370000 4.50751
380000 4.49553
390000 4.48086
400000 4.46869
410000 4.45562
420000 4.44493
430000 4.43855
440000 4.4248
450000 4.42136
460000 4.40541
470000 4.40217
480000 4.38764
490000 4.38603
500000 4.3723
510000 4.37039
520000 4.36031
530000 4.36151
540000 4.34612
550000 4.34889
560000 4.33917
570000 4.33645
580000 4.32813
590000 4.32606
600000 4.31978
610000 4.31479
620000 4.31208
630000 4.30702
640000 4.30351
650000 4.29958
660000 4.29629
670000 4.29047
680000 4.28829
690000 4.28297
700000 4.28128
710000 4.2778
720000 4.27508
730000 4.276
740000 4.26915
750000 4.2708
760000 4.26565
770000 4.2686
780000 4.26349
790000 4.26498
800000 4.25964
810000 4.26239
820000 4.25884
830000 4.25814
840000 4.25531
850000 4.25455
860000 4.25391
870000 4.25232
880000 4.25535
890000 4.25035
900000 4.256
910000 4.24858
920000 4.25419
930000 4.24805
940000 4.25411
950000 4.24703
960000 4.25541
970000 4.24865
980000 4.25564
990000 4.24696
1000000 4.25512
1010000 4.25225
1020000 4.25488
1030000 4.25338
1040000 4.25446
1050000 4.25505
1060000 4.25313
1070000 4.25506
1080000 4.25582
1090000 4.25683
1100000 4.25607
1110000 4.25656
1120000 4.25588
1130000 4.25704
1140000 4.25613
1150000 4.25729
1160000 4.25987
1170000 4.25767
1180000 4.26205
1190000 4.25985
1200000 4.26484
1210000 4.26176
1220000 4.26699
1230000 4.26536
1240000 4.27043
1250000 4.26917
1260000 4.27168
1270000 4.27104
1280000 4.2721
1290000 4.2728
1300000 4.27379
1310000 4.27587
1320000 4.2763
1330000 4.28299
1340000 4.27837
1350000 4.28582
1360000 4.28067
1370000 4.28864
1380000 4.28445
1390000 4.29076
1400000 4.28943
1410000 4.29779
1420000 4.29147
1430000 4.29996
1440000 4.29863
1450000 4.30282
1460000 4.3022
1470000 4.30575
1480000 4.30663
1490000 4.30761
1500000 4.31075
1510000 4.31113
1520000 4.31406
1530000 4.31534
1540000 4.31813
1550000 4.31731
1560000 4.31946
1570000 4.32037
1580000 4.32312
1590000 4.32338
1600000 4.32552
1610000 4.33012
1620000 4.32863
1630000 4.33333
1640000 4.33169
1650000 4.33844
1660000 4.33783
1670000 4.3429
1680000 4.34175
1690000 4.34762
1700000 4.34772
1710000 4.35001
1720000 4.35114
1730000 4.353
1740000 4.35509
1750000 4.35636
1760000 4.36222
1770000 4.3609
1780000 4.36873
1790000 4.36441
1800000 4.37213
1810000 4.36866
1820000 4.37782
1830000 4.37295
1840000 4.38162
1850000 4.37943
1860000 4.38791
1870000 4.38272
1880000 4.39219
1890000 4.3917
1900000 4.39596
1910000 4.39715
1920000 4.39971
1930000 4.40144
1940000 4.40258
1950000 4.40659
1960000 4.4079
1970000 4.41148
1980000 4.41278
1990000 4.41581
2000000 4.41548
2010000 4.41908
2020000 4.41901
2030000 4.42236
2040000 4.42382
2050000 4.42637
2060000 4.43114
2070000 4.42988
2080000 4.43585
2090000 4.43578
2100000 4.44143
2110000 4.44166
2120000 4.44626
2130000 4.44589
2140000 4.4515
2150000 4.45258
2160000 4.45511
2170000 4.45652
2180000 4.45882
2190000 4.46203
2200000 4.46327
2210000 4.46905
2220000 4.46777
2230000 4.47586
2240000 4.47227
2250000 4.48022
2260000 4.4775
2270000 4.48445
2280000 4.48341
2290000 4.49217
2300000 4.48888
2310000 4.49707
2320000 4.49649
2330000 4.5018
2340000 4.50223
2350000 4.50645
2360000 4.508
2370000 4.51068
2380000 4.51352
2390000 4.51424
2400000 4.51762
2410000 4.52075
2420000 4.52374
2430000 4.52503
2440000 4.52798
2450000 4.52853
2460000 4.53229
2470000 4.53287
2480000 4.53588
2490000 4.53981
2500000 4.54033
2510000 4.54507
2520000 4.54531
2530000 4.55122
2540000 4.55095
2550000 4.55666
2560000 4.55668
2570000 4.56243
2580000 4.56346
2590000 4.56667
2600000 4.568
2610000 4.57014
2620000 4.57263
2630000 4.57476
2640000 4.57796
2650000 4.57949
2660000 4.58799
2670000 4.5841
2680000 4.59223
2690000 4.58928
2700000 4.59723
2710000 4.59475
2720000 4.60179
2730000 4.60154
2740000 4.61002
2750000 4.60592
2760000 4.61451
2770000 4.61526
2780000 4.619
2790000 4.62007
2800000 4.62407
2810000 4.62633
2820000 4.62779
2830000 4.6317
2840000 4.63315
2850000 4.63695
2860000 4.63859
2870000 4.64256
2880000 4.64273
2890000 4.64631
2900000 4.64717
2910000 4.65091
2920000 4.6518
2930000 4.65481
2940000 4.65934
2950000 4.65913
2960000 4.66408
2970000 4.66517
2980000 4.6705
2990000 4.67137
3000000 4.67592
3010000 4.67599
3020000 4.68166
3030000 4.68296
3040000 4.68543
3050000 4.68749
3060000 4.68971
3070000 4.69251
3080000 4.69414
3090000 4.70006
3100000 4.69967
3110000 4.70737
3120000 4.70421
3130000 4.71218
3140000 4.70983
3150000 4.71831
3160000 4.71452
3170000 4.72305
3180000 4.7218
3190000 4.72987
3200000 4.72595
3210000 4.73446
3220000 4.73527
3230000 4.73947
3240000 4.74132
3250000 4.74399
3260000 4.74649
3270000 4.74773
3280000 4.75115
3290000 4.75363
3300000 4.75788
3310000 4.75929
3320000 4.76269
3330000 4.76288
3340000 4.76661
3350000 4.76679
3360000 4.77056
3370000 4.77366
3380000 4.77505
3390000 4.77959
3400000 4.78033
3410000 4.78477
3420000 4.7856
3430000 4.79075
3440000 4.79169
3450000 4.7971
3460000 4.79753
3470000 4.80159
3480000 4.80325
3490000 4.80512
3500000 4.80765
3510000 4.80994
3520000 4.8131
3530000 4.8148
3540000 4.82195
3550000 4.81954
3560000 4.82731
3570000 4.82455
3580000 4.83211
3590000 4.82986
3600000 4.8366
3610000 4.83696
3620000 4.84417
3630000 4.84142
3640000 4.84962
3650000 4.84937
3660000 4.85432
3670000 4.85527
3680000 4.85923
3690000 4.86136
3700000 4.86344
3710000 4.86662
3720000 4.86766
3730000 4.87162
3740000 4.87423
3750000 4.87789
3760000 4.87881
3770000 4.88101
3780000 4.88252
3790000 4.88642
3800000 4.88705
3810000 4.89011
3820000 4.89378
3830000 4.89477
3840000 4.89901
3850000 4.89918
3860000 4.9052
3870000 4.90527
3880000 4.91065
3890000 4.91117
3900000 4.91641
3910000 4.91782
3920000 4.92069
3930000 4.92242
3940000 4.92451
3950000 4.92709
3960000 4.92885
3970000 4.93457
3980000 4.93435
3990000 4.94185
4000000 4.93893
4010000 4.94627
4020000 4.94367
4030000 4.95138
4040000 4.94903
4050000 4.9557
4060000 4.9557
4070000 4.96355
4080000 4.96018
4090000 4.96827
4100000 4.96911
4110000 4.97259
4120000 4.97394
4130000 4.97767
4140000 4.97988
4150000 4.98133
4160000 4.98521
4170000 4.98721
4180000 4.99048
4190000 4.99264
4200000 4.99599
4210000 4.99584
4220000 4.99977
4230000 4.99965
4240000 5.00391
4250000 5.00514
4260000 5.00821
4270000 5.0123
4280000 5.01252
4290000 5.01702
4300000 5.01837
4310000 5.02307
4320000 5.0242
4330000 5.02814
4340000 5.0287
4350000 5.03365
4360000 5.03545
4370000 5.03763
4380000 5.03974
4390000 5.04189
4400000 5.04502
4410000 5.04657
4420000 5.05188
4430000 5.0514
4440000 5.05871
4450000 5.05597
4460000 5.06325
4470000 5.06133
4480000 5.06868
4490000 5.06629
4500000 5.07483
4510000 5.07278
4520000 5.08025
4530000 5.07677
4540000 5.08472
4550000 5.08571
4560000 5.08954
4570000 5.09147
4580000 5.0939
4590000 5.09661
4600000 5.09755
4610000 5.10133
4620000 5.10409
4630000 5.10731
4640000 5.10864
4650000 5.11141
4660000 5.11214
4670000 5.11571
4680000 5.11622
4690000 5.11956
4700000 5.12269
4710000 5.1236
4720000 5.1279
4730000 5.12889
4740000 5.13363
4750000 5.13399
4760000 5.13853
4770000 5.13972
4780000 5.14452
4790000 5.146
4800000 5.14876
4810000 5.15053
4820000 5.15237
4830000 5.15503
4840000 5.15675
4850000 5.15992
4860000 5.16145
4870000 5.16806
4880000 5.16597
4890000 5.17319
4900000 5.17058
4910000 5.17805
4920000 5.17613
4930000 5.1822
4940000 5.18242
4950000 5.18993
4960000 5.18669
4970000 5.19406
4980000 5.19458
4990000 5.19852
5000000 5.19984
5010000 5.20334
5020000 5.20551
5030000 5.2071
5040000 5.21061
5050000 5.21218
5060000 5.21576
5070000 5.21766
5080000 5.22112
5090000 5.22131
5100000 5.22413
5110000 5.22546
5120000 5.22901
5130000 5.22977
5140000 5.23272
5150000 5.23656
5160000 5.23715
5170000 5.24094
5180000 5.24129
5190000 5.2466
5200000 5.24779
5210000 5.25184
5220000 5.25232
5230000 5.25723
5240000 5.25875
5250000 5.26085
5260000 5.26302
5270000 5.26495
5280000 5.26762
5290000 5.26901
5300000 5.27426
5310000 5.27414
5320000 5.28099
5330000 5.2784
5340000 5.28526
5350000 5.28322
5360000 5.29101
5370000 5.288
5380000 5.29553
5390000 5.29435
5400000 5.30158
5410000 5.29839
5420000 5.30567
5430000 5.30675
5440000 5.31041
5450000 5.31234
5460000 5.31466
5470000 5.31683
5480000 5.31823
5490000 5.32191
5500000 5.32371
5510000 5.32724
5520000 5.32882
5530000 5.33192
5540000 5.33194
5550000 5.33554
5560000 5.3358
5570000 5.33918
5580000 5.34064
5590000 5.34339
5600000 5.34712
5610000 5.34723
5620000 5.35178
5630000 5.35296
5640000 5.35715
5650000 5.3583
5660000 5.36191
5670000 5.36252
5680000 5.36704
5690000 5.36876
5700000 5.37087
5710000 5.37278
5720000 5.3748
5730000 5.37781
5740000 5.37911
5750000 5.384
5760000 5.38357
5770000 5.39038
5780000 5.38796
5790000 5.39468
5800000 5.3929
5810000 5.39877
5820000 5.39839
5830000 5.40554
5840000 5.40354
5850000 5.41013
5860000 5.41034
5870000 5.41463
5880000 5.41562
5890000 5.41915
5900000 5.42102
5910000 5.42324
5920000 5.42577
5930000 5.42685
5940000 5.42997
5950000 5.43278
5960000 5.43561
5970000 5.4369
5980000 5.43968
5990000 5.44018
6000000 5.44371
6010000 5.44425
6020000 5.44713
6030000 5.45028
6040000 5.45134
6050000 5.45491
6060000 5.45592
6070000 5.46036
6080000 5.46104
6090000 5.46521
6100000 5.46586
6110000 5.47038
6120000 5.47187
6130000 5.47433
6140000 5.47598
6150000 5.47772
6160000 5.48022
6170000 5.48189
6180000 5.48479
6190000 5.48616
6200000 5.49321
6210000 5.49036
6220000 5.49714
6230000 5.49499
6240000 5.5016
6250000 5.49982
6260000 5.50569
6270000 5.50556
6280000 5.5126
6290000 5.50969
6300000 5.51653
6310000 5.5176
6320000 5.5206
6330000 5.52189
6340000 5.52514
6350000 5.52732
6360000 5.5286
6370000 5.53185
6380000 5.53335
6390000 5.53668
6400000 5.53823
6410000 5.54165
6420000 5.54189
6430000 5.54498
6440000 5.54571
6450000 5.54889
6460000 5.54977
6470000 5.55251
6480000 5.55597
6490000 5.55638
6500000 5.56012
6510000 5.56161
6520000 5.56555
6530000 5.56673
6540000 5.57022
6550000 5.57069
6560000 5.57517
6570000 5.57666
6580000 5.57856
6590000 5.5806
6600000 5.58238
6610000 5.58489
6620000 5.58616
6630000 5.59097
6640000 5.5908
6650000 5.59726
6660000 5.59487
6670000 5.60144
6680000 5.59965
6690000 5.60663
6700000 5.60374
6710000 5.61082
6720000 5.60984
6730000 5.61643
6740000 5.61349
6750000 5.62029
6760000 5.62127
6770000 5.62464
6780000 5.62645
6790000 5.62856
6800000 5.63075
6810000 5.63186
6820000 5.63471
6830000 5.63696
6840000 5.64052
6850000 5.6418
6860000 5.6442
6870000 5.6448
6880000 5.64805
6890000 5.64851
6900000 5.65143
6910000 5.65388
6920000 5.65525
6930000 5.65874
6940000 5.65973
6950000 5.66307
6960000 5.66426
6970000 5.66808
6980000 5.66918
6990000 5.67341
7000000 5.67406
7010000 5.67723
7020000 5.67887
7030000 5.68035
7040000 5.68264
7050000 5.68444
7060000 5.6871
7070000 5.68848
7080000 5.69434
7090000 5.69251
7100000 5.69891
7110000 5.69672
7120000 5.70297
7130000 5.70118
7140000 5.70672
7150000 5.70705
7160000 5.71367
7170000 5.71087
7180000 5.71749
7190000 5.7175
7200000 5.72144
7210000 5.72244
7220000 5.72563
7230000 5.72753
7240000 5.72921
7250000 5.7318
7260000 5.73281
7270000 5.73618
7280000 5.73836
7290000 5.74145
7300000 5.74223
7310000 5.74408
7320000 5.74527
7330000 5.7485
7340000 5.74906
7350000 5.75169
7360000 5.75459
7370000 5.75564
7380000 5.75887
7390000 5.75931
7400000 5.76397
7410000 5.76505
7420000 5.76851
7430000 5.76914
7440000 5.7733
7450000 5.77472
7460000 5.7769
7470000 5.77851
7480000 5.78016
7490000 5.78242
7500000 5.78373
7510000 5.78837
7520000 5.78833
7530000 5.79448
7540000 5.79215
7550000 5.79823
7560000 5.79611
7570000 5.80249
7580000 5.80056
7590000 5.80609
7600000 5.80605
7610000 5.81253
7620000 5.80978
7630000 5.81634
7640000 5.81724
7650000 5.81999
7660000 5.82126
7670000 5.82425
7680000 5.82614
7690000 5.82735
7700000 5.8305
7710000 5.83231
7720000 5.83503
7730000 5.83686
7740000 5.83967
7750000 5.83945
7760000 5.84277
7770000 5.84262
7780000 5.8462
7790000 5.84716
7800000 5.84976
7810000 5.85297
7820000 5.85337
7830000 5.85687
7840000 5.85826
7850000 5.86183
7860000 5.86293
7870000 5.86602
7880000 5.86662
7890000 5.87061
7900000 5.87224
7910000 5.87393
7920000 5.8758
7930000 5.8775
7940000 5.8801
7950000 5.88133
7960000 5.88563
7970000 5.88535
7980000 5.89137
7990000 5.88913
8000000 5.89517
8010000 5.89354
8020000 5.89965
8030000 5.89769
8040000 5.90471
8050000 5.90305
8060000 5.90919
8070000 5.90637
8080000 5.91283
8090000 5.91378
8100000 5.91687
8110000 5.9186
8120000 5.9205
8130000 5.92271
8140000 5.92355
8150000 5.92669
8160000 5.92906
8170000 5.93171
8180000 5.93285
8190000 5.93516
8200000 5.93565
8210000 5.9387
8220000 5.93903
8230000 5.94185
8240000 5.94433
8250000 5.94516
8260000 5.94859
8270000 5.94957
8280000 5.95331
8290000 5.95383
8300000 5.95732
8310000 5.95843
8320000 5.96229
8330000 5.96365
8340000 5.9658
8350000 5.96738
8360000 5.96883
8370000 5.9711
8380000 5.97246
8390000 5.97507
8400000 5.97629
8410000 5.98175
8420000 5.98004
8430000 5.98604
8440000 5.98389
8450000 5.99007
8460000 5.98842
8470000 5.99348
8480000 5.99363
8490000 5.99986
8500000 5.99718
8510000 6.00322
8520000 6.00372
8530000 6.00692
8540000 6.00812
8550000 6.01094
8560000 6.01282
8570000 6.01408
8580000 6.01695
8590000 6.01833
8600000 6.02134
8610000 6.02292
8620000 6.02583
8630000 6.02592
8640000 6.02826
8650000 6.0293
8660000 6.03229
8670000 6.03285
8680000 6.03534
8690000 6.03839
8700000 6.03904
8710000 6.042
8720000 6.04243
8730000 6.04667
8740000 6.04779
8750000 6.051
8760000 6.05145
8770000 6.05547
8780000 6.05683
8790000 6.05847
8800000 6.06033
8810000 6.06189
8820000 6.06412
8830000 6.06518
8840000 6.0695
8850000 6.06945
8860000 6.07515
8870000 6.07299
8880000 6.07871
8890000 6.07698
8900000 6.08347
8910000 6.08092
8920000 6.08726
8930000 6.08601
8940000 6.09223
8950000 6.08953
8960000 6.09554
8970000 6.09653
8980000 6.09949
8990000 6.10119
9000000 6.10303
9010000 6.10486
9020000 6.106
9030000 6.10899
9040000 6.11061
9050000 6.11357
9060000 6.11489
9070000 6.11749
9080000 6.11739
9090000 6.12044
9100000 6.12059
9110000 6.12342
9120000 6.1246
9130000 6.12691
9140000 6.1299
9150000 6.13007
9160000 6.13372
9170000 6.13487
9180000 6.13817
9190000 6.1392
9200000 6.14212
9210000 6.14265
9220000 6.14638
9230000 6.14787
9240000 6.14956
9250000 6.1512
9260000 6.15283
9270000 6.15531
9280000 6.15637
9290000 6.16038
9300000 6.16007
9310000 6.16576
9320000 6.1637
9330000 6.16936
9340000 6.16779
9350000 6.17271
9360000 6.17235
9370000 6.17833
9380000 6.17667
9390000 6.18212
9400000 6.18235
9410000 6.18585
9420000 6.18676
9430000 6.18964
9440000 6.1913
9450000 6.19305
9460000 6.19513
9470000 6.19606
9480000 6.19871
9490000 6.20108
9500000 6.20344
9510000 6.20448
9520000 6.20684
9530000 6.20714
9540000 6.21014
9550000 6.21052
9560000 6.21295
9570000 6.2155
9580000 6.21646
9590000 6.21932
9600000 6.22026
9610000 6.22385
9620000 6.22454
9630000 6.22787
9640000 6.22844
9650000 6.23218
9660000 6.2335
9670000 6.23546
9680000 6.23687
9690000 6.23828
9700000 6.24041
9710000 6.24171
9720000 6.24415
9730000 6.24526
9740000 6.25121
9750000 6.24877
9760000 6.25448
9770000 6.25262
9780000 6.2582
9790000 6.25662
9800000 6.26159
9810000 6.26142
9820000 6.26735
9830000 6.26487
9840000 6.27057
9850000 6.27153
9860000 6.27397
9870000 6.27512
9880000 6.27777
9890000 6.27967
9900000 6.28066
9910000 6.28337
9920000 6.28466
9930000 6.28748
9940000 6.28879
9950000 6.29168
9960000 6.29181
9970000 6.2944
9980000 6.29494
9990000 6.29765
10000000 6.29831
10010000 6.30064
10020000 6.30344
10030000 6.30386
10040000 6.30689
10050000 6.30826
10060000 6.31143
10070000 6.31246
10080000 6.31532
10090000 6.31571
10100000 6.31946
10110000 6.32076
10120000 6.32228
10130000 6.32403
10140000 6.32548
10150000 6.32758
10160000 6.32858
10170000 6.33257
10180000 6.33248
10190000 6.33793
10200000 6.33587
10210000 6.34144
10220000 6.33985
10230000 6.34578
10240000 6.34327
10250000 6.34932
10260000 6.34839
10270000 6.35397
10280000 6.35144
10290000 6.35716
10300000 6.35803
10310000 6.3608
10320000 6.36242
10330000 6.36409
10340000 6.36595
10350000 6.36685
10360000 6.36925
10370000 6.37119
10380000 6.3742
10390000 6.37527
10400000 6.3773
10410000 6.37769
10420000 6.38048
10430000 6.38077
10440000 6.38327
10450000 6.38529
10460000 6.38645
10470000 6.38931
10480000 6.39021
10490000 6.39291
10500000 6.39403
10510000 6.39711
10520000 6.39818
10530000 6.40161
10540000 6.40216
10550000 6.4048
10560000 6.4062
10570000 6.40741
10580000 6.40952
10590000 6.41084
10600000 6.41305
10610000 6.41419
10620000 6.41914
10630000 6.41757
10640000 6.423
10650000 6.42106
10660000 6.4264
10670000 6.42481
10680000 6.4295
10690000 6.42976
10700000 6.43541
10710000 6.43297
10720000 6.43857
10730000 6.4386
10740000 6.44188
10750000 6.44277
10760000 6.44541
10770000 6.44708
10780000 6.44843
10790000 6.45059
10800000 6.45145
10810000 6.45435
10820000 6.4562
10830000 6.45883
10840000 6.45943
10850000 6.46098
10860000 6.4619
10870000 6.46469
10880000 6.46509
10890000 6.46733
10900000 6.46974
10910000 6.47066
10920000 6.47329
10930000 6.47371
10940000 6.47759
10950000 6.47855
10960000 6.48141
10970000 6.48194
10980000 6.48545
10990000 6.48668
11000000 6.48848
11010000 6.48984
11020000 6.49122
11030000 6.49314
11040000 6.49416
11050000 6.49807
11060000 6.49806
11070000 6.5033
11080000 6.50127
11090000 6.50646
11100000 6.50458
11110000 6.51006
11120000 6.50833
11130000 6.51307
11140000 6.51298
11150000 6.51853
11160000 6.51612
11170000 6.52168
11180000 6.5225
11190000 6.52476
11200000 6.52589
11210000 6.52837
11220000 6.53
11230000 6.53098
11240000 6.53364
11250000 6.53523
11260000 6.53754
11270000 6.53909
11280000 6.54149
11290000 6.54121
11300000 6.54406
11310000 6.54385
11320000 6.54691
11330000 6.54768
11340000 6.5499
11350000 6.55257
11360000 6.55294
11370000 6.55584
11380000 6.5571
11390000 6.56003
11400000 6.56098
11410000 6.56357
11420000 6.56406
11430000 6.56746
11440000 6.5688
11450000 6.57025
11460000 6.57185
11470000 6.57327
11480000 6.57539
11490000 6.57647
11500000 6.58009
11510000 6.57987
11520000 6.58503
11530000 6.58306
11540000 6.58824
11550000 6.58676
11560000 6.59203
11570000 6.59029
11580000 6.59631
11590000 6.59484
11600000 6.60011
11610000 6.59763
11620000 6.60315
11630000 6.604
11640000 6.60658
11650000 6.60812
11660000 6.60966
11670000 6.61152
11680000 6.61223
11690000 6.61493
11700000 6.61698
11710000 6.61924
11720000 6.62018
11730000 6.62217
11740000 6.62248
11750000 6.62513
11760000 6.62534
11770000 6.62776
11780000 6.62982
11790000 6.63053
11800000 6.63341
11810000 6.63428
11820000 6.63742
11830000 6.6379
11840000 6.64079
11850000 6.64175
11860000 6.64504
11870000 6.64622
11880000 6.648
11890000 6.64935
11900000 6.65058
11910000 6.6525
11920000 6.65363
11930000 6.65584
11940000 6.65685
11950000 6.66153
11960000 6.66003
11970000 6.6652
11980000 6.6633
11990000 6.66863
12000000 6.66713
12010000 6.67149
12020000 6.67157
12030000 6.67695
12040000 6.67457
12050000 6.67977
12060000 6.68019
12070000 6.6829
12080000 6.68397
12090000 6.68634
12100000 6.68798
12110000 6.68899
12120000 6.69144
12130000 6.69263
12140000 6.69524
12150000 6.69658
12160000 6.69909
12170000 6.6991
12180000 6.70109
12190000 6.70192
12200000 6.70452
12210000 6.70494
12220000 6.70708
12230000 6.70964
12240000 6.71021
12250000 6.7127
12260000 6.71308
12270000 6.71667
12280000 6.71781
12290000 6.72035
12300000 6.7207
12310000 6.72417
12320000 6.72535
12330000 6.72671
12340000 6.7283
12350000 6.72964
12360000 6.73151
12370000 6.73237
12380000 6.73606
12390000 6.73603
12400000 6.74095
12410000 6.73903
12420000 6.74399
12430000 6.74243
12440000 6.74805
12450000 6.74576
12460000 6.7513
12470000 6.75013
12480000 6.75554
12490000 6.75313
12500000 6.7583
12510000 6.75918
12520000 6.76169
12530000 6.7632
12540000 6.7647
12550000 6.76629
12560000 6.76722
12570000 6.76979
12580000 6.77122
12590000 6.77378
12600000 6.77488
12610000 6.77714
12620000 6.77695
12630000 6.7796
12640000 6.77967
12650000 6.78211
12660000 6.78309
12670000 6.78507
12680000 6.78759
12690000 6.78774
12700000 6.79084
12710000 6.79189
12720000 6.79465
12730000 6.79553
12740000 6.79801
12750000 6.79844
12760000 6.80168
12770000 6.80295
12780000 6.80436
12790000 6.80578
12800000 6.80716
12810000 6.80926
12820000 6.81016
12830000 6.81358
12840000 6.81331
12850000 6.81826
12860000 6.81641
12870000 6.82133
12880000 6.8199
12890000 6.82416
12900000 6.82381
12910000 6.82901
12920000 6.82753
12930000 6.83224
12940000 6.83245
12950000 6.83542
12960000 6.83623
12970000 6.83866
12980000 6.84016
12990000 6.84159
13000000 6.84337
13010000 6.84415
13020000 6.84674
13030000 6.84852
13040000 6.85058
13050000 6.85142
13060000 6.85347
13070000 6.85364
13080000 6.85626
13090000 6.85653
13100000 6.85863
13110000 6.86079
13120000 6.86164
13130000 6.86405
13140000 6.86488
13150000 6.86794
13160000 6.86856
13170000 6.87138
13180000 6.87185
13190000 6.87509
13200000 6.87623
13210000 6.87789
13220000 6.8791
13230000 6.8803
13240000 6.8821
13250000 6.8832
13260000 6.8853
13270000 6.88623
13280000 6.89143
13290000 6.88924
13300000 6.89423
13310000 6.89254
13320000 6.89742
13330000 6.89597
13340000 6.9003
13350000 6.90011
13360000 6.9053
13370000 6.90307
13380000 6.90802
13390000 6.90888
13400000 6.91093
13410000 6.91195
13420000 6.91421
13430000 6.91589
13440000 6.91658
13450000 6.91902
13460000 6.92014
13470000 6.92261
13480000 6.92373
13490000 6.92625
13500000 6.92628
13510000 6.92854
13520000 6.92893
13530000 6.9313
13540000 6.93182
13550000 6.93384
13560000 6.93623
13570000 6.9366
13580000 6.93918
13590000 6.9404
13600000 6.9431
13610000 6.94397
13620000 6.94644
13630000 6.94674
13640000 6.95002
13650000 6.95113
13660000 6.95242
13670000 6.9539
13680000 6.95516
13690000 6.95697
13700000 6.95779
13710000 6.96123
13720000 6.96116
13730000 6.96592
13740000 6.96407
13750000 6.96894
13760000 6.96748
13770000 6.97242
13780000 6.97041
13790000 6.97575
13800000 6.97486
13810000 6.97975
13820000 6.97747
13830000 6.98246
13840000 6.98324
13850000 6.98561
13860000 6.98706
13870000 6.98844
13880000 6.99006
13890000 6.99078
13900000 6.99289
13910000 6.99459
13920000 6.99722
13930000 6.99811
13940000 6.99989
13950000 7.00014
13960000 7.0026
13970000 7.00279
13980000 7.00497
13990000 7.00671
14000000 7.00768
14010000 7.01015
14020000 7.01093
14030000 7.01323
14040000 7.01424
14050000 7.01686
14060000 7.01778
14070000 7.02077
14080000 7.02121
14090000 7.02351
14100000 7.02471
14110000 7.02575
14120000 7.02757
14130000 7.02869
14140000 7.0306
14150000 7.03144
14160000 7.03589
14170000 7.03447
14180000 7.03924
14190000 7.03748
14200000 7.04217
14210000 7.0407
14220000 7.04481
14230000 7.04501
14240000 7.04998
14250000 7.04778
14260000 7.05268
14270000 7.05271
14280000 7.05553
14290000 7.05633
14300000 7.05859
14310000 7.06008
14320000 7.06119
14330000 7.06307
14340000 7.0638
14350000 7.06637
14360000 7.06797
14370000 7.07028
14380000 7.07074
14390000 7.07208
14400000 7.07283
14410000 7.07528
14420000 7.07557
14430000 7.07752
14440000 7.0796
14450000 7.08041
14460000 7.08265
14470000 7.08302
14480000 7.08639
14490000 7.08721
14500000 7.08969
14510000 7.09012
14520000 7.0932
14530000 7.09427
14540000 7.09578
14550000 7.09697
14560000 7.09816
14570000 7.09982
14580000 7.10066
14590000 7.10406
14600000 7.10406
14610000 7.10866
14620000 7.10683
14630000 7.1114
14640000 7.10968
14650000 7.11452
14660000 7.11292
14670000 7.1171
14680000 7.11697
14690000 7.12188
14700000 7.11969
14710000 7.12458
14720000 7.12531
14730000 7.12723
14740000 7.12824
14750000 7.13038
14760000 7.13181
14770000 7.13262
14780000 7.13494
14790000 7.13636
14800000 7.13837
14810000 7.13972
14820000 7.14183
14830000 7.14149
14840000 7.14401
14850000 7.14375
14860000 7.14645
14870000 7.14708
14880000 7.14902
14890000 7.15134
14900000 7.15164
14910000 7.15415
14920000 7.15528
14930000 7.1578
14940000 7.15861
14950000 7.16086
14960000 7.16125
14970000 7.16426
14980000 7.16541
14990000 7.16666
15000000 7.16804
15010000 7.16927
15020000 7.1711
15030000 7.17202
15040000 7.17517
15050000 7.17497
15060000 7.17952
15070000 7.17773
15080000 7.18231
15090000 7.18093
15100000 7.18561
15110000 7.18401
15120000 7.18934
15130000 7.18799
15140000 7.19265
15150000 7.19046
15160000 7.19526
15170000 7.19602
15180000 7.19824
15190000 7.19963
15200000 7.20091
15210000 7.20254
15220000 7.20313
15230000 7.20553
15240000 7.20733
15250000 7.20931
15260000 7.21011
15270000 7.21186
15280000 7.21205
15290000 7.2144
15300000 7.21451
15310000 7.21665
15320000 7.21843
15330000 7.21931
15340000 7.22154
15350000 7.22229
15360000 7.22504
15370000 7.22546
15380000 7.22795
15390000 7.22877
15400000 7.23168
15410000 7.2327
15420000 7.23425
15430000 7.23541
15440000 7.23647
15450000 7.23814
15460000 7.2391
15470000 7.24103
15480000 7.24189
15490000 7.24603
15500000 7.24466
15510000 7.24924
15520000 7.24749
15530000 7.25223
15540000 7.25082
15550000 7.25468
15560000 7.25472
15570000 7.2595
15580000 7.25732
15590000 7.26192
15600000 7.26228
15610000 7.26464
15620000 7.2656
15630000 7.26764
15640000 7.26912
15650000 7.26994
15660000 7.2721
15670000 7.27313
15680000 7.27546
15690000 7.27662
15700000 7.27884
15710000 7.27877
15720000 7.28052
15730000 7.2812
15740000 7.2835
15750000 7.28381
15760000 7.2857
15770000 7.28793
15780000 7.28844
15790000 7.29059
15800000 7.2909
15810000 7.29406
15820000 7.29505
15830000 7.29727
15840000 7.29754
15850000 7.30062
15860000 7.30165
15870000 7.30281
15880000 7.3042
15890000 7.30536
15900000 7.30698
15910000 7.30771
15920000 7.31094
15930000 7.31091
15940000 7.31528
15950000 7.31353
15960000 7.31793
15970000 7.31648
15980000 7.3215
15990000 7.31938
16000000 7.32434
16010000 7.32323
16020000 7.32805
16030000 7.32584
16040000 7.33043
16050000 7.33122
16060000 7.33339
16070000 7.33475
16080000 7.33602
16090000 7.33742
16100000 7.3382
16110000 7.34047
16120000 7.34174
16130000 7.34402
16140000 7.34496
16150000 7.34696
16160000 7.3467
16170000 7.34907
16180000 7.34907
16190000 7.35123
16200000 7.35205
16210000 7.3538
16220000 7.35599
16230000 7.35611
16240000 7.35882
16250000 7.35977
16260000 7.36217
16270000 7.36292
16280000 7.3651
16290000 7.36544
16300000 7.36832
16310000 7.36942
16320000 7.37065
16330000 7.37188
16340000 7.37309
16350000 7.37492
16360000 7.37569
16370000 7.37948
16380000 7.37845
16390000 7.38285
16400000 7.38114
16410000 7.38553
16420000 7.38417
16430000 7.38798
16440000 7.38763
16450000 7.39227
16460000 7.3909
16470000 7.39509
16480000 7.39527
16490000 7.39786
16500000 7.3986
16510000 7.40071
16520000 7.40207
16530000 7.40327
16540000 7.40485
16550000 7.4055
16560000 7.40783
16570000 7.40939
16580000 7.41152
16590000 7.4119
16600000 7.41374
16610000 7.4138
16620000 7.41614
16630000 7.41633
16640000 7.41819
16650000 7.42007
16660000 7.42082
16670000 7.42292
16680000 7.42365
16690000 7.42634
16700000 7.42689
16710000 7.42935
16720000 7.42974
16730000 7.43262
16740000 7.43362
16750000 7.43506
16760000 7.43609
16770000 7.43716
16780000 7.43874
16790000 7.43968
16800000 7.44153
16810000 7.44232
16820000 7.44698
16830000 7.44497
16840000 7.44942
16850000 7.44784
16860000 7.45222
16870000 7.45085
16880000 7.45473
16890000 7.45451
16900000 7.45916
16910000 7.4571
16920000 7.46152
16930000 7.46228
16940000 7.46406
16950000 7.46498
16960000 7.46695
16970000 7.46847
16980000 7.46901
16990000 7.47117
17000000 7.47216
17010000 7.47437
17020000 7.47535
17030000 7.47759
17040000 7.47754
17050000 7.47956
17060000 7.47985
17070000 7.48196
17080000 7.48238
17090000 7.48416
17100000 7.48626
17110000 7.48657
17120000 7.48884
17130000 7.48994
17140000 7.4923
17150000 7.49305
17160000 7.49524
17170000 7.49545
17180000 7.49839
17190000 7.49936
17200000 7.50048
17210000 7.50178
17220000 7.50288
17230000 7.50446
17240000 7.50515
17250000 7.5082
17260000 7.50813
17270000 7.51239
17280000 7.51068
17290000 7.51498
17300000 7.51367
17310000 7.5181
17320000 7.51643
17330000 7.52105
17340000 7.52019
17350000 7.52458
17360000 7.52246
17370000 7.52694
17380000 7.52763
17390000 7.5297
17400000 7.53102
17410000 7.53219
17420000 7.53363
17430000 7.5342
17440000 7.53611
17450000 7.53763
17460000 7.53997
17470000 7.54073
17480000 7.54232
17490000 7.54247
17500000 7.54467
17510000 7.54479
17520000 7.54671
17530000 7.54825
17540000 7.54909
17550000 7.55127
17560000 7.55195
17570000 7.55397
17580000 7.55488
17590000 7.55718
17600000 7.55797
17610000 7.56064
17620000 7.561
17630000 7.56305
17640000 7.56409
17650000 7.565
17660000 7.56661
17670000 7.56758
17680000 7.56925
17690000 7.56998
17700000 7.57396
17710000 7.57265
17720000 7.57693
17730000 7.57529
17740000 7.57951
17750000 7.57812
17760000 7.5818
17770000 7.58195
17780000 7.58643
17790000 7.58438
17800000 7.58877
17810000 7.58879
17820000 7.59128
17830000 7.592
17840000 7.59399
17850000 7.59533
17860000 7.59627
17870000 7.59807
17880000 7.59855
17890000 7.60085
17900000 7.60229
17910000 7.60436
17920000 7.60471
17930000 7.60589
17940000 7.60651
17950000 7.60871
17960000 7.60892
17970000 7.61066
17980000 7.61249
17990000 7.6132
18000000 7.61517
18010000 7.61547
18020000 7.61848
18030000 7.6192
18040000 7.62139
18050000 7.62174
18060000 7.6245
18070000 7.62545
18080000 7.62676
18090000 7.62781
18100000 7.62886
18110000 7.63031
18120000 7.63103
18130000 7.63405
18140000 7.63404
18150000 7.63818
18160000 7.63647
18170000 7.64059
18180000 7.63897
18190000 7.64335
18200000 7.64184
18210000 7.6456
18220000 7.64544
18230000 7.64988
18240000 7.64783
18250000 7.65223
18260000 7.65288
18270000 7.65457
18280000 7.65619
18290000 7.65735
18300000 7.65863
18310000 7.6593
18320000 7.66138
18330000 7.66266
18340000 7.66445
18350000 7.66564
18360000 7.66753
18370000 7.66715
18380000 7.66941
18390000 7.66912
18400000 7.67155
18410000 7.67207
18420000 7.6738
18430000 7.67584
18440000 7.6761
18450000 7.6785
18460000 7.67934
18470000 7.68156
18480000 7.68226
18490000 7.68426
18500000 7.68458
18510000 7.68729
18520000 7.68829
18530000 7.68939
18540000 7.69061
18550000 7.69169
18560000 7.6933
18570000 7.6941
18580000 7.69691
18590000 7.69671
18600000 7.70082
18610000 7.69915
18620000 7.70328
18630000 7.70197
18640000 7.7062
18650000 7.7047
18660000 7.70951
18670000 7.70825
18680000 7.71245
18690000 7.71042
18700000 7.71473
18710000 7.71542
18720000 7.71738
18730000 7.71865
18740000 7.71974
18750000 7.72118
18760000 7.72168
18770000 7.72385
18780000 7.72547
18790000 7.72723
18800000 7.72791
18810000 7.72946
18820000 7.72958
18830000 7.7317
18840000 7.73174
18850000 7.73365
18860000 7.73521
18870000 7.73601
18880000 7.73798
18890000 7.73864
18900000 7.74109
18910000 7.74146
18920000 7.74366
18930000 7.74437
18940000 7.74699
18950000 7.74789
18960000 7.74925
18970000 7.75027
18980000 7.75121
18990000 7.75268
19000000 7.75352
19010000 7.75524
19020000 7.75597
19030000 7.75971
19040000 7.75843
19050000 7.76257
19060000 7.76094
19070000 7.76522
19080000 7.76389
19090000 7.76736
19100000 7.76736
19110000 7.7717
19120000 7.76967
19130000 7.77382
19140000 7.77412
19150000 7.77622
19160000 7.77708
19170000 7.77889
19180000 7.78022
19190000 7.78091
19200000 7.78283
19210000 7.78376
19220000 7.78586
19230000 7.78688
19240000 7.78887
19250000 7.78876
19260000 7.79033
19270000 7.79089
19280000 7.79296
19290000 7.79319
19300000 7.79489
19310000 7.79686
19320000 7.79713
19330000 7.79921
19340000 7.79947
19350000 7.8023
19360000 7.80317
19370000 7.80515
19380000 7.80536
19390000 7.80815
19400000 7.80905
19410000 7.81007
19420000 7.81129
19430000 7.81233
19440000 7.81376
19450000 7.81438
19460000 7.81727
19470000 7.81723
19480000 7.82118
19490000 7.81955
19500000 7.82353
19510000 7.82217
19520000 7.82672
19530000 7.82473
19540000 7.82925
19550000 7.82817
19560000 7.83256
19570000 7.83049
19580000 7.83465
19590000 7.83535
19600000 7.83728
19610000 7.83852
19620000 7.83961
19630000 7.84087
19640000 7.84152
19650000 7.84356
19660000 7.84471
19670000 7.84677
19680000 7.84758
19690000 7.84939
19700000 7.84908
19710000 7.85122
19720000 7.85117
19730000 7.85311
19740000 7.85382
19750000 7.85538
19760000 7.85734
19770000 7.85788
19780000 7.85984
19790000 7.8607
19800000 7.86283
19810000 7.86348
19820000 7.86544
19830000 7.8657
19840000 7.86832
19850000 7.86928
19860000 7.87037
19870000 7.87145
19880000 7.87253
19890000 7.87415
19900000 7.87482
19910000 7.87824
19920000 7.87727
19930000 7.88127
19940000 7.87966
19950000 7.88365
19960000 7.88234
19970000 7.8858
19980000 7.88544
19990000 7.88966
20000000 7.88838
20010000 7.89217
20020000 7.89231
20030000 7.89462
20040000 7.89529
20050000 7.89717
20060000 7.8984
20070000 7.89944
20080000 7.90085
20090000 7.90141
20100000 7.90353
20110000 7.90493
20120000 7.90685
20130000 7.90714
20140000 7.90881
20150000 7.9088
20160000 7.91092
20170000 7.91103
20180000 7.9127
20190000 7.91438
20200000 7.91504
20210000 7.91691
20220000 7.91756
20230000 7.91997
20240000 7.92046
20250000 7.92266
20260000 7.92297
20270000 7.92558
20280000 7.92647
20290000 7.92775
20300000 7.92865
20310000 7.92959
20320000 7.931
20330000 7.93182
20340000 7.93347
20350000 7.93416
20360000 7.93841
20370000 7.93652
20380000 7.94057
20390000 7.93908
20400000 7.94307
20410000 7.94176
20420000 7.94528
20430000 7.94505
20440000 7.94928
20450000 7.94736
20460000 7.95137
20470000 7.95205
20480000 7.95362
20490000 7.95446
20500000 7.9562
20510000 7.95759
20520000 7.95802
20530000 7.95997
20540000 7.96084
20550000 7.96286
20560000 7.96397
20570000 7.96575
20580000 7.96564
20590000 7.96747
20600000 7.96767
20610000 7.96959
20620000 7.96992
20630000 7.97153
20640000 7.9734
20650000 7.97367
20660000 7.97569
20670000 7.97669
20680000 7.9788
20690000 7.97945
20700000 7.98142
20710000 7.98157
20720000 7.98425
20730000 7.9851
20740000 7.98609
20750000 7.98724
20760000 7.98822
20770000 7.98963
20780000 7.99022
20790000 7.99296
20800000 7.99289
20810000 7.99677
20820000 7.99516
20830000 7.99908
20840000 7.99783
20850000 8.00186
20860000 8.00029
20870000 8.00451
20880000 8.00368
20890000 8.00768
20900000 8.00569
20910000 8.00976
20920000 8.01038
20930000 8.01224
20940000 8.01342
20950000 8.01445
20960000 8.01576
20970000 8.01622
20980000 8.01795
20990000 8.01932
21000000 8.02145
21010000 8.02211
21020000 8.02354
21030000 8.02361
21040000 8.02562
21050000 8.02568
21060000 8.02741
21070000 8.02879
21080000 8.02952
21090000 8.03148
21100000 8.03207
21110000 8.03435
21120000 8.03471
21130000 8.03676
21140000 8.03745
21150000 8.03988
21160000 8.04016
21170000 8.04202
21180000 8.04294
21190000 8.04375
21200000 8.04518
21210000 8.04604
21220000 8.04754
21230000 8.04817
21240000 8.05179
21250000 8.05055
21260000 8.05446
21270000 8.05291
21280000 8.05676
21290000 8.05543
21300000 8.05879
21310000 8.05889
21320000 8.06298
21330000 8.06106
21340000 8.06507
21350000 8.06506
21360000 8.06728
21370000 8.06795
21380000 8.06973
21390000 8.07095
21400000 8.07173
21410000 8.07338
21420000 8.07423
21430000 8.07588
21440000 8.07718
21450000 8.07906
21460000 8.0789
21470000 8.08038
21480000 8.0809
21490000 8.0829
21500000 8.08305
21510000 8.08462
21520000 8.08625
21530000 8.08689
21540000 8.08865
21550000 8.0889
21560000 8.09162
21570000 8.09226
21580000 8.09423
21590000 8.09452
21600000 8.09704
21610000 8.09784
21620000 8.09905
21630000 8.09997
21640000 8.10091
21650000 8.10221
21660000 8.10282
21670000 8.10555
21680000 8.10553
21690000 8.10931
21700000 8.1077
21710000 8.11147
21720000 8.10993
21730000 8.11394
21740000 8.11249
21750000 8.11594
21760000 8.11575
21770000 8.11982
21780000 8.11789
21790000 8.1219
21800000 8.12249
21810000 8.12398
21820000 8.12548
21830000 8.12648
21840000 8.12764
21850000 8.12821
21860000 8.1301
21870000 8.13126
21880000 8.13289
21890000 8.13394
21900000 8.13566
21910000 8.13524
21920000 8.13731
21930000 8.13699
21940000 8.13914
21950000 8.13964
21960000 8.14119
21970000 8.14305
21980000 8.14325
21990000 8.14542
22000000 8.14617
22010000 8.14817
22020000 8.14878
22030000 8.15059
22040000 8.15084
22050000 8.15332
22060000 8.15421
22070000 8.15519
22080000 8.15627
22090000 8.15724
22100000 8.15868
22110000 8.15938
22120000 8.16192
22130000 8.16173
22140000 8.16548
22150000 8.1639
22160000 8.16769
22170000 8.16642
22180000 8.17031
22190000 8.16888
22200000 8.1733
22210000 8.1721
22220000 8.17595
22230000 8.17403
22240000 8.17797
22250000 8.17859
22260000 8.18036
22270000 8.18152
22280000 8.18246
22290000 8.18376
22300000 8.18418
22310000 8.18617
22320000 8.18764
22330000 8.18915
22340000 8.18982
22350000 8.19125
22360000 8.19127
22370000 8.19322
22380000 8.1932
22390000 8.19494
22400000 8.19634
22410000 8.19704
22420000 8.19882
22430000 8.1994
22440000 8.20162
22450000 8.20195
22460000 8.20392
22470000 8.20455
22480000 8.20694
22490000 8.20774
22500000 8.20896
22510000 8.20986
22520000 8.2107
22530000 8.21202
22540000 8.21275
22550000 8.21431
22560000 8.21495
22570000 8.21837
22580000 8.21715
22590000 8.22095
22600000 8.2194
22610000 8.22333
22620000 8.22205
22630000 8.22524
22640000 8.2252
22650000 8.22918
22660000 8.22727
22670000 8.23107
22680000 8.23132
22690000 8.23322
22700000 8.23401
22710000 8.23562
22720000 8.23684
22730000 8.23743
22740000 8.23917
22750000 8.24
22760000 8.24193
22770000 8.24283
22780000 8.24463
22790000 8.2445
22800000 8.24591
22810000 8.24638
22820000 8.24827
22830000 8.24848
22840000 8.24998
22850000 8.25176
22860000 8.25198
22870000 8.25386
22880000 8.25408
22890000 8.25666
22900000 8.25742
22910000 8.25923
22920000 8.25937
22930000 8.26193
22940000 8.26274
22950000 8.26364
22960000 8.26474
22970000 8.26567
22980000 8.26695
22990000 8.2675
23000000 8.27011
23010000 8.27006
23020000 8.27369
23030000 8.27214
23040000 8.27579
23050000 8.27449
23060000 8.27868
23070000 8.27679
23080000 8.28096
23090000 8.27991
23100000 8.28396
23110000 8.28199
23120000 8.28581
23130000 8.28645
23140000 8.28818
23150000 8.28932
23160000 8.29026
23170000 8.29141
23180000 8.29198
23190000 8.29383
23200000 8.29488
23210000 8.29676
23220000 8.29747
23230000 8.29912
23240000 8.29878
23250000 8.30074
23260000 8.30065
23270000 8.30242
23280000 8.30304
23290000 8.30445
23300000 8.30622
23310000 8.30669
23320000 8.30846
23330000 8.30924
23340000 8.31117
23350000 8.31173
23360000 8.31352
23370000 8.31372
23380000 8.31612
23390000 8.31698
23400000 8.31795
23410000 8.31894
23420000 8.31989
23430000 8.32135
23440000 8.32194
23450000 8.32507
23460000 8.32414
23470000 8.32782
23480000 8.32629
23490000 8.32996
23500000 8.3287
23510000 8.33187
23520000 8.33151
23530000 8.33539
23540000 8.33417
23550000 8.33765
23560000 8.33777
23570000 8.33986
23580000 8.34046
23590000 8.34216
23600000 8.3433
23610000 8.34419
23620000 8.34547
23630000 8.34595
23640000 8.3479
23650000 8.34918
23660000 8.35094
23670000 8.35116
23680000 8.35268
23690000 8.35261
23700000 8.35456
23710000 8.35462
23720000 8.35614
23730000 8.35765
23740000 8.35825
23750000 8.35993
23760000 8.36039
23770000 8.36271
23780000 8.36314
23790000 8.36513
23800000 8.36538
23810000 8.36778
23820000 8.36858
23830000 8.36972
23840000 8.37052
23850000 8.37137
23860000 8.37263
23870000 8.37336
23880000 8.37486
23890000 8.37547
23900000 8.37939
23910000 8.3776
23920000 8.38133
23930000 8.37989
23940000 8.38358
23950000 8.38232
23960000 8.38556
23970000 8.38531
23980000 8.3892
23990000 8.38739
24000000 8.39108
24010000 8.3917
24020000 8.39311
24030000 8.39387
24040000 8.39544
24050000 8.39672
24060000 8.39706
24070000 8.39884
24080000 8.39962
24090000 8.40148
24100000 8.40248
24110000 8.40411
24120000 8.40395
24130000 8.40562
24140000 8.40577
24150000 8.40753
24160000 8.40779
24170000 8.40925
24180000 8.41095
24190000 8.41117
24200000 8.41301
24210000 8.41392
24220000 8.41583
24230000 8.41641
24240000 8.4182
24250000 8.4183
24260000 8.42077
24270000 8.42153
24280000 8.42241
24290000 8.42345
24300000 8.42433
24310000 8.4256
24320000 8.42611
24330000 8.42868
24340000 8.42853
24350000 8.43211
24360000 8.43057
24370000 8.43419
24380000 8.43298
24390000 8.4367
24400000 8.43521
24410000 8.43912
24420000 8.4383
24430000 8.44199
24440000 8.4401
24450000 8.44385
24460000 8.44442
24470000 8.44609
24480000 8.44718
24490000 8.44808
24500000 8.4492
24510000 8.44967
24520000 8.45123
24530000 8.45251
24540000 8.45446
24550000 8.45503
24560000 8.45635
24570000 8.45635
24580000 8.4582
24590000 8.45821
24600000 8.45979
24610000 8.46102
24620000 8.46168
24630000 8.46347
24640000 8.46399
24650000 8.46608
24660000 8.46639
24670000 8.46824
24680000 8.46885
24690000 8.47109
24700000 8.47132
24710000 8.47302
24720000 8.47384
24730000 8.47456
24740000 8.47586
24750000 8.47663
24760000 8.47799
24770000 8.47853
24780000 8.48188
24790000 8.48069
24800000 8.4843
24810000 8.48281
24820000 8.48639
24830000 8.48509
24840000 8.48819
24850000 8.48826
24860000 8.49204
24870000 8.49022
24880000 8.49385
24890000 8.49389
24900000 8.49591
24910000 8.49652
24920000 8.49813
24930000 8.49925
24940000 8.49993
24950000 8.50143
24960000 8.50219
24970000 8.50372
24980000 8.5049
24990000 8.50662
25000000 8.50643
25010000 8.50777
25020000 8.50821
25030000 8.51005
25040000 8.51015
25050000 8.51158
25060000 8.51307
25070000 8.51364
25080000 8.51523
25090000 8.51543
25100000 8.51794
25110000 8.5185
25120000 8.5203
25130000 8.52053
25140000 8.52286
25150000 8.52359
25160000 8.52449
25170000 8.52549
25180000 8.52633
25190000 8.52756
25200000 8.52803
25210000 8.53055
25220000 8.53051
25230000 8.534
25240000 8.53247
25250000 8.53595
25260000 8.53447
25270000 8.5382
25280000 8.5368
25290000 8.53998
25300000 8.53978
25310000 8.54354
25320000 8.54171
25330000 8.54541
25340000 8.54595
25350000 8.54729
25360000 8.54868
25370000 8.54956
25380000 8.55062
25390000 8.5511
25400000 8.55284
25410000 8.5539
25420000 8.55539
25430000 8.55634
25440000 8.55793
25450000 8.5576
25460000 8.55939
25470000 8.55905
25480000 8.56102
25490000 8.56145
25500000 8.56287
25510000 8.56457
25520000 8.56472
25530000 8.56671
25540000 8.56739
25550000 8.56921
25560000 8.56975
25570000 8.57141
25580000 8.5716
25590000 8.57389
25600000 8.57469
25610000 8.57557
25620000 8.57655
25630000 8.57742
25640000 8.57873
25650000 8.57935
25660000 8.58168
25670000 8.58148
25680000 8.58496
25690000 8.58344
25700000 8.58695
25710000 8.58572
25720000 8.58933
25730000 8.58796
25740000 8.59205
25750000 8.59091
25760000 8.59447
25770000 8.59265
25780000 8.59629
25790000 8.59685
25800000 8.59846
25810000 8.59953
25820000 8.60036
25830000 8.60155
25840000 8.6019
25850000 8.60374
25860000 8.60509
25870000 8.60647
25880000 8.60706
25890000 8.60837
25900000 8.60834
25910000 8.61014
25920000 8.61008
25930000 8.61167
25940000 8.61294
25950000 8.61357
25960000 8.61518
25970000 8.61571
25980000 8.61775
25990000 8.61803
26000000 8.61982
26010000 8.62038
26020000 8.62259
26030000 8.62332
26040000 8.62441
26050000 8.62522
26060000 8.62598
26070000 8.62717
26080000 8.62783
26090000 8.62925
26100000 8.62981
26110000 8.63297
26120000 8.63181
26130000 8.63534
26140000 8.63384
26150000 8.6375
26160000 8.63626
26170000 8.63921
26180000 8.63915
26190000 8.64284
26200000 8.64101
26210000 8.64454
26220000 8.64524
26230000 8.64648
26240000 8.6472
26250000 8.64867
26260000 8.6498
26270000 8.65029
26280000 8.6519
26290000 8.65264
26300000 8.65443
26310000 8.65524
26320000 8.6569
26330000 8.65673
26340000 8.65802
26350000 8.65842
26360000 8.66017
26370000 8.66032
26380000 8.66169
26390000 8.66331
26400000 8.6635
26410000 8.66522
26420000 8.66539
26430000 8.66778
26440000 8.66845
26450000 8.67011
26460000 8.67021
26470000 8.67258
26480000 8.67332
26490000 8.67412
26500000 8.67511
26510000 8.67595
26520000 8.67712
26530000 8.6776
26540000 8.68
26550000 8.67993
26560000 8.6833
26570000 8.68181
26580000 8.68521
26590000 8.68395
26600000 8.68785
26610000 8.68604
26620000 8.68992
26630000 8.68891
26640000 8.69267
26650000 8.69079
26660000 8.69433
26670000 8.69491
26680000 8.69649
26690000 8.69755
26700000 8.69837
26710000 8.69943
26720000 8.69992
26730000 8.70163
26740000 8.70259
26750000 8.70432
26760000 8.70496
26770000 8.70648
26780000 8.70611
26790000 8.70792
26800000 8.70778
26810000 8.70942
26820000 8.7101
26830000 8.71126
26840000 8.71288
26850000 8.7133
26860000 8.71491
26870000 8.71563
26880000 8.71739
26890000 8.71789
26900000 8.71953
26910000 8.71968
26920000 8.72191
26930000 8.72266
26940000 8.72356
26950000 8.72445
26960000 8.72531
26970000 8.72662
26980000 8.72716
26990000 8.73006
27000000 8.72917
27010000 8.73258
27020000 8.73111
27030000 8.73453
27040000 8.7333
27050000 8.73625
27060000 8.73588
27070000 8.73949
27080000 8.73832
27090000 8.74155
27100000 8.74164
27110000 8.74355
27120000 8.74411
27130000 8.74565
27140000 8.74671
27150000 8.7475
27160000 8.74867
27170000 8.74908
27180000 8.7509
27190000 8.75207
27200000 8.75369
27210000 8.75385
27220000 8.75526
27230000 8.75514
27240000 8.75695
27250000 8.75697
27260000 8.75836
27270000 8.75972
27280000 8.76028
27290000 8.76182
27300000 8.76222
27310000 8.76436
27320000 8.76474
27330000 8.76657
27340000 8.76677
27350000 8.76899
27360000 8.76972
27370000 8.77076
27380000 8.77147
27390000 8.77224
27400000 8.77339
27410000 8.77404
27420000 8.77542
27430000 8.77595
27440000 8.77961
27450000 8.77789
27460000 8.78136
27470000 8.77998
27480000 8.78342
27490000 8.78219
27500000 8.7852
27510000 8.78494
27520000 8.78857
27530000 8.78684
27540000 8.79026
27550000 8.79083
27560000 8.7921
27570000 8.7928
27580000 8.79424
27590000 8.79541
27600000 8.79569
27610000 8.79734
27620000 8.79805
27630000 8.79977
27640000 8.80067
27650000 8.80218
27660000 8.80199
27670000 8.80353
27680000 8.80363
27690000 8.80525
27700000 8.80546
27710000 8.80681
27720000 8.80836
27730000 8.80854
27740000 8.81024
27750000 8.81107
27760000 8.81282
27770000 8.81333
27780000 8.81499
27790000 8.81504
27800000 8.81734
27810000 8.81803
27820000 8.81882
27830000 8.81976
27840000 8.82056
27850000 8.82172
27860000 8.82216
27870000 8.82453
27880000 8.82438
27890000 8.82771
27900000 8.82624
27910000 8.82961
27920000 8.82843
27930000 8.83191
27940000 8.83047
27950000 8.83412
27960000 8.83332
27970000 8.83676
27980000 8.83495
27990000 8.83843
28000000 8.83895
28010000 8.84049
28020000 8.8415
28030000 8.84229
28040000 8.84332
28050000 8.84372
28060000 8.84517
28070000 8.84635
28080000 8.84815
28090000 8.84866
28100000 8.84987
28110000 8.84983
28120000 8.85154
28130000 8.85151
28140000 8.85297
28150000 8.85418
28160000 8.85468
28170000 8.85632
28180000 8.85679
28190000 8.85872
28200000 8.85899
28210000 8.86069
28220000 8.86121
28230000 8.86331
28240000 8.86349
28250000 8.86506
28260000 8.8658
28270000 8.86645
28280000 8.86764
28290000 8.86834
28300000 8.86958
28310000 8.87006
28320000 8.87318
28330000 8.87203
28340000 8.8754
28350000 8.87396
28360000 8.87731
28370000 8.87604
28380000 8.87893
28390000 8.87896
28400000 8.8825
28410000 8.88075
28420000 8.88413
28430000 8.88415
28440000 8.88601
28450000 8.88657
28460000 8.88804
28470000 8.88908
28480000 8.88967
28490000 8.89106
28500000 8.89175
28510000 8.89319
28520000 8.89424
28530000 8.89584
28540000 8.89562
28550000 8.89685
28560000 8.89723
28570000 8.89894
28580000 8.89899
28590000 8.90031
28600000 8.90168
28610000 8.90218
28620000 8.90365
28630000 8.90381
28640000 8.90608
28650000 8.90664
28660000 8.90829
28670000 8.90848
28680000 8.91064
28690000 8.91131
28700000 8.91212
28710000 8.91303
28720000 8.9138
28730000 8.91491
28740000 8.91533
28750000 8.91766
28760000 8.91761
28770000 8.92085
28780000 8.91939
28790000 8.92264
28800000 8.92121
28810000 8.92494
28820000 8.92334
28830000 8.92632
28840000 8.9261
28850000 8.92961
28860000 8.92785
28870000 8.93131
28880000 8.9318
28890000 8.93302
28900000 8.93431
28910000 8.9351
28920000 8.93608
28930000 8.93648
28940000 8.9381
28950000 8.93908
28960000 8.94046
28970000 8.94132
28980000 8.94279
28990000 8.94243
29000000 8.9441
29010000 8.94374
29020000 8.94557
29030000 8.94594
29040000 8.94725
29050000 8.94881
29060000 8.94894
29070000 8.95077
29080000 8.95139
29090000 8.95306
29100000 8.95355
29110000 8.95507
29120000 8.95523
29130000 8.95736
29140000 8.95808
29150000 8.95889
29160000 8.95978
29170000 8.96057
29180000 8.96176
29190000 8.96232
29200000 8.96446
29210000 8.96427
29220000 8.96752
29230000 8.96605
29240000 8.96934
29250000 8.96815
29260000 8.97153
29270000 8.97019
29280000 8.97403
29290000 8.97292
29300000 8.97626
29310000 8.9745
29320000 8.9779
29330000 8.97841
29340000 8.97989
29350000 8.98089
29360000 8.98162
29370000 8.98272
29380000 8.98301
29390000 8.98474
29400000 8.98598
29410000 8.98725
29420000 8.98778
29430000 8.98899
29440000 8.98891
29450000 8.99059
29460000 8.99049
29470000 8.99197
29480000 8.99313
29490000 8.99371
29500000 8.99519
29510000 8.99565
29520000 8.99755
29530000 8.99779
29540000 8.99944
29550000 8.99993
29560000 9.002
29570000 9.00266
29580000 9.00366
29590000 9.00439
29600000 9.00508
29610000 9.00617
29620000 9.00676
29630000 9.00807
29640000 9.00857
29650000 9.01152
29660000 9.0104
29670000 9.0137
29680000 9.01226
29690000 9.01568
29700000 9.01447
29710000 9.01723
29720000 9.01714
29730000 9.02061
29740000 9.01885
29750000 9.02214
29760000 9.02279
29770000 9.02392
29780000 9.02458
29790000 9.02592
29800000 9.02698
29810000 9.0274
29820000 9.02889
29830000 9.02956
29840000 9.03123
29850000 9.03197
29860000 9.03351
29870000 9.0333
29880000 9.0345
29890000 9.03484
29900000 9.03647
29910000 9.03657
29920000 9.03784
29930000 9.03933
29940000 9.03949
29950000 9.04108
29960000 9.04121
29970000 9.04343
29980000 9.04404
29990000 9.04564
30000000 9.04564
30010000 9.04786
30020000 9.04852
30030000 9.04925
30040000 9.05016
30050000 9.05092
30060000 9.05199
30070000 9.05241
30080000 9.05464
30090000 9.05456
30100000 9.05772
30110000 9.05628
30120000 9.05946
30130000 9.05823
30140000 9.0619
30150000 9.06015
30160000 9.0638
30170000 9.0628
30180000 9.06633
30190000 9.06452
30200000 9.06784
30210000 9.06837
30220000 9.06982
30230000 9.07081
30240000 9.07154
30250000 9.07252
30260000 9.07294
30270000 9.07443
30280000 9.07543
30290000 9.07704
30300000 9.0776
30310000 9.07902
30320000 9.07862
30330000 9.08032
30340000 9.08015
30350000 9.08167
30360000 9.08227
30370000 9.08335
30380000 9.08485
30390000 9.08522
30400000 9.08671
30410000 9.08736
30420000 9.08899
30430000 9.08943
30440000 9.09095
30450000 9.09106
30460000 9.09315
30470000 9.09383
30480000 9.09465
30490000 9.09546
30500000 9.09625
30510000 9.09745
30520000 9.09793
30530000 9.10064
30540000 9.09977
30550000 9.10297
30560000 9.10157
30570000 9.10477
30580000 9.10356
30590000 9.10632
30600000 9.10594
30610000 9.10933
30620000 9.10821
30630000 9.11122
30640000 9.11129
30650000 9.11305
30660000 9.11357
30670000 9.11499
30680000 9.11598
30690000 9.11668
30700000 9.11776
30710000 9.11812
30720000 9.11982
30730000 9.1209
30740000 9.12241
30750000 9.12252
30760000 9.12383
30770000 9.12368
30780000 9.12537
30790000 9.12535
30800000 9.12664
30810000 9.12789
30820000 9.1284
30830000 9.12982
30840000 9.13017
30850000 9.13216
30860000 9.1325
30870000 9.13419
30880000 9.13435
30890000 9.13644
30900000 9.13709
30910000 9.13805
30920000 9.1387
30930000 9.13939
30940000 9.14045
30950000 9.14103
30960000 9.14231
30970000 9.14278
30980000 9.14622
30990000 9.14456
31000000 9.14783
31010000 9.14648
31020000 9.14971
31030000 9.14851
31040000 9.15134
31050000 9.15107
31060000 9.15448
31070000 9.15281
31080000 9.15602
31090000 9.15654
31100000 9.15769
31110000 9.15835
31120000 9.15966
31130000 9.16077
31140000 9.16099
31150000 9.16252
31160000 9.16316
31170000 9.16478
31180000 9.1656
31190000 9.16701
31200000 9.16679
31210000 9.16822
31220000 9.16786
31230000 9.16978
31240000 9.16996
31250000 9.1712
31260000 9.17264
31270000 9.17279
31280000 9.17436
31290000 9.17513
31300000 9.17675
31310000 9.1772
31320000 9.17874
31330000 9.17876
31340000 9.18092
31350000 9.18154
31360000 9.18226
31370000 9.18311
31380000 9.18385
31390000 9.18493
31400000 9.1853
31410000 9.18752
31420000 9.18736
31430000 9.19048
31440000 9.18906
31450000 9.19223
31460000 9.19108
31470000 9.19435
31480000 9.19295
31490000 9.19639
31500000 9.1956
31510000 9.19881
31520000 9.19709
31530000 9.20036
31540000 9.20083
31550000 9.20225
31560000 9.2032
31570000 9.2039
31580000 9.20486
31590000 9.2052
31600000 9.20655
31610000 9.20764
31620000 9.20933
31630000 9.20978
31640000 9.2109
31650000 9.21081
31660000 9.21243
31670000 9.21236
31680000 9.21372
31690000 9.21483
31700000 9.21517
31710000 9.21681
31720000 9.21722
31730000 9.21903
31740000 9.21925
31750000 9.22083
31760000 9.22129
31770000 9.22326
31780000 9.22388
31790000 9.22486
31800000 9.22554
31810000 9.22613
31820000 9.22723
31830000 9.22786
31840000 9.229
31850000 9.22946
31860000 9.23236
31870000 9.23125
31880000 9.23442
31890000 9.23302
31900000 9.23616
31910000 9.23493
31920000 9.23764
31930000 9.23765
31940000 9.24098
31950000 9.23929
31960000 9.24247
31970000 9.24247
31980000 9.24419
31990000 9.2447
32000000 9.24606
32010000 9.24704
32020000 9.24749
32030000 9.24885
32040000 9.24947
32050000 9.25082
32060000 9.25179
32070000 9.25328
32080000 9.25304
32090000 9.25417
32100000 9.2545
32110000 9.2561
32120000 9.25612
32130000 9.25734
32140000 9.25878
32150000 9.25906
32160000 9.26042
32170000 9.26055
32180000 9.26266
32190000 9.26317
32200000 9.26471
32210000 9.26489
32220000 9.26689
32230000 9.2675
32240000 9.26824
32250000 9.26907
32260000 9.26977
32270000 9.2708
32280000 9.27116
32290000 9.27334
32300000 9.27327
32310000 9.27629
32320000 9.27491
32330000 9.27797
32340000 9.27658
32350000 9.28009
32360000 9.27855
32370000 9.28134
32380000 9.28111
32390000 9.28442
32400000 9.28272
32410000 9.28597
32420000 9.28642
32430000 9.28754
32440000 9.28875
32450000 9.28946
32460000 9.29037
32470000 9.29072
32480000 9.29223
32490000 9.29314
32500000 9.29442
32510000 9.29521
32520000 9.29659
32530000 9.2962
32540000 9.29776
32550000 9.29738
32560000 9.2991
32570000 9.29943
32580000 9.30064
32590000 9.30209
32600000 9.30219
32610000 9.30389
32620000 9.30447
32630000 9.30601
32640000 9.30645
32650000 9.30787
32660000 9.30798
32670000 9.30999
32680000 9.31064
32690000 9.31138
32700000 9.3122
32710000 9.31293
32720000 9.31403
32730000 9.31453
32740000 9.31653
32750000 9.31633
32760000 9.31939
32770000 9.31796
32780000 9.32107
32790000 9.3199
32800000 9.32308
32810000 9.32179
32820000 9.32541
32830000 9.32433
32840000 9.32747
32850000 9.32577
32860000 9.32897
32870000 9.32945
32880000 9.33081
32890000 9.33174
32900000 9.3324
32910000 9.33342
32920000 9.33367
32930000 9.33528
32940000 9.33645
32950000 9.33763
32960000 9.3381
32970000 9.33922
32980000 9.33912
32990000 9.34069
33000000 9.34056
33010000 9.3419
33020000 9.34301
33030000 9.34353
33040000 9.34491
33050000 9.34533
33060000 9.3471
33070000 9.34731
33080000 9.34884
33090000 9.34928
33100000 9.35122
33110000 9.35182
33120000 9.35274
33130000 9.35341
33140000 9.35403
33150000 9.35505
33160000 9.35558
33170000 9.3568
33180000 9.35724
33190000 9.36002
33200000 9.35893
33210000 9.36209
33220000 9.36064
33230000 9.36387
33240000 9.36269
33250000 9.36528
33260000 9.36518
33270000 9.36845
33280000 9.36675
33290000 9.36984
33300000 9.37045
33310000 9.37148
33320000 9.3721
33330000 9.37334
33340000 9.37432
33350000 9.37468
33360000 9.37608
33370000 9.37669
33380000 9.37825
33390000 9.37893
33400000 9.38038
33410000 9.38013
33420000 9.38126
33430000 9.38155
33440000 9.38307
33450000 9.38314
33460000 9.38432
33470000 9.38571
33480000 9.38583
33490000 9.38731
33500000 9.38742
33510000 9.3895
33520000 9.39005
33530000 9.39154
33540000 9.39152
33550000 9.3936
33560000 9.39421
33570000 9.39487
33580000 9.39571
33590000 9.3964
33600000 9.3974
33610000 9.39776
33620000 9.39986
33630000 9.39976
33640000 9.40274
33650000 9.40134
33660000 9.40435
33670000 9.40315
33680000 9.40661
33690000 9.40491
33700000 9.40837
33710000 9.40739
33720000 9.41073
33730000 9.40897
33740000 9.41217
33750000 9.41259
33760000 9.41394
33770000 9.41486
33780000 9.41551
33790000 9.41643
33800000 9.4168
33810000 9.41819
33820000 9.41912
33830000 9.42063
33840000 9.42114
33850000 9.42246
33860000 9.42205
33870000 9.42364
33880000 9.42345
33890000 9.42487
33900000 9.42541
33910000 9.42641
33920000 9.42781
33930000 9.42814
33940000 9.42952
33950000 9.43013
33960000 9.43164
33970000 9.43203
33980000 9.43345
33990000 9.43353
34000000 9.43549
34010000 9.43612
34020000 9.43687
34030000 9.43761
34040000 9.43833
34050000 9.43946
34060000 9.43989
34070000 9.44244
34080000 9.44159
34090000 9.44461
34100000 9.44324
34110000 9.44626
34120000 9.44509
34130000 9.44769
34140000 9.44761
34150000 9.45051
34160000 9.44941
34170000 9.45225
34180000 9.4523
34190000 9.45394
34200000 9.45442
34210000 9.45573
34220000 9.4566
34230000 9.45729
34240000 9.45829
34250000 9.45861
34260000 9.46021
34270000 9.46121
34280000 9.46263
34290000 9.46271
34300000 9.46393
34310000 9.46375
34320000 9.46533
34330000 9.46529
34340000 9.46649
34350000 9.46765
34360000 9.46812
34370000 9.46943
34380000 9.46947
34390000 9.47162
34400000 9.47192
34410000 9.47349
34420000 9.47362
34430000 9.47558
34440000 9.47618
34450000 9.47706
34460000 9.47766
34470000 9.47832
34480000 9.47928
34490000 9.47979
34500000 9.48099
34510000 9.48142
34520000 9.48467
34530000 9.48306
34540000 9.48615
34550000 9.48483
34560000 9.48794
34570000 9.48671
34580000 9.48939
34590000 9.48911
34600000 9.49233
34610000 9.49071
34620000 9.49374
34630000 9.49422
34640000 9.49527
34650000 9.49589
34660000 9.49711
34670000 9.49815
34680000 9.49832
34690000 9.49976
34700000 9.50045
34710000 9.50186
34720000 9.50262
34730000 9.50394
34740000 9.5037
34750000 9.50503
34760000 9.50466
34770000 9.50647
34780000 9.50661
34790000 9.50777
34800000 9.50915
34810000 9.50923
34820000 9.5107
34830000 9.51141
34840000 9.51292
34850000 9.51333
34860000 9.51477
34870000 9.51476
34880000 9.5168
34890000 9.51737
34900000 9.51802
34910000 9.51881
34920000 9.51949
34930000 9.52049
34940000 9.52082
34950000 9.5229
34960000 9.52273
34970000 9.52568
34980000 9.5243
34990000 9.52729
35000000 9.52617
35010000 9.52926
35020000 9.5279
35030000 9.53117
35040000 9.53039
35050000 9.53341
35060000 9.53175
35070000 9.53484
35080000 9.53528
35090000 9.53659
35100000 9.53747
35110000 9.53811
35120000 9.53901
35130000 9.5393
35140000 9.54057
35150000 9.54159
35160000 9.54318
35170000 9.54357
35180000 9.54463
35190000 9.5445
35200000 9.54596
35210000 9.54593
35220000 9.54719
35230000 9.54823
35240000 9.54852
35250000 9.55006
35260000 9.55044
35270000 9.55213
35280000 9.55232
35290000 9.55379
35300000 9.55421
35310000 9.55607
35320000 9.55664
35330000 9.55754
35340000 9.55817
35350000 9.5587
35360000 9.55972
35370000 9.5603
35380000 9.56137
35390000 9.5618
35400000 9.56451
35410000 9.56343
35420000 9.56643
35430000 9.56506
35440000 9.56804
35450000 9.56684
35460000 9.56939
35470000 9.56939
35480000 9.57254
35490000 9.5709
35500000 9.5739
35510000 9.57388
35520000 9.57549
35530000 9.57597
35540000 9.57723
35550000 9.57815
35560000 9.57854
35570000 9.57982
35580000 9.58039
35590000 9.58165
35600000 9.58256
35610000 9.58396
35620000 9.58369
35630000 9.58475
35640000 9.58504
35650000 9.58654
35660000 9.58653
35670000 9.58767
35680000 9.58901
35690000 9.58927
35700000 9.59053
35710000 9.59062
35720000 9.59262
35730000 9.59308
35740000 9.59452
35750000 9.59467
35760000 9.59656
35770000 9.59712
35780000 9.59779
35790000 9.59856
35800000 9.59921
35810000 9.60016
35820000 9.60048
35830000 9.60252
35840000 9.60245
35850000 9.6053
35860000 9.60395
35870000 9.60684
35880000 9.60549
35890000 9.60883
35900000 9.60733
35910000 9.60997
35920000 9.60973
35930000 9.61286
35940000 9.61121
35950000 9.61429
35960000 9.61471
35970000 9.61574
35980000 9.61689
35990000 9.61752
36000000 9.61838
36010000 9.61867
36020000 9.62009
36030000 9.62094
36040000 9.62214
36050000 9.62287
36060000 9.62417
36070000 9.62377
36080000 9.62523
36090000 9.62484
36100000 9.62646
36110000 9.62674
36120000 9.62787
36130000 9.62923
36140000 9.6293
36150000 9.6309
36160000 9.63144
36170000 9.63288
36180000 9.63327
36190000 9.6346
36200000 9.63469
36210000 9.63657
36220000 9.63718
36230000 9.63786
36240000 9.63862
36250000 9.63929
36260000 9.64031
36270000 9.64077
36280000 9.64264
36290000 9.64243
36300000 9.64533
36310000 9.64394
36320000 9.64689
36330000 9.64574
36340000 9.64877
36350000 9.6475
36360000 9.65094
36370000 9.64989
36380000 9.65286
36390000 9.65121
36400000 9.65424
36410000 9.65468
36420000 9.65595
36430000 9.65683
36440000 9.65742
36450000 9.65837
36460000 9.65858
36470000 9.66011
36480000 9.6612
36490000 9.6623
36500000 9.66272
36510000 9.66378
36520000 9.66364
36530000 9.66512
36540000 9.66497
36550000 9.66623
36560000 9.66727
36570000 9.66774
36580000 9.66903
36590000 9.6694
36600000 9.67107
36610000 9.67125
36620000 9.67268
36630000 9.67308
36640000 9.67491
36650000 9.67547
36660000 9.67632
36670000 9.67694
36680000 9.6775
36690000 9.67845
36700000 9.67873
36710000 9.68007
36720000 9.68046
36730000 9.6831
36740000 9.68204
36750000 9.68503
36760000 9.68362
36770000 9.68669
36780000 9.68553
36790000 9.68798
36800000 9.68787
36810000 9.69096
36820000 9.68931
36830000 9.69225
36840000 9.69281
36850000 9.69377
36860000 9.69434
36870000 9.69549
36880000 9.69642
36890000 9.69672
36900000 9.69804
36910000 9.6986
36920000 9.70008
36930000 9.7007
36940000 9.70206
36950000 9.7018
36960000 9.70285
36970000 9.7031
36980000 9.70453
36990000 9.70457
37000000 9.70568
37010000 9.70698
37020000 9.70707
37030000 9.70846
37040000 9.70853
37050000 9.71051
37060000 9.71101
37070000 9.7124
37080000 9.71236
37090000 9.71433
37100000 9.71489
37110000 9.7155
37120000 9.71628
37130000 9.7169
37140000 9.71784
37150000 9.71816
37160000 9.72014
37170000 9.72003
37180000 9.72285
37190000 9.72149
37200000 9.72434
37210000 9.72316
37220000 9.72646
37230000 9.72481
37240000 9.7281
37250000 9.72714
37260000 9.7303
37270000 9.7286
37280000 9.73163
37290000 9.73202
37300000 9.73328
37310000 9.73415
37320000 9.73473
37330000 9.7356
37340000 9.73591
37350000 9.73722
37360000 9.7381
37370000 9.73952
37380000 9.73998
37390000 9.74122
37400000 9.74079
37410000 9.7423
37420000 9.74209
37430000 9.74342
37440000 9.74391
37450000 9.74485
37460000 9.74616
37470000 9.74645
37480000 9.74775
37490000 9.74831
37500000 9.74973
37510000 9.75008
37520000 9.75143
37530000 9.75146
37540000 9.75332
37550000 9.7539
37560000 9.75459
37570000 9.75528
37580000 9.75594
37590000 9.757
37600000 9.75738
37610000 9.7598
37620000 9.75891
37630000 9.76183
37640000 9.7605
37650000 9.76337
37660000 9.76222
37670000 9.76468
37680000 9.76459
37690000 9.76733
37700000 9.76626
37710000 9.76895
37720000 9.76899
37730000 9.77052
37740000 9.77096
37750000 9.77219
37760000 9.77301
37770000 9.77363
37780000 9.77457
37790000 9.77485
37800000 9.77637
37810000 9.7773
37820000 9.77864
37830000 9.77868
37840000 9.77984
37850000 9.77963
37860000 9.78112
37870000 9.78106
37880000 9.78218
37890000 9.78327
37900000 9.7837
37910000 9.78493
37920000 9.78494
37930000 9.78697
37940000 9.78724
37950000 9.78872
37960000 9.78882
37970000 9.79067
37980000 9.79122
37990000 9.79204
38000000 9.79259
38010000 9.7932
38020000 9.79409
38030000 9.79456
38040000 9.79568
38050000 9.79607
38060000 9.79917
38070000 9.7976
38080000 9.80053
38090000 9.7992
38100000 9.8022
38110000 9.801
38120000 9.80354
38130000 9.80325
38140000 9.80631
38150000 9.80473
38160000 9.80761
38170000 9.80806
38180000 9.80903
38190000 9.80961
38200000 9.81075
38210000 9.81172
38220000 9.81185
38230000 9.81321
38240000 9.81385
38250000 9.81519
38260000 9.8159
38270000 9.81714
38280000 9.81687
38290000 9.81812
38300000 9.81774
38310000 9.81946
38320000 9.81957
38330000 9.82065
38340000 9.82195
38350000 9.82201
38360000 9.82338
38370000 9.82405
38380000 9.82547
38390000 9.82584
38400000 9.82719
38410000 9.82716
38420000 9.82909
38430000 9.82962
38440000 9.83021
38450000 9.83095
38460000 9.83158
38470000 9.83251
38480000 9.83279
38490000 9.83476
38500000 9.83458
38510000 9.8374
38520000 9.83604
38530000 9.83888
38540000 9.83777
38550000 9.84068
38560000 9.8394
38570000 9.84277
38580000 9.84174
38590000 9.84462
38600000 9.843
38610000 9.84593
38620000 9.84633
38630000 9.84756
38640000 9.8484
38650000 9.84897
38660000 9.84982
38670000 9.85007
38680000 9.85156
38690000 9.85223
38700000 9.85373
38710000 9.85408
38720000 9.85507
38730000 9.85492
38740000 9.85629
38750000 9.85624
38760000 9.85743
38770000 9.8584
38780000 9.85865
38790000 9.8601
38800000 9.86044
38810000 9.86204
38820000 9.86221
38830000 9.86359
38840000 9.86397
38850000 9.86572
38860000 9.86626
38870000 9.86709
38880000 9.86767
38890000 9.86816
38900000 9.86911
38910000 9.86964
38920000 9.87064
38930000 9.87103
38940000 9.87358
38950000 9.87255
38960000 9.87541
38970000 9.87406
38980000 9.8769
38990000 9.87572
39000000 9.87815
39010000 9.87813
39020000 9.88112
39030000 9.87953
39040000 9.88238
39050000 9.88235
39060000 9.88386
39070000 9.88431
39080000 9.88549
39090000 9.88636
39100000 9.88669
39110000 9.8879
39120000 9.88842
39130000 9.88962
39140000 9.89047
39150000 9.89179
39160000 9.8915
39170000 9.8925
39180000 9.89274
39190000 9.89417
39200000 9.89413
39210000 9.8952
39220000 9.89646
39230000 9.89669
39240000 9.89787
39250000 9.89793
39260000 9.89983
39270000 9.90025
39280000 9.90161
39290000 9.90172
39300000 9.90352
39310000 9.90403
39320000 9.90465
39330000 9.90538
39340000 9.90597
39350000 9.90686
39360000 9.90714
39370000 9.90907
39380000 9.90898
39390000 9.9117
39400000 9.91038
39410000 9.91313
39420000 9.91181
39430000 9.915
39440000 9.91353
39450000 9.91604
39460000 9.91587
39470000 9.91877
39480000 9.91717
39490000 9.92009
39500000 9.92048
39510000 9.92144
39520000 9.92253
39530000 9.92311
39540000 9.92391
39550000 9.92416
39560000 9.9255
39570000 9.92631
39580000 9.92743
39590000 9.92811
39600000 9.92933
39610000 9.92892
39620000 9.93031
39630000 9.9299
39640000 9.93144
39650000 9.93168
39660000 9.93275
39670000 9.93402
39680000 9.93407
39690000 9.93558
39700000 9.93608
39710000 9.93743
39720000 9.93778
39730000 9.93904
39740000 9.9391
39750000 9.94089
39760000 9.94146
39770000 9.94208
39780000 9.94279
39790000 9.94341
39800000 9.94437
39810000 9.94477
39820000 9.94655
39830000 9.94633
39840000 9.9491
39850000 9.94774
39860000 9.95055
39870000 9.94942
39880000 9.9523
39890000 9.95139
39900000 9.95433
39910000 9.95331
39920000 9.95614
39930000 9.95454
39940000 9.95742
39950000 9.95782
39960000 9.95902
39970000 9.95985
39980000 9.96038
39990000 9.96127
40000000 9.96145
40010000 9.9629
40020000 9.96393
40030000 9.96497
40040000 9.96535
40050000 9.96634
40060000 9.96618
40070000 9.96758
40080000 9.96741
40090000 9.9686
40100000 9.96957
40110000 9.97
40120000 9.97121
40130000 9.97155
40140000 9.97313
40150000 9.97328
40160000 9.97463
40170000 9.97499
40180000 9.97673
40190000 9.97725
40200000 9.97803
40210000 9.97861
40220000 9.97913
40230000 9.98002
40240000 9.98026
40250000 9.98153
40260000 9.98188
40270000 9.98439
40280000 9.98334
40290000 9.9862
40300000 9.98481
40310000 9.98775
40320000 9.98661
40330000 9.98894
40340000 9.98881
40350000 9.99176
40360000 9.99016
40370000 9.99295
40380000 9.99348
40390000 9.99437
40400000 9.99491
40410000 9.99597
40420000 9.99686
40430000 9.99712
40440000 9.99836
40450000 9.99888
40460000 10.0003
40470000 10.0009
40480000 10.0021
40490000 10.0019
40500000 10.0029
40510000 10.0031
40520000 10.0044
40530000 10.0044
40540000 10.0055
40550000 10.0067
40560000 10.0068
40570000 10.0081
40580000 10.0081
40590000 10.01
40600000 10.0105
40610000 10.0118
40620000 10.0117
40630000 10.0136
40640000 10.0141
40650000 10.0147
40660000 10.0154
40670000 10.016
40680000 10.0169
40690000 10.0171
40700000 10.019
40710000 10.0189
40720000 10.0216
40730000 10.0203
40740000 10.023
40750000 10.0218
40760000 10.025
40770000 10.0233
40780000 10.0265
40790000 10.0257
40800000 10.0286
40810000 10.0269
40820000 10.0298
40830000 10.0302
40840000 10.0313
40850000 10.0322
40860000 10.0327
40870000 10.0335
40880000 10.0338
40890000 10.035
40900000 10.0358
40910000 10.0373
40920000 10.0376
40930000 10.0388
40940000 10.0383
40950000 10.0398
40960000 10.0395
40970000 10.0408
40980000 10.0413
40990000 10.0421
41000000 10.0434
41010000 10.0436
41020000 10.0448
41030000 10.0454
41040000 10.0467
41050000 10.047
41060000 10.0483
41070000 10.0483
41080000 10.0501
41090000 10.0506
41100000 10.0513
41110000 10.0519
41120000 10.0525
41130000 10.0535
41140000 10.0538
41150000 10.0561
41160000 10.0553
41170000 10.0581
41180000 10.0568
41190000 10.0595
41200000 10.0584
41210000 10.0607
41220000 10.0606
41230000 10.0632
41240000 10.0622
41250000 10.0647
41260000 10.0648
41270000 10.0662
41280000 10.0666
41290000 10.0678
41300000 10.0685
41310000 10.0691
41320000 10.07
41330000 10.0702
41340000 10.0717
41350000 10.0726
41360000 10.0738
41370000 10.0738
41380000 10.0749
41390000 10.0747
41400000 10.0761
41410000 10.076
41420000 10.0771
41430000 10.0781
41440000 10.0785
41450000 10.0797
41460000 10.0797
41470000 10.0816
41480000 10.0818
41490000 10.0832
41500000 10.0833
41510000 10.0851
41520000 10.0856
41530000 10.0863
41540000 10.0868
41550000 10.0874
41560000 10.0882
41570000 10.0887
41580000 10.0904
41590000 10.09
41600000 10.093
41610000 10.0915
41620000 10.0943
41630000 10.093
41640000 10.0959
41650000 10.0947
41660000 10.0971
41670000 10.0968
41680000 10.0997
41690000 10.0982
41700000 10.1009
41710000 10.1014
41720000 10.1023
41730000 10.1028
41740000 10.1039
41750000 10.1048
41760000 10.1049
41770000 10.1062
41780000 10.1068
41790000 10.108
41800000 10.1087
41810000 10.1099
41820000 10.1096
41830000 10.1108
41840000 10.1104
41850000 10.112
41860000 10.1121
41870000 10.1131
41880000 10.1144
41890000 10.1144
41900000 10.1157
41910000 10.1163
41920000 10.1177
41930000 10.118
41940000 10.1193
41950000 10.1192
41960000 10.1211
41970000 10.1215
41980000 10.1221
41990000 10.1228
42000000 10.1234
42010000 10.1242
42020000 10.1245
42030000 10.1264
42040000 10.1262
42050000 10.1289
42060000 10.1275
42070000 10.1302
42080000 10.1291
42090000 10.1319
42100000 10.1307
42110000 10.1339
42120000 10.1329
42130000 10.1356
42140000 10.134
42150000 10.1369
42160000 10.1372
42170000 10.1384
42180000 10.1392
42190000 10.1397
42200000 10.1405
42210000 10.1407
42220000 10.1421
42230000 10.1428
42240000 10.1442
42250000 10.1445
42260000 10.1454
42270000 10.1452
42280000 10.1466
42290000 10.1465
42300000 10.1476
42310000 10.1485
42320000 10.1487
42330000 10.1501
42340000 10.1504
42350000 10.1519
42360000 10.1521
42370000 10.1534
42380000 10.1537
42390000 10.1554
42400000 10.1559
42410000 10.1567
42420000 10.1572
42430000 10.1577
42440000 10.1586
42450000 10.159
42460000 10.16
42470000 10.1603
42480000 10.1628
42490000 10.1618
42500000 10.1645
42510000 10.1632
42520000 10.1659
42530000 10.1647
42540000 10.167
42550000 10.167
42560000 10.1699
42570000 10.1683
42580000 10.171
42590000 10.171
42600000 10.1724
42610000 10.1728
42620000 10.1739
42630000 10.1748
42640000 10.1751
42650000 10.1762
42660000 10.1767
42670000 10.1778
42680000 10.1786
42690000 10.1799
42700000 10.1796
42710000 10.1805
42720000 10.1807
42730000 10.1821
42740000 10.182
42750000 10.183
42760000 10.1842
42770000 10.1844
42780000 10.1855
42790000 10.1856
42800000 10.1874
42810000 10.1878
42820000 10.189
42830000 10.1891
42840000 10.1908
42850000 10.1913
42860000 10.1919
42870000 10.1926
42880000 10.1931
42890000 10.194
42900000 10.1942
42910000 10.1961
42920000 10.1959
42930000 10.1985
42940000 10.1972
42950000 10.1999
42960000 10.1986
42970000 10.2016
42980000 10.2002
42990000 10.2026
43000000 10.2024
43010000 10.2052
43020000 10.2036
43030000 10.2064
43040000 10.2068
43050000 10.2077
43060000 10.2087
43070000 10.2092
43080000 10.21
43090000 10.2102
43100000 10.2115
43110000 10.2122
43120000 10.2133
43130000 10.2139
43140000 10.2151
43150000 10.2147
43160000 10.216
43170000 10.2156
43180000 10.217
43190000 10.2173
43200000 10.2183
43210000 10.2195
43220000 10.2195
43230000 10.2209
43240000 10.2214
43250000 10.2227
43260000 10.223
43270000 10.2242
43280000 10.2242
43290000 10.2259
43300000 10.2265
43310000 10.227
43320000 10.2277
43330000 10.2283
43340000 10.2292
43350000 10.2295
43360000 10.2312
43370000 10.231
43380000 10.2336
43390000 10.2323
43400000 10.235
43410000 10.2339
43420000 10.2366
43430000 10.2357
43440000 10.2386
43450000 10.2376
43460000 10.2403
43470000 10.2387
43480000 10.2415
43490000 10.2418
43500000 10.243
43510000 10.2438
43520000 10.2442
43530000 10.2451
43540000 10.2452
43550000 10.2466
43560000 10.2476
43570000 10.2486
43580000 10.2489
43590000 10.2498
43600000 10.2497
43610000 10.251
43620000 10.2508
43630000 10.2519
43640000 10.2528
43650000 10.2532
43660000 10.2544
43670000 10.2547
43680000 10.2562
43690000 10.2564
43700000 10.2576
43710000 10.2579
43720000 10.2596
43730000 10.2601
43740000 10.2608
43750000 10.2613
43760000 10.2618
43770000 10.2627
43780000 10.2629
43790000 10.2641
43800000 10.2644
43810000 10.2668
43820000 10.2658
43830000 10.2685
43840000 10.2671
43850000 10.2699
43860000 10.2688
43870000 10.271
43880000 10.2709
43890000 10.2737
43900000 10.2722
43910000 10.2748
43920000 10.2753
43930000 10.2762
43940000 10.2767
43950000 10.2777
43960000 10.2785
43970000 10.2787
43980000 10.2799
43990000 10.2804
44000000 10.2817
44010000 10.2823
44020000 10.2835
44030000 10.2832
44040000 10.2841
44050000 10.2843
44060000 10.2856
44070000 10.2856
44080000 10.2866
44090000 10.2877
44100000 10.2878
44110000 10.289
44120000 10.2897
44130000 10.2908
44140000 10.2913
44150000 10.2925
44160000 10.2924
44170000 10.2942
44180000 10.2947
44190000 10.2952
44200000 10.2959
44210000 10.2964
44220000 10.2973
44230000 10.2975
44240000 10.2993
44250000 10.2992
44260000 10.3017
44270000 10.3004
44280000 10.303
44290000 10.3019
44300000 10.3049
44310000 10.3033
44320000 10.3064
44330000 10.3056
44340000 10.3083
44350000 10.3067
44360000 10.3095
44370000 10.3098
44380000 10.3109
44390000 10.3117
44400000 10.3122
44410000 10.3129
44420000 10.3132
44430000 10.3144
44440000 10.3151
44450000 10.3165
44460000 10.3168
44470000 10.3179
44480000 10.3174
44490000 10.3188
44500000 10.3186
44510000 10.3198
44520000 10.3202
44530000 10.321
44540000 10.3222
44550000 10.3224
44560000 10.3236
44570000 10.3241
44580000 10.3253
44590000 10.3256
44600000 10.3268
44610000 10.3268
44620000 10.3285
44630000 10.329
44640000 10.3296
44650000 10.3302
44660000 10.3308
44670000 10.3317
44680000 10.332
44690000 10.3342
44700000 10.3334
44710000 10.336
44720000 10.3348
44730000 10.3374
44740000 10.3363
44750000 10.3385
44760000 10.3384
44770000 10.3409
44780000 10.3399
44790000 10.3423
44800000 10.3423
44810000 10.3437
44820000 10.3441
44830000 10.3452
44840000 10.3459
44850000 10.3464
44860000 10.3472
44870000 10.3474
44880000 10.3489
44890000 10.3497
44900000 10.3509
44910000 10.3509
44920000 10.3519
44930000 10.3517
44940000 10.353
44950000 10.3529
44960000 10.3539
44970000 10.3549
44980000 10.3552
44990000 10.3563
45000000 10.3563
45010000 10.3581
45020000 10.3584
45030000 10.3597
45040000 10.3597
45050000 10.3614
45060000 10.3619
45070000 10.3626
45080000 10.3631
45090000 10.3636
45100000 10.3644
45110000 10.3648
45120000 10.3664
45130000 10.3661
45140000 10.3689
45150000 10.3674
45160000 10.3701
45170000 10.3688
45180000 10.3716
45190000 10.3704
45200000 10.3728
45210000 10.3725
45220000 10.3753
45230000 10.3737
45240000 10.3764
45250000 10.3768
45260000 10.3776
45270000 10.3781
45280000 10.3791
45290000 10.38
45300000 10.3801
45310000 10.3813
45320000 10.3819
45330000 10.3831
45340000 10.3837
45350000 10.3848
45360000 10.3845
45370000 10.3856
45380000 10.3852
45390000 10.3868
45400000 10.3868
45410000 10.3878
45420000 10.389
45430000 10.389
45440000 10.3902
45450000 10.3908
45460000 10.3921
45470000 10.3924
45480000 10.3936
45490000 10.3935
45500000 10.3953
45510000 10.3957
45520000 10.3963
45530000 10.3969
45540000 10.3974
45550000 10.3983
45560000 10.3985
45570000 10.4003
45580000 10.4001
45590000 10.4027
45600000 10.4013
45610000 10.4039
45620000 10.4028
45630000 10.4055
45640000 10.4043
45650000 10.4074
45660000 10.4064
45670000 10.409
45680000 10.4075
45690000 10.4102
45700000 10.4105
45710000 10.4116
45720000 10.4124
45730000 10.4129
45740000 10.4136
45750000 10.4138
45760000 10.4151
45770000 10.4157
45780000 10.4171
45790000 10.4174
45800000 10.4183
45810000 10.4181
45820000 10.4193
45830000 10.4192
45840000 10.4203
45850000 10.4211
45860000 10.4213
45870000 10.4226
45880000 10.4229
45890000 10.4244
45900000 10.4245
45910000 10.4257
45920000 10.426
45930000 10.4276
45940000 10.4281
45950000 10.4288
45960000 10.4293
45970000 10.4297
45980000 10.4306
45990000 10.431
46000000 10.4319
46010000 10.4322
46020000 10.4346
46030000 10.4336
46040000 10.4362
46050000 10.4349
46060000 10.4375
46070000 10.4364
46080000 10.4386
46090000 10.4385
46100000 10.4413
46110000 10.4398
46120000 10.4424
46130000 10.4423
46140000 10.4437
46150000 10.4441
46160000 10.4451
46170000 10.4459
46180000 10.4461
46190000 10.4472
46200000 10.4477
46210000 10.4488
46220000 10.4495
46230000 10.4507
46240000 10.4504
46250000 10.4513
46260000 10.4515
46270000 10.4528
46280000 10.4527
46290000 10.4536
46300000 10.4548
46310000 10.455
46320000 10.456
46330000 10.456
46340000 10.4577
46350000 10.4581
46360000 10.4593
46370000 10.4593
46380000 10.461
46390000 10.4615
46400000 10.462
46410000 10.4626
46420000 10.4632
46430000 10.4639
46440000 10.4642
46450000 10.4659
46460000 10.4658
46470000 10.4683
46480000 10.467
46490000 10.4696
46500000 10.4683
46510000 10.4714
46520000 10.4698
46530000 10.4721
46540000 10.4719
46550000 10.4746
46560000 10.473
46570000 10.4757
46580000 10.4761
46590000 10.4769
46600000 10.4779
46610000 10.4784
46620000 10.4791
46630000 10.4793
46640000 10.4805
46650000 10.4812
46660000 10.4822
46670000 10.4828
46680000 10.4839
46690000 10.4835
46700000 10.4847
46710000 10.4843
46720000 10.4857
46730000 10.4859
46740000 10.4868
46750000 10.488
46760000 10.488
46770000 10.4894
46780000 10.4898
46790000 10.491
46800000 10.4913
46810000 10.4924
46820000 10.4924
46830000 10.4941
46840000 10.4946
46850000 10.4952
46860000 10.4957
46870000 10.4963
46880000 10.4971
46890000 10.4975
46900000 10.4991
46910000 10.4988
46920000 10.5014
46930000 10.5001
46940000 10.5027
46950000 10.5016
46960000 10.5042
46970000 10.5033
46980000 10.506
46990000 10.505
47000000 10.5076
47010000 10.5061
47020000 10.5087
47030000 10.5091
47040000 10.5102
47050000 10.5109
47060000 10.5114
47070000 10.5121
47080000 10.5123
47090000 10.5136
47100000 10.5145
47110000 10.5155
47120000 10.5158
47130000 10.5166
47140000 10.5165
47150000 10.5177
47160000 10.5175
47170000 10.5186
47180000 10.5195
47190000 10.5198
47200000 10.5209
47210000 10.5212
47220000 10.5226
47230000 10.5228
47240000 10.5239
47250000 10.5242
47260000 10.5258
47270000 10.5263
47280000 10.527
47290000 10.5275
47300000 10.5279
47310000 10.5287
47320000 10.5289
47330000 10.53
47340000 10.5303
47350000 10.5326
47360000 10.5316
47370000 10.5342
47380000 10.5329
47390000 10.5356
47400000 10.5345
47410000 10.5366
47420000 10.5365
47430000 10.5392
47440000 10.5377
47450000 10.5402
47460000 10.5407
47470000 10.5415
47480000 10.542
47490000 10.5429
47500000 10.5437
47510000 10.5439
47520000 10.545
47530000 10.5454
47540000 10.5467
47550000 10.5473
47560000 10.5484
47570000 10.5481
47580000 10.549
47590000 10.5491
47600000 10.5504
47610000 10.5503
47620000 10.5513
47630000 10.5524
47640000 10.5524
47650000 10.5536
47660000 10.5542
47670000 10.5553
47680000 10.5557
47690000 10.5569
47700000 10.5568
47710000 10.5585
47720000 10.559
47730000 10.5594
47740000 10.5601
47750000 10.5606
47760000 10.5614
47770000 10.5616
47780000 10.5633
47790000 10.5631
47800000 10.5656
47810000 10.5643
47820000 10.5668
47830000 10.5657
47840000 10.5686
47850000 10.5671
47860000 10.57
47870000 10.5692
47880000 10.5718
47890000 10.5703
47900000 10.5729
47910000 10.5732
47920000 10.5743
47930000 10.575
47940000 10.5755
47950000 10.5762
47960000 10.5764
47970000 10.5775
47980000 10.5783
47990000 10.5795
48000000 10.5798
48010000 10.5809
48020000 10.5804
48030000 10.5817
48040000 10.5815
48050000 10.5826
48060000 10.583
48070000 10.5837
48080000 10.5849
48090000 10.5851
48100000 10.5862
48110000 10.5867
48120000 10.5879
48130000 10.5881
48140000 10.5893
48150000 10.5892
48160000 10.5909
48170000 10.5913
48180000 10.5919
48190000 10.5925
48200000 10.593
48210000 10.5939
48220000 10.5942
48230000 10.5963
48240000 10.5954
48250000 10.598
48260000 10.5967
48270000 10.5992
48280000 10.5981
48290000 10.6003
48300000 10.6002
48310000 10.6026
48320000 10.6014
48330000 10.6039
48340000 10.6039
48350000 10.6052
48360000 10.6056
48370000 10.6066
48380000 10.6073
48390000 10.6077
48400000 10.6086
48410000 10.6087
48420000 10.6101
48430000 10.6109
48440000 10.612
48450000 10.612
48460000 10.613
48470000 10.6127
48480000 10.614
48490000 10.6139
48500000 10.6148
48510000 10.6157
48520000 10.6161
48530000 10.6171
48540000 10.6171
48550000 10.6188
48560000 10.619
48570000 10.6203
48580000 10.6203
48590000 10.6219
48600000 10.6224
48610000 10.6231
48620000 10.6235
48630000 10.624
48640000 10.6247
48650000 10.6249
48660000 10.6267
48670000 10.6263
48680000 10.6291
48690000 10.6277
48700000 10.6302
48710000 10.6289
48720000 10.6316
48730000 10.6304
48740000 10.6327
48750000 10.6323
48760000 10.635
48770000 10.6335
48780000 10.6361
48790000 10.6365
48800000 10.6372
48810000 10.6377
48820000 10.6387
48830000 10.6395
48840000 10.6396
48850000 10.6407
48860000 10.6412
48870000 10.6424
48880000 10.643
48890000 10.6441
48900000 10.6437
48910000 10.6448
48920000 10.6444
48930000 10.6459
48940000 10.6459
48950000 10.6469
48960000 10.648
48970000 10.648
48980000 10.6491
48990000 10.6497
49000000 10.6509
49010000 10.6512
49020000 10.6523
49030000 10.6523
49040000 10.6539
49050000 10.6544
49060000 10.6548
49070000 10.6554
49080000 10.656
49090000 10.6567
49100000 10.6569
49110000 10.6587
49120000 10.6584
49130000 10.6609
49140000 10.6596
49150000 10.6621
49160000 10.661
49170000 10.6636
49180000 10.6624
49190000 10.6654
49200000 10.6644
49210000 10.667
49220000 10.6654
49230000 10.668
49240000 10.6684
49250000 10.6694
49260000 10.6701
49270000 10.6705
49280000 10.6713
49290000 10.6714
49300000 10.6727
49310000 10.6733
49320000 10.6746
49330000 10.6748
49340000 10.6757
49350000 10.6754
49360000 10.6767
49370000 10.6765
49380000 10.6775
49390000 10.6784
49400000 10.6785
49410000 10.6798
49420000 10.68
49430000 10.6814
49440000 10.6815
49450000 10.6827
49460000 10.683
49470000 10.6845
49480000 10.6849
49490000 10.6856
49500000 10.6861
49510000 10.6865
49520000 10.6873
49530000 10.6877
49540000 10.6886
49550000 10.6888
49560000 10.6911
49570000 10.6901
49580000 10.6926
49590000 10.6913
49600000 10.6939
49610000 10.6927
49620000 10.6949
49630000 10.6948
49640000 10.6974
49650000 10.696
49660000 10.6984
49670000 10.6984
49680000 10.6997
49690000 10.7
49700000 10.701
49710000 10.7018
49720000 10.702
49730000 10.703
49740000 10.7035
49750000 10.7047
49760000 10.7052
49770000 10.7064
49780000 10.706
49790000 10.7069
49800000 10.707
49810000 10.7083
49820000 10.7082
49830000 10.7091
49840000 10.7102
49850000 10.7103
49860000 10.7113
49870000 10.7113
49880000 10.713
49890000 10.7133
49900000 10.7145
49910000 10.7144
49920000 10.7161
49930000 10.7165
49940000 10.717
49950000 10.7176
49960000 10.7181
49970000 10.7188
49980000 10.719
49990000 10.7207
50000000 10.7206
