10000 204.235
20000 184.541
30000 74.0118
40000 67.8417
50000 40.3672
60000 35.0604
70000 26.5023
80000 24.1738
90000 20.204
100000 19.6331
110000 16.1382
120000 15.8742
130000 14.0113
140000 13.6025
150000 13.0097
160000 12.2821
170000 11.8248
180000 11.4571
190000 11.9592
200000 10.9856
210000 10.8723
220000 10.5391
230000 10.6595
240000 10.2964
250000 10.1399
260000 10.1844
270000 9.79931
280000 10.1741
290000 9.57633
300000 9.4231
310000 9.73775
320000 9.55607
330000 9.24829
340000 9.42227
350000 9.01353
360000 9.00456
370000 8.93198
380000 8.88186
390000 8.70551
400000 8.54148
410000 8.50897
420000 8.49939
430000 8.65203
440000 8.28872
450000 9.65195
460000 8.17971
470000 8.99731
480000 8.2811
490000 8.43409
500000 8.15321
510000 8.69023
520000 8.24017
530000 8.31921
540000 8.18958
550000 8.36071
560000 8.21724
570000 8.08824
580000 8.19391
590000 8.01936
600000 8.03082
610000 7.92995
620000 7.837
630000 7.67212
640000 8.24154
650000 7.80386
660000 7.88219
670000 7.63263
680000 7.98344
690000 7.68581
700000 7.79437
710000 7.64969
720000 7.70112
730000 7.49219
740000 7.66322
750000 7.73226
760000 7.77148
770000 7.8671
780000 7.56096
790000 7.80694
800000 7.68264
810000 7.55678
820000 7.58125
830000 7.49864
840000 7.37413
850000 7.27571
860000 7.30762
870000 7.19006
880000 7.51693
890000 7.29909
900000 7.8302
910000 7.21997
920000 7.34881
930000 7.31714
940000 7.5438
950000 7.19002
960000 7.46881
970000 7.46278
980000 7.45203
990000 7.31717
1000000 7.62932
1010000 7.44568
1020000 7.43071
1030000 7.37058
1040000 7.19502
1050000 7.20657
1060000 7.09535
1070000 7.85882
1080000 7.07839
1090000 7.39706
1100000 7.00825
1110000 7.61914
1120000 7.09851
1130000 7.16645
1140000 7.21107
1150000 7.20819
1160000 7.41228
1170000 7.2587
1180000 7.04391
1190000 7.14794
1200000 7.27878
1210000 7.29188
1220000 7.40148
1230000 7.12243
1240000 7.18846
1250000 7.121
1260000 7.15382
1270000 7.05693
1280000 6.89611
1290000 6.95283
1300000 6.84196
1310000 6.93472
1320000 6.83911
1330000 6.96907
1340000 6.91206
1350000 7.08866
1360000 6.88349
1370000 6.90721
1380000 7.10365
1390000 7.08744
1400000 7.13261
1410000 7.02902
1420000 7.00949
1430000 7.16034
1440000 7.10267
1450000 7.14882
1460000 7.23614
1470000 6.99968
1480000 6.99748
1490000 6.97241
1500000 6.96278
1510000 6.70887
1520000 7.38855
1530000 6.8323
1540000 7.05502
1550000 6.67707
1560000 7.38479
1570000 6.78247
1580000 7.1317
1590000 6.84853
1600000 6.95375
1610000 7.18659
1620000 7.15134
1630000 6.81207
1640000 7.15726
1650000 7.00624
1660000 6.90543
1670000 7.30111
1680000 6.9366
1690000 6.98992
1700000 7.04183
1710000 6.95781
1720000 6.804
1730000 6.7003
1740000 6.74618
1750000 6.81861
1760000 6.73261
1770000 6.7236
1780000 6.90009
1790000 6.67283
1800000 6.76822
1810000 6.70103
1820000 6.84784
1830000 6.64269
1840000 6.9868
1850000 6.88878
1860000 6.81724
1870000 6.83568
1880000 7.04602
1890000 7.11468
1900000 7.00237
1910000 7.31067
1920000 6.75096
1930000 6.8229
1940000 6.78323
1950000 6.91941
1960000 6.56817
1970000 6.98496
1980000 6.85292
1990000 6.93769
2000000 6.57641
2010000 6.99764
2020000 6.5837
2030000 6.86168
2040000 6.61999
2050000 6.87071
2060000 6.55305
2070000 6.85119
2080000 6.98164
2090000 6.91424
2100000 7.01239
2110000 6.78436
2120000 7.06508
2130000 6.90045
2140000 6.89632
2150000 6.7252
2160000 6.79685
2170000 6.64637
2180000 6.56535
2190000 6.58477
2200000 6.55857
2210000 6.78257
2220000 6.5822
2230000 6.71579
2240000 6.53588
2250000 6.5108
2260000 6.59839
2270000 6.79829
2280000 6.77038
2290000 6.65386
2300000 6.86076
2310000 6.67595
2320000 6.89294
2330000 6.93875
2340000 6.94957
2350000 6.69075
2360000 6.78471
2370000 6.56303
2380000 6.62197
2390000 6.45657
2400000 7.72048
2410000 6.69041
2420000 7.03188
2430000 6.55792
2440000 6.98167
2450000 6.5207
2460000 6.69391
2470000 6.80612
2480000 6.75099
2490000 6.79138
2500000 6.95145
2510000 6.48885
2520000 6.78031
2530000 6.69407
2540000 6.68075
2550000 7.12083
2560000 6.68688
2570000 6.74357
2580000 6.64327
2590000 6.73492
2600000 6.57058
2610000 6.46966
2620000 6.54798
2630000 6.58215
2640000 6.56033
2650000 6.41076
2660000 6.68795
2670000 6.54135
2680000 6.52424
2690000 6.49406
2700000 6.50381
2710000 6.51184
2720000 6.68164
2730000 6.6481
2740000 6.56268
2750000 6.60591
2760000 6.64149
2770000 7.03579
2780000 6.78283
2790000 6.93739
2800000 6.59268
2810000 6.5275
2820000 6.67053
2830000 6.7008
2840000 6.34551
2850000 6.98878
2860000 6.44996
2870000 6.70264
2880000 6.32588
2890000 7.12502
2900000 6.42166
2910000 6.76021
2920000 6.43896
2930000 6.61494
2940000 6.70423
2950000 6.78224
2960000 6.55218
2970000 6.71332
2980000 6.84774
2990000 6.53798
3000000 6.95743
3010000 6.71176
3020000 6.66754
3030000 6.7041
3040000 6.64002
3050000 6.55267
3060000 6.40709
3070000 6.45122
3080000 6.55633
3090000 6.42943
3100000 6.40336
3110000 6.50256
3120000 6.42988
3130000 6.41016
3140000 6.40497
3150000 6.53269
3160000 6.28377
3170000 6.62012
3180000 6.55994
3190000 6.58824
3200000 6.52527
3210000 6.79218
3220000 6.81258
3230000 6.59465
3240000 6.82636
3250000 6.43391
3260000 6.53915
3270000 6.40839
3280000 6.88796
3290000 6.28933
3300000 6.7194
3310000 6.43828
3320000 6.72174
3330000 6.31926
3340000 6.72716
3350000 6.27563
3360000 6.63933
3370000 6.45749
3380000 6.62666
3390000 6.30566
3400000 6.68456
3410000 6.73314
3420000 6.72422
3430000 6.8065
3440000 6.51765
3450000 6.71012
3460000 6.57164
3470000 6.63531
3480000 6.49551
3490000 6.3574
3500000 6.4292
3510000 6.34939
3520000 6.46609
3530000 6.35934
3540000 6.37991
3550000 6.44508
3560000 6.41107
3570000 6.31828
3580000 6.2967
3590000 6.42929
3600000 6.52775
3610000 6.56082
3620000 6.4095
3630000 6.49023
3640000 6.56064
3650000 6.70891
3660000 6.68458
3670000 6.72433
3680000 6.50377
3690000 6.63915
3700000 6.36888
3710000 6.39429
3720000 6.25475
3730000 7.35055
3740000 6.3698
3750000 6.67263
3760000 6.33947
3770000 6.90909
3780000 6.30588
3790000 6.48758
3800000 6.43467
3810000 6.54133
3820000 6.81907
3830000 6.7314
3840000 6.29448
3850000 6.68228
3860000 6.53196
3870000 6.48961
3880000 6.8362
3890000 6.46717
3900000 6.58351
3910000 6.4527
3920000 6.53295
3930000 6.36198
3940000 6.31722
3950000 6.34074
3960000 6.46711
3970000 6.32432
3980000 6.31488
3990000 6.37958
4000000 6.37889
4010000 6.37581
4020000 6.46897
4030000 6.48202
4040000 6.23413
4050000 6.5211
4060000 6.57017
4070000 6.3737
4080000 6.4379
4090000 6.4561
4100000 6.73174
4110000 6.47522
4120000 6.75721
4130000 6.37089
4140000 6.47596
4150000 6.39268
4160000 6.45299
4170000 6.22211
4180000 6.93563
4190000 6.45631
4200000 6.51802
4210000 6.26957
4220000 6.74659
4230000 6.28288
4240000 6.60027
4250000 6.26401
4260000 6.46742
4270000 6.20707
4280000 6.56095
4290000 6.66616
4300000 6.57451
4310000 6.68841
4320000 6.42295
4330000 6.69528
4340000 6.59837
4350000 6.5483
4360000 6.43366
4370000 6.48095
4380000 6.36955
4390000 6.27607
4400000 6.35282
4410000 6.25582
4420000 6.3844
4430000 6.24202
4440000 6.32212
4450000 6.29678
4460000 6.22341
4470000 6.21621
4480000 6.33886
4490000 6.23169
4500000 6.38658
4510000 6.49969
4520000 6.38225
4530000 6.44846
4540000 6.60724
4550000 6.67508
4560000 6.40889
4570000 6.58374
4580000 6.2257
4590000 6.31333
4600000 6.25498
4610000 7.34182
4620000 6.16564
4630000 6.63763
4640000 6.29525
4650000 6.81239
4660000 6.17723
4670000 6.3869
4680000 6.35275
4690000 6.49022
4700000 6.46353
4710000 6.49075
4720000 6.19896
4730000 6.42997
4740000 6.48655
4750000 6.54259
4760000 6.67054
4770000 6.38637
4780000 6.48646
4790000 6.37794
4800000 6.46703
4810000 6.31759
4820000 6.22387
4830000 6.24803
4840000 6.19245
4850000 6.319
4860000 6.19368
4870000 6.26632
4880000 6.34794
4890000 6.28959
4900000 6.22105
4910000 6.32016
4920000 6.23996
4930000 6.38629
4940000 6.45943
4950000 6.31135
4960000 6.35538
4970000 6.41303
4980000 6.41789
4990000 6.61467
5000000 6.72461
5010000 6.27247
5020000 6.46831
5030000 6.31558
5040000 6.42753
5050000 6.12128
5060000 6.93271
5070000 6.20596
5080000 6.47065
5090000 6.13184
5100000 6.84444
5110000 6.16793
5120000 6.58178
5130000 6.21884
5140000 6.38212
5150000 6.52425
5160000 6.62196
5170000 6.23237
5180000 6.59816
5190000 6.41035
5200000 6.35823
5210000 6.74926
5220000 6.4466
5230000 6.46683
5240000 6.43126
5250000 6.47186
5260000 6.29695
5270000 6.20046
5280000 6.22171
5290000 6.36475
5300000 6.22255
5310000 6.18369
5320000 6.26696
5330000 6.27301
5340000 6.20903
5350000 6.26983
5360000 6.31023
5370000 6.10825
5380000 6.41864
5390000 6.45977
5400000 6.28036
5410000 6.29632
5420000 6.35036
5430000 6.66417
5440000 6.36257
5450000 6.82291
5460000 6.21904
5470000 6.36809
5480000 6.26678
5490000 6.51379
5500000 6.10276
5510000 6.5906
5520000 6.32476
5530000 6.49574
5540000 6.13055
5550000 6.64298
5560000 6.07759
5570000 6.47494
5580000 6.14549
5590000 6.3886
5600000 6.04738
5610000 6.44358
5620000 6.46961
5630000 6.47572
5640000 6.57972
5650000 6.35335
5660000 6.60904
5670000 6.51888
5680000 6.50037
5690000 6.28946
5700000 6.40865
5710000 6.23711
5720000 6.17383
5730000 6.19967
5740000 6.18079
5750000 6.36748
5760000 6.18505
5770000 6.20933
5780000 6.21605
5790000 6.14828
5800000 6.14206
5810000 6.35904
5820000 6.32547
5830000 6.25217
5840000 6.4863
5850000 6.21636
5860000 6.44952
5870000 6.51521
5880000 6.63782
5890000 6.24271
5900000 6.48167
5910000 6.13092
5920000 6.2229
5930000 6.09091
5940000 7.36798
5950000 6.22373
5960000 6.67156
5970000 6.25621
5980000 6.59462
5990000 6.18624
6000000 6.36735
6010000 6.4566
6020000 6.3984
6030000 6.37231
6040000 6.5361
6050000 6.08717
6060000 6.41714
6070000 6.2955
6080000 6.34209
6090000 6.7641
6100000 6.32387
6110000 6.40366
6120000 6.26587
6130000 6.40055
6140000 6.21285
6150000 6.14935
6160000 6.18754
6170000 6.22246
6180000 6.24664
6190000 6.09773
6200000 6.31469
6210000 6.2665
6220000 6.1926
6230000 6.21783
6240000 6.20833
6250000 6.12067
6260000 6.30186
6270000 6.50463
6280000 6.22525
6290000 6.24043
6300000 6.25642
6310000 6.73364
6320000 6.42002
6330000 6.58609
6340000 6.21885
6350000 6.22498
6360000 6.31107
6370000 6.3733
6380000 6.03035
6390000 6.71939
6400000 6.1075
6410000 6.39702
6420000 6.03702
6430000 6.83221
6440000 6.10688
6450000 6.434
6460000 6.11465
6470000 6.28859
6480000 6.31985
6490000 6.47173
6500000 6.18101
6510000 6.40853
6520000 6.53469
6530000 6.25508
6540000 6.64782
6550000 6.47566
6560000 6.38046
6570000 6.38525
6580000 6.36513
6590000 6.29395
6600000 6.13165
6610000 6.14457
6620000 6.30405
6630000 6.14597
6640000 6.15756
6650000 6.18103
6660000 6.18993
6670000 6.11648
6680000 6.15152
6690000 6.22349
6700000 6.00397
6710000 6.29039
6720000 6.35322
6730000 6.2558
6740000 6.22735
6750000 6.45208
6760000 6.58748
6770000 6.26598
6780000 6.57792
6790000 6.1231
6800000 6.26541
6810000 6.15127
6820000 6.61408
6830000 6.00905
6840000 6.49214
6850000 6.1643
6860000 6.71972
6870000 6.06526
6880000 6.50761
6890000 6.00896
6900000 6.42423
6910000 6.12207
6920000 6.32974
6930000 6.01832
6940000 6.42265
6950000 6.36045
6960000 6.45537
6970000 6.55034
6980000 6.28226
6990000 6.43523
7000000 6.34478
7010000 6.3927
7020000 6.22616
7030000 6.11873
7040000 6.1847
7050000 6.11448
7060000 6.23378
7070000 6.13162
7080000 6.13402
7090000 6.23886
7100000 6.14948
7110000 6.13046
7120000 6.07978
7130000 6.13085
7140000 6.25384
7150000 6.33166
7160000 6.17702
7170000 6.26784
7180000 6.26095
7190000 6.44633
7200000 6.41148
7210000 6.52701
7220000 6.21044
7230000 6.45346
7240000 6.09798
7250000 6.16824
7260000 6.01811
7270000 7.14511
7280000 6.08948
7290000 6.42553
7300000 6.13908
7310000 6.69608
7320000 6.08942
7330000 6.22957
7340000 6.21193
7350000 6.29565
7360000 6.44837
7370000 6.47291
7380000 6.02769
7390000 6.46868
7400000 6.29535
7410000 6.25245
7420000 6.60909
7430000 6.27421
7440000 6.36011
7450000 6.21825
7460000 6.31716
7470000 6.14928
7480000 6.10645
7490000 6.11674
7500000 6.24073
7510000 6.10821
7520000 6.09635
7530000 6.15368
7540000 6.20118
7550000 6.19187
7560000 6.331
7570000 6.25107
7580000 6.00499
7590000 6.26412
7600000 6.39072
7610000 6.15502
7620000 6.17761
7630000 6.21459
7640000 6.52414
7650000 6.23022
7660000 6.50045
7670000 6.13502
7680000 6.27479
7690000 6.17285
7700000 6.24152
7710000 6.01649
7720000 6.76692
7730000 6.13981
7740000 6.31937
7750000 6.13053
7760000 6.57725
7770000 6.10197
7780000 6.43978
7790000 6.06003
7800000 6.24823
7810000 6.00457
7820000 6.36641
7830000 6.38352
7840000 6.38114
7850000 6.47968
7860000 6.25139
7870000 6.47699
7880000 6.45229
7890000 6.33871
7900000 6.22435
7910000 6.29797
7920000 6.19381
7930000 6.09105
7940000 6.15342
7950000 6.06665
7960000 6.20362
7970000 6.04619
7980000 6.09549
7990000 6.14594
8000000 6.046
8010000 6.02888
8020000 6.1158
8030000 6.04495
8040000 6.18201
8050000 6.29892
8060000 6.16507
8070000 6.2255
8080000 6.39749
8090000 6.52595
8100000 6.17453
8110000 6.42668
8120000 6.01612
8130000 6.12035
8140000 6.06555
8150000 7.16711
8160000 5.95843
8170000 6.46221
8180000 6.12463
8190000 6.62846
8200000 6.00341
8210000 6.22746
8220000 6.19052
8230000 6.33131
8240000 6.17789
8250000 6.28843
8260000 5.98246
8270000 6.25372
8280000 6.28831
8290000 6.37576
8300000 6.49249
8310000 6.21986
8320000 6.31871
8330000 6.19127
8340000 6.29058
8350000 6.14603
8360000 6.06006
8370000 6.05645
8380000 6.03138
8390000 6.14981
8400000 6.038
8410000 6.09536
8420000 6.21541
8430000 6.1093
8440000 6.06362
8450000 6.16653
8460000 5.99117
8470000 6.18383
8480000 6.29827
8490000 6.13743
8500000 6.16632
8510000 6.20119
8520000 6.22284
8530000 6.42855
8540000 6.57928
8550000 6.07913
8560000 6.31913
8570000 6.11855
8580000 6.251
8590000 5.95191
8600000 6.78237
8610000 6.01253
8620000 6.29533
8630000 5.98538
8640000 6.69178
8650000 6.01623
8660000 6.44704
8670000 6.05581
8680000 6.22025
8690000 6.30142
8700000 6.42534
8710000 6.04321
8720000 6.41856
8730000 6.23999
8740000 6.20825
8750000 6.58479
8760000 6.33204
8770000 6.30772
8780000 6.25261
8790000 6.31993
8800000 6.16704
8810000 6.05428
8820000 6.06225
8830000 6.21902
8840000 6.08405
8850000 6.03475
8860000 6.09337
8870000 6.14261
8880000 6.07702
8890000 6.16074
8900000 6.13744
8910000 5.9342
8920000 6.22917
8930000 6.19394
8940000 6.10428
8950000 6.1191
8960000 6.17006
8970000 6.49731
8980000 6.16553
8990000 6.58678
9000000 6.03451
9010000 6.20654
9020000 6.10185
9030000 6.27773
9040000 5.94678
9050000 6.43812
9060000 6.11749
9070000 6.34428
9080000 5.99293
9090000 6.5356
9100000 5.92725
9110000 6.35405
9120000 5.98939
9130000 6.23121
9140000 5.88283
9150000 6.29902
9160000 6.2766
9170000 6.32963
9180000 6.42379
9190000 6.21846
9200000 6.42566
9210000 6.40748
9220000 6.34949
9230000 6.14256
9240000 6.26908
9250000 6.10033
9260000 6.0372
9270000 6.05369
9280000 6.04532
9290000 6.21421
9300000 6.07935
9310000 6.04761
9320000 6.11777
9330000 6.03441
9340000 5.98724
9350000 6.1698
9360000 6.15503
9370000 6.09573
9380000 6.34687
9390000 6.05638
9400000 6.27812
9410000 6.36803
9420000 6.54503
9430000 6.07885
9440000 6.36249
9450000 5.97025
9460000 6.06783
9470000 5.95107
9480000 7.23805
9490000 6.05574
9500000 6.53336
9510000 6.11974
9520000 6.43624
9530000 6.06269
9540000 6.25512
9550000 6.33739
9560000 6.26828
9570000 6.16096
9580000 6.36494
9590000 5.92713
9600000 6.27573
9610000 6.14421
9620000 6.21973
9630000 6.61479
9640000 6.19409
9650000 6.27558
9660000 6.13006
9670000 6.26649
9680000 6.08732
9690000 6.03602
9700000 6.04472
9710000 6.09734
9720000 6.12564
9730000 5.98606
9740000 6.18343
9750000 6.15238
9760000 6.04941
9770000 6.1109
9780000 6.08786
9790000 5.96225
9800000 6.14386
9810000 6.36616
9820000 6.09102
9830000 6.08694
9840000 6.10807
9850000 6.63517
9860000 6.27496
9870000 6.42279
9880000 6.05641
9890000 6.10427
9900000 6.16786
9910000 6.21158
9920000 5.90002
9930000 6.64915
9940000 5.97072
9950000 6.27288
9960000 5.92041
9970000 6.72658
9980000 5.97832
9990000 6.32783
10000000 5.98735
