1 494.376
2 345.645
3 270.319
4 241.916
5 216.41
6 186.907
7 161.083
8 147.871
9 146.452
10 150.263
11 152.997
12 150.045
13 140.832
14 127.209
15 110.655
16 94.8836
17 85.3471
18 82.8431
19 82.467
20 80.2936
21 76.1374
22 70.5236
23 65.308
24 61.6604
25 59.5039
26 57.8006
27 55.0448
28 51.4941
29 47.6004
30 44.6043
31 42.8435
32 41.7543
33 40.587
34 38.554
35 36.2324
36 33.9513
37 32.4048
38 31.4245
39 30.5685
40 29.5205
41 27.9737
42 26.3282
43 24.7748
44 23.6319
45 22.8755
46 22.137
47 21.377
48 20.2893
49 19.2452
50 18.2304
51 17.462
52 16.8555
53 16.2273
54 15.6074
55 14.8459
56 14.1546
57 13.5194
58 12.9836
59 12.5655
60 12.0675
61 11.6332
62 11.08
63 10.6329
64 10.1932
65 9.83748
66 9.52356
67 9.17492
68 8.85439
69 8.49309
70 8.17881
71 7.90178
72 7.63327
73 7.43087
74 7.16636
75 6.96905
76 6.71457
77 6.52551
78 6.33033
79 6.16078
80 6.01078
81 5.84429
82 5.70308
83 5.55413
84 5.42059
85 5.31181
86 5.18649
87 5.10435
88 4.98325
89 4.90802
90 4.80392
91 4.73267
92 4.65538
93 4.58689
94 4.52645
95 4.46154
96 4.40638
97 4.35371
98 4.30065
99 4.26402
100 4.21241
101 4.18523
102 4.13748
103 4.11278
104 4.07413
105 4.04931
106 4.0208
107 3.99593
108 3.97329
109 3.95086
110 3.92984
111 3.91288
112 3.89177
113 3.8803
114 3.85948
115 3.85079
116 3.83215
117 3.82374
118 3.80893
119 3.79983
120 3.78855
121 3.77928
122 3.7698
123 3.76167
124 3.75246
125 3.7464
126 3.73692
127 3.73263
128 3.72335
129 3.71974
130 3.71149
131 3.70769
132 3.70093
133 3.69671
134 3.69117
135 3.6869
136 3.68188
137 3.67812
138 3.67309
139 3.67008
140 3.66495
141 3.66248
142 3.65751
143 3.65517
144 3.65068
145 3.64818
146 3.64427
147 3.6416
148 3.63812
149 3.63547
150 3.63214
151 3.62971
152 3.62638
153 3.62423
154 3.62088
155 3.6189
156 3.61567
157 3.6137
158 3.6107
159 3.60865
160 3.6059
161 3.6038
162 3.60121
163 3.59914
164 3.59662
165 3.59465
166 3.59214
167 3.59028
168 3.58779
169 3.586
170 3.58359
171 3.58179
172 3.5795
173 3.57768
174 3.5755
175 3.57368
176 3.57157
177 3.56978
178 3.56771
179 3.56597
180 3.56393
181 3.56224
182 3.56022
183 3.55856
184 3.55661
185 3.55495
186 3.55306
187 3.55141
188 3.54957
189 3.54793
190 3.54614
191 3.54453
192 3.54276
193 3.54118
194 3.53944
195 3.53789
196 3.53618
197 3.53465
198 3.53298
199 3.53146
200 3.52983
