1 494.047
2 345.642
3 270.219
4 241.875
5 216.477
6 186.854
7 161.219
8 147.808
9 146.511
10 150.296
11 152.992
12 150.162
13 140.819
14 127.346
15 110.67
16 94.9812
17 85.4434
18 82.8785
19 82.6239
20 80.3229
21 76.2929
22 70.6023
23 65.4033
24 61.84
25 59.533
26 58.0484
27 55.0687
28 51.7445
29 47.6872
30 44.8124
31 43.0224
32 41.9142
33 40.8228
34 38.7138
35 36.4823
36 34.1729
37 32.6248
38 31.7276
39 30.7538
40 29.8736
41 28.1766
42 26.6974
43 25.05
44 23.9872
45 23.2263
46 22.4794
47 21.771
48 20.6667
49 19.6588
50 18.6863
