1 15.1882
2 10.0433
3 7.77649
4 7.06528
5 6.57978
6 6.05403
7 5.61023
8 5.36693
9 5.24416
10 5.17853
11 5.12874
12 5.03529
13 4.906
14 4.76673
15 4.63233
16 4.51143
17 4.42813
18 4.38536
19 4.3584
20 4.33083
21 4.29614
22 4.25943
23 4.22595
24 4.20192
25 4.18271
26 4.16354
27 4.13896
28 4.11236
29 4.08717
30 4.06731
31 4.05238
32 4.04077
33 4.02887
34 4.01561
35 4.00148
36 3.9883
37 3.97692
38 3.96741
39 3.95859
40 3.94978
41 3.94039
42 3.93123
43 3.9226
44 3.91513
45 3.90829
46 3.90195
47 3.89549
48 3.88915
49 3.88286
50 3.87712
51 3.87174
52 3.86687
53 3.86206
54 3.85748
55 3.8529
56 3.84862
57 3.84451
58 3.84077
59 3.83716
60 3.83377
61 3.83043
62 3.82728
63 3.82423
64 3.82141
65 3.81871
66 3.81621
67 3.81377
68 3.81149
69 3.80928
70 3.80723
71 3.80527
72 3.80347
73 3.80173
74 3.80013
75 3.79859
76 3.79717
77 3.79582
78 3.79459
79 3.79343
80 3.79238
81 3.79137
82 3.79047
83 3.78962
84 3.78888
85 3.78818
86 3.78758
87 3.78702
88 3.78655
89 3.78612
90 3.78577
91 3.78547
92 3.78524
93 3.78505
94 3.78494
95 3.78486
96 3.78485
97 3.78488
98 3.78497
99 3.78509
100 3.78528
101 3.7855
102 3.78577
103 3.78608
104 3.78644
105 3.78683
106 3.78726
107 3.78773
108 3.78825
109 3.78879
110 3.78938
111 3.79
112 3.79065
113 3.79133
114 3.79206
115 3.7928
116 3.79359
117 3.79439
118 3.79523
119 3.7961
120 3.797
121 3.79792
122 3.79887
123 3.79984
124 3.80084
125 3.80186
126 3.80291
127 3.80398
128 3.80508
129 3.80619
130 3.80733
131 3.80849
132 3.80967
133 3.81086
134 3.81208
135 3.81332
136 3.81458
137 3.81585
138 3.81714
139 3.81845
140 3.81978
141 3.82112
142 3.82248
143 3.82386
144 3.82525
145 3.82665
146 3.82807
147 3.82951
148 3.83096
149 3.83242
150 3.8339
151 3.83539
152 3.83689
153 3.8384
154 3.83993
155 3.84147
156 3.84302
157 3.84458
158 3.84615
159 3.84774
160 3.84933
161 3.85094
162 3.85255
163 3.85418
164 3.85582
165 3.85746
166 3.85911
167 3.86078
168 3.86245
169 3.86413
170 3.86582
171 3.86752
172 3.86923
173 3.87094
174 3.87266
175 3.87439
176 3.87613
177 3.87787
178 3.87963
179 3.88139
180 3.88315
181 3.88493
182 3.8867
183 3.88849
184 3.89028
185 3.89208
186 3.89389
187 3.8957
188 3.89751
189 3.89933
190 3.90116
191 3.903
192 3.90483
193 3.90668
194 3.90853
195 3.91038
196 3.91224
197 3.9141
198 3.91597
199 3.91784
200 3.91972
