1 492.172
2 345.402
3 269.418
4 241.627
5 216.646
6 186.305
7 161.897
8 147.283
9 146.672
10 150.36
11 152.79
12 150.808
13 140.571
14 128.202
15 110.617
16 95.5808
17 85.9893
18 83.0816
19 83.6533
20 80.4844
21 77.3653
22 71.0883
23 66.1465
24 63.0006
25 59.886
26 59.7067
27 55.4086
28 53.4805
29 48.474
30 46.3223
31 44.4356
32 43.1522
33 42.6294
34 39.9985
35 38.4266
36 35.9014
37 34.4356
38 33.9901
39 32.3904
40 32.4654
41 29.9756
42 29.4332
43 27.3501
44 26.6921
45 26.0159
46 25.1429
47 24.851
48 23.5723
49 22.901
50 22.0783
