1 15.1672
2 10.0676
3 7.7964
4 7.09009
5 6.61547
6 6.09017
7 5.6562
8 5.41549
9 5.2979
10 5.23449
11 5.18959
12 5.09905
13 4.97492
14 4.8405
15 4.71101
16 4.59606
17 4.51637
18 4.47895
19 4.45481
20 4.43188
21 4.40054
22 4.36869
23 4.33878
24 4.31897
25 4.30359
26 4.28814
27 4.26766
28 4.24518
29 4.22391
30 4.2082
31 4.19678
32 4.18904
33 4.18058
34 4.17119
35 4.16058
36 4.15123
37 4.1433
38 4.13735
39 4.13195
40 4.12658
41 4.12059
42 4.1149
43 4.10952
44 4.10549
45 4.10172
46 4.09876
47 4.0953
48 4.09227
49 4.08898
50 4.08644
