1 494.58
2 345.601
3 270.53
4 242.029
5 216.395
6 187.277
7 160.91
8 148.224
9 146.477
10 150.416
11 153.177
12 150.014
13 141.088
14 127.123
15 110.894
16 94.9691
17 85.4154
18 83.1509
19 82.3702
20 80.6552
21 76.0543
22 70.8216
23 65.4012
24 61.7741
25 59.8033
26 57.7589
27 55.4103
28 51.4865
29 47.8838
30 44.7858
31 42.9583
32 42.101
33 40.5973
34 38.9485
35 36.2861
36 34.2804
37 32.6181
38 31.6156
39 30.917
40 29.6441
41 28.356
42 26.5201
43 25.096
44 23.9731
45 23.0942
46 22.5885
47 21.563
48 20.765
49 19.5134
50 18.6558
