10000 11.3907
20000 8.47897
30000 7.09879
40000 6.34547
50000 5.74407
60000 5.31418
70000 4.96804
80000 4.70375
90000 4.47191
100000 4.27387
110000 4.10225
120000 3.94736
130000 3.81656
140000 3.69441
150000 3.58693
160000 3.48594
170000 3.39763
180000 3.31182
190000 3.23535
200000 3.16423
210000 3.09666
220000 3.03463
230000 2.97659
240000 2.92271
250000 2.86981
260000 2.82331
270000 2.77606
280000 2.73334
290000 2.69245
300000 2.65281
310000 2.61523
320000 2.58035
330000 2.54679
340000 2.51374
350000 2.48389
360000 2.45356
370000 2.4258
380000 2.39879
390000 2.37242
400000 2.34709
410000 2.32308
420000 2.29999
430000 2.27716
440000 2.2556
450000 2.23468
460000 2.21509
470000 2.19518
480000 2.17635
490000 2.15782
500000 2.14044
510000 2.12347
520000 2.10639
530000 2.08986
540000 2.07456
550000 2.05975
560000 2.04458
570000 2.03035
580000 2.01608
590000 2.00309
600000 1.99007
610000 1.97656
620000 1.96346
630000 1.95211
640000 1.94031
650000 1.92839
660000 1.91695
670000 1.90583
680000 1.89555
690000 1.88524
700000 1.8744
710000 1.86426
720000 1.85479
730000 1.84545
740000 1.83584
750000 1.82625
760000 1.81758
770000 1.80952
780000 1.80073
790000 1.79194
800000 1.78367
810000 1.77615
820000 1.76867
830000 1.76048
840000 1.75231
850000 1.74556
860000 1.7388
870000 1.73156
880000 1.72428
890000 1.71739
900000 1.71149
910000 1.70534
920000 1.69816
930000 1.69121
940000 1.68622
950000 1.68037
960000 1.6742
970000 1.66793
980000 1.66238
990000 1.65737
1000000 1.65224
1010000 1.64609
1020000 1.64069
1030000 1.63602
1040000 1.63129
1050000 1.62603
1060000 1.62045
1070000 1.61604
1080000 1.61213
1090000 1.60735
1100000 1.60213
1110000 1.59758
1120000 1.5938
1130000 1.59001
1140000 1.58515
1150000 1.58017
1160000 1.57685
1170000 1.57333
1180000 1.56927
1190000 1.56479
1200000 1.56089
1210000 1.55799
1220000 1.5548
1230000 1.55023
1240000 1.54585
1250000 1.54367
1260000 1.54045
1270000 1.53678
1280000 1.53278
1290000 1.5297
1300000 1.5271
1310000 1.52436
1320000 1.52032
1330000 1.51707
1340000 1.51465
1350000 1.51211
1360000 1.50888
1370000 1.50518
1380000 1.50281
1390000 1.50092
1400000 1.49809
1410000 1.49459
1420000 1.49183
1430000 1.48993
1440000 1.48801
1450000 1.48479
1460000 1.48138
1470000 1.47979
1480000 1.47795
1490000 1.4755
1500000 1.47245
1510000 1.47008
1520000 1.46875
1530000 1.46713
1540000 1.46391
1550000 1.46087
1560000 1.46019
1570000 1.45839
1580000 1.45605
1590000 1.45325
1600000 1.4515
1610000 1.45022
1620000 1.44881
1630000 1.44589
1640000 1.44381
1650000 1.44265
1660000 1.44135
1670000 1.43923
1680000 1.43656
1690000 1.43533
1700000 1.4346
1710000 1.43286
1720000 1.43033
1730000 1.42858
1740000 1.42775
1750000 1.4269
1760000 1.42461
1770000 1.42209
1780000 1.4215
1790000 1.42065
1800000 1.41914
1810000 1.4169
1820000 1.41542
1830000 1.41503
1840000 1.41433
1850000 1.41189
1860000 1.40963
1870000 1.40984
1880000 1.40889
1890000 1.40734
1900000 1.40524
1910000 1.40428
1920000 1.4038
1930000 1.40317
1940000 1.40093
1950000 1.39954
1960000 1.39914
1970000 1.39858
1980000 1.39714
1990000 1.39508
2000000 1.39453
2010000 1.39451
2020000 1.39344
2030000 1.39149
2040000 1.39035
2050000 1.39017
2060000 1.38999
2070000 1.38827
2080000 1.38628
2090000 1.3863
2100000 1.38606
2110000 1.38513
2120000 1.38339
2130000 1.38245
2140000 1.38263
2150000 1.38251
2160000 1.38054
2170000 1.37877
2180000 1.37952
2190000 1.37911
2200000 1.37804
2210000 1.37638
2220000 1.37591
2230000 1.37593
2240000 1.3758
2250000 1.37398
2260000 1.373
2270000 1.37308
2280000 1.373
2290000 1.37198
2300000 1.37032
2310000 1.37019
2320000 1.37062
2330000 1.36997
2340000 1.3684
2350000 1.36764
2360000 1.36788
2370000 1.36812
2380000 1.36675
2390000 1.36512
2400000 1.36552
2410000 1.36567
2420000 1.36511
2430000 1.36369
2440000 1.3631
2450000 1.36365
2460000 1.3639
2470000 1.36224
2480000 1.36078
2490000 1.36188
2500000 1.36182
2510000 1.36106
2520000 1.3597
2530000 1.35954
2540000 1.35988
2550000 1.36007
2560000 1.35852
2570000 1.35783
2580000 1.35821
2590000 1.35844
2600000 1.35769
2610000 1.35629
2620000 1.35644
2630000 1.35717
2640000 1.35679
2650000 1.35546
2660000 1.35495
2670000 1.35546
2680000 1.35599
2690000 1.35485
2700000 1.35345
2710000 1.3541
2720000 1.35451
2730000 1.35419
2740000 1.35298
2750000 1.35262
2760000 1.35341
2770000 1.35391
2780000 1.35245
2790000 1.3512
2800000 1.35253
2810000 1.35269
2820000 1.35215
2830000 1.35097
2840000 1.35102
2850000 1.35157
2860000 1.35198
2870000 1.35061
2880000 1.35015
2890000 1.3507
2900000 1.35113
2910000 1.35056
2920000 1.34932
2930000 1.34966
2940000 1.35058
2950000 1.35039
2960000 1.34922
2970000 1.34888
2980000 1.34958
2990000 1.35028
3000000 1.34931
3010000 1.34806
3020000 1.34888
3030000 1.34945
3040000 1.3493
3050000 1.34824
3060000 1.34804
3070000 1.34899
3080000 1.34964
3090000 1.34832
3100000 1.34721
3110000 1.34869
3120000 1.349
3130000 1.3486
3140000 1.34755
3150000 1.34774
3160000 1.34844
3170000 1.34898
3180000 1.34774
3190000 1.34745
3200000 1.34809
3210000 1.34865
3220000 1.34822
3230000 1.34709
3240000 1.34756
3250000 1.3486
3260000 1.34854
3270000 1.34748
3280000 1.34725
3290000 1.34806
3300000 1.3489
3310000 1.34803
3320000 1.34689
3330000 1.34782
3340000 1.34851
3350000 1.34846
3360000 1.3475
3370000 1.3474
3380000 1.34845
3390000 1.34922
3400000 1.348
3410000 1.34699
3420000 1.34853
3430000 1.34898
3440000 1.34867
3450000 1.34771
3460000 1.348
3470000 1.34878
3480000 1.34943
3490000 1.34827
3500000 1.34803
3510000 1.34879
3520000 1.34945
3530000 1.3491
3540000 1.34806
3550000 1.3486
3560000 1.34974
3570000 1.34975
3580000 1.34878
3590000 1.34866
3600000 1.34952
3610000 1.35043
3620000 1.34964
3630000 1.34857
3640000 1.34958
3650000 1.35034
3660000 1.35037
3670000 1.34948
3680000 1.34945
3690000 1.35058
3700000 1.35141
3710000 1.35026
3720000 1.34932
3730000 1.35083
3740000 1.35144
3750000 1.3512
3760000 1.3503
3770000 1.35065
3780000 1.3515
3790000 1.35221
3800000 1.35111
3810000 1.35092
3820000 1.35175
3830000 1.35246
3840000 1.35218
3850000 1.3512
3860000 1.35179
3870000 1.35298
3880000 1.35306
3890000 1.35213
3900000 1.35207
3910000 1.35298
3920000 1.35395
3930000 1.35321
3940000 1.3522
3950000 1.35325
3960000 1.35406
3970000 1.35414
3980000 1.3533
3990000 1.35332
4000000 1.35449
4010000 1.35537
4020000 1.35427
4030000 1.35337
4040000 1.35493
4050000 1.35558
4060000 1.35539
4070000 1.35453
4080000 1.35492
4090000 1.35581
4100000 1.35656
4110000 1.35551
4120000 1.35536
4130000 1.35623
4140000 1.35702
4150000 1.35674
4160000 1.35579
4170000 1.35643
4180000 1.35765
4190000 1.35777
4200000 1.35688
4210000 1.35686
4220000 1.3578
4230000 1.3588
4240000 1.35809
4250000 1.35712
4260000 1.3582
4270000 1.35905
4280000 1.35916
4290000 1.35835
4300000 1.35841
4310000 1.3596
4320000 1.36051
4330000 1.35945
4340000 1.35859
4350000 1.36017
4360000 1.36084
4370000 1.36069
4380000 1.35986
4390000 1.36028
4400000 1.36119
4410000 1.36197
4420000 1.36095
4430000 1.36082
4440000 1.36172
4450000 1.36253
4460000 1.36228
4470000 1.36136
4480000 1.36202
4490000 1.36327
4500000 1.3634
4510000 1.36255
4520000 1.36255
4530000 1.36351
4540000 1.36453
4550000 1.36385
4560000 1.36291
4570000 1.364
4580000 1.36487
4590000 1.36501
4600000 1.36422
4610000 1.3643
4620000 1.36551
4630000 1.36644
4640000 1.36539
4650000 1.36456
4660000 1.36615
4670000 1.36684
4680000 1.3667
4690000 1.3659
4700000 1.36634
4710000 1.36726
4720000 1.36806
4730000 1.36706
4740000 1.36695
4750000 1.36786
4760000 1.36868
4770000 1.36845
4780000 1.36755
4790000 1.36822
4800000 1.36948
4810000 1.36963
4820000 1.3688
4830000 1.36881
4840000 1.36978
4850000 1.37082
4860000 1.37015
4870000 1.36923
4880000 1.37033
4890000 1.37121
4900000 1.37136
4910000 1.37058
4920000 1.37068
4930000 1.3719
4940000 1.37283
4950000 1.37181
4960000 1.37099
4970000 1.37258
4980000 1.37329
4990000 1.37316
5000000 1.37238
5010000 1.37282
5020000 1.37375
5030000 1.37455
5040000 1.37357
5050000 1.37347
5060000 1.37438
5070000 1.37521
5080000 1.375
5090000 1.37411
5100000 1.37479
5110000 1.37605
5120000 1.37621
5130000 1.37538
5140000 1.37542
5150000 1.37639
5160000 1.37743
5170000 1.37678
5180000 1.37586
5190000 1.37697
5200000 1.37785
5210000 1.37801
5220000 1.37725
5230000 1.37735
5240000 1.37857
5250000 1.37951
5260000 1.37849
5270000 1.37769
5280000 1.37928
5290000 1.37999
5300000 1.37987
5310000 1.37909
5320000 1.37954
5330000 1.38047
5340000 1.38128
5350000 1.38031
5360000 1.38022
5370000 1.38113
5380000 1.38196
5390000 1.38175
5400000 1.38088
5410000 1.38155
5420000 1.38282
5430000 1.38299
5440000 1.38216
5450000 1.3822
5460000 1.38317
5470000 1.38421
5480000 1.38357
5490000 1.38266
5500000 1.38377
5510000 1.38465
5520000 1.38481
5530000 1.38405
5540000 1.38417
5550000 1.38538
5560000 1.38632
5570000 1.38531
5580000 1.38451
5590000 1.3861
5600000 1.38681
5610000 1.3867
5620000 1.38592
5630000 1.38638
5640000 1.38731
5650000 1.38811
5660000 1.38715
5670000 1.38706
5680000 1.38797
5690000 1.3888
5700000 1.38859
5710000 1.38772
5720000 1.3884
5730000 1.38966
5740000 1.38983
5750000 1.38901
5760000 1.38905
5770000 1.39002
5780000 1.39106
5790000 1.39042
5800000 1.38952
5810000 1.39062
5820000 1.3915
5830000 1.39166
5840000 1.39091
5850000 1.39102
5860000 1.39223
5870000 1.39316
5880000 1.39217
5890000 1.39137
5900000 1.39295
5910000 1.39366
5920000 1.39354
5930000 1.39278
5940000 1.39323
5950000 1.39415
5960000 1.39495
5970000 1.394
5980000 1.39391
5990000 1.39481
6000000 1.39564
6010000 1.39544
6020000 1.39457
6030000 1.39524
6040000 1.3965
6050000 1.39666
6060000 1.39585
6070000 1.39589
6080000 1.39686
6090000 1.39789
6100000 1.39725
6110000 1.39636
6120000 1.39745
6130000 1.39832
6140000 1.39849
6150000 1.39774
6160000 1.39785
6170000 1.39905
6180000 1.39998
6190000 1.39899
6200000 1.3982
6210000 1.39976
6220000 1.40047
6230000 1.40036
6240000 1.39959
6250000 1.40004
6260000 1.40096
6270000 1.40176
6280000 1.40081
6290000 1.40072
6300000 1.40161
6310000 1.40243
6320000 1.40223
6330000 1.40137
6340000 1.40204
6350000 1.40328
6360000 1.40345
6370000 1.40264
6380000 1.40268
6390000 1.40363
6400000 1.40466
6410000 1.40403
6420000 1.40314
6430000 1.40422
6440000 1.40509
6450000 1.40525
6460000 1.4045
6470000 1.40462
6480000 1.4058
6490000 1.40673
6500000 1.40574
6510000 1.40495
6520000 1.40651
6530000 1.40721
6540000 1.40709
6550000 1.40633
6560000 1.40678
6570000 1.40769
6580000 1.40848
6590000 1.40753
6600000 1.40744
6610000 1.40833
6620000 1.40914
6630000 1.40894
6640000 1.40808
6650000 1.40874
6660000 1.40998
6670000 1.41014
6680000 1.40933
6690000 1.40938
6700000 1.41033
6710000 1.41134
6720000 1.41071
6730000 1.40982
6740000 1.4109
6750000 1.41176
6760000 1.41192
6770000 1.41117
6780000 1.41128
6790000 1.41248
6800000 1.41338
6810000 1.41239
6820000 1.4116
6830000 1.41315
6840000 1.41384
6850000 1.41373
6860000 1.41296
6870000 1.41341
6880000 1.41431
6890000 1.41509
6900000 1.41415
6910000 1.41406
6920000 1.41494
6930000 1.41574
6940000 1.41554
6950000 1.41468
6960000 1.41534
6970000 1.41657
6980000 1.41673
6990000 1.41592
7000000 1.41596
7010000 1.4169
7020000 1.41791
7030000 1.41727
7040000 1.41638
7050000 1.41746
7060000 1.41831
7070000 1.41846
7080000 1.41771
7090000 1.41782
7100000 1.41899
7110000 1.4199
7120000 1.41892
7130000 1.41813
7140000 1.41967
7150000 1.42035
7160000 1.42024
7170000 1.41947
7180000 1.41991
7190000 1.42081
7200000 1.42158
7210000 1.42064
7220000 1.42054
7230000 1.42142
7240000 1.42222
7250000 1.42201
7260000 1.42115
7270000 1.4218
7280000 1.42302
7290000 1.42318
7300000 1.42237
7310000 1.4224
7320000 1.42334
7330000 1.42434
7340000 1.4237
7350000 1.42281
7360000 1.42388
7370000 1.42472
7380000 1.42487
7390000 1.42413
7400000 1.42423
7410000 1.42538
7420000 1.42629
7430000 1.4253
7440000 1.42452
7450000 1.42605
7460000 1.42673
7470000 1.42661
7480000 1.42584
7490000 1.42628
7500000 1.42716
7510000 1.42793
7520000 1.42699
7530000 1.42689
7540000 1.42776
7550000 1.42855
7560000 1.42834
7570000 1.42748
7580000 1.42812
7590000 1.42934
7600000 1.42948
7610000 1.42868
7620000 1.42871
7630000 1.42963
7640000 1.43063
7650000 1.42999
7660000 1.4291
7670000 1.43016
7680000 1.43099
7690000 1.43114
7700000 1.43039
7710000 1.43049
7720000 1.43163
7730000 1.43254
7740000 1.43155
7750000 1.43076
7760000 1.43228
7770000 1.43295
7780000 1.43283
7790000 1.43206
7800000 1.43249
7810000 1.43337
7820000 1.43413
7830000 1.43319
7840000 1.43309
7850000 1.43395
7860000 1.43473
7870000 1.43452
7880000 1.43366
7890000 1.4343
7900000 1.4355
7910000 1.43565
7920000 1.43484
7930000 1.43487
7940000 1.43578
7950000 1.43677
7960000 1.43613
7970000 1.43524
7980000 1.43629
7990000 1.43711
8000000 1.43726
8010000 1.43651
8020000 1.43661
8030000 1.43774
8040000 1.43864
8050000 1.43765
8060000 1.43684
8070000 1.43837
8080000 1.43903
8090000 1.43891
8100000 1.43814
8110000 1.43856
8120000 1.43943
8130000 1.44019
8140000 1.43925
8150000 1.43914
8160000 1.43999
8170000 1.44077
8180000 1.44056
8190000 1.43969
8200000 1.44032
8210000 1.44152
8220000 1.44166
8230000 1.44085
8240000 1.44087
8250000 1.44178
8260000 1.44276
8270000 1.44212
8280000 1.44123
8290000 1.44227
8300000 1.44309
8310000 1.44322
8320000 1.44248
8330000 1.44257
8340000 1.44369
8350000 1.44458
8360000 1.44359
8370000 1.44277
8380000 1.44431
8390000 1.44496
8400000 1.44483
8410000 1.44407
8420000 1.44448
8430000 1.44534
8440000 1.44609
8450000 1.44515
8460000 1.44505
8470000 1.44589
8480000 1.44665
8490000 1.44644
8500000 1.44557
8510000 1.4462
8520000 1.44738
8530000 1.44752
8540000 1.44671
8550000 1.44673
8560000 1.44763
8570000 1.4486
8580000 1.44795
8590000 1.44707
8600000 1.4481
8610000 1.44891
8620000 1.44904
8630000 1.4483
8640000 1.44839
8650000 1.4495
8660000 1.45038
8670000 1.44939
8680000 1.44859
8690000 1.45009
8700000 1.45075
8710000 1.45061
8720000 1.44984
8730000 1.45026
8740000 1.4511
8750000 1.45185
8760000 1.45091
8770000 1.4508
8780000 1.45163
8790000 1.45239
8800000 1.45217
8810000 1.45131
8820000 1.45193
8830000 1.4531
8840000 1.45323
8850000 1.45243
8860000 1.45244
8870000 1.45333
8880000 1.4543
8890000 1.45365
8900000 1.45277
8910000 1.45379
8920000 1.45459
8930000 1.45472
8940000 1.45397
8950000 1.45406
8960000 1.45516
8970000 1.45604
8980000 1.45505
8990000 1.45414
9000000 1.45574
9010000 1.45638
9020000 1.45624
9030000 1.45548
9040000 1.45588
9050000 1.45678
9060000 1.45746
9070000 1.45652
9080000 1.45641
9090000 1.45724
9100000 1.45798
9110000 1.45776
9120000 1.4569
9130000 1.45751
9140000 1.45868
9150000 1.45881
9160000 1.458
9170000 1.45801
9180000 1.4589
9190000 1.45985
9200000 1.45919
9210000 1.45831
9220000 1.45933
9230000 1.46012
9240000 1.46025
9250000 1.4595
9260000 1.45958
9270000 1.46068
9280000 1.46154
9290000 1.46055
9300000 1.45971
9310000 1.46123
9320000 1.46187
9330000 1.46173
9340000 1.46096
9350000 1.46136
9360000 1.46225
9370000 1.46293
9380000 1.46199
9390000 1.46187
9400000 1.46269
9410000 1.46343
9420000 1.46321
9430000 1.46235
9440000 1.46295
9450000 1.46411
9460000 1.46423
9470000 1.46343
9480000 1.46343
9490000 1.46431
9500000 1.46526
9510000 1.4646
9520000 1.46372
9530000 1.46473
9540000 1.46551
9550000 1.46563
9560000 1.46489
9570000 1.46496
9580000 1.46605
9590000 1.46691
9600000 1.46592
9610000 1.46509
9620000 1.46659
9630000 1.46722
9640000 1.46708
9650000 1.46631
9660000 1.46671
9670000 1.46759
9680000 1.46825
9690000 1.46732
9700000 1.4672
9710000 1.46801
9720000 1.46875
9730000 1.46852
9740000 1.46765
9750000 1.46825
9760000 1.46941
9770000 1.46952
9780000 1.46872
9790000 1.46872
9800000 1.46959
9810000 1.47053
9820000 1.46987
9830000 1.46899
9840000 1.46999
9850000 1.47076
9860000 1.47089
9870000 1.47014
9880000 1.47021
9890000 1.47129
9900000 1.47214
9910000 1.47115
9920000 1.47028
9930000 1.47181
9940000 1.47244
9950000 1.47229
9960000 1.47153
9970000 1.47192
9980000 1.47279
9990000 1.47345
10000000 1.47251
10010000 1.47239
10020000 1.47319
10030000 1.47393
10040000 1.47369
10050000 1.47283
10060000 1.47343
10070000 1.47457
10080000 1.47468
10090000 1.47387
10100000 1.47388
10110000 1.47474
10120000 1.47567
10130000 1.47501
10140000 1.47413
10150000 1.47513
10160000 1.47588
10170000 1.47601
10180000 1.47526
10190000 1.47533
10200000 1.4764
10210000 1.47725
10220000 1.47626
10230000 1.47538
10240000 1.47691
10250000 1.47753
10260000 1.47738
10270000 1.47661
10280000 1.477
10290000 1.47786
10300000 1.47852
10310000 1.47758
10320000 1.47746
10330000 1.47825
10340000 1.47898
10350000 1.47874
10360000 1.47788
10370000 1.47847
10380000 1.4796
10390000 1.47971
10400000 1.47891
10410000 1.47891
10420000 1.47976
10430000 1.48069
10440000 1.48003
10450000 1.47915
10460000 1.48014
10470000 1.48088
10480000 1.48101
10490000 1.48026
10500000 1.48032
10510000 1.48139
10520000 1.48223
10530000 1.48124
10540000 1.48035
10550000 1.48188
10560000 1.48249
10570000 1.48234
10580000 1.48157
10590000 1.48195
10600000 1.48281
10610000 1.48346
10620000 1.48253
10630000 1.4824
10640000 1.48319
10650000 1.48391
10660000 1.48367
10670000 1.48281
10680000 1.48339
10690000 1.48452
10700000 1.48462
10710000 1.48382
10720000 1.48381
10730000 1.48466
10740000 1.48558
10750000 1.48492
10760000 1.48404
10770000 1.48502
10780000 1.48576
10790000 1.48588
10800000 1.48514
10810000 1.4852
10820000 1.48626
10830000 1.48709
10840000 1.4861
10850000 1.48521
10860000 1.48673
10870000 1.48734
10880000 1.48718
10890000 1.48642
10900000 1.48679
10910000 1.48764
10920000 1.48829
10930000 1.48736
10940000 1.48722
10950000 1.48801
10960000 1.48872
10970000 1.48848
10980000 1.48762
10990000 1.4882
11000000 1.48932
11010000 1.48942
11020000 1.48861
11030000 1.48861
11040000 1.48945
11050000 1.49036
11060000 1.4897
11070000 1.48882
11080000 1.48979
11090000 1.49053
11100000 1.49064
11110000 1.4899
11120000 1.48995
11130000 1.49101
11140000 1.49183
11150000 1.49084
11160000 1.48996
11170000 1.49147
11180000 1.49207
11190000 1.49191
11200000 1.49114
11210000 1.49152
11220000 1.49236
11230000 1.493
11240000 1.49207
11250000 1.49193
11260000 1.49271
11270000 1.49342
11280000 1.49317
11290000 1.49231
11300000 1.49289
11310000 1.494
11320000 1.4941
11330000 1.49329
11340000 1.49328
11350000 1.49412
11360000 1.49502
11370000 1.49436
11380000 1.49348
11390000 1.49445
11400000 1.49518
11410000 1.49529
11420000 1.49454
11430000 1.4946
11440000 1.49564
11450000 1.49646
11460000 1.49547
11470000 1.49459
11480000 1.49609
11490000 1.49669
11500000 1.49653
11510000 1.49576
11520000 1.49613
11530000 1.49696
11540000 1.4976
11550000 1.49667
11560000 1.49653
11570000 1.4973
11580000 1.498
11590000 1.49776
11600000 1.49689
11610000 1.49747
11620000 1.49857
11630000 1.49867
11640000 1.49786
11650000 1.49785
11660000 1.49868
11670000 1.49958
11680000 1.49891
11690000 1.49803
11700000 1.499
11710000 1.49972
11720000 1.49983
11730000 1.49908
11740000 1.49913
11750000 1.50017
11760000 1.50098
11770000 1.5
11780000 1.49911
11790000 1.50061
11800000 1.5012
11810000 1.50103
11820000 1.50027
11830000 1.50063
11840000 1.50146
11850000 1.50209
11860000 1.50116
11870000 1.50102
11880000 1.5018
11890000 1.50248
11900000 1.50224
11910000 1.50137
11920000 1.50194
11930000 1.50304
11940000 1.50313
11950000 1.50232
11960000 1.50231
11970000 1.50313
11980000 1.50402
11990000 1.50336
12000000 1.50248
12010000 1.50344
12020000 1.50416
12030000 1.50426
12040000 1.50351
12050000 1.50356
12060000 1.5046
12070000 1.5054
12080000 1.50442
12090000 1.50353
12100000 1.50502
12110000 1.50561
12120000 1.50543
12130000 1.50467
12140000 1.50503
12150000 1.50586
12160000 1.50649
12170000 1.50555
12180000 1.50541
12190000 1.50619
12200000 1.50686
12210000 1.50661
12220000 1.50575
12230000 1.50631
12240000 1.50741
12250000 1.50749
12260000 1.50669
12270000 1.50667
12280000 1.50749
12290000 1.50837
12300000 1.50771
12310000 1.50683
12320000 1.50778
12330000 1.5085
12340000 1.5086
12350000 1.50785
12360000 1.5079
12370000 1.50892
12380000 1.50972
12390000 1.50874
12400000 1.50785
12410000 1.50933
12420000 1.50992
12430000 1.50974
12440000 1.50898
12450000 1.50934
12460000 1.51016
12470000 1.51078
12480000 1.50985
12490000 1.5097
12500000 1.51047
12510000 1.51115
12520000 1.51089
12530000 1.51003
12540000 1.51059
12550000 1.51168
12560000 1.51176
12570000 1.51095
12580000 1.51093
12590000 1.51174
12600000 1.51262
12610000 1.51196
12620000 1.51108
12630000 1.51203
12640000 1.51274
12650000 1.51284
12660000 1.51209
12670000 1.51213
12680000 1.51315
12690000 1.51395
12700000 1.51296
12710000 1.51208
12720000 1.51356
12730000 1.51413
12740000 1.51395
12750000 1.51319
12760000 1.51354
12770000 1.51436
12780000 1.51498
12790000 1.51404
12800000 1.5139
12810000 1.51467
12820000 1.51533
12830000 1.51508
12840000 1.51421
12850000 1.51477
12860000 1.51585
12870000 1.51593
12880000 1.51512
12890000 1.5151
12900000 1.51591
12910000 1.51678
12920000 1.51612
12930000 1.51524
12940000 1.51619
12950000 1.51689
12960000 1.51698
12970000 1.51623
12980000 1.51628
12990000 1.51729
13000000 1.51808
13010000 1.5171
13020000 1.51621
13030000 1.51768
13040000 1.51825
13050000 1.51807
13060000 1.51731
13070000 1.51766
13080000 1.51847
13090000 1.51908
13100000 1.51815
13110000 1.518
13120000 1.51876
13130000 1.51943
13140000 1.51917
13150000 1.51831
13160000 1.51886
13170000 1.51994
13180000 1.52001
13190000 1.51921
13200000 1.51918
13210000 1.51999
13220000 1.52084
13230000 1.52019
13240000 1.51931
13250000 1.52025
13260000 1.52095
13270000 1.52104
13280000 1.52029
13290000 1.52033
13300000 1.52134
13310000 1.52213
13320000 1.52114
13330000 1.52026
13340000 1.52172
13350000 1.52229
13360000 1.5221
13370000 1.52134
13380000 1.52169
13390000 1.52249
13400000 1.5231
13410000 1.52217
13420000 1.52202
13430000 1.52278
13440000 1.52344
13450000 1.52318
13460000 1.52231
13470000 1.52286
13480000 1.52393
13490000 1.52401
13500000 1.5232
13510000 1.52317
13520000 1.52397
13530000 1.52477
13540000 1.52417
13550000 1.52329
13560000 1.52423
13570000 1.52492
13580000 1.52501
13590000 1.52426
13600000 1.5243
13610000 1.5253
13620000 1.52608
13630000 1.5251
13640000 1.52421
13650000 1.52567
13660000 1.52623
13670000 1.52605
13680000 1.52529
13690000 1.52563
13700000 1.52643
13710000 1.52703
13720000 1.5261
13730000 1.52595
13740000 1.5267
13750000 1.52736
13760000 1.5271
13770000 1.52623
13780000 1.52678
13790000 1.52784
13800000 1.52791
13810000 1.52711
13820000 1.52708
13830000 1.52787
13840000 1.5287
13850000 1.52807
13860000 1.52718
13870000 1.52812
13880000 1.5288
13890000 1.52889
13900000 1.52814
13910000 1.52818
13920000 1.52918
13930000 1.52995
13940000 1.52897
13950000 1.52809
13960000 1.52953
13970000 1.53009
13980000 1.52991
13990000 1.52914
14000000 1.52948
14010000 1.53028
14020000 1.53088
14030000 1.52995
14040000 1.5298
14050000 1.53054
14060000 1.53119
14070000 1.53093
14080000 1.53007
14090000 1.53061
14100000 1.53167
14110000 1.53174
14120000 1.53093
14130000 1.5309
14140000 1.53169
14150000 1.53249
14160000 1.53188
14170000 1.531
14180000 1.53193
14190000 1.53261
14200000 1.53269
14210000 1.53194
14220000 1.53198
14230000 1.53297
14240000 1.53374
14250000 1.53276
14260000 1.53188
14270000 1.53332
14280000 1.53388
14290000 1.53369
14300000 1.53292
14310000 1.53326
14320000 1.53406
14330000 1.53465
14340000 1.53372
14350000 1.53356
14360000 1.53431
14370000 1.53495
14380000 1.53469
14390000 1.53382
14400000 1.53436
14410000 1.53542
14420000 1.53548
14430000 1.53468
14440000 1.53465
14450000 1.53543
14460000 1.53622
14470000 1.53562
14480000 1.53473
14490000 1.53566
14500000 1.53633
14510000 1.53641
14520000 1.53567
14530000 1.5357
14540000 1.53669
14550000 1.53746
14560000 1.53647
14570000 1.53559
14580000 1.53703
14590000 1.53758
14600000 1.53739
14610000 1.53663
14620000 1.53696
14630000 1.53775
14640000 1.53834
14650000 1.53741
14660000 1.53725
14670000 1.53799
14680000 1.53863
14690000 1.53837
14700000 1.5375
14710000 1.53804
14720000 1.53909
14730000 1.53915
14740000 1.53835
14750000 1.53831
14760000 1.53909
14770000 1.53988
14780000 1.53927
14790000 1.53839
14800000 1.53931
14810000 1.53999
14820000 1.54006
14830000 1.53932
14840000 1.53935
14850000 1.54033
14860000 1.54109
14870000 1.54011
14880000 1.53923
14890000 1.54066
14900000 1.54121
14910000 1.54102
14920000 1.54025
14930000 1.54058
14940000 1.54137
14950000 1.54196
14960000 1.54103
14970000 1.54087
14980000 1.5416
14990000 1.54224
15000000 1.54198
15010000 1.54111
15020000 1.54164
15030000 1.54269
15040000 1.54275
15050000 1.54194
15060000 1.54191
15070000 1.54269
15080000 1.54346
15090000 1.54286
15100000 1.54198
15110000 1.54289
15120000 1.54356
15130000 1.54364
15140000 1.54289
15150000 1.54292
15160000 1.5439
15170000 1.54466
15180000 1.54368
15190000 1.54279
15200000 1.54422
15210000 1.54477
15220000 1.54457
15230000 1.54381
15240000 1.54414
15250000 1.54492
15260000 1.5455
15270000 1.54457
15280000 1.54442
15290000 1.54515
15300000 1.54578
15310000 1.54551
15320000 1.54465
15330000 1.54517
15340000 1.54622
15350000 1.54628
15360000 1.54547
15370000 1.54544
15380000 1.54621
15390000 1.54698
15400000 1.54638
15410000 1.54549
15420000 1.54641
15430000 1.54707
15440000 1.54715
15450000 1.5464
15460000 1.54643
15470000 1.5474
15480000 1.54816
15490000 1.54718
15500000 1.54629
15510000 1.54771
15520000 1.54825
15530000 1.54806
15540000 1.5473
15550000 1.54762
15560000 1.5484
15570000 1.54898
15580000 1.54805
15590000 1.54789
15600000 1.54862
15610000 1.54925
15620000 1.54898
15630000 1.54812
15640000 1.54863
15650000 1.54968
15660000 1.54973
15670000 1.54893
15680000 1.54889
15690000 1.54966
15700000 1.55043
15710000 1.54983
15720000 1.54894
15730000 1.54985
15740000 1.55051
15750000 1.55058
15760000 1.54984
15770000 1.54986
15780000 1.55083
15790000 1.55158
15800000 1.5506
15810000 1.54972
15820000 1.55113
15830000 1.55167
15840000 1.55148
15850000 1.55071
15860000 1.55104
15870000 1.55181
15880000 1.55239
15890000 1.55146
15900000 1.5513
15910000 1.55202
15920000 1.55265
15930000 1.55238
15940000 1.55151
15950000 1.55203
15960000 1.55307
15970000 1.55312
15980000 1.55232
15990000 1.55228
16000000 1.55304
16010000 1.55381
16020000 1.5532
16030000 1.55232
16040000 1.55322
16050000 1.55389
16060000 1.55395
16070000 1.55321
16080000 1.55323
16090000 1.5542
16100000 1.55494
16110000 1.55396
16120000 1.55308
16130000 1.55449
16140000 1.55503
16150000 1.55483
16160000 1.55407
16170000 1.55439
16180000 1.55516
16190000 1.55573
16200000 1.5548
16210000 1.55464
16220000 1.55536
16230000 1.55598
16240000 1.55571
16250000 1.55485
16260000 1.55535
16270000 1.55639
16280000 1.55644
16290000 1.55564
16300000 1.5556
16310000 1.55636
16320000 1.55712
16330000 1.55652
16340000 1.55564
16350000 1.55654
16360000 1.55719
16370000 1.55726
16380000 1.55651
16390000 1.55653
16400000 1.5575
16410000 1.55824
16420000 1.55726
16430000 1.55638
16440000 1.55778
16450000 1.55832
16460000 1.55812
16470000 1.55735
16480000 1.55767
16490000 1.55844
16500000 1.55901
16510000 1.55808
16520000 1.55792
16530000 1.55863
16540000 1.55925
16550000 1.55898
16560000 1.55812
16570000 1.55861
16580000 1.55966
16590000 1.5597
16600000 1.5589
16610000 1.55886
16620000 1.55962
16630000 1.56037
16640000 1.55977
16650000 1.55889
16660000 1.55978
16670000 1.56044
16680000 1.5605
16690000 1.55976
16700000 1.55977
16710000 1.56074
16720000 1.56147
16730000 1.5605
16740000 1.55961
16750000 1.56101
16760000 1.56154
16770000 1.56134
16780000 1.56058
16790000 1.56089
16800000 1.56166
16810000 1.56222
16820000 1.56129
16830000 1.56113
16840000 1.56185
16850000 1.56246
16860000 1.56219
16870000 1.56133
16880000 1.56182
16890000 1.56286
16900000 1.5629
16910000 1.5621
16920000 1.56206
16930000 1.56281
16940000 1.56357
16950000 1.56296
16960000 1.56208
16970000 1.56297
16980000 1.56362
16990000 1.56368
17000000 1.56294
17010000 1.56296
17020000 1.56391
17030000 1.56465
17040000 1.56367
17050000 1.56279
17060000 1.56418
17070000 1.56471
17080000 1.56451
17090000 1.56375
17100000 1.56406
17110000 1.56482
17120000 1.56538
17130000 1.56445
17140000 1.56429
17150000 1.565
17160000 1.56561
17170000 1.56534
17180000 1.56448
17190000 1.56497
17200000 1.566
17210000 1.56604
17220000 1.56525
17230000 1.5652
17240000 1.56595
17250000 1.5667
17260000 1.5661
17270000 1.56522
17280000 1.56611
17290000 1.56675
17300000 1.56681
17310000 1.56607
17320000 1.56608
17330000 1.56704
17340000 1.56777
17350000 1.56679
17360000 1.5659
17370000 1.5673
17380000 1.56782
17390000 1.56762
17400000 1.56686
17410000 1.56717
17420000 1.56793
17430000 1.56848
17440000 1.56756
17450000 1.56739
17460000 1.5681
17470000 1.56871
17480000 1.56843
17490000 1.56757
17500000 1.56806
17510000 1.56909
17520000 1.56913
17530000 1.56833
17540000 1.56829
17550000 1.56903
17560000 1.56978
17570000 1.56918
17580000 1.5683
17590000 1.56918
17600000 1.56983
17610000 1.56988
17620000 1.56914
17630000 1.56915
17640000 1.5701
17650000 1.57083
17660000 1.56985
17670000 1.56897
17680000 1.57036
17690000 1.57088
17700000 1.57068
17710000 1.56991
17720000 1.57022
17730000 1.57098
17740000 1.57153
17750000 1.5706
17760000 1.57044
17770000 1.57114
17780000 1.57175
17790000 1.57147
17800000 1.57061
17810000 1.5711
17820000 1.57212
17830000 1.57216
17840000 1.57137
17850000 1.57132
17860000 1.57206
17870000 1.57281
17880000 1.5722
17890000 1.57132
17900000 1.5722
17910000 1.57284
17920000 1.5729
17930000 1.57216
17940000 1.57217
17950000 1.57312
17960000 1.57384
17970000 1.57286
17980000 1.57198
17990000 1.57336
18000000 1.57388
18010000 1.57368
18020000 1.57291
18030000 1.57322
18040000 1.57397
18050000 1.57453
18060000 1.5736
18070000 1.57343
18080000 1.57413
18090000 1.57474
18100000 1.57446
18110000 1.5736
18120000 1.57408
18130000 1.57511
18140000 1.57514
18150000 1.57435
18160000 1.5743
18170000 1.57504
18180000 1.57578
18190000 1.57517
18200000 1.57429
18210000 1.57517
18220000 1.57581
18230000 1.57587
18240000 1.57512
18250000 1.57513
18260000 1.57608
18270000 1.5768
18280000 1.57582
18290000 1.57494
18300000 1.57632
18310000 1.57683
18320000 1.57663
18330000 1.57587
18340000 1.57617
18350000 1.57692
18360000 1.57747
18370000 1.57654
18380000 1.57638
18390000 1.57707
18400000 1.57768
18410000 1.5774
18420000 1.57654
18430000 1.57702
18440000 1.57804
18450000 1.57807
18460000 1.57728
18470000 1.57723
18480000 1.57796
18490000 1.5787
18500000 1.5781
18510000 1.57722
18520000 1.57809
18530000 1.57873
18540000 1.57878
18550000 1.57804
18560000 1.57805
18570000 1.57899
18580000 1.5797
18590000 1.57873
18600000 1.57785
18610000 1.57922
18620000 1.57974
18630000 1.57953
18640000 1.57877
18650000 1.57907
18660000 1.57982
18670000 1.58036
18680000 1.57944
18690000 1.57927
18700000 1.57996
18710000 1.58056
18720000 1.58028
18730000 1.57943
18740000 1.5799
18750000 1.58092
18760000 1.58095
18770000 1.58016
18780000 1.5801
18790000 1.58084
18800000 1.58158
18810000 1.58097
18820000 1.58009
18830000 1.58097
18840000 1.5816
18850000 1.58165
18860000 1.5809
18870000 1.58091
18880000 1.58185
18890000 1.58256
18900000 1.58159
18910000 1.58071
18920000 1.58208
18930000 1.58259
18940000 1.58238
18950000 1.58162
18960000 1.58192
18970000 1.58266
18980000 1.58321
18990000 1.58228
19000000 1.58212
19010000 1.58281
19020000 1.5834
19030000 1.58312
19040000 1.58226
19050000 1.58274
19060000 1.58375
19070000 1.58378
19080000 1.58299
19090000 1.58294
19100000 1.58367
19110000 1.5844
19120000 1.5838
19130000 1.58292
19140000 1.58379
19150000 1.58442
19160000 1.58447
19170000 1.58372
19180000 1.58373
19190000 1.58467
19200000 1.58537
19210000 1.5844
19220000 1.58352
19230000 1.58489
19240000 1.5854
19250000 1.58519
19260000 1.58443
19270000 1.58473
19280000 1.58547
19290000 1.58601
19300000 1.58508
19310000 1.58491
19320000 1.58561
19330000 1.5862
19340000 1.58592
19350000 1.58506
19360000 1.58553
19370000 1.58654
19380000 1.58656
19390000 1.58578
19400000 1.58572
19410000 1.58645
19420000 1.58718
19430000 1.58658
19440000 1.5857
19450000 1.58657
19460000 1.58719
19470000 1.58724
19480000 1.5865
19490000 1.5865
19500000 1.58743
19510000 1.58814
19520000 1.58717
19530000 1.58629
19540000 1.58766
19550000 1.58816
19560000 1.58795
19570000 1.58719
19580000 1.58748
19590000 1.58822
19600000 1.58876
19610000 1.58784
19620000 1.58767
19630000 1.58836
19640000 1.58895
19650000 1.58866
19660000 1.58781
19670000 1.58828
19680000 1.58928
19690000 1.58931
19700000 1.58852
19710000 1.58846
19720000 1.58919
19730000 1.58992
19740000 1.58931
19750000 1.58843
19760000 1.5893
19770000 1.58993
19780000 1.58997
19790000 1.58923
19800000 1.58923
19810000 1.59016
19820000 1.59087
19830000 1.5899
19840000 1.58901
19850000 1.59038
19860000 1.59088
19870000 1.59067
19880000 1.58991
19890000 1.5902
19900000 1.59094
19910000 1.59147
19920000 1.59055
19930000 1.59038
19940000 1.59107
19950000 1.59165
19960000 1.59137
19970000 1.59051
19980000 1.59098
19990000 1.59199
20000000 1.59201
20010000 1.59122
20020000 1.59116
20030000 1.59189
20040000 1.59261
20050000 1.59201
20060000 1.59113
20070000 1.59199
20080000 1.59261
20090000 1.59266
20100000 1.59192
20110000 1.59192
20120000 1.59284
20130000 1.59355
20140000 1.59258
20150000 1.59169
20160000 1.59306
20170000 1.59355
20180000 1.59335
20190000 1.59258
20200000 1.59288
20210000 1.59361
20220000 1.59414
20230000 1.59322
20240000 1.59305
20250000 1.59373
20260000 1.59432
20270000 1.59403
20280000 1.59318
20290000 1.59365
20300000 1.59464
20310000 1.59466
20320000 1.59388
20330000 1.59382
20340000 1.59454
20350000 1.59526
20360000 1.59466
20370000 1.59378
20380000 1.59464
20390000 1.59526
20400000 1.59531
20410000 1.59456
20420000 1.59457
20430000 1.59549
20440000 1.59619
20450000 1.59522
20460000 1.59433
20470000 1.59569
20480000 1.59619
20490000 1.59598
20500000 1.59522
20510000 1.59551
20520000 1.59624
20530000 1.59677
20540000 1.59585
20550000 1.59568
20560000 1.59636
20570000 1.59694
20580000 1.59666
20590000 1.5958
20600000 1.59627
20610000 1.59726
20620000 1.59728
20630000 1.5965
20640000 1.59644
20650000 1.59715
20660000 1.59786
20670000 1.59727
20680000 1.59639
20690000 1.59725
20700000 1.59787
20710000 1.59791
20720000 1.59717
20730000 1.59717
20740000 1.59809
20750000 1.59879
20760000 1.59782
20770000 1.59693
20780000 1.59829
20790000 1.59878
20800000 1.59857
20810000 1.59781
20820000 1.5981
20830000 1.59883
20840000 1.59936
20850000 1.59844
20860000 1.59826
20870000 1.59894
20880000 1.59952
20890000 1.59924
20900000 1.59838
20910000 1.59885
20920000 1.59984
20930000 1.59986
20940000 1.59907
20950000 1.59901
20960000 1.59975
20970000 1.60052
20980000 1.59984
20990000 1.59896
21000000 1.59982
21010000 1.60044
21020000 1.60048
21030000 1.59974
21040000 1.59973
21050000 1.60065
21060000 1.60135
21070000 1.60038
21080000 1.5995
21090000 1.60084
21100000 1.60134
21110000 1.60113
21120000 1.60037
21130000 1.60066
21140000 1.60138
21150000 1.6019
21160000 1.60099
21170000 1.60081
21180000 1.60149
21190000 1.60207
21200000 1.60178
21210000 1.60093
21220000 1.60139
21230000 1.60237
21240000 1.60239
21250000 1.60161
21260000 1.60155
21270000 1.60228
21280000 1.60306
21290000 1.60237
21300000 1.6015
21310000 1.60235
21320000 1.60296
21330000 1.603
21340000 1.60226
21350000 1.60226
21360000 1.60318
21370000 1.60387
21380000 1.6029
21390000 1.60202
21400000 1.60337
21410000 1.60386
21420000 1.60365
21430000 1.60288
21440000 1.60317
21450000 1.60389
21460000 1.60442
21470000 1.6035
21480000 1.60333
21490000 1.604
21500000 1.60457
21510000 1.60429
21520000 1.60343
21530000 1.6039
21540000 1.60486
21550000 1.6049
21560000 1.60411
21570000 1.60405
21580000 1.60479
21590000 1.60555
21600000 1.60487
21610000 1.60399
21620000 1.60485
21630000 1.60546
21640000 1.6055
21650000 1.60475
21660000 1.60475
21670000 1.60566
21680000 1.60635
21690000 1.60539
21700000 1.6045
21710000 1.60585
21720000 1.60634
21730000 1.60613
21740000 1.60536
21750000 1.60565
21760000 1.60637
21770000 1.60689
21780000 1.60598
21790000 1.6058
21800000 1.60647
21810000 1.60704
21820000 1.60676
21830000 1.6059
21840000 1.60636
21850000 1.60731
21860000 1.60736
21870000 1.60658
21880000 1.60651
21890000 1.60725
21900000 1.60801
21910000 1.60733
21920000 1.60645
21930000 1.6073
21940000 1.60791
21950000 1.60795
21960000 1.60721
21970000 1.6072
21980000 1.60811
21990000 1.6088
22000000 1.60784
22010000 1.60695
22020000 1.60829
22030000 1.60878
22040000 1.60857
22050000 1.60781
22060000 1.60809
22070000 1.60881
22080000 1.60933
22090000 1.60842
22100000 1.60824
22110000 1.60891
22120000 1.60948
22130000 1.60919
22140000 1.60834
22150000 1.6088
22160000 1.60974
22170000 1.60979
22180000 1.60901
22190000 1.60894
22200000 1.60967
22210000 1.61043
22220000 1.60975
22230000 1.60888
22240000 1.60972
22250000 1.61033
22260000 1.61037
22270000 1.60963
22280000 1.60962
22290000 1.61053
22300000 1.61121
22310000 1.61025
22320000 1.60937
22330000 1.6107
22340000 1.61119
22350000 1.61098
22360000 1.61022
22370000 1.6105
22380000 1.61122
22390000 1.61173
22400000 1.61082
22410000 1.61064
22420000 1.61131
22430000 1.61188
22440000 1.61159
22450000 1.61074
22460000 1.61119
22470000 1.61214
22480000 1.61218
22490000 1.6114
22500000 1.61133
22510000 1.61206
22520000 1.61282
22530000 1.61214
22540000 1.61127
22550000 1.61211
22560000 1.61272
22570000 1.61275
22580000 1.61201
22590000 1.61201
22600000 1.61291
22610000 1.61359
22620000 1.61263
22630000 1.61175
22640000 1.61308
22650000 1.61356
22660000 1.61335
22670000 1.61259
22680000 1.61287
22690000 1.61359
22700000 1.6141
22710000 1.61319
22720000 1.61301
22730000 1.61368
22740000 1.61424
22750000 1.61395
22760000 1.6131
22770000 1.61356
22780000 1.6145
22790000 1.61454
22800000 1.61376
22810000 1.61369
22820000 1.61442
22830000 1.61518
22840000 1.6145
22850000 1.61362
22860000 1.61446
22870000 1.61507
22880000 1.6151
22890000 1.61436
22900000 1.61436
22910000 1.61526
22920000 1.61594
22930000 1.61498
22940000 1.61409
22950000 1.61543
22960000 1.61591
22970000 1.6157
22980000 1.61493
22990000 1.61521
23000000 1.61593
23010000 1.61644
23020000 1.61553
23030000 1.61535
23040000 1.61601
23050000 1.61658
23060000 1.61629
23070000 1.61543
23080000 1.61589
23090000 1.61683
23100000 1.61687
23110000 1.61609
23120000 1.61602
23130000 1.61674
23140000 1.6175
23150000 1.61682
23160000 1.61594
23170000 1.61678
23180000 1.61739
23190000 1.61742
23200000 1.61668
23210000 1.61667
23220000 1.61757
23230000 1.61825
23240000 1.61729
23250000 1.61641
23260000 1.61774
23270000 1.61821
23280000 1.618
23290000 1.61724
23300000 1.61752
23310000 1.61823
23320000 1.61874
23330000 1.61783
23340000 1.61765
23350000 1.61831
23360000 1.61888
23370000 1.61859
23380000 1.61773
23390000 1.61819
23400000 1.61912
23410000 1.61916
23420000 1.61838
23430000 1.61831
23440000 1.61904
23450000 1.61979
23460000 1.61911
23470000 1.61823
23480000 1.61907
23490000 1.61967
23500000 1.61971
23510000 1.61897
23520000 1.61896
23530000 1.61986
23540000 1.62053
23550000 1.61957
23560000 1.61869
23570000 1.62001
23580000 1.62049
23590000 1.62028
23600000 1.61952
23610000 1.61979
23620000 1.6205
23630000 1.62101
23640000 1.6201
23650000 1.61992
23660000 1.62058
23670000 1.62114
23680000 1.62085
23690000 1.62
23700000 1.62045
23710000 1.62139
23720000 1.62143
23730000 1.62065
23740000 1.62057
23750000 1.62129
23760000 1.62205
23770000 1.62137
23780000 1.62049
23790000 1.62133
23800000 1.62193
23810000 1.62196
23820000 1.62122
23830000 1.62121
23840000 1.62211
23850000 1.62278
23860000 1.62182
23870000 1.62094
23880000 1.62226
23890000 1.62275
23900000 1.62252
23910000 1.62176
23920000 1.62204
23930000 1.62274
23940000 1.62325
23950000 1.62234
23960000 1.62216
23970000 1.62282
23980000 1.62338
23990000 1.62309
24000000 1.62224
24010000 1.62269
24020000 1.62362
24030000 1.62366
24040000 1.62288
24050000 1.62281
24060000 1.62353
24070000 1.62428
24080000 1.6236
24090000 1.62272
24100000 1.62355
24110000 1.62415
24120000 1.62419
24130000 1.62344
24140000 1.62344
24150000 1.62433
24160000 1.625
24170000 1.62404
24180000 1.62316
24190000 1.62448
24200000 1.62496
24210000 1.62474
24220000 1.62398
24230000 1.62425
24240000 1.62496
24250000 1.62546
24260000 1.62455
24270000 1.62437
24280000 1.62503
24290000 1.62558
24300000 1.6253
24310000 1.62444
24320000 1.62489
24330000 1.62582
24340000 1.62586
24350000 1.62508
24360000 1.62501
24370000 1.62572
24380000 1.62647
24390000 1.62579
24400000 1.62492
24410000 1.62575
24420000 1.62635
24430000 1.62638
24440000 1.62564
24450000 1.62563
24460000 1.62652
24470000 1.62719
24480000 1.62623
24490000 1.62535
24500000 1.62667
24510000 1.62715
24520000 1.62692
24530000 1.62616
24540000 1.62643
24550000 1.62714
24560000 1.62764
24570000 1.62674
24580000 1.62655
24590000 1.62721
24600000 1.62776
24610000 1.62747
24620000 1.62662
24630000 1.62707
24640000 1.62799
24650000 1.62803
24660000 1.62725
24670000 1.62718
24680000 1.62789
24690000 1.62864
24700000 1.62796
24710000 1.62709
24720000 1.62791
24730000 1.62851
24740000 1.62854
24750000 1.6278
24760000 1.62779
24770000 1.62868
24780000 1.62935
24790000 1.62839
24800000 1.62751
24810000 1.62882
24820000 1.6293
24830000 1.62908
24840000 1.62832
24850000 1.62859
24860000 1.62929
24870000 1.62979
24880000 1.62889
24890000 1.6287
24900000 1.62936
24910000 1.62991
24920000 1.62962
24930000 1.62877
24940000 1.62922
24950000 1.63014
24960000 1.63018
24970000 1.6294
24980000 1.62932
24990000 1.63003
25000000 1.63078
25010000 1.6301
25020000 1.62923
25030000 1.63005
25040000 1.63065
25050000 1.63068
25060000 1.62993
25070000 1.62993
25080000 1.63081
25090000 1.63148
25100000 1.63052
25110000 1.62964
25120000 1.63095
25130000 1.63143
25140000 1.63121
25150000 1.63044
25160000 1.63072
25170000 1.63141
25180000 1.63192
25190000 1.63101
25200000 1.63082
25210000 1.63148
25220000 1.63203
25230000 1.63174
25240000 1.63088
25250000 1.63133
25260000 1.63225
25270000 1.63229
25280000 1.63151
25290000 1.63144
25300000 1.63215
25310000 1.63289
25320000 1.63221
25330000 1.63134
25340000 1.63216
25350000 1.63276
25360000 1.63279
25370000 1.63204
25380000 1.63203
25390000 1.63292
25400000 1.63358
25410000 1.63262
25420000 1.63174
25430000 1.63305
25440000 1.63353
25450000 1.63331
25460000 1.63254
25470000 1.63282
25480000 1.63351
25490000 1.63401
25500000 1.6331
25510000 1.63291
25520000 1.63357
25530000 1.63412
25540000 1.63383
25550000 1.63298
25560000 1.63342
25570000 1.63434
25580000 1.63438
25590000 1.6336
25600000 1.63352
25610000 1.63423
25620000 1.63498
25630000 1.6343
25640000 1.63342
25650000 1.63424
25660000 1.63484
25670000 1.63486
25680000 1.63412
25690000 1.63411
25700000 1.63499
25710000 1.63565
25720000 1.6347
25730000 1.63382
25740000 1.63513
25750000 1.6356
25760000 1.63538
25770000 1.63461
25780000 1.63489
25790000 1.63558
25800000 1.63608
25810000 1.63517
25820000 1.63497
25830000 1.63564
25840000 1.63619
25850000 1.6359
25860000 1.63504
25870000 1.63549
25880000 1.6364
25890000 1.63644
25900000 1.63566
25910000 1.63558
25920000 1.63629
25930000 1.63703
25940000 1.63635
25950000 1.63548
25960000 1.6363
25970000 1.63689
25980000 1.63692
25990000 1.63617
26000000 1.63616
26010000 1.63705
26020000 1.6377
26030000 1.63675
26040000 1.63587
26050000 1.63717
26060000 1.63765
26070000 1.63742
26080000 1.63666
26090000 1.63693
26100000 1.63762
26110000 1.63812
26120000 1.63721
26130000 1.63701
26140000 1.63768
26150000 1.63822
26160000 1.63793
26170000 1.63708
26180000 1.63753
26190000 1.63844
26200000 1.63847
26210000 1.63769
26220000 1.63762
26230000 1.63832
26240000 1.63906
26250000 1.63838
26260000 1.63751
26270000 1.63833
26280000 1.63892
26290000 1.63894
26300000 1.6382
26310000 1.63819
26320000 1.63907
26330000 1.63973
26340000 1.63877
26350000 1.63789
26360000 1.6392
26370000 1.63967
26380000 1.63944
26390000 1.63868
26400000 1.63895
26410000 1.63964
26420000 1.64014
26430000 1.63923
26440000 1.63904
26450000 1.6397
26460000 1.64023
26470000 1.63995
26480000 1.63909
26490000 1.63954
26500000 1.64045
26510000 1.64048
26520000 1.6397
26530000 1.63963
26540000 1.64033
26550000 1.64107
26560000 1.64039
26570000 1.63952
26580000 1.64033
26590000 1.64092
26600000 1.64095
26610000 1.6402
26620000 1.64019
26630000 1.64107
26640000 1.64172
26650000 1.64077
26660000 1.63989
26670000 1.64119
26680000 1.64166
26690000 1.64144
26700000 1.64067
26710000 1.64094
26720000 1.64164
26730000 1.64212
26740000 1.64122
26750000 1.64103
26760000 1.64168
26770000 1.64222
26780000 1.64193
26790000 1.64108
26800000 1.64152
26810000 1.64244
26820000 1.64247
26830000 1.64168
26840000 1.64161
26850000 1.64231
26860000 1.64305
26870000 1.64237
26880000 1.6415
26890000 1.64231
26900000 1.6429
26910000 1.64292
26920000 1.64218
26930000 1.64217
26940000 1.64304
26950000 1.6437
26960000 1.64275
26970000 1.64186
26980000 1.64316
26990000 1.64363
27000000 1.64341
27010000 1.64264
27020000 1.64291
27030000 1.6436
27040000 1.64409
27050000 1.64319
27060000 1.64296
27070000 1.64365
27080000 1.64419
27090000 1.6439
27100000 1.64304
27110000 1.64348
27120000 1.64439
27130000 1.64442
27140000 1.64365
27150000 1.64357
27160000 1.64427
27170000 1.645
27180000 1.64432
27190000 1.64345
27200000 1.64427
27210000 1.64485
27220000 1.64488
27230000 1.64413
27240000 1.64412
27250000 1.64499
27260000 1.64565
27270000 1.64469
27280000 1.64381
27290000 1.64511
27300000 1.64558
27310000 1.64535
27320000 1.64459
27330000 1.64485
27340000 1.64554
27350000 1.64603
27360000 1.64513
27370000 1.6449
27380000 1.64559
27390000 1.64612
27400000 1.64583
27410000 1.64498
27420000 1.64542
27430000 1.64633
27440000 1.64636
27450000 1.64558
27460000 1.6455
27470000 1.6462
27480000 1.64694
27490000 1.64626
27500000 1.64538
27510000 1.6462
27520000 1.64678
27530000 1.6468
27540000 1.64606
27550000 1.64605
27560000 1.64692
27570000 1.64757
27580000 1.64661
27590000 1.64573
27600000 1.64703
27610000 1.6475
27620000 1.64728
27630000 1.64651
27640000 1.64677
27650000 1.64746
27660000 1.64795
27670000 1.64705
27680000 1.64682
27690000 1.64751
27700000 1.64804
27710000 1.64775
27720000 1.6469
27730000 1.64734
27740000 1.64824
27750000 1.64827
27760000 1.64749
27770000 1.64741
27780000 1.64812
27790000 1.64884
27800000 1.64816
27810000 1.64729
27820000 1.64816
27830000 1.64869
27840000 1.64871
27850000 1.64796
27860000 1.64795
27870000 1.64882
27880000 1.64947
27890000 1.64851
27900000 1.64763
27910000 1.64893
27920000 1.6494
27930000 1.64918
27940000 1.64841
27950000 1.64867
27960000 1.64936
27970000 1.64984
27980000 1.64894
27990000 1.64871
28000000 1.6494
28010000 1.64993
28020000 1.64964
28030000 1.64879
28040000 1.64923
28050000 1.65013
28060000 1.65016
28070000 1.64938
28080000 1.6493
28090000 1.65
28100000 1.65073
28110000 1.65004
28120000 1.64918
28130000 1.65003
28140000 1.65057
28150000 1.65059
28160000 1.64984
28170000 1.64983
28180000 1.6507
28190000 1.65135
28200000 1.65039
28210000 1.6495
28220000 1.65079
28230000 1.65127
28240000 1.65105
28250000 1.65028
28260000 1.65054
28270000 1.65123
28280000 1.65172
28290000 1.65082
28300000 1.65058
28310000 1.65127
28320000 1.6518
28330000 1.65151
28340000 1.65066
28350000 1.6511
28360000 1.652
28370000 1.65203
28380000 1.65125
28390000 1.65117
28400000 1.65187
28410000 1.65259
28420000 1.6519
28430000 1.65104
28440000 1.65189
28450000 1.65243
28460000 1.65245
28470000 1.65171
28480000 1.65169
28490000 1.65256
28500000 1.65321
28510000 1.65225
28520000 1.65137
28530000 1.65263
28540000 1.65313
28550000 1.6529
28560000 1.65214
28570000 1.6524
28580000 1.65308
28590000 1.65357
28600000 1.65267
28610000 1.65243
28620000 1.65312
28630000 1.65365
28640000 1.65336
28650000 1.6525
28660000 1.65294
28670000 1.65384
28680000 1.65387
28690000 1.65309
28700000 1.65301
28710000 1.65371
28720000 1.65443
28730000 1.65374
28740000 1.65288
28750000 1.65373
28760000 1.65427
28770000 1.65429
28780000 1.65354
28790000 1.65353
28800000 1.65439
28810000 1.65504
28820000 1.65408
28830000 1.65318
28840000 1.65446
28850000 1.65496
28860000 1.65473
28870000 1.65397
28880000 1.65423
28890000 1.65491
28900000 1.6554
28910000 1.65449
28920000 1.65426
28930000 1.65495
28940000 1.65547
28950000 1.65518
28960000 1.65433
28970000 1.65477
28980000 1.65567
28990000 1.65569
29000000 1.65491
29010000 1.65483
29020000 1.65553
29030000 1.65625
29040000 1.65556
29050000 1.6547
29060000 1.65555
29070000 1.65608
29080000 1.65611
29090000 1.65536
29100000 1.65535
29110000 1.65621
29120000 1.65685
29130000 1.6559
29140000 1.65519
29150000 1.65627
29160000 1.65677
29170000 1.65655
29180000 1.65578
29190000 1.65604
29200000 1.65672
29210000 1.6572
29220000 1.6563
29230000 1.65606
29240000 1.65675
29250000 1.65728
29260000 1.65699
29270000 1.65613
29280000 1.65657
29290000 1.65747
29300000 1.65749
29310000 1.65672
29320000 1.65663
29330000 1.65733
29340000 1.65805
29350000 1.65736
29360000 1.6565
29370000 1.65734
29380000 1.65788
29390000 1.6579
29400000 1.65715
29410000 1.65714
29420000 1.658
29430000 1.65865
29440000 1.65769
29450000 1.65702
29460000 1.65806
29470000 1.65856
29480000 1.65833
29490000 1.65757
29500000 1.65782
29510000 1.65851
29520000 1.65899
29530000 1.65809
29540000 1.65785
29550000 1.65854
29560000 1.65904
29570000 1.65877
29580000 1.65792
29590000 1.65835
29600000 1.65925
29610000 1.65927
29620000 1.6585
29630000 1.65842
29640000 1.65911
29650000 1.65983
29660000 1.65913
29670000 1.65828
29680000 1.65912
29690000 1.65965
29700000 1.65967
29710000 1.65893
29720000 1.65891
29730000 1.65977
29740000 1.66042
29750000 1.65946
29760000 1.65877
29770000 1.65983
29780000 1.66033
29790000 1.6601
29800000 1.65934
29810000 1.65959
29820000 1.66027
29830000 1.66075
29840000 1.65985
29850000 1.65961
29860000 1.6603
29870000 1.66099
29880000 1.66053
29890000 1.65968
29900000 1.66011
29910000 1.66101
29920000 1.66103
29930000 1.66026
29940000 1.66018
29950000 1.66086
29960000 1.66158
29970000 1.66089
29980000 1.66003
29990000 1.66088
30000000 1.66141
