10000 21.093
20000 16.7143
30000 14.6467
40000 11.5762
50000 10.0603
60000 9.18489
70000 8.34866
80000 7.39112
90000 6.60845
100000 6.22405
110000 5.69605
120000 5.16183
130000 4.89174
140000 4.58118
150000 4.12026
160000 3.85833
170000 3.76493
180000 3.62819
190000 3.45793
200000 3.30873
210000 3.25779
220000 3.04522
230000 2.92673
240000 2.86533
250000 2.8179
260000 2.73719
270000 2.66433
280000 2.63219
290000 2.55832
300000 2.50287
310000 2.46091
320000 2.43718
330000 2.38979
340000 2.35083
350000 2.32375
360000 2.27894
370000 2.25169
380000 2.22723
390000 2.20567
400000 2.16981
410000 2.14987
420000 2.1301
430000 2.10265
440000 2.0748
450000 2.05894
460000 2.04184
470000 2.01375
480000 2.00218
490000 1.98904
500000 1.96867
510000 1.94392
520000 1.93272
530000 1.92142
540000 1.8965
550000 1.89064
560000 1.88525
570000 1.86399
580000 1.8422
590000 1.83831
600000 1.83006
610000 1.81248
620000 1.80318
630000 1.79966
640000 1.78415
650000 1.76402
660000 1.76297
670000 1.75865
680000 1.74455
690000 1.73272
700000 1.73156
710000 1.72226
720000 1.70157
730000 1.703
740000 1.70481
750000 1.68922
760000 1.67462
770000 1.67756
780000 1.67347
790000 1.65697
800000 1.65372
810000 1.65826
820000 1.64446
830000 1.62837
840000 1.63329
850000 1.63343
860000 1.61872
870000 1.61189
880000 1.61598
890000 1.6094
900000 1.59122
910000 1.59926
920000 1.60237
930000 1.58694
940000 1.57545
950000 1.58465
960000 1.58104
970000 1.56521
980000 1.56554
990000 1.57687
1000000 1.56013
1010000 1.54601
1020000 1.55479
1030000 1.5566
1040000 1.54236
1050000 1.54015
1060000 1.54751
1070000 1.53888
1080000 1.52321
1090000 1.5327
1100000 1.53758
1110000 1.5236
1120000 1.51531
1130000 1.52574
1140000 1.52275
1150000 1.5073
1160000 1.51071
1170000 1.52307
1180000 1.50698
1190000 1.4937
1200000 1.50962
1210000 1.5081
1220000 1.49336
1230000 1.49367
1240000 1.50121
1250000 1.49457
1260000 1.47947
1270000 1.49073
1280000 1.49632
1290000 1.48241
1300000 1.47478
1310000 1.48716
1320000 1.48516
1330000 1.46215
1340000 1.47536
1350000 1.48869
1360000 1.47244
1370000 1.46058
1380000 1.47452
1390000 1.47627
1400000 1.46178
1410000 1.46489
1420000 1.47405
1430000 1.46558
1440000 1.45124
1450000 1.46392
1460000 1.46943
1470000 1.45617
1480000 1.4496
1490000 1.46303
1500000 1.46078
1510000 1.44022
1520000 1.4528
1530000 1.46622
1540000 1.45048
1550000 1.44303
1560000 1.45393
1570000 1.45623
1580000 1.44138
1590000 1.4456
1600000 1.45658
1610000 1.44684
1620000 1.4335
1630000 1.44616
1640000 1.4528
1650000 1.43925
1660000 1.43817
1670000 1.44749
1680000 1.4453
1690000 1.43031
1700000 1.43865
1710000 1.45225
1720000 1.43663
1730000 1.42907
1740000 1.44159
1750000 1.44364
1760000 1.42889
1770000 1.43325
1780000 1.4464
1790000 1.43504
1800000 1.42352
1810000 1.43603
1820000 1.44235
1830000 1.42894
1840000 1.42854
1850000 1.43841
1860000 1.43616
1870000 1.4172
1880000 1.43157
1890000 1.44373
1900000 1.42864
1910000 1.42173
1920000 1.43412
1930000 1.43643
1940000 1.42176
1950000 1.4273
1960000 1.44065
1970000 1.42887
1980000 1.41705
1990000 1.43034
2000000 1.43685
2010000 1.42332
2020000 1.42394
2030000 1.43384
2040000 1.43106
2050000 1.41552
2060000 1.42845
2070000 1.43944
2080000 1.42486
2090000 1.41779
2100000 1.4318
2110000 1.43338
2120000 1.41853
2130000 1.42486
2140000 1.43852
2150000 1.42628
2160000 1.41481
2170000 1.42832
2180000 1.43497
2190000 1.42128
2200000 1.4217
2210000 1.43375
2220000 1.4293
2230000 1.41428
2240000 1.42964
2250000 1.43822
2260000 1.42408
2270000 1.41743
2280000 1.43349
2290000 1.43314
2300000 1.41833
2310000 1.42569
2320000 1.44235
2330000 1.42643
2340000 1.41515
2350000 1.42949
2360000 1.43575
2370000 1.42171
2380000 1.4249
2390000 1.43581
2400000 1.42998
2410000 1.41613
2420000 1.43065
2430000 1.43914
2440000 1.42547
2450000 1.42009
2460000 1.43541
2470000 1.43503
2480000 1.4201
2490000 1.42863
2500000 1.44438
2510000 1.42856
2520000 1.41797
2530000 1.43457
2540000 1.43805
2550000 1.42401
2560000 1.43108
2570000 1.43934
2580000 1.433
2590000 1.4195
2600000 1.43479
2610000 1.44176
2620000 1.42865
2630000 1.42313
2640000 1.43905
2650000 1.43793
2660000 1.41813
2670000 1.43235
2680000 1.44777
2690000 1.43217
2700000 1.42374
2710000 1.43883
2720000 1.44191
2730000 1.42771
2740000 1.43328
2750000 1.44469
2760000 1.43687
2770000 1.4242
2780000 1.43846
2790000 1.44604
2800000 1.43294
2810000 1.43401
2820000 1.44385
2830000 1.44239
2840000 1.42495
2850000 1.43745
2860000 1.45229
2870000 1.43694
2880000 1.43025
2890000 1.44377
2900000 1.44684
2910000 1.43258
2920000 1.43811
2930000 1.45253
2940000 1.4414
2950000 1.42945
2960000 1.44322
2970000 1.45112
2980000 1.43815
2990000 1.43855
3000000 1.44909
3010000 1.44764
3020000 1.43105
3030000 1.44428
3040000 1.45752
3050000 1.44256
3060000 1.43593
3070000 1.44971
3080000 1.45248
3090000 1.43825
3100000 1.4451
3110000 1.45739
3120000 1.44708
3130000 1.43594
3140000 1.44946
3150000 1.45679
3160000 1.44375
3170000 1.44442
3180000 1.45538
3190000 1.45329
3200000 1.4372
3210000 1.45007
3220000 1.4631
3230000 1.44872
3240000 1.44224
3250000 1.45551
3260000 1.45861
3270000 1.44439
3280000 1.45098
3290000 1.46568
3300000 1.4534
3310000 1.44247
3320000 1.45608
3330000 1.46312
3340000 1.45001
3350000 1.45098
3360000 1.46261
3370000 1.45923
3380000 1.44438
3390000 1.45966
3400000 1.46915
3410000 1.45526
3420000 1.44886
3430000 1.46529
3440000 1.46523
3450000 1.45095
3460000 1.45761
3470000 1.47535
3480000 1.45994
3490000 1.4492
3500000 1.46384
3510000 1.46986
3520000 1.45651
3530000 1.45957
3540000 1.47177
3550000 1.46539
3560000 1.45191
3570000 1.46615
3580000 1.47544
3590000 1.46196
3600000 1.45746
3610000 1.47238
3620000 1.47203
3630000 1.45783
3640000 1.46533
3650000 1.48202
3660000 1.46668
3670000 1.4561
3680000 1.47562
3690000 1.47674
3700000 1.46318
3710000 1.46672
3720000 1.4777
3730000 1.47231
3740000 1.45931
3750000 1.4733
3760000 1.48171
3770000 1.46884
3780000 1.46367
3790000 1.47916
3800000 1.47858
3810000 1.45742
3820000 1.47279
3830000 1.48875
3840000 1.47354
3850000 1.46359
3860000 1.47994
3870000 1.48345
3880000 1.46993
3890000 1.47525
3900000 1.4865
3910000 1.47925
3920000 1.46654
3930000 1.48095
3940000 1.48842
3950000 1.47584
3960000 1.4711
3970000 1.48647
3980000 1.48548
3990000 1.46654
4000000 1.48038
4010000 1.49547
4020000 1.48058
4030000 1.47452
4040000 1.48705
4050000 1.49049
4060000 1.47674
4070000 1.48241
4080000 1.49482
4090000 1.48592
4100000 1.47404
4110000 1.48771
4120000 1.49542
4130000 1.48281
4140000 1.48323
4150000 1.49365
4160000 1.49224
4170000 1.47866
4180000 1.4878
4190000 1.50226
4200000 1.48762
4210000 1.48125
4220000 1.4947
4230000 1.49745
4240000 1.48378
4250000 1.48905
4260000 1.5031
4270000 1.49255
4280000 1.48222
4290000 1.49524
4300000 1.50218
4310000 1.48961
4320000 1.49029
4330000 1.50077
4340000 1.49917
4350000 1.48161
4360000 1.49605
4370000 1.50882
4380000 1.49465
4390000 1.48873
4400000 1.50159
4410000 1.50435
4420000 1.49076
4430000 1.49678
4440000 1.5106
4450000 1.49955
4460000 1.48889
4470000 1.5022
4480000 1.50904
4490000 1.49642
4500000 1.49774
4510000 1.50789
4520000 1.50561
4530000 1.49127
4540000 1.50419
4550000 1.5153
4560000 1.50169
4570000 1.49544
4580000 1.50948
4590000 1.51139
4600000 1.49764
4610000 1.50414
4620000 1.51787
4630000 1.50643
4640000 1.49602
4650000 1.50926
4660000 1.51598
4670000 1.50323
4680000 1.50419
4690000 1.51598
4700000 1.5121
4710000 1.49826
4720000 1.51322
4730000 1.52176
4740000 1.50855
4750000 1.50259
4760000 1.51833
4770000 1.51827
4780000 1.50453
4790000 1.51184
4800000 1.52806
4810000 1.51318
4820000 1.50292
4830000 1.51671
4840000 1.52289
4850000 1.50985
4860000 1.51316
4870000 1.52381
4880000 1.51851
4890000 1.50577
4900000 1.5197
4910000 1.52797
4920000 1.51525
4930000 1.51043
4940000 1.52523
4950000 1.52504
4960000 1.51106
4970000 1.51948
4980000 1.53461
4990000 1.51984
5000000 1.51011
5010000 1.52594
5020000 1.52938
5030000 1.51632
5040000 1.52321
5050000 1.53122
5060000 1.52536
5070000 1.51295
5080000 1.52738
5090000 1.53413
5100000 1.52194
5110000 1.51691
5120000 1.53212
5130000 1.53119
5140000 1.51273
5150000 1.52621
5160000 1.54095
5170000 1.52637
5180000 1.51844
5190000 1.53292
5200000 1.53591
5210000 1.52269
5220000 1.52805
5230000 1.53895
5240000 1.53166
5250000 1.51993
5260000 1.53337
5270000 1.54058
5280000 1.52839
5290000 1.52931
5300000 1.5389
5310000 1.53756
5320000 1.52131
5330000 1.53315
5340000 1.54717
5350000 1.53282
5360000 1.52657
5370000 1.53944
5380000 1.54234
5390000 1.52907
5400000 1.53431
5410000 1.54798
5420000 1.53757
5430000 1.52644
5440000 1.53941
5450000 1.5468
5460000 1.5347
5470000 1.53517
5480000 1.54511
5490000 1.54377
5500000 1.52832
5510000 1.54076
5520000 1.55321
5530000 1.53923
5540000 1.53301
5550000 1.54603
5560000 1.54864
5570000 1.53536
5580000 1.54175
5590000 1.55344
5600000 1.54376
5610000 1.53336
5620000 1.546
5630000 1.55286
5640000 1.54066
5650000 1.54134
5660000 1.55161
5670000 1.54963
5680000 1.53461
5690000 1.54671
5700000 1.55894
5710000 1.54547
5720000 1.53933
5730000 1.55186
5740000 1.55477
5750000 1.54148
5760000 1.54761
5770000 1.56147
5780000 1.54993
5790000 1.5397
5800000 1.55241
5810000 1.55898
5820000 1.54669
5830000 1.54766
5840000 1.55846
5850000 1.55531
5860000 1.54141
5870000 1.55575
5880000 1.56459
5890000 1.55158
5900000 1.5455
5910000 1.56097
5920000 1.56088
5930000 1.54751
5940000 1.55371
5950000 1.57032
5960000 1.55588
5970000 1.5458
5980000 1.55944
5990000 1.56505
6000000 1.55254
6010000 1.55542
6020000 1.56677
6030000 1.56079
6040000 1.54815
6050000 1.56147
6060000 1.5701
6070000 1.55745
6080000 1.55315
6090000 1.56717
6100000 1.56679
6110000 1.55348
6120000 1.56046
6130000 1.57607
6140000 1.56166
6150000 1.55207
6160000 1.56995
6170000 1.57093
6180000 1.55821
6190000 1.56147
6200000 1.57173
6210000 1.56664
6220000 1.55446
6230000 1.56751
6240000 1.57529
6250000 1.56322
6260000 1.55828
6270000 1.57282
6280000 1.57215
6290000 1.55229
6300000 1.56672
6310000 1.58163
6320000 1.56732
6330000 1.55791
6340000 1.57321
6350000 1.57643
6360000 1.56371
6370000 1.56866
6380000 1.57915
6390000 1.5723
6400000 1.56034
6410000 1.5738
6420000 1.5807
6430000 1.56889
6440000 1.56434
6450000 1.57874
6460000 1.57775
6470000 1.55988
6480000 1.57289
6490000 1.58698
6500000 1.57295
6510000 1.56714
6520000 1.5789
6530000 1.58206
6540000 1.5691
6550000 1.57436
6560000 1.58595
6570000 1.57755
6580000 1.56634
6590000 1.57911
6600000 1.58623
6610000 1.57436
6620000 1.57473
6630000 1.58441
6640000 1.58302
6650000 1.57019
6660000 1.57875
6670000 1.59225
6680000 1.57844
6690000 1.57234
6700000 1.58495
6710000 1.58748
6720000 1.57458
6730000 1.57944
6740000 1.59264
6750000 1.58264
6760000 1.57284
6770000 1.58501
6780000 1.59142
6790000 1.57956
6800000 1.58013
6810000 1.58989
6820000 1.58833
6830000 1.57173
6840000 1.58514
6850000 1.59722
6860000 1.58383
6870000 1.57814
6880000 1.59021
6890000 1.59274
6900000 1.57989
6910000 1.58547
6920000 1.59844
6930000 1.58796
6940000 1.57784
6950000 1.59027
6960000 1.59663
6970000 1.58468
6980000 1.58587
6990000 1.5953
7000000 1.59311
7010000 1.57952
7020000 1.59166
7030000 1.60203
7040000 1.58915
7050000 1.58312
7060000 1.59633
7070000 1.59806
7080000 1.58505
7090000 1.59108
7100000 1.60397
7110000 1.59311
7120000 1.58321
7130000 1.59559
7140000 1.60185
7150000 1.58977
7160000 1.59062
7170000 1.6016
7180000 1.5979
7190000 1.58478
7200000 1.59886
7210000 1.60678
7220000 1.59426
7230000 1.58851
7240000 1.60332
7250000 1.60319
7260000 1.59017
7270000 1.597
7280000 1.61221
7290000 1.59811
7300000 1.58834
7310000 1.60124
7320000 1.607
7330000 1.59464
7340000 1.59769
7350000 1.60763
7360000 1.60257
7370000 1.59049
7380000 1.60358
7390000 1.61126
7400000 1.5992
7410000 1.59453
7420000 1.60847
7430000 1.6082
7440000 1.59481
7450000 1.60282
7460000 1.617
7470000 1.603
7480000 1.59371
7490000 1.6086
7500000 1.61176
7510000 1.59935
7520000 1.60581
7530000 1.61326
7540000 1.60766
7550000 1.59587
7560000 1.60944
7570000 1.6157
7580000 1.60413
7590000 1.59927
7600000 1.6136
7610000 1.61263
7620000 1.59504
7630000 1.60783
7640000 1.62165
7650000 1.60778
7660000 1.60015
7670000 1.61383
7680000 1.61656
7690000 1.60399
7700000 1.609
7710000 1.61921
7720000 1.61225
7730000 1.60107
7740000 1.61373
7750000 1.62044
7760000 1.60885
7770000 1.60959
7780000 1.61864
7790000 1.61728
7800000 1.60179
7810000 1.61299
7820000 1.62618
7830000 1.61251
7840000 1.60648
7850000 1.61863
7860000 1.62129
7870000 1.60866
7880000 1.61355
7890000 1.62643
7900000 1.61649
7910000 1.60587
7920000 1.61809
7930000 1.62498
7940000 1.61345
7950000 1.61383
7960000 1.62315
7970000 1.62182
7980000 1.60707
7990000 1.61884
8000000 1.63056
8010000 1.61722
8020000 1.61122
8030000 1.62352
8040000 1.62592
8050000 1.61327
8060000 1.61925
8070000 1.63028
8080000 1.62101
8090000 1.61107
8100000 1.62297
8110000 1.6294
8120000 1.61776
8130000 1.61834
8140000 1.62798
8150000 1.62602
8160000 1.61169
8170000 1.62315
8180000 1.63467
8190000 1.62182
8200000 1.61587
8210000 1.62773
8220000 1.63042
8230000 1.61773
8240000 1.62348
8250000 1.63658
8260000 1.62554
8270000 1.61573
8280000 1.62773
8290000 1.63389
8300000 1.62215
8310000 1.62303
8320000 1.63316
8330000 1.63012
8340000 1.61683
8350000 1.63044
8360000 1.63874
8370000 1.6263
8380000 1.62041
8390000 1.63508
8400000 1.63492
8410000 1.62213
8420000 1.62797
8430000 1.64369
8440000 1.62989
8450000 1.62023
8460000 1.6331
8470000 1.63838
8480000 1.62642
8490000 1.6291
8500000 1.63979
8510000 1.63404
8520000 1.62196
8530000 1.63459
8540000 1.6427
8550000 1.63059
8560000 1.6264
8570000 1.63971
8580000 1.63927
8590000 1.62654
8600000 1.63312
8610000 1.6479
8620000 1.6341
8630000 1.62489
8640000 1.64186
8650000 1.6427
8660000 1.63054
8670000 1.63358
8680000 1.64326
8690000 1.63835
8700000 1.6267
8710000 1.63908
8720000 1.64639
8730000 1.63483
8740000 1.63002
8750000 1.64384
8760000 1.64311
8770000 1.62408
8780000 1.63784
8790000 1.65197
8800000 1.63825
8810000 1.62921
8820000 1.64373
8830000 1.64673
8840000 1.63454
8850000 1.63921
8860000 1.64911
8870000 1.64248
8880000 1.63105
8890000 1.64384
8900000 1.65032
8910000 1.639
8920000 1.63457
8930000 1.64827
8940000 1.64724
8950000 1.6301
8960000 1.6425
8970000 1.65587
8980000 1.64241
8990000 1.63678
9000000 1.64795
9010000 1.6509
9020000 1.63848
9030000 1.64344
9040000 1.65442
9050000 1.64634
9060000 1.63557
9070000 1.64771
9080000 1.65442
9090000 1.64303
9100000 1.64333
9110000 1.6525
9120000 1.65108
9130000 1.63876
9140000 1.64691
9150000 1.65971
9160000 1.64647
9170000 1.64056
9180000 1.65256
9190000 1.65491
9200000 1.64253
9210000 1.64711
9220000 1.65967
9230000 1.65004
9240000 1.64062
9250000 1.65218
9260000 1.6582
9270000 1.64683
9280000 1.64731
9290000 1.65657
9300000 1.65502
9310000 1.63907
9320000 1.65186
9330000 1.66335
9340000 1.65048
9350000 1.64495
9360000 1.65645
9370000 1.65882
9380000 1.64646
9390000 1.65174
9400000 1.66409
9410000 1.654
9420000 1.64426
9430000 1.65607
9440000 1.6621
9450000 1.65061
9460000 1.65169
9470000 1.66063
9480000 1.65847
9490000 1.64539
9500000 1.65699
9510000 1.66685
9520000 1.65446
9530000 1.64859
9540000 1.6612
9550000 1.66281
9560000 1.65029
9570000 1.65601
9580000 1.6683
9590000 1.65784
9600000 1.64829
9610000 1.66008
9620000 1.66601
9630000 1.65438
9640000 1.65515
9650000 1.66557
9660000 1.66199
9670000 1.64936
9680000 1.66283
9690000 1.67034
9700000 1.65828
9710000 1.65268
9720000 1.66685
9730000 1.66666
9740000 1.65412
9750000 1.66062
9760000 1.67514
9770000 1.66153
9780000 1.65213
9790000 1.66443
9800000 1.6699
9810000 1.65798
9820000 1.66087
9830000 1.67033
9840000 1.66543
9850000 1.65379
9860000 1.66631
9870000 1.67359
9880000 1.66197
9890000 1.65742
9900000 1.67074
9910000 1.67043
9920000 1.65738
9930000 1.66518
9940000 1.67872
9950000 1.66523
9960000 1.65625
9970000 1.67049
9980000 1.67346
9990000 1.66149
10000000 1.66766
10010000 1.67473
10020000 1.6693
10030000 1.65794
10040000 1.67091
10050000 1.67684
10060000 1.66569
10070000 1.66095
10080000 1.67467
10090000 1.67369
10100000 1.6567
10110000 1.66896
10120000 1.68219
10130000 1.66882
10140000 1.66141
10150000 1.67452
10160000 1.67709
10170000 1.66496
10180000 1.66973
10190000 1.67946
10200000 1.67273
10210000 1.66194
10220000 1.67405
10230000 1.68043
10240000 1.66925
10250000 1.66988
10260000 1.67855
10270000 1.67718
10280000 1.66221
10290000 1.67297
10300000 1.68559
10310000 1.6724
10320000 1.66653
10330000 1.67817
10340000 1.68068
10350000 1.66848
10360000 1.67314
10370000 1.68546
10380000 1.67586
10390000 1.66559
10400000 1.6773
10410000 1.68385
10420000 1.67271
10430000 1.67304
10440000 1.68194
10450000 1.68061
10460000 1.66635
10470000 1.67766
10480000 1.68887
10490000 1.67599
10500000 1.67015
10510000 1.68195
10520000 1.6842
10530000 1.67198
10540000 1.67769
10550000 1.68825
10560000 1.67928
10570000 1.66967
10580000 1.68107
10590000 1.6872
10600000 1.67595
10610000 1.67646
10620000 1.68568
10630000 1.68374
10640000 1.66988
10650000 1.6809
10660000 1.69193
10670000 1.67951
10680000 1.67372
10690000 1.6851
10700000 1.68764
10710000 1.67538
10720000 1.68087
10730000 1.69344
10740000 1.68275
10750000 1.67325
10760000 1.6847
10770000 1.69065
10780000 1.67929
10790000 1.6801
10800000 1.68979
10810000 1.68682
10820000 1.67396
10830000 1.68705
10840000 1.69499
10850000 1.68295
10860000 1.67721
10870000 1.69131
10880000 1.69112
10890000 1.67874
10900000 1.68434
10910000 1.69944
10920000 1.68609
10930000 1.67672
10940000 1.68907
10950000 1.69411
10960000 1.68254
10970000 1.68509
10980000 1.69533
10990000 1.68975
11000000 1.67806
11010000 1.69021
11020000 1.69795
11030000 1.68624
11040000 1.68214
11050000 1.69493
11060000 1.69447
11070000 1.68214
11080000 1.68846
11090000 1.70267
11100000 1.68931
11110000 1.68037
11120000 1.69671
11130000 1.69744
11140000 1.68568
11150000 1.68858
11160000 1.69786
11170000 1.69309
11180000 1.6818
11190000 1.69371
11200000 1.7007
11210000 1.68951
11220000 1.68481
11230000 1.69812
11240000 1.69737
11250000 1.67891
11260000 1.6922
11270000 1.70579
11280000 1.6925
11290000 1.68372
11300000 1.6977
11310000 1.70055
11320000 1.68873
11330000 1.69322
11340000 1.70272
11350000 1.69627
11360000 1.68519
11370000 1.69752
11380000 1.70371
11390000 1.69274
11400000 1.6884
11410000 1.7016
11420000 1.70057
11430000 1.68394
11440000 1.69591
11450000 1.70878
11460000 1.69571
11470000 1.69024
11480000 1.70099
11490000 1.7038
11500000 1.69176
11510000 1.69653
11520000 1.70707
11530000 1.69923
11540000 1.68878
11550000 1.70047
11560000 1.7069
11570000 1.69585
11580000 1.69612
11590000 1.70491
11600000 1.70351
11610000 1.69155
11620000 1.69941
11630000 1.71174
11640000 1.6989
11650000 1.69313
11660000 1.7047
11670000 1.70693
11680000 1.69491
11690000 1.69931
11700000 1.7114
11710000 1.70206
11720000 1.6929
11730000 1.70404
11740000 1.70981
11750000 1.69876
11760000 1.69917
11770000 1.70811
11780000 1.70658
11790000 1.69109
11800000 1.70346
11810000 1.71452
11820000 1.70204
11830000 1.69663
11840000 1.70772
11850000 1.70998
11860000 1.69798
11870000 1.70306
11880000 1.71496
11890000 1.70516
11900000 1.69569
11910000 1.70708
11920000 1.71287
11930000 1.70171
11940000 1.70273
11950000 1.71194
11960000 1.7092
11970000 1.69648
11980000 1.7077
11990000 1.71719
12000000 1.70517
12010000 1.69943
12020000 1.71161
12030000 1.71312
12040000 1.70097
12050000 1.70648
12060000 1.71833
12070000 1.70816
12080000 1.69888
12090000 1.71025
12100000 1.71595
12110000 1.70466
12120000 1.70537
12130000 1.7154
12140000 1.7119
12150000 1.69963
12160000 1.71267
12170000 1.71988
12180000 1.70816
12190000 1.70269
12200000 1.71639
12210000 1.71617
12220000 1.70398
12230000 1.71025
12240000 1.72428
12250000 1.71104
12260000 1.7019
12270000 1.71377
12280000 1.71905
12290000 1.70746
12300000 1.71024
12310000 1.71934
12320000 1.71457
12330000 1.70325
12340000 1.71536
12350000 1.72235
12360000 1.71106
12370000 1.70661
12380000 1.71949
12390000 1.71915
12400000 1.70629
12410000 1.714
12420000 1.72708
12430000 1.71397
12440000 1.70522
12450000 1.71899
12460000 1.72183
12470000 1.71018
12480000 1.71615
12490000 1.72295
12500000 1.71765
12510000 1.70645
12520000 1.71915
12530000 1.72486
12540000 1.71402
12550000 1.70937
12560000 1.72265
12570000 1.72166
12580000 1.70512
12590000 1.71702
12600000 1.72981
12610000 1.7168
12620000 1.70957
12630000 1.72226
12640000 1.72471
12650000 1.71291
12660000 1.71752
12670000 1.7269
12680000 1.72035
12690000 1.70981
12700000 1.72156
12710000 1.7277
12720000 1.71683
12730000 1.71739
12740000 1.72577
12750000 1.72442
12760000 1.70984
12770000 1.72027
12780000 1.73248
12790000 1.71964
12800000 1.7139
12810000 1.72518
12820000 1.72757
12830000 1.7157
12840000 1.7202
12850000 1.73211
12860000 1.72276
12870000 1.71276
12880000 1.72409
12890000 1.73041
12900000 1.71956
12910000 1.71986
12920000 1.72845
12930000 1.72713
12940000 1.71324
12950000 1.72421
12960000 1.73504
12970000 1.72252
12980000 1.7168
12990000 1.72823
13000000 1.73038
13010000 1.71848
13020000 1.72401
13030000 1.73421
13040000 1.72548
13050000 1.71611
13060000 1.72714
13070000 1.73306
13080000 1.72211
13090000 1.72256
13100000 1.73148
13110000 1.72953
13120000 1.71606
13130000 1.72674
13140000 1.73742
13150000 1.72534
13160000 1.71967
13170000 1.73069
13180000 1.73314
13190000 1.72119
13200000 1.72651
13210000 1.73868
13220000 1.72825
13230000 1.71899
13240000 1.73004
13250000 1.73583
13260000 1.72476
13270000 1.72552
13280000 1.73489
13290000 1.73198
13300000 1.71945
13310000 1.73216
13320000 1.73983
13330000 1.7281
13340000 1.72248
13350000 1.73616
13360000 1.73594
13370000 1.72388
13380000 1.72929
13390000 1.74394
13400000 1.73093
13410000 1.72178
13420000 1.73375
13430000 1.73863
13440000 1.72736
13450000 1.72981
13460000 1.73972
13470000 1.73427
13480000 1.72287
13490000 1.73467
13500000 1.74215
13510000 1.73073
13520000 1.72671
13530000 1.73912
13540000 1.73864
13550000 1.72662
13560000 1.73275
13570000 1.74653
13580000 1.7335
13590000 1.72477
13600000 1.74064
13610000 1.7413
13620000 1.72984
13630000 1.7326
13640000 1.74163
13650000 1.73696
13660000 1.72596
13670000 1.73752
13680000 1.74427
13690000 1.73336
13700000 1.72875
13710000 1.74168
13720000 1.74091
13730000 1.7229
13740000 1.73582
13750000 1.74902
13760000 1.73607
13770000 1.72747
13780000 1.74104
13790000 1.7438
13800000 1.73226
13810000 1.73662
13820000 1.74582
13830000 1.73952
13840000 1.7287
13850000 1.74068
13860000 1.74667
13870000 1.73597
13880000 1.73171
13890000 1.74452
13900000 1.7435
13910000 1.72725
13920000 1.7389
13930000 1.75141
13940000 1.73865
13950000 1.73329
13960000 1.74373
13970000 1.74644
13980000 1.73469
13990000 1.73931
14000000 1.74953
14010000 1.74188
14020000 1.73168
14030000 1.74303
14040000 1.74926
14050000 1.73847
14060000 1.73871
14070000 1.74723
14080000 1.74584
14090000 1.73415
14100000 1.7418
14110000 1.75376
14120000 1.74124
14130000 1.73558
14140000 1.74683
14150000 1.74898
14160000 1.73724
14170000 1.74151
14180000 1.75325
14190000 1.74412
14200000 1.73518
14210000 1.74599
14220000 1.75159
14230000 1.7408
14240000 1.74116
14250000 1.74985
14260000 1.74833
14270000 1.7332
14280000 1.74524
14290000 1.75598
14300000 1.7438
14310000 1.73849
14320000 1.74927
14330000 1.75145
14340000 1.73973
14350000 1.74466
14360000 1.75622
14370000 1.74665
14380000 1.73738
14390000 1.74846
14400000 1.75407
14410000 1.74318
14420000 1.74415
14430000 1.75309
14440000 1.75039
14450000 1.73795
14460000 1.74888
14470000 1.7581
14480000 1.74636
14490000 1.74073
14500000 1.75258
14510000 1.75403
14520000 1.74214
14530000 1.74751
14540000 1.75902
14550000 1.74909
14560000 1.74
14570000 1.75106
14580000 1.7566
14590000 1.74556
14600000 1.74623
14610000 1.75598
14620000 1.75255
14630000 1.74055
14640000 1.75325
14650000 1.76025
14660000 1.74877
14670000 1.74343
14680000 1.75676
14690000 1.75652
14700000 1.74461
14710000 1.75071
14720000 1.76435
14730000 1.75141
14740000 1.74247
14750000 1.75402
14760000 1.75914
14770000 1.74782
14780000 1.75051
14790000 1.75935
14800000 1.75468
14810000 1.74361
14820000 1.75541
14830000 1.76219
14840000 1.75116
14850000 1.74678
14860000 1.75932
14870000 1.75897
14880000 1.74621
14890000 1.7539
14900000 1.76663
14910000 1.75381
14920000 1.74524
14930000 1.75866
14940000 1.7614
14950000 1.75001
14960000 1.75583
14970000 1.76242
14980000 1.75723
14990000 1.74626
15000000 1.75865
15010000 1.76418
15020000 1.75358
15030000 1.74902
15040000 1.76196
15050000 1.76096
15060000 1.74478
15070000 1.75638
15080000 1.76884
15090000 1.75613
15100000 1.74903
15110000 1.7614
15120000 1.76377
15130000 1.75223
15140000 1.75671
15150000 1.76583
15160000 1.75941
15170000 1.74907
15180000 1.76037
15190000 1.76651
15200000 1.75588
15210000 1.7564
15220000 1.76455
15230000 1.76321
15240000 1.74894
15250000 1.75912
15260000 1.77101
15270000 1.75846
15280000 1.75282
15290000 1.76381
15300000 1.76612
15310000 1.75451
15320000 1.75889
15330000 1.77048
15340000 1.76133
15350000 1.75154
15360000 1.76259
15370000 1.76872
15380000 1.7581
15390000 1.75838
15400000 1.76674
15410000 1.76543
15420000 1.75182
15430000 1.76254
15440000 1.77308
15450000 1.76083
15460000 1.75522
15470000 1.76636
15480000 1.76844
15490000 1.75679
15500000 1.76217
15510000 1.77211
15520000 1.76356
15530000 1.75439
15540000 1.76513
15550000 1.77089
15560000 1.76018
15570000 1.76059
15580000 1.76928
15590000 1.76728
15600000 1.75415
15610000 1.76572
15620000 1.77499
15630000 1.76317
15640000 1.7576
15650000 1.76835
15660000 1.77072
15670000 1.75901
15680000 1.76419
15690000 1.77606
15700000 1.76585
15710000 1.75678
15720000 1.76777
15730000 1.77318
15740000 1.76235
15750000 1.76307
15760000 1.77219
15770000 1.76933
15780000 1.75705
15790000 1.76947
15800000 1.77694
15810000 1.76545
15820000 1.75993
15830000 1.77328
15840000 1.77305
15850000 1.76123
15860000 1.76651
15870000 1.7808
15880000 1.76806
15890000 1.75909
15900000 1.77076
15910000 1.77552
15920000 1.76447
15930000 1.76686
15940000 1.77651
15950000 1.77117
15960000 1.76
15970000 1.77152
15980000 1.7788
15990000 1.76762
16000000 1.76366
16010000 1.77577
16020000 1.77528
16030000 1.7635
16040000 1.76949
16050000 1.78293
16060000 1.77018
16070000 1.76161
16080000 1.77711
16090000 1.77773
16100000 1.76649
16110000 1.77209
16120000 1.77799
16130000 1.77341
16140000 1.76262
16150000 1.77391
16160000 1.78049
16170000 1.7698
16180000 1.76527
16190000 1.77789
16200000 1.77712
16210000 1.75946
16220000 1.77208
16230000 1.78499
16240000 1.77229
16250000 1.76386
16260000 1.77711
16270000 1.77979
16280000 1.76848
16290000 1.77273
16300000 1.7817
16310000 1.77552
16320000 1.76491
16330000 1.77662
16340000 1.78245
16350000 1.77196
16360000 1.76777
16370000 1.78028
16380000 1.77926
16390000 1.76333
16400000 1.77472
16410000 1.78694
16420000 1.77441
16430000 1.76917
16440000 1.77936
16450000 1.782
16460000 1.77048
16470000 1.77499
16480000 1.78495
16490000 1.77745
16500000 1.76744
16510000 1.77853
16520000 1.7846
16530000 1.77403
16540000 1.77424
16550000 1.78256
16560000 1.78118
16570000 1.7697
16580000 1.77718
16590000 1.78887
16600000 1.7766
16610000 1.77103
16620000 1.78202
16630000 1.7841
16640000 1.77259
16650000 1.77676
16660000 1.78823
16670000 1.77926
16680000 1.7705
16690000 1.78105
16700000 1.7865
16710000 1.77594
16720000 1.77626
16730000 1.78475
16740000 1.78324
16750000 1.7684
16760000 1.78018
16770000 1.79067
16780000 1.77873
16790000 1.77352
16800000 1.78404
16810000 1.78616
16820000 1.77466
16830000 1.77948
16840000 1.79077
16850000 1.78138
16860000 1.77228
16870000 1.78311
16880000 1.78859
16890000 1.77791
16900000 1.77884
16910000 1.78755
16920000 1.7849
16930000 1.7727
16940000 1.78338
16950000 1.79239
16960000 1.78088
16970000 1.77534
16980000 1.78693
16990000 1.78832
17000000 1.77667
17010000 1.78191
17020000 1.79316
17030000 1.78342
17040000 1.77449
17050000 1.7853
17060000 1.79071
17070000 1.77988
17080000 1.78052
17090000 1.79004
17100000 1.78666
17110000 1.77489
17120000 1.78733
17130000 1.79415
17140000 1.78288
17150000 1.77763
17160000 1.79068
17170000 1.79042
17180000 1.77873
17190000 1.78469
17200000 1.79804
17210000 1.78534
17220000 1.77656
17230000 1.78785
17240000 1.79286
17250000 1.78174
17260000 1.78437
17270000 1.793
17280000 1.7884
17290000 1.77754
17300000 1.78908
17310000 1.79569
17320000 1.78488
17330000 1.78057
17340000 1.79284
17350000 1.79247
17360000 1.77979
17370000 1.78748
17380000 1.79993
17390000 1.78735
17400000 1.77893
17410000 1.79206
17420000 1.79473
17430000 1.78355
17440000 1.78924
17450000 1.79567
17460000 1.79057
17470000 1.7798
17480000 1.79192
17490000 1.79733
17500000 1.78692
17510000 1.78242
17520000 1.79509
17530000 1.79409
17540000 1.7782
17550000 1.78956
17560000 1.80177
17570000 1.78929
17580000 1.7823
17590000 1.79441
17600000 1.79671
17610000 1.78538
17620000 1.78976
17630000 1.79868
17640000 1.79238
17650000 1.78224
17660000 1.79327
17670000 1.79928
17680000 1.78884
17690000 1.78932
17700000 1.7973
17710000 1.79597
17720000 1.78194
17730000 1.79193
17740000 1.80356
17750000 1.79124
17760000 1.78569
17770000 1.79644
17780000 1.7987
17790000 1.78729
17800000 1.79158
17810000 1.80291
17820000 1.79393
17830000 1.78431
17840000 1.79512
17850000 1.80111
17860000 1.79066
17870000 1.79095
17880000 1.79912
17890000 1.79782
17900000 1.78441
17910000 1.79495
17920000 1.80526
17930000 1.79325
17940000 1.78771
17950000 1.79863
17960000 1.80065
17970000 1.78921
17980000 1.79447
17990000 1.80419
18000000 1.7958
18010000 1.78678
18020000 1.7973
18030000 1.80293
18040000 1.79241
18050000 1.79279
18060000 1.80129
18070000 1.79931
18080000 1.78642
18090000 1.79774
18100000 1.80683
18110000 1.79522
18120000 1.78973
18130000 1.80026
18140000 1.80257
18150000 1.79106
18160000 1.79614
18170000 1.80776
18180000 1.79769
18190000 1.78881
18200000 1.79956
18210000 1.80487
18220000 1.79422
18230000 1.79492
18240000 1.80383
18250000 1.80103
18260000 1.78895
18270000 1.80113
18280000 1.80844
18290000 1.79714
18300000 1.79171
18310000 1.8048
18320000 1.80455
18330000 1.79294
18340000 1.79811
18350000 1.81211
18360000 1.7996
18370000 1.79077
18380000 1.8022
18390000 1.80685
18400000 1.796
18410000 1.79834
18420000 1.80778
18430000 1.80252
18440000 1.79154
18450000 1.80284
18460000 1.80995
18470000 1.79898
18480000 1.79507
18490000 1.80694
18500000 1.80644
18510000 1.79486
18520000 1.80072
18530000 1.8139
18540000 1.80137
18550000 1.79294
18560000 1.80814
18570000 1.8087
18580000 1.79768
18590000 1.80318
18600000 1.80893
18610000 1.80442
18620000 1.79382
18630000 1.80488
18640000 1.81132
18650000 1.80082
18660000 1.79635
18670000 1.80872
18680000 1.80795
18690000 1.79059
18700000 1.80353
18710000 1.81563
18720000 1.80315
18730000 1.79485
18740000 1.80784
18750000 1.81046
18760000 1.79934
18770000 1.8035
18780000 1.81228
18790000 1.80621
18800000 1.79576
18810000 1.80725
18820000 1.81295
18830000 1.80265
18840000 1.79851
18850000 1.81073
18860000 1.80976
18870000 1.79409
18880000 1.80527
18890000 1.81726
18900000 1.80494
18910000 1.79977
18920000 1.80976
18930000 1.81234
18940000 1.80101
18950000 1.80543
18960000 1.81519
18970000 1.80781
18980000 1.79797
18990000 1.80884
19000000 1.81478
19010000 1.80438
19020000 1.80459
19030000 1.81272
19040000 1.81136
19050000 1.80004
19060000 1.80741
19070000 1.81887
19080000 1.8068
19090000 1.80131
19100000 1.81209
19110000 1.81412
19120000 1.8028
19130000 1.80688
19140000 1.81812
19150000 1.8093
19160000 1.80068
19170000 1.81103
19180000 1.81637
19190000 1.80598
19200000 1.8063
19210000 1.8146
19220000 1.81311
19230000 1.79849
19240000 1.81007
19250000 1.82036
19260000 1.80862
19270000 1.80347
19280000 1.81379
19290000 1.81586
19300000 1.80455
19310000 1.80928
19320000 1.82035
19330000 1.81112
19340000 1.80216
19350000 1.81278
19360000 1.81814
19370000 1.80764
19380000 1.80854
19390000 1.81708
19400000 1.81446
19410000 1.80245
19420000 1.81293
19430000 1.82177
19440000 1.81046
19450000 1.80499
19460000 1.81636
19470000 1.81772
19480000 1.80625
19490000 1.81139
19500000 1.82243
19510000 1.81284
19520000 1.80405
19530000 1.81465
19540000 1.81996
19550000 1.80931
19560000 1.80992
19570000 1.81924
19580000 1.81593
19590000 1.80433
19600000 1.81655
19610000 1.82324
19620000 1.81213
19630000 1.80697
19640000 1.81978
19650000 1.81951
19660000 1.80801
19670000 1.81386
19680000 1.82696
19690000 1.81447
19700000 1.80582
19710000 1.81689
19720000 1.8218
19730000 1.81086
19740000 1.81344
19750000 1.8219
19760000 1.81737
19770000 1.80668
19780000 1.81801
19790000 1.82446
19800000 1.81385
19810000 1.8096
19820000 1.82164
19830000 1.82126
19840000 1.80859
19850000 1.81633
19860000 1.82856
19870000 1.81618
19880000 1.80788
19890000 1.82077
19900000 1.82339
19910000 1.81238
19920000 1.81797
19930000 1.82427
19940000 1.81924
19950000 1.80863
19960000 1.82054
19970000 1.82583
19980000 1.8156
19990000 1.81116
20000000 1.8236
20010000 1.8226
20020000 1.80695
20030000 1.81812
20040000 1.83011
20050000 1.81782
20060000 1.81094
20070000 1.82282
20080000 1.82508
20090000 1.81392
20100000 1.81823
20110000 1.82697
20120000 1.82076
20130000 1.81078
20140000 1.82161
20150000 1.8275
20160000 1.81723
20170000 1.81768
20180000 1.82552
20190000 1.82419
20200000 1.81038
20210000 1.82019
20220000 1.83162
20230000 1.81949
20240000 1.81402
20250000 1.82458
20260000 1.82678
20270000 1.81555
20280000 1.81976
20290000 1.83089
20300000 1.82203
20310000 1.81256
20320000 1.82318
20330000 1.82905
20340000 1.81876
20350000 1.81904
20360000 1.82706
20370000 1.82577
20380000 1.81131
20390000 1.82292
20400000 1.83304
20410000 1.82122
20420000 1.81576
20430000 1.82647
20440000 1.82844
20450000 1.81718
20460000 1.82236
20470000 1.8319
20480000 1.82363
20490000 1.81475
20500000 1.82508
20510000 1.83061
20520000 1.82024
20530000 1.8206
20540000 1.82895
20550000 1.82699
20560000 1.81429
20570000 1.8254
20580000 1.83435
20590000 1.82292
20600000 1.8175
20610000 1.82784
20620000 1.8301
20630000 1.81876
20640000 1.82375
20650000 1.83517
20660000 1.82525
20670000 1.81649
20680000 1.82704
20690000 1.83227
20700000 1.82178
20710000 1.82246
20720000 1.83121
20730000 1.82844
20740000 1.81654
20750000 1.82851
20760000 1.83569
20770000 1.82455
20780000 1.81921
20790000 1.83207
20800000 1.83181
20810000 1.82037
20820000 1.82545
20830000 1.8392
20840000 1.82689
20850000 1.81819
20860000 1.82942
20870000 1.83398
20880000 1.82329
20890000 1.82559
20900000 1.83485
20910000 1.82967
20920000 1.81885
20930000 1.82997
20940000 1.83694
20950000 1.82613
20960000 1.82228
20970000 1.83394
20980000 1.83344
20990000 1.82203
21000000 1.82779
21010000 1.84074
21020000 1.82839
21030000 1.82008
21040000 1.83503
21050000 1.83553
21060000 1.82469
21070000 1.83013
21080000 1.83576
21090000 1.83131
21100000 1.82086
21110000 1.83174
21120000 1.83805
21130000 1.82771
21140000 1.8233
21150000 1.83547
21160000 1.83469
21170000 1.81758
21180000 1.83024
21190000 1.84222
21200000 1.82992
21210000 1.82173
21220000 1.83451
21230000 1.83708
21240000 1.82612
21250000 1.83021
21260000 1.83883
21270000 1.83284
21280000 1.82253
21290000 1.83385
21300000 1.83944
21310000 1.82929
21320000 1.8252
21330000 1.83748
21340000 1.83625
21350000 1.82081
21360000 1.83181
21370000 1.8436
21380000 1.83145
21390000 1.82635
21400000 1.83618
21410000 1.8387
21420000 1.82754
21430000 1.83188
21440000 1.84146
21450000 1.83419
21460000 1.82449
21470000 1.83518
21480000 1.84102
21490000 1.83077
21500000 1.83096
21510000 1.83896
21520000 1.83761
21530000 1.8262
21540000 1.83369
21550000 1.84496
21560000 1.83307
21570000 1.82765
21580000 1.83825
21590000 1.84024
21600000 1.82908
21610000 1.83309
21620000 1.84414
21630000 1.83544
21640000 1.82695
21650000 1.83712
21660000 1.84236
21670000 1.83213
21680000 1.83242
21690000 1.84059
21700000 1.83911
21710000 1.82464
21720000 1.83608
21730000 1.84621
21740000 1.83464
21750000 1.82956
21760000 1.8397
21770000 1.84174
21780000 1.83058
21790000 1.83523
21800000 1.84612
21810000 1.83702
21820000 1.82817
21830000 1.83863
21840000 1.8439
21850000 1.83354
21860000 1.83442
21870000 1.84281
21880000 1.84023
21890000 1.82837
21900000 1.83869
21910000 1.8474
21920000 1.83624
21930000 1.83084
21940000 1.84203
21950000 1.84335
21960000 1.83205
21970000 1.8371
21980000 1.84796
21990000 1.83851
22000000 1.82983
22010000 1.84026
22020000 1.84548
22030000 1.83497
22040000 1.83557
22050000 1.84473
22060000 1.84146
22070000 1.83002
22080000 1.84205
22090000 1.84863
22100000 1.83767
22110000 1.83257
22120000 1.84518
22130000 1.84491
22140000 1.83357
22150000 1.83932
22160000 1.85221
22170000 1.8399
22180000 1.83136
22190000 1.84225
22200000 1.84708
22210000 1.8363
22220000 1.83882
22230000 1.84715
22240000 1.84268
22250000 1.83213
22260000 1.84328
22270000 1.84963
22280000 1.83916
22290000 1.83496
22300000 1.84681
22310000 1.84642
22320000 1.83373
22330000 1.84155
22340000 1.85359
22350000 1.84138
22360000 1.83319
22370000 1.84588
22380000 1.84844
22390000 1.83758
22400000 1.8431
22410000 1.84928
22420000 1.8443
22430000 1.83384
22440000 1.84557
22450000 1.85078
22460000 1.84068
22470000 1.83629
22480000 1.84854
22490000 1.84755
22500000 1.8321
22510000 1.84311
22520000 1.85491
22530000 1.8428
22540000 1.83599
22550000 1.8477
22560000 1.84991
22570000 1.8389
22580000 1.84314
22590000 1.85174
22600000 1.84561
22610000 1.83575
22620000 1.84642
22630000 1.85222
22640000 1.84209
22650000 1.84252
22660000 1.85023
22670000 1.84891
22680000 1.83522
22690000 1.84495
22700000 1.8562
22710000 1.84424
22720000 1.83883
22730000 1.84923
22740000 1.85139
22750000 1.84031
22760000 1.84445
22770000 1.8554
22780000 1.84666
22790000 1.83732
22800000 1.84778
22810000 1.85354
22820000 1.84338
22830000 1.84366
22840000 1.85155
22850000 1.85027
22860000 1.83665
22870000 1.84745
22880000 1.8574
22890000 1.84575
22900000 1.84035
22910000 1.8509
22920000 1.85277
22930000 1.84172
22940000 1.84682
22950000 1.85621
22960000 1.84805
22970000 1.83928
22980000 1.84945
22990000 1.85489
23000000 1.84467
23010000 1.84501
23020000 1.85323
23030000 1.85128
23040000 1.83874
23050000 1.84969
23060000 1.85851
23070000 1.84723
23080000 1.84187
23090000 1.85206
23100000 1.85428
23110000 1.84309
23120000 1.848
23130000 1.85924
23140000 1.84945
23150000 1.84082
23160000 1.85119
23170000 1.85634
23180000 1.84599
23190000 1.84666
23200000 1.85526
23210000 1.85252
23220000 1.84078
23230000 1.85258
23240000 1.85965
23250000 1.84865
23260000 1.84337
23270000 1.85604
23280000 1.85577
23290000 1.84448
23300000 1.84948
23310000 1.86304
23320000 1.85088
23330000 1.84229
23340000 1.85335
23350000 1.85784
23360000 1.84729
23370000 1.84955
23380000 1.85867
23390000 1.85355
23400000 1.84287
23410000 1.85383
23420000 1.86068
23430000 1.85003
23440000 1.84621
23450000 1.8577
23460000 1.85719
23470000 1.84593
23480000 1.85161
23490000 1.86437
23500000 1.85218
23510000 1.84397
23520000 1.85871
23530000 1.85919
23540000 1.84849
23550000 1.85385
23560000 1.85938
23570000 1.85499
23580000 1.84467
23590000 1.85539
23600000 1.8616
23610000 1.8514
23620000 1.84703
23630000 1.85903
23640000 1.85825
23650000 1.84135
23660000 1.85384
23670000 1.86564
23680000 1.85351
23690000 1.84541
23700000 1.85801
23710000 1.86054
23720000 1.84971
23730000 1.85374
23740000 1.86224
23750000 1.85632
23760000 1.84613
23770000 1.85729
23780000 1.8628
23790000 1.85277
23800000 1.84872
23810000 1.86083
23820000 1.8596
23830000 1.84435
23840000 1.85521
23850000 1.86683
23860000 1.85484
23870000 1.8498
23880000 1.85947
23890000 1.86196
23900000 1.85093
23910000 1.85521
23920000 1.86465
23930000 1.85747
23940000 1.84788
23950000 1.85842
23960000 1.86418
23970000 1.85406
23980000 1.85424
23990000 1.86211
24000000 1.86077
24010000 1.84854
24020000 1.85688
24030000 1.86799
24040000 1.85626
24050000 1.85089
24060000 1.86134
24070000 1.8633
24080000 1.85228
24090000 1.85623
24100000 1.86712
24110000 1.85853
24120000 1.85013
24130000 1.86016
24140000 1.86533
24150000 1.85522
24160000 1.85549
24170000 1.86355
24180000 1.86207
24190000 1.84793
24200000 1.85907
24210000 1.86906
24220000 1.85763
24230000 1.8526
24240000 1.8626
24250000 1.86461
24260000 1.85358
24270000 1.85816
24280000 1.8689
24290000 1.85991
24300000 1.85127
24310000 1.86148
24320000 1.86667
24330000 1.85644
24340000 1.85731
24350000 1.86557
24360000 1.86301
24370000 1.8513
24380000 1.86147
24390000 1.87006
24400000 1.85903
24410000 1.8537
24420000 1.86473
24430000 1.86603
24440000 1.85486
24450000 1.85984
24460000 1.87054
24470000 1.86121
24480000 1.85263
24490000 1.86292
24500000 1.86806
24510000 1.85768
24520000 1.85825
24530000 1.8673
24540000 1.86406
24550000 1.85275
24560000 1.86462
24570000 1.87111
24580000 1.86028
24590000 1.85524
24600000 1.86767
24610000 1.8674
24620000 1.85619
24630000 1.86186
24640000 1.87458
24650000 1.86242
24660000 1.85398
24670000 1.86472
24680000 1.86947
24690000 1.85882
24700000 1.86131
24710000 1.86952
24720000 1.86509
24730000 1.85467
24740000 1.86568
24750000 1.87191
24760000 1.86159
24770000 1.85743
24780000 1.86912
24790000 1.86872
24800000 1.85605
24810000 1.8639
24820000 1.87577
24830000 1.86371
24840000 1.85562
24850000 1.86813
24860000 1.87066
24870000 1.85993
24880000 1.86536
24890000 1.87145
24900000 1.86653
24910000 1.8562
24920000 1.86777
24930000 1.8729
24940000 1.86292
24950000 1.85858
24960000 1.87066
24970000 1.86967
24980000 1.85441
24990000 1.86527
25000000 1.87692
25010000 1.86494
25020000 1.85822
25030000 1.86977
25040000 1.87195
25050000 1.86106
25060000 1.86525
25070000 1.87372
25080000 1.86767
25090000 1.85792
25100000 1.86844
25110000 1.87416
25120000 1.86415
25130000 1.86457
25140000 1.87217
25150000 1.87086
25160000 1.85791
25170000 1.86694
25180000 1.87804
25190000 1.86622
25200000 1.86086
25210000 1.87112
25220000 1.87324
25230000 1.8623
25240000 1.86638
25250000 1.87718
25260000 1.86854
25270000 1.85931
25280000 1.86962
25290000 1.87531
25300000 1.86526
25310000 1.86554
25320000 1.87332
25330000 1.87205
25340000 1.85846
25350000 1.86924
25360000 1.87906
25370000 1.86754
25380000 1.8622
25390000 1.87261
25400000 1.87445
25410000 1.86353
25420000 1.86856
25430000 1.87782
25440000 1.86976
25450000 1.86109
25460000 1.87112
25470000 1.87649
25480000 1.86638
25490000 1.86671
25500000 1.87481
25510000 1.87289
25520000 1.86044
25530000 1.8713
25540000 1.88
25550000 1.86885
25560000 1.86355
25570000 1.8736
25580000 1.87579
25590000 1.86472
25600000 1.86958
25610000 1.88066
25620000 1.87099
25630000 1.86244
25640000 1.87269
25650000 1.87777
25660000 1.86754
25670000 1.86819
25680000 1.87667
25690000 1.87396
25700000 1.86235
25710000 1.874
25720000 1.88097
25730000 1.8701
25740000 1.86488
25750000 1.87739
25760000 1.87711
25770000 1.86595
25780000 1.87088
25790000 1.88426
25800000 1.87225
25810000 1.86375
25820000 1.87467
25830000 1.87909
25840000 1.86867
25850000 1.8709
25860000 1.87989
25870000 1.87483
25880000 1.86426
25890000 1.87509
25900000 1.88184
25910000 1.87131
25920000 1.86753
25930000 1.87887
25940000 1.87836
25950000 1.86723
25960000 1.87283
25970000 1.88542
25980000 1.87338
25990000 1.86526
26000000 1.87982
26010000 1.88028
26020000 1.8697
26030000 1.87498
26040000 1.88044
26050000 1.8761
26060000 1.86589
26070000 1.87648
26080000 1.8826
26090000 1.87252
26100000 1.86819
26110000 1.88003
26120000 1.87926
26130000 1.86255
26140000 1.87489
26150000 1.88654
26160000 1.87454
26170000 1.86653
26180000 1.87897
26190000 1.88146
26200000 1.87076
26210000 1.87473
26220000 1.88312
26230000 1.87726
26240000 1.86719
26250000 1.8782
26260000 1.88364
26270000 1.87373
26280000 1.86971
26290000 1.88167
26300000 1.88045
26310000 1.86536
26320000 1.87609
26330000 1.88757
26340000 1.87571
26350000 1.87072
26360000 1.88027
26370000 1.88272
26380000 1.87182
26390000 1.87605
26400000 1.88536
26410000 1.87826
26420000 1.86877
26430000 1.87917
26440000 1.88486
26450000 1.87484
26460000 1.87502
26470000 1.88279
26480000 1.88146
26490000 1.86951
26500000 1.8776
26510000 1.88858
26520000 1.87697
26530000 1.87165
26540000 1.88198
26550000 1.8839
26560000 1.873
26570000 1.8769
26580000 1.88766
26590000 1.87916
26600000 1.87085
26610000 1.88075
26620000 1.88585
26630000 1.87586
26640000 1.87611
26650000 1.88407
26660000 1.88256
26670000 1.86863
26680000 1.87962
26690000 1.88949
26700000 1.87819
26710000 1.87321
26720000 1.88308
26730000 1.88505
26740000 1.87415
26750000 1.87867
26760000 1.88928
26770000 1.88038
26780000 1.87182
26790000 1.88191
26800000 1.88704
26810000 1.87692
26820000 1.87777
26830000 1.88593
26840000 1.88339
26850000 1.8718
26860000 1.88184
26870000 1.89034
26880000 1.87943
26890000 1.87415
26900000 1.88504
26910000 1.88631
26920000 1.87526
26930000 1.88019
26940000 1.89076
26950000 1.88153
26960000 1.87304
26970000 1.88319
26980000 1.88827
26990000 1.87801
27000000 1.87856
27010000 1.88749
27020000 1.88429
27030000 1.8731
27040000 1.88483
27050000 1.89123
27060000 1.88053
27070000 1.87553
27080000 1.88782
27090000 1.88754
27100000 1.87645
27110000 1.88205
27120000 1.89461
27130000 1.88258
27140000 1.87423
27150000 1.88484
27160000 1.88953
27170000 1.87899
27180000 1.88146
27190000 1.88956
27200000 1.88518
27210000 1.87486
27220000 1.88574
27230000 1.89189
27240000 1.88168
27250000 1.87756
27260000 1.88911
27270000 1.88852
27280000 1.87604
27290000 1.88392
27300000 1.89566
27310000 1.88373
27320000 1.87572
27330000 1.88808
27340000 1.89057
27350000 1.87995
27360000 1.88532
27370000 1.89133
27380000 1.88638
27390000 1.87623
27400000 1.88767
27410000 1.89273
27420000 1.88287
27430000 1.87855
27440000 1.8905
27450000 1.88952
27460000 1.87441
27470000 1.88515
27480000 1.89666
27490000 1.8848
27500000 1.87815
27510000 1.88956
27520000 1.89171
27530000 1.88094
27540000 1.88508
27550000 1.89345
27560000 1.88745
27570000 1.8778
27580000 1.88819
27590000 1.89385
27600000 1.88394
27610000 1.88435
27620000 1.89185
27630000 1.89056
27640000 1.8757
27650000 1.88667
27660000 1.89762
27670000 1.88594
27680000 1.88064
27690000 1.89077
27700000 1.89286
27710000 1.88203
27720000 1.88607
27730000 1.89674
27740000 1.88819
27750000 1.87905
27760000 1.88924
27770000 1.89482
27780000 1.88491
27790000 1.88518
27800000 1.89287
27810000 1.8916
27820000 1.87747
27830000 1.88881
27840000 1.89852
27850000 1.88712
27860000 1.88183
27870000 1.89211
27880000 1.89393
27890000 1.88312
27900000 1.88809
27910000 1.89724
27920000 1.88926
27930000 1.88068
27940000 1.89059
27950000 1.89589
27960000 1.88589
27970000 1.88621
27980000 1.89422
27990000 1.89231
28000000 1.87995
28010000 1.89072
28020000 1.89932
28030000 1.88829
28040000 1.88304
28050000 1.89297
28060000 1.89511
28070000 1.88417
28080000 1.88897
28090000 1.89992
28100000 1.89035
28110000 1.88189
28120000 1.89201
28130000 1.89703
28140000 1.88691
28150000 1.88755
28160000 1.89593
28170000 1.89324
28180000 1.88174
28190000 1.89327
28200000 1.90016
28210000 1.88938
28220000 1.88421
28230000 1.89659
28240000 1.89631
28250000 1.88526
28260000 1.89013
28270000 1.90336
28280000 1.89147
28290000 1.88305
28300000 1.89384
28310000 1.89822
28320000 1.8879
28330000 1.8901
28340000 1.89899
28350000 1.89397
28360000 1.88351
28370000 1.89422
28380000 1.90089
28390000 1.89047
28400000 1.88672
28410000 1.89793
28420000 1.89742
28430000 1.8864
28440000 1.89193
28450000 1.90438
28460000 1.89247
28470000 1.88442
28480000 1.89882
28490000 1.89927
28500000 1.88878
28510000 1.89402
28520000 1.89941
28530000 1.8951
28540000 1.885
28550000 1.89547
28560000 1.90151
28570000 1.89154
28580000 1.88725
28590000 1.89896
28600000 1.89818
28610000 1.88164
28620000 1.89384
28630000 1.90537
28640000 1.8935
28650000 1.88556
28660000 1.89784
28670000 1.90032
28680000 1.88972
28690000 1.89364
28700000 1.90193
28710000 1.89613
28720000 1.88616
28730000 1.89706
28740000 1.90242
28750000 1.89261
28760000 1.88863
28770000 1.90045
28780000 1.89924
28790000 1.88418
28800000 1.89492
28810000 1.90626
28820000 1.89453
28830000 1.88958
28840000 1.89903
28850000 1.90144
28860000 1.89065
28870000 1.89483
28880000 1.90403
28890000 1.897
28900000 1.8876
28910000 1.89789
28920000 1.90351
28930000 1.8936
28940000 1.89376
28950000 1.90144
28960000 1.90012
28970000 1.88752
28980000 1.89629
28990000 1.90714
29000000 1.89565
29010000 1.89038
29020000 1.90059
29030000 1.90249
29040000 1.8917
29050000 1.89556
29060000 1.90619
29070000 1.89777
29080000 1.88955
29090000 1.89933
29100000 1.90438
29110000 1.89448
29120000 1.89473
29130000 1.90259
29140000 1.90103
29150000 1.88815
29160000 1.89817
29170000 1.90793
29180000 1.89674
29190000 1.8918
29200000 1.90156
29210000 1.90351
29220000 1.89272
29230000 1.89719
29240000 1.90767
29250000 1.89886
29260000 1.89039
29270000 1.90037
29280000 1.90544
29290000 1.89541
29300000 1.89626
29310000 1.90431
29320000 1.9018
29330000 1.89032
29340000 1.90191
29350000 1.90865
29360000 1.89786
29370000 1.89262
29380000 1.9034
29390000 1.90465
29400000 1.8937
29410000 1.89858
29420000 1.90903
29430000 1.89989
29440000 1.89148
29450000 1.90152
29460000 1.90654
29470000 1.89638
29480000 1.89692
29490000 1.90575
29500000 1.90257
29510000 1.89149
29520000 1.9031
29530000 1.90943
29540000 1.89882
29550000 1.89387
29560000 1.90602
29570000 1.90574
29580000 1.89476
29590000 1.9003
29600000 1.91272
29610000 1.90081
29620000 1.89254
29630000 1.90303
29640000 1.90766
29650000 1.89723
29660000 1.89967
29670000 1.90768
29680000 1.90334
29690000 1.89312
29700000 1.90388
29710000 1.90996
29720000 1.89986
29730000 1.89577
29740000 1.90719
29750000 1.9066
29760000 1.89416
29770000 1.90204
29780000 1.91365
29790000 1.90184
29800000 1.8939
29810000 1.90613
29820000 1.90859
29830000 1.89807
29840000 1.90337
29850000 1.90933
29860000 1.90442
29870000 1.89437
29880000 1.90568
29890000 1.91069
29900000 1.90092
29910000 1.89664
29920000 1.90846
29930000 1.90748
29940000 1.89251
29950000 1.90314
29960000 1.91453
29970000 1.90277
29980000 1.8962
29990000 1.90748
30000000 1.90961
