10000 21.093
20000 16.7143
30000 14.6467
40000 11.5762
50000 10.0603
60000 9.18489
70000 8.34866
80000 7.39112
90000 6.60845
100000 6.22405
110000 5.69605
120000 5.16183
130000 4.89174
140000 4.58118
150000 4.12026
160000 3.85833
170000 3.76493
180000 3.62819
190000 3.45793
200000 3.30873
210000 3.25779
220000 3.04522
230000 2.92673
240000 2.86533
250000 2.8179
260000 2.73719
270000 2.66433
280000 2.63219
290000 2.55832
300000 2.50287
310000 2.46091
320000 2.43718
330000 2.38979
340000 2.35083
350000 2.32375
360000 2.27894
370000 2.25169
380000 2.22723
390000 2.20567
400000 2.16981
410000 2.14987
420000 2.1301
430000 2.10265
440000 2.0748
450000 2.05894
460000 2.04184
470000 2.01375
480000 2.00218
490000 1.98904
500000 1.96867
510000 1.94392
520000 1.93272
530000 1.92142
540000 1.8965
550000 1.89064
560000 1.88525
570000 1.86399
580000 1.8422
590000 1.83831
600000 1.83006
610000 1.81248
620000 1.80318
630000 1.79966
640000 1.78415
650000 1.76402
660000 1.76297
670000 1.75865
680000 1.74455
690000 1.73272
700000 1.73156
710000 1.72226
720000 1.70157
730000 1.703
740000 1.70481
750000 1.68922
760000 1.67462
770000 1.67756
780000 1.67347
790000 1.65697
800000 1.65372
810000 1.65826
820000 1.64446
830000 1.62837
840000 1.63329
850000 1.63343
860000 1.61872
870000 1.61189
880000 1.61598
890000 1.6094
900000 1.59122
910000 1.59926
920000 1.60237
930000 1.58694
940000 1.57545
950000 1.58465
960000 1.58104
970000 1.56521
980000 1.56554
990000 1.57687
1000000 1.56013
1010000 1.54601
1020000 1.55479
1030000 1.5566
1040000 1.54236
1050000 1.54015
1060000 1.54751
1070000 1.53888
1080000 1.52321
1090000 1.5327
1100000 1.53758
1110000 1.5236
1120000 1.51531
1130000 1.52574
1140000 1.52275
1150000 1.5073
1160000 1.51071
1170000 1.52307
1180000 1.50698
1190000 1.4937
1200000 1.50962
1210000 1.5081
1220000 1.49336
1230000 1.49367
1240000 1.50121
1250000 1.49457
1260000 1.47947
1270000 1.49073
1280000 1.49632
1290000 1.48241
1300000 1.47478
1310000 1.48716
1320000 1.48516
1330000 1.46215
1340000 1.47536
1350000 1.48869
1360000 1.47244
1370000 1.46058
1380000 1.47452
1390000 1.47627
1400000 1.46178
1410000 1.46489
1420000 1.47405
1430000 1.46558
1440000 1.45124
1450000 1.46392
1460000 1.46943
1470000 1.45617
1480000 1.4496
1490000 1.46303
1500000 1.46078
1510000 1.44022
1520000 1.4528
1530000 1.46622
1540000 1.45048
1550000 1.44303
1560000 1.45393
1570000 1.45623
1580000 1.44138
1590000 1.4456
1600000 1.45658
1610000 1.44684
1620000 1.4335
1630000 1.44616
1640000 1.4528
1650000 1.43925
1660000 1.43817
1670000 1.44749
1680000 1.4453
1690000 1.43031
1700000 1.43865
1710000 1.45225
1720000 1.43663
1730000 1.42907
1740000 1.44159
1750000 1.44364
1760000 1.42889
1770000 1.43325
1780000 1.4464
1790000 1.43504
1800000 1.42352
1810000 1.43603
1820000 1.44235
1830000 1.42894
1840000 1.42854
1850000 1.43841
1860000 1.43616
1870000 1.4172
1880000 1.43157
1890000 1.44373
1900000 1.42864
1910000 1.42173
1920000 1.43412
1930000 1.43643
1940000 1.42176
1950000 1.4273
1960000 1.44065
1970000 1.42887
1980000 1.41705
1990000 1.43034
2000000 1.43685
2010000 1.42332
2020000 1.42394
2030000 1.43384
2040000 1.43106
2050000 1.41552
2060000 1.42845
2070000 1.43944
2080000 1.42486
2090000 1.41779
2100000 1.4318
2110000 1.43338
2120000 1.41853
2130000 1.42486
2140000 1.43852
2150000 1.42628
2160000 1.41481
2170000 1.42832
2180000 1.43497
2190000 1.42128
2200000 1.4217
2210000 1.43375
2220000 1.4293
2230000 1.41428
2240000 1.42964
2250000 1.43822
2260000 1.42408
2270000 1.41743
2280000 1.43349
2290000 1.43314
2300000 1.41833
2310000 1.42569
2320000 1.44235
2330000 1.42643
2340000 1.41515
2350000 1.42949
2360000 1.43575
2370000 1.42171
2380000 1.4249
2390000 1.43581
2400000 1.42998
2410000 1.41613
2420000 1.43065
2430000 1.43914
2440000 1.42547
2450000 1.42009
2460000 1.43541
2470000 1.43503
2480000 1.4201
2490000 1.42863
2500000 1.44438
2510000 1.42856
2520000 1.41797
2530000 1.43457
2540000 1.43805
2550000 1.42401
2560000 1.43108
2570000 1.43934
2580000 1.433
2590000 1.4195
2600000 1.43479
2610000 1.44176
2620000 1.42865
2630000 1.42313
2640000 1.43905
2650000 1.43793
2660000 1.41813
2670000 1.43235
2680000 1.44777
2690000 1.43217
2700000 1.42374
2710000 1.43883
2720000 1.44191
2730000 1.42771
2740000 1.43328
2750000 1.44469
2760000 1.43687
2770000 1.4242
2780000 1.43846
2790000 1.44604
2800000 1.43294
2810000 1.43401
2820000 1.44385
2830000 1.44239
2840000 1.42495
2850000 1.43745
2860000 1.45229
2870000 1.43694
2880000 1.43025
2890000 1.44377
2900000 1.44684
2910000 1.43258
2920000 1.43811
2930000 1.45253
2940000 1.4414
2950000 1.42945
2960000 1.44322
2970000 1.45112
2980000 1.43815
2990000 1.43855
3000000 1.44909
3010000 1.44764
3020000 1.43105
3030000 1.44428
3040000 1.45752
3050000 1.44256
3060000 1.43593
3070000 1.44971
3080000 1.45248
3090000 1.43825
3100000 1.4451
3110000 1.45739
3120000 1.44708
3130000 1.43594
3140000 1.44946
3150000 1.45679
3160000 1.44375
3170000 1.44442
3180000 1.45538
3190000 1.45329
3200000 1.4372
3210000 1.45007
3220000 1.4631
3230000 1.44872
3240000 1.44224
3250000 1.45551
3260000 1.45861
3270000 1.44439
3280000 1.45098
3290000 1.46568
3300000 1.4534
3310000 1.44247
3320000 1.45608
3330000 1.46312
3340000 1.45001
3350000 1.45098
3360000 1.46261
3370000 1.45923
3380000 1.44438
3390000 1.45966
3400000 1.46915
3410000 1.45526
3420000 1.44886
3430000 1.46529
3440000 1.46523
3450000 1.45095
3460000 1.45761
3470000 1.47535
3480000 1.45994
3490000 1.4492
3500000 1.46384
3510000 1.46986
3520000 1.45651
3530000 1.45957
3540000 1.47177
3550000 1.46539
3560000 1.45191
3570000 1.46615
3580000 1.47544
3590000 1.46196
3600000 1.45746
3610000 1.47238
3620000 1.47203
3630000 1.45783
3640000 1.46533
3650000 1.48202
3660000 1.46668
3670000 1.4561
3680000 1.47562
3690000 1.47674
3700000 1.46318
3710000 1.46672
3720000 1.4777
3730000 1.47231
3740000 1.45931
3750000 1.4733
3760000 1.48171
3770000 1.46884
3780000 1.46367
3790000 1.47916
3800000 1.47858
3810000 1.45742
3820000 1.47279
3830000 1.48875
3840000 1.47354
3850000 1.46359
3860000 1.47994
3870000 1.48345
3880000 1.46993
3890000 1.47525
3900000 1.4865
3910000 1.47925
3920000 1.46654
3930000 1.48095
3940000 1.48842
3950000 1.47584
3960000 1.4711
3970000 1.48647
3980000 1.48548
3990000 1.46654
4000000 1.48038
4010000 1.49547
4020000 1.48058
4030000 1.47452
4040000 1.48705
4050000 1.49049
4060000 1.47674
4070000 1.48241
4080000 1.49482
4090000 1.48592
4100000 1.47404
4110000 1.48771
4120000 1.49542
4130000 1.48281
4140000 1.48323
4150000 1.49365
4160000 1.49224
4170000 1.47866
4180000 1.4878
4190000 1.50226
4200000 1.48762
4210000 1.48125
4220000 1.4947
4230000 1.49745
4240000 1.48378
4250000 1.48905
4260000 1.5031
4270000 1.49255
4280000 1.48222
4290000 1.49524
4300000 1.50218
4310000 1.48961
4320000 1.49029
4330000 1.50077
4340000 1.49917
4350000 1.48161
4360000 1.49605
4370000 1.50882
4380000 1.49465
4390000 1.48873
4400000 1.50159
4410000 1.50435
4420000 1.49076
4430000 1.49678
4440000 1.5106
4450000 1.49955
4460000 1.48889
4470000 1.5022
4480000 1.50904
4490000 1.49642
4500000 1.49774
4510000 1.50789
4520000 1.50561
4530000 1.49127
4540000 1.50419
4550000 1.5153
4560000 1.50169
4570000 1.49544
4580000 1.50948
4590000 1.51139
4600000 1.49764
4610000 1.50414
4620000 1.51787
4630000 1.50643
4640000 1.49602
4650000 1.50926
4660000 1.51598
4670000 1.50323
4680000 1.50419
4690000 1.51598
4700000 1.5121
4710000 1.49826
4720000 1.51322
4730000 1.52176
4740000 1.50855
4750000 1.50259
4760000 1.51833
4770000 1.51827
4780000 1.50453
4790000 1.51184
4800000 1.52806
4810000 1.51318
4820000 1.50292
4830000 1.51671
4840000 1.52289
4850000 1.50985
4860000 1.51316
4870000 1.52381
4880000 1.51851
4890000 1.50577
4900000 1.5197
4910000 1.52797
4920000 1.51525
4930000 1.51043
4940000 1.52523
4950000 1.52504
4960000 1.51106
4970000 1.51948
4980000 1.53461
4990000 1.51984
5000000 1.51011
5010000 1.52594
5020000 1.52938
5030000 1.51632
5040000 1.52321
5050000 1.53122
5060000 1.52536
5070000 1.51295
5080000 1.52738
5090000 1.53413
5100000 1.52194
5110000 1.51691
5120000 1.53212
5130000 1.53119
5140000 1.51273
5150000 1.52621
5160000 1.54095
5170000 1.52637
5180000 1.51844
5190000 1.53292
5200000 1.53591
5210000 1.52269
5220000 1.52805
5230000 1.53895
5240000 1.53166
5250000 1.51993
5260000 1.53337
5270000 1.54058
5280000 1.52839
5290000 1.52931
5300000 1.5389
5310000 1.53756
5320000 1.52131
5330000 1.53315
5340000 1.54717
5350000 1.53282
5360000 1.52657
5370000 1.53944
5380000 1.54234
5390000 1.52907
5400000 1.53431
5410000 1.54798
5420000 1.53757
5430000 1.52644
5440000 1.53941
5450000 1.5468
5460000 1.5347
5470000 1.53517
5480000 1.54511
5490000 1.54377
5500000 1.52832
5510000 1.54076
5520000 1.55321
5530000 1.53923
5540000 1.53301
5550000 1.54603
5560000 1.54864
5570000 1.53536
5580000 1.54175
5590000 1.55344
5600000 1.54376
5610000 1.53336
5620000 1.546
5630000 1.55286
5640000 1.54066
5650000 1.54134
5660000 1.55161
5670000 1.54963
5680000 1.53461
5690000 1.54671
5700000 1.55894
5710000 1.54547
5720000 1.53933
5730000 1.55186
5740000 1.55477
5750000 1.54148
5760000 1.54761
5770000 1.56147
5780000 1.54993
5790000 1.5397
5800000 1.55241
5810000 1.55898
5820000 1.54669
5830000 1.54766
5840000 1.55846
5850000 1.55531
5860000 1.54141
5870000 1.55575
5880000 1.56459
5890000 1.55158
5900000 1.5455
5910000 1.56097
5920000 1.56088
5930000 1.54751
5940000 1.55371
5950000 1.57032
5960000 1.55588
5970000 1.5458
5980000 1.55944
5990000 1.56505
6000000 1.55254
6010000 1.55542
6020000 1.56677
6030000 1.56079
6040000 1.54815
6050000 1.56147
6060000 1.5701
6070000 1.55745
6080000 1.55315
6090000 1.56717
6100000 1.56679
6110000 1.55348
6120000 1.56046
6130000 1.57607
6140000 1.56166
6150000 1.55207
6160000 1.56995
6170000 1.57093
6180000 1.55821
6190000 1.56147
6200000 1.57173
6210000 1.56664
6220000 1.55446
6230000 1.56751
6240000 1.57529
6250000 1.56322
6260000 1.55828
6270000 1.57282
6280000 1.57215
6290000 1.55229
6300000 1.56672
6310000 1.58163
6320000 1.56732
6330000 1.55791
6340000 1.57321
6350000 1.57643
6360000 1.56371
6370000 1.56866
6380000 1.57915
6390000 1.5723
6400000 1.56034
6410000 1.5738
6420000 1.5807
6430000 1.56889
6440000 1.56434
6450000 1.57874
6460000 1.57775
6470000 1.55988
6480000 1.57289
6490000 1.58698
6500000 1.57295
6510000 1.56714
6520000 1.5789
6530000 1.58206
6540000 1.5691
6550000 1.57436
6560000 1.58595
6570000 1.57755
6580000 1.56634
6590000 1.57911
6600000 1.58623
6610000 1.57436
6620000 1.57473
6630000 1.58441
6640000 1.58302
6650000 1.57019
6660000 1.57875
6670000 1.59225
6680000 1.57844
6690000 1.57234
6700000 1.58495
6710000 1.58748
6720000 1.57458
6730000 1.57944
6740000 1.59264
6750000 1.58264
6760000 1.57284
6770000 1.58501
6780000 1.59142
6790000 1.57956
6800000 1.58013
6810000 1.58989
6820000 1.58833
6830000 1.57173
6840000 1.58514
6850000 1.59722
6860000 1.58383
6870000 1.57814
6880000 1.59021
6890000 1.59274
6900000 1.57989
6910000 1.58547
6920000 1.59844
6930000 1.58796
6940000 1.57784
6950000 1.59027
6960000 1.59663
6970000 1.58468
6980000 1.58587
6990000 1.5953
7000000 1.59311
7010000 1.57952
7020000 1.59166
7030000 1.60203
7040000 1.58915
7050000 1.58312
7060000 1.59633
7070000 1.59806
7080000 1.58505
7090000 1.59108
7100000 1.60397
7110000 1.59311
7120000 1.58321
7130000 1.59559
7140000 1.60185
7150000 1.58977
7160000 1.59062
7170000 1.6016
7180000 1.5979
7190000 1.58478
7200000 1.59886
7210000 1.60678
7220000 1.59426
7230000 1.58851
7240000 1.60332
7250000 1.60319
7260000 1.59017
7270000 1.597
7280000 1.61221
7290000 1.59811
7300000 1.58834
7310000 1.60124
7320000 1.607
7330000 1.59464
7340000 1.59769
7350000 1.60763
7360000 1.60257
7370000 1.59049
7380000 1.60358
7390000 1.61126
7400000 1.5992
7410000 1.59453
7420000 1.60847
7430000 1.6082
7440000 1.59481
7450000 1.60282
7460000 1.617
7470000 1.603
7480000 1.59371
7490000 1.6086
7500000 1.61176
7510000 1.59935
7520000 1.60581
7530000 1.61326
7540000 1.60766
7550000 1.59587
7560000 1.60944
7570000 1.6157
7580000 1.60413
7590000 1.59927
7600000 1.6136
7610000 1.61263
7620000 1.59504
7630000 1.60783
7640000 1.62165
7650000 1.60778
7660000 1.60015
7670000 1.61383
7680000 1.61656
7690000 1.60399
7700000 1.609
7710000 1.61921
7720000 1.61225
7730000 1.60107
7740000 1.61373
7750000 1.62044
7760000 1.60885
7770000 1.60959
7780000 1.61864
7790000 1.61728
7800000 1.60179
7810000 1.61299
7820000 1.62618
7830000 1.61251
7840000 1.60648
7850000 1.61863
7860000 1.62129
7870000 1.60866
7880000 1.61355
7890000 1.62643
7900000 1.61649
7910000 1.60587
7920000 1.61809
7930000 1.62498
7940000 1.61345
7950000 1.61383
7960000 1.62315
7970000 1.62182
7980000 1.60707
7990000 1.61884
8000000 1.63056
8010000 1.61722
8020000 1.61122
8030000 1.62352
8040000 1.62592
8050000 1.61327
8060000 1.61925
8070000 1.63028
8080000 1.62101
8090000 1.61107
8100000 1.62297
8110000 1.6294
8120000 1.61776
8130000 1.61834
8140000 1.62798
8150000 1.62602
8160000 1.61169
8170000 1.62315
8180000 1.63467
8190000 1.62182
8200000 1.61587
8210000 1.62773
8220000 1.63042
8230000 1.61773
8240000 1.62348
8250000 1.63658
8260000 1.62554
8270000 1.61573
8280000 1.62773
8290000 1.63389
8300000 1.62215
8310000 1.62303
8320000 1.63316
8330000 1.63012
8340000 1.61683
8350000 1.63044
8360000 1.63874
8370000 1.6263
8380000 1.62041
8390000 1.63508
8400000 1.63492
8410000 1.62213
8420000 1.62797
8430000 1.64369
8440000 1.62989
8450000 1.62023
8460000 1.6331
8470000 1.63838
8480000 1.62642
8490000 1.6291
8500000 1.63979
8510000 1.63404
8520000 1.62196
8530000 1.63459
8540000 1.6427
8550000 1.63059
8560000 1.6264
8570000 1.63971
8580000 1.63927
8590000 1.62654
8600000 1.63312
8610000 1.6479
8620000 1.6341
8630000 1.62489
8640000 1.64186
8650000 1.6427
8660000 1.63054
8670000 1.63358
8680000 1.64326
8690000 1.63835
8700000 1.6267
8710000 1.63908
8720000 1.64639
8730000 1.63483
8740000 1.63002
8750000 1.64384
8760000 1.64311
8770000 1.62408
8780000 1.63784
8790000 1.65197
8800000 1.63825
8810000 1.62921
8820000 1.64373
8830000 1.64673
8840000 1.63454
8850000 1.63921
8860000 1.64911
8870000 1.64248
8880000 1.63105
8890000 1.64384
8900000 1.65032
8910000 1.639
8920000 1.63457
8930000 1.64827
8940000 1.64724
8950000 1.6301
8960000 1.6425
8970000 1.65587
8980000 1.64241
8990000 1.63678
9000000 1.64795
9010000 1.6509
9020000 1.63848
9030000 1.64344
9040000 1.65442
9050000 1.64634
9060000 1.63557
9070000 1.64771
9080000 1.65442
9090000 1.64303
9100000 1.64333
9110000 1.6525
9120000 1.65108
9130000 1.63876
9140000 1.64691
9150000 1.65971
9160000 1.64647
9170000 1.64056
9180000 1.65256
9190000 1.65491
9200000 1.64253
9210000 1.64711
9220000 1.65967
9230000 1.65004
9240000 1.64062
9250000 1.65218
9260000 1.6582
9270000 1.64683
9280000 1.64731
9290000 1.65657
9300000 1.65502
9310000 1.63907
9320000 1.65186
9330000 1.66335
9340000 1.65048
9350000 1.64495
9360000 1.65645
9370000 1.65882
9380000 1.64646
9390000 1.65174
9400000 1.66409
9410000 1.654
9420000 1.64426
9430000 1.65607
9440000 1.6621
9450000 1.65061
9460000 1.65169
9470000 1.66063
9480000 1.65847
9490000 1.64539
9500000 1.65699
9510000 1.66685
9520000 1.65446
9530000 1.64859
9540000 1.6612
9550000 1.66281
9560000 1.65029
9570000 1.65601
9580000 1.6683
9590000 1.65784
9600000 1.64829
9610000 1.66008
9620000 1.66601
9630000 1.65438
9640000 1.65515
9650000 1.66557
9660000 1.66199
9670000 1.64936
9680000 1.66283
9690000 1.67034
9700000 1.65828
9710000 1.65268
9720000 1.66685
9730000 1.66666
9740000 1.65412
9750000 1.66062
9760000 1.67514
9770000 1.66153
9780000 1.65213
9790000 1.66443
9800000 1.6699
9810000 1.65798
9820000 1.66087
9830000 1.67033
9840000 1.66543
9850000 1.65379
9860000 1.66631
9870000 1.67359
9880000 1.66197
9890000 1.65742
9900000 1.67074
9910000 1.67043
9920000 1.65738
9930000 1.66518
9940000 1.67872
9950000 1.66523
9960000 1.65625
9970000 1.67049
9980000 1.67346
9990000 1.66149
10000000 1.66766
