1 576.186
2 625.761
3 345.885
4 312.693
5 245.56
6 215.972
7 227.268
8 183.593
9 178.68
10 133.772
11 122.334
12 114.797
13 108.419
14 106.732
15 84.9944
16 82.9481
17 77.8212
18 72.336
19 71.9469
20 63.3062
21 62.9976
22 59.0303
23 55.5554
24 51.9378
25 50.0211
26 50.314
27 45.1163
28 45.2094
29 41.3647
30 38.3405
31 42.1268
32 36.5669
33 37.1527
34 32.3189
35 31.405
36 30.5111
37 29.2737
38 31.1816
39 25.1116
40 26.5528
41 24.7574
42 22.9759
43 27.5355
44 20.3478
45 23.0373
46 19.7249
47 20.3301
48 16.9651
49 16.2222
50 21.1114
51 15.7281
52 18.3029
53 13.7949
54 12.829
55 21.0302
56 13.2858
57 17.4242
58 11.2723
59 13.2687
60 11.6782
61 11.1274
62 17.0104
63 9.36069
64 13.5509
65 10.2242
66 10.2137
67 17.9717
68 8.24382
69 14.2795
70 8.83995
71 11.6086
72 7.6397
73 7.05665
74 15.215
75 7.78121
76 12.3997
77 6.80151
78 7.54363
79 17.2564
80 7.62557
81 13.6366
82 6.64533
83 10.1993
84 7.07589
85 6.58543
86 14.5705
87 6.04733
88 11.6159
89 6.66272
90 7.58413
91 16.7202
92 5.74453
93 13.1572
94 6.36561
95 10.2524
96 5.90705
97 5.63607
98 14.3686
99 6.26673
100 11.6718
101 5.81239
102 7.12799
103 16.7631
104 5.83032
105 13.1949
106 5.81047
107 10.0428
108 6.05764
109 5.96598
110 14.3343
111 5.59781
112 11.6515
113 6.0062
114 7.47266
115 16.7384
116 5.45557
117 13.178
118 5.94737
119 10.1782
120 5.9653
121 5.53511
122 14.4425
123 5.78522
124 11.7781
125 5.72564
126 7.59462
127 10.494
128 5.60027
129 13.3151
130 5.78231
131 10.1994
132 5.8557
133 5.62089
134 14.5664
135 5.75184
136 11.9356
137 5.9054
138 7.99527
139 6.80502
140 5.56443
141 13.3822
142 5.85622
143 10.3208
144 5.74027
145 5.48086
146 14.7492
147 5.57042
148 12.0815
149 6.4032
150 8.28958
151 6.46379
152 5.48253
153 13.4581
154 5.89463
155 10.447
156 5.77581
157 6.17369
158 14.9556
159 5.60342
160 12.1691
161 5.88608
162 8.67922
163 6.00506
164 5.43044
165 13.5174
166 5.9695
167 10.5859
168 5.82863
169 5.61539
170 15.2132
171 5.52747
172 12.1911
173 5.80141
174 9.09593
175 5.90946
176 5.4617
177 13.6107
178 5.80351
179 10.6874
180 6.03435
181 5.60914
182 15.4694
183 5.6086
184 12.3059
185 5.90335
186 9.28613
187 5.93716
188 5.4488
189 13.6844
190 5.76366
191 10.8219
192 5.74432
193 6.72174
194 15.6823
195 5.61196
196 12.4855
197 5.87726
198 9.4938
199 5.97387
200 5.45178
201 13.7566
202 5.82873
203 10.9646
204 5.74264
205 6.82005
206 15.8759
207 6.119
208 12.6541
209 6.15165
210 9.71525
211 5.92931
212 5.47365
213 13.869
214 5.68314
215 11.174
216 5.73236
217 6.95222
218 16.1022
219 5.63925
220 12.7732
221 5.85203
222 9.84405
223 5.86842
224 5.54497
225 14.0155
226 5.83689
227 11.3319
228 5.77589
229 7.14972
230 16.3121
231 5.47079
232 12.9135
233 5.76524
234 9.93673
235 5.77475
236 5.70372
237 14.1331
238 5.59375
239 11.5151
240 5.83525
241 7.39656
242 16.4903
243 5.48099
244 13.058
245 5.8014
246 10.0486
247 5.97722
248 5.49583
249 14.2873
250 5.59658
251 11.6859
252 5.79541
253 7.68657
254 6.61522
255 5.4504
256 13.2147
257 5.77952
258 10.2065
259 5.7479
260 5.49733
261 14.4762
262 5.58037
263 11.9097
264 5.83817
265 8.00876
266 6.83366
267 5.56678
268 13.3243
269 5.80294
270 10.3027
271 5.73168
272 5.63274
273 14.7221
274 5.51625
275 12.0194
276 5.75987
277 8.41164
278 6.40727
279 5.43417
280 13.4367
281 5.79078
282 10.444
283 5.7391
284 5.56777
285 14.9731
286 5.59981
287 12.1499
288 5.85293
289 8.81512
290 5.98897
291 5.40963
292 13.5131
293 5.7727
294 10.5925
295 5.73227
296 5.92778
297 15.2175
298 5.53864
299 12.2002
300 5.78914
301 9.14485
302 5.88088
303 5.44437
304 13.5902
305 5.7274
306 10.7034
307 6.03031
308 5.79296
309 15.4904
310 5.58609
311 12.3225
312 5.8222
313 9.35692
314 5.92226
315 5.41938
316 13.6923
317 5.74386
318 10.8619
319 5.74042
320 6.73153
321 15.7241
322 5.45072
323 12.5205
324 5.98043
325 9.5661
326 5.81821
327 5.4163
328 13.8086
329 5.804
330 11.0058
331 5.76786
332 6.84098
333 15.939
334 5.53038
335 12.6733
336 6.11958
337 9.72821
338 5.84299
339 5.46562
340 13.9131
341 5.80474
342 11.209
343 5.73209
344 7.00946
345 16.1599
346 5.6574
347 12.8182
348 5.84553
349 9.87771
350 5.85758
351 5.43749
352 14.0336
353 5.75287
354 11.3767
355 5.77926
356 7.20719
357 16.3651
358 5.54882
359 12.9559
360 5.7613
361 9.99984
362 5.7632
363 5.52017
364 14.1822
365 5.67079
366 11.5622
367 5.8271
368 7.44174
369 16.573
370 5.47404
371 13.1128
372 5.88264
373 10.1074
374 5.76272
375 5.43882
376 14.387
377 5.6075
378 11.7677
379 5.79406
380 7.78636
381 5.94115
382 5.44568
383 13.2716
384 5.80489
385 10.2232
386 5.74164
387 5.5014
388 14.5664
389 5.57989
390 11.9566
391 6.25919
392 8.13541
393 7.59939
394 5.42974
395 13.3785
396 5.77692
397 10.3659
398 5.73753
399 5.67172
400 14.7971
401 5.51178
402 12.1041
403 5.75672
404 8.48567
405 7.38756
406 5.43197
407 13.4616
408 5.7898
409 10.509
410 5.7777
411 5.58145
412 15.0486
413 5.60188
414 12.1711
415 5.87457
416 8.92071
417 6.20792
418 5.40861
419 13.5692
420 5.7688
421 10.6339
422 5.731
423 5.94726
424 15.334
425 5.53897
426 12.2569
427 5.8865
428 9.24269
429 5.96077
430 5.44325
431 13.6589
432 5.72262
433 10.7617
434 5.93158
435 6.6049
436 15.6057
437 5.60353
438 12.4008
439 5.84975
440 9.39941
441 5.8221
442 5.41715
443 13.7446
444 5.69896
445 10.906
446 5.7397
447 6.75577
448 15.8068
449 5.44715
450 12.5877
451 5.98124
452 9.63026
453 5.81484
454 5.44175
455 13.8496
456 5.66345
457 11.0925
458 5.7846
459 6.87334
460 16.0227
461 5.53497
462 12.7318
463 5.76089
464 9.80659
465 5.80116
466 5.48786
467 13.9824
468 5.79948
469 11.2883
470 5.75154
471 7.03897
472 16.2643
473 5.47976
474 12.8724
475 5.7856
476 9.92601
477 5.78566
478 5.44147
479 14.1185
480 5.74024
481 11.4761
482 5.76147
483 7.27663
484 16.4661
485 5.55111
486 13.0175
487 5.75479
488 10.0223
489 5.75791
490 5.53485
491 14.2553
492 5.65715
493 11.6308
494 5.74209
495 7.54192
496 15.9697
497 5.47957
498 13.1855
499 5.8828
500 10.1815
