1 576.186
2 625.761
3 345.885
4 312.693
5 245.56
6 215.972
7 227.268
8 183.593
9 178.68
10 133.772
11 122.334
12 114.797
13 108.419
14 106.732
15 84.9944
16 82.9481
17 77.8212
18 72.336
19 71.9469
20 63.3062
21 62.9976
22 59.0303
23 55.5554
24 51.9378
25 50.0211
26 50.314
27 45.1163
28 45.2094
29 41.3647
30 38.3405
31 42.1268
32 36.5669
33 37.1527
34 32.3189
35 31.405
36 30.5111
37 29.2737
38 31.1816
39 25.1116
40 26.5528
41 24.7574
42 22.9759
43 27.5355
44 20.3478
45 23.0373
46 19.7249
47 20.3301
48 16.9651
49 16.2222
50 21.1114
51 15.7281
52 18.3029
53 13.7949
54 12.829
55 21.0302
56 13.2858
57 17.4242
58 11.2723
59 13.2687
60 11.6782
61 11.1274
62 17.0104
63 9.36069
64 13.5509
65 10.2242
66 10.2137
67 17.9717
68 8.24382
69 14.2795
70 8.83995
71 11.6086
72 7.6397
73 7.05665
74 15.215
75 7.78121
76 12.3997
77 6.80151
78 7.54363
79 17.2564
80 7.62557
81 13.6366
82 6.64533
83 10.1993
84 7.07589
85 6.58543
86 14.5705
87 6.04733
88 11.6159
89 6.66272
90 7.58413
91 16.7202
92 5.74453
93 13.1572
94 6.36561
95 10.2524
96 5.90705
97 5.63607
98 14.3686
99 6.26673
100 11.6718
101 5.81239
102 7.12799
103 16.7631
104 5.83032
105 13.1949
106 5.81047
107 10.0428
108 6.05764
109 5.96598
110 14.3343
111 5.59781
112 11.6515
113 6.0062
114 7.47266
115 16.7384
116 5.45557
117 13.178
118 5.94737
119 10.1782
120 5.9653
121 5.53511
122 14.4425
123 5.78522
124 11.7781
125 5.72564
126 7.59462
127 10.494
128 5.60027
129 13.3151
130 5.78231
131 10.1994
132 5.8557
133 5.62089
134 14.5664
135 5.75184
136 11.9356
137 5.9054
138 7.99527
139 6.80502
140 5.56443
141 13.3822
142 5.85622
143 10.3208
144 5.74027
145 5.48086
146 14.7492
147 5.57042
148 12.0815
149 6.4032
150 8.28958
151 6.46379
152 5.48253
153 13.4581
154 5.89463
155 10.447
156 5.77581
157 6.17369
158 14.9556
159 5.60342
160 12.1691
161 5.88608
162 8.67922
163 6.00506
164 5.43044
165 13.5174
166 5.9695
167 10.5859
168 5.82863
169 5.61539
170 15.2132
171 5.52747
172 12.1911
173 5.80141
174 9.09593
175 5.90946
176 5.4617
177 13.6107
178 5.80351
179 10.6874
180 6.03435
181 5.60914
182 15.4694
183 5.6086
184 12.3059
185 5.90335
186 9.28613
187 5.93716
188 5.4488
189 13.6844
190 5.76366
191 10.8219
192 5.74432
193 6.72174
194 15.6823
195 5.61196
196 12.4855
197 5.87726
198 9.4938
199 5.97387
200 5.45178
201 13.7566
202 5.82873
203 10.9646
204 5.74264
205 6.82005
206 15.8759
207 6.119
208 12.6541
209 6.15165
210 9.71525
211 5.92931
212 5.47365
213 13.869
214 5.68314
215 11.174
216 5.73236
217 6.95222
218 16.1022
219 5.63925
220 12.7732
221 5.85203
222 9.84405
223 5.86842
224 5.54497
225 14.0155
226 5.83689
227 11.3319
228 5.77589
229 7.14972
230 16.3121
231 5.47079
232 12.9135
233 5.76524
234 9.93673
235 5.77475
236 5.70372
237 14.1331
238 5.59375
239 11.5151
240 5.83525
241 7.39656
242 16.4903
243 5.48099
244 13.058
245 5.8014
246 10.0486
247 5.97722
248 5.49583
249 14.2873
250 5.59658
251 11.6859
252 5.79541
253 7.68657
254 6.61522
255 5.4504
256 13.2147
257 5.77952
258 10.2065
259 5.7479
260 5.49733
261 14.4762
262 5.58037
263 11.9097
264 5.83817
265 8.00876
266 6.83366
267 5.56678
268 13.3243
269 5.80294
270 10.3027
271 5.73168
272 5.63274
273 14.7221
274 5.51625
275 12.0194
276 5.75987
277 8.41164
278 6.40727
279 5.43417
280 13.4367
281 5.79078
282 10.444
283 5.7391
284 5.56777
285 14.9731
286 5.59981
287 12.1499
288 5.85293
289 8.81512
290 5.98897
291 5.40963
292 13.5131
293 5.7727
294 10.5925
295 5.73227
296 5.92778
297 15.2175
298 5.53864
299 12.2002
300 5.78914
