1 0.348962
2 0.0525138
3 0.144052
4 0.0641694
5 0.100834
6 0.0696139
7 0.0903671
8 0.0566417
9 0.0787564
10 0.0496544
11 0.0621863
12 0.0455881
13 0.0485524
14 0.0391364
15 0.0400269
16 0.0334677
17 0.0346518
18 0.0294749
19 0.0306985
20 0.0259582
21 0.0272365
22 0.022862
23 0.0240355
24 0.0202499
25 0.0210785
26 0.0181202
27 0.0185452
28 0.0162437
29 0.0164731
30 0.014703
31 0.0147281
32 0.0132606
33 0.0131998
34 0.0119707
35 0.0118413
36 0.0107792
37 0.0105904
38 0.00968972
39 0.00949318
40 0.00874102
41 0.00850822
42 0.00785353
43 0.00761022
44 0.00705151
45 0.00683702
46 0.00636013
47 0.00614417
48 0.00570337
49 0.00546712
50 0.00505222
