1 0.348973
2 0.052268
3 0.147411
4 0.0698976
5 0.106513
6 0.0745058
7 0.0949799
8 0.0605904
9 0.0831528
10 0.0558214
11 0.0691729
12 0.0530188
13 0.0564477
14 0.0469058
15 0.0474147
16 0.041107
17 0.0414744
18 0.0362011
19 0.0367208
20 0.0319805
21 0.0330825
22 0.0288745
23 0.0298626
24 0.0263145
25 0.0269387
26 0.0240397
27 0.0243022
28 0.0221175
29 0.0221184
30 0.0203964
31 0.0202878
32 0.018929
33 0.0187477
34 0.0175932
35 0.0173754
36 0.0163458
37 0.0160923
38 0.0152129
39 0.0149749
40 0.014262
41 0.0140388
42 0.0134304
43 0.0132171
44 0.0126826
45 0.0124583
46 0.0119908
47 0.0117637
48 0.0113488
49 0.0111188
50 0.0107165
51 0.0104636
52 0.0101048
53 0.00984984
54 0.00949863
55 0.00924515
56 0.00893055
57 0.00868665
58 0.0083925
59 0.00815694
60 0.0078835
61 0.00765232
62 0.00738383
63 0.0071492
64 0.00690247
65 0.0066891
66 0.00645092
67 0.00624877
68 0.00603222
69 0.00583925
70 0.00564005
71 0.00546002
72 0.00527259
73 0.00509946
74 0.00491865
75 0.00474708
76 0.00457094
77 0.00440089
78 0.00422552
79 0.00405705
80 0.00388594
81 0.00372448
82 0.00355939
83 0.0033997
84 0.00323812
85 0.00307976
86 0.00292158
87 0.00276852
88 0.00261874
89 0.00247562
90 0.00233513
91 0.00220337
92 0.00207618
93 0.00195171
94 0.00182852
95 0.00170747
96 0.00158663
97 0.00146767
98 0.0013502
99 0.001235
100 0.00112117
101 0.00100862
102 0.000896971
103 0.000787254
104 0.000678702
105 0.000572468
106 0.000467995
107 0.000366983
108 0.000267311
109 0.000167936
110 6.87321e-05
111 2.92952e-05
112 0.00012289
113 0.000213536
114 0.000303442
115 0.000392828
116 0.000481567
117 0.000569523
118 0.000656927
119 0.000743381
120 0.000828715
121 0.000911629
122 0.000992058
123 0.00107116
124 0.00114936
125 0.00122592
126 0.001301
127 0.0013752
128 0.00144826
129 0.00152062
130 0.0015917
131 0.00166132
132 0.00172987
133 0.00179751
134 0.00186406
135 0.00192925
136 0.00199305
137 0.00205529
138 0.00211629
139 0.00217645
140 0.00223584
141 0.00229482
142 0.00235327
143 0.00241113
144 0.00246844
145 0.00252522
146 0.00258131
147 0.00263625
148 0.00269042
149 0.00274371
150 0.00279613
151 0.00284805
152 0.00289941
153 0.00295036
154 0.00300083
155 0.00305048
156 0.00309963
157 0.00314804
158 0.0031959
159 0.00324265
160 0.00328878
161 0.0033344
162 0.00337941
163 0.00342387
164 0.00346777
165 0.00351062
166 0.00355281
167 0.00359438
168 0.00363534
169 0.00367575
170 0.00371553
171 0.00375472
172 0.00379331
173 0.00383135
174 0.00386871
175 0.00390546
176 0.00394155
177 0.00397697
178 0.00401195
179 0.00404644
180 0.00408037
181 0.00411385
182 0.00414679
183 0.00417922
184 0.00421105
185 0.00424244
186 0.00427349
187 0.00430419
188 0.00433444
189 0.00436423
190 0.00439342
191 0.00442236
192 0.00445143
193 0.00448012
194 0.00450811
195 0.00453602
196 0.0045638
197 0.00459137
198 0.00461873
199 0.00464583
200 0.00467269
