1 0.462569
2 0.0493047
3 0.211981
4 0.226496
5 0.168174
6 0.190883
7 0.151437
8 0.16037
9 0.132834
10 0.136344
11 0.115302
12 0.117418
13 0.100667
14 0.101253
15 0.0888911
16 0.0888636
17 0.0794516
18 0.0798057
19 0.0721141
20 0.0723416
21 0.0658665
22 0.0655695
23 0.0601567
24 0.0595329
25 0.0549944
26 0.0540922
27 0.0501369
28 0.0490699
29 0.0456494
30 0.0444303
31 0.0414803
32 0.0402355
33 0.0376601
34 0.0364047
35 0.0341548
36 0.0329285
37 0.0309292
38 0.0297585
39 0.0280023
40 0.026917
41 0.0253734
42 0.0243432
43 0.0229569
44 0.0219718
45 0.0207087
46 0.0197631
47 0.0186257
48 0.0177367
49 0.0166906
50 0.0158378
51 0.0148648
52 0.0140503
53 0.0131467
54 0.0123728
55 0.0115329
56 0.0107965
57 0.0100153
58 0.00931625
59 0.00857954
60 0.00790814
61 0.00721
62 0.00656866
63 0.00590812
64 0.00529501
65 0.00467082
66 0.00408719
67 0.00350132
68 0.00295092
69 0.00240073
70 0.00188047
71 0.0013627
72 0.000865641
73 0.000373594
74 9.51158e-05
75 0.000557244
76 0.000997932
77 0.00143025
78 0.00184403
79 0.0022511
80 0.00264193
81 0.00302552
82 0.00339491
83 0.00375804
84 0.00410856
85 0.00445086
86 0.00478076
87 0.00510316
88 0.00541396
89 0.00571703
90 0.0060097
91 0.00629667
92 0.00657566
93 0.00684891
94 0.00711455
95 0.00737523
96 0.00762978
97 0.00787846
98 0.00812058
99 0.00835706
100 0.00858791
101 0.00881279
102 0.00903118
103 0.00924497
104 0.0094536
105 0.00965656
106 0.00985397
107 0.0100463
108 0.0102335
109 0.0104155
110 0.0105921
111 0.0107639
112 0.0109311
113 0.0110939
114 0.0112526
115 0.0114077
116 0.0115591
117 0.0117072
118 0.0118518
119 0.011993
120 0.012131
121 0.0122662
122 0.0123985
123 0.0125277
124 0.0126544
125 0.0127787
126 0.0129007
127 0.0130198
128 0.0131364
129 0.0132506
130 0.0133619
131 0.0134706
132 0.0135769
133 0.0136804
134 0.0137815
135 0.0138804
136 0.0139773
137 0.0140721
138 0.0141652
139 0.0142564
140 0.0143456
141 0.0144331
142 0.0145184
143 0.0146017
144 0.0146829
145 0.0147622
146 0.0148396
147 0.0149154
148 0.0149894
149 0.0150618
150 0.0151329
151 0.0152022
152 0.0152703
153 0.0153369
154 0.0154019
155 0.0154652
156 0.0155271
157 0.0155878
158 0.0156472
159 0.0157053
160 0.0157619
161 0.0158173
162 0.0158717
163 0.0159249
164 0.015977
165 0.0160279
166 0.0160777
167 0.0161262
168 0.0161736
169 0.01622
170 0.0162658
171 0.0163105
172 0.0163541
173 0.0163968
174 0.0164385
175 0.0164792
176 0.0165191
177 0.0165581
178 0.0165964
179 0.016634
180 0.0166709
181 0.0167069
182 0.0167423
183 0.016777
184 0.016811
185 0.0168445
186 0.0168773
187 0.0169096
188 0.0169412
189 0.0169722
190 0.0170027
191 0.0170327
192 0.0170621
193 0.0170909
194 0.0171192
195 0.0171469
196 0.0171741
197 0.0172009
198 0.0172271
199 0.017253
200 0.0172785
