1 0.462599
2 0.0501725
3 0.211754
4 0.229361
5 0.169223
6 0.196754
7 0.155546
8 0.168747
9 0.140289
10 0.147784
11 0.125534
12 0.131127
13 0.113169
14 0.116511
15 0.103302
16 0.105279
17 0.094681
18 0.0961927
19 0.0873612
20 0.0886596
21 0.0815453
22 0.0824526
23 0.0767699
24 0.0773428
25 0.0728233
26 0.0730977
27 0.0694091
28 0.0695245
29 0.0664904
30 0.0663844
31 0.0638204
32 0.063549
33 0.0613733
34 0.0609638
35 0.0591296
36 0.0586706
37 0.0570507
38 0.0565278
39 0.0550773
40 0.0545066
41 0.0531823
42 0.05255
43 0.0513279
44 0.0506757
45 0.0495509
46 0.0488629
47 0.0478217
48 0.0471239
49 0.0461364
50 0.0454305
