1 184.573
2 54.096
3 39.1408
4 29.2417
5 27.706
6 22.2457
7 21.9965
8 18.9894
9 18.7211
10 16.6064
11 16.4179
12 14.5665
13 14.5274
14 12.9154
15 13.0569
16 11.7604
17 12.0136
18 10.988
19 11.268
20 10.4704
21 10.7253
22 10.1264
23 10.3422
24 9.90222
25 10.0716
26 9.7544
27 9.88461
28 9.65752
29 9.75739
30 9.59518
31 9.67449
32 9.5565
33 9.62194
34 9.53505
35 9.59144
36 9.52757
37 9.57692
38 9.52959
39 9.57167
40 9.5365
41 9.57269
42 9.54784
43 9.57871
44 9.5619
45 9.58813
46 9.57733
47 9.60008
48 9.59433
49 9.61459
50 9.61286
