10000 16.7675
20000 12.6056
30000 10.2122
40000 8.70885
50000 7.67995
60000 6.94288
70000 6.53475
80000 6.24022
90000 6.01691
100000 5.86521
110000 5.74549
120000 5.61725
130000 5.52848
140000 5.45484
150000 5.39401
160000 5.33849
170000 5.28689
180000 5.23799
190000 5.19331
200000 5.15339
210000 5.11528
220000 5.07965
230000 5.04187
240000 5.01317
250000 4.98419
260000 4.95579
270000 4.92701
280000 4.89709
290000 4.87269
300000 4.848
310000 4.82495
320000 4.80535
330000 4.78456
340000 4.76684
350000 4.7426
360000 4.7231
370000 4.70472
380000 4.68668
390000 4.66856
400000 4.6513
410000 4.63422
420000 4.61763
430000 4.60275
440000 4.58823
450000 4.57328
460000 4.56075
470000 4.54658
480000 4.53348
490000 4.52116
500000 4.51042
510000 4.49869
520000 4.48529
530000 4.47448
540000 4.46159
550000 4.44996
560000 4.43888
570000 4.42794
580000 4.41666
590000 4.40787
600000 4.40005
610000 4.38915
620000 4.38017
630000 4.37172
640000 4.36335
650000 4.35192
660000 4.34234
670000 4.3381
680000 4.33266
690000 4.32329
700000 4.31693
710000 4.31054
720000 4.30422
730000 4.29687
740000 4.29117
750000 4.28533
760000 4.27795
770000 4.27198
780000 4.2643
790000 4.257
800000 4.2509
810000 4.24393
820000 4.23873
830000 4.23394
840000 4.22818
850000 4.22248
860000 4.21677
870000 4.21271
880000 4.20624
890000 4.20278
900000 4.19753
910000 4.19296
920000 4.19044
930000 4.18417
940000 4.17805
950000 4.17485
960000 4.1713
970000 4.16627
980000 4.1614
990000 4.15687
1000000 4.1533
1010000 4.14893
1020000 4.14463
1030000 4.13997
1040000 4.13656
1050000 4.13266
1060000 4.12831
1070000 4.12379
1080000 4.12096
1090000 4.11769
1100000 4.11275
1110000 4.10996
1120000 4.1063
1130000 4.10185
1140000 4.09712
1150000 4.09572
1160000 4.09206
1170000 4.09097
1180000 4.08697
1190000 4.08245
1200000 4.08205
1210000 4.07905
1220000 4.07658
1230000 4.07455
1240000 4.07117
1250000 4.06851
1260000 4.06639
1270000 4.06434
1280000 4.05973
1290000 4.05788
1300000 4.05578
1310000 4.05565
1320000 4.05231
1330000 4.05048
1340000 4.04879
1350000 4.04493
1360000 4.04311
1370000 4.03892
1380000 4.03677
1390000 4.03596
1400000 4.03542
1410000 4.03246
1420000 4.02955
1430000 4.02843
1440000 4.02785
1450000 4.02611
1460000 4.0226
1470000 4.02075
1480000 4.01892
1490000 4.01772
1500000 4.01532
1510000 4.01444
1520000 4.01055
1530000 4.00869
1540000 4.00855
1550000 4.00674
1560000 4.00563
1570000 4.00387
1580000 4.00304
1590000 3.99952
1600000 3.99981
1610000 3.9989
1620000 3.99709
1630000 3.99762
1640000 3.99653
1650000 3.9961
1660000 3.99451
1670000 3.99322
1680000 3.99235
1690000 3.9922
1700000 3.98991
1710000 3.98892
1720000 3.98925
1730000 3.988
1740000 3.9869
1750000 3.98558
1760000 3.984
1770000 3.984
1780000 3.98078
1790000 3.98165
1800000 3.98032
1810000 3.97812
1820000 3.97671
1830000 3.97765
1840000 3.97592
1850000 3.97643
1860000 3.97524
1870000 3.9746
1880000 3.97352
1890000 3.97217
1900000 3.97117
1910000 3.97052
1920000 3.97131
1930000 3.9683
1940000 3.96686
1950000 3.96635
1960000 3.96563
1970000 3.96516
1980000 3.96415
1990000 3.96252
2000000 3.96115
2010000 3.96137
2020000 3.96188
2030000 3.96103
2040000 3.96121
2050000 3.9602
2060000 3.95842
2070000 3.95889
2080000 3.95887
2090000 3.95861
2100000 3.95728
2110000 3.95882
2120000 3.95839
2130000 3.95764
2140000 3.95707
2150000 3.95552
2160000 3.95443
2170000 3.95556
2180000 3.95569
2190000 3.95379
2200000 3.95434
2210000 3.95331
2220000 3.95221
2230000 3.95211
2240000 3.95057
2250000 3.95169
2260000 3.9518
2270000 3.95027
2280000 3.95051
2290000 3.95212
2300000 3.95076
2310000 3.95134
2320000 3.9498
2330000 3.94859
2340000 3.94823
2350000 3.94792
2360000 3.94618
2370000 3.94891
2380000 3.94856
2390000 3.94879
2400000 3.94863
2410000 3.94796
2420000 3.94774
2430000 3.94789
2440000 3.94743
2450000 3.94833
2460000 3.94778
2470000 3.94838
2480000 3.94847
2490000 3.94903
2500000 3.94895
2510000 3.94968
2520000 3.9496
2530000 3.94944
2540000 3.95017
2550000 3.95053
2560000 3.95047
2570000 3.95126
2580000 3.94961
2590000 3.9498
2600000 3.9492
2610000 3.94833
2620000 3.94941
2630000 3.94963
2640000 3.94852
2650000 3.94907
2660000 3.94985
2670000 3.95093
2680000 3.95074
2690000 3.95098
2700000 3.95142
2710000 3.95159
2720000 3.95139
2730000 3.95215
2740000 3.95037
2750000 3.95156
2760000 3.95156
2770000 3.9501
2780000 3.95091
2790000 3.9511
2800000 3.95071
2810000 3.95036
2820000 3.9501
2830000 3.9503
2840000 3.95148
2850000 3.95193
2860000 3.95174
2870000 3.95047
2880000 3.95078
2890000 3.95189
2900000 3.95151
2910000 3.95179
2920000 3.95262
2930000 3.95268
2940000 3.95283
2950000 3.95535
2960000 3.95552
2970000 3.9547
2980000 3.95453
2990000 3.9545
3000000 3.9546
3010000 3.95662
3020000 3.95626
3030000 3.95723
3040000 3.95813
3050000 3.9585
3060000 3.95943
3070000 3.95993
3080000 3.95814
3090000 3.96108
3100000 3.96196
3110000 3.96239
3120000 3.96222
3130000 3.96267
3140000 3.96098
3150000 3.9621
3160000 3.96216
3170000 3.96248
3180000 3.96321
3190000 3.96404
3200000 3.96587
3210000 3.96677
3220000 3.96796
3230000 3.9675
3240000 3.96989
3250000 3.96915
3260000 3.96894
3270000 3.96987
3280000 3.9694
3290000 3.96926
3300000 3.96995
3310000 3.96988
3320000 3.96963
3330000 3.96957
3340000 3.97027
3350000 3.97055
3360000 3.97215
3370000 3.97256
3380000 3.97246
3390000 3.97292
3400000 3.97352
3410000 3.9748
3420000 3.97451
3430000 3.97467
3440000 3.97528
3450000 3.97519
3460000 3.97536
3470000 3.97475
3480000 3.97645
3490000 3.9774
3500000 3.97689
3510000 3.97734
3520000 3.97874
3530000 3.98167
3540000 3.98184
3550000 3.98326
3560000 3.98274
3570000 3.98329
3580000 3.98308
3590000 3.98332
3600000 3.98418
3610000 3.98405
3620000 3.98532
3630000 3.98646
3640000 3.98618
3650000 3.9872
3660000 3.98757
3670000 3.98868
3680000 3.98924
3690000 3.98823
3700000 3.99019
3710000 3.99088
3720000 3.99154
3730000 3.99302
3740000 3.99418
3750000 3.99438
3760000 3.99325
3770000 3.99473
3780000 3.9951
3790000 3.99749
3800000 3.99726
3810000 3.9973
3820000 3.99781
3830000 3.99847
3840000 3.99825
3850000 3.99973
3860000 3.9999
3870000 3.99839
3880000 3.99863
3890000 3.99776
3900000 3.99892
3910000 3.99997
3920000 4.00065
3930000 4.00207
3940000 4.00323
3950000 4.00441
3960000 4.00588
3970000 4.00616
3980000 4.0076
3990000 4.00841
4000000 4.00953
4010000 4.00905
4020000 4.01055
4030000 4.01227
4040000 4.01277
4050000 4.0123
4060000 4.0139
4070000 4.01428
4080000 4.01519
4090000 4.0151
4100000 4.01589
4110000 4.0167
4120000 4.01685
4130000 4.01783
4140000 4.01924
4150000 4.01965
4160000 4.02061
4170000 4.02112
4180000 4.02123
4190000 4.02073
4200000 4.02079
4210000 4.02176
4220000 4.02252
4230000 4.02241
4240000 4.02183
4250000 4.02261
4260000 4.02438
4270000 4.02644
4280000 4.02621
4290000 4.02593
4300000 4.02762
4310000 4.02727
4320000 4.02866
4330000 4.02949
4340000 4.03028
4350000 4.03189
4360000 4.03284
4370000 4.03472
4380000 4.03524
4390000 4.03568
4400000 4.03533
4410000 4.03659
4420000 4.03822
4430000 4.03915
4440000 4.04044
4450000 4.04216
4460000 4.04188
4470000 4.04346
4480000 4.04358
4490000 4.04669
4500000 4.04769
4510000 4.0491
4520000 4.04911
4530000 4.04999
4540000 4.04988
4550000 4.05199
4560000 4.05323
4570000 4.05405
4580000 4.05465
4590000 4.05405
4600000 4.05429
4610000 4.05436
4620000 4.05461
4630000 4.05509
4640000 4.05509
4650000 4.05534
4660000 4.05645
4670000 4.05802
4680000 4.05968
4690000 4.05807
4700000 4.06057
4710000 4.06124
4720000 4.06206
4730000 4.06221
4740000 4.06248
4750000 4.06332
4760000 4.06235
4770000 4.06193
4780000 4.06349
4790000 4.06619
4800000 4.067
4810000 4.06699
4820000 4.06763
4830000 4.06884
4840000 4.06919
4850000 4.07088
4860000 4.07039
4870000 4.07161
4880000 4.07325
4890000 4.07318
4900000 4.07384
4910000 4.07412
4920000 4.07572
4930000 4.07552
4940000 4.07593
4950000 4.07703
4960000 4.07825
4970000 4.08003
4980000 4.08042
4990000 4.08124
5000000 4.08218
5010000 4.08147
5020000 4.08157
5030000 4.08093
5040000 4.083
5050000 4.08507
5060000 4.08589
5070000 4.08668
5080000 4.08781
5090000 4.08971
5100000 4.09073
5110000 4.09107
5120000 4.09133
5130000 4.09301
5140000 4.09371
5150000 4.09453
5160000 4.09446
5170000 4.09369
5180000 4.09403
5190000 4.09499
5200000 4.09677
5210000 4.09875
5220000 4.09773
5230000 4.09923
5240000 4.09848
5250000 4.0994
5260000 4.10055
5270000 4.10212
5280000 4.10322
5290000 4.1039
5300000 4.10528
5310000 4.10525
5320000 4.10574
5330000 4.10741
5340000 4.10647
5350000 4.10768
5360000 4.10721
5370000 4.10913
5380000 4.10909
5390000 4.11101
5400000 4.11124
5410000 4.11127
5420000 4.11307
5430000 4.11508
5440000 4.11396
5450000 4.11573
5460000 4.11559
5470000 4.11704
5480000 4.11657
5490000 4.11958
5500000 4.12043
5510000 4.1209
5520000 4.12115
5530000 4.1214
5540000 4.12147
5550000 4.12196
5560000 4.12347
5570000 4.12274
5580000 4.1233
5590000 4.12616
5600000 4.12646
5610000 4.12713
5620000 4.12773
5630000 4.12914
5640000 4.13072
5650000 4.13145
5660000 4.13149
5670000 4.13374
5680000 4.13497
5690000 4.13724
5700000 4.13671
5710000 4.13912
5720000 4.14021
5730000 4.14176
5740000 4.14304
5750000 4.14571
5760000 4.14578
5770000 4.14736
5780000 4.14887
5790000 4.14934
5800000 4.15009
5810000 4.15091
5820000 4.15118
5830000 4.15316
5840000 4.1543
5850000 4.15467
5860000 4.15536
5870000 4.15517
5880000 4.15662
5890000 4.15592
5900000 4.15733
5910000 4.15858
5920000 4.16015
5930000 4.16203
5940000 4.16321
5950000 4.16333
5960000 4.16393
5970000 4.16528
5980000 4.16635
5990000 4.16841
6000000 4.16892
6010000 4.16929
6020000 4.16943
6030000 4.17089
6040000 4.17229
6050000 4.17238
6060000 4.17139
6070000 4.17241
6080000 4.17342
6090000 4.17422
6100000 4.17578
6110000 4.17637
6120000 4.17709
6130000 4.1778
6140000 4.18015
6150000 4.18126
6160000 4.18295
6170000 4.18275
6180000 4.18492
6190000 4.18625
6200000 4.18601
6210000 4.18864
6220000 4.18802
6230000 4.1885
6240000 4.18942
6250000 4.19157
6260000 4.19199
6270000 4.19324
6280000 4.19482
6290000 4.1958
6300000 4.19626
6310000 4.19716
6320000 4.19863
6330000 4.19914
6340000 4.19981
6350000 4.2025
6360000 4.20328
6370000 4.2029
6380000 4.20305
6390000 4.20402
6400000 4.2059
6410000 4.20768
6420000 4.20827
6430000 4.21011
6440000 4.21089
6450000 4.21061
6460000 4.21268
6470000 4.21382
6480000 4.21419
6490000 4.21502
6500000 4.21743
6510000 4.21926
6520000 4.21971
6530000 4.2206
6540000 4.22225
6550000 4.22342
6560000 4.22482
6570000 4.22577
6580000 4.22542
6590000 4.22668
6600000 4.22604
6610000 4.22861
6620000 4.2288
6630000 4.23078
6640000 4.23067
6650000 4.233
6660000 4.23456
6670000 4.23465
6680000 4.23525
6690000 4.23769
6700000 4.23772
6710000 4.23966
6720000 4.23951
6730000 4.24066
6740000 4.24225
6750000 4.24274
6760000 4.24257
6770000 4.24427
6780000 4.24494
6790000 4.24481
6800000 4.24634
6810000 4.24779
6820000 4.24863
6830000 4.25203
6840000 4.25225
6850000 4.25356
6860000 4.25384
6870000 4.25463
6880000 4.25579
6890000 4.25562
6900000 4.2573
6910000 4.25748
6920000 4.25886
6930000 4.25991
6940000 4.25924
6950000 4.26117
6960000 4.26239
6970000 4.26218
6980000 4.26282
6990000 4.26244
7000000 4.26437
7010000 4.26516
7020000 4.26529
7030000 4.26603
7040000 4.26839
7050000 4.26858
7060000 4.26888
7070000 4.27014
7080000 4.26983
7090000 4.27149
7100000 4.27255
7110000 4.27356
7120000 4.2756
7130000 4.27555
7140000 4.27661
7150000 4.27605
7160000 4.27685
7170000 4.27936
7180000 4.28032
7190000 4.28073
7200000 4.28299
7210000 4.28435
7220000 4.28459
7230000 4.28439
7240000 4.28522
7250000 4.28529
7260000 4.28655
7270000 4.28835
7280000 4.2896
7290000 4.29112
7300000 4.29185
7310000 4.29153
7320000 4.29193
7330000 4.29372
7340000 4.29503
7350000 4.29675
7360000 4.29651
7370000 4.29899
7380000 4.29923
7390000 4.29974
7400000 4.29962
7410000 4.30212
7420000 4.30239
7430000 4.30361
7440000 4.30689
7450000 4.30709
7460000 4.30719
7470000 4.30851
7480000 4.31013
7490000 4.31094
7500000 4.31231
7510000 4.31239
7520000 4.3119
7530000 4.31311
7540000 4.31555
7550000 4.31661
7560000 4.31792
7570000 4.31941
7580000 4.32004
7590000 4.32079
7600000 4.32351
7610000 4.32356
7620000 4.32423
7630000 4.32534
7640000 4.32738
7650000 4.32807
7660000 4.32893
7670000 4.32913
7680000 4.33055
7690000 4.33154
7700000 4.33187
7710000 4.3324
7720000 4.33297
7730000 4.334
7740000 4.33395
7750000 4.33496
7760000 4.3356
7770000 4.33702
7780000 4.33787
7790000 4.33824
7800000 4.33903
7810000 4.33998
7820000 4.34037
7830000 4.34163
7840000 4.34228
7850000 4.34477
7860000 4.34475
7870000 4.34559
7880000 4.34719
7890000 4.34718
7900000 4.34812
7910000 4.34887
7920000 4.34966
7930000 4.35164
7940000 4.35253
7950000 4.35253
7960000 4.35434
7970000 4.35559
7980000 4.35613
7990000 4.35605
8000000 4.35641
8010000 4.35691
8020000 4.3567
8030000 4.35877
8040000 4.3594
8050000 4.36017
8060000 4.3604
8070000 4.36198
8080000 4.36292
8090000 4.36433
8100000 4.36499
8110000 4.36606
8120000 4.36709
8130000 4.36799
8140000 4.36831
8150000 4.37057
8160000 4.37159
8170000 4.37223
8180000 4.37381
8190000 4.37413
8200000 4.37477
8210000 4.3757
8220000 4.37642
8230000 4.37768
8240000 4.3771
8250000 4.37744
8260000 4.37851
8270000 4.37876
8280000 4.38091
8290000 4.38061
8300000 4.38197
8310000 4.38387
8320000 4.38603
8330000 4.38633
8340000 4.38846
8350000 4.38811
8360000 4.3903
8370000 4.39153
8380000 4.39269
8390000 4.39263
8400000 4.3955
8410000 4.39534
8420000 4.39638
8430000 4.39654
8440000 4.39831
8450000 4.39872
8460000 4.40039
8470000 4.40034
8480000 4.40026
8490000 4.40146
8500000 4.40249
8510000 4.40451
8520000 4.40523
8530000 4.40622
8540000 4.40765
8550000 4.41012
8560000 4.41002
8570000 4.41264
8580000 4.41443
8590000 4.41511
8600000 4.41648
8610000 4.41749
8620000 4.418
8630000 4.41732
8640000 4.41848
8650000 4.41951
8660000 4.42022
8670000 4.42116
8680000 4.42155
8690000 4.42304
8700000 4.4234
8710000 4.42487
8720000 4.42442
8730000 4.42561
8740000 4.42593
8750000 4.426
8760000 4.42736
8770000 4.42818
8780000 4.42955
8790000 4.43081
8800000 4.43046
8810000 4.43303
8820000 4.43321
8830000 4.4346
8840000 4.43494
8850000 4.43591
8860000 4.43547
8870000 4.43518
8880000 4.43523
8890000 4.43663
8900000 4.43979
8910000 4.44025
8920000 4.44087
8930000 4.4408
8940000 4.44314
8950000 4.44482
8960000 4.44642
8970000 4.44599
8980000 4.44709
8990000 4.44764
9000000 4.44736
9010000 4.44915
9020000 4.45083
9030000 4.45133
9040000 4.45355
9050000 4.45289
9060000 4.45433
9070000 4.45577
9080000 4.45773
9090000 4.45897
9100000 4.45928
9110000 4.46077
9120000 4.46176
9130000 4.46228
9140000 4.46216
9150000 4.46559
9160000 4.46643
9170000 4.46678
9180000 4.46808
9190000 4.46961
9200000 4.47062
9210000 4.4712
9220000 4.47221
9230000 4.47338
9240000 4.47619
9250000 4.47617
9260000 4.47663
9270000 4.47903
9280000 4.47763
9290000 4.47893
9300000 4.4797
9310000 4.48025
9320000 4.4817
9330000 4.48342
9340000 4.4854
9350000 4.48691
9360000 4.48698
9370000 4.48682
9380000 4.48811
9390000 4.489
9400000 4.49163
9410000 4.49344
9420000 4.49475
9430000 4.49535
9440000 4.49634
9450000 4.49619
9460000 4.49779
9470000 4.49751
9480000 4.49862
9490000 4.50012
9500000 4.50043
9510000 4.5003
9520000 4.50132
9530000 4.50248
9540000 4.50471
9550000 4.50637
9560000 4.50662
9570000 4.50754
9580000 4.5077
9590000 4.50908
9600000 4.51011
9610000 4.51025
9620000 4.51143
9630000 4.51296
9640000 4.51379
9650000 4.51566
9660000 4.51658
9670000 4.51845
9680000 4.51762
9690000 4.51808
9700000 4.51903
9710000 4.52002
9720000 4.52099
9730000 4.52303
9740000 4.52304
9750000 4.52361
9760000 4.52472
9770000 4.52646
9780000 4.52686
9790000 4.5274
9800000 4.52835
9810000 4.52894
9820000 4.5303
9830000 4.53144
9840000 4.53147
9850000 4.5321
9860000 4.533
9870000 4.53363
9880000 4.53434
9890000 4.53597
9900000 4.53671
9910000 4.53702
9920000 4.53905
9930000 4.53882
9940000 4.53958
9950000 4.54157
9960000 4.54271
9970000 4.54479
9980000 4.54477
9990000 4.54567
10000000 4.54642
