10000 16.7675
20000 12.6056
30000 10.2122
40000 8.70885
50000 7.67995
60000 6.94288
70000 6.53475
80000 6.24022
90000 6.01691
100000 5.86521
110000 5.74549
120000 5.61725
130000 5.52848
140000 5.45484
150000 5.39401
160000 5.33849
170000 5.28689
180000 5.23799
190000 5.19331
200000 5.15339
210000 5.11528
220000 5.07965
230000 5.04187
240000 5.01317
250000 4.98419
260000 4.95579
270000 4.92701
280000 4.89709
290000 4.87269
300000 4.848
310000 4.82495
320000 4.80535
330000 4.78456
340000 4.76684
350000 4.7426
360000 4.7231
370000 4.70472
380000 4.68668
390000 4.66856
400000 4.6513
410000 4.63422
420000 4.61763
430000 4.60275
440000 4.58823
450000 4.57328
460000 4.56075
470000 4.54658
480000 4.53348
490000 4.52116
500000 4.51042
510000 4.49869
520000 4.48529
530000 4.47448
540000 4.46159
550000 4.44996
560000 4.43888
570000 4.42794
580000 4.41666
590000 4.40787
600000 4.40005
610000 4.38915
620000 4.38017
630000 4.37172
640000 4.36335
650000 4.35192
660000 4.34234
670000 4.3381
680000 4.33266
690000 4.32329
700000 4.31693
710000 4.31054
720000 4.30422
730000 4.29687
740000 4.29117
750000 4.28533
760000 4.27795
770000 4.27198
780000 4.2643
790000 4.257
800000 4.2509
810000 4.24393
820000 4.23873
830000 4.23394
840000 4.22818
850000 4.22248
860000 4.21677
870000 4.21271
880000 4.20624
890000 4.20278
900000 4.19753
910000 4.19296
920000 4.19044
930000 4.18417
940000 4.17805
950000 4.17485
960000 4.1713
970000 4.16627
980000 4.1614
990000 4.15687
1000000 4.1533
1010000 4.14893
1020000 4.14463
1030000 4.13997
1040000 4.13656
1050000 4.13266
1060000 4.12831
1070000 4.12379
1080000 4.12096
1090000 4.11769
1100000 4.11275
1110000 4.10996
1120000 4.1063
1130000 4.10185
1140000 4.09712
1150000 4.09572
1160000 4.09206
1170000 4.09097
1180000 4.08697
1190000 4.08245
1200000 4.08205
1210000 4.07905
1220000 4.07658
1230000 4.07455
1240000 4.07117
1250000 4.06851
1260000 4.06639
1270000 4.06434
1280000 4.05973
1290000 4.05788
1300000 4.05578
1310000 4.05565
1320000 4.05231
1330000 4.05048
1340000 4.04879
1350000 4.04493
1360000 4.04311
1370000 4.03892
1380000 4.03677
1390000 4.03596
1400000 4.03542
1410000 4.03246
1420000 4.02955
1430000 4.02843
1440000 4.02785
1450000 4.02611
1460000 4.0226
1470000 4.02075
1480000 4.01892
1490000 4.01772
1500000 4.01532
1510000 4.01444
1520000 4.01055
1530000 4.00869
1540000 4.00855
1550000 4.00674
1560000 4.00563
1570000 4.00387
1580000 4.00304
1590000 3.99952
1600000 3.99981
1610000 3.9989
1620000 3.99709
1630000 3.99762
1640000 3.99653
1650000 3.9961
1660000 3.99451
1670000 3.99322
1680000 3.99235
1690000 3.9922
1700000 3.98991
1710000 3.98892
1720000 3.98925
1730000 3.988
1740000 3.9869
1750000 3.98558
1760000 3.984
1770000 3.984
1780000 3.98078
1790000 3.98165
1800000 3.98032
1810000 3.97812
1820000 3.97671
1830000 3.97765
1840000 3.97592
1850000 3.97643
1860000 3.97524
1870000 3.9746
1880000 3.97352
1890000 3.97217
1900000 3.97117
1910000 3.97052
1920000 3.97131
1930000 3.9683
1940000 3.96686
1950000 3.96635
1960000 3.96563
1970000 3.96516
1980000 3.96415
1990000 3.96252
2000000 3.96115
2010000 3.96137
2020000 3.96188
2030000 3.96103
2040000 3.96121
2050000 3.9602
2060000 3.95842
2070000 3.95889
2080000 3.95887
2090000 3.95861
2100000 3.95728
2110000 3.95882
2120000 3.95839
2130000 3.95764
2140000 3.95707
2150000 3.95552
2160000 3.95443
2170000 3.95556
2180000 3.95569
2190000 3.95379
2200000 3.95434
2210000 3.95331
2220000 3.95221
2230000 3.95211
2240000 3.95057
2250000 3.95169
2260000 3.9518
2270000 3.95027
2280000 3.95051
2290000 3.95212
2300000 3.95076
2310000 3.95134
2320000 3.9498
2330000 3.94859
2340000 3.94823
2350000 3.94792
2360000 3.94618
2370000 3.94891
2380000 3.94856
2390000 3.94879
2400000 3.94863
2410000 3.94796
2420000 3.94774
2430000 3.94789
2440000 3.94743
2450000 3.94833
2460000 3.94778
2470000 3.94838
2480000 3.94847
2490000 3.94903
2500000 3.94895
2510000 3.94968
2520000 3.9496
2530000 3.94944
2540000 3.95017
2550000 3.95053
2560000 3.95047
2570000 3.95126
2580000 3.94961
2590000 3.9498
2600000 3.9492
2610000 3.94833
2620000 3.94941
2630000 3.94963
2640000 3.94852
2650000 3.94907
2660000 3.94985
2670000 3.95093
2680000 3.95074
2690000 3.95098
2700000 3.95142
2710000 3.95159
2720000 3.95139
2730000 3.95215
2740000 3.95037
2750000 3.95156
2760000 3.95156
2770000 3.9501
2780000 3.95091
2790000 3.9511
2800000 3.95071
2810000 3.95036
2820000 3.9501
2830000 3.9503
2840000 3.95148
2850000 3.95193
2860000 3.95174
2870000 3.95047
2880000 3.95078
2890000 3.95189
2900000 3.95151
2910000 3.95179
2920000 3.95262
2930000 3.95268
2940000 3.95283
2950000 3.95535
2960000 3.95552
2970000 3.9547
2980000 3.95453
2990000 3.9545
3000000 3.9546
3010000 3.95662
3020000 3.95626
3030000 3.95723
3040000 3.95813
3050000 3.9585
3060000 3.95943
3070000 3.95993
3080000 3.95814
3090000 3.96108
3100000 3.96196
3110000 3.96239
3120000 3.96222
3130000 3.96267
3140000 3.96098
3150000 3.9621
3160000 3.96216
3170000 3.96248
3180000 3.96321
3190000 3.96404
3200000 3.96587
3210000 3.96677
3220000 3.96796
3230000 3.9675
3240000 3.96989
3250000 3.96915
3260000 3.96894
3270000 3.96987
3280000 3.9694
3290000 3.96926
3300000 3.96995
3310000 3.96988
3320000 3.96963
3330000 3.96957
3340000 3.97027
3350000 3.97055
3360000 3.97215
3370000 3.97256
3380000 3.97246
3390000 3.97292
3400000 3.97352
3410000 3.9748
3420000 3.97451
3430000 3.97467
3440000 3.97528
3450000 3.97519
3460000 3.97536
3470000 3.97475
3480000 3.97645
3490000 3.9774
3500000 3.97689
3510000 3.97734
3520000 3.97874
3530000 3.98167
3540000 3.98184
3550000 3.98326
3560000 3.98274
3570000 3.98329
3580000 3.98308
3590000 3.98332
3600000 3.98418
3610000 3.98405
3620000 3.98532
3630000 3.98646
3640000 3.98618
3650000 3.9872
3660000 3.98757
3670000 3.98868
3680000 3.98924
3690000 3.98823
3700000 3.99019
3710000 3.99088
3720000 3.99154
3730000 3.99302
3740000 3.99418
3750000 3.99438
3760000 3.99325
3770000 3.99473
3780000 3.9951
3790000 3.99749
3800000 3.99726
3810000 3.9973
3820000 3.99781
3830000 3.99847
3840000 3.99825
3850000 3.99973
3860000 3.9999
3870000 3.99839
3880000 3.99863
3890000 3.99776
3900000 3.99892
3910000 3.99997
3920000 4.00065
3930000 4.00207
3940000 4.00323
3950000 4.00441
3960000 4.00588
3970000 4.00616
3980000 4.0076
3990000 4.00841
4000000 4.00953
4010000 4.00905
4020000 4.01055
4030000 4.01227
4040000 4.01277
4050000 4.0123
4060000 4.0139
4070000 4.01428
4080000 4.01519
4090000 4.0151
4100000 4.01589
4110000 4.0167
4120000 4.01685
4130000 4.01783
4140000 4.01924
4150000 4.01965
4160000 4.02061
4170000 4.02112
4180000 4.02123
4190000 4.02073
4200000 4.02079
4210000 4.02176
4220000 4.02252
4230000 4.02241
4240000 4.02183
4250000 4.02261
4260000 4.02438
4270000 4.02644
4280000 4.02621
4290000 4.02593
4300000 4.02762
4310000 4.02727
4320000 4.02866
4330000 4.02949
4340000 4.03028
4350000 4.03189
4360000 4.03284
4370000 4.03472
4380000 4.03524
4390000 4.03568
4400000 4.03533
4410000 4.03659
4420000 4.03822
4430000 4.03915
4440000 4.04044
4450000 4.04216
4460000 4.04188
4470000 4.04346
4480000 4.04358
4490000 4.04669
4500000 4.04769
4510000 4.0491
4520000 4.04911
4530000 4.04999
4540000 4.04988
4550000 4.05199
4560000 4.05323
4570000 4.05405
4580000 4.05465
4590000 4.05405
4600000 4.05429
4610000 4.05436
4620000 4.05461
4630000 4.05509
4640000 4.05509
4650000 4.05534
4660000 4.05645
4670000 4.05802
4680000 4.05968
4690000 4.05807
4700000 4.06057
4710000 4.06124
4720000 4.06206
4730000 4.06221
4740000 4.06248
4750000 4.06332
4760000 4.06235
4770000 4.06193
4780000 4.06349
4790000 4.06619
4800000 4.067
4810000 4.06699
4820000 4.06763
4830000 4.06884
4840000 4.06919
4850000 4.07088
4860000 4.07039
4870000 4.07161
4880000 4.07325
4890000 4.07318
4900000 4.07384
4910000 4.07412
4920000 4.07572
4930000 4.07552
4940000 4.07593
4950000 4.07703
4960000 4.07825
4970000 4.08003
4980000 4.08042
4990000 4.08124
5000000 4.08218
5010000 4.08147
5020000 4.08157
5030000 4.08093
5040000 4.083
5050000 4.08507
5060000 4.08589
5070000 4.08668
5080000 4.08781
5090000 4.08971
5100000 4.09073
5110000 4.09107
5120000 4.09133
5130000 4.09301
5140000 4.09371
5150000 4.09453
5160000 4.09446
5170000 4.09369
5180000 4.09403
5190000 4.09499
5200000 4.09677
5210000 4.09875
5220000 4.09773
5230000 4.09923
5240000 4.09848
5250000 4.0994
5260000 4.10055
5270000 4.10212
5280000 4.10322
5290000 4.1039
5300000 4.10528
5310000 4.10525
5320000 4.10574
5330000 4.10741
5340000 4.10647
5350000 4.10768
5360000 4.10721
5370000 4.10913
5380000 4.10909
5390000 4.11101
5400000 4.11124
5410000 4.11127
5420000 4.11307
5430000 4.11508
5440000 4.11396
5450000 4.11573
5460000 4.11559
5470000 4.11704
5480000 4.11657
5490000 4.11958
5500000 4.12043
5510000 4.1209
5520000 4.12115
5530000 4.1214
5540000 4.12147
5550000 4.12196
5560000 4.12347
5570000 4.12274
5580000 4.1233
5590000 4.12616
5600000 4.12646
5610000 4.12713
5620000 4.12773
5630000 4.12914
5640000 4.13072
5650000 4.13145
5660000 4.13149
5670000 4.13374
5680000 4.13497
5690000 4.13724
5700000 4.13671
5710000 4.13912
5720000 4.14021
5730000 4.14176
5740000 4.14304
5750000 4.14571
5760000 4.14578
5770000 4.14736
5780000 4.14887
5790000 4.14934
5800000 4.15009
5810000 4.15091
5820000 4.15118
5830000 4.15316
5840000 4.1543
5850000 4.15467
5860000 4.15536
5870000 4.15517
5880000 4.15662
5890000 4.15592
5900000 4.15733
5910000 4.15858
5920000 4.16015
5930000 4.16203
5940000 4.16321
5950000 4.16333
5960000 4.16393
5970000 4.16528
5980000 4.16635
5990000 4.16841
6000000 4.16892
6010000 4.16929
6020000 4.16943
6030000 4.17089
6040000 4.17229
6050000 4.17238
6060000 4.17139
6070000 4.17241
6080000 4.17342
6090000 4.17422
6100000 4.17578
6110000 4.17637
6120000 4.17709
6130000 4.1778
6140000 4.18015
6150000 4.18126
6160000 4.18295
6170000 4.18275
6180000 4.18492
6190000 4.18625
6200000 4.18601
6210000 4.18864
6220000 4.18802
6230000 4.1885
6240000 4.18942
6250000 4.19157
6260000 4.19199
6270000 4.19324
6280000 4.19482
6290000 4.1958
6300000 4.19626
6310000 4.19716
6320000 4.19863
6330000 4.19914
6340000 4.19981
6350000 4.2025
6360000 4.20328
6370000 4.2029
6380000 4.20305
6390000 4.20402
6400000 4.2059
6410000 4.20768
6420000 4.20827
6430000 4.21011
6440000 4.21089
6450000 4.21061
6460000 4.21268
6470000 4.21382
6480000 4.21419
6490000 4.21502
6500000 4.21743
6510000 4.21926
6520000 4.21971
6530000 4.2206
6540000 4.22225
6550000 4.22342
6560000 4.22482
6570000 4.22577
6580000 4.22542
6590000 4.22668
6600000 4.22604
6610000 4.22861
6620000 4.2288
6630000 4.23078
6640000 4.23067
6650000 4.233
6660000 4.23456
6670000 4.23465
6680000 4.23525
6690000 4.23769
6700000 4.23772
6710000 4.23966
6720000 4.23951
6730000 4.24066
6740000 4.24225
6750000 4.24274
6760000 4.24257
6770000 4.24427
6780000 4.24494
6790000 4.24481
6800000 4.24634
6810000 4.24779
6820000 4.24863
6830000 4.25203
6840000 4.25225
6850000 4.25356
6860000 4.25384
6870000 4.25463
6880000 4.25579
6890000 4.25562
6900000 4.2573
6910000 4.25748
6920000 4.25886
6930000 4.25991
6940000 4.25924
6950000 4.26117
6960000 4.26239
6970000 4.26218
6980000 4.26282
6990000 4.26244
7000000 4.26437
7010000 4.26516
7020000 4.26529
7030000 4.26603
7040000 4.26839
7050000 4.26858
7060000 4.26888
7070000 4.27014
7080000 4.26983
7090000 4.27149
7100000 4.27255
7110000 4.27356
7120000 4.2756
7130000 4.27555
7140000 4.27661
7150000 4.27605
7160000 4.27685
7170000 4.27936
7180000 4.28032
7190000 4.28073
7200000 4.28299
7210000 4.28435
7220000 4.28459
7230000 4.28439
7240000 4.28522
7250000 4.28529
7260000 4.28655
7270000 4.28835
7280000 4.2896
7290000 4.29112
7300000 4.29185
7310000 4.29153
7320000 4.29193
7330000 4.29372
7340000 4.29503
7350000 4.29675
7360000 4.29651
7370000 4.29899
7380000 4.29923
7390000 4.29974
7400000 4.29962
7410000 4.30212
7420000 4.30239
7430000 4.30361
7440000 4.30689
7450000 4.30709
7460000 4.30719
7470000 4.30851
7480000 4.31013
7490000 4.31094
7500000 4.31231
7510000 4.31239
7520000 4.3119
7530000 4.31311
7540000 4.31555
7550000 4.31661
7560000 4.31792
7570000 4.31941
7580000 4.32004
7590000 4.32079
7600000 4.32351
7610000 4.32356
7620000 4.32423
7630000 4.32534
7640000 4.32738
7650000 4.32807
7660000 4.32893
7670000 4.32913
7680000 4.33055
7690000 4.33154
7700000 4.33187
7710000 4.3324
7720000 4.33297
7730000 4.334
7740000 4.33395
7750000 4.33496
7760000 4.3356
7770000 4.33702
7780000 4.33787
7790000 4.33824
7800000 4.33903
7810000 4.33998
7820000 4.34037
7830000 4.34163
7840000 4.34228
7850000 4.34477
7860000 4.34475
7870000 4.34559
7880000 4.34719
7890000 4.34718
7900000 4.34812
7910000 4.34887
7920000 4.34966
7930000 4.35164
7940000 4.35253
7950000 4.35253
7960000 4.35434
7970000 4.35559
7980000 4.35613
7990000 4.35605
8000000 4.35641
8010000 4.35691
8020000 4.3567
8030000 4.35877
8040000 4.3594
8050000 4.36017
8060000 4.3604
8070000 4.36198
8080000 4.36292
8090000 4.36433
8100000 4.36499
8110000 4.36606
8120000 4.36709
8130000 4.36799
8140000 4.36831
8150000 4.37057
8160000 4.37159
8170000 4.37223
8180000 4.37381
8190000 4.37413
8200000 4.37477
8210000 4.3757
8220000 4.37642
8230000 4.37768
8240000 4.3771
8250000 4.37744
8260000 4.37851
8270000 4.37876
8280000 4.38091
8290000 4.38061
8300000 4.38197
8310000 4.38387
8320000 4.38603
8330000 4.38633
8340000 4.38846
8350000 4.38811
8360000 4.3903
8370000 4.39153
8380000 4.39269
8390000 4.39263
8400000 4.3955
8410000 4.39534
8420000 4.39638
8430000 4.39654
8440000 4.39831
8450000 4.39872
8460000 4.40039
8470000 4.40034
8480000 4.40026
8490000 4.40146
8500000 4.40249
8510000 4.40451
8520000 4.40523
8530000 4.40622
8540000 4.40765
8550000 4.41012
8560000 4.41002
8570000 4.41264
8580000 4.41443
8590000 4.41511
8600000 4.41648
8610000 4.41749
8620000 4.418
8630000 4.41732
8640000 4.41848
8650000 4.41951
8660000 4.42022
8670000 4.42116
8680000 4.42155
8690000 4.42304
8700000 4.4234
8710000 4.42487
8720000 4.42442
8730000 4.42561
8740000 4.42593
8750000 4.426
8760000 4.42736
8770000 4.42818
8780000 4.42955
8790000 4.43081
8800000 4.43046
8810000 4.43303
8820000 4.43321
8830000 4.4346
8840000 4.43494
8850000 4.43591
8860000 4.43547
8870000 4.43518
8880000 4.43523
8890000 4.43663
8900000 4.43979
8910000 4.44025
8920000 4.44087
8930000 4.4408
8940000 4.44314
8950000 4.44482
8960000 4.44642
8970000 4.44599
8980000 4.44709
8990000 4.44764
9000000 4.44736
9010000 4.44915
9020000 4.45083
9030000 4.45133
9040000 4.45355
9050000 4.45289
9060000 4.45433
9070000 4.45577
9080000 4.45773
9090000 4.45897
9100000 4.45928
9110000 4.46077
9120000 4.46176
9130000 4.46228
9140000 4.46216
9150000 4.46559
9160000 4.46643
9170000 4.46678
9180000 4.46808
9190000 4.46961
9200000 4.47062
9210000 4.4712
9220000 4.47221
9230000 4.47338
9240000 4.47619
9250000 4.47617
9260000 4.47663
9270000 4.47903
9280000 4.47763
9290000 4.47893
9300000 4.4797
9310000 4.48025
9320000 4.4817
9330000 4.48342
9340000 4.4854
9350000 4.48691
9360000 4.48698
9370000 4.48682
9380000 4.48811
9390000 4.489
9400000 4.49163
9410000 4.49344
9420000 4.49475
9430000 4.49535
9440000 4.49634
9450000 4.49619
9460000 4.49779
9470000 4.49751
9480000 4.49862
9490000 4.50012
9500000 4.50043
9510000 4.5003
9520000 4.50132
9530000 4.50248
9540000 4.50471
9550000 4.50637
9560000 4.50662
9570000 4.50754
9580000 4.5077
9590000 4.50908
9600000 4.51011
9610000 4.51025
9620000 4.51143
9630000 4.51296
9640000 4.51379
9650000 4.51566
9660000 4.51658
9670000 4.51845
9680000 4.51762
9690000 4.51808
9700000 4.51903
9710000 4.52002
9720000 4.52099
9730000 4.52303
9740000 4.52304
9750000 4.52361
9760000 4.52472
9770000 4.52646
9780000 4.52686
9790000 4.5274
9800000 4.52835
9810000 4.52894
9820000 4.5303
9830000 4.53144
9840000 4.53147
9850000 4.5321
9860000 4.533
9870000 4.53363
9880000 4.53434
9890000 4.53597
9900000 4.53671
9910000 4.53702
9920000 4.53905
9930000 4.53882
9940000 4.53958
9950000 4.54157
9960000 4.54271
9970000 4.54479
9980000 4.54477
9990000 4.54567
10000000 4.54642
10010000 4.54767
10020000 4.54784
10030000 4.54824
10040000 4.54933
10050000 4.55076
10060000 4.55154
10070000 4.55343
10080000 4.55407
10090000 4.55615
10100000 4.55703
10110000 4.55718
10120000 4.55907
10130000 4.5607
10140000 4.56199
10150000 4.56271
10160000 4.56326
10170000 4.5641
10180000 4.56435
10190000 4.56502
10200000 4.56587
10210000 4.56767
10220000 4.56833
10230000 4.57085
10240000 4.57208
10250000 4.57141
10260000 4.57307
10270000 4.57454
10280000 4.57436
10290000 4.57601
10300000 4.57692
10310000 4.57697
10320000 4.57871
10330000 4.57915
10340000 4.58036
10350000 4.58208
10360000 4.5823
10370000 4.58314
10380000 4.58431
10390000 4.58463
10400000 4.58666
10410000 4.5867
10420000 4.58753
10430000 4.58795
10440000 4.589
10450000 4.59141
10460000 4.59222
10470000 4.592
10480000 4.5934
10490000 4.59462
10500000 4.59605
10510000 4.59632
10520000 4.5966
10530000 4.5997
10540000 4.60069
10550000 4.60041
10560000 4.60186
10570000 4.60148
10580000 4.60233
10590000 4.60413
10600000 4.6052
10610000 4.60566
10620000 4.60696
10630000 4.60861
10640000 4.6093
10650000 4.61003
10660000 4.61142
10670000 4.6129
10680000 4.61315
10690000 4.61351
10700000 4.61392
10710000 4.61506
10720000 4.61734
10730000 4.61815
10740000 4.61992
10750000 4.62155
10760000 4.62295
10770000 4.62456
10780000 4.62523
10790000 4.62684
10800000 4.6278
10810000 4.62736
10820000 4.62882
10830000 4.63021
10840000 4.63048
10850000 4.63111
10860000 4.63268
10870000 4.63253
10880000 4.63398
10890000 4.63483
10900000 4.63478
10910000 4.63557
10920000 4.63689
10930000 4.63659
10940000 4.63746
10950000 4.63812
10960000 4.638
10970000 4.63853
10980000 4.63944
10990000 4.64013
11000000 4.64117
11010000 4.64334
11020000 4.64507
11030000 4.64532
11040000 4.64578
11050000 4.6471
11060000 4.64838
11070000 4.65112
11080000 4.6521
11090000 4.65263
11100000 4.65176
11110000 4.65412
11120000 4.65457
11130000 4.65607
11140000 4.65697
11150000 4.65725
11160000 4.65738
11170000 4.659
11180000 4.6586
11190000 4.66035
11200000 4.66077
11210000 4.66182
11220000 4.66287
11230000 4.66458
11240000 4.66436
11250000 4.66601
11260000 4.66714
11270000 4.66842
11280000 4.66979
11290000 4.67094
11300000 4.67263
11310000 4.672
11320000 4.67314
11330000 4.67399
11340000 4.67541
11350000 4.6753
11360000 4.67675
11370000 4.67728
11380000 4.67836
11390000 4.68002
11400000 4.68041
11410000 4.68225
11420000 4.68343
11430000 4.68326
11440000 4.68373
11450000 4.68421
11460000 4.6855
11470000 4.68588
11480000 4.68577
11490000 4.68661
11500000 4.68805
11510000 4.68869
11520000 4.68978
11530000 4.69042
11540000 4.6906
11550000 4.69167
11560000 4.69245
11570000 4.69418
11580000 4.69427
11590000 4.6942
11600000 4.69632
11610000 4.69696
11620000 4.69715
11630000 4.69897
11640000 4.70038
11650000 4.7002
11660000 4.70155
11670000 4.70268
11680000 4.70428
11690000 4.70519
11700000 4.7053
11710000 4.70485
11720000 4.70645
11730000 4.70695
11740000 4.70742
11750000 4.70744
11760000 4.70821
11770000 4.70867
11780000 4.7102
11790000 4.71136
11800000 4.71301
11810000 4.71407
11820000 4.71545
11830000 4.71658
11840000 4.71759
11850000 4.71816
11860000 4.71962
11870000 4.72028
11880000 4.72143
11890000 4.72204
11900000 4.72356
11910000 4.72375
11920000 4.72532
11930000 4.72609
11940000 4.72709
11950000 4.72788
11960000 4.7283
11970000 4.72943
11980000 4.73183
11990000 4.73163
12000000 4.73235
12010000 4.73361
12020000 4.73462
12030000 4.73471
12040000 4.73603
12050000 4.73566
12060000 4.73729
12070000 4.73911
12080000 4.74083
12090000 4.73947
12100000 4.73934
12110000 4.74001
12120000 4.74069
12130000 4.74224
12140000 4.74417
12150000 4.74437
12160000 4.74496
12170000 4.74699
12180000 4.74884
12190000 4.74915
12200000 4.75109
12210000 4.75185
12220000 4.75289
12230000 4.75308
12240000 4.75392
12250000 4.75587
12260000 4.75698
12270000 4.75676
12280000 4.7571
12290000 4.75865
12300000 4.75991
12310000 4.75976
12320000 4.76036
12330000 4.7617
12340000 4.76175
12350000 4.76268
12360000 4.76383
12370000 4.76338
12380000 4.76358
12390000 4.76496
12400000 4.76565
12410000 4.76738
12420000 4.76777
12430000 4.76723
12440000 4.76808
12450000 4.76801
12460000 4.76813
12470000 4.76932
12480000 4.77081
12490000 4.77181
12500000 4.77242
12510000 4.77243
12520000 4.77365
12530000 4.77508
12540000 4.77619
12550000 4.77607
12560000 4.77635
12570000 4.7765
12580000 4.77605
12590000 4.7785
12600000 4.77982
12610000 4.78024
12620000 4.77958
12630000 4.78048
12640000 4.781
12650000 4.78191
12660000 4.78285
12670000 4.78305
12680000 4.78503
12690000 4.78439
12700000 4.78495
12710000 4.78677
12720000 4.78617
12730000 4.78706
12740000 4.78814
12750000 4.78941
12760000 4.79077
12770000 4.79176
12780000 4.79225
12790000 4.79307
12800000 4.7938
12810000 4.79448
12820000 4.79561
12830000 4.79598
12840000 4.79695
12850000 4.79805
12860000 4.7986
12870000 4.80128
12880000 4.80136
12890000 4.80216
12900000 4.80343
12910000 4.80443
12920000 4.80597
12930000 4.80669
12940000 4.80823
12950000 4.80884
12960000 4.80862
12970000 4.80973
12980000 4.81024
12990000 4.81032
13000000 4.81153
13010000 4.81126
13020000 4.81152
13030000 4.8116
13040000 4.81259
13050000 4.81357
13060000 4.81358
13070000 4.81485
13080000 4.81527
13090000 4.81577
13100000 4.815
13110000 4.81723
13120000 4.81781
13130000 4.81884
13140000 4.81963
13150000 4.8195
13160000 4.82167
13170000 4.82257
13180000 4.82254
13190000 4.82268
13200000 4.82378
13210000 4.82445
13220000 4.82649
13230000 4.82673
13240000 4.82739
13250000 4.82738
13260000 4.82756
13270000 4.82837
13280000 4.8291
13290000 4.82997
13300000 4.83134
13310000 4.83185
13320000 4.8333
13330000 4.83406
13340000 4.83486
13350000 4.83638
13360000 4.83742
13370000 4.83828
13380000 4.83914
13390000 4.83914
13400000 4.8406
13410000 4.84164
13420000 4.84206
13430000 4.8433
13440000 4.84571
13450000 4.84602
13460000 4.84644
13470000 4.84739
13480000 4.84809
13490000 4.84882
13500000 4.85014
13510000 4.85022
13520000 4.85186
13530000 4.85204
13540000 4.85194
13550000 4.85257
13560000 4.85453
13570000 4.85525
13580000 4.85475
13590000 4.85597
13600000 4.85732
13610000 4.85823
13620000 4.85973
13630000 4.86004
13640000 4.86037
13650000 4.86216
13660000 4.86353
13670000 4.86458
13680000 4.86664
13690000 4.86626
13700000 4.86611
13710000 4.86621
13720000 4.86674
13730000 4.86752
13740000 4.86872
13750000 4.86943
13760000 4.86922
13770000 4.86916
13780000 4.86989
13790000 4.87133
13800000 4.87272
13810000 4.8739
13820000 4.87513
13830000 4.87553
13840000 4.87628
13850000 4.87681
13860000 4.87807
13870000 4.87759
13880000 4.87917
13890000 4.88021
13900000 4.88208
13910000 4.88285
13920000 4.88426
13930000 4.88404
13940000 4.88582
13950000 4.88684
13960000 4.88648
13970000 4.88772
13980000 4.88818
13990000 4.88955
14000000 4.89013
14010000 4.89116
14020000 4.89228
14030000 4.89312
14040000 4.89475
14050000 4.8959
14060000 4.89645
14070000 4.89743
14080000 4.89791
14090000 4.89818
14100000 4.89987
14110000 4.89954
14120000 4.90102
14130000 4.90158
14140000 4.90194
14150000 4.90313
14160000 4.90356
14170000 4.90401
14180000 4.90475
14190000 4.90624
14200000 4.90689
14210000 4.90764
14220000 4.90874
14230000 4.91031
14240000 4.91012
14250000 4.91038
14260000 4.91095
14270000 4.9128
14280000 4.91352
14290000 4.91362
14300000 4.91562
14310000 4.91668
14320000 4.91653
14330000 4.91709
14340000 4.91728
14350000 4.91896
14360000 4.91969
14370000 4.92159
14380000 4.92159
14390000 4.92285
14400000 4.92378
14410000 4.92527
14420000 4.92553
14430000 4.9266
14440000 4.92759
14450000 4.92868
14460000 4.93073
14470000 4.93076
14480000 4.93129
14490000 4.9315
14500000 4.9324
14510000 4.93377
14520000 4.93364
14530000 4.93448
14540000 4.93636
14550000 4.93639
14560000 4.93721
14570000 4.93902
14580000 4.93989
14590000 4.9397
14600000 4.94073
14610000 4.94093
14620000 4.94147
14630000 4.94202
14640000 4.943
14650000 4.94388
14660000 4.94514
14670000 4.94623
14680000 4.94623
14690000 4.94751
14700000 4.94756
14710000 4.94799
14720000 4.94904
14730000 4.94893
14740000 4.94915
14750000 4.95176
14760000 4.95333
14770000 4.95422
14780000 4.95472
14790000 4.95563
14800000 4.95809
14810000 4.95823
14820000 4.95914
14830000 4.95971
14840000 4.9608
14850000 4.9623
14860000 4.96317
14870000 4.96295
14880000 4.96514
14890000 4.96611
14900000 4.96652
14910000 4.96694
14920000 4.96939
14930000 4.96993
14940000 4.97059
14950000 4.97259
14960000 4.97344
14970000 4.9749
14980000 4.97476
14990000 4.97498
15000000 4.97558
15010000 4.976
15020000 4.97689
15030000 4.97761
15040000 4.97886
15050000 4.98056
15060000 4.9806
15070000 4.98139
15080000 4.98186
15090000 4.98273
15100000 4.98455
15110000 4.98638
15120000 4.98727
15130000 4.98756
15140000 4.9881
15150000 4.98815
15160000 4.98992
15170000 4.99132
15180000 4.99198
15190000 4.99224
15200000 4.99226
15210000 4.99301
15220000 4.9934
15230000 4.99471
15240000 4.99474
15250000 4.99574
15260000 4.99612
15270000 4.99698
15280000 4.99801
15290000 4.99942
15300000 5.00012
15310000 5.00097
15320000 5.00109
15330000 5.00163
15340000 5.00299
15350000 5.00361
15360000 5.00402
15370000 5.00429
15380000 5.0055
15390000 5.00659
15400000 5.00685
15410000 5.0088
15420000 5.00926
15430000 5.01006
15440000 5.01123
15450000 5.01168
15460000 5.01235
15470000 5.01407
15480000 5.01387
15490000 5.01443
15500000 5.01481
15510000 5.0165
15520000 5.01751
15530000 5.01758
15540000 5.01827
15550000 5.01904
15560000 5.01943
15570000 5.02134
15580000 5.02125
15590000 5.02193
15600000 5.0228
15610000 5.02352
15620000 5.02388
15630000 5.02501
15640000 5.02567
15650000 5.0264
15660000 5.02796
15670000 5.02855
15680000 5.02951
15690000 5.0302
15700000 5.03035
15710000 5.03113
15720000 5.03139
15730000 5.03177
15740000 5.03428
15750000 5.03407
15760000 5.03492
15770000 5.03509
15780000 5.03565
15790000 5.0362
15800000 5.03692
15810000 5.04015
15820000 5.0406
15830000 5.04062
15840000 5.04167
15850000 5.04233
15860000 5.04356
15870000 5.04388
15880000 5.04427
15890000 5.04517
15900000 5.04607
15910000 5.04785
15920000 5.0481
15930000 5.04836
15940000 5.04796
15950000 5.04817
15960000 5.04973
15970000 5.05051
15980000 5.05101
15990000 5.05147
16000000 5.05359
16010000 5.05415
16020000 5.05397
16030000 5.05515
16040000 5.05571
16050000 5.05627
16060000 5.05745
16070000 5.05794
16080000 5.05869
16090000 5.05968
16100000 5.06004
16110000 5.06145
16120000 5.06135
16130000 5.06331
16140000 5.0631
16150000 5.06517
16160000 5.06535
16170000 5.06679
16180000 5.06773
16190000 5.06808
16200000 5.06909
16210000 5.07017
16220000 5.07071
16230000 5.07206
16240000 5.07318
16250000 5.07374
16260000 5.07514
16270000 5.07607
16280000 5.07601
16290000 5.07767
16300000 5.07881
16310000 5.08034
16320000 5.0807
16330000 5.0815
16340000 5.08148
16350000 5.08233
16360000 5.08285
16370000 5.0837
16380000 5.08412
16390000 5.08547
16400000 5.08658
16410000 5.08791
16420000 5.08889
16430000 5.09018
16440000 5.09065
16450000 5.09059
16460000 5.09155
16470000 5.09225
16480000 5.09502
16490000 5.09666
16500000 5.09739
16510000 5.09756
16520000 5.09794
16530000 5.09762
16540000 5.0992
16550000 5.10047
16560000 5.1012
16570000 5.10215
16580000 5.10328
16590000 5.10422
16600000 5.1046
16610000 5.10464
16620000 5.10521
16630000 5.10688
16640000 5.10831
16650000 5.10836
16660000 5.10917
16670000 5.11014
16680000 5.11029
16690000 5.11172
16700000 5.11287
16710000 5.11356
16720000 5.1155
16730000 5.11586
16740000 5.11719
16750000 5.11709
16760000 5.11691
16770000 5.11831
16780000 5.11907
16790000 5.11995
16800000 5.12083
16810000 5.12107
16820000 5.12091
16830000 5.12115
16840000 5.12276
16850000 5.12372
16860000 5.12367
16870000 5.12605
16880000 5.12651
16890000 5.12757
16900000 5.12903
16910000 5.12957
16920000 5.13015
16930000 5.13192
16940000 5.13287
16950000 5.13353
16960000 5.13379
16970000 5.13312
16980000 5.1352
16990000 5.13625
17000000 5.13714
17010000 5.13668
17020000 5.13684
17030000 5.13737
17040000 5.13888
17050000 5.13879
17060000 5.13944
17070000 5.14018
17080000 5.14191
17090000 5.14283
17100000 5.14463
17110000 5.14545
17120000 5.1462
17130000 5.14725
17140000 5.14777
17150000 5.14824
17160000 5.14818
17170000 5.14929
17180000 5.1492
17190000 5.15126
17200000 5.15229
17210000 5.15429
17220000 5.15483
17230000 5.15491
17240000 5.15661
17250000 5.15674
17260000 5.15743
17270000 5.15758
17280000 5.15939
17290000 5.16041
17300000 5.16205
17310000 5.16243
17320000 5.16378
17330000 5.166
17340000 5.16719
17350000 5.1665
17360000 5.16678
17370000 5.1671
17380000 5.16854
17390000 5.17022
17400000 5.17082
17410000 5.17262
17420000 5.17336
17430000 5.17389
17440000 5.1746
17450000 5.17425
17460000 5.1762
17470000 5.17645
17480000 5.17767
17490000 5.17925
17500000 5.17853
17510000 5.18014
17520000 5.17992
17530000 5.18074
17540000 5.1807
17550000 5.1817
17560000 5.18303
17570000 5.18388
17580000 5.18396
17590000 5.18516
17600000 5.18625
17610000 5.18781
17620000 5.18895
17630000 5.18992
17640000 5.19121
17650000 5.1914
17660000 5.1929
17670000 5.19385
17680000 5.19461
17690000 5.1954
17700000 5.19629
17710000 5.19738
17720000 5.19633
17730000 5.19754
17740000 5.19958
17750000 5.20049
17760000 5.20123
17770000 5.20176
17780000 5.20224
17790000 5.20371
17800000 5.20438
17810000 5.2051
17820000 5.20554
17830000 5.20696
17840000 5.2071
17850000 5.20763
17860000 5.20972
17870000 5.21049
17880000 5.2108
17890000 5.21227
17900000 5.21337
17910000 5.21351
17920000 5.21504
17930000 5.21632
17940000 5.21728
17950000 5.21814
17960000 5.21952
17970000 5.21969
17980000 5.22077
17990000 5.22177
18000000 5.22292
18010000 5.22378
18020000 5.22454
18030000 5.2252
18040000 5.22562
18050000 5.2266
18060000 5.22809
18070000 5.22861
18080000 5.22942
18090000 5.22997
18100000 5.23025
18110000 5.23062
18120000 5.23164
18130000 5.23265
18140000 5.23269
18150000 5.23394
18160000 5.23394
18170000 5.23436
18180000 5.23542
18190000 5.23602
18200000 5.23697
18210000 5.23792
18220000 5.23993
18230000 5.23972
18240000 5.23975
18250000 5.24119
18260000 5.24215
18270000 5.24158
18280000 5.24253
18290000 5.2426
18300000 5.24286
18310000 5.24357
18320000 5.2455
18330000 5.24574
18340000 5.24616
18350000 5.24688
18360000 5.24755
18370000 5.24848
18380000 5.24897
18390000 5.25002
18400000 5.25093
18410000 5.25177
18420000 5.25339
18430000 5.25447
18440000 5.25582
18450000 5.25642
18460000 5.25703
18470000 5.25696
18480000 5.25743
18490000 5.25892
18500000 5.26069
18510000 5.26113
18520000 5.26211
18530000 5.26249
18540000 5.26369
18550000 5.26474
18560000 5.26502
18570000 5.26582
18580000 5.26707
18590000 5.26718
18600000 5.26839
18610000 5.26917
18620000 5.27091
18630000 5.27229
18640000 5.27338
18650000 5.27388
18660000 5.27396
18670000 5.27477
18680000 5.27573
18690000 5.27706
18700000 5.27756
18710000 5.2779
18720000 5.27881
18730000 5.27967
18740000 5.27985
18750000 5.28034
18760000 5.28143
18770000 5.2819
18780000 5.28339
18790000 5.28416
18800000 5.28605
18810000 5.28647
18820000 5.2871
18830000 5.28799
18840000 5.28825
18850000 5.28999
18860000 5.29007
18870000 5.28995
18880000 5.29038
18890000 5.29198
18900000 5.29264
18910000 5.29289
18920000 5.29316
18930000 5.29328
18940000 5.2947
18950000 5.29487
18960000 5.29618
18970000 5.29677
18980000 5.29804
18990000 5.29951
19000000 5.29968
19010000 5.30035
19020000 5.30132
19030000 5.30278
19040000 5.30321
19050000 5.30328
19060000 5.30326
19070000 5.30361
19080000 5.30413
19090000 5.30449
19100000 5.3054
19110000 5.30705
19120000 5.30641
19130000 5.30799
19140000 5.30791
19150000 5.30845
19160000 5.30975
19170000 5.30995
19180000 5.30963
19190000 5.31061
19200000 5.3107
19210000 5.31194
19220000 5.31278
19230000 5.31343
19240000 5.31386
19250000 5.31463
19260000 5.31693
19270000 5.31791
19280000 5.31825
19290000 5.31918
19300000 5.31872
19310000 5.31936
19320000 5.31971
19330000 5.32018
19340000 5.32065
19350000 5.3214
19360000 5.32252
19370000 5.323
19380000 5.32382
19390000 5.32445
19400000 5.3248
19410000 5.32657
19420000 5.32747
19430000 5.32799
19440000 5.32825
19450000 5.32898
19460000 5.32908
19470000 5.33042
19480000 5.3315
19490000 5.33186
19500000 5.33375
19510000 5.33422
19520000 5.33408
19530000 5.33442
19540000 5.33594
19550000 5.33641
19560000 5.3358
19570000 5.33654
19580000 5.33754
19590000 5.33945
19600000 5.3391
19610000 5.34018
19620000 5.34161
19630000 5.3427
19640000 5.34349
19650000 5.34522
19660000 5.34625
19670000 5.3466
19680000 5.34734
19690000 5.3478
19700000 5.34816
19710000 5.34938
19720000 5.34967
19730000 5.34972
19740000 5.35084
19750000 5.35221
19760000 5.35326
19770000 5.3538
19780000 5.35409
19790000 5.35535
19800000 5.35571
19810000 5.35584
19820000 5.35695
19830000 5.35785
19840000 5.35794
19850000 5.3586
19860000 5.36038
19870000 5.36069
19880000 5.36103
19890000 5.36142
19900000 5.3626
19910000 5.3633
19920000 5.36502
19930000 5.36593
19940000 5.36606
19950000 5.36658
19960000 5.36742
19970000 5.36853
19980000 5.36869
19990000 5.36957
20000000 5.37117
20010000 5.37124
20020000 5.37217
20030000 5.3729
20040000 5.37341
20050000 5.37474
20060000 5.37525
20070000 5.37624
20080000 5.37774
20090000 5.37797
20100000 5.38006
20110000 5.38054
20120000 5.38177
20130000 5.38213
20140000 5.38314
20150000 5.38404
20160000 5.38283
20170000 5.38319
20180000 5.38412
20190000 5.38527
20200000 5.38608
20210000 5.38536
20220000 5.38601
20230000 5.38562
20240000 5.38695
20250000 5.38746
20260000 5.38807
20270000 5.3895
20280000 5.39005
20290000 5.39085
20300000 5.39183
20310000 5.39224
20320000 5.3936
20330000 5.39391
20340000 5.39465
20350000 5.3957
20360000 5.39708
20370000 5.39711
20380000 5.39892
20390000 5.39925
20400000 5.39945
20410000 5.40076
20420000 5.40127
20430000 5.40157
20440000 5.40329
20450000 5.40415
20460000 5.40556
20470000 5.40489
20480000 5.40597
20490000 5.40609
20500000 5.40725
20510000 5.40781
20520000 5.40768
20530000 5.40774
20540000 5.40806
20550000 5.40883
20560000 5.40958
20570000 5.41087
20580000 5.41136
20590000 5.41289
20600000 5.41381
20610000 5.4151
20620000 5.41565
20630000 5.4165
20640000 5.41645
20650000 5.41711
20660000 5.41804
20670000 5.41768
20680000 5.41886
20690000 5.41902
20700000 5.42013
20710000 5.42028
20720000 5.42151
20730000 5.42122
20740000 5.42151
20750000 5.42208
20760000 5.4237
20770000 5.42494
20780000 5.42555
20790000 5.42627
20800000 5.4267
20810000 5.42722
20820000 5.42843
20830000 5.42961
20840000 5.43058
20850000 5.4309
20860000 5.4324
20870000 5.43247
20880000 5.43337
20890000 5.434
20900000 5.43466
20910000 5.43525
20920000 5.4359
20930000 5.43659
20940000 5.43595
20950000 5.43639
20960000 5.43702
20970000 5.43815
20980000 5.43968
20990000 5.44085
21000000 5.44175
21010000 5.44321
21020000 5.44358
21030000 5.4446
21040000 5.44506
21050000 5.44611
21060000 5.44646
21070000 5.44779
21080000 5.44813
21090000 5.44898
21100000 5.44945
21110000 5.45011
21120000 5.45059
21130000 5.45177
21140000 5.45211
21150000 5.45386
21160000 5.45429
21170000 5.45493
21180000 5.45538
21190000 5.45551
21200000 5.457
21210000 5.45856
21220000 5.45958
21230000 5.46094
21240000 5.46176
21250000 5.4622
21260000 5.46216
21270000 5.46409
21280000 5.46443
21290000 5.46483
21300000 5.46508
21310000 5.46559
21320000 5.46584
21330000 5.46714
21340000 5.46795
21350000 5.46866
21360000 5.47054
21370000 5.47074
21380000 5.47141
21390000 5.47084
21400000 5.47237
21410000 5.47241
21420000 5.47332
21430000 5.47349
21440000 5.47392
21450000 5.47519
21460000 5.47572
21470000 5.47696
21480000 5.47693
21490000 5.47742
21500000 5.47868
21510000 5.47973
21520000 5.47989
21530000 5.48108
21540000 5.48125
21550000 5.48316
21560000 5.48425
21570000 5.48489
21580000 5.48477
21590000 5.48616
21600000 5.48737
21610000 5.48714
21620000 5.48857
21630000 5.48858
21640000 5.48881
21650000 5.48852
21660000 5.49003
21670000 5.49073
21680000 5.49173
21690000 5.49197
21700000 5.49244
21710000 5.49393
21720000 5.49462
21730000 5.49627
21740000 5.49714
21750000 5.49786
21760000 5.49938
21770000 5.49994
21780000 5.50083
21790000 5.50117
21800000 5.50157
21810000 5.50298
21820000 5.50351
21830000 5.50452
21840000 5.50432
21850000 5.50559
21860000 5.50608
21870000 5.50569
21880000 5.50679
21890000 5.50741
21900000 5.50848
21910000 5.50895
21920000 5.50966
21930000 5.51069
21940000 5.51185
21950000 5.5122
21960000 5.5137
21970000 5.51347
21980000 5.5134
21990000 5.51434
22000000 5.51435
22010000 5.51498
22020000 5.51606
22030000 5.51675
22040000 5.51684
22050000 5.51781
22060000 5.51839
22070000 5.51898
22080000 5.51909
22090000 5.51944
22100000 5.52035
22110000 5.52223
22120000 5.52286
22130000 5.52303
22140000 5.5237
22150000 5.52465
22160000 5.52443
22170000 5.52579
22180000 5.52767
22190000 5.52822
22200000 5.52849
22210000 5.53059
22220000 5.53071
22230000 5.53124
22240000 5.53214
22250000 5.53208
22260000 5.53402
22270000 5.53517
22280000 5.53602
22290000 5.53652
22300000 5.53721
22310000 5.53781
22320000 5.53891
22330000 5.53863
22340000 5.53827
22350000 5.53938
22360000 5.54044
22370000 5.54169
22380000 5.54223
22390000 5.54237
22400000 5.54344
22410000 5.54412
22420000 5.54475
22430000 5.54517
22440000 5.54577
22450000 5.54582
22460000 5.54648
22470000 5.54675
22480000 5.54831
22490000 5.54897
22500000 5.55
22510000 5.55069
22520000 5.55125
22530000 5.55135
22540000 5.55155
22550000 5.55186
22560000 5.55243
22570000 5.55287
22580000 5.55327
22590000 5.5531
22600000 5.5537
22610000 5.55527
22620000 5.55728
22630000 5.55828
22640000 5.55901
22650000 5.55988
22660000 5.56068
22670000 5.56187
22680000 5.56235
22690000 5.56286
22700000 5.56396
22710000 5.56536
22720000 5.56608
22730000 5.56596
22740000 5.56576
22750000 5.5663
22760000 5.56712
22770000 5.56805
22780000 5.56808
22790000 5.56823
22800000 5.56915
22810000 5.57008
22820000 5.57026
22830000 5.571
22840000 5.57202
22850000 5.57323
22860000 5.57358
22870000 5.57437
22880000 5.57493
22890000 5.57561
22900000 5.57596
22910000 5.57786
22920000 5.57742
22930000 5.57845
22940000 5.57901
22950000 5.58003
22960000 5.58073
22970000 5.58151
22980000 5.5829
22990000 5.58325
23000000 5.58468
23010000 5.58447
23020000 5.5856
23030000 5.58607
23040000 5.58754
23050000 5.58823
23060000 5.58851
23070000 5.58899
23080000 5.58964
23090000 5.59034
23100000 5.59073
23110000 5.59087
23120000 5.59047
23130000 5.59168
23140000 5.59217
23150000 5.59374
23160000 5.59393
23170000 5.59525
23180000 5.59518
23190000 5.59517
23200000 5.59653
23210000 5.59779
23220000 5.59908
23230000 5.59959
23240000 5.60007
23250000 5.60099
23260000 5.60106
23270000 5.60258
23280000 5.60277
23290000 5.60371
23300000 5.60473
23310000 5.60518
23320000 5.60596
23330000 5.60736
23340000 5.60789
23350000 5.60835
23360000 5.6097
23370000 5.61029
23380000 5.61177
23390000 5.6121
23400000 5.6132
23410000 5.6136
23420000 5.61475
23430000 5.6154
23440000 5.61636
23450000 5.61753
23460000 5.6185
23470000 5.61901
23480000 5.62045
23490000 5.62171
23500000 5.62187
23510000 5.62254
23520000 5.62357
23530000 5.62381
23540000 5.62447
23550000 5.62509
23560000 5.62486
23570000 5.62589
23580000 5.62608
23590000 5.62797
23600000 5.62864
23610000 5.63061
23620000 5.63081
23630000 5.63084
23640000 5.63111
23650000 5.63337
23660000 5.63375
23670000 5.63515
23680000 5.63605
23690000 5.637
23700000 5.63744
23710000 5.638
23720000 5.63805
23730000 5.63937
23740000 5.64048
23750000 5.64076
23760000 5.64187
23770000 5.64187
23780000 5.64142
23790000 5.64215
23800000 5.64303
23810000 5.64371
23820000 5.64396
23830000 5.64468
23840000 5.6443
23850000 5.64359
23860000 5.64385
23870000 5.64449
23880000 5.64546
23890000 5.64663
23900000 5.64825
23910000 5.64914
23920000 5.6506
23930000 5.65021
23940000 5.65139
23950000 5.65194
23960000 5.6529
23970000 5.65361
23980000 5.65447
23990000 5.65479
24000000 5.65586
24010000 5.6565
24020000 5.65781
24030000 5.6585
24040000 5.65836
24050000 5.6586
24060000 5.65942
24070000 5.66011
24080000 5.66032
24090000 5.66198
24100000 5.66263
24110000 5.66332
24120000 5.66425
24130000 5.66473
24140000 5.66486
24150000 5.66569
24160000 5.6675
24170000 5.66761
24180000 5.6689
24190000 5.66931
24200000 5.66988
24210000 5.67037
24220000 5.67045
24230000 5.67091
24240000 5.67113
24250000 5.67208
24260000 5.67287
24270000 5.67278
24280000 5.67365
24290000 5.67414
24300000 5.67395
24310000 5.67521
24320000 5.67591
24330000 5.67658
24340000 5.67763
24350000 5.67864
24360000 5.67908
24370000 5.67938
24380000 5.67997
24390000 5.68078
24400000 5.68177
24410000 5.68337
24420000 5.68408
24430000 5.68475
24440000 5.68467
24450000 5.68565
24460000 5.68741
24470000 5.68872
24480000 5.68889
24490000 5.69032
24500000 5.69153
24510000 5.6924
24520000 5.69388
24530000 5.69335
24540000 5.69426
24550000 5.69493
24560000 5.69439
24570000 5.69585
24580000 5.69672
24590000 5.69832
24600000 5.69879
24610000 5.69942
24620000 5.70069
24630000 5.70227
24640000 5.70377
24650000 5.7037
24660000 5.7041
24670000 5.7043
24680000 5.70564
24690000 5.70712
24700000 5.70823
24710000 5.70963
24720000 5.70958
24730000 5.70967
24740000 5.71021
24750000 5.71119
24760000 5.7127
24770000 5.71308
24780000 5.71444
24790000 5.7149
24800000 5.71441
24810000 5.71568
24820000 5.71661
24830000 5.71732
24840000 5.7169
24850000 5.71809
24860000 5.71895
24870000 5.71951
24880000 5.7216
24890000 5.7219
24900000 5.72236
24910000 5.72303
24920000 5.72383
24930000 5.7241
24940000 5.72417
24950000 5.72401
24960000 5.72545
24970000 5.72641
24980000 5.72738
24990000 5.72756
25000000 5.72659
25010000 5.72717
25020000 5.72793
25030000 5.72836
25040000 5.72894
25050000 5.72921
25060000 5.73054
25070000 5.7307
25080000 5.73196
25090000 5.73208
25100000 5.7334
25110000 5.73435
25120000 5.73511
25130000 5.73644
25140000 5.73703
25150000 5.73798
25160000 5.73798
25170000 5.73777
25180000 5.73864
25190000 5.73909
25200000 5.74085
25210000 5.74148
25220000 5.74258
25230000 5.743
25240000 5.74397
25250000 5.74437
25260000 5.7452
25270000 5.74651
25280000 5.74642
25290000 5.74672
25300000 5.74719
25310000 5.74752
25320000 5.74915
25330000 5.74955
25340000 5.75064
25350000 5.75153
25360000 5.75216
25370000 5.75271
25380000 5.75197
25390000 5.75248
25400000 5.75332
25410000 5.75396
25420000 5.75457
25430000 5.75454
25440000 5.75489
25450000 5.75648
25460000 5.75628
25470000 5.75812
25480000 5.75865
25490000 5.75964
25500000 5.76087
25510000 5.76098
25520000 5.7615
25530000 5.76204
25540000 5.76288
25550000 5.76313
25560000 5.76444
25570000 5.76549
25580000 5.76669
25590000 5.76711
25600000 5.76821
25610000 5.76871
25620000 5.76895
25630000 5.76862
25640000 5.76948
25650000 5.77033
25660000 5.77071
25670000 5.77132
25680000 5.77231
25690000 5.7729
25700000 5.77265
25710000 5.77373
25720000 5.77602
25730000 5.77616
25740000 5.77715
25750000 5.77736
25760000 5.77799
25770000 5.77881
25780000 5.77987
25790000 5.78011
25800000 5.78111
25810000 5.78168
25820000 5.78239
25830000 5.78339
25840000 5.78303
25850000 5.78384
25860000 5.78455
25870000 5.78495
25880000 5.78561
25890000 5.78752
25900000 5.78873
25910000 5.78803
25920000 5.78943
25930000 5.78865
25940000 5.78995
25950000 5.79049
25960000 5.79074
25970000 5.79206
25980000 5.79246
25990000 5.79283
26000000 5.79334
26010000 5.79409
26020000 5.79516
26030000 5.79569
26040000 5.79594
26050000 5.79633
26060000 5.79743
26070000 5.79866
26080000 5.79883
26090000 5.79939
26100000 5.7997
26110000 5.80073
26120000 5.80154
26130000 5.80336
26140000 5.8041
26150000 5.80486
26160000 5.80524
26170000 5.8063
26180000 5.80737
26190000 5.80775
26200000 5.8083
26210000 5.81018
26220000 5.81102
26230000 5.81145
26240000 5.81239
26250000 5.81286
26260000 5.81364
26270000 5.81357
26280000 5.81353
26290000 5.81479
26300000 5.81542
26310000 5.8166
26320000 5.81722
26330000 5.8181
26340000 5.8187
26350000 5.8195
26360000 5.81945
26370000 5.82039
26380000 5.82074
26390000 5.82145
26400000 5.82111
26410000 5.82226
26420000 5.82231
26430000 5.82373
26440000 5.82349
26450000 5.82474
26460000 5.8254
26470000 5.82525
26480000 5.82586
26490000 5.82671
26500000 5.82756
26510000 5.82741
26520000 5.8281
26530000 5.82815
26540000 5.82796
26550000 5.82966
26560000 5.83082
26570000 5.83173
26580000 5.83198
26590000 5.83227
26600000 5.83417
26610000 5.83434
26620000 5.83432
26630000 5.83482
26640000 5.83579
26650000 5.83624
26660000 5.83659
26670000 5.8375
26680000 5.83837
26690000 5.83854
26700000 5.8397
26710000 5.84049
26720000 5.84212
26730000 5.84273
26740000 5.84276
26750000 5.84281
26760000 5.84441
26770000 5.845
26780000 5.84587
26790000 5.84585
26800000 5.84608
26810000 5.84635
26820000 5.84758
26830000 5.84804
26840000 5.84874
26850000 5.84923
26860000 5.85014
26870000 5.85019
26880000 5.85058
26890000 5.85198
26900000 5.85269
26910000 5.8527
26920000 5.85425
26930000 5.85511
26940000 5.85532
26950000 5.85598
26960000 5.85707
26970000 5.85795
26980000 5.85903
26990000 5.85955
27000000 5.86011
27010000 5.86024
27020000 5.86079
27030000 5.86116
27040000 5.86158
27050000 5.86184
27060000 5.86281
27070000 5.86449
27080000 5.86535
27090000 5.86611
27100000 5.86722
27110000 5.86895
27120000 5.86926
27130000 5.87048
27140000 5.87048
27150000 5.87145
27160000 5.87185
27170000 5.8735
27180000 5.87431
27190000 5.875
27200000 5.87676
27210000 5.87707
27220000 5.87807
27230000 5.87924
27240000 5.87954
27250000 5.88018
27260000 5.88122
27270000 5.88134
27280000 5.88249
27290000 5.88254
27300000 5.8833
27310000 5.88444
27320000 5.88578
27330000 5.88523
27340000 5.88551
27350000 5.88671
27360000 5.88682
27370000 5.88706
27380000 5.88696
27390000 5.88737
27400000 5.88868
27410000 5.88897
27420000 5.88918
27430000 5.88935
27440000 5.88976
27450000 5.8905
27460000 5.89158
27470000 5.89137
27480000 5.89267
27490000 5.89347
27500000 5.894
27510000 5.89496
27520000 5.89549
27530000 5.8963
27540000 5.89743
27550000 5.89768
27560000 5.89832
27570000 5.89894
27580000 5.89935
27590000 5.89933
27600000 5.89879
27610000 5.90079
27620000 5.90224
27630000 5.90238
27640000 5.90364
27650000 5.90405
27660000 5.90439
27670000 5.90411
27680000 5.90471
27690000 5.90531
27700000 5.90599
27710000 5.90625
27720000 5.90771
27730000 5.90822
27740000 5.90881
27750000 5.90947
27760000 5.91021
27770000 5.91055
27780000 5.91148
27790000 5.91259
27800000 5.91325
27810000 5.91397
27820000 5.91372
27830000 5.91448
27840000 5.9149
27850000 5.91603
27860000 5.91622
27870000 5.91723
27880000 5.91825
27890000 5.91869
27900000 5.91879
27910000 5.91982
27920000 5.92103
27930000 5.92073
27940000 5.92158
27950000 5.92307
27960000 5.92393
27970000 5.92414
27980000 5.92491
27990000 5.92589
28000000 5.92669
28010000 5.9276
28020000 5.92853
28030000 5.9281
28040000 5.92897
28050000 5.92962
28060000 5.9297
28070000 5.92988
28080000 5.93075
28090000 5.93106
28100000 5.93208
28110000 5.93255
28120000 5.93238
28130000 5.93312
28140000 5.93329
28150000 5.93417
28160000 5.93451
28170000 5.93443
28180000 5.93646
28190000 5.93639
28200000 5.93767
28210000 5.93804
28220000 5.93823
28230000 5.93804
28240000 5.93917
28250000 5.94055
28260000 5.94072
28270000 5.94096
28280000 5.94174
28290000 5.94175
28300000 5.94182
28310000 5.94345
28320000 5.94449
28330000 5.94448
28340000 5.94544
28350000 5.94668
28360000 5.9472
28370000 5.94834
28380000 5.94842
28390000 5.94924
28400000 5.95033
28410000 5.95125
28420000 5.95131
28430000 5.95199
28440000 5.95305
28450000 5.95416
28460000 5.95552
28470000 5.95623
28480000 5.9555
28490000 5.95695
28500000 5.95825
28510000 5.95849
28520000 5.95893
28530000 5.95867
28540000 5.95968
28550000 5.96047
28560000 5.96133
28570000 5.96246
28580000 5.9634
28590000 5.96457
28600000 5.96512
28610000 5.9662
28620000 5.96628
28630000 5.96672
28640000 5.9666
28650000 5.96752
28660000 5.96801
28670000 5.96904
28680000 5.96972
28690000 5.97026
28700000 5.9707
28710000 5.97121
28720000 5.97097
28730000 5.97235
28740000 5.97242
28750000 5.97272
28760000 5.97355
28770000 5.9743
28780000 5.97554
28790000 5.97616
28800000 5.97617
28810000 5.97609
28820000 5.97785
28830000 5.97859
28840000 5.97884
28850000 5.97934
28860000 5.9799
28870000 5.98059
28880000 5.98098
28890000 5.98241
28900000 5.98305
28910000 5.98359
28920000 5.98383
28930000 5.98483
28940000 5.98555
28950000 5.98555
28960000 5.98698
28970000 5.98766
28980000 5.98783
28990000 5.98943
29000000 5.99051
29010000 5.99178
29020000 5.99247
29030000 5.99304
29040000 5.99269
29050000 5.99279
29060000 5.99339
29070000 5.99419
29080000 5.99597
29090000 5.99548
29100000 5.99739
29110000 5.99811
29120000 5.99809
29130000 5.99941
29140000 5.99912
29150000 5.99995
29160000 6.00065
29170000 6.00157
29180000 6.00234
29190000 6.00369
29200000 6.00511
29210000 6.00523
29220000 6.00627
29230000 6.00703
29240000 6.00756
29250000 6.00854
29260000 6.00876
29270000 6.00968
29280000 6.01029
29290000 6.01022
29300000 6.01115
29310000 6.01189
29320000 6.01295
29330000 6.01344
29340000 6.01346
29350000 6.01428
29360000 6.01387
29370000 6.01367
29380000 6.0144
29390000 6.01523
29400000 6.01599
29410000 6.01679
29420000 6.01652
29430000 6.01706
29440000 6.01806
29450000 6.01824
29460000 6.01865
29470000 6.01922
29480000 6.02048
29490000 6.02124
29500000 6.02137
29510000 6.02235
29520000 6.02285
29530000 6.02346
29540000 6.02389
29550000 6.02453
29560000 6.02557
29570000 6.02546
29580000 6.02632
29590000 6.0278
29600000 6.02819
29610000 6.02835
29620000 6.02874
29630000 6.02919
29640000 6.03057
29650000 6.03067
29660000 6.03149
29670000 6.03277
29680000 6.03292
29690000 6.03389
29700000 6.03403
29710000 6.03486
29720000 6.03538
29730000 6.03605
29740000 6.03603
29750000 6.03698
29760000 6.03758
29770000 6.03887
29780000 6.03966
29790000 6.04033
29800000 6.04063
29810000 6.04116
29820000 6.04161
29830000 6.04285
29840000 6.04317
29850000 6.0444
29860000 6.04574
29870000 6.04586
29880000 6.04594
29890000 6.04596
29900000 6.04629
29910000 6.04736
29920000 6.04789
29930000 6.04853
29940000 6.04934
29950000 6.05032
29960000 6.05088
29970000 6.05105
29980000 6.05187
29990000 6.05218
30000000 6.053
