10000 195.127
20000 125.116
30000 85.9618
40000 66.0149
50000 47.911
60000 37.5752
70000 30.7085
80000 25.4622
90000 21.6415
100000 19.6856
110000 17.4989
120000 16.2383
130000 15.2125
140000 14.2605
150000 13.6373
160000 13.1831
170000 12.7996
180000 12.3185
190000 12.078
200000 11.8345
210000 11.749
220000 11.4257
230000 11.0768
240000 11.1896
250000 10.7994
260000 10.7062
270000 10.7956
280000 10.5638
290000 10.4881
300000 10.1743
310000 10.3172
320000 10.121
330000 9.83977
340000 9.87826
350000 9.70635
360000 9.50567
370000 9.51354
380000 9.48398
390000 9.30808
400000 9.42783
410000 9.41375
420000 9.43944
430000 9.25971
440000 9.17657
450000 9.01195
460000 9.18035
470000 9.26613
480000 8.96489
490000 8.96102
500000 8.92222
510000 8.77157
520000 8.91422
530000 8.85673
540000 8.72674
550000 8.71298
560000 8.54297
570000 8.50678
580000 8.67208
590000 8.65585
600000 8.68289
610000 8.50818
620000 8.65095
630000 8.4904
640000 8.34812
650000 8.37795
660000 8.4145
670000 8.27991
680000 8.36271
690000 8.27301
700000 8.46449
710000 8.12164
720000 8.38576
730000 8.17044
740000 8.40355
750000 8.18936
760000 8.08148
770000 8.04975
780000 8.17048
790000 8.04983
800000 7.85932
810000 8.02906
820000 8.08596
830000 8.04899
840000 8.07579
850000 8.05889
860000 8.09169
870000 8.04076
880000 7.87741
890000 7.88923
900000 7.90204
910000 7.71253
920000 7.76776
930000 7.78138
940000 7.81448
950000 7.8107
960000 7.86246
970000 7.74246
980000 7.61807
990000 7.56699
1000000 7.69499
1010000 7.63394
1020000 7.80874
1030000 7.58292
1040000 7.67658
1050000 7.51593
1060000 7.53943
1070000 7.60162
1080000 7.44572
1090000 7.61736
1100000 7.54153
1110000 7.61669
1120000 7.52535
1130000 7.63797
1140000 7.4158
1150000 7.52767
1160000 7.56208
1170000 7.45325
1180000 7.57277
1190000 7.62493
1200000 7.35058
1210000 7.47495
1220000 7.47323
1230000 7.45762
1240000 7.31669
1250000 7.46923
1260000 7.42633
1270000 7.67886
1280000 7.49302
1290000 7.53175
1300000 7.60254
1310000 7.49052
1320000 7.37105
1330000 7.38432
1340000 7.36437
1350000 7.4255
1360000 7.46931
1370000 7.20558
1380000 7.37981
1390000 7.27578
1400000 7.32683
1410000 7.32152
1420000 7.29895
1430000 7.17009
1440000 7.36827
1450000 7.57465
1460000 7.23613
1470000 7.54684
1480000 7.3651
1490000 7.48059
1500000 7.21105
1510000 7.17927
1520000 7.27324
1530000 7.24116
1540000 7.29842
1550000 7.23515
1560000 7.24591
1570000 7.44226
1580000 7.34346
1590000 7.10773
1600000 7.13161
1610000 7.3231
1620000 7.11017
1630000 7.09482
1640000 7.17885
1650000 7.1691
1660000 7.27556
1670000 7.18245
1680000 7.35106
1690000 7.22248
1700000 7.48774
1710000 7.07588
1720000 7.05623
1730000 7.35491
1740000 7.25949
1750000 7.19437
1760000 7.11035
1770000 6.99351
1780000 7.13852
1790000 7.09403
1800000 7.14757
1810000 7.11347
1820000 7.08662
1830000 7.07556
1840000 7.15483
1850000 7.01922
1860000 7.01777
1870000 7.4195
1880000 7.2084
1890000 6.92813
1900000 6.99063
1910000 7.00548
1920000 7.12439
1930000 7.00017
1940000 7.013
1950000 7.10888
1960000 7.01338
1970000 6.96882
1980000 7.01094
1990000 6.9662
2000000 7.06794
2010000 7.0658
2020000 6.98033
2030000 7.17662
2040000 7.16708
2050000 7.1631
2060000 7.02554
2070000 7.01738
2080000 6.96135
2090000 7.17776
2100000 7.12255
2110000 7.07242
2120000 6.91078
2130000 7.00418
2140000 6.95631
2150000 6.9267
2160000 7.19407
2170000 6.98615
2180000 6.86405
2190000 7.1388
2200000 7.08714
2210000 7.13229
2220000 6.99965
2230000 7.01656
2240000 6.88649
2250000 7.13739
2260000 6.93739
2270000 6.96615
2280000 7.10229
2290000 6.96255
2300000 7.15763
2310000 6.99747
2320000 6.8575
2330000 6.97382
2340000 6.94944
2350000 7.02234
2360000 7.01284
2370000 6.92676
2380000 6.78021
2390000 6.98707
2400000 6.89568
2410000 6.78074
2420000 6.98683
2430000 7.13104
2440000 6.93468
2450000 7.025
2460000 7.08331
2470000 6.95486
2480000 6.85697
2490000 6.88859
2500000 6.88168
2510000 6.86974
2520000 7.04197
2530000 6.97365
2540000 6.94062
2550000 7.03071
2560000 6.84678
2570000 6.81026
2580000 6.94659
2590000 6.86645
2600000 6.87009
2610000 6.79191
2620000 6.80439
2630000 7.51174
2640000 6.90495
2650000 6.84406
2660000 6.78243
2670000 6.85535
2680000 6.85304
2690000 6.90924
2700000 6.86401
2710000 6.82477
2720000 6.87899
2730000 6.74252
2740000 6.94567
2750000 6.81296
2760000 6.92606
2770000 6.86874
2780000 6.81585
2790000 6.83234
2800000 7.0377
2810000 6.75283
2820000 6.88451
2830000 6.83502
2840000 6.97149
2850000 6.97128
2860000 7.08978
2870000 7.02214
2880000 6.80225
2890000 6.71327
2900000 6.92993
2910000 6.85207
2920000 6.92275
2930000 6.83949
2940000 6.69283
2950000 6.61116
2960000 6.98119
2970000 6.93961
2980000 6.78499
2990000 6.72628
3000000 6.82826
3010000 6.79702
3020000 6.89639
3030000 6.85954
3040000 6.87496
3050000 6.74023
3060000 6.83838
3070000 6.73501
3080000 6.72877
3090000 6.78389
3100000 6.89074
3110000 6.75671
3120000 6.8839
3130000 6.75437
3140000 6.78679
3150000 6.93597
3160000 6.80206
3170000 6.55354
3180000 6.79619
3190000 6.74009
3200000 6.75163
3210000 6.73537
3220000 6.7931
3230000 6.83241
3240000 6.75106
3250000 6.6786
3260000 6.72521
3270000 6.77259
3280000 6.65054
3290000 6.56513
3300000 6.71697
3310000 6.63116
3320000 6.72553
3330000 6.78054
3340000 6.75482
3350000 6.72387
3360000 6.85133
3370000 6.71548
3380000 6.64823
3390000 6.7772
3400000 6.63593
3410000 6.69386
3420000 6.57259
3430000 6.53448
3440000 6.73142
3450000 6.75289
3460000 6.6889
3470000 6.64396
3480000 6.62994
3490000 6.74343
3500000 6.6844
3510000 6.59435
3520000 6.63406
3530000 6.62878
3540000 6.76266
3550000 6.85328
3560000 6.90386
3570000 6.81781
3580000 6.60402
3590000 6.62325
3600000 6.59509
3610000 6.6232
3620000 6.58692
3630000 6.71606
3640000 6.8062
3650000 6.69135
3660000 6.75292
3670000 6.71016
3680000 6.68331
3690000 6.60255
3700000 6.72916
3710000 6.70297
3720000 6.65083
3730000 6.718
3740000 6.55335
3750000 6.68755
3760000 6.6674
3770000 6.64651
3780000 6.7459
3790000 6.72382
3800000 6.88072
3810000 6.82231
3820000 6.75857
3830000 6.70959
3840000 6.72604
3850000 6.58447
3860000 6.7624
3870000 6.77416
3880000 6.74114
3890000 6.68663
3900000 6.6521
3910000 6.60587
3920000 6.71904
3930000 6.58413
3940000 6.60214
3950000 6.6491
3960000 6.7019
3970000 6.78357
3980000 6.56999
3990000 6.62102
4000000 6.64211
4010000 6.59789
4020000 6.89259
4030000 6.53921
4040000 6.60955
4050000 6.61895
4060000 6.80708
4070000 6.56541
4080000 6.7312
4090000 6.65993
4100000 6.62052
4110000 6.71821
4120000 6.76761
4130000 7.02897
4140000 6.76038
4150000 6.71387
4160000 6.71086
4170000 6.63634
4180000 6.80464
4190000 6.5833
4200000 6.87153
4210000 6.74657
4220000 6.75511
4230000 6.90747
4240000 6.66505
4250000 6.70756
4260000 6.58956
4270000 6.65471
4280000 6.70301
4290000 6.71689
4300000 6.65224
4310000 6.77435
4320000 6.56095
4330000 6.56611
4340000 6.55892
4350000 6.59557
4360000 6.56137
4370000 6.76109
4380000 6.63881
4390000 6.58291
4400000 6.63613
4410000 6.64554
4420000 6.81675
4430000 6.58837
4440000 6.66659
4450000 6.62679
4460000 6.59471
4470000 6.54216
4480000 6.48793
4490000 6.54554
4500000 6.65155
4510000 6.53893
4520000 6.63611
4530000 6.52413
4540000 6.56613
4550000 6.77306
4560000 6.56762
4570000 6.52759
4580000 6.75941
4590000 6.54178
4600000 6.6198
4610000 6.84876
4620000 6.64375
4630000 6.84185
4640000 6.73743
4650000 6.69202
4660000 6.61893
4670000 6.53995
4680000 6.63545
4690000 6.67931
4700000 6.77129
4710000 6.63558
4720000 6.7827
4730000 6.70791
4740000 6.61172
4750000 6.55027
4760000 6.63124
4770000 6.50167
4780000 6.94187
4790000 6.5771
4800000 6.60339
4810000 6.67703
4820000 6.68785
4830000 6.55739
4840000 6.82416
4850000 6.33754
4860000 6.55948
4870000 6.52115
4880000 6.65478
4890000 6.47337
4900000 6.62213
4910000 6.61635
4920000 6.459
4930000 6.8725
4940000 6.52889
4950000 6.64256
4960000 6.57759
4970000 6.51881
4980000 6.53174
4990000 6.69205
5000000 6.59549
5010000 6.54343
5020000 6.66655
5030000 6.65824
5040000 6.60724
5050000 6.52489
5060000 6.62503
5070000 6.66938
5080000 6.56574
5090000 6.57882
5100000 6.75861
5110000 6.59512
5120000 6.61614
5130000 6.74741
5140000 6.56597
5150000 6.54255
5160000 6.51743
5170000 6.65857
5180000 6.42907
5190000 6.57332
5200000 6.47929
5210000 6.55234
5220000 6.49871
5230000 6.39279
5240000 6.46861
5250000 6.5545
5260000 6.55069
5270000 6.52489
5280000 6.47213
5290000 6.60022
5300000 6.73225
5310000 6.45009
5320000 6.494
5330000 6.59219
5340000 6.38535
5350000 6.55158
5360000 6.43864
5370000 6.61162
5380000 6.45626
5390000 6.51131
5400000 6.68923
5410000 6.57594
5420000 6.49011
5430000 6.44177
5440000 6.53934
5450000 6.50199
5460000 6.45546
5470000 6.4379
5480000 6.60452
5490000 6.6445
5500000 6.57709
5510000 6.65897
5520000 6.60819
5530000 6.60135
5540000 6.78576
5550000 6.69697
5560000 6.61105
5570000 6.59544
5580000 6.63727
5590000 6.53431
5600000 6.6225
5610000 6.59061
5620000 6.52326
5630000 6.68085
5640000 6.45039
5650000 6.50602
5660000 6.69216
5670000 6.63611
5680000 6.50846
5690000 6.69814
5700000 6.77454
5710000 6.52932
5720000 6.45184
5730000 6.61384
5740000 6.6766
5750000 6.63768
5760000 7.05912
5770000 6.54428
5780000 6.55179
5790000 6.52811
5800000 6.84003
5810000 6.46681
5820000 6.64521
5830000 6.46797
5840000 6.49635
5850000 6.53371
5860000 6.48505
5870000 6.47092
5880000 6.70437
5890000 6.55772
5900000 6.54829
5910000 6.63049
5920000 6.56876
5930000 6.49477
5940000 6.56591
5950000 6.59611
5960000 6.42033
5970000 6.52384
5980000 6.51776
5990000 6.62766
6000000 6.55374
6010000 6.50137
6020000 6.56022
6030000 6.52322
6040000 6.62163
6050000 6.44268
6060000 6.67302
6070000 6.43596
6080000 6.25855
6090000 6.5476
6100000 6.54484
6110000 6.62446
6120000 6.55188
6130000 6.44479
6140000 6.33537
6150000 6.4676
6160000 6.39404
6170000 6.70844
6180000 6.45386
6190000 6.46938
6200000 6.62253
6210000 6.4591
6220000 6.59438
6230000 6.63363
6240000 6.5633
6250000 6.68032
6260000 6.70023
6270000 6.58212
6280000 6.5059
6290000 6.47362
6300000 6.43653
6310000 6.29226
6320000 6.5192
6330000 6.41341
6340000 6.51726
6350000 6.52617
6360000 6.47864
6370000 6.48517
6380000 6.63983
6390000 6.63112
6400000 6.64032
6410000 6.58948
6420000 6.52708
6430000 6.53675
6440000 6.49444
6450000 6.4615
6460000 6.41064
6470000 6.40069
6480000 6.48567
6490000 6.52344
6500000 6.55608
6510000 6.48459
6520000 6.49745
6530000 6.53334
6540000 6.49604
6550000 6.49341
6560000 6.54639
6570000 6.42662
6580000 6.53359
6590000 6.54521
6600000 6.44162
6610000 6.54273
6620000 6.45174
6630000 6.39742
6640000 6.45363
6650000 6.52114
6660000 6.56177
6670000 6.47413
6680000 6.51129
6690000 6.58213
6700000 6.54574
6710000 6.49294
6720000 6.41334
6730000 6.71588
6740000 6.46931
6750000 6.53337
6760000 6.56351
6770000 6.50901
6780000 6.65153
6790000 6.39563
6800000 6.4047
6810000 6.44026
6820000 6.43894
6830000 6.50107
6840000 6.63826
6850000 6.58924
6860000 6.53312
6870000 6.49052
6880000 6.56367
6890000 6.40459
6900000 6.38746
6910000 6.46186
6920000 6.57499
6930000 6.63268
6940000 6.52419
6950000 6.64824
6960000 6.49254
6970000 6.51577
6980000 6.4358
6990000 6.47878
7000000 6.49837
7010000 6.69824
7020000 6.52843
7030000 6.50348
7040000 6.31539
7050000 6.46163
7060000 6.59991
7070000 6.60889
7080000 6.53424
7090000 6.51493
7100000 6.62389
7110000 6.64581
7120000 6.62602
7130000 6.50123
7140000 6.4887
7150000 6.40031
7160000 6.3702
7170000 6.42912
7180000 6.52123
7190000 6.43842
7200000 6.51587
7210000 6.41024
7220000 6.4505
7230000 6.52921
7240000 6.56559
7250000 6.51932
7260000 6.61061
7270000 6.49184
7280000 6.47014
7290000 6.73934
7300000 6.61586
7310000 6.46411
7320000 6.46825
7330000 6.48398
7340000 6.51053
7350000 6.58681
7360000 6.38282
7370000 6.49209
7380000 6.40415
7390000 6.62231
7400000 6.49933
7410000 6.41223
7420000 6.45998
7430000 6.44453
7440000 6.45632
7450000 6.51444
7460000 6.63614
7470000 6.62989
7480000 6.46105
7490000 6.37456
7500000 6.46931
7510000 6.54756
7520000 6.51213
7530000 6.46957
7540000 6.71628
7550000 6.33591
7560000 6.55606
7570000 6.606
7580000 6.6202
7590000 6.49304
7600000 6.47947
7610000 6.34682
7620000 6.33493
7630000 6.6215
7640000 6.608
7650000 6.628
7660000 6.5101
7670000 6.48606
7680000 6.5277
7690000 6.53272
7700000 6.41084
7710000 6.58343
7720000 6.31124
7730000 6.48716
7740000 6.49372
7750000 6.38486
7760000 6.37334
7770000 6.52292
7780000 6.43143
7790000 6.4731
7800000 6.46672
7810000 6.62035
7820000 6.56002
7830000 6.59871
7840000 6.38337
7850000 6.42032
7860000 6.41899
7870000 6.44557
7880000 6.45459
7890000 6.38941
7900000 6.3148
7910000 6.53113
7920000 6.47461
7930000 6.73171
7940000 6.39458
7950000 6.29875
7960000 6.40505
7970000 6.32208
7980000 6.49526
7990000 6.48078
8000000 6.50913
8010000 6.67277
8020000 6.47024
8030000 6.44204
8040000 6.40744
8050000 6.556
8060000 6.37701
8070000 6.49894
8080000 6.63313
8090000 6.57678
8100000 6.69384
8110000 6.43769
8120000 6.40036
8130000 6.44844
8140000 6.40672
8150000 6.71779
8160000 6.48471
8170000 6.3186
8180000 6.51484
8190000 6.52623
8200000 6.39826
8210000 6.49421
8220000 6.40633
8230000 6.35293
8240000 6.44413
8250000 6.43934
8260000 6.4597
8270000 6.43437
8280000 6.54132
8290000 6.61517
8300000 6.4223
8310000 6.61991
8320000 6.49246
8330000 6.53347
8340000 6.55729
8350000 6.40702
8360000 6.45128
8370000 6.49681
8380000 6.56193
8390000 6.84174
8400000 6.62572
8410000 6.37421
8420000 6.34836
8430000 6.33927
8440000 6.43715
8450000 6.36787
8460000 6.45736
8470000 6.48872
8480000 6.42287
8490000 6.68832
8500000 6.59602
8510000 6.45986
8520000 6.44289
8530000 6.41796
8540000 6.41017
8550000 6.39539
8560000 6.39503
8570000 6.57113
8580000 6.50416
8590000 6.44639
8600000 6.49574
8610000 6.53822
8620000 6.56657
8630000 6.39658
8640000 6.5029
8650000 6.50211
8660000 6.3976
8670000 6.775
8680000 6.62432
8690000 6.33817
8700000 6.45609
8710000 6.39504
8720000 6.37817
8730000 6.51558
8740000 6.43605
8750000 6.4063
8760000 6.27864
8770000 6.43786
8780000 6.47501
8790000 6.28248
8800000 6.44765
8810000 6.38488
8820000 6.42692
8830000 6.51499
8840000 6.53768
8850000 6.66141
8860000 6.53524
8870000 6.44204
8880000 6.44297
8890000 6.51132
8900000 6.58361
8910000 6.43214
8920000 6.49407
8930000 6.4046
8940000 6.47178
8950000 6.5354
8960000 6.40745
8970000 6.51387
8980000 6.40284
8990000 6.47739
9000000 6.49814
9010000 6.52017
9020000 6.62575
9030000 6.45536
9040000 6.35966
9050000 6.50823
9060000 6.58976
9070000 6.49397
9080000 6.6094
9090000 6.58234
9100000 6.71116
9110000 6.32615
9120000 6.71088
9130000 6.53884
9140000 6.46348
9150000 6.43677
9160000 6.49973
9170000 6.51426
9180000 6.41335
9190000 6.42052
9200000 6.40465
9210000 6.55598
9220000 6.55164
9230000 6.51617
9240000 6.44598
9250000 6.52792
9260000 6.44721
9270000 6.53104
9280000 6.4963
9290000 6.56371
9300000 6.41132
9310000 6.58028
9320000 6.41507
9330000 6.43616
9340000 6.49245
9350000 6.32949
9360000 6.4129
9370000 6.43638
9380000 6.5321
9390000 6.53851
9400000 6.45907
9410000 6.57466
9420000 6.39857
9430000 6.44534
9440000 6.32646
9450000 6.29711
9460000 6.41501
9470000 6.58823
9480000 6.37048
9490000 6.27194
9500000 6.30163
9510000 6.33825
9520000 6.31229
9530000 6.36047
9540000 6.6435
9550000 6.27557
9560000 6.314
9570000 6.36424
9580000 6.4092
9590000 6.3703
9600000 6.45618
9610000 6.31878
9620000 6.38128
9630000 6.5409
9640000 6.46838
9650000 6.35832
9660000 6.47294
9670000 6.45236
9680000 6.39395
9690000 6.389
9700000 6.41566
9710000 6.571
9720000 6.41222
9730000 6.37276
9740000 6.38511
9750000 6.40231
9760000 6.42553
9770000 6.38449
9780000 6.31449
9790000 6.27015
9800000 6.41657
9810000 6.38671
9820000 6.39894
9830000 6.50486
9840000 6.53843
9850000 6.38853
9860000 6.44179
9870000 6.44559
9880000 6.49316
9890000 6.46322
9900000 6.51033
9910000 6.56311
9920000 6.48839
9930000 6.37199
9940000 6.42638
9950000 6.6333
9960000 6.43109
9970000 6.47878
9980000 6.43034
9990000 6.34739
10000000 6.3253
