10000 195.127
20000 125.116
30000 85.9618
40000 66.0149
50000 47.911
60000 37.5752
70000 30.7085
80000 25.4622
90000 21.6415
100000 19.6856
110000 17.4989
120000 16.2383
130000 15.2125
140000 14.2605
150000 13.6373
160000 13.1831
170000 12.7996
180000 12.3185
190000 12.078
200000 11.8345
210000 11.749
220000 11.4257
230000 11.0768
240000 11.1896
250000 10.7994
260000 10.7062
270000 10.7956
280000 10.5638
290000 10.4881
300000 10.1743
310000 10.3172
320000 10.121
330000 9.83977
340000 9.87826
350000 9.70635
360000 9.50567
370000 9.51354
380000 9.48398
390000 9.30808
400000 9.42783
410000 9.41375
420000 9.43944
430000 9.25971
440000 9.17657
450000 9.01195
460000 9.18035
470000 9.26613
480000 8.96489
490000 8.96102
500000 8.92222
510000 8.77157
520000 8.91422
530000 8.85673
540000 8.72674
550000 8.71298
560000 8.54297
570000 8.50678
580000 8.67208
590000 8.65585
600000 8.68289
610000 8.50818
620000 8.65095
630000 8.4904
640000 8.34812
650000 8.37795
660000 8.4145
670000 8.27991
680000 8.36271
690000 8.27301
700000 8.46449
710000 8.12164
720000 8.38576
730000 8.17044
740000 8.40355
750000 8.18936
760000 8.08148
770000 8.04975
780000 8.17048
790000 8.04983
800000 7.85932
810000 8.02906
820000 8.08596
830000 8.04899
840000 8.07579
850000 8.05889
860000 8.09169
870000 8.04076
880000 7.87741
890000 7.88923
900000 7.90204
910000 7.71253
920000 7.76776
930000 7.78138
940000 7.81448
950000 7.8107
960000 7.86246
970000 7.74246
980000 7.61807
990000 7.56699
1000000 7.69499
1010000 7.63394
1020000 7.80874
1030000 7.58292
1040000 7.67658
1050000 7.51593
1060000 7.53943
1070000 7.60162
1080000 7.44572
1090000 7.61736
1100000 7.54153
1110000 7.61669
1120000 7.52535
1130000 7.63797
1140000 7.4158
1150000 7.52767
1160000 7.56208
1170000 7.45325
1180000 7.57277
1190000 7.62493
1200000 7.35058
1210000 7.47495
1220000 7.47323
1230000 7.45762
1240000 7.31669
1250000 7.46923
1260000 7.42633
1270000 7.67886
1280000 7.49302
1290000 7.53175
1300000 7.60254
1310000 7.49052
1320000 7.37105
1330000 7.38432
1340000 7.36437
1350000 7.4255
1360000 7.46931
1370000 7.20558
1380000 7.37981
1390000 7.27578
1400000 7.32683
1410000 7.32152
1420000 7.29895
1430000 7.17009
1440000 7.36827
1450000 7.57465
1460000 7.23613
1470000 7.54684
1480000 7.3651
1490000 7.48059
1500000 7.21105
1510000 7.17927
1520000 7.27324
1530000 7.24116
1540000 7.29842
1550000 7.23515
1560000 7.24591
1570000 7.44226
1580000 7.34346
1590000 7.10773
1600000 7.13161
1610000 7.3231
1620000 7.11017
1630000 7.09482
1640000 7.17885
1650000 7.1691
1660000 7.27556
1670000 7.18245
1680000 7.35106
1690000 7.22248
1700000 7.48774
1710000 7.07588
1720000 7.05623
1730000 7.35491
1740000 7.25949
1750000 7.19437
1760000 7.11035
1770000 6.99351
1780000 7.13852
1790000 7.09403
1800000 7.14757
1810000 7.11347
1820000 7.08662
1830000 7.07556
1840000 7.15483
1850000 7.01922
1860000 7.01777
1870000 7.4195
1880000 7.2084
1890000 6.92813
1900000 6.99063
1910000 7.00548
1920000 7.12439
1930000 7.00017
1940000 7.013
1950000 7.10888
1960000 7.01338
1970000 6.96882
1980000 7.01094
1990000 6.9662
2000000 7.06794
2010000 7.0658
2020000 6.98033
2030000 7.17662
2040000 7.16708
2050000 7.1631
2060000 7.02554
2070000 7.01738
2080000 6.96135
2090000 7.17776
2100000 7.12255
2110000 7.07242
2120000 6.91078
2130000 7.00418
2140000 6.95631
2150000 6.9267
2160000 7.19407
2170000 6.98615
2180000 6.86405
2190000 7.1388
2200000 7.08714
2210000 7.13229
2220000 6.99965
2230000 7.01656
2240000 6.88649
2250000 7.13739
2260000 6.93739
2270000 6.96615
2280000 7.10229
2290000 6.96255
2300000 7.15763
2310000 6.99747
2320000 6.8575
2330000 6.97382
2340000 6.94944
2350000 7.02234
2360000 7.01284
2370000 6.92676
2380000 6.78021
2390000 6.98707
2400000 6.89568
2410000 6.78074
2420000 6.98683
2430000 7.13104
2440000 6.93468
2450000 7.025
2460000 7.08331
2470000 6.95486
2480000 6.85697
2490000 6.88859
2500000 6.88168
2510000 6.86974
2520000 7.04197
2530000 6.97365
2540000 6.94062
2550000 7.03071
2560000 6.84678
2570000 6.81026
2580000 6.94659
2590000 6.86645
2600000 6.87009
2610000 6.79191
2620000 6.80439
2630000 7.51174
2640000 6.90495
2650000 6.84406
2660000 6.78243
2670000 6.85535
2680000 6.85304
2690000 6.90924
2700000 6.86401
2710000 6.82477
2720000 6.87899
2730000 6.74252
2740000 6.94567
2750000 6.81296
2760000 6.92606
2770000 6.86874
2780000 6.81585
2790000 6.83234
2800000 7.0377
2810000 6.75283
2820000 6.88451
2830000 6.83502
2840000 6.97149
2850000 6.97128
2860000 7.08978
2870000 7.02214
2880000 6.80225
2890000 6.71327
2900000 6.92993
2910000 6.85207
2920000 6.92275
2930000 6.83949
2940000 6.69283
2950000 6.61116
2960000 6.98119
2970000 6.93961
2980000 6.78499
2990000 6.72628
3000000 6.82826
3010000 6.79702
3020000 6.89639
3030000 6.85954
3040000 6.87496
3050000 6.74023
3060000 6.83838
3070000 6.73501
3080000 6.72877
3090000 6.78389
3100000 6.89074
3110000 6.75671
3120000 6.8839
3130000 6.75437
3140000 6.78679
3150000 6.93597
3160000 6.80206
3170000 6.55354
3180000 6.79619
3190000 6.74009
3200000 6.75163
3210000 6.73537
3220000 6.7931
3230000 6.83241
3240000 6.75106
3250000 6.6786
3260000 6.72521
3270000 6.77259
3280000 6.65054
3290000 6.56513
3300000 6.71697
3310000 6.63116
3320000 6.72553
3330000 6.78054
3340000 6.75482
3350000 6.72387
3360000 6.85133
3370000 6.71548
3380000 6.64823
3390000 6.7772
3400000 6.63593
3410000 6.69386
3420000 6.57259
3430000 6.53448
3440000 6.73142
3450000 6.75289
3460000 6.6889
3470000 6.64396
3480000 6.62994
3490000 6.74343
3500000 6.6844
3510000 6.59435
3520000 6.63406
3530000 6.62878
3540000 6.76266
3550000 6.85328
3560000 6.90386
3570000 6.81781
3580000 6.60402
3590000 6.62325
3600000 6.59509
3610000 6.6232
3620000 6.58692
3630000 6.71606
3640000 6.8062
3650000 6.69135
3660000 6.75292
3670000 6.71016
3680000 6.68331
3690000 6.60255
3700000 6.72916
3710000 6.70297
3720000 6.65083
3730000 6.718
3740000 6.55335
3750000 6.68755
3760000 6.6674
3770000 6.64651
3780000 6.7459
3790000 6.72382
3800000 6.88072
3810000 6.82231
3820000 6.75857
3830000 6.70959
3840000 6.72604
3850000 6.58447
3860000 6.7624
3870000 6.77416
3880000 6.74114
3890000 6.68663
3900000 6.6521
3910000 6.60587
3920000 6.71904
3930000 6.58413
3940000 6.60214
3950000 6.6491
3960000 6.7019
3970000 6.78357
3980000 6.56999
3990000 6.62102
4000000 6.64211
4010000 6.59789
4020000 6.89259
4030000 6.53921
4040000 6.60955
4050000 6.61895
4060000 6.80708
4070000 6.56541
4080000 6.7312
4090000 6.65993
4100000 6.62052
4110000 6.71821
4120000 6.76761
4130000 7.02897
4140000 6.76038
4150000 6.71387
4160000 6.71086
4170000 6.63634
4180000 6.80464
4190000 6.5833
4200000 6.87153
4210000 6.74657
4220000 6.75511
4230000 6.90747
4240000 6.66505
4250000 6.70756
4260000 6.58956
4270000 6.65471
4280000 6.70301
4290000 6.71689
4300000 6.65224
4310000 6.77435
4320000 6.56095
4330000 6.56611
4340000 6.55892
4350000 6.59557
4360000 6.56137
4370000 6.76109
4380000 6.63881
4390000 6.58291
4400000 6.63613
4410000 6.64554
4420000 6.81675
4430000 6.58837
4440000 6.66659
4450000 6.62679
4460000 6.59471
4470000 6.54216
4480000 6.48793
4490000 6.54554
4500000 6.65155
4510000 6.53893
4520000 6.63611
4530000 6.52413
4540000 6.56613
4550000 6.77306
4560000 6.56762
4570000 6.52759
4580000 6.75941
4590000 6.54178
4600000 6.6198
4610000 6.84876
4620000 6.64375
4630000 6.84185
4640000 6.73743
4650000 6.69202
4660000 6.61893
4670000 6.53995
4680000 6.63545
4690000 6.67931
4700000 6.77129
4710000 6.63558
4720000 6.7827
4730000 6.70791
4740000 6.61172
4750000 6.55027
4760000 6.63124
4770000 6.50167
4780000 6.94187
4790000 6.5771
4800000 6.60339
4810000 6.67703
4820000 6.68785
4830000 6.55739
4840000 6.82416
4850000 6.33754
4860000 6.55948
4870000 6.52115
4880000 6.65478
4890000 6.47337
4900000 6.62213
4910000 6.61635
4920000 6.459
4930000 6.8725
4940000 6.52889
4950000 6.64256
4960000 6.57759
4970000 6.51881
4980000 6.53174
4990000 6.69205
5000000 6.59549
5010000 6.54343
5020000 6.66655
5030000 6.65824
5040000 6.60724
5050000 6.52489
5060000 6.62503
5070000 6.66938
5080000 6.56574
5090000 6.57882
5100000 6.75861
5110000 6.59512
5120000 6.61614
5130000 6.74741
5140000 6.56597
5150000 6.54255
5160000 6.51743
5170000 6.65857
5180000 6.42907
5190000 6.57332
5200000 6.47929
5210000 6.55234
5220000 6.49871
5230000 6.39279
5240000 6.46861
5250000 6.5545
5260000 6.55069
5270000 6.52489
5280000 6.47213
5290000 6.60022
5300000 6.73225
5310000 6.45009
5320000 6.494
5330000 6.59219
5340000 6.38535
5350000 6.55158
5360000 6.43864
5370000 6.61162
5380000 6.45626
5390000 6.51131
5400000 6.68923
5410000 6.57594
5420000 6.49011
5430000 6.44177
5440000 6.53934
5450000 6.50199
5460000 6.45546
5470000 6.4379
5480000 6.60452
5490000 6.6445
5500000 6.57709
5510000 6.65897
5520000 6.60819
5530000 6.60135
5540000 6.78576
5550000 6.69697
5560000 6.61105
5570000 6.59544
5580000 6.63727
5590000 6.53431
5600000 6.6225
5610000 6.59061
5620000 6.52326
5630000 6.68085
5640000 6.45039
5650000 6.50602
5660000 6.69216
5670000 6.63611
5680000 6.50846
5690000 6.69814
5700000 6.77454
5710000 6.52932
5720000 6.45184
5730000 6.61384
5740000 6.6766
5750000 6.63768
5760000 7.05912
5770000 6.54428
5780000 6.55179
5790000 6.52811
5800000 6.84003
5810000 6.46681
5820000 6.64521
5830000 6.46797
5840000 6.49635
5850000 6.53371
5860000 6.48505
5870000 6.47092
5880000 6.70437
5890000 6.55772
5900000 6.54829
5910000 6.63049
5920000 6.56876
5930000 6.49477
5940000 6.56591
5950000 6.59611
5960000 6.42033
5970000 6.52384
5980000 6.51776
5990000 6.62766
6000000 6.55374
6010000 6.50137
6020000 6.56022
6030000 6.52322
6040000 6.62163
6050000 6.44268
6060000 6.67302
6070000 6.43596
6080000 6.25855
6090000 6.5476
6100000 6.54484
6110000 6.62446
6120000 6.55188
6130000 6.44479
6140000 6.33537
6150000 6.4676
6160000 6.39404
6170000 6.70844
6180000 6.45386
6190000 6.46938
6200000 6.62253
6210000 6.4591
6220000 6.59438
6230000 6.63363
6240000 6.5633
6250000 6.68032
6260000 6.70023
6270000 6.58212
6280000 6.5059
6290000 6.47362
6300000 6.43653
6310000 6.29226
6320000 6.5192
6330000 6.41341
6340000 6.51726
6350000 6.52617
6360000 6.47864
6370000 6.48517
6380000 6.63983
6390000 6.63112
6400000 6.64032
6410000 6.58948
6420000 6.52708
6430000 6.53675
6440000 6.49444
6450000 6.4615
6460000 6.41064
6470000 6.40069
6480000 6.48567
6490000 6.52344
6500000 6.55608
6510000 6.48459
6520000 6.49745
6530000 6.53334
6540000 6.49604
6550000 6.49341
6560000 6.54639
6570000 6.42662
6580000 6.53359
6590000 6.54521
6600000 6.44162
6610000 6.54273
6620000 6.45174
6630000 6.39742
6640000 6.45363
6650000 6.52114
6660000 6.56177
6670000 6.47413
6680000 6.51129
6690000 6.58213
6700000 6.54574
6710000 6.49294
6720000 6.41334
6730000 6.71588
6740000 6.46931
6750000 6.53337
6760000 6.56351
6770000 6.50901
6780000 6.65153
6790000 6.39563
6800000 6.4047
6810000 6.44026
6820000 6.43894
6830000 6.50107
6840000 6.63826
6850000 6.58924
6860000 6.53312
6870000 6.49052
6880000 6.56367
6890000 6.40459
6900000 6.38746
6910000 6.46186
6920000 6.57499
6930000 6.63268
6940000 6.52419
6950000 6.64824
6960000 6.49254
6970000 6.51577
6980000 6.4358
6990000 6.47878
7000000 6.49837
7010000 6.69824
7020000 6.52843
7030000 6.50348
7040000 6.31539
7050000 6.46163
7060000 6.59991
7070000 6.60889
7080000 6.53424
7090000 6.51493
7100000 6.62389
7110000 6.64581
7120000 6.62602
7130000 6.50123
7140000 6.4887
7150000 6.40031
7160000 6.3702
7170000 6.42912
7180000 6.52123
7190000 6.43842
7200000 6.51587
7210000 6.41024
7220000 6.4505
7230000 6.52921
7240000 6.56559
7250000 6.51932
7260000 6.61061
7270000 6.49184
7280000 6.47014
7290000 6.73934
7300000 6.61586
7310000 6.46411
7320000 6.46825
7330000 6.48398
7340000 6.51053
7350000 6.58681
7360000 6.38282
7370000 6.49209
7380000 6.40415
7390000 6.62231
7400000 6.49933
7410000 6.41223
7420000 6.45998
7430000 6.44453
7440000 6.45632
7450000 6.51444
7460000 6.63614
7470000 6.62989
7480000 6.46105
7490000 6.37456
7500000 6.46931
7510000 6.54756
7520000 6.51213
7530000 6.46957
7540000 6.71628
7550000 6.33591
7560000 6.55606
7570000 6.606
7580000 6.6202
7590000 6.49304
7600000 6.47947
7610000 6.34682
7620000 6.33493
7630000 6.6215
7640000 6.608
7650000 6.628
7660000 6.5101
7670000 6.48606
7680000 6.5277
7690000 6.53272
7700000 6.41084
7710000 6.58343
7720000 6.31124
7730000 6.48716
7740000 6.49372
7750000 6.38486
7760000 6.37334
7770000 6.52292
7780000 6.43143
7790000 6.4731
7800000 6.46672
7810000 6.62035
7820000 6.56002
7830000 6.59871
7840000 6.38337
7850000 6.42032
7860000 6.41899
7870000 6.44557
7880000 6.45459
7890000 6.38941
7900000 6.3148
7910000 6.53113
7920000 6.47461
7930000 6.73171
7940000 6.39458
7950000 6.29875
7960000 6.40505
7970000 6.32208
7980000 6.49526
7990000 6.48078
8000000 6.50913
8010000 6.67277
8020000 6.47024
8030000 6.44204
8040000 6.40744
8050000 6.556
8060000 6.37701
8070000 6.49894
8080000 6.63313
8090000 6.57678
8100000 6.69384
8110000 6.43769
8120000 6.40036
8130000 6.44844
8140000 6.40672
8150000 6.71779
8160000 6.48471
8170000 6.3186
8180000 6.51484
8190000 6.52623
8200000 6.39826
8210000 6.49421
8220000 6.40633
8230000 6.35293
8240000 6.44413
8250000 6.43934
8260000 6.4597
8270000 6.43437
8280000 6.54132
8290000 6.61517
8300000 6.4223
8310000 6.61991
8320000 6.49246
8330000 6.53347
8340000 6.55729
8350000 6.40702
8360000 6.45128
8370000 6.49681
8380000 6.56193
8390000 6.84174
8400000 6.62572
8410000 6.37421
8420000 6.34836
8430000 6.33927
8440000 6.43715
8450000 6.36787
8460000 6.45736
8470000 6.48872
8480000 6.42287
8490000 6.68832
8500000 6.59602
8510000 6.45986
8520000 6.44289
8530000 6.41796
8540000 6.41017
8550000 6.39539
8560000 6.39503
8570000 6.57113
8580000 6.50416
8590000 6.44639
8600000 6.49574
8610000 6.53822
8620000 6.56657
8630000 6.39658
8640000 6.5029
8650000 6.50211
8660000 6.3976
8670000 6.775
8680000 6.62432
8690000 6.33817
8700000 6.45609
8710000 6.39504
8720000 6.37817
8730000 6.51558
8740000 6.43605
8750000 6.4063
8760000 6.27864
8770000 6.43786
8780000 6.47501
8790000 6.28248
8800000 6.44765
8810000 6.38488
8820000 6.42692
8830000 6.51499
8840000 6.53768
8850000 6.66141
8860000 6.53524
8870000 6.44204
8880000 6.44297
8890000 6.51132
8900000 6.58361
8910000 6.43214
8920000 6.49407
8930000 6.4046
8940000 6.47178
8950000 6.5354
8960000 6.40745
8970000 6.51387
8980000 6.40284
8990000 6.47739
9000000 6.49814
9010000 6.52017
9020000 6.62575
9030000 6.45536
9040000 6.35966
9050000 6.50823
9060000 6.58976
9070000 6.49397
9080000 6.6094
9090000 6.58234
9100000 6.71116
9110000 6.32615
9120000 6.71088
9130000 6.53884
9140000 6.46348
9150000 6.43677
9160000 6.49973
9170000 6.51426
9180000 6.41335
9190000 6.42052
9200000 6.40465
9210000 6.55598
9220000 6.55164
9230000 6.51617
9240000 6.44598
9250000 6.52792
9260000 6.44721
9270000 6.53104
9280000 6.4963
9290000 6.56371
9300000 6.41132
9310000 6.58028
9320000 6.41507
9330000 6.43616
9340000 6.49245
9350000 6.32949
9360000 6.4129
9370000 6.43638
9380000 6.5321
9390000 6.53851
9400000 6.45907
9410000 6.57466
9420000 6.39857
9430000 6.44534
9440000 6.32646
9450000 6.29711
9460000 6.41501
9470000 6.58823
9480000 6.37048
9490000 6.27194
9500000 6.30163
9510000 6.33825
9520000 6.31229
9530000 6.36047
9540000 6.6435
9550000 6.27557
9560000 6.314
9570000 6.36424
9580000 6.4092
9590000 6.3703
9600000 6.45618
9610000 6.31878
9620000 6.38128
9630000 6.5409
9640000 6.46838
9650000 6.35832
9660000 6.47294
9670000 6.45236
9680000 6.39395
9690000 6.389
9700000 6.41566
9710000 6.571
9720000 6.41222
9730000 6.37276
9740000 6.38511
9750000 6.40231
9760000 6.42553
9770000 6.38449
9780000 6.31449
9790000 6.27015
9800000 6.41657
9810000 6.38671
9820000 6.39894
9830000 6.50486
9840000 6.53843
9850000 6.38853
9860000 6.44179
9870000 6.44559
9880000 6.49316
9890000 6.46322
9900000 6.51033
9910000 6.56311
9920000 6.48839
9930000 6.37199
9940000 6.42638
9950000 6.6333
9960000 6.43109
9970000 6.47878
9980000 6.43034
9990000 6.34739
10000000 6.3253
10010000 6.33539
10020000 6.37954
10030000 6.30161
10040000 6.41309
10050000 6.38567
10060000 6.55577
10070000 6.42975
10080000 6.55797
10090000 6.45221
10100000 6.43623
10110000 6.38353
10120000 6.54265
10130000 6.42425
10140000 6.60634
10150000 6.32509
10160000 6.32861
10170000 6.53108
10180000 6.49025
10190000 6.39344
10200000 6.36958
10210000 6.27754
10220000 6.64042
10230000 6.44917
10240000 6.32436
10250000 6.45271
10260000 6.44251
10270000 6.50398
10280000 6.64964
10290000 6.29843
10300000 6.38803
10310000 6.39731
10320000 6.42585
10330000 6.2694
10340000 6.41041
10350000 6.39657
10360000 6.3967
10370000 6.58124
10380000 6.61821
10390000 6.56015
10400000 6.3059
10410000 6.44651
10420000 6.39818
10430000 6.4558
10440000 6.35546
10450000 6.34725
10460000 6.32389
10470000 6.47095
10480000 6.55229
10490000 6.55879
10500000 6.42484
10510000 6.59452
10520000 6.54669
10530000 6.63001
10540000 6.5364
10550000 6.22304
10560000 6.45226
10570000 6.48048
10580000 6.42874
10590000 6.39179
10600000 6.42622
10610000 6.39629
10620000 6.52506
10630000 6.50188
10640000 6.50052
10650000 6.46318
10660000 6.48971
10670000 6.38776
10680000 6.32678
10690000 6.43047
10700000 6.30858
10710000 6.28452
10720000 6.34216
10730000 6.29545
10740000 6.28362
10750000 6.40692
10760000 6.44462
10770000 6.5652
10780000 6.44483
10790000 6.41222
10800000 6.26629
10810000 6.32505
10820000 6.2511
10830000 6.27247
10840000 6.33581
10850000 6.32263
10860000 6.46472
10870000 6.49947
10880000 6.37756
10890000 6.48672
10900000 6.54762
10910000 6.41149
10920000 6.31303
10930000 6.16202
10940000 6.46188
10950000 6.58064
10960000 6.44251
10970000 6.37638
10980000 6.4343
10990000 6.30395
11000000 6.32077
11010000 6.34343
11020000 6.38515
11030000 6.44871
11040000 6.23441
11050000 6.32771
11060000 6.39374
11070000 6.5499
11080000 6.37598
11090000 6.31724
11100000 6.36768
11110000 6.38268
11120000 6.35854
11130000 6.37689
11140000 6.57719
11150000 6.38774
11160000 6.33613
11170000 6.47257
11180000 6.61451
11190000 6.31517
11200000 6.28423
11210000 6.23272
11220000 6.26434
11230000 6.42704
11240000 6.38388
11250000 6.47228
11260000 6.26413
11270000 6.48238
11280000 6.37322
11290000 6.44045
11300000 6.27426
11310000 6.46412
11320000 6.40409
11330000 6.46623
11340000 6.43639
11350000 6.41086
11360000 6.41668
11370000 6.36694
11380000 6.31208
11390000 6.3469
11400000 6.42897
11410000 6.43844
11420000 6.36981
11430000 6.5122
11440000 6.54877
11450000 6.35773
11460000 6.34597
11470000 6.28573
11480000 6.65143
11490000 6.42421
11500000 6.47848
11510000 6.51335
11520000 6.453
11530000 6.33641
11540000 6.34584
11550000 6.27918
11560000 6.35895
11570000 6.28574
11580000 6.31851
11590000 6.2902
11600000 6.5342
11610000 6.34843
11620000 6.57666
11630000 6.20859
11640000 6.33646
11650000 6.23284
11660000 6.4038
11670000 6.42716
11680000 6.30459
11690000 6.52642
11700000 6.44416
11710000 6.47958
11720000 6.47073
11730000 6.30645
11740000 6.36673
11750000 6.41901
11760000 6.47766
11770000 6.46832
11780000 6.42732
11790000 6.49879
11800000 6.3357
11810000 6.32644
11820000 6.46879
11830000 6.36311
11840000 6.54567
11850000 6.58952
11860000 6.42361
11870000 6.37073
11880000 6.25911
11890000 6.34657
11900000 6.37475
11910000 6.33117
11920000 6.37168
11930000 6.44853
11940000 6.36834
11950000 6.3693
11960000 6.42623
11970000 6.62174
11980000 6.56814
11990000 6.63599
12000000 6.57186
12010000 6.50102
12020000 6.38376
12030000 6.51233
12040000 6.31229
12050000 6.4544
12060000 6.47821
12070000 6.40249
12080000 6.31785
12090000 6.59056
12100000 6.33163
12110000 6.44887
12120000 6.41083
12130000 6.27601
12140000 6.32876
12150000 6.47765
12160000 6.43762
12170000 6.34882
12180000 6.47775
12190000 6.34964
12200000 6.4093
12210000 6.27438
12220000 6.39577
12230000 6.37412
12240000 6.40149
12250000 6.36489
12260000 6.4879
12270000 6.3687
12280000 6.28998
12290000 6.45287
12300000 6.41771
12310000 6.31463
12320000 6.31279
12330000 6.44482
12340000 6.40606
12350000 6.39924
12360000 6.30568
12370000 6.32659
12380000 6.41335
12390000 6.36867
12400000 6.32758
12410000 6.38214
12420000 6.48681
12430000 6.29166
12440000 6.39256
12450000 6.52829
12460000 6.33426
12470000 6.32745
12480000 6.47147
12490000 6.44124
12500000 6.36033
12510000 6.32329
12520000 6.28195
12530000 6.35736
12540000 6.32055
12550000 6.51398
12560000 6.17554
12570000 6.29288
12580000 6.40836
12590000 6.43342
12600000 6.52136
12610000 6.91018
12620000 6.41554
12630000 6.55921
12640000 6.41705
12650000 6.43532
12660000 6.3284
12670000 6.53131
12680000 6.35889
12690000 6.54345
12700000 6.53408
12710000 6.28385
12720000 6.27749
12730000 6.34835
12740000 6.26491
12750000 6.4559
12760000 6.42128
12770000 6.45552
12780000 6.39383
12790000 6.31494
12800000 6.3834
12810000 6.43709
12820000 6.46869
12830000 6.3621
12840000 6.32938
12850000 6.29656
12860000 6.37447
12870000 6.36436
12880000 6.30839
12890000 6.34419
12900000 6.41387
12910000 6.26998
12920000 6.34457
12930000 6.36481
12940000 6.41967
12950000 6.42148
12960000 6.5603
12970000 6.42654
12980000 6.43662
12990000 6.1979
13000000 6.35845
13010000 6.33485
13020000 6.19511
13030000 6.31868
13040000 6.48428
13050000 6.51683
13060000 6.39595
13070000 6.45013
13080000 6.5304
13090000 6.51183
13100000 6.48888
13110000 6.44645
13120000 6.42001
13130000 6.32124
13140000 6.32358
13150000 6.32214
13160000 6.43394
13170000 6.49292
13180000 6.27842
13190000 6.61212
13200000 6.46072
13210000 6.33044
13220000 6.29664
13230000 6.38982
13240000 6.45258
13250000 6.42892
13260000 6.35524
13270000 6.40604
13280000 6.41808
13290000 6.33463
13300000 6.46551
13310000 6.42714
13320000 6.58181
13330000 6.33658
13340000 6.4399
13350000 6.39926
13360000 6.29072
13370000 6.3431
13380000 6.57865
13390000 6.48809
13400000 6.43395
13410000 6.39433
13420000 6.537
13430000 6.56303
13440000 6.49717
13450000 6.45135
13460000 6.41841
13470000 6.31797
13480000 6.51253
13490000 6.37863
13500000 6.46553
13510000 6.33143
13520000 6.4097
13530000 6.46557
13540000 6.30303
13550000 6.29352
13560000 6.43628
13570000 6.72475
13580000 6.39673
13590000 6.20792
13600000 6.50999
13610000 6.46676
13620000 6.50634
13630000 6.4329
13640000 6.46789
13650000 6.35638
13660000 6.39745
13670000 6.35093
13680000 6.46177
13690000 6.40702
13700000 6.30639
13710000 6.34159
13720000 6.41912
13730000 6.4139
13740000 6.48043
13750000 6.27397
13760000 6.36165
13770000 6.26436
13780000 6.35553
13790000 6.38043
13800000 6.43109
13810000 6.43704
13820000 6.15323
13830000 6.07547
13840000 6.21289
13850000 6.44306
13860000 6.30641
13870000 6.3575
13880000 6.45243
13890000 6.33055
13900000 6.29609
13910000 6.58755
13920000 6.41686
13930000 6.4325
13940000 6.2236
13950000 6.34711
13960000 6.49218
13970000 6.34669
13980000 6.3259
13990000 6.38131
14000000 6.49915
14010000 6.49351
14020000 6.50902
14030000 6.43174
14040000 6.39754
14050000 6.31481
14060000 6.45357
14070000 6.35785
14080000 6.28225
14090000 6.36402
14100000 6.35955
14110000 6.28388
14120000 6.39015
14130000 6.29998
14140000 6.63592
14150000 6.49053
14160000 6.31273
14170000 6.56096
14180000 6.40915
14190000 6.46286
14200000 6.49432
14210000 6.48347
14220000 6.44748
14230000 6.47202
14240000 6.32089
14250000 6.43944
14260000 6.48578
14270000 6.55878
14280000 6.45607
14290000 6.51266
14300000 6.38276
14310000 6.41476
14320000 6.32207
14330000 6.38633
14340000 6.43165
14350000 6.42714
14360000 6.43347
14370000 6.32805
14380000 6.30851
14390000 6.32969
14400000 6.29654
14410000 6.21453
14420000 6.45407
14430000 6.18173
14440000 6.42285
14450000 6.29344
14460000 6.36356
14470000 6.38817
14480000 6.39759
14490000 6.3176
14500000 6.45844
14510000 6.40087
14520000 6.39536
14530000 6.37086
14540000 6.39232
14550000 6.31557
14560000 6.57281
14570000 6.38537
14580000 6.4417
14590000 6.18076
14600000 6.3467
14610000 6.39588
14620000 6.4188
14630000 6.3711
14640000 6.40838
14650000 6.35186
14660000 6.42525
14670000 6.46788
14680000 6.51322
14690000 6.28604
14700000 6.3852
14710000 6.40094
14720000 6.55499
14730000 6.45715
14740000 6.42609
14750000 6.29505
14760000 6.35833
14770000 6.35294
14780000 6.4653
14790000 6.4633
14800000 6.39771
14810000 6.33104
14820000 6.49831
14830000 6.67169
14840000 6.3918
14850000 6.26
14860000 6.40597
14870000 6.40522
14880000 6.34436
14890000 6.53003
14900000 6.38688
14910000 6.51249
14920000 6.48604
14930000 6.37542
14940000 6.33105
14950000 6.28371
14960000 6.3352
14970000 6.32405
14980000 6.24184
14990000 6.27722
15000000 6.30132
15010000 6.42861
15020000 6.4024
15030000 6.23517
15040000 6.29682
15050000 6.37107
15060000 6.25548
15070000 6.30723
15080000 6.23432
15090000 6.28394
15100000 6.23288
15110000 6.35081
15120000 6.30398
15130000 6.403
15140000 6.32761
15150000 6.4193
15160000 6.33034
15170000 6.59875
15180000 6.51296
15190000 6.28908
15200000 6.34186
15210000 6.29942
15220000 6.45714
15230000 6.3654
15240000 6.31697
15250000 6.42908
15260000 6.33729
15270000 6.40857
15280000 6.38716
15290000 6.44635
15300000 6.18011
15310000 6.27763
15320000 6.28358
15330000 6.20259
15340000 6.44098
15350000 6.61035
15360000 6.47736
15370000 6.28919
15380000 6.29396
15390000 6.35591
15400000 6.28089
15410000 6.49482
15420000 6.5348
15430000 6.47077
15440000 6.33493
15450000 6.48647
15460000 6.35892
15470000 6.47798
15480000 6.25719
15490000 6.29068
15500000 6.28265
15510000 6.30564
15520000 6.43131
15530000 6.38297
15540000 6.46058
15550000 6.44047
15560000 6.37411
15570000 6.36167
15580000 6.36968
15590000 6.3778
15600000 6.35916
15610000 6.40612
15620000 6.37134
15630000 6.22985
15640000 6.2919
15650000 6.24839
15660000 6.47675
15670000 6.2499
15680000 6.44431
15690000 6.26402
15700000 6.37676
15710000 6.33565
15720000 6.2605
15730000 6.49071
15740000 6.38392
15750000 6.33915
15760000 6.26461
15770000 6.27757
15780000 6.36673
15790000 6.3714
15800000 6.4396
15810000 6.56985
15820000 6.43923
15830000 6.51014
15840000 6.50319
15850000 6.30931
15860000 6.22443
15870000 6.26063
15880000 6.42294
15890000 6.5764
15900000 6.39056
15910000 6.29281
15920000 6.48906
15930000 6.34217
15940000 6.42295
15950000 6.45594
15960000 6.37811
15970000 6.23441
15980000 6.2893
15990000 6.39047
16000000 6.38816
16010000 6.46589
16020000 6.51699
16030000 6.41835
16040000 6.23273
16050000 6.29343
16060000 6.44929
16070000 6.26399
16080000 6.24342
16090000 6.3597
16100000 6.34327
16110000 6.37822
16120000 6.37482
16130000 6.41597
16140000 6.26618
16150000 6.35394
16160000 6.47454
16170000 6.35653
16180000 6.36516
16190000 6.39207
16200000 6.65626
16210000 6.34825
16220000 6.27284
16230000 6.22078
16240000 6.39576
16250000 6.53778
16260000 6.44473
16270000 6.37211
16280000 6.61833
16290000 6.59977
16300000 6.49923
16310000 6.30785
16320000 6.32381
16330000 6.47225
16340000 6.35411
16350000 6.22227
16360000 6.35769
16370000 6.23814
16380000 6.51629
16390000 6.42094
16400000 6.30682
16410000 6.50507
16420000 6.29783
16430000 6.28047
16440000 6.42778
16450000 6.31608
16460000 6.35743
16470000 6.351
16480000 6.47936
16490000 6.37144
16500000 6.42888
16510000 6.40967
16520000 6.34737
16530000 6.36412
16540000 6.44998
16550000 6.56871
16560000 6.37503
16570000 6.35366
16580000 6.41209
16590000 6.32019
16600000 6.31523
16610000 6.44009
16620000 6.40161
16630000 6.3404
16640000 6.3357
16650000 6.28937
16660000 6.18214
16670000 6.34478
16680000 6.36699
16690000 6.33436
16700000 6.38182
16710000 6.38302
16720000 6.30993
16730000 6.38273
16740000 6.57531
16750000 6.37331
16760000 6.3344
16770000 6.34468
16780000 6.41483
16790000 6.45414
16800000 6.32883
16810000 6.46388
16820000 6.28614
16830000 6.39904
16840000 6.44914
16850000 6.36831
16860000 6.29887
16870000 6.4683
16880000 6.56773
16890000 6.3444
16900000 6.38039
16910000 6.51363
16920000 6.4197
16930000 6.59021
16940000 6.55239
16950000 6.41219
16960000 6.36793
16970000 6.38371
16980000 6.46069
16990000 6.42413
17000000 6.49576
17010000 6.28489
17020000 6.35227
17030000 6.2903
17040000 6.36547
17050000 6.59442
17060000 6.36027
17070000 6.41991
17080000 6.3869
17090000 6.3128
17100000 6.37111
17110000 6.20251
17120000 6.29957
17130000 6.56149
17140000 6.25126
17150000 6.35704
17160000 6.37088
17170000 6.56798
17180000 6.34625
17190000 6.50543
17200000 6.43025
17210000 6.36458
17220000 6.26073
17230000 6.38056
17240000 6.56726
17250000 6.3654
17260000 6.40908
17270000 6.31276
17280000 6.66585
17290000 6.45319
17300000 6.3861
17310000 6.41997
17320000 6.40984
17330000 6.23689
17340000 6.3507
17350000 6.29855
17360000 6.27464
17370000 6.34852
17380000 6.40288
17390000 6.34282
17400000 6.40498
17410000 6.37206
17420000 6.32703
17430000 6.29446
17440000 6.36752
17450000 6.48139
17460000 6.41412
17470000 6.53002
17480000 6.50572
17490000 6.29231
17500000 6.52063
17510000 6.33982
17520000 6.21709
17530000 6.52827
17540000 6.32385
17550000 6.37306
17560000 6.28049
17570000 6.27725
17580000 6.34672
17590000 6.52907
17600000 6.43321
17610000 6.45257
17620000 6.33858
17630000 6.24681
17640000 6.17963
17650000 6.29729
17660000 6.28621
17670000 6.468
17680000 6.21971
17690000 6.20669
17700000 6.49449
17710000 6.3464
17720000 6.26962
17730000 6.39685
17740000 6.22481
17750000 6.20602
17760000 6.3719
17770000 6.44659
17780000 6.37299
17790000 6.66665
17800000 6.34331
17810000 6.44212
17820000 6.38312
17830000 6.42692
17840000 6.3985
17850000 6.52632
17860000 6.44953
17870000 6.22833
17880000 6.30966
17890000 6.42187
17900000 6.31669
17910000 6.44816
17920000 6.58232
17930000 6.31611
17940000 6.24542
17950000 6.46521
17960000 6.3148
17970000 6.52086
17980000 6.39295
17990000 6.40502
18000000 6.49294
18010000 6.19296
18020000 6.26353
18030000 6.28669
18040000 6.45317
18050000 6.35262
18060000 6.26703
18070000 6.2662
18080000 6.41135
18090000 6.44126
18100000 6.54161
18110000 6.33805
18120000 6.34964
18130000 6.43857
18140000 6.59977
18150000 6.30195
18160000 6.39996
18170000 6.24802
18180000 6.18339
18190000 6.59785
18200000 6.51338
18210000 6.42875
18220000 6.41482
18230000 6.52557
18240000 6.51188
18250000 6.29479
18260000 6.3592
18270000 6.57365
18280000 6.50009
18290000 6.38092
18300000 6.2697
18310000 6.29762
18320000 6.22242
18330000 6.3152
18340000 6.32901
18350000 6.34183
18360000 6.48173
18370000 6.45256
18380000 6.27167
18390000 6.27176
18400000 6.24915
18410000 6.35844
18420000 6.80231
18430000 6.49551
18440000 6.29199
18450000 6.33272
18460000 6.4
18470000 6.50125
18480000 6.46284
18490000 6.51986
18500000 6.34557
18510000 6.34707
18520000 6.13191
18530000 6.27018
18540000 6.43422
18550000 6.32323
18560000 6.50058
18570000 6.31273
18580000 6.32449
18590000 6.35596
18600000 6.36817
18610000 6.33992
18620000 6.37515
18630000 6.38893
18640000 6.27561
18650000 6.23226
18660000 6.31482
18670000 6.63251
18680000 6.61037
18690000 6.27355
18700000 6.35509
18710000 6.58803
18720000 6.41074
18730000 6.35446
18740000 6.35865
18750000 6.323
18760000 6.33477
18770000 6.27412
18780000 6.39939
18790000 6.313
18800000 6.35666
18810000 6.36949
18820000 6.31208
18830000 6.57203
18840000 6.38809
18850000 6.36988
18860000 6.31345
18870000 6.20354
18880000 6.49563
18890000 6.46869
18900000 6.55987
18910000 6.52757
18920000 6.41571
18930000 6.26161
18940000 6.70432
18950000 6.45822
18960000 6.35468
18970000 6.31188
18980000 6.11273
18990000 6.41636
19000000 6.67001
19010000 6.31665
19020000 6.35707
19030000 6.3521
19040000 6.35274
19050000 6.36887
19060000 6.38083
19070000 6.49051
19080000 6.34651
19090000 6.4174
19100000 6.40845
19110000 6.32013
19120000 6.55087
19130000 6.47018
19140000 6.44246
19150000 6.35388
19160000 6.28042
19170000 6.32921
19180000 6.34687
19190000 6.46949
19200000 6.34794
19210000 6.572
19220000 6.2912
19230000 6.33335
19240000 6.30568
19250000 6.20364
19260000 6.67068
19270000 6.29364
19280000 6.37684
19290000 6.41597
19300000 6.12753
19310000 6.45683
19320000 6.47131
19330000 6.60182
19340000 6.3284
19350000 6.27103
19360000 6.28569
19370000 6.35496
19380000 6.28975
19390000 6.24449
19400000 6.48025
19410000 6.26245
19420000 6.47905
19430000 6.35332
19440000 6.25913
19450000 6.18649
19460000 6.41862
19470000 6.54688
19480000 6.42324
19490000 6.37166
19500000 6.47874
19510000 6.47566
19520000 6.35733
19530000 6.43197
19540000 6.37677
19550000 6.35384
19560000 6.38098
19570000 6.25766
19580000 6.43127
19590000 6.47307
19600000 6.49944
19610000 6.4164
19620000 6.31935
19630000 6.31837
19640000 6.28649
19650000 6.31075
19660000 6.24344
19670000 6.35166
19680000 6.38267
19690000 6.43099
19700000 6.20762
19710000 6.38399
19720000 6.32766
19730000 6.38862
19740000 6.26364
19750000 6.11824
19760000 6.39221
19770000 6.28076
19780000 6.51394
19790000 6.37221
19800000 6.45172
19810000 6.30822
19820000 6.43737
19830000 6.33843
19840000 6.28435
19850000 6.32365
19860000 6.18627
19870000 6.26541
19880000 6.28382
19890000 6.22955
19900000 6.32428
19910000 6.49449
19920000 6.43715
19930000 6.32909
19940000 6.35828
19950000 6.34317
19960000 6.41597
19970000 6.26103
19980000 6.24793
19990000 6.23182
20000000 6.45491
20010000 6.60446
20020000 6.50095
20030000 6.41818
20040000 6.47162
20050000 6.43975
20060000 6.32425
20070000 6.26836
20080000 6.41062
20090000 6.42667
20100000 6.33432
20110000 6.40907
20120000 6.41142
20130000 6.37645
20140000 6.33873
20150000 6.20012
20160000 6.39042
20170000 6.37245
20180000 6.41574
20190000 6.43756
20200000 6.37059
20210000 6.45861
20220000 6.21955
20230000 6.2555
20240000 6.34866
20250000 6.3717
20260000 6.35222
20270000 6.44
20280000 6.30532
20290000 6.31685
20300000 6.30911
20310000 6.41392
20320000 6.29688
20330000 6.44399
20340000 6.37857
20350000 6.45184
20360000 6.40041
20370000 6.4929
20380000 6.41458
20390000 6.60431
20400000 6.49883
20410000 6.59019
20420000 6.59975
20430000 6.4924
20440000 6.45203
20450000 6.29429
20460000 6.30781
20470000 6.45718
20480000 6.30047
20490000 6.48703
20500000 6.49218
20510000 6.48332
20520000 6.1242
20530000 6.2749
20540000 6.2582
20550000 6.3369
20560000 6.41805
20570000 6.45425
20580000 6.36829
20590000 6.44551
20600000 6.5003
20610000 6.32562
20620000 6.38221
20630000 6.41527
20640000 6.45088
20650000 6.3658
20660000 6.54303
20670000 6.38522
20680000 6.24591
20690000 6.27807
20700000 6.43126
20710000 6.31296
20720000 6.18863
20730000 6.36914
20740000 6.32512
20750000 6.61777
20760000 6.40443
20770000 6.39657
20780000 6.33165
20790000 6.52209
20800000 6.24989
20810000 6.25725
20820000 6.26056
20830000 6.25749
20840000 6.56325
20850000 6.30038
20860000 6.32563
20870000 6.2964
20880000 6.20437
20890000 6.33439
20900000 6.3606
20910000 6.43105
20920000 6.37771
20930000 6.39484
20940000 6.45585
20950000 6.26807
20960000 6.41043
20970000 6.35194
20980000 6.536
20990000 6.45403
21000000 6.43213
21010000 6.42708
21020000 6.40218
21030000 6.18177
21040000 6.33257
21050000 6.39333
21060000 6.25946
21070000 6.44096
21080000 6.37996
21090000 6.20949
21100000 6.29645
21110000 6.17218
21120000 6.30155
21130000 6.40699
21140000 6.45432
21150000 6.40598
21160000 6.38438
21170000 6.34212
21180000 6.54235
21190000 6.3846
21200000 6.30069
21210000 6.23056
21220000 6.2655
21230000 6.26887
21240000 6.2755
21250000 6.27188
21260000 6.27804
21270000 6.34874
21280000 6.32993
21290000 6.27406
21300000 6.16965
21310000 6.5853
21320000 6.37844
21330000 6.56959
21340000 6.43466
21350000 6.44348
21360000 6.43578
21370000 6.39963
21380000 6.50136
21390000 6.44242
21400000 6.27842
21410000 6.45009
21420000 6.3123
21430000 6.2907
21440000 6.35241
21450000 6.51707
21460000 6.43351
21470000 6.33496
21480000 6.45895
21490000 6.37968
21500000 6.25745
21510000 6.46604
21520000 6.41696
21530000 6.47961
21540000 6.50448
21550000 6.32515
21560000 6.27483
21570000 6.42861
21580000 6.29147
21590000 6.45142
21600000 6.38332
21610000 6.42331
21620000 6.31378
21630000 6.45996
21640000 6.44677
21650000 6.35202
21660000 6.4267
21670000 6.32181
21680000 6.47924
21690000 6.35406
21700000 6.32617
21710000 6.29949
21720000 6.31566
21730000 6.26921
21740000 6.28549
21750000 6.31664
21760000 6.3817
21770000 6.2058
21780000 6.43547
21790000 6.28581
21800000 6.25111
21810000 6.39124
21820000 6.24625
21830000 6.1768
21840000 6.10112
21850000 6.34759
21860000 6.38945
21870000 6.31718
21880000 6.3419
21890000 6.24027
21900000 6.23441
21910000 6.29389
21920000 6.45121
21930000 6.35036
21940000 6.38927
21950000 6.24743
21960000 6.35372
21970000 6.32937
21980000 6.30088
21990000 6.28721
22000000 6.52001
22010000 6.5092
22020000 6.39307
22030000 6.29131
22040000 6.23725
22050000 6.30674
22060000 6.28714
22070000 6.48879
22080000 6.60315
22090000 6.50493
22100000 6.34539
22110000 6.39067
22120000 6.29777
22130000 6.50253
22140000 6.50181
22150000 6.32376
22160000 6.33337
22170000 6.47258
22180000 6.32059
22190000 6.36861
22200000 6.36113
22210000 6.44571
22220000 6.46468
22230000 6.34882
22240000 6.36347
22250000 6.3679
22260000 6.48591
22270000 6.32728
22280000 6.47576
22290000 6.55236
22300000 6.34423
22310000 6.49337
22320000 6.43321
22330000 6.41409
22340000 6.3481
22350000 6.3194
22360000 6.30475
22370000 6.37055
22380000 6.42614
22390000 6.62875
22400000 6.55691
22410000 6.32811
22420000 6.61454
22430000 6.24217
22440000 6.1645
22450000 6.24039
22460000 6.3545
22470000 6.41457
22480000 6.31226
22490000 6.22925
22500000 6.30754
22510000 6.38742
22520000 6.35862
22530000 6.57577
22540000 6.32699
22550000 6.26277
22560000 6.4944
22570000 6.46785
22580000 6.52695
22590000 6.38193
22600000 6.41391
22610000 6.47084
22620000 6.48277
22630000 6.45512
22640000 6.4338
22650000 6.37397
22660000 6.46458
22670000 6.41547
22680000 6.38269
22690000 6.44662
22700000 6.44792
22710000 6.39567
22720000 6.33082
22730000 6.43071
22740000 6.41477
22750000 6.31992
22760000 6.2581
22770000 6.31269
22780000 6.33929
22790000 6.34205
22800000 6.32969
22810000 6.38206
22820000 6.452
22830000 6.38091
22840000 6.38311
22850000 6.38566
22860000 6.34839
22870000 6.3741
22880000 6.5373
22890000 6.46804
22900000 6.34674
22910000 6.28871
22920000 6.47296
22930000 6.41863
22940000 6.50575
22950000 6.31091
22960000 6.27946
22970000 6.28918
22980000 6.45546
22990000 6.28203
23000000 6.31497
23010000 6.40339
23020000 6.29936
23030000 6.49295
23040000 6.57383
23050000 6.31516
23060000 6.4445
23070000 6.19506
23080000 6.20448
23090000 6.36525
23100000 6.42496
23110000 6.54487
23120000 6.33242
23130000 6.29824
23140000 6.47534
23150000 6.40889
23160000 6.40617
23170000 6.62506
23180000 6.33286
23190000 6.3223
23200000 6.27026
23210000 6.39555
23220000 6.44371
23230000 6.35142
23240000 6.36205
23250000 6.36824
23260000 6.17711
23270000 6.45583
23280000 6.2187
23290000 6.22573
23300000 6.3469
23310000 6.37874
23320000 6.41471
23330000 6.39668
23340000 6.59545
23350000 6.25779
23360000 6.4286
23370000 6.23826
23380000 6.53387
23390000 6.38974
23400000 6.3418
23410000 6.32884
23420000 6.43801
23430000 6.3048
23440000 6.2848
23450000 6.4771
23460000 6.27224
23470000 6.25013
23480000 6.38978
23490000 6.26751
23500000 6.22034
23510000 6.50154
23520000 6.52411
23530000 6.32117
23540000 6.32592
23550000 6.30964
23560000 6.26127
23570000 6.29652
23580000 6.38625
23590000 6.48515
23600000 6.35075
23610000 6.39288
23620000 6.27181
23630000 6.22565
23640000 6.30595
23650000 6.36154
23660000 6.44875
23670000 6.24542
23680000 6.29169
23690000 6.38132
23700000 6.19595
23710000 6.41091
23720000 6.2675
23730000 6.52768
23740000 6.4544
23750000 6.39782
23760000 6.2752
23770000 6.34373
23780000 6.29118
23790000 6.18263
23800000 6.37737
23810000 6.37301
23820000 6.39316
23830000 6.40405
23840000 6.34121
23850000 6.35734
23860000 6.46338
23870000 6.28602
23880000 6.2908
23890000 6.27568
23900000 6.32588
23910000 6.37086
23920000 6.47872
23930000 6.45834
23940000 6.35898
23950000 6.56553
23960000 6.30535
23970000 6.245
23980000 6.36927
23990000 6.35522
24000000 6.46174
24010000 6.2888
24020000 6.21106
24030000 6.48581
24040000 6.37331
24050000 6.35072
24060000 6.29545
24070000 6.40584
24080000 6.29145
24090000 6.35389
24100000 6.41777
24110000 6.42804
24120000 6.47966
24130000 6.43582
24140000 6.49739
24150000 6.37724
24160000 6.24729
24170000 6.34359
24180000 6.41068
24190000 6.3495
24200000 6.23396
24210000 6.19026
24220000 6.51257
24230000 6.33171
24240000 6.1473
24250000 6.38613
24260000 6.33304
24270000 6.30803
24280000 6.33717
24290000 6.39276
24300000 6.36806
24310000 6.3302
24320000 6.51618
24330000 6.47512
24340000 6.31131
24350000 6.43854
24360000 6.47132
24370000 6.27637
24380000 6.31103
24390000 6.31699
24400000 6.28813
24410000 6.3178
24420000 6.44936
24430000 6.29672
24440000 6.29199
24450000 6.45603
24460000 6.24533
24470000 6.4021
24480000 6.30804
24490000 6.274
24500000 6.43063
24510000 6.39455
24520000 6.61474
24530000 6.44316
24540000 6.64218
24550000 6.32403
24560000 6.44159
24570000 6.26693
24580000 6.31014
24590000 6.31238
24600000 6.4501
24610000 6.34183
24620000 6.42187
24630000 6.44626
24640000 6.31432
24650000 6.32375
24660000 6.56745
24670000 6.37935
24680000 6.22481
24690000 6.27921
24700000 6.28029
24710000 6.44691
24720000 6.20876
24730000 6.37684
24740000 6.32513
24750000 6.10208
24760000 6.16377
24770000 6.21006
24780000 6.35501
24790000 6.37148
24800000 6.3693
24810000 6.41207
24820000 6.47878
24830000 6.22485
24840000 6.21332
24850000 6.32887
24860000 6.26663
24870000 6.24877
24880000 7.14667
24890000 6.26051
24900000 6.39682
24910000 6.36335
24920000 6.31461
24930000 6.25745
24940000 6.40956
24950000 6.51246
24960000 6.25799
24970000 6.42456
24980000 6.30075
24990000 6.32571
25000000 6.29047
25010000 6.25846
25020000 6.35945
25030000 6.33607
25040000 6.39433
25050000 6.3941
25060000 6.20612
25070000 6.23774
25080000 6.25785
25090000 6.30904
25100000 6.3197
25110000 6.36454
25120000 6.29919
25130000 6.30825
25140000 6.27842
25150000 6.34238
25160000 6.4242
25170000 6.41122
25180000 6.4756
25190000 6.46666
25200000 6.45479
25210000 6.28871
25220000 6.42291
25230000 6.37264
25240000 6.32796
25250000 6.28522
25260000 6.38131
25270000 6.42492
25280000 6.38064
25290000 6.40571
25300000 6.34017
25310000 6.6543
25320000 6.44077
25330000 6.48014
25340000 6.34596
25350000 6.41521
25360000 6.2914
25370000 6.29861
25380000 6.30988
25390000 6.33576
25400000 6.22237
25410000 6.33674
25420000 6.35748
25430000 6.29508
25440000 6.20618
25450000 6.33868
25460000 6.28499
25470000 6.30912
25480000 6.26407
25490000 6.28767
25500000 6.60772
25510000 6.55013
25520000 6.42124
25530000 6.26562
25540000 6.51467
25550000 6.74206
25560000 6.62652
25570000 6.57005
25580000 6.32599
25590000 6.36473
25600000 6.30768
25610000 6.29323
25620000 6.33505
25630000 6.37934
25640000 6.25248
25650000 6.25577
25660000 6.28396
25670000 6.23412
25680000 6.44044
25690000 6.41375
25700000 6.30223
25710000 6.24513
25720000 6.38181
25730000 6.32534
25740000 6.57131
25750000 6.45257
25760000 6.43519
25770000 6.59282
25780000 6.38019
25790000 6.26788
25800000 6.22353
25810000 6.40382
25820000 6.34758
25830000 6.42142
25840000 6.50137
25850000 6.38146
25860000 6.42046
25870000 6.58924
25880000 6.26867
25890000 6.17506
25900000 6.30906
25910000 6.20899
25920000 6.42859
25930000 6.29901
25940000 6.39706
25950000 6.37677
25960000 6.30646
25970000 6.3632
25980000 6.57789
25990000 6.47218
26000000 6.29801
26010000 6.27667
26020000 6.43602
26030000 6.4064
26040000 6.37577
26050000 6.54626
26060000 6.36574
26070000 6.18919
26080000 6.27382
26090000 6.53613
26100000 6.2416
26110000 6.51303
26120000 6.18291
26130000 6.367
26140000 6.37783
26150000 6.40021
26160000 6.27621
26170000 6.43794
26180000 6.33441
26190000 6.44573
26200000 6.59004
26210000 6.41199
26220000 6.44316
26230000 6.80312
26240000 6.30272
26250000 6.28154
26260000 6.31436
26270000 6.25533
26280000 6.24933
26290000 6.24666
26300000 6.38334
26310000 6.30594
26320000 6.43396
26330000 6.36951
26340000 6.41448
26350000 6.26639
26360000 6.39051
26370000 6.31562
26380000 6.49993
26390000 6.32497
26400000 6.39395
26410000 6.21311
26420000 6.39535
26430000 6.47745
26440000 6.32751
26450000 6.23046
26460000 6.13437
26470000 6.20672
26480000 6.26745
26490000 6.34907
26500000 6.48039
26510000 6.41364
26520000 6.43206
26530000 6.36561
26540000 6.41039
26550000 6.37286
26560000 6.37556
26570000 6.51309
26580000 6.44632
26590000 6.30165
26600000 6.43888
26610000 6.40711
26620000 6.50338
26630000 6.31499
26640000 6.38985
26650000 6.30151
26660000 6.19748
26670000 6.3802
26680000 6.30315
26690000 6.30678
26700000 6.29963
26710000 6.23513
26720000 6.2621
26730000 6.37608
26740000 6.41868
26750000 6.474
26760000 6.38877
26770000 6.52561
26780000 6.33765
26790000 6.2415
26800000 6.23304
26810000 6.27246
26820000 6.27879
26830000 6.26162
26840000 6.31957
26850000 6.38796
26860000 6.49447
26870000 6.41361
26880000 6.29482
26890000 6.17154
26900000 6.32097
26910000 6.33409
26920000 6.32753
26930000 6.26668
26940000 6.30153
26950000 6.25957
26960000 6.44941
26970000 6.43806
26980000 6.35269
26990000 6.37698
27000000 6.47488
27010000 6.36121
27020000 6.59291
27030000 6.50219
27040000 6.42934
27050000 6.32947
27060000 6.41323
27070000 6.25742
27080000 6.18032
27090000 6.1654
27100000 6.33794
27110000 6.3322
27120000 6.58113
27130000 6.52623
27140000 6.45035
27150000 6.44606
27160000 6.30411
27170000 6.54844
27180000 6.41663
27190000 6.37255
27200000 6.32207
27210000 6.28065
27220000 6.2597
27230000 6.44084
27240000 6.30383
27250000 6.37912
27260000 6.56036
27270000 6.32162
27280000 6.27057
27290000 6.25969
27300000 6.25437
27310000 6.36525
27320000 6.45022
27330000 6.5016
27340000 6.62019
27350000 6.31566
27360000 6.44918
27370000 6.32566
27380000 6.21223
27390000 6.25957
27400000 6.6421
27410000 6.31391
27420000 6.28697
27430000 6.20977
27440000 6.30845
27450000 6.46769
27460000 6.36623
27470000 6.37258
27480000 6.38083
27490000 6.25147
27500000 6.20104
27510000 6.48801
27520000 6.36421
27530000 6.34993
27540000 6.3746
27550000 6.34934
27560000 6.41521
27570000 6.29012
27580000 6.27091
27590000 6.40591
27600000 6.37711
27610000 6.25124
27620000 6.37573
27630000 6.30433
27640000 6.19688
27650000 6.22849
27660000 6.2572
27670000 6.54032
27680000 6.33323
27690000 6.32096
27700000 6.36052
27710000 6.23873
27720000 6.29565
27730000 6.42809
27740000 6.39199
27750000 6.32911
27760000 6.15329
27770000 6.38325
27780000 6.27849
27790000 6.33329
27800000 6.39566
27810000 6.3437
27820000 6.43356
27830000 6.41542
27840000 6.34064
27850000 6.47501
27860000 6.37589
27870000 6.34249
27880000 6.37433
27890000 6.38285
27900000 6.27602
27910000 6.36008
27920000 6.40833
27930000 6.35159
27940000 6.36957
27950000 6.35121
27960000 6.50744
27970000 6.36811
27980000 6.29111
27990000 6.27225
28000000 6.37643
28010000 6.21963
28020000 6.25676
28030000 6.2475
28040000 6.38864
28050000 6.23807
28060000 6.28884
28070000 6.30012
28080000 6.1765
28090000 6.29145
28100000 6.30197
28110000 6.22003
28120000 6.49555
28130000 6.25838
28140000 6.30277
28150000 6.33589
28160000 6.20758
28170000 6.38732
28180000 6.30854
28190000 6.21845
28200000 6.29741
28210000 6.27975
28220000 6.26716
28230000 6.39069
28240000 6.28876
28250000 6.24909
28260000 6.33372
28270000 6.51709
28280000 6.18327
28290000 6.31144
28300000 6.43353
28310000 6.46485
28320000 6.5046
28330000 6.34249
28340000 6.49167
28350000 6.1908
28360000 6.27814
28370000 6.28519
28380000 6.60956
28390000 6.32443
28400000 6.25677
28410000 6.28726
28420000 6.28217
28430000 6.29755
28440000 6.29075
28450000 6.43481
28460000 6.55331
28470000 6.64057
28480000 6.3793
28490000 6.29199
28500000 6.33746
28510000 6.4216
28520000 6.29249
28530000 6.41285
28540000 6.39714
28550000 6.30805
28560000 6.34846
28570000 6.54558
28580000 6.38091
28590000 6.36471
28600000 6.42586
28610000 6.3876
28620000 6.38175
28630000 6.47496
28640000 6.31356
28650000 6.21726
28660000 6.41003
28670000 6.34806
28680000 6.41719
28690000 6.36861
28700000 6.374
28710000 6.47105
28720000 6.27865
28730000 6.38647
28740000 6.42618
28750000 6.35566
28760000 6.35947
28770000 6.30894
28780000 6.26155
28790000 6.37628
28800000 6.44284
28810000 6.47989
28820000 6.44489
28830000 6.40797
28840000 6.26689
28850000 6.35739
28860000 6.33521
28870000 6.31901
28880000 6.17688
28890000 6.31089
28900000 6.33673
28910000 6.44758
28920000 6.34642
28930000 6.37798
28940000 6.4486
28950000 6.34242
28960000 6.37752
28970000 6.32519
28980000 6.42633
28990000 6.1951
29000000 6.43026
29010000 6.37048
29020000 6.3259
29030000 6.40688
29040000 6.31583
29050000 6.44705
29060000 6.49552
29070000 6.36729
29080000 6.28296
29090000 6.56661
29100000 6.40601
29110000 6.48644
29120000 6.36694
29130000 6.41982
29140000 6.31113
29150000 6.29853
29160000 6.47388
29170000 6.32211
29180000 6.28782
29190000 6.28947
29200000 6.35213
29210000 6.34632
29220000 6.48829
29230000 6.51785
29240000 6.40052
29250000 6.30348
29260000 6.35789
29270000 6.3452
29280000 6.31733
29290000 6.23977
29300000 6.32634
29310000 6.34609
29320000 6.39223
29330000 6.23413
29340000 6.54502
29350000 6.36667
29360000 6.24616
29370000 6.28302
29380000 6.48851
29390000 6.37785
29400000 6.29912
29410000 6.3535
29420000 6.40491
29430000 6.25005
29440000 6.30723
29450000 6.31134
29460000 6.48304
29470000 6.39281
29480000 6.36621
29490000 6.27123
29500000 6.26372
29510000 6.33075
29520000 6.51013
29530000 6.32371
29540000 6.30493
29550000 6.16335
29560000 6.2152
29570000 6.19805
29580000 6.20367
29590000 6.25752
29600000 6.57963
29610000 6.46172
29620000 6.39979
29630000 6.33474
29640000 6.33179
29650000 6.26085
29660000 6.39109
29670000 6.36466
29680000 6.26042
29690000 6.36469
29700000 6.28018
29710000 6.53459
29720000 6.35891
29730000 6.25056
29740000 6.38622
29750000 6.3604
29760000 6.30881
29770000 6.33497
29780000 6.23663
29790000 6.37731
29800000 6.40237
29810000 6.33544
29820000 6.17201
29830000 6.24159
29840000 6.36383
29850000 6.42189
29860000 6.42405
29870000 6.34372
29880000 6.58967
29890000 6.33437
29900000 6.28021
29910000 6.23769
29920000 6.27786
29930000 6.28323
29940000 6.29371
29950000 6.37452
29960000 6.41917
29970000 6.38345
29980000 6.3752
29990000 6.34893
30000000 6.31865
