10000 195.782
20000 125.748
30000 86.2899
40000 66.0786
50000 47.8471
60000 37.6707
70000 30.5519
80000 25.4247
90000 21.4888
100000 19.4489
110000 17.1506
120000 15.7085
130000 14.4836
140000 13.6107
150000 12.8305
160000 12.2748
170000 11.965
180000 11.4819
190000 11.2747
200000 11.0296
210000 10.7586
220000 10.4623
230000 10.2483
240000 10.0692
250000 9.77774
260000 9.71349
270000 9.64586
280000 9.53462
290000 9.37636
300000 9.16449
310000 9.14521
320000 8.9872
330000 8.93222
340000 8.7198
350000 8.5987
360000 8.56318
370000 8.45462
380000 8.47817
390000 8.41758
400000 8.23074
410000 8.31896
420000 8.09496
430000 8.00398
440000 7.90544
450000 7.83822
460000 7.80628
470000 7.93655
480000 7.68419
490000 7.63757
500000 7.76475
510000 7.64079
520000 7.65975
530000 7.40804
540000 7.42571
550000 7.48566
560000 7.4477
570000 7.30463
580000 7.35599
590000 7.38288
600000 7.44883
610000 7.27503
620000 7.30126
630000 7.24901
640000 7.13654
650000 7.13362
660000 7.14423
670000 6.99673
680000 7.08044
690000 7.34302
700000 7.16729
710000 6.93901
720000 7.03482
730000 7.07698
740000 7.0584
750000 6.93404
760000 6.71159
770000 6.82636
780000 6.93587
790000 6.66798
800000 6.72586
810000 6.84295
820000 6.79006
830000 6.72619
840000 6.63748
850000 6.65259
860000 6.66321
870000 6.74445
880000 6.65049
890000 6.76597
900000 6.602
910000 6.35803
920000 6.5156
930000 6.57535
940000 6.50898
950000 6.51764
960000 6.60663
970000 6.55885
980000 6.52167
990000 6.4551
1000000 6.58044
1010000 6.40143
1020000 6.64149
1030000 6.36457
1040000 6.43471
1050000 6.34605
1060000 6.44988
1070000 6.28586
1080000 6.28785
1090000 6.45439
1100000 6.41054
1110000 6.31199
1120000 6.27748
1130000 6.25238
1140000 6.17655
1150000 6.18846
1160000 6.22192
1170000 6.06396
1180000 6.217
1190000 6.206
1200000 6.09289
1210000 6.23087
1220000 6.11804
1230000 6.17729
1240000 6.05492
1250000 6.36852
1260000 6.0445
1270000 6.01604
1280000 6.09804
1290000 6.12997
1300000 6.10441
1310000 6.13878
1320000 6.02172
1330000 6.09175
1340000 6.01416
1350000 6.06408
1360000 5.99816
1370000 5.88864
1380000 5.99246
1390000 5.98938
1400000 6.1293
1410000 6.00258
1420000 5.93512
1430000 5.82368
1440000 5.97927
1450000 5.96172
1460000 5.84181
1470000 5.92802
1480000 6.04185
1490000 6.05437
1500000 6.03367
1510000 5.93164
1520000 5.93408
1530000 5.93354
1540000 6.11454
1550000 5.78187
1560000 5.88809
1570000 6.0025
1580000 6.04858
1590000 5.99076
1600000 5.82428
1610000 5.89791
1620000 5.77361
1630000 5.79787
1640000 5.91542
1650000 6.02928
1660000 5.92644
1670000 5.94787
1680000 5.85887
1690000 6.02733
1700000 6.38055
1710000 5.66821
1720000 5.75846
1730000 5.84461
1740000 5.75286
1750000 5.91333
1760000 5.92337
1770000 5.8325
1780000 5.96681
1790000 5.78231
1800000 5.63749
1810000 5.75404
1820000 5.79176
1830000 5.79935
1840000 5.82936
1850000 5.88794
1860000 5.75204
1870000 6.11285
1880000 6.06131
1890000 5.74204
1900000 5.65936
1910000 5.74596
1920000 5.7055
1930000 5.759
1940000 5.69369
1950000 5.69759
1960000 5.65612
1970000 5.74535
1980000 5.761
1990000 5.6154
2000000 5.59684
2010000 5.53737
2020000 5.57104
2030000 5.5784
2040000 5.72158
2050000 5.6816
2060000 5.72214
2070000 5.7989
2080000 5.65476
2090000 5.60469
2100000 5.64419
2110000 5.52393
2120000 5.47654
2130000 5.566
2140000 5.56433
2150000 5.62992
2160000 5.69307
2170000 5.55821
2180000 5.52669
2190000 5.78674
2200000 5.6459
2210000 5.68837
2220000 5.77538
2230000 5.51282
2240000 5.55008
2250000 5.80076
2260000 5.59763
2270000 5.72488
2280000 5.59744
2290000 5.60446
2300000 5.58052
2310000 5.60264
2320000 5.59307
2330000 5.66771
2340000 5.78088
2350000 5.57494
2360000 5.60446
2370000 5.70484
2380000 5.41756
2390000 5.59392
2400000 5.50259
2410000 5.54073
2420000 5.68394
2430000 5.68155
2440000 5.55323
2450000 5.63098
2460000 5.52667
2470000 5.40778
2480000 5.4884
2490000 5.52463
2500000 5.33272
2510000 5.64514
2520000 5.61612
2530000 5.54031
2540000 5.46252
2550000 5.52532
2560000 5.49129
2570000 5.71403
2580000 5.43694
2590000 5.41288
2600000 5.54403
2610000 5.54197
2620000 5.35009
2630000 5.87567
2640000 5.52726
2650000 5.63909
2660000 5.40994
2670000 5.4389
2680000 5.46958
2690000 5.61487
2700000 5.30728
2710000 5.38743
2720000 5.47597
2730000 5.38748
2740000 5.46917
2750000 5.52373
2760000 5.36027
2770000 5.5253
2780000 5.49536
2790000 5.55195
2800000 5.68645
2810000 5.54062
2820000 5.43557
2830000 5.36885
2840000 5.4364
2850000 5.50213
2860000 5.39215
2870000 5.4448
2880000 5.57507
2890000 5.31605
2900000 5.42062
2910000 5.48041
2920000 5.432
2930000 5.49043
2940000 5.29621
2950000 5.3965
2960000 5.58101
2970000 5.50213
2980000 5.48253
2990000 5.45812
3000000 5.71774
3010000 5.38256
3020000 5.5499
3030000 5.77533
3040000 5.34557
3050000 5.35887
3060000 5.4561
3070000 5.50663
3080000 5.39255
3090000 5.34937
3100000 5.52615
3110000 5.5553
3120000 5.63407
3130000 5.32857
3140000 5.38908
3150000 5.41561
3160000 5.45563
3170000 5.2209
3180000 5.51338
3190000 5.29608
3200000 5.69694
3210000 5.37183
3220000 5.48261
3230000 5.42111
3240000 5.37126
3250000 5.40238
3260000 5.1932
3270000 5.40801
3280000 5.22691
3290000 5.27123
3300000 5.42028
3310000 5.32482
3320000 5.43561
3330000 5.46246
3340000 5.2742
3350000 5.23072
3360000 5.36995
3370000 5.46828
3380000 5.2066
3390000 5.4916
3400000 5.28754
3410000 5.15457
3420000 5.32693
3430000 5.22636
3440000 5.48414
3450000 5.41859
3460000 5.20271
3470000 5.22963
3480000 5.55075
3490000 5.36223
3500000 5.36861
3510000 5.32364
3520000 5.34638
3530000 5.30041
3540000 5.42757
3550000 5.56525
3560000 5.52738
3570000 5.35802
3580000 5.39252
3590000 5.45301
3600000 5.32592
3610000 5.2937
3620000 5.55706
3630000 5.26815
3640000 5.32745
3650000 5.42471
3660000 5.28123
3670000 5.25274
3680000 5.08785
3690000 5.17389
3700000 5.30032
3710000 5.43954
3720000 5.2593
3730000 5.55803
3740000 5.28589
3750000 5.33565
3760000 5.35689
3770000 5.28484
3780000 5.29445
3790000 5.2542
3800000 5.29505
3810000 5.29785
3820000 5.22135
3830000 5.24281
3840000 5.2552
3850000 5.19581
3860000 5.33391
3870000 5.26296
3880000 5.39349
3890000 5.39789
3900000 5.2687
3910000 5.21894
3920000 5.11539
3930000 5.18217
3940000 5.332
3950000 5.24519
3960000 5.18593
3970000 5.12366
3980000 5.20944
3990000 5.2458
4000000 5.18029
4010000 5.18986
4020000 5.51347
4030000 5.34139
4040000 5.21949
4050000 5.17194
4060000 5.37144
4070000 5.25978
4080000 5.32548
4090000 5.17114
4100000 5.2376
4110000 5.21725
4120000 5.38974
4130000 5.40858
4140000 5.2802
4150000 5.44923
4160000 5.40153
4170000 5.19349
4180000 5.1947
4190000 5.25103
4200000 5.23946
4210000 5.29535
4220000 5.23871
4230000 5.33522
4240000 5.2926
4250000 5.33431
4260000 5.29702
4270000 5.25694
4280000 5.24705
4290000 5.34581
4300000 5.23523
4310000 5.21753
4320000 5.17365
4330000 5.20387
4340000 5.02185
4350000 5.21241
4360000 5.05312
4370000 5.22104
4380000 5.25901
4390000 5.13509
4400000 5.22668
4410000 5.33224
4420000 5.23692
4430000 5.18617
4440000 5.32634
4450000 5.06004
4460000 5.14238
4470000 5.31143
4480000 5.28079
4490000 5.18638
4500000 5.46315
4510000 5.24607
4520000 5.16989
4530000 5.09204
4540000 5.27463
4550000 5.66204
4560000 5.18876
4570000 5.16523
4580000 5.30636
4590000 5.20917
4600000 5.06719
4610000 5.27861
4620000 5.32748
4630000 5.44355
4640000 5.23804
4650000 5.37072
4660000 5.25923
4670000 5.2162
4680000 5.18277
4690000 5.04032
4700000 5.25309
4710000 5.4064
4720000 5.25905
4730000 5.31869
4740000 5.35024
4750000 5.13501
4760000 5.12162
4770000 5.02466
4780000 5.36352
4790000 5.23497
4800000 5.18252
4810000 5.25364
4820000 5.18391
4830000 5.19696
4840000 5.24465
4850000 5.055
4860000 5.10824
4870000 5.14869
4880000 5.28618
4890000 5.09778
4900000 5.16755
4910000 5.21291
4920000 5.16913
4930000 5.29524
4940000 5.12641
4950000 5.20615
4960000 5.26903
4970000 5.17249
4980000 5.21096
4990000 5.12061
5000000 5.20125
5010000 5.11697
5020000 5.17877
5030000 5.16091
5040000 5.17889
5050000 5.15401
5060000 5.2191
5070000 5.07419
5080000 5.21263
5090000 5.27583
5100000 5.3002
5110000 5.15682
5120000 5.17862
5130000 5.28152
5140000 5.26073
5150000 5.21808
5160000 5.24557
5170000 5.34481
5180000 5.15731
5190000 5.05713
5200000 5.15211
5210000 5.16867
5220000 5.10035
5230000 5.02655
5240000 5.12076
5250000 5.17016
5260000 5.04061
5270000 5.21218
5280000 5.07375
5290000 5.15823
5300000 5.14491
5310000 5.06154
5320000 5.0804
5330000 5.08002
5340000 5.01172
5350000 5.07708
5360000 5.14251
5370000 5.21708
5380000 5.26615
5390000 5.19805
5400000 5.20733
5410000 5.17505
5420000 5.18528
5430000 5.21312
5440000 5.11423
5450000 5.10852
5460000 5.18658
5470000 4.99402
5480000 5.09997
5490000 5.31407
5500000 5.12643
5510000 5.26598
5520000 5.20205
5530000 5.18554
5540000 5.26029
5550000 5.29733
5560000 5.47578
5570000 5.24535
5580000 5.20556
5590000 5.21051
5600000 5.22307
5610000 5.08777
5620000 5.10582
5630000 5.12197
5640000 5.02573
5650000 5.21603
5660000 5.25852
5670000 5.14528
5680000 5.28281
5690000 5.17857
5700000 5.11146
5710000 5.05525
5720000 4.97128
5730000 5.19531
5740000 5.28226
5750000 5.26878
5760000 5.36924
5770000 5.24056
5780000 5.16068
5790000 5.17105
5800000 5.21298
5810000 5.14723
5820000 5.17796
5830000 5.12002
5840000 5.23461
5850000 5.48729
5860000 5.1761
5870000 5.20758
5880000 5.27539
5890000 5.2232
5900000 5.19021
5910000 5.15589
5920000 5.04184
5930000 5.03978
5940000 5.15705
5950000 5.14154
5960000 5.04784
5970000 5.35162
5980000 5.2517
5990000 5.15128
6000000 5.1785
6010000 5.1478
6020000 5.02448
6030000 5.00839
6040000 5.19303
6050000 5.24846
6060000 5.05714
6070000 5.05499
6080000 5.00677
6090000 5.27267
6100000 5.15862
6110000 5.14306
6120000 5.09965
6130000 5.13288
6140000 4.92722
6150000 5.06371
6160000 4.97235
6170000 5.03697
6180000 5.03612
6190000 5.01224
6200000 5.2404
6210000 5.27873
6220000 5.07543
6230000 5.35484
6240000 5.0865
6250000 5.20881
6260000 4.98094
6270000 4.92958
6280000 5.02491
6290000 5.04416
6300000 5.02521
6310000 4.95969
6320000 5.10917
6330000 5.1512
6340000 5.06271
6350000 5.03248
6360000 5.02108
6370000 5.0738
6380000 5.3071
6390000 5.03184
6400000 5.13217
6410000 5.12846
6420000 5.18057
6430000 5.07481
6440000 5.13812
6450000 5.09801
6460000 5.05895
6470000 5.11874
6480000 5.02628
6490000 5.15167
6500000 5.01336
6510000 5.10392
6520000 5.13879
6530000 5.10885
6540000 5.14735
6550000 5.03886
6560000 5.12135
6570000 5.15862
6580000 5.11826
6590000 5.07589
6600000 5.16393
6610000 5.10702
6620000 5.13479
6630000 5.09977
6640000 5.1258
6650000 5.00464
6660000 5.1661
6670000 5.10978
6680000 5.01412
6690000 4.9249
6700000 5.09426
6710000 5.12738
6720000 4.99982
6730000 5.31341
6740000 5.22061
6750000 5.12021
6760000 5.0677
6770000 5.02177
6780000 5.15764
6790000 5.11085
6800000 5.04308
6810000 5.08431
6820000 5.24536
6830000 5.02072
6840000 5.25026
6850000 5.27255
6860000 5.11624
6870000 4.99441
6880000 5.04719
6890000 5.029
6900000 5.06615
6910000 5.26802
6920000 4.98489
6930000 5.10711
6940000 5.05816
6950000 4.92677
6960000 5.07389
6970000 5.12283
6980000 5.02067
6990000 5.0335
7000000 5.02554
7010000 5.11714
7020000 5.06039
7030000 5.07423
7040000 5.12452
7050000 5.18134
7060000 5.16032
7070000 5.25416
7080000 5.13628
7090000 5.14419
7100000 5.11658
7110000 4.92674
7120000 5.12442
7130000 5.07782
7140000 5.02692
7150000 5.02381
7160000 5.0701
7170000 5.00541
7180000 5.11472
7190000 5.03804
7200000 5.23031
7210000 4.97369
7220000 4.82606
7230000 5.05497
7240000 5.08789
7250000 4.96616
7260000 5.09071
7270000 4.99788
7280000 5.34057
7290000 5.40906
7300000 5.1673
7310000 5.1486
7320000 5.03245
7330000 5.12843
7340000 5.24886
7350000 5.05329
7360000 5.04057
7370000 5.0231
7380000 5.07155
7390000 5.22411
7400000 5.02868
7410000 5.02671
7420000 5.21011
7430000 4.99197
7440000 5.05846
7450000 5.02123
7460000 5.20595
7470000 5.11944
7480000 5.03067
7490000 5.08553
7500000 5.02352
7510000 5.0498
7520000 5.01314
7530000 5.05734
7540000 5.2196
7550000 5.10361
7560000 5.20108
7570000 5.12231
7580000 4.9371
7590000 5.05379
7600000 5.03709
7610000 5.03744
7620000 5.31476
7630000 4.96778
7640000 5.046
7650000 4.97309
7660000 4.9364
7670000 4.98012
7680000 5.03262
7690000 5.01872
7700000 5.01981
7710000 4.92694
7720000 4.906
7730000 4.95862
7740000 4.95957
7750000 4.94571
7760000 4.97786
7770000 5.08612
7780000 5.02961
7790000 4.99641
7800000 5.03406
7810000 5.01745
7820000 4.91847
7830000 5.0754
7840000 4.96562
7850000 5.06984
7860000 5.08924
7870000 5.19252
7880000 4.95422
7890000 5.00614
7900000 5.02102
7910000 5.19189
7920000 5.33597
7930000 5.09073
7940000 5.0501
7950000 4.93601
7960000 5.01772
7970000 5.08091
7980000 5.16093
7990000 5.17912
8000000 5.10515
8010000 5.18551
8020000 5.09717
8030000 5.06162
8040000 5.04944
8050000 5.12093
8060000 5.07461
8070000 4.93382
8080000 5.00984
8090000 5.01445
8100000 5.17888
8110000 5.03647
8120000 5.02166
8130000 4.99553
8140000 5.11554
8150000 5.19303
8160000 5.20175
8170000 5.0241
8180000 5.16717
8190000 5.13042
8200000 5.01495
8210000 5.12344
8220000 4.93378
8230000 5.00741
8240000 5.05638
8250000 5.05209
8260000 5.0618
8270000 5.13804
8280000 5.0233
8290000 5.11765
8300000 4.96767
8310000 5.25276
8320000 5.0493
8330000 5.22533
8340000 4.99557
8350000 4.98985
8360000 5.04425
8370000 5.07771
8380000 5.17081
8390000 5.10833
8400000 5.11179
8410000 4.94382
8420000 4.97022
8430000 5.08205
8440000 5.19542
8450000 5.00106
8460000 4.98507
8470000 5.06438
8480000 4.99091
8490000 5.31903
8500000 5.06825
8510000 5.13861
8520000 5.13966
8530000 4.93688
8540000 5.04996
8550000 5.14638
8560000 5.03736
8570000 5.04349
8580000 5.1026
8590000 5.25887
8600000 5.02218
8610000 5.05853
8620000 4.95815
8630000 5.04794
8640000 4.94823
8650000 5.04921
8660000 4.91346
8670000 5.03027
8680000 5.14465
8690000 4.93806
8700000 5.0083
8710000 5.09072
8720000 5.06179
8730000 5.00939
8740000 5.15856
8750000 5.03869
8760000 4.93509
8770000 5.03133
8780000 5.20052
8790000 4.92988
8800000 5.0994
8810000 5.01916
8820000 5.06084
8830000 4.95096
8840000 5.10174
8850000 5.07548
8860000 4.98076
8870000 4.9687
8880000 5.19552
8890000 5.01302
8900000 5.14737
8910000 5.16718
8920000 5.12876
8930000 5.15861
8940000 5.10016
8950000 5.07124
8960000 5.01636
8970000 4.99071
8980000 4.83404
8990000 4.98999
9000000 5.05762
9010000 4.9839
9020000 5.09918
9030000 5.14001
9040000 4.97203
9050000 4.98404
9060000 5.06347
9070000 4.96633
9080000 5.02886
9090000 4.90153
9100000 4.97385
9110000 4.93221
9120000 4.97885
9130000 4.93545
9140000 5.00317
9150000 5.02343
9160000 4.96253
9170000 5.08126
9180000 4.96507
9190000 5.03979
9200000 4.98856
9210000 5.05203
9220000 4.96217
9230000 4.90703
9240000 4.88103
9250000 5.08164
9260000 5.09334
9270000 5.10809
9280000 5.16893
9290000 5.09289
9300000 5.13625
9310000 5.20484
9320000 5.14633
9330000 5.08698
9340000 5.12688
9350000 5.00116
9360000 5.24726
9370000 5.03102
9380000 5.04567
9390000 5.12394
9400000 5.0411
9410000 5.1511
9420000 5.19785
9430000 5.20883
9440000 5.00654
9450000 5.07222
9460000 5.03968
9470000 5.12916
9480000 5.07409
9490000 5.03152
9500000 5.01447
9510000 4.9606
9520000 4.87117
9530000 5.03449
9540000 5.0128
9550000 4.97472
9560000 5.21594
9570000 5.07182
9580000 5.03938
9590000 5.12376
9600000 5.07941
9610000 4.93067
9620000 4.95313
9630000 5.16885
9640000 5.06434
9650000 5.11211
9660000 5.0499
9670000 4.88523
9680000 4.9195
9690000 4.94581
9700000 4.9525
9710000 5.02966
9720000 5.17839
9730000 5.02572
9740000 5.22168
9750000 4.89432
9760000 5.06739
9770000 5.00855
9780000 5.02443
9790000 4.8093
9800000 5.02947
9810000 4.89874
9820000 4.979
9830000 4.986
9840000 4.95416
9850000 5.00348
9860000 5.02693
9870000 5.07635
9880000 4.94601
9890000 4.94265
9900000 5.22728
9910000 5.07423
9920000 5.06163
9930000 4.96695
9940000 5.06559
9950000 5.02678
9960000 5.09273
9970000 5.04336
9980000 4.99393
9990000 5.04987
10000000 5.05597
