10000 193.661
20000 124.297
30000 85.5755
40000 66.197
50000 48.6
60000 38.483
70000 31.9863
80000 27.1558
90000 23.6327
100000 21.9998
110000 19.8127
120000 19.0963
130000 17.804
140000 17.0998
150000 16.5261
160000 16.0683
170000 16.1708
180000 15.4601
190000 15.1907
200000 15.1053
210000 14.8589
220000 14.4925
230000 14.4872
240000 14.6209
250000 14.2553
260000 14.0031
270000 14.0419
280000 14.2416
290000 13.8188
300000 13.6233
310000 13.5906
320000 13.6485
330000 13.3842
340000 13.5098
350000 13.4412
360000 13.2187
370000 13.0818
380000 13.2333
390000 12.9898
400000 13.164
410000 13.3585
420000 13.109
430000 12.8819
440000 12.8667
450000 12.7457
460000 12.7615
470000 12.6992
480000 12.7106
490000 12.6618
500000 12.5318
510000 12.5462
520000 12.7392
530000 12.3724
540000 12.5322
550000 12.6289
560000 12.1925
570000 12.3127
580000 12.3599
590000 12.4362
600000 12.1513
610000 12.1854
620000 12.5152
630000 12.3478
640000 12.2009
650000 12.1818
660000 12.206
670000 12.2267
680000 12.1672
690000 12.183
700000 12.2501
710000 11.9851
720000 12.1092
730000 12.2218
740000 12.2531
750000 11.8968
760000 12.0043
770000 11.7735
780000 12.0734
790000 11.808
800000 11.9521
810000 11.9173
820000 12.1575
830000 12.2112
840000 11.8142
850000 11.9007
860000 11.6983
870000 11.5022
880000 11.6422
890000 11.6994
900000 11.7139
910000 11.5369
920000 11.7699
930000 11.6299
940000 11.7171
950000 11.8045
960000 11.6365
970000 11.6365
980000 11.883
990000 11.5942
1000000 11.4843
1010000 11.5696
1020000 11.6597
1030000 11.5854
1040000 11.552
1050000 11.3951
1060000 11.5258
1070000 11.5182
1080000 11.6101
1090000 11.6963
1100000 11.5548
1110000 11.5938
1120000 11.5468
1130000 11.6075
1140000 11.2255
1150000 11.5531
1160000 11.3346
1170000 11.2887
1180000 11.4862
1190000 11.3151
1200000 11.3113
1210000 11.516
1220000 11.5938
1230000 11.4968
1240000 11.2041
1250000 11.5372
1260000 11.2073
1270000 11.3092
1280000 11.426
1290000 11.4084
1300000 11.3298
1310000 11.3307
1320000 11.2812
1330000 11.3065
1340000 11.2719
1350000 11.4407
1360000 11.3286
1370000 11.2261
1380000 11.3644
1390000 11.2735
1400000 11.3276
1410000 11.1888
1420000 10.9039
1430000 11.2663
1440000 11.2584
1450000 11.4922
1460000 11.4081
1470000 11.3311
1480000 11.2139
1490000 11.5517
1500000 11.3199
1510000 11.261
1520000 11.4626
1530000 11.4277
1540000 11.3849
1550000 11.3164
1560000 11.4838
1570000 11.2231
1580000 11.1592
1590000 11.2588
1600000 11.2637
1610000 11.2465
1620000 11.0315
1630000 11.0523
1640000 11.0817
1650000 11.1223
1660000 11.1241
1670000 11.0257
1680000 11.011
1690000 11.0874
1700000 11.4152
1710000 11.0206
1720000 10.9512
1730000 11.0824
1740000 10.8671
1750000 10.9735
1760000 10.8229
1770000 10.827
1780000 11.029
1790000 11.0242
1800000 11.2267
1810000 11.1273
1820000 11.1316
1830000 11.1945
1840000 11.0718
1850000 10.8853
1860000 10.8143
1870000 11.0826
1880000 11.1695
1890000 10.939
1900000 11.0869
1910000 10.9189
1920000 10.9651
1930000 10.9091
1940000 10.9362
1950000 11.0639
1960000 11.3238
1970000 11.1037
1980000 10.8763
1990000 10.9423
2000000 11.0663
2010000 10.9212
2020000 11.2343
2030000 11.0438
2040000 11.0217
2050000 10.9286
2060000 10.8773
2070000 10.9022
2080000 10.8975
2090000 10.8442
2100000 11.0118
2110000 11.1375
2120000 10.7367
2130000 10.8919
2140000 10.9532
2150000 11.1058
2160000 10.9915
2170000 10.835
2180000 10.9189
2190000 11.0484
2200000 11.0508
2210000 11.0461
2220000 11.0862
2230000 10.9167
2240000 10.7213
2250000 10.8523
2260000 10.7224
2270000 10.8164
2280000 10.7976
2290000 11.0563
2300000 11.049
2310000 11.001
2320000 10.7339
2330000 10.8949
2340000 10.9296
2350000 10.8047
2360000 11.0409
2370000 10.9805
2380000 10.7095
2390000 10.7823
2400000 11.0154
2410000 10.802
2420000 10.956
2430000 10.9031
2440000 11.1081
2450000 11.2484
2460000 11.051
2470000 10.7983
2480000 10.9369
2490000 10.8487
2500000 10.638
2510000 10.9116
2520000 10.9871
2530000 10.7832
2540000 10.6967
2550000 10.7379
2560000 10.8688
2570000 10.9425
2580000 10.9054
2590000 10.6519
2600000 10.8665
2610000 10.8362
2620000 10.8463
2630000 11.2316
2640000 10.7179
2650000 10.768
2660000 10.7203
2670000 10.8188
2680000 11.0051
2690000 10.6727
2700000 10.8046
2710000 10.8838
2720000 10.7856
2730000 10.7679
2740000 11.06
2750000 10.8088
2760000 10.8887
2770000 10.7321
2780000 10.8499
2790000 10.8572
2800000 10.7037
2810000 10.7652
2820000 10.5954
2830000 10.7469
2840000 10.8648
2850000 10.7749
2860000 10.876
2870000 10.7769
2880000 10.4904
2890000 10.5732
2900000 10.7097
2910000 10.7666
2920000 10.6295
2930000 10.8862
2940000 10.7326
2950000 10.6322
2960000 10.9946
2970000 10.8816
2980000 10.9451
2990000 10.939
3000000 10.8187
3010000 10.8223
3020000 10.7506
3030000 10.8058
3040000 10.785
3050000 10.8804
3060000 10.8382
3070000 10.8702
3080000 10.6268
3090000 10.5924
3100000 10.7255
3110000 10.639
3120000 10.6462
3130000 10.7109
3140000 10.6602
3150000 11.0363
3160000 10.7538
3170000 10.5697
3180000 10.6048
3190000 10.7647
3200000 10.8568
3210000 10.6512
3220000 10.6886
3230000 10.8535
3240000 10.7084
3250000 10.981
3260000 10.9148
3270000 11.1225
3280000 10.6816
3290000 10.7496
3300000 10.6561
3310000 10.7778
3320000 10.6235
3330000 10.5519
3340000 10.4409
3350000 10.6
3360000 10.7387
3370000 10.5345
3380000 10.5104
3390000 10.5898
3400000 10.6477
3410000 10.5894
3420000 10.4108
3430000 10.5197
3440000 10.5784
3450000 10.8888
3460000 10.6321
3470000 10.5055
3480000 10.7588
3490000 10.4728
3500000 10.7125
3510000 10.5001
3520000 10.5266
3530000 10.5328
3540000 10.6871
3550000 10.6955
3560000 10.8859
3570000 10.77
3580000 10.8738
3590000 10.5813
3600000 10.5983
3610000 10.553
3620000 10.4915
3630000 10.8385
3640000 10.7359
3650000 10.6321
3660000 11.0393
3670000 10.7643
3680000 10.6268
3690000 10.6327
3700000 10.5357
3710000 10.5847
3720000 10.4854
3730000 10.8431
3740000 10.4861
3750000 10.5497
3760000 10.5996
3770000 10.7304
3780000 10.677
3790000 10.6689
3800000 10.7388
3810000 10.6413
3820000 10.6797
3830000 10.6144
3840000 10.7351
3850000 10.544
3860000 10.6806
3870000 10.71
3880000 10.6944
3890000 10.4852
3900000 10.6282
3910000 10.7989
3920000 10.5667
3930000 10.4988
3940000 10.5845
3950000 10.3531
3960000 10.4622
3970000 10.4294
3980000 10.4563
3990000 10.7662
4000000 10.4609
4010000 10.5598
4020000 10.6123
4030000 10.4855
4040000 10.4896
4050000 10.4884
4060000 10.5169
4070000 10.5528
4080000 10.434
4090000 10.5136
4100000 10.3587
4110000 10.6734
4120000 10.5757
4130000 10.6107
4140000 10.4202
4150000 10.5662
4160000 10.7327
4170000 10.3725
4180000 10.471
4190000 10.5312
4200000 10.7601
4210000 10.6797
4220000 10.51
4230000 10.8159
4240000 10.6741
4250000 10.6117
4260000 10.8558
4270000 10.7091
4280000 10.7943
4290000 10.6579
4300000 10.4314
4310000 10.406
4320000 10.5932
4330000 10.3933
4340000 10.5117
4350000 10.5114
4360000 10.5037
4370000 10.5684
4380000 10.4129
4390000 10.5271
4400000 10.589
4410000 10.4121
4420000 10.6561
4430000 10.3754
4440000 10.5332
4450000 10.4674
4460000 10.5566
4470000 10.4331
4480000 10.4732
4490000 10.6213
4500000 10.6962
4510000 10.6356
4520000 10.6227
4530000 10.4594
4540000 10.5248
4550000 10.8699
4560000 10.4289
4570000 10.5183
4580000 10.852
4590000 10.5475
4600000 10.4517
4610000 10.4571
4620000 10.5902
4630000 10.7676
4640000 10.6277
4650000 10.5544
4660000 10.4472
4670000 10.4633
4680000 10.5054
4690000 10.7114
4700000 10.7364
4710000 10.5573
4720000 10.5102
4730000 10.4334
4740000 10.472
4750000 10.2971
4760000 10.5517
4770000 10.4827
4780000 10.635
4790000 10.4519
4800000 10.4063
4810000 10.7262
4820000 10.5612
4830000 10.5548
4840000 10.5512
4850000 10.3971
4860000 10.4775
4870000 10.3706
4880000 10.4206
4890000 10.428
4900000 10.5407
4910000 10.327
4920000 10.3993
4930000 10.9038
4940000 10.4612
4950000 10.402
4960000 10.5577
4970000 10.5093
4980000 10.6424
4990000 10.5275
5000000 10.2929
5010000 10.3629
5020000 10.4851
5030000 10.5681
5040000 10.4757
5050000 10.5695
5060000 10.6485
5070000 10.3084
5080000 10.3304
5090000 10.5191
5100000 10.5013
5110000 10.5932
5120000 10.5172
5130000 10.5744
5140000 10.4785
5150000 10.4232
5160000 10.4019
5170000 10.8895
5180000 10.649
5190000 10.4234
5200000 10.3577
5210000 10.4117
5220000 10.5259
5230000 10.3281
5240000 10.4983
5250000 10.5208
5260000 10.4942
5270000 10.3692
5280000 10.1666
5290000 10.2815
5300000 10.6461
5310000 10.5567
5320000 10.5398
5330000 10.5286
5340000 10.3696
5350000 10.7579
5360000 10.546
5370000 10.3713
5380000 10.4844
5390000 10.3574
5400000 10.6019
5410000 10.3169
5420000 10.2402
5430000 10.4311
5440000 10.4222
5450000 10.3249
5460000 10.6079
5470000 10.5085
5480000 10.5108
5490000 10.4973
5500000 10.4509
5510000 10.5064
5520000 10.7083
5530000 10.4925
5540000 10.7172
5550000 10.4023
5560000 10.4663
5570000 10.3821
5580000 10.4461
5590000 10.4734
5600000 10.5501
5610000 10.4167
5620000 10.53
5630000 10.7389
5640000 10.4039
5650000 10.3412
5660000 10.5362
5670000 10.5043
5680000 10.4274
5690000 10.4838
5700000 10.5261
5710000 10.4194
5720000 10.5722
5730000 10.6811
5740000 10.5422
5750000 10.5511
5760000 10.6519
5770000 10.5541
5780000 10.2265
5790000 10.4098
5800000 10.6605
5810000 10.5162
5820000 10.4425
5830000 10.3728
5840000 10.3801
5850000 10.8998
5860000 10.3835
5870000 10.2613
5880000 10.5524
5890000 10.3148
5900000 10.5231
5910000 10.514
5920000 10.5459
5930000 10.4619
5940000 10.4766
5950000 10.5838
5960000 10.3184
5970000 10.6442
5980000 10.4333
5990000 10.3528
6000000 10.4025
6010000 10.6368
6020000 10.24
6030000 10.5229
6040000 10.5408
6050000 10.398
6060000 10.4669
6070000 10.1743
6080000 10.3192
6090000 10.4188
6100000 10.3826
6110000 10.5658
6120000 10.2181
6130000 10.5279
6140000 10.5008
6150000 10.1353
6160000 10.3012
6170000 10.3357
6180000 10.3701
6190000 10.2955
6200000 10.4689
6210000 10.4564
6220000 10.3982
6230000 10.5632
6240000 10.5905
6250000 10.6961
6260000 10.1334
6270000 10.3601
6280000 10.2645
6290000 10.3085
6300000 10.3462
6310000 10.2633
6320000 10.4217
6330000 10.2951
6340000 10.1661
6350000 10.417
6360000 10.5108
6370000 10.4154
6380000 10.5025
6390000 10.3536
6400000 10.5624
6410000 10.6628
6420000 10.4531
6430000 10.5977
6440000 10.5314
6450000 10.2987
6460000 10.4513
6470000 10.4903
6480000 10.3782
6490000 10.394
6500000 10.5371
6510000 10.3395
6520000 10.5425
6530000 10.4223
6540000 10.5009
6550000 10.5714
6560000 10.4848
6570000 10.4729
6580000 10.3287
6590000 10.2932
6600000 10.4121
6610000 10.3348
6620000 10.3537
6630000 10.2134
6640000 10.4387
6650000 10.361
6660000 10.3777
6670000 10.2713
6680000 10.4446
6690000 10.436
6700000 10.4353
6710000 10.5007
6720000 10.5022
6730000 10.8914
6740000 10.2372
6750000 10.2548
6760000 10.4874
6770000 10.2821
6780000 10.4771
6790000 10.1025
6800000 10.7617
6810000 10.3602
6820000 10.3778
6830000 10.3277
6840000 10.4806
6850000 10.4272
6860000 10.4572
6870000 10.1883
6880000 10.4798
6890000 10.3761
6900000 10.4038
6910000 10.4691
6920000 10.5401
6930000 10.3469
6940000 10.4103
6950000 10.4353
6960000 10.2984
6970000 10.3401
6980000 10.4346
6990000 10.4136
7000000 10.4458
7010000 10.4058
7020000 10.2405
7030000 10.4782
7040000 10.3785
7050000 10.45
7060000 10.5501
7070000 10.4736
7080000 10.2869
7090000 10.5583
7100000 10.2735
7110000 10.339
7120000 10.5091
7130000 10.2533
7140000 10.6313
7150000 10.244
7160000 10.2901
7170000 10.2394
7180000 10.3033
7190000 10.3338
7200000 10.6523
7210000 10.3132
7220000 10.4211
7230000 10.3686
7240000 10.6267
7250000 10.3523
7260000 10.2596
7270000 10.3908
7280000 10.2522
7290000 10.2897
7300000 10.5382
7310000 10.4791
7320000 10.2516
7330000 10.4329
7340000 10.5298
7350000 10.4904
7360000 10.2621
7370000 10.5117
7380000 10.375
7390000 10.4257
7400000 10.3879
7410000 10.3545
7420000 10.2373
7430000 10.1131
7440000 10.3802
7450000 10.3126
7460000 10.4113
7470000 10.474
7480000 10.6105
7490000 10.5332
7500000 10.5089
7510000 10.432
7520000 10.244
7530000 10.4329
7540000 10.212
7550000 10.0655
7560000 10.3682
7570000 10.2722
7580000 10.2778
7590000 10.5002
7600000 10.5016
7610000 10.3102
7620000 10.2127
7630000 10.3444
7640000 10.4679
7650000 10.7926
7660000 10.1999
7670000 10.353
7680000 10.4201
7690000 10.4974
7700000 10.2306
7710000 10.2289
7720000 10.3098
7730000 10.4113
7740000 10.2619
7750000 10.355
7760000 10.1875
7770000 10.3945
7780000 10.4726
7790000 10.4015
7800000 10.4372
7810000 10.2638
7820000 10.4226
7830000 10.6176
7840000 10.2421
7850000 10.2349
7860000 10.3928
7870000 10.5869
7880000 10.5555
7890000 10.3362
7900000 10.326
7910000 10.3837
7920000 10.5189
7930000 10.2976
7940000 10.3142
7950000 10.3052
7960000 10.4178
7970000 10.1402
7980000 10.413
7990000 10.4142
8000000 10.1962
8010000 10.4455
8020000 10.3788
8030000 10.3163
8040000 10.2374
8050000 10.2996
8060000 10.2843
8070000 10.3971
8080000 10.4816
8090000 10.3618
8100000 10.6809
8110000 10.4849
8120000 10.2585
8130000 10.3304
8140000 10.5131
8150000 10.5977
8160000 10.3497
8170000 10.2216
8180000 10.3548
8190000 10.3192
8200000 10.2299
8210000 10.5624
8220000 10.3266
8230000 10.3321
8240000 10.5446
8250000 10.3601
8260000 10.3566
8270000 10.118
8280000 10.4013
8290000 10.4207
8300000 10.2078
8310000 10.5099
8320000 10.2424
8330000 10.4211
8340000 10.5971
8350000 10.4987
8360000 10.2733
8370000 10.3361
8380000 10.65
8390000 10.5184
8400000 10.3113
8410000 10.2191
8420000 10.3828
8430000 10.2958
8440000 10.1746
8450000 10.3247
8460000 10.3657
8470000 10.2064
8480000 10.1957
8490000 10.2244
8500000 10.302
8510000 10.348
8520000 10.4094
8530000 10.1046
8540000 10.3466
8550000 10.32
8560000 10.2172
8570000 10.454
8580000 10.4116
8590000 10.4579
8600000 10.3482
8610000 10.4296
8620000 10.1678
8630000 10.3974
8640000 10.2988
8650000 10.2632
8660000 10.4235
8670000 10.5065
8680000 10.4401
8690000 10.2907
8700000 10.4408
8710000 10.3588
8720000 10.2412
8730000 10.3039
8740000 10.2324
8750000 10.3603
8760000 10.2551
8770000 10.1366
8780000 10.3043
8790000 10.3312
8800000 10.2317
8810000 10.3798
8820000 10.5123
8830000 10.3882
8840000 10.4899
8850000 10.2675
8860000 10.1285
8870000 10.2881
8880000 10.6224
8890000 10.4503
8900000 10.5996
8910000 10.1817
8920000 10.1963
8930000 10.2672
8940000 10.4039
8950000 10.3097
8960000 10.4653
8970000 10.282
8980000 10.1901
8990000 10.4205
9000000 10.3974
9010000 10.4503
9020000 10.5866
9030000 10.4381
9040000 10.3784
9050000 10.2942
9060000 10.2426
9070000 10.1401
9080000 10.3231
9090000 10.3828
9100000 10.3783
9110000 10.0633
9120000 10.4048
9130000 10.4413
9140000 10.3329
9150000 10.3279
9160000 10.4467
9170000 10.3095
9180000 10.3092
9190000 10.353
9200000 10.3795
9210000 10.5237
9220000 10.489
9230000 10.3173
9240000 10.3224
9250000 10.2778
9260000 10.3597
9270000 10.4003
9280000 10.6006
9290000 10.5191
9300000 10.4922
9310000 10.3804
9320000 10.38
9330000 10.3157
9340000 10.2883
9350000 10.2209
9360000 10.3808
9370000 10.4275
9380000 10.4178
9390000 10.4893
9400000 10.3213
9410000 10.6242
9420000 10.2544
9430000 10.4308
9440000 10.2222
9450000 10.2352
9460000 10.331
9470000 10.4907
9480000 10.1782
9490000 10.0953
9500000 10.2798
9510000 10.1995
9520000 10.4238
9530000 10.2693
9540000 10.4002
9550000 10.1189
9560000 10.1416
9570000 10.2311
9580000 10.203
9590000 10.2572
9600000 10.0727
9610000 10.1425
9620000 10.4085
9630000 10.6314
9640000 10.7405
9650000 10.4009
9660000 10.2598
9670000 10.1514
9680000 10.2818
9690000 10.2728
9700000 10.1481
9710000 10.1645
9720000 10.2604
9730000 10.1707
9740000 10.1553
9750000 10.2082
9760000 10.2982
9770000 10.2635
9780000 10.2958
9790000 10.2383
9800000 10.2159
9810000 10.5115
9820000 10.267
9830000 10.3725
9840000 10.4382
9850000 10.3964
9860000 10.3048
9870000 10.3774
9880000 10.5111
9890000 10.4217
9900000 10.3973
9910000 10.1964
9920000 10.1539
9930000 10.2223
9940000 10.1987
9950000 10.3603
9960000 10.3606
9970000 10.4414
9980000 10.3871
9990000 10.2698
10000000 10.3077
