1 2.27887
2 1.40305
3 1.06361
4 0.909531
5 0.822874
6 0.763767
7 0.71893
8 0.682923
9 0.652928
10 0.627323
11 0.605015
12 0.585312
13 0.567749
14 0.55195
15 0.53758
16 0.524439
17 0.512341
18 0.501175
19 0.490828
20 0.481219
21 0.472281
22 0.463947
23 0.456149
24 0.448824
25 0.441933
26 0.43544
27 0.42931
28 0.423506
29 0.417996
30 0.412763
31 0.407789
32 0.403051
33 0.398533
34 0.394216
35 0.390092
36 0.386145
37 0.382364
38 0.378733
39 0.375243
40 0.371884
41 0.368651
42 0.365538
43 0.362539
44 0.359644
45 0.356846
46 0.354137
47 0.351509
48 0.348958
49 0.34648
50 0.344073
51 0.341733
52 0.339456
53 0.337241
54 0.335086
55 0.332985
56 0.330937
57 0.328938
58 0.326984
59 0.325075
60 0.323209
61 0.321386
62 0.319605
63 0.317863
64 0.316159
65 0.314489
66 0.312852
67 0.311247
68 0.309673
69 0.308128
70 0.306614
71 0.305128
72 0.303671
73 0.302242
74 0.30084
75 0.299464
76 0.298112
77 0.296786
78 0.295483
79 0.294204
80 0.292947
81 0.291713
82 0.290499
83 0.289303
84 0.288125
85 0.286963
86 0.285818
87 0.28469
88 0.283578
89 0.282481
90 0.281401
91 0.280337
92 0.279288
93 0.278254
94 0.277236
95 0.276234
96 0.275249
97 0.27428
98 0.273327
99 0.272389
100 0.271466
