1 15.3772
2 12.1376
3 10.3069
4 9.10255
5 8.24477
6 7.6006
7 7.09689
8 6.68997
9 6.35242
10 6.06633
11 5.81957
12 5.60364
13 5.41241
14 5.24136
15 5.08705
16 4.94685
17 4.81864
18 4.70074
19 4.59181
20 4.49073
21 4.39657
22 4.30856
23 4.22606
24 4.14849
25 4.07538
26 4.00631
27 3.94091
28 3.87885
29 3.81987
30 3.7637
31 3.71013
32 3.65896
33 3.61002
34 3.56314
35 3.51818
36 3.47501
37 3.43353
38 3.39362
39 3.35518
40 3.31813
41 3.28239
42 3.24788
43 3.21453
44 3.18228
45 3.15107
46 3.12085
47 3.09157
48 3.06318
49 3.03564
50 3.00891
51 2.98294
52 2.95771
53 2.93319
54 2.90933
55 2.88612
56 2.86351
57 2.8415
58 2.82005
59 2.79914
60 2.77875
61 2.75886
62 2.73945
63 2.7205
64 2.702
65 2.68392
66 2.66626
67 2.64899
68 2.63211
69 2.6156
70 2.59945
71 2.58365
72 2.56817
73 2.55303
74 2.53819
75 2.52366
76 2.50942
77 2.49546
78 2.48177
79 2.46836
80 2.4552
81 2.44229
82 2.42962
83 2.41719
84 2.40498
85 2.393
86 2.38123
87 2.36967
88 2.35831
89 2.34715
90 2.33618
91 2.3254
92 2.3148
93 2.30437
94 2.29412
95 2.28403
96 2.27411
97 2.26434
98 2.25473
99 2.24527
100 2.23596
