1 11.5299
2 7.38244
3 5.72876
4 4.78489
5 4.20528
6 3.81669
7 3.53849
8 3.32837
9 3.15841
10 3.01759
11 2.89726
12 2.79287
13 2.70085
14 2.61893
15 2.54537
16 2.47884
17 2.41829
18 2.36289
19 2.31195
20 2.2649
21 2.22127
22 2.18069
23 2.14281
24 2.10737
25 2.07412
26 2.04287
27 2.01343
28 1.98564
29 1.95938
30 1.93451
31 1.91093
32 1.88854
33 1.86724
34 1.84697
35 1.82766
36 1.80923
37 1.79163
38 1.77481
39 1.75872
40 1.74332
41 1.72856
42 1.71442
43 1.70086
44 1.68784
45 1.67534
46 1.66334
47 1.65179
48 1.64069
49 1.63002
50 1.61974
51 1.60984
52 1.60031
53 1.59113
54 1.58228
55 1.57375
56 1.56552
57 1.55759
58 1.54994
59 1.54255
60 1.53542
61 1.52854
62 1.52189
63 1.51547
64 1.50927
65 1.50328
66 1.49749
67 1.49189
68 1.48648
69 1.48126
70 1.4762
71 1.47132
72 1.4666
73 1.46203
74 1.45761
75 1.45334
76 1.44922
77 1.44522
78 1.44136
79 1.43763
80 1.43402
81 1.43053
82 1.42715
83 1.42389
84 1.42073
85 1.41768
86 1.41473
87 1.41187
88 1.40911
89 1.40644
90 1.40385
91 1.40135
92 1.39894
93 1.3966
94 1.39434
95 1.39216
96 1.39005
97 1.38801
98 1.38604
99 1.38414
100 1.3823
