1 4.99331
2 2.63927
3 1.3297
4 0.827632
5 0.683051
6 0.60936
7 0.557685
8 0.517834
9 0.483761
10 0.455279
11 0.430596
12 0.409346
13 0.390834
14 0.374672
15 0.360434
16 0.347844
17 0.336633
18 0.326593
19 0.317592
20 0.309518
21 0.302247
22 0.295705
23 0.289808
24 0.284482
25 0.279653
26 0.275269
27 0.271283
28 0.267657
29 0.26435
30 0.26133
31 0.258575
32 0.256055
33 0.253751
34 0.251648
35 0.249732
36 0.247987
37 0.246392
38 0.244933
39 0.243597
40 0.242374
41 0.241254
42 0.240222
43 0.239277
44 0.238416
45 0.237631
46 0.236915
47 0.236264
48 0.235671
49 0.235133
50 0.234648
51 0.234207
52 0.233806
53 0.23344
54 0.233108
55 0.232808
56 0.232537
57 0.232295
58 0.232084
59 0.231903
60 0.231753
61 0.231633
62 0.23154
63 0.231471
64 0.231426
65 0.231402
66 0.231392
67 0.231398
68 0.231419
69 0.231454
70 0.231503
71 0.231566
72 0.231642
73 0.23173
74 0.231828
75 0.231936
76 0.232056
77 0.232185
78 0.232327
79 0.232479
80 0.232642
81 0.232814
82 0.232994
83 0.233182
84 0.233379
85 0.233586
86 0.233801
87 0.234023
88 0.23425
89 0.234482
90 0.234715
91 0.23495
92 0.235187
93 0.235426
94 0.235666
95 0.235909
96 0.236154
97 0.236401
98 0.23665
99 0.236902
100 0.237156
