10000 95.9445
20000 46.6622
30000 29.1478
40000 20.8408
50000 16.2181
60000 13.4357
70000 11.7954
80000 10.628
90000 9.81024
100000 9.23287
110000 8.78106
120000 8.41844
130000 8.14953
140000 7.92851
150000 7.7033
160000 7.53718
170000 7.38207
180000 7.25015
190000 7.11018
200000 7.00258
210000 6.89973
220000 6.80112
230000 6.70415
240000 6.61972
250000 6.56329
260000 6.51527
270000 6.43687
280000 6.35497
290000 6.28941
300000 6.23429
310000 6.18225
320000 6.13278
330000 6.08799
340000 6.01416
350000 5.97795
360000 5.92094
370000 5.8838
380000 5.83627
390000 5.81144
400000 5.77687
410000 5.74211
420000 5.69087
430000 5.65688
440000 5.63363
450000 5.6098
460000 5.56092
470000 5.54109
480000 5.50863
490000 5.49508
500000 5.44147
510000 5.42621
520000 5.38889
530000 5.35642
540000 5.34208
550000 5.34539
560000 5.30667
570000 5.29426
580000 5.2598
590000 5.233
600000 5.20426
610000 5.18888
620000 5.1801
630000 5.15173
640000 5.12877
650000 5.12843
660000 5.09783
670000 5.09647
680000 5.07767
690000 5.04424
700000 5.02185
710000 5.01078
720000 4.98792
730000 4.97113
740000 4.95805
750000 4.94248
760000 4.95512
770000 4.93603
780000 4.88922
790000 4.88152
800000 4.88035
810000 4.8603
820000 4.85852
830000 4.8212
840000 4.79823
850000 4.80619
860000 4.80035
870000 4.79374
880000 4.77715
890000 4.78873
900000 4.7603
910000 4.73328
920000 4.7298
930000 4.72909
940000 4.71897
950000 4.70886
960000 4.69814
970000 4.67333
980000 4.6663
990000 4.6696
1000000 4.64182
1010000 4.66636
1020000 4.63062
1030000 4.61099
1040000 4.62155
1050000 4.60683
1060000 4.57905
1070000 4.57149
1080000 4.5793
1090000 4.55496
1100000 4.56272
1110000 4.56135
1120000 4.54856
1130000 4.54392
1140000 4.54681
1150000 4.5427
1160000 4.52717
1170000 4.5022
1180000 4.51051
1190000 4.48707
1200000 4.4787
1210000 4.4991
1220000 4.51265
1230000 4.46592
1240000 4.47139
1250000 4.45112
1260000 4.46587
1270000 4.45296
1280000 4.43326
1290000 4.41599
1300000 4.41768
1310000 4.41228
1320000 4.41008
1330000 4.41062
1340000 4.41924
1350000 4.4009
1360000 4.39552
1370000 4.40356
1380000 4.38282
1390000 4.3687
1400000 4.365
1410000 4.35405
1420000 4.35753
1430000 4.35543
1440000 4.35413
1450000 4.35463
1460000 4.34752
1470000 4.35439
1480000 4.32858
1490000 4.35137
1500000 4.32571
1510000 4.33367
1520000 4.32574
1530000 4.30122
1540000 4.32478
1550000 4.32766
1560000 4.3
1570000 4.29032
1580000 4.28468
1590000 4.28572
1600000 4.27391
1610000 4.27383
1620000 4.28084
1630000 4.2543
1640000 4.26993
1650000 4.29882
1660000 4.25825
1670000 4.27486
1680000 4.22625
1690000 4.25103
1700000 4.25748
1710000 4.25889
1720000 4.2574
1730000 4.20698
1740000 4.21606
1750000 4.23459
1760000 4.22764
1770000 4.22269
1780000 4.22912
1790000 4.21204
1800000 4.20235
1810000 4.18517
1820000 4.18097
1830000 4.20425
1840000 4.2083
1850000 4.20783
1860000 4.19737
1870000 4.16457
1880000 4.17682
1890000 4.20931
1900000 4.16753
1910000 4.16955
1920000 4.1665
1930000 4.18433
1940000 4.15128
1950000 4.15557
1960000 4.14614
1970000 4.17758
1980000 4.1412
1990000 4.14688
2000000 4.14147
2010000 4.14548
2020000 4.1389
2030000 4.14294
2040000 4.14275
2050000 4.13951
2060000 4.12146
2070000 4.11848
2080000 4.13504
2090000 4.11833
2100000 4.11788
2110000 4.10807
2120000 4.10034
2130000 4.09627
2140000 4.11033
2150000 4.11008
2160000 4.1085
2170000 4.1045
2180000 4.08764
2190000 4.08627
2200000 4.08772
2210000 4.09565
2220000 4.08455
2230000 4.08482
2240000 4.08228
2250000 4.08556
2260000 4.06674
2270000 4.0883
2280000 4.0781
2290000 4.06058
2300000 4.06445
2310000 4.07941
2320000 4.0741
2330000 4.06067
2340000 4.06241
2350000 4.05576
2360000 4.05531
2370000 4.04334
2380000 4.05373
2390000 4.04515
2400000 4.04257
2410000 4.05766
2420000 4.04607
2430000 4.04147
2440000 4.04368
2450000 4.03797
2460000 4.08993
2470000 4.03885
2480000 4.04334
2490000 4.04921
2500000 4.01932
2510000 4.01943
2520000 4.01428
2530000 4.0529
2540000 4.02017
2550000 4.03059
2560000 4.02926
2570000 4.01802
2580000 4.05079
2590000 4.0503
2600000 4.0355
2610000 4.00553
2620000 3.99516
2630000 4.00545
2640000 4.00835
2650000 4.00443
2660000 4.01445
2670000 4.0133
2680000 3.99203
2690000 3.9881
2700000 3.99016
2710000 3.98607
2720000 3.98276
2730000 3.9803
2740000 3.98527
2750000 3.97803
2760000 3.98697
2770000 3.9813
2780000 3.99141
2790000 3.97551
2800000 3.98679
2810000 3.98012
2820000 3.97823
2830000 3.98352
2840000 3.98832
2850000 3.97702
2860000 3.99708
2870000 3.9621
2880000 3.96482
2890000 3.96888
2900000 3.96133
2910000 3.9381
2920000 3.96802
2930000 4.00088
2940000 3.94737
2950000 3.95632
2960000 3.97926
2970000 3.95791
2980000 3.95435
2990000 3.95596
3000000 3.95409
3010000 3.96073
3020000 3.97677
3030000 3.95651
3040000 3.95802
3050000 3.95268
3060000 3.94397
3070000 3.9337
3080000 3.93819
3090000 3.93602
3100000 3.94682
3110000 3.93398
3120000 3.93956
3130000 3.93744
3140000 3.93314
3150000 3.91843
3160000 3.92183
3170000 3.93943
3180000 3.96477
3190000 3.93955
3200000 3.91968
3210000 3.91344
3220000 3.92342
3230000 3.91477
3240000 3.91347
3250000 3.92683
3260000 3.90759
3270000 3.93634
3280000 3.91462
3290000 3.91739
3300000 3.90776
3310000 3.89605
3320000 3.91499
3330000 3.91678
3340000 3.91491
3350000 3.9208
3360000 3.89839
3370000 3.90786
3380000 3.90886
3390000 3.9466
3400000 3.90086
3410000 3.9007
3420000 3.92422
3430000 3.90453
3440000 3.91026
3450000 3.88531
3460000 3.89721
3470000 3.88888
3480000 3.88942
3490000 3.8948
3500000 3.89547
3510000 3.89128
3520000 3.88032
3530000 3.89856
3540000 3.88332
3550000 3.86251
3560000 3.89032
3570000 3.93314
3580000 3.87553
3590000 3.893
3600000 3.88555
3610000 3.85954
3620000 3.87792
3630000 3.87171
3640000 3.89474
3650000 3.88295
3660000 3.88608
3670000 3.87521
3680000 3.88451
3690000 3.88132
3700000 3.87044
3710000 3.87458
3720000 3.87795
3730000 3.87424
3740000 3.88545
3750000 3.86896
3760000 3.9041
3770000 3.86896
3780000 3.8824
3790000 3.86402
3800000 3.8581
3810000 3.85181
3820000 3.86016
3830000 3.84959
3840000 3.8648
3850000 3.85904
3860000 3.87861
3870000 3.88375
3880000 3.8514
3890000 3.87236
3900000 3.85845
3910000 3.85675
3920000 3.85913
3930000 3.85066
3940000 3.85468
3950000 3.85493
3960000 3.85025
3970000 3.85069
3980000 3.87107
3990000 3.85312
4000000 3.86603
4010000 3.84986
4020000 3.8524
4030000 3.86238
4040000 3.8387
4050000 3.83901
4060000 3.85439
4070000 3.84084
4080000 3.84588
4090000 3.87305
4100000 3.86123
4110000 3.8394
4120000 3.83323
4130000 3.85932
4140000 3.84288
4150000 3.83999
4160000 3.83928
4170000 3.84793
4180000 3.83168
4190000 3.83299
4200000 3.85212
4210000 3.82863
4220000 3.85524
4230000 3.83697
4240000 3.82364
4250000 3.82253
4260000 3.83264
4270000 3.83756
4280000 3.84008
4290000 3.83163
4300000 3.82241
4310000 3.82872
4320000 3.84034
4330000 3.84707
4340000 3.82702
4350000 3.82054
4360000 3.8083
4370000 3.80502
4380000 3.82191
4390000 3.82579
4400000 3.84355
4410000 3.82566
4420000 3.80114
4430000 3.81248
4440000 3.8032
4450000 3.81733
4460000 3.82064
4470000 3.83725
4480000 3.80615
4490000 3.82244
4500000 3.82691
4510000 3.81404
4520000 3.8146
4530000 3.80712
4540000 3.82284
4550000 3.82886
4560000 3.8214
4570000 3.81349
4580000 3.7953
4590000 3.81039
4600000 3.80724
4610000 3.81051
4620000 3.80453
4630000 3.78713
4640000 3.80019
4650000 3.80782
4660000 3.81594
4670000 3.80856
4680000 3.81052
4690000 3.80794
4700000 3.80266
4710000 3.79556
4720000 3.79524
4730000 3.8071
4740000 3.81582
4750000 3.79851
4760000 3.81731
4770000 3.7895
4780000 3.79717
4790000 3.78978
4800000 3.81158
4810000 3.79286
4820000 3.78031
4830000 3.80584
4840000 3.80464
4850000 3.7937
4860000 3.79246
4870000 3.79277
4880000 3.80608
4890000 3.78479
4900000 3.79879
4910000 3.80038
4920000 3.80272
4930000 3.80572
4940000 3.77929
4950000 3.80153
4960000 3.7844
4970000 3.78654
4980000 3.79778
4990000 3.81182
5000000 3.79478
5010000 3.78406
5020000 3.79982
5030000 3.78543
5040000 3.78399
5050000 3.79614
5060000 3.77228
5070000 3.77196
5080000 3.78735
5090000 3.7798
5100000 3.76549
5110000 3.78134
5120000 3.79078
5130000 3.7923
5140000 3.76822
5150000 3.77192
5160000 3.79143
5170000 3.78091
5180000 3.77415
5190000 3.77372
5200000 3.80061
5210000 3.81238
5220000 3.79118
5230000 3.78434
5240000 3.76221
5250000 3.78911
5260000 3.76621
5270000 3.769
5280000 3.77423
5290000 3.76606
5300000 3.76515
5310000 3.77556
5320000 3.78371
5330000 3.79168
5340000 3.78093
5350000 3.77251
5360000 3.76638
5370000 3.76705
5380000 3.76563
5390000 3.76629
5400000 3.78046
5410000 3.78027
5420000 3.76357
5430000 3.76273
5440000 3.77629
5450000 3.76225
5460000 3.77035
5470000 3.77535
5480000 3.75965
5490000 3.766
5500000 3.76386
5510000 3.77438
5520000 3.8038
5530000 3.79252
5540000 3.77754
5550000 3.78122
5560000 3.76241
5570000 3.76613
5580000 3.77316
5590000 3.76802
5600000 3.74615
5610000 3.74517
5620000 3.74412
5630000 3.75428
5640000 3.7745
5650000 3.74523
5660000 3.76019
5670000 3.7651
5680000 3.7689
5690000 3.74578
5700000 3.74855
5710000 3.76211
5720000 3.75589
5730000 3.78327
5740000 3.75948
5750000 3.78456
5760000 3.75006
5770000 3.75712
5780000 3.761
5790000 3.75712
5800000 3.75868
5810000 3.73669
5820000 3.75521
5830000 3.75039
5840000 3.73587
5850000 3.74551
5860000 3.76825
5870000 3.76588
5880000 3.77079
5890000 3.78813
5900000 3.75837
5910000 3.74798
5920000 3.76337
5930000 3.76519
5940000 3.74994
5950000 3.74982
5960000 3.74667
5970000 3.75282
5980000 3.73462
5990000 3.7543
6000000 3.75075
6010000 3.7496
6020000 3.75071
6030000 3.75827
6040000 3.72919
6050000 3.75461
6060000 3.74565
6070000 3.7327
6080000 3.73161
6090000 3.7413
6100000 3.77022
6110000 3.75037
6120000 3.73296
6130000 3.73182
6140000 3.74513
6150000 3.75352
6160000 3.73907
6170000 3.72915
6180000 3.76747
6190000 3.72736
6200000 3.76574
6210000 3.73717
6220000 3.74007
6230000 3.73926
6240000 3.72775
6250000 3.74306
6260000 3.73841
6270000 3.72315
6280000 3.73327
6290000 3.73396
6300000 3.74307
6310000 3.72971
6320000 3.74122
6330000 3.75396
6340000 3.73333
6350000 3.73799
6360000 3.75075
6370000 3.73907
6380000 3.74383
6390000 3.75472
6400000 3.72617
6410000 3.72498
6420000 3.73038
6430000 3.76592
6440000 3.71807
6450000 3.74861
6460000 3.71435
6470000 3.72515
6480000 3.75843
6490000 3.72805
6500000 3.72673
6510000 3.73353
6520000 3.72995
6530000 3.7198
6540000 3.72165
6550000 3.7434
6560000 3.73258
6570000 3.74299
6580000 3.75361
6590000 3.73477
6600000 3.71786
6610000 3.72406
6620000 3.73308
6630000 3.72274
6640000 3.7213
6650000 3.72294
6660000 3.74942
6670000 3.70439
6680000 3.74282
6690000 3.73586
6700000 3.72851
6710000 3.71851
6720000 3.71974
6730000 3.70622
6740000 3.7136
6750000 3.72799
6760000 3.72093
6770000 3.71339
6780000 3.73833
6790000 3.71681
6800000 3.74885
6810000 3.74346
6820000 3.7083
6830000 3.72545
6840000 3.72512
6850000 3.72297
6860000 3.72075
6870000 3.71842
6880000 3.71626
6890000 3.7443
6900000 3.71498
6910000 3.73785
6920000 3.70476
6930000 3.74309
6940000 3.70001
6950000 3.72223
6960000 3.71641
6970000 3.70765
6980000 3.70834
6990000 3.71963
7000000 3.71049
7010000 3.71116
7020000 3.70197
7030000 3.71777
7040000 3.71209
7050000 3.73242
7060000 3.72954
7070000 3.71504
7080000 3.71612
7090000 3.72966
7100000 3.71217
7110000 3.71042
7120000 3.70561
7130000 3.70614
7140000 3.73044
7150000 3.71328
7160000 3.71538
7170000 3.72135
7180000 3.73868
7190000 3.71659
7200000 3.72136
7210000 3.70313
7220000 3.69875
7230000 3.72629
7240000 3.71172
7250000 3.70988
7260000 3.71136
7270000 3.70716
7280000 3.70997
7290000 3.71778
7300000 3.71441
7310000 3.69151
7320000 3.69378
7330000 3.71368
7340000 3.69272
7350000 3.71951
7360000 3.71002
7370000 3.71525
7380000 3.70628
7390000 3.71076
7400000 3.69462
7410000 3.70304
7420000 3.69928
7430000 3.71497
7440000 3.70325
7450000 3.73034
7460000 3.70419
7470000 3.71517
7480000 3.6976
7490000 3.69751
7500000 3.69568
7510000 3.69993
7520000 3.69216
7530000 3.69057
7540000 3.72553
7550000 3.706
7560000 3.70992
7570000 3.70514
7580000 3.70829
7590000 3.67959
7600000 3.71131
7610000 3.73034
7620000 3.69855
7630000 3.68489
7640000 3.71179
7650000 3.71416
7660000 3.72306
7670000 3.70887
7680000 3.68823
7690000 3.68493
7700000 3.69054
7710000 3.72341
7720000 3.68507
7730000 3.69219
7740000 3.71979
7750000 3.69881
7760000 3.74463
7770000 3.7118
7780000 3.68703
7790000 3.69622
7800000 3.70434
7810000 3.70632
7820000 3.69026
7830000 3.69744
7840000 3.70372
7850000 3.70026
7860000 3.6807
7870000 3.68123
7880000 3.69899
7890000 3.69341
7900000 3.7147
7910000 3.71433
7920000 3.69588
7930000 3.69758
7940000 3.71553
7950000 3.69359
7960000 3.67751
7970000 3.68294
7980000 3.7233
7990000 3.70842
8000000 3.70728
8010000 3.67956
8020000 3.69718
8030000 3.72163
8040000 3.7013
8050000 3.7119
8060000 3.70495
8070000 3.70157
8080000 3.70756
8090000 3.68246
8100000 3.66557
8110000 3.68717
8120000 3.70755
8130000 3.67441
8140000 3.69169
8150000 3.71613
8160000 3.6997
8170000 3.68301
8180000 3.6792
8190000 3.69398
8200000 3.72184
8210000 3.70839
8220000 3.68246
8230000 3.6688
8240000 3.67645
8250000 3.68649
8260000 3.67197
8270000 3.68961
8280000 3.7023
8290000 3.68053
8300000 3.68855
8310000 3.69781
8320000 3.69523
8330000 3.69442
8340000 3.68184
8350000 3.67277
8360000 3.6845
8370000 3.70079
8380000 3.66951
8390000 3.69364
8400000 3.69283
8410000 3.68254
8420000 3.69817
8430000 3.67486
8440000 3.6892
8450000 3.68686
8460000 3.67355
8470000 3.68543
8480000 3.67707
8490000 3.69336
8500000 3.6854
8510000 3.70167
8520000 3.68866
8530000 3.68446
8540000 3.68144
8550000 3.67833
8560000 3.66907
8570000 3.69661
8580000 3.6883
8590000 3.69872
8600000 3.67624
8610000 3.65758
8620000 3.68529
8630000 3.68715
8640000 3.69547
8650000 3.6916
8660000 3.67139
8670000 3.70098
8680000 3.69065
8690000 3.69462
8700000 3.69759
8710000 3.68469
8720000 3.67922
8730000 3.69418
8740000 3.67746
8750000 3.69005
8760000 3.68506
8770000 3.68241
8780000 3.66989
8790000 3.68209
8800000 3.68082
8810000 3.68758
8820000 3.67162
8830000 3.67497
8840000 3.6736
8850000 3.6886
8860000 3.67689
8870000 3.65895
8880000 3.6649
8890000 3.67304
8900000 3.68272
8910000 3.67019
8920000 3.67693
8930000 3.65818
8940000 3.67075
8950000 3.68347
8960000 3.68294
8970000 3.68761
8980000 3.66155
8990000 3.68788
9000000 3.67667
9010000 3.66832
9020000 3.67237
9030000 3.69811
9040000 3.67192
9050000 3.68769
9060000 3.68753
9070000 3.6641
9080000 3.67401
9090000 3.6827
9100000 3.68201
9110000 3.68706
9120000 3.6826
9130000 3.67876
9140000 3.6769
9150000 3.68683
9160000 3.68284
9170000 3.65228
9180000 3.67184
9190000 3.70635
9200000 3.66628
9210000 3.68181
9220000 3.66827
9230000 3.68876
9240000 3.6645
9250000 3.70472
9260000 3.65719
9270000 3.66527
9280000 3.69476
9290000 3.67868
9300000 3.6753
9310000 3.6693
9320000 3.67209
9330000 3.6623
9340000 3.676
9350000 3.68783
9360000 3.67985
9370000 3.69217
9380000 3.68047
9390000 3.66509
9400000 3.66615
9410000 3.66363
9420000 3.68701
9430000 3.69192
9440000 3.65853
9450000 3.66686
9460000 3.66464
9470000 3.67149
9480000 3.68088
9490000 3.72714
9500000 3.68001
9510000 3.68928
9520000 3.66053
9530000 3.68036
9540000 3.67543
9550000 3.68811
9560000 3.68346
9570000 3.65814
9580000 3.68076
9590000 3.67963
9600000 3.67012
9610000 3.64879
9620000 3.65514
9630000 3.66054
9640000 3.6836
9650000 3.67151
9660000 3.67278
9670000 3.66929
9680000 3.67024
9690000 3.67774
9700000 3.66637
9710000 3.68597
9720000 3.67024
9730000 3.66579
9740000 3.66116
9750000 3.67951
9760000 3.69526
9770000 3.67784
9780000 3.66585
9790000 3.66839
9800000 3.66993
9810000 3.66468
9820000 3.70824
9830000 3.67115
9840000 3.66586
9850000 3.6881
9860000 3.66247
9870000 3.66947
9880000 3.66616
9890000 3.66775
9900000 3.66404
9910000 3.6689
9920000 3.66979
9930000 3.66966
9940000 3.6698
9950000 3.66623
9960000 3.65957
9970000 3.66311
9980000 3.66132
9990000 3.66349
10000000 3.67939
