1 363.951
2 208.584
3 132.411
4 86.8158
5 57.2351
6 38.5939
7 26.0837
8 18.6427
9 13.4594
10 10.4977
11 8.56131
12 7.67234
13 7.0241
14 6.7286
15 6.44461
16 6.28498
17 6.12322
18 6.01117
19 5.90167
20 5.81547
21 5.7334
22 5.66443
23 5.59991
24 5.54354
25 5.49123
26 5.44443
27 5.40122
28 5.36196
29 5.32567
30 5.29239
31 5.26151
32 5.23293
33 5.20636
34 5.18166
35 5.15858
36 5.13701
37 5.11682
38 5.0979
39 5.08009
40 5.06333
41 5.0475
42 5.03253
43 5.01836
44 5.00492
45 4.9922
46 4.98012
47 4.96864
48 4.9577
49 4.94729
50 4.93735
51 4.92786
52 4.91878
53 4.9101
54 4.9018
55 4.89385
56 4.88626
57 4.87899
58 4.87201
59 4.86531
60 4.85887
61 4.85269
62 4.84673
63 4.84101
64 4.83549
65 4.83018
66 4.82506
67 4.82012
68 4.81535
69 4.81075
70 4.80631
71 4.80202
72 4.79788
73 4.79387
74 4.79
75 4.78624
76 4.7826
77 4.77908
78 4.77567
79 4.77237
80 4.76917
81 4.76606
82 4.76304
83 4.76011
84 4.75726
85 4.7545
86 4.75182
87 4.74921
88 4.74668
89 4.74422
90 4.74183
91 4.73951
92 4.73725
93 4.73504
94 4.73289
95 4.7308
96 4.72876
97 4.72677
98 4.72483
99 4.72295
100 4.72111
