1 14.326
2 9.58289
3 7.19989
4 4.7903
5 3.25865
6 2.39809
7 1.79425
8 1.49603
9 1.29011
10 1.16218
11 1.04405
12 0.963363
13 0.89263
14 0.864152
15 0.843185
16 0.842201
17 0.835008
18 0.831303
19 0.823625
20 0.818588
21 0.814179
22 0.811939
23 0.810617
24 0.810354
25 0.810612
26 0.811529
27 0.812743
28 0.814372
29 0.81607
30 0.818024
31 0.819974
32 0.822119
33 0.824269
34 0.826596
35 0.828894
36 0.831353
37 0.833769
38 0.836344
39 0.838873
40 0.84154
41 0.844156
42 0.846877
43 0.849561
44 0.852336
45 0.855079
46 0.8579
47 0.860699
48 0.863567
49 0.866413
50 0.869319
51 0.872207
52 0.875145
53 0.878068
54 0.88103
55 0.883979
56 0.886951
57 0.88991
58 0.89289
59 0.89586
60 0.898846
61 0.90182
62 0.9048
63 0.907764
64 0.91073
65 0.91368
66 0.91663
67 0.919566
68 0.9225
69 0.925422
70 0.92834
71 0.931247
72 0.934148
73 0.937035
74 0.939917
75 0.942786
76 0.945647
77 0.948496
78 0.951336
79 0.95416
80 0.956973
81 0.959771
82 0.962559
83 0.965334
84 0.9681
85 0.970852
86 0.973594
87 0.976324
88 0.979044
89 0.98175
90 0.984445
91 0.987126
92 0.989795
93 0.992449
94 0.995091
95 0.997719
96 1.00034
97 1.00294
98 1.00553
99 1.00811
100 1.01067
