1 1004.17
2 543.931
3 343.483
4 239.158
5 177.192
6 137.272
7 109.714
8 89.4496
9 73.8721
10 61.6592
11 52.081
12 44.6487
13 38.9469
14 34.5977
15 31.2631
16 28.6686
17 26.605
18 24.9223
19 23.5165
20 22.3172
21 21.2766
22 20.3617
23 19.5492
24 18.8214
25 18.1638
26 17.5664
27 17.0199
28 16.5172
29 16.0519
30 15.6197
31 15.2164
32 14.839
33 14.4849
34 14.1516
35 13.8378
36 13.5416
37 13.2615
38 12.9961
39 12.7441
40 12.5045
41 12.2765
42 12.0596
43 11.8528
44 11.6554
45 11.4668
46 11.2863
47 11.1134
48 10.9478
49 10.7889
50 10.6364
51 10.4899
52 10.3491
53 10.2137
54 10.0835
55 9.95811
56 9.83742
57 9.72113
58 9.60908
59 9.501
60 9.39669
61 9.29599
62 9.19874
63 9.1048
64 9.01414
65 8.92663
66 8.84199
67 8.76005
68 8.68071
69 8.60383
70 8.52934
71 8.45721
72 8.38732
73 8.31955
74 8.25378
75 8.18993
76 8.12799
77 8.06789
78 8.00958
79 7.95298
80 7.89807
81 7.84472
82 7.79284
83 7.74239
84 7.69341
85 7.64582
86 7.59958
87 7.55459
88 7.51084
89 7.46829
90 7.42685
91 7.38643
92 7.34699
93 7.30854
94 7.27107
95 7.23457
96 7.19898
97 7.16427
98 7.13042
99 7.09738
100 7.06514
101 7.03369
102 7.00303
103 6.97311
104 6.94387
105 6.9153
106 6.88742
107 6.8602
108 6.83363
109 6.80766
110 6.78229
111 6.75752
112 6.7333
113 6.7096
114 6.68641
115 6.66372
116 6.64149
117 6.61972
118 6.59841
119 6.57754
120 6.5571
121 6.53707
122 6.51743
123 6.4982
124 6.47938
125 6.46097
126 6.44294
127 6.42527
128 6.40795
129 6.39099
130 6.37434
131 6.35799
132 6.34195
133 6.32621
134 6.31077
135 6.29563
136 6.28077
137 6.26618
138 6.25185
139 6.23777
140 6.22395
141 6.21037
142 6.19703
143 6.18393
144 6.17109
145 6.15848
146 6.14608
147 6.13389
148 6.12191
149 6.11014
150 6.09856
151 6.08719
152 6.07601
153 6.06502
154 6.05421
155 6.04357
156 6.0331
157 6.02279
158 6.01265
159 6.00266
160 5.99284
161 5.98319
162 5.97369
163 5.96434
164 5.95515
165 5.94611
166 5.93721
167 5.92845
168 5.91983
169 5.91134
170 5.90297
171 5.89473
172 5.88663
173 5.87864
174 5.87078
175 5.86304
176 5.85541
177 5.84791
178 5.84052
179 5.83324
180 5.82608
181 5.81903
182 5.81209
183 5.80525
184 5.7985
185 5.79185
186 5.78529
187 5.77881
188 5.77242
189 5.76611
190 5.75988
191 5.75374
192 5.74768
193 5.74171
194 5.73582
195 5.73002
196 5.72429
197 5.71863
198 5.71305
199 5.70754
200 5.7021
201 5.69674
202 5.69145
203 5.68624
204 5.68109
205 5.67602
206 5.67101
207 5.66607
208 5.6612
209 5.6564
210 5.65166
211 5.64698
212 5.64236
213 5.6378
214 5.6333
215 5.62887
216 5.62448
217 5.62015
218 5.61586
219 5.61162
220 5.60744
221 5.60331
222 5.59923
223 5.5952
224 5.59121
225 5.58728
226 5.58339
227 5.57955
228 5.57575
229 5.57201
230 5.56831
231 5.56464
232 5.56102
233 5.55744
234 5.5539
235 5.5504
236 5.54694
237 5.54352
238 5.54014
239 5.5368
240 5.5335
241 5.53023
242 5.52699
243 5.52379
244 5.52062
245 5.51749
246 5.51439
247 5.51133
248 5.5083
249 5.5053
250 5.50233
251 5.49939
252 5.49648
253 5.4936
254 5.49076
255 5.48794
256 5.48516
257 5.48242
258 5.4797
259 5.47701
260 5.47435
261 5.47172
262 5.46912
263 5.46655
264 5.46401
265 5.4615
266 5.45901
267 5.45654
268 5.4541
269 5.45168
270 5.44929
271 5.44691
272 5.44456
273 5.44224
274 5.43993
275 5.43765
276 5.4354
277 5.43316
278 5.43095
279 5.42876
280 5.42659
281 5.42444
282 5.42231
283 5.42021
284 5.41812
285 5.41606
286 5.41401
287 5.41199
288 5.40998
289 5.40799
290 5.40601
291 5.40406
292 5.40212
293 5.4002
294 5.39829
295 5.39641
296 5.39454
297 5.3927
298 5.39086
299 5.38905
300 5.38725
301 5.38548
302 5.38373
303 5.38199
304 5.38027
305 5.37856
306 5.37687
307 5.37519
308 5.37353
309 5.37189
310 5.37026
311 5.36864
312 5.36704
313 5.36546
314 5.36388
315 5.36233
316 5.36079
317 5.35926
318 5.35774
319 5.35624
320 5.35476
321 5.35328
322 5.35181
323 5.35036
324 5.34892
325 5.34749
326 5.34606
327 5.34466
328 5.34326
329 5.34187
330 5.3405
331 5.33915
332 5.33781
333 5.33648
334 5.33516
335 5.33384
336 5.33254
337 5.33125
338 5.32996
339 5.32869
340 5.32743
341 5.32617
342 5.32493
343 5.32371
344 5.32249
345 5.32129
346 5.32009
347 5.3189
348 5.31772
349 5.31655
350 5.31539
351 5.31424
352 5.31311
353 5.31198
354 5.31086
355 5.30976
356 5.30865
357 5.30756
358 5.30647
359 5.3054
360 5.30433
361 5.30328
362 5.30223
363 5.30119
364 5.30015
365 5.29913
366 5.29811
367 5.2971
368 5.2961
369 5.29511
370 5.29412
371 5.29314
372 5.29217
373 5.29121
374 5.29026
375 5.28931
376 5.28837
377 5.28745
378 5.28653
379 5.28561
380 5.28471
381 5.28381
382 5.28291
383 5.28202
384 5.28114
385 5.28026
386 5.27939
387 5.27853
388 5.27767
389 5.27682
390 5.27598
391 5.27514
392 5.27431
393 5.27348
394 5.27266
395 5.27184
396 5.27103
397 5.27022
398 5.26943
399 5.26863
400 5.26785
401 5.26706
402 5.26629
403 5.26551
404 5.26475
405 5.26398
406 5.26322
407 5.26247
408 5.26172
409 5.26098
410 5.26024
411 5.25951
412 5.25878
413 5.25806
414 5.25734
415 5.25662
416 5.25591
417 5.25521
418 5.2545
419 5.25381
420 5.25312
421 5.25243
422 5.25174
423 5.25107
424 5.25039
425 5.24972
426 5.24906
427 5.2484
428 5.24774
429 5.24709
430 5.24644
431 5.24579
432 5.24515
433 5.24451
434 5.24388
435 5.24325
436 5.24262
437 5.242
438 5.24139
439 5.24077
440 5.24016
441 5.23956
442 5.23896
443 5.23836
444 5.23777
445 5.23718
446 5.2366
447 5.23602
448 5.23544
449 5.23487
450 5.2343
451 5.23374
452 5.23318
453 5.23262
454 5.23206
455 5.23151
456 5.23096
457 5.23042
458 5.22988
459 5.22934
460 5.22881
461 5.22828
462 5.22775
463 5.22723
464 5.22671
465 5.22619
466 5.22567
467 5.22516
468 5.22465
469 5.22414
470 5.22364
471 5.22314
472 5.22264
473 5.22215
474 5.22166
475 5.22117
476 5.22068
477 5.2202
478 5.21972
479 5.21924
480 5.21876
481 5.21829
482 5.21782
483 5.21735
484 5.21688
485 5.21642
486 5.21596
487 5.21551
488 5.21505
489 5.2146
490 5.21416
491 5.21371
492 5.21327
493 5.21283
494 5.2124
495 5.21196
496 5.21153
497 5.2111
498 5.21068
499 5.21025
500 5.20983
501 5.20941
502 5.209
503 5.20858
504 5.20817
505 5.20776
506 5.20735
507 5.20695
508 5.20655
509 5.20615
510 5.20575
511 5.20535
512 5.20496
513 5.20456
514 5.20417
515 5.20378
516 5.2034
517 5.20301
518 5.20263
519 5.20225
520 5.20187
521 5.2015
522 5.20112
523 5.20075
524 5.20038
525 5.20001
526 5.19964
527 5.19927
528 5.19891
529 5.19855
530 5.19819
531 5.19783
532 5.19748
533 5.19712
534 5.19677
535 5.19642
536 5.19607
537 5.19573
538 5.19538
539 5.19504
540 5.1947
541 5.19436
542 5.19402
543 5.19369
544 5.19335
545 5.19302
546 5.19269
547 5.19236
548 5.19203
549 5.19171
550 5.19139
551 5.19107
552 5.19075
553 5.19043
554 5.19012
555 5.18981
556 5.18949
557 5.18918
558 5.18887
559 5.18856
560 5.18826
561 5.18795
562 5.18765
563 5.18734
564 5.18704
565 5.18675
566 5.18645
567 5.18615
568 5.18586
569 5.18557
570 5.18528
571 5.18499
572 5.1847
573 5.18442
574 5.18413
575 5.18385
576 5.18357
577 5.18329
578 5.18301
579 5.18273
580 5.18246
581 5.18218
582 5.18191
583 5.18164
584 5.18137
585 5.1811
586 5.18083
587 5.18056
588 5.1803
589 5.18003
590 5.17977
591 5.17951
592 5.17925
593 5.17899
594 5.17874
595 5.17848
596 5.17823
597 5.17797
598 5.17772
599 5.17747
600 5.17723
601 5.17698
602 5.17673
603 5.17649
604 5.17625
605 5.17601
606 5.17577
607 5.17553
608 5.1753
609 5.17506
610 5.17483
611 5.17459
612 5.17436
613 5.17413
614 5.17391
615 5.17368
616 5.17345
617 5.17323
618 5.17301
619 5.17278
620 5.17256
621 5.17234
622 5.17212
623 5.1719
624 5.17169
625 5.17147
626 5.17125
627 5.17104
628 5.17083
629 5.17061
630 5.1704
631 5.17019
632 5.16998
633 5.16977
634 5.16956
635 5.16936
636 5.16915
637 5.16895
638 5.16874
639 5.16854
640 5.16834
641 5.16814
642 5.16794
643 5.16774
644 5.16754
645 5.16734
646 5.16715
647 5.16695
648 5.16676
649 5.16657
650 5.16637
651 5.16618
652 5.16599
653 5.1658
654 5.16561
655 5.16542
656 5.16524
657 5.16505
658 5.16486
659 5.16468
660 5.16449
661 5.16431
662 5.16413
663 5.16395
664 5.16377
665 5.16359
666 5.16341
667 5.16323
668 5.16306
669 5.16288
670 5.16271
671 5.16253
672 5.16236
673 5.16219
674 5.16201
675 5.16184
676 5.16167
677 5.1615
678 5.16133
679 5.16117
680 5.161
681 5.16083
682 5.16066
683 5.1605
684 5.16033
685 5.16017
686 5.16
687 5.15984
688 5.15968
689 5.15952
690 5.15936
691 5.1592
692 5.15904
693 5.15888
694 5.15872
695 5.15857
696 5.15841
697 5.15826
698 5.1581
699 5.15795
700 5.1578
701 5.15765
702 5.15749
703 5.15735
704 5.1572
705 5.15705
706 5.1569
707 5.15675
708 5.15661
709 5.15646
710 5.15632
711 5.15617
712 5.15603
713 5.15589
714 5.15574
715 5.1556
716 5.15546
717 5.15532
718 5.15518
719 5.15504
720 5.1549
721 5.15476
722 5.15462
723 5.15448
724 5.15434
725 5.1542
726 5.15406
727 5.15393
728 5.15379
729 5.15365
730 5.15352
731 5.15338
732 5.15325
733 5.15312
734 5.15299
735 5.15286
736 5.15273
737 5.15259
738 5.15246
739 5.15234
740 5.15221
741 5.15208
742 5.15195
743 5.15182
744 5.15169
745 5.15156
746 5.15144
747 5.15131
748 5.15118
749 5.15106
750 5.15093
