1 13.4065
2 7.39392
3 5.0451
4 3.96395
5 3.32965
6 2.9619
7 2.68808
8 2.50063
9 2.35186
10 2.23789
11 2.1424
12 2.06425
13 1.99391
14 1.93362
15 1.87772
16 1.82941
17 1.78605
18 1.74827
19 1.71484
20 1.6848
21 1.65803
22 1.63352
23 1.61157
24 1.59142
25 1.57319
26 1.55648
27 1.54122
28 1.52725
29 1.51441
30 1.50267
31 1.49183
32 1.4819
33 1.4727
34 1.46428
35 1.45646
36 1.44929
37 1.44264
38 1.43653
39 1.43086
40 1.42564
41 1.42081
42 1.41636
43 1.41225
44 1.40847
45 1.40499
46 1.40179
47 1.39884
48 1.39614
49 1.39367
50 1.39141
51 1.38935
52 1.38748
53 1.38578
54 1.38426
55 1.38288
56 1.38166
57 1.38056
58 1.3796
59 1.37876
60 1.37804
61 1.37742
62 1.3769
63 1.37648
64 1.37615
65 1.3759
66 1.37573
67 1.37564
68 1.37561
69 1.37566
70 1.37576
71 1.37592
72 1.37614
73 1.37641
74 1.37673
75 1.3771
76 1.37751
77 1.37796
78 1.37845
79 1.37898
80 1.37954
81 1.38013
82 1.38075
83 1.38141
84 1.38208
85 1.38279
86 1.38351
87 1.38426
88 1.38503
89 1.38582
90 1.38662
91 1.38745
92 1.38829
93 1.38914
94 1.39001
95 1.3909
96 1.39179
97 1.3927
98 1.39362
99 1.39455
100 1.39549
101 1.39643
102 1.39739
103 1.39835
104 1.39932
105 1.40029
106 1.40127
107 1.40226
108 1.40325
109 1.40425
110 1.40525
111 1.40626
112 1.40726
113 1.40827
114 1.40929
115 1.4103
116 1.41132
117 1.41233
118 1.41335
119 1.41437
120 1.4154
121 1.41642
122 1.41744
123 1.41846
124 1.41949
125 1.42051
126 1.42153
127 1.42256
128 1.42358
129 1.4246
130 1.42562
131 1.42663
132 1.42765
133 1.42866
134 1.42968
135 1.43069
136 1.43169
137 1.4327
138 1.43371
139 1.43471
140 1.43571
141 1.4367
142 1.4377
143 1.43869
144 1.43968
145 1.44067
146 1.44165
147 1.44263
148 1.44361
149 1.44458
150 1.44555
151 1.44652
152 1.44749
153 1.44845
154 1.44941
155 1.45036
156 1.45132
157 1.45227
158 1.45321
159 1.45416
160 1.4551
161 1.45603
162 1.45697
163 1.4579
164 1.45883
165 1.45975
166 1.46067
167 1.46159
168 1.4625
169 1.46341
170 1.46432
171 1.46523
172 1.46613
173 1.46702
174 1.46792
175 1.46881
176 1.4697
177 1.47058
178 1.47146
179 1.47234
180 1.47321
181 1.47408
182 1.47495
183 1.47581
184 1.47667
185 1.47752
186 1.47838
187 1.47923
188 1.48007
189 1.48092
190 1.48175
191 1.48259
192 1.48342
193 1.48425
194 1.48508
195 1.4859
196 1.48672
197 1.48753
198 1.48835
199 1.48916
200 1.48996
201 1.49076
202 1.49156
203 1.49236
204 1.49315
205 1.49394
206 1.49473
207 1.49551
208 1.49629
209 1.49707
210 1.49784
211 1.49861
212 1.49938
213 1.50014
214 1.5009
215 1.50166
216 1.50242
217 1.50317
218 1.50392
219 1.50466
220 1.50541
221 1.50615
222 1.50688
223 1.50762
224 1.50835
225 1.50908
226 1.5098
227 1.51053
228 1.51125
229 1.51196
230 1.51268
231 1.51339
232 1.5141
233 1.5148
234 1.51551
235 1.51621
236 1.51691
237 1.5176
238 1.5183
239 1.51899
240 1.51967
241 1.52036
242 1.52104
243 1.52172
244 1.5224
245 1.52308
246 1.52375
247 1.52442
248 1.52509
249 1.52575
250 1.52641
251 1.52707
252 1.52773
253 1.52839
254 1.52904
255 1.52969
256 1.53034
257 1.53099
258 1.53163
259 1.53227
260 1.53291
261 1.53355
262 1.53418
263 1.53481
264 1.53545
265 1.53607
266 1.5367
267 1.53732
268 1.53794
269 1.53856
270 1.53918
271 1.5398
272 1.54041
273 1.54102
274 1.54163
275 1.54224
276 1.54284
277 1.54344
278 1.54405
279 1.54464
280 1.54524
281 1.54584
282 1.54643
283 1.54702
284 1.54761
285 1.5482
286 1.54878
287 1.54936
288 1.54995
289 1.55053
290 1.5511
291 1.55168
292 1.55225
293 1.55283
294 1.5534
295 1.55396
296 1.55453
297 1.5551
298 1.55566
299 1.55622
300 1.55678
301 1.55734
302 1.55789
303 1.55845
304 1.559
305 1.55955
306 1.5601
307 1.56065
308 1.5612
309 1.56174
310 1.56228
311 1.56282
312 1.56336
313 1.5639
314 1.56444
315 1.56497
316 1.5655
317 1.56603
318 1.56656
319 1.56709
320 1.56762
321 1.56814
322 1.56867
323 1.56919
324 1.56971
325 1.57023
326 1.57074
327 1.57126
328 1.57177
329 1.57229
330 1.5728
331 1.57331
332 1.57382
333 1.57432
334 1.57483
335 1.57533
336 1.57584
337 1.57634
338 1.57684
339 1.57733
340 1.57783
341 1.57833
342 1.57882
343 1.57931
344 1.57981
345 1.5803
346 1.58078
347 1.58127
348 1.58176
349 1.58224
350 1.58273
351 1.58321
352 1.58369
353 1.58417
354 1.58465
355 1.58512
356 1.5856
357 1.58607
358 1.58654
359 1.58702
360 1.58749
361 1.58796
362 1.58842
363 1.58889
364 1.58936
365 1.58982
366 1.59028
367 1.59074
368 1.5912
369 1.59166
370 1.59212
371 1.59258
372 1.59303
373 1.59349
374 1.59394
375 1.59439
376 1.59485
377 1.5953
378 1.59574
379 1.59619
380 1.59664
381 1.59708
382 1.59753
383 1.59797
384 1.59841
385 1.59885
386 1.59929
387 1.59973
388 1.60017
389 1.60061
390 1.60104
391 1.60148
392 1.60191
393 1.60234
394 1.60278
395 1.60321
396 1.60363
397 1.60406
398 1.60449
399 1.60492
400 1.60534
401 1.60577
402 1.60619
403 1.60661
404 1.60703
405 1.60745
406 1.60787
407 1.60829
408 1.60871
409 1.60912
410 1.60954
411 1.60995
412 1.61036
413 1.61078
414 1.61119
415 1.6116
416 1.61201
417 1.61242
418 1.61282
419 1.61323
420 1.61364
421 1.61404
422 1.61444
423 1.61485
424 1.61525
425 1.61565
426 1.61605
427 1.61645
428 1.61685
429 1.61724
430 1.61764
431 1.61804
432 1.61843
433 1.61882
434 1.61922
435 1.61961
436 1.62
437 1.62039
438 1.62078
439 1.62117
440 1.62156
441 1.62194
442 1.62233
443 1.62271
444 1.6231
445 1.62348
446 1.62387
447 1.62425
448 1.62463
449 1.62501
450 1.62539
451 1.62577
452 1.62614
453 1.62652
454 1.6269
455 1.62727
456 1.62765
457 1.62802
458 1.62839
459 1.62876
460 1.62914
461 1.62951
462 1.62988
463 1.63025
464 1.63061
465 1.63098
466 1.63135
467 1.63171
468 1.63208
469 1.63244
470 1.63281
471 1.63317
472 1.63353
473 1.63389
474 1.63425
475 1.63461
476 1.63497
477 1.63533
478 1.63569
479 1.63605
480 1.6364
481 1.63676
482 1.63711
483 1.63747
484 1.63782
485 1.63817
486 1.63852
487 1.63888
488 1.63923
489 1.63958
490 1.63992
491 1.64027
492 1.64062
493 1.64097
494 1.64131
495 1.64166
496 1.642
497 1.64235
498 1.64269
499 1.64303
500 1.64338
