1 92.3144
2 41.2013
3 24.1776
4 16.733
5 13.2331
6 11.3394
7 10.167
8 9.35478
9 8.8985
10 8.47107
11 8.13838
12 7.90883
13 7.65813
14 7.47855
15 7.33986
16 7.13102
17 7.07187
18 6.98149
19 6.78911
20 6.68694
21 6.61989
22 6.56349
23 6.47601
24 6.36731
25 6.28637
26 6.26101
27 6.18913
28 6.08117
29 6.04404
30 6.00469
31 5.93287
32 5.87353
33 5.81267
34 5.80002
35 5.76223
36 5.72287
37 5.70064
38 5.5879
39 5.61096
40 5.5794
41 5.51635
42 5.5198
43 5.4863
44 5.44225
45 5.42137
46 5.4568
47 5.38828
48 5.30134
49 5.33355
50 5.25153
51 5.23825
52 5.17494
53 5.20524
54 5.18768
55 5.13556
56 5.14284
57 5.09011
58 5.14485
59 5.12009
60 5.03713
61 5.12687
62 5.07152
63 5.00507
64 5.02614
65 5.02854
66 4.98178
67 4.98522
68 4.97208
69 4.9054
70 4.93608
71 4.93773
72 4.88716
73 4.85641
74 4.80779
75 4.84051
76 4.84369
77 4.85795
78 4.76852
79 4.78704
80 4.83327
81 4.78463
82 4.7366
83 4.79118
84 4.75113
85 4.78947
86 4.70409
87 4.78188
88 4.71422
89 4.69283
90 4.74185
91 4.66745
92 4.62749
93 4.64992
94 4.65389
95 4.61742
96 4.6224
97 4.60879
98 4.62563
99 4.60228
100 4.60389
