1 1004.17
2 543.931
3 343.483
4 239.158
5 177.192
6 137.272
7 109.714
8 89.4496
9 73.8721
10 61.6592
11 52.081
12 44.6487
13 38.9469
14 34.5977
15 31.2631
16 28.6686
17 26.605
18 24.9223
19 23.5165
20 22.3172
21 21.2766
22 20.3617
23 19.5492
24 18.8214
25 18.1638
26 17.5664
27 17.0199
28 16.5172
29 16.0519
30 15.6197
31 15.2164
32 14.839
33 14.4849
34 14.1516
35 13.8378
36 13.5416
37 13.2615
38 12.9961
39 12.7441
40 12.5045
41 12.2765
42 12.0596
43 11.8528
44 11.6554
45 11.4668
46 11.2863
47 11.1134
48 10.9478
49 10.7889
50 10.6364
51 10.4899
52 10.3491
53 10.2137
54 10.0835
55 9.95811
56 9.83742
57 9.72113
58 9.60908
59 9.501
60 9.39669
61 9.29599
62 9.19874
63 9.1048
64 9.01414
65 8.92663
66 8.84199
67 8.76005
68 8.68071
69 8.60383
70 8.52934
71 8.45721
72 8.38732
73 8.31955
74 8.25378
75 8.18993
76 8.12799
77 8.06789
78 8.00958
79 7.95298
80 7.89807
81 7.84472
82 7.79284
83 7.74239
84 7.69341
85 7.64582
86 7.59958
87 7.55459
88 7.51084
89 7.46829
90 7.42685
91 7.38643
92 7.34699
93 7.30854
94 7.27107
95 7.23457
96 7.19898
97 7.16427
98 7.13042
99 7.09738
100 7.06514
101 7.03369
102 7.00303
103 6.97311
104 6.94387
105 6.9153
106 6.88742
107 6.8602
108 6.83363
109 6.80766
110 6.78229
111 6.75752
112 6.7333
113 6.7096
114 6.68641
115 6.66372
116 6.64149
117 6.61972
118 6.59841
119 6.57754
120 6.5571
121 6.53707
122 6.51743
123 6.4982
124 6.47938
125 6.46097
126 6.44294
127 6.42527
128 6.40795
129 6.39099
130 6.37434
131 6.35799
132 6.34195
133 6.32621
134 6.31077
135 6.29563
136 6.28077
137 6.26618
138 6.25185
139 6.23777
140 6.22395
141 6.21037
142 6.19703
143 6.18393
144 6.17109
145 6.15848
146 6.14608
147 6.13389
148 6.12191
149 6.11014
150 6.09856
151 6.08719
152 6.07601
153 6.06502
154 6.05421
155 6.04357
156 6.0331
157 6.02279
158 6.01265
159 6.00266
160 5.99284
161 5.98319
162 5.97369
163 5.96434
164 5.95515
165 5.94611
166 5.93721
167 5.92845
168 5.91983
169 5.91134
170 5.90297
171 5.89473
172 5.88663
173 5.87864
174 5.87078
175 5.86304
176 5.85541
177 5.84791
178 5.84052
179 5.83324
180 5.82608
181 5.81903
182 5.81209
183 5.80525
184 5.7985
185 5.79185
186 5.78529
187 5.77881
188 5.77242
189 5.76611
190 5.75988
191 5.75374
192 5.74768
193 5.74171
194 5.73582
195 5.73002
196 5.72429
197 5.71863
198 5.71305
199 5.70754
200 5.7021
201 5.69674
202 5.69145
203 5.68624
204 5.68109
205 5.67602
206 5.67101
207 5.66607
208 5.6612
209 5.6564
210 5.65166
211 5.64698
212 5.64236
213 5.6378
214 5.6333
215 5.62887
216 5.62448
217 5.62015
218 5.61586
219 5.61162
220 5.60744
221 5.60331
222 5.59923
223 5.5952
224 5.59121
225 5.58728
226 5.58339
227 5.57955
228 5.57575
229 5.57201
230 5.56831
231 5.56464
232 5.56102
233 5.55744
234 5.5539
235 5.5504
236 5.54694
237 5.54352
238 5.54014
239 5.5368
240 5.5335
241 5.53023
242 5.52699
243 5.52379
244 5.52062
245 5.51749
246 5.51439
247 5.51133
248 5.5083
249 5.5053
250 5.50233
251 5.49939
252 5.49648
253 5.4936
254 5.49076
255 5.48794
256 5.48516
257 5.48242
258 5.4797
259 5.47701
260 5.47435
261 5.47172
262 5.46912
263 5.46655
264 5.46401
265 5.4615
266 5.45901
267 5.45654
268 5.4541
269 5.45168
270 5.44929
271 5.44691
272 5.44456
273 5.44224
274 5.43993
275 5.43765
276 5.4354
277 5.43316
278 5.43095
279 5.42876
280 5.42659
281 5.42444
282 5.42231
283 5.42021
284 5.41812
285 5.41606
286 5.41401
287 5.41199
288 5.40998
289 5.40799
290 5.40601
291 5.40406
292 5.40212
293 5.4002
294 5.39829
295 5.39641
296 5.39454
297 5.3927
298 5.39086
299 5.38905
300 5.38725
