1 17.2368
2 11.515
3 8.75122
4 7.26381
5 6.37354
6 5.78618
7 5.3657
8 5.04424
9 4.78569
10 4.5699
11 4.38501
12 4.22357
13 4.08063
14 3.95266
15 3.83707
16 3.73189
17 3.63559
18 3.54694
19 3.46495
20 3.38882
21 3.31787
22 3.25155
23 3.18937
24 3.13093
25 3.07586
26 3.02387
27 2.97468
28 2.92806
29 2.8838
30 2.84172
31 2.80164
32 2.76342
33 2.72693
34 2.69205
35 2.65866
36 2.62668
37 2.596
38 2.56656
39 2.53826
40 2.51105
41 2.48485
42 2.45962
43 2.43529
44 2.41182
45 2.38916
46 2.36727
47 2.3461
48 2.32562
49 2.3058
50 2.2866
51 2.268
52 2.24996
53 2.23245
54 2.21547
55 2.19897
56 2.18295
57 2.16738
58 2.15223
59 2.1375
60 2.12317
61 2.10921
62 2.09562
63 2.08238
64 2.06948
65 2.0569
66 2.04463
67 2.03266
68 2.02099
69 2.00959
70 1.99847
71 1.98761
72 1.977
73 1.96664
74 1.95651
75 1.94661
76 1.93694
77 1.92747
78 1.91822
79 1.90917
80 1.90031
81 1.89164
82 1.88316
83 1.87485
84 1.86672
85 1.85876
86 1.85096
87 1.84332
88 1.83583
89 1.8285
90 1.82131
91 1.81427
92 1.80736
93 1.80059
94 1.79395
95 1.78744
96 1.78106
97 1.7748
98 1.76865
99 1.76263
100 1.75671
101 1.75091
102 1.74522
103 1.73963
104 1.73414
105 1.72876
106 1.72347
107 1.71828
108 1.71319
109 1.70819
110 1.70327
111 1.69845
112 1.69371
113 1.68905
114 1.68448
115 1.67999
116 1.67557
117 1.67124
118 1.66698
119 1.66279
120 1.65868
121 1.65464
122 1.65067
123 1.64676
124 1.64292
125 1.63915
126 1.63545
127 1.63181
128 1.62823
129 1.62471
130 1.62125
131 1.61785
132 1.6145
133 1.61122
134 1.60798
135 1.60481
136 1.60168
137 1.59861
138 1.59559
139 1.59262
140 1.58969
141 1.58682
142 1.584
143 1.58122
144 1.57848
145 1.57579
146 1.57315
147 1.57055
148 1.56799
149 1.56548
150 1.563
151 1.56057
152 1.55817
153 1.55582
154 1.5535
155 1.55122
156 1.54898
157 1.54677
158 1.5446
159 1.54247
160 1.54037
161 1.5383
162 1.53627
163 1.53426
164 1.5323
165 1.53036
166 1.52845
167 1.52658
168 1.52474
169 1.52292
170 1.52114
171 1.51938
172 1.51765
173 1.51595
174 1.51428
175 1.51263
176 1.51101
177 1.50942
178 1.50785
179 1.50631
180 1.50479
181 1.5033
182 1.50183
183 1.50038
184 1.49896
185 1.49756
186 1.49619
187 1.49483
188 1.4935
189 1.49219
190 1.4909
191 1.48964
192 1.48839
193 1.48716
194 1.48595
195 1.48477
196 1.4836
197 1.48245
198 1.48132
199 1.48021
200 1.47912
201 1.47804
202 1.47699
203 1.47595
204 1.47492
205 1.47392
206 1.47293
207 1.47196
208 1.471
209 1.47006
210 1.46914
211 1.46823
212 1.46734
213 1.46646
214 1.4656
215 1.46475
216 1.46392
217 1.4631
218 1.46229
219 1.4615
220 1.46072
221 1.45996
222 1.45921
223 1.45847
224 1.45775
225 1.45704
226 1.45634
227 1.45565
228 1.45498
229 1.45431
230 1.45366
231 1.45303
232 1.4524
233 1.45178
234 1.45118
235 1.45059
236 1.45
237 1.44943
238 1.44887
239 1.44832
240 1.44778
241 1.44725
242 1.44674
243 1.44623
244 1.44573
245 1.44524
246 1.44476
247 1.44429
248 1.44383
249 1.44337
250 1.44293
251 1.4425
252 1.44207
253 1.44165
254 1.44125
255 1.44085
256 1.44046
257 1.44007
258 1.4397
259 1.43933
260 1.43897
261 1.43862
262 1.43828
263 1.43795
264 1.43762
265 1.4373
266 1.43698
267 1.43668
268 1.43638
269 1.43609
270 1.4358
271 1.43553
272 1.43525
273 1.43499
274 1.43473
275 1.43448
276 1.43424
277 1.434
278 1.43377
279 1.43354
280 1.43332
281 1.43311
282 1.4329
283 1.4327
284 1.4325
285 1.43231
286 1.43212
287 1.43195
288 1.43177
289 1.4316
290 1.43144
291 1.43128
292 1.43113
293 1.43099
294 1.43085
295 1.43071
296 1.43058
297 1.43045
298 1.43033
299 1.43021
300 1.4301
301 1.43
302 1.42989
303 1.4298
304 1.4297
305 1.42961
306 1.42953
307 1.42945
308 1.42937
309 1.4293
310 1.42924
311 1.42917
312 1.42911
313 1.42906
314 1.42901
315 1.42896
316 1.42892
317 1.42888
318 1.42885
319 1.42881
320 1.42879
321 1.42876
322 1.42874
323 1.42873
324 1.42872
325 1.42871
326 1.4287
327 1.4287
328 1.4287
329 1.4287
330 1.42871
331 1.42872
332 1.42874
333 1.42876
334 1.42878
335 1.4288
336 1.42883
337 1.42886
338 1.42889
339 1.42893
340 1.42897
341 1.42901
342 1.42905
343 1.4291
344 1.42915
345 1.4292
346 1.42926
347 1.42932
348 1.42938
349 1.42944
350 1.42951
351 1.42958
352 1.42965
353 1.42972
354 1.4298
355 1.42988
356 1.42996
357 1.43004
358 1.43013
359 1.43022
360 1.43031
361 1.4304
362 1.43049
363 1.43059
364 1.43069
365 1.43079
366 1.4309
367 1.431
368 1.43111
369 1.43122
370 1.43133
371 1.43144
372 1.43156
373 1.43168
374 1.4318
375 1.43192
376 1.43204
377 1.43216
378 1.43229
379 1.43242
380 1.43255
381 1.43268
382 1.43282
383 1.43295
384 1.43309
385 1.43323
386 1.43337
387 1.43351
388 1.43365
389 1.4338
390 1.43395
391 1.43409
392 1.43424
393 1.4344
394 1.43455
395 1.4347
396 1.43486
397 1.43502
398 1.43517
399 1.43533
400 1.4355
401 1.43566
402 1.43582
403 1.43599
404 1.43616
405 1.43632
406 1.43649
407 1.43666
408 1.43684
409 1.43701
410 1.43718
411 1.43736
412 1.43754
413 1.43771
414 1.43789
415 1.43807
416 1.43825
417 1.43844
418 1.43862
419 1.4388
420 1.43899
421 1.43918
422 1.43936
423 1.43955
424 1.43974
425 1.43993
426 1.44013
427 1.44032
428 1.44051
429 1.44071
430 1.4409
431 1.4411
432 1.4413
433 1.44149
434 1.44169
435 1.44189
436 1.44209
437 1.4423
438 1.4425
439 1.4427
440 1.44291
441 1.44311
442 1.44332
443 1.44352
444 1.44373
445 1.44394
446 1.44415
447 1.44436
448 1.44457
449 1.44478
450 1.44499
451 1.4452
452 1.44542
453 1.44563
454 1.44585
455 1.44606
456 1.44628
457 1.44649
458 1.44671
459 1.44693
460 1.44715
461 1.44737
462 1.44759
463 1.44781
464 1.44803
465 1.44825
466 1.44847
467 1.44869
468 1.44892
469 1.44914
470 1.44936
471 1.44959
472 1.44981
473 1.45004
474 1.45027
475 1.45049
476 1.45072
477 1.45095
478 1.45117
479 1.4514
480 1.45163
481 1.45186
482 1.45209
483 1.45232
484 1.45255
485 1.45278
486 1.45302
487 1.45325
488 1.45348
489 1.45371
490 1.45395
491 1.45418
492 1.45441
493 1.45465
494 1.45488
495 1.45512
496 1.45535
497 1.45559
498 1.45582
499 1.45606
500 1.4563
