10000 15.3202
20000 9.47474
30000 7.68695
40000 6.36241
50000 5.64045
60000 5.06836
70000 4.67225
80000 4.3489
90000 4.09612
100000 3.88476
110000 3.70667
120000 3.54848
130000 3.41593
140000 3.29315
150000 3.1892
160000 3.08973
170000 3.0064
180000 2.92544
190000 2.85489
200000 2.79037
210000 2.72522
220000 2.67169
230000 2.61432
240000 2.56936
250000 2.51806
260000 2.48037
270000 2.43561
280000 2.4007
290000 2.36574
300000 2.32851
310000 2.29967
320000 2.26444
330000 2.24001
340000 2.20645
350000 2.18836
360000 2.15752
370000 2.13758
380000 2.11582
390000 2.08975
400000 2.07376
410000 2.04889
420000 2.0346
430000 2.01016
440000 2.00111
450000 1.97777
460000 1.96554
470000 1.95127
480000 1.93133
490000 1.92229
500000 1.90292
510000 1.89461
520000 1.87563
530000 1.87193
540000 1.85462
550000 1.8453
560000 1.83627
570000 1.8196
580000 1.81473
590000 1.79914
600000 1.79428
610000 1.77848
620000 1.77854
630000 1.76617
640000 1.75836
650000 1.75182
660000 1.73716
670000 1.73663
680000 1.72282
690000 1.72095
700000 1.70912
710000 1.70902
720000 1.70473
730000 1.69498
740000 1.69011
750000 1.67679
760000 1.67776
770000 1.66527
780000 1.6671
790000 1.65682
800000 1.65727
810000 1.65426
820000 1.64605
830000 1.64322
840000 1.63019
850000 1.63305
860000 1.62169
870000 1.62532
880000 1.61609
890000 1.61771
900000 1.61776
910000 1.60878
920000 1.60834
930000 1.59531
940000 1.59878
950000 1.59017
960000 1.5929
970000 1.58524
980000 1.59111
990000 1.58849
1000000 1.58033
1010000 1.58348
1020000 1.57009
1030000 1.57373
1040000 1.5655
1050000 1.57037
1060000 1.56126
1070000 1.56691
1080000 1.56602
1090000 1.55769
1100000 1.56205
1110000 1.55012
1120000 1.55373
1130000 1.54563
1140000 1.55114
1150000 1.5426
1160000 1.5493
1170000 1.54883
1180000 1.54074
1190000 1.54554
1200000 1.53441
1210000 1.53846
1220000 1.53006
1230000 1.53614
1240000 1.53026
1250000 1.53545
1260000 1.53613
1270000 1.52732
1280000 1.53283
1290000 1.52239
1300000 1.52947
1310000 1.51842
1320000 1.52512
1330000 1.52036
1340000 1.52268
1350000 1.52653
1360000 1.51727
1370000 1.52325
1380000 1.51428
1390000 1.52066
1400000 1.51196
1410000 1.51884
1420000 1.51218
1430000 1.51498
1440000 1.51848
1450000 1.51107
1460000 1.516
1470000 1.50795
1480000 1.51434
1490000 1.50591
1500000 1.51417
1510000 1.50631
1520000 1.51028
1530000 1.51262
1540000 1.5063
1550000 1.51122
1560000 1.50341
1570000 1.50935
1580000 1.50079
1590000 1.51147
1600000 1.50254
1610000 1.50658
1620000 1.50849
1630000 1.50136
1640000 1.50788
1650000 1.50067
1660000 1.50637
1670000 1.49845
1680000 1.5087
1690000 1.50001
1700000 1.50403
1710000 1.50701
1720000 1.499
1730000 1.5059
1740000 1.49856
1750000 1.50426
1760000 1.49724
1770000 1.50714
1780000 1.50062
1790000 1.50277
1800000 1.50584
1810000 1.49777
1820000 1.50476
1830000 1.49773
1840000 1.50316
1850000 1.49617
1860000 1.50632
1870000 1.50234
1880000 1.50281
1890000 1.50523
1900000 1.49696
1910000 1.50529
1920000 1.49786
1930000 1.50384
1940000 1.49858
1950000 1.50595
1960000 1.50882
1970000 1.5049
1980000 1.50683
1990000 1.4982
2000000 1.50579
2010000 1.49825
2020000 1.50644
2030000 1.50096
2040000 1.50706
2050000 1.50964
2060000 1.50572
2070000 1.50831
2080000 1.49884
2090000 1.5068
2100000 1.49936
2110000 1.50789
2120000 1.50239
2130000 1.50835
2140000 1.51303
2150000 1.50716
2160000 1.51092
2170000 1.50079
2180000 1.50748
2190000 1.50281
2200000 1.50914
2210000 1.50455
2220000 1.5138
2230000 1.51485
2240000 1.50907
2250000 1.51549
2260000 1.50451
2270000 1.51123
2280000 1.50551
2290000 1.51333
2300000 1.50656
2310000 1.51476
2320000 1.5169
2330000 1.51049
2340000 1.51744
2350000 1.50749
2360000 1.51359
2370000 1.5074
2380000 1.5152
2390000 1.50863
2400000 1.51731
2410000 1.51925
2420000 1.51273
2430000 1.51954
2440000 1.51013
2450000 1.51608
2460000 1.50929
2470000 1.51719
2480000 1.5129
2490000 1.51958
2500000 1.52231
2510000 1.51473
2520000 1.52181
2530000 1.51284
2540000 1.5214
2550000 1.51174
2560000 1.51984
2570000 1.51634
2580000 1.51979
2590000 1.52536
2600000 1.51714
2610000 1.5243
2620000 1.51653
2630000 1.52412
2640000 1.51662
2650000 1.52451
2660000 1.51895
2670000 1.52265
2680000 1.52752
2690000 1.52095
2700000 1.5268
2710000 1.51978
2720000 1.52708
2730000 1.51971
2740000 1.52866
2750000 1.5218
2760000 1.52643
2770000 1.52987
2780000 1.52424
2790000 1.52989
2800000 1.52297
2810000 1.5296
2820000 1.522
2830000 1.53307
2840000 1.52511
2850000 1.52958
2860000 1.53241
2870000 1.52585
2880000 1.53292
2890000 1.52646
2900000 1.53267
2910000 1.52559
2920000 1.53606
2930000 1.52823
2940000 1.53257
2950000 1.53627
2960000 1.52879
2970000 1.53606
2980000 1.52942
2990000 1.53543
3000000 1.52917
3010000 1.53915
3020000 1.53336
3030000 1.53582
3040000 1.53943
3050000 1.53178
3060000 1.53905
3070000 1.53261
3080000 1.53825
3090000 1.53195
3100000 1.54207
3110000 1.53867
3120000 1.53941
3130000 1.54229
3140000 1.53442
3150000 1.54286
3160000 1.53597
3170000 1.54209
3180000 1.53732
3190000 1.54471
3200000 1.54792
3210000 1.5443
3220000 1.54662
3230000 1.53836
3240000 1.54598
3250000 1.53894
3260000 1.54716
3270000 1.54206
3280000 1.54819
3290000 1.55105
3300000 1.54737
3310000 1.55024
3320000 1.54116
3330000 1.54907
3340000 1.54209
3350000 1.55056
3360000 1.5454
3370000 1.55133
3380000 1.5562
3390000 1.55034
3400000 1.55446
3410000 1.54473
3420000 1.55138
3430000 1.54705
3440000 1.55333
3450000 1.54902
3460000 1.55806
3470000 1.5594
3480000 1.55379
3490000 1.5602
3500000 1.54969
3510000 1.55633
3520000 1.55089
3530000 1.5586
3540000 1.55212
3550000 1.56013
3560000 1.56249
3570000 1.55629
3580000 1.56314
3590000 1.55359
3600000 1.55962
3610000 1.55369
3620000 1.56132
3630000 1.55505
3640000 1.56347
3650000 1.56559
3660000 1.55926
3670000 1.56598
3680000 1.5569
3690000 1.56274
3700000 1.55623
3710000 1.56465
3720000 1.55981
3730000 1.56628
3740000 1.56915
3750000 1.56176
3760000 1.56867
3770000 1.56006
3780000 1.56837
3790000 1.55909
3800000 1.56694
3810000 1.56358
3820000 1.5669
3830000 1.5725
3840000 1.56448
3850000 1.57124
3860000 1.56396
3870000 1.57134
3880000 1.56411
3890000 1.57173
3900000 1.56637
3910000 1.56993
3920000 1.57482
3930000 1.56838
3940000 1.57424
3950000 1.56729
3960000 1.57438
3970000 1.56726
3980000 1.57587
3990000 1.56928
4000000 1.5737
4010000 1.57718
4020000 1.57164
4030000 1.57712
4040000 1.57042
4050000 1.57685
4060000 1.56952
4070000 1.58017
4080000 1.57251
4090000 1.57676
4100000 1.57963
4110000 1.57309
4120000 1.58001
4130000 1.57377
4140000 1.57977
4150000 1.57292
4160000 1.58299
4170000 1.57543
4180000 1.57958
4190000 1.58325
4200000 1.5759
4210000 1.58293
4220000 1.57656
4230000 1.58229
4240000 1.57623
4250000 1.58582
4260000 1.58023
4270000 1.58257
4280000 1.58613
4290000 1.5786
4300000 1.58564
4310000 1.57939
4320000 1.58481
4330000 1.57872
4340000 1.58842
4350000 1.58516
4360000 1.58582
4370000 1.58866
4380000 1.58127
4390000 1.58909
4400000 1.58238
4410000 1.58827
4420000 1.58361
4430000 1.59073
4440000 1.59386
4450000 1.59028
4460000 1.59257
4470000 1.58446
4480000 1.5918
4490000 1.58495
4500000 1.59289
4510000 1.5879
4520000 1.59378
4530000 1.59659
4540000 1.59293
4550000 1.59574
4560000 1.58685
4570000 1.59446
4580000 1.58768
4590000 1.59585
4600000 1.59078
4610000 1.59649
4620000 1.60123
4630000 1.59546
4640000 1.59944
4650000 1.58995
4660000 1.59635
4670000 1.59211
4680000 1.59816
4690000 1.59394
4700000 1.60263
4710000 1.60396
4720000 1.59843
4730000 1.60463
4740000 1.59436
4750000 1.60078
4760000 1.59544
4770000 1.60288
4780000 1.59653
4790000 1.60424
4800000 1.60656
4810000 1.60046
4820000 1.60708
4830000 1.59776
4840000 1.60357
4850000 1.59761
4860000 1.60511
4870000 1.59897
4880000 1.60708
4890000 1.60918
4900000 1.60293
4910000 1.60942
4920000 1.60055
4930000 1.60618
4940000 1.5998
4950000 1.60793
4960000 1.60318
4970000 1.60939
4980000 1.61222
4990000 1.60494
5000000 1.61161
5010000 1.6032
5020000 1.61122
5030000 1.60216
5040000 1.60972
5050000 1.60641
5060000 1.60957
5070000 1.61505
5080000 1.60715
5090000 1.61367
5100000 1.60655
5110000 1.61368
5120000 1.6066
5130000 1.61394
5140000 1.60868
5150000 1.61207
5160000 1.61686
5170000 1.6105
5180000 1.61615
5190000 1.60934
5200000 1.61619
5210000 1.60922
5220000 1.61752
5230000 1.61107
5240000 1.61531
5250000 1.61871
5260000 1.61322
5270000 1.61851
5280000 1.61195
5290000 1.61816
5300000 1.61098
5310000 1.62127
5320000 1.61378
5330000 1.61785
5340000 1.62065
5350000 1.61419
5360000 1.62088
5370000 1.61476
5380000 1.62055
5390000 1.61384
5400000 1.62356
5410000 1.61618
5420000 1.62015
5430000 1.62374
5440000 1.61648
5450000 1.62328
5460000 1.61704
5470000 1.62256
5480000 1.61662
5490000 1.62588
5500000 1.6204
5510000 1.62261
5520000 1.62609
5530000 1.61863
5540000 1.62548
5550000 1.61935
5560000 1.62456
5570000 1.61859
5580000 1.62797
5590000 1.62476
5600000 1.62535
5610000 1.62809
5620000 1.62082
5630000 1.6284
5640000 1.62182
5650000 1.6275
5660000 1.62291
5670000 1.62979
5680000 1.63282
5690000 1.62926
5700000 1.63149
5710000 1.6235
5720000 1.6306
5730000 1.62388
5740000 1.63157
5750000 1.62666
5760000 1.63234
5770000 1.63506
5780000 1.63142
5790000 1.63415
5800000 1.6254
5810000 1.63277
5820000 1.62611
5830000 1.63402
5840000 1.62903
5850000 1.63455
5860000 1.63916
5870000 1.63345
5880000 1.63731
5890000 1.62829
5900000 1.63418
5910000 1.63
5920000 1.63586
5930000 1.63169
5940000 1.64011
5950000 1.6414
5960000 1.63593
5970000 1.64194
5980000 1.63187
5990000 1.63808
6000000 1.63283
6010000 1.64004
6020000 1.63378
6030000 1.64126
6040000 1.64352
6050000 1.6375
6060000 1.64392
6070000 1.63479
6080000 1.64041
6090000 1.63454
6100000 1.64181
6110000 1.63577
6120000 1.64363
6130000 1.64566
6140000 1.6395
6150000 1.6458
6160000 1.6371
6170000 1.64255
6180000 1.63627
6190000 1.64416
6200000 1.63947
6210000 1.64548
6220000 1.64823
6230000 1.64106
6240000 1.64753
6250000 1.63928
6260000 1.64707
6270000 1.63817
6280000 1.64551
6290000 1.64222
6300000 1.64526
6310000 1.65062
6320000 1.64282
6330000 1.64916
6340000 1.64216
6350000 1.64908
6360000 1.64211
6370000 1.64924
6380000 1.64406
6390000 1.64733
6400000 1.652
6410000 1.64571
6420000 1.6512
6430000 1.6445
6440000 1.65116
6450000 1.6443
6460000 1.65236
6470000 1.64601
6480000 1.6501
6490000 1.65342
6500000 1.648
6510000 1.65312
6520000 1.64667
6530000 1.6527
6540000 1.64562
6550000 1.65565
6560000 1.64828
6570000 1.6522
6580000 1.65496
6590000 1.64857
6600000 1.65507
6610000 1.64904
6620000 1.65467
6630000 1.64805
6640000 1.65753
6650000 1.65026
6660000 1.65411
6670000 1.65761
6680000 1.65045
6690000 1.65706
6700000 1.65091
6710000 1.65627
6720000 1.65043
6730000 1.65943
6740000 1.65404
6750000 1.65616
6760000 1.65955
6770000 1.65219
6780000 1.65885
6790000 1.65282
6800000 1.65788
6810000 1.652
6820000 1.66112
6830000 1.65795
6840000 1.6585
6850000 1.66117
6860000 1.65399
6870000 1.66137
6880000 1.65489
6890000 1.66041
6900000 1.65588
6910000 1.66257
6920000 1.66552
6930000 1.66199
6940000 1.66416
6950000 1.65627
6960000 1.66318
6970000 1.65656
6980000 1.66406
6990000 1.6592
7000000 1.66473
7010000 1.66738
7020000 1.66377
7030000 1.66642
7040000 1.65779
7050000 1.66498
7060000 1.65841
7070000 1.66613
7080000 1.6612
7090000 1.66984
7100000 1.67107
7110000 1.66543
7120000 1.66918
7130000 1.66029
7140000 1.66604
7150000 1.6619
7160000 1.66761
7170000 1.66347
7180000 1.67169
7190000 1.67294
7200000 1.66753
7210000 1.6734
7220000 1.66349
7230000 1.66954
7240000 1.66436
7250000 1.67139
7260000 1.66521
7270000 1.6725
7280000 1.67471
7290000 1.66876
7300000 1.67503
7310000 1.66604
7320000 1.67151
7330000 1.66572
7340000 1.67281
7350000 1.66684
7360000 1.67452
7370000 1.6765
7380000 1.67042
7390000 1.67656
7400000 1.66799
7410000 1.67331
7420000 1.66711
7430000 1.67481
7440000 1.67017
7450000 1.67603
7460000 1.67873
7470000 1.67164
7480000 1.67796
7490000 1.66983
7500000 1.6774
7510000 1.66867
7520000 1.67585
7530000 1.67258
7540000 1.67553
7550000 1.68077
7560000 1.67308
7570000 1.67927
7580000 1.67236
7590000 1.67913
7600000 1.67225
7610000 1.67922
7620000 1.67408
7630000 1.67726
7640000 1.68184
7650000 1.67563
7660000 1.68098
7670000 1.67438
7680000 1.68087
7690000 1.67411
7700000 1.68199
7710000 1.67572
7720000 1.6797
7730000 1.68296
7740000 1.67759
7750000 1.68258
7760000 1.67622
7770000 1.68211
7780000 1.67513
7790000 1.68494
7800000 1.67768
7810000 1.68149
7820000 1.68418
7830000 1.67788
7840000 1.68422
7850000 1.67827
7860000 1.68377
7870000 1.67724
7880000 1.68651
7890000 1.67933
7900000 1.68309
7910000 1.68651
7920000 1.67944
7930000 1.68588
7940000 1.67983
7950000 1.68507
7960000 1.6793
7970000 1.68811
7980000 1.68279
7990000 1.68485
8000000 1.68816
8010000 1.68089
8020000 1.6874
8030000 1.68144
8040000 1.68637
8050000 1.68059
8060000 1.6895
8070000 1.68637
8080000 1.68687
8090000 1.68949
8100000 1.68239
8110000 1.68961
8120000 1.68321
8130000 1.68862
8140000 1.68413
8150000 1.69068
8160000 1.69356
8170000 1.69006
8180000 1.69217
8190000 1.68435
8200000 1.69114
8210000 1.68461
8220000 1.69195
8230000 1.68714
8240000 1.69255
8250000 1.69513
8260000 1.69155
8270000 1.69414
8280000 1.68563
8290000 1.69266
8300000 1.68618
8310000 1.69374
8320000 1.68952
8330000 1.69733
8340000 1.69852
8350000 1.69294
8360000 1.69661
8370000 1.68783
8380000 1.69346
8390000 1.68937
8400000 1.69494
8410000 1.69085
8420000 1.69891
8430000 1.70012
8440000 1.69476
8450000 1.70052
8460000 1.69074
8470000 1.69667
8480000 1.69155
8490000 1.69843
8500000 1.69232
8510000 1.69947
8520000 1.70163
8530000 1.69574
8540000 1.70188
8550000 1.69312
8560000 1.69837
8570000 1.69265
8580000 1.69951
8590000 1.69369
8600000 1.70122
8610000 1.70316
8620000 1.69715
8630000 1.70316
8640000 1.69469
8650000 1.69991
8660000 1.69378
8670000 1.70133
8680000 1.69674
8690000 1.70248
8700000 1.70512
8710000 1.69812
8720000 1.7043
8730000 1.69709
8740000 1.70371
8750000 1.6951
8760000 1.70212
8770000 1.69888
8780000 1.70176
8790000 1.70691
8800000 1.69931
8810000 1.70537
8820000 1.69856
8830000 1.70519
8840000 1.69839
8850000 1.70521
8860000 1.70014
8870000 1.70325
8880000 1.70775
8890000 1.7016
8900000 1.70684
8910000 1.70032
8920000 1.70669
8930000 1.70001
8940000 1.70774
8950000 1.70154
8960000 1.70544
8970000 1.70863
8980000 1.70332
8990000 1.7082
9000000 1.70192
9010000 1.7077
9020000 1.7008
9030000 1.71043
9040000 1.70326
9050000 1.70699
9060000 1.70963
9070000 1.70339
9080000 1.70961
9090000 1.70372
9100000 1.70912
9110000 1.70266
9120000 1.71177
9130000 1.70468
9140000 1.70836
9150000 1.71171
9160000 1.70472
9170000 1.71091
9180000 1.70506
9190000 1.7102
9200000 1.70449
9210000 1.71314
9220000 1.70788
9230000 1.70989
9240000 1.71314
9250000 1.70594
9260000 1.71234
9270000 1.70644
9280000 1.71119
9290000 1.70555
9300000 1.71431
9310000 1.7112
9320000 1.71168
9330000 1.71425
9340000 1.70723
9350000 1.71431
9360000 1.70799
9370000 1.7133
9380000 1.70885
9390000 1.71528
9400000 1.7181
9410000 1.71462
9420000 1.71669
9430000 1.70896
9440000 1.71562
9450000 1.70917
9460000 1.71638
9470000 1.71162
9480000 1.71693
9490000 1.71945
9500000 1.7159
9510000 1.71844
9520000 1.71002
9530000 1.71693
9540000 1.7105
9550000 1.71795
9560000 1.71376
9570000 1.72144
9580000 1.7226
9590000 1.71708
9600000 1.72067
9610000 1.712
9620000 1.71752
9630000 1.71347
9640000 1.71894
9650000 1.71488
9660000 1.7228
9670000 1.72399
9680000 1.71869
9690000 1.72434
9700000 1.71468
9710000 1.7205
9720000 1.71541
9730000 1.72219
9740000 1.71615
9750000 1.72317
9760000 1.72529
9770000 1.71946
9780000 1.72551
9790000 1.71685
9800000 1.722
9810000 1.71634
9820000 1.72308
9830000 1.71732
9840000 1.72473
9850000 1.72662
9860000 1.72066
9870000 1.72658
9880000 1.71821
9890000 1.72332
9900000 1.71727
9910000 1.7247
9920000 1.72015
9930000 1.72579
9940000 1.72838
9950000 1.72146
9960000 1.72753
9970000 1.72035
9980000 1.7269
9990000 1.71839
10000000 1.72531
