10000 7.54381
20000 5.63164
30000 4.86017
40000 4.40132
50000 4.07665
60000 3.82015
70000 3.60909
80000 3.42886
90000 3.27448
100000 3.14014
110000 3.01992
120000 2.91085
130000 2.81403
140000 2.7302
150000 2.65136
160000 2.58024
170000 2.51376
180000 2.45798
190000 2.40245
200000 2.35294
210000 2.304
220000 2.26261
230000 2.22614
240000 2.1888
250000 2.15528
260000 2.12206
270000 2.09677
280000 2.06806
290000 2.04416
300000 2.01707
310000 1.99563
320000 1.97827
330000 1.95719
340000 1.93784
350000 1.91981
360000 1.90805
370000 1.89248
380000 1.8779
390000 1.86254
400000 1.85018
410000 1.8415
420000 1.83128
430000 1.81725
440000 1.80645
450000 1.80158
460000 1.79178
470000 1.78392
480000 1.77401
490000 1.77135
500000 1.76318
510000 1.75722
520000 1.74725
530000 1.74264
540000 1.74107
550000 1.7347
560000 1.72992
570000 1.72329
580000 1.72366
590000 1.71783
600000 1.71548
610000 1.70809
620000 1.70535
630000 1.70612
640000 1.70143
650000 1.69715
660000 1.69356
670000 1.69577
680000 1.6928
690000 1.68991
700000 1.68581
710000 1.684
720000 1.68555
730000 1.68496
740000 1.67941
750000 1.67718
760000 1.68046
770000 1.67797
780000 1.67713
790000 1.67394
800000 1.67783
810000 1.6756
820000 1.67547
830000 1.6707
840000 1.67135
850000 1.67476
860000 1.67295
870000 1.67248
880000 1.67009
890000 1.67457
900000 1.67245
910000 1.67374
920000 1.66972
930000 1.67029
940000 1.67416
950000 1.67245
960000 1.67087
970000 1.67006
980000 1.67488
990000 1.67431
1000000 1.67377
1010000 1.67187
1020000 1.67227
1030000 1.67577
1040000 1.67712
1050000 1.67335
1060000 1.67303
1070000 1.67795
1080000 1.67701
1090000 1.67778
1100000 1.67604
1110000 1.68139
1120000 1.6804
1130000 1.68155
1140000 1.67799
1150000 1.68021
1160000 1.68433
1170000 1.68361
1180000 1.6842
1190000 1.68277
1200000 1.68823
1210000 1.68693
1220000 1.68899
1230000 1.68582
1240000 1.6872
1250000 1.69172
1260000 1.69081
1270000 1.68997
1280000 1.68979
1290000 1.69523
1300000 1.69518
1310000 1.69515
1320000 1.69381
1330000 1.69477
1340000 1.69864
1350000 1.70048
1360000 1.69726
1370000 1.69736
1380000 1.70266
1390000 1.70196
1400000 1.70313
1410000 1.70174
1420000 1.70738
1430000 1.70666
1440000 1.70813
1450000 1.70497
1460000 1.70737
1470000 1.71173
1480000 1.71117
1490000 1.71199
1500000 1.71075
1510000 1.71641
1520000 1.71527
1530000 1.71749
1540000 1.71464
1550000 1.71609
1560000 1.72073
1570000 1.71989
1580000 1.71923
1590000 1.71915
1600000 1.72467
1610000 1.72467
1620000 1.72477
1630000 1.72361
1640000 1.7246
1650000 1.72851
1660000 1.73031
1670000 1.72723
1680000 1.72741
1690000 1.73271
1700000 1.73202
1710000 1.73326
1720000 1.732
1730000 1.73753
1740000 1.73688
1750000 1.73827
1760000 1.73524
1770000 1.73757
1780000 1.74192
1790000 1.74145
1800000 1.7422
1810000 1.74105
1820000 1.74657
1830000 1.74549
1840000 1.74756
1850000 1.74481
1860000 1.7462
1870000 1.75077
1880000 1.75001
1890000 1.74928
1900000 1.74922
1910000 1.75457
1920000 1.75462
1930000 1.75458
1940000 1.75347
1950000 1.75439
1960000 1.75824
1970000 1.76003
1980000 1.75692
1990000 1.75712
2000000 1.76226
2010000 1.76157
2020000 1.76265
2030000 1.76142
2040000 1.76679
2050000 1.76614
2060000 1.76752
2070000 1.76444
2080000 1.76674
2090000 1.77093
2100000 1.7704
2110000 1.77105
2120000 1.76992
2130000 1.77527
2140000 1.77419
2150000 1.77622
2160000 1.77342
2170000 1.77478
2180000 1.77918
2190000 1.77837
2200000 1.77756
2210000 1.77749
2220000 1.78267
2230000 1.78269
2240000 1.78265
2250000 1.78145
2260000 1.78233
2270000 1.78603
2280000 1.78772
2290000 1.78457
2300000 1.78476
2310000 1.78973
2320000 1.78901
2330000 1.79008
2340000 1.78875
2350000 1.79403
2360000 1.79327
2370000 1.79456
2380000 1.79144
2390000 1.79367
2400000 1.7977
2410000 1.79715
2420000 1.79779
2430000 1.79656
2440000 1.80183
2450000 1.80065
2460000 1.80256
2470000 1.79971
2480000 1.80102
2490000 1.80527
2500000 1.80444
2510000 1.80363
2520000 1.80345
2530000 1.80854
2540000 1.80845
2550000 1.80832
2560000 1.80705
2570000 1.80789
2580000 1.81144
2590000 1.81307
2600000 1.80995
2610000 1.81004
2620000 1.81492
2630000 1.8141
2640000 1.81507
2650000 1.81366
2660000 1.81884
2670000 1.81799
2680000 1.81923
2690000 1.81615
2700000 1.81824
2710000 1.82219
2720000 1.8215
2730000 1.82209
2740000 1.82079
2750000 1.82595
2760000 1.82469
2770000 1.82654
2780000 1.82373
2790000 1.82492
2800000 1.82908
2810000 1.82811
2820000 1.82729
2830000 1.82702
2840000 1.83202
2850000 1.83183
2860000 1.83148
2870000 1.8304
2880000 1.83113
2890000 1.83461
2900000 1.83607
2910000 1.83298
2920000 1.83297
2930000 1.83775
2940000 1.83686
2950000 1.83779
2960000 1.8364
2970000 1.8414
2980000 1.84054
2990000 1.84161
3000000 1.83855
3010000 1.84053
3020000 1.8444
3030000 1.84373
3040000 1.84419
3050000 1.8429
3060000 1.8479
3070000 1.84664
3080000 1.84832
3090000 1.84552
3100000 1.84661
3110000 1.85067
3120000 1.84975
3130000 1.84882
3140000 1.84855
3150000 1.85339
3160000 1.85318
3170000 1.8527
3180000 1.85161
3190000 1.85226
3200000 1.85567
3210000 1.85711
3220000 1.85395
3230000 1.85394
3240000 1.85857
3250000 1.85767
3260000 1.85845
3270000 1.85705
3280000 1.86192
3290000 1.86105
3300000 1.86212
3310000 1.85899
3320000 1.86093
3330000 1.86467
3340000 1.86394
3350000 1.86431
3360000 1.86302
3370000 1.86789
3380000 1.86662
3390000 1.86828
3400000 1.86542
3410000 1.86649
3420000 1.87041
3430000 1.86944
3440000 1.86844
3450000 1.86815
3460000 1.87287
3470000 1.87264
3480000 1.87217
3490000 1.871
3500000 1.87164
3510000 1.87492
3520000 1.87628
3530000 1.87308
3540000 1.87306
3550000 1.87757
3560000 1.87665
3570000 1.87743
3580000 1.87596
3590000 1.88077
3600000 1.87982
3610000 1.88082
3620000 1.87764
3630000 1.87955
3640000 1.88318
3650000 1.88244
3660000 1.88282
3670000 1.88145
3680000 1.88627
3690000 1.88492
3700000 1.88651
3710000 1.8836
3720000 1.88464
3730000 1.88846
3740000 1.88748
3750000 1.88651
3760000 1.88613
3770000 1.89081
3780000 1.89049
3790000 1.88996
3800000 1.88873
3810000 1.88935
3820000 1.89253
3830000 1.89387
3840000 1.8907
3850000 1.8906
3860000 1.89507
3870000 1.89413
3880000 1.89479
3890000 1.89326
3900000 1.89802
3910000 1.89701
3920000 1.89799
3930000 1.89485
3940000 1.89665
3950000 1.90026
3960000 1.8994
3970000 1.89976
3980000 1.89834
3990000 1.90311
4000000 1.9017
4010000 1.90327
4020000 1.9004
4030000 1.90134
4040000 1.90509
4050000 1.90404
4060000 1.90307
4070000 1.90263
4080000 1.90726
4090000 1.90687
4100000 1.90635
4110000 1.90514
4120000 1.90566
4130000 1.90882
4140000 1.91003
4150000 1.90689
4160000 1.90672
4170000 1.91114
4180000 1.91015
4190000 1.91081
4200000 1.9093
4210000 1.91394
4220000 1.91293
4230000 1.91379
4240000 1.91068
4250000 1.91232
4260000 1.91597
4270000 1.91515
4280000 1.91541
4290000 1.91401
4300000 1.91867
4310000 1.91728
4320000 1.91871
4330000 1.91586
4340000 1.91674
4350000 1.92045
4360000 1.91944
4370000 1.91839
4380000 1.91796
4390000 1.92248
4400000 1.92207
4410000 1.92146
4420000 1.92026
4430000 1.92073
4440000 1.92385
4450000 1.92508
4460000 1.92188
4470000 1.92173
4480000 1.92605
4490000 1.92506
4500000 1.9256
4510000 1.9241
4520000 1.92864
4530000 1.92765
4540000 1.92852
4550000 1.92536
4560000 1.92699
4570000 1.93054
4580000 1.92968
4590000 1.92988
4600000 1.9285
4610000 1.93306
4620000 1.93168
4630000 1.93313
4640000 1.93023
4650000 1.93111
4660000 1.93472
4670000 1.93367
4680000 1.93257
4690000 1.93215
4700000 1.93658
4710000 1.93617
4720000 1.93559
4730000 1.93433
4740000 1.9348
4750000 1.93784
4760000 1.93902
4770000 1.93578
4780000 1.93563
4790000 1.93987
4800000 1.93888
4810000 1.93945
4820000 1.93789
4830000 1.94241
4840000 1.94135
4850000 1.94218
4860000 1.93899
4870000 1.94061
4880000 1.94425
4890000 1.94323
4900000 1.94345
4910000 1.94201
4920000 1.94655
4930000 1.94511
4940000 1.94651
4950000 1.94358
4960000 1.94445
4970000 1.94798
4980000 1.94696
4990000 1.94588
5000000 1.9454
5010000 1.94981
5020000 1.94934
5030000 1.94872
5040000 1.94742
5050000 1.94789
5060000 1.95086
5070000 1.95203
5080000 1.94884
5090000 1.94862
5100000 1.95284
5110000 1.9518
5120000 1.95232
5130000 1.95073
5140000 1.95522
5150000 1.95412
5160000 1.95495
5170000 1.9518
5180000 1.95334
5190000 1.95698
5200000 1.95586
5210000 1.95609
5220000 1.9546
5230000 1.95912
5240000 1.95764
5250000 1.95904
5260000 1.95615
5270000 1.95695
5280000 1.96048
5290000 1.95935
5300000 1.95829
5310000 1.95776
5320000 1.96215
5330000 1.96163
5340000 1.96102
5350000 1.95976
5360000 1.96016
5370000 1.96312
5380000 1.96418
5390000 1.96103
5400000 1.96076
5410000 1.96496
5420000 1.96388
5430000 1.96441
5440000 1.96285
5450000 1.96725
5460000 1.96617
5470000 1.96689
5480000 1.96377
5490000 1.96525
5500000 1.96888
5510000 1.96781
5520000 1.96795
5530000 1.9665
5540000 1.97093
5550000 1.96947
5560000 1.97076
5570000 1.9679
5580000 1.96865
5590000 1.97216
5600000 1.97108
5610000 1.96996
5620000 1.96945
5630000 1.97376
5640000 1.97319
5650000 1.97255
5660000 1.9713
5670000 1.97166
5680000 1.97461
5690000 1.97571
5700000 1.97249
5710000 1.97226
5720000 1.97637
5730000 1.97531
5740000 1.97573
5750000 1.9742
5760000 1.97853
5770000 1.97746
5780000 1.97821
5790000 1.97505
5800000 1.97651
5810000 1.98009
5820000 1.97899
5830000 1.97909
5840000 1.97766
5850000 1.98202
5860000 1.98058
5870000 1.9819
5880000 1.97899
5890000 1.97991
5900000 1.98319
5910000 1.98209
5920000 1.98092
5930000 1.98043
5940000 1.98466
5950000 1.98412
5960000 1.98351
5970000 1.98221
5980000 1.98259
5990000 1.98547
6000000 1.98652
6010000 1.98328
6020000 1.98306
6030000 1.98711
6040000 1.98606
6050000 1.98652
6060000 1.98493
6070000 1.98926
6080000 1.98814
6090000 1.98886
6100000 1.98567
6110000 1.98713
6120000 1.99065
6130000 1.98957
6140000 1.98971
6150000 1.98822
6160000 1.99258
6170000 1.99109
6180000 1.99238
6190000 1.98943
6200000 1.99036
6210000 1.99358
6220000 1.9925
6230000 1.99138
6240000 1.99083
6250000 1.99506
6260000 1.99446
6270000 1.99383
6280000 1.99249
6290000 1.99287
6300000 1.9957
6310000 1.99677
6320000 1.99357
6330000 1.9933
6340000 1.99735
6350000 1.99625
6360000 1.99669
6370000 1.99506
6380000 1.99938
6390000 1.99822
6400000 1.99895
6410000 1.99581
6420000 1.9972
6430000 2.00073
6440000 1.99957
6450000 1.99971
6460000 1.99819
6470000 2.00254
6480000 2.00102
6490000 2.00231
6500000 1.99942
6510000 2.00028
6520000 2.00351
6530000 2.00235
6540000 2.00124
6550000 2.00065
6560000 2.00488
6570000 2.00424
6580000 2.00363
6590000 2.00233
6600000 2.00265
6610000 2.00549
6620000 2.00646
6630000 2.0033
6640000 2.00298
6650000 2.00703
6660000 2.00589
6670000 2.00635
6680000 2.00475
6690000 2.009
6700000 2.00787
6710000 2.0085
6720000 2.0054
6730000 2.00674
6740000 2.01027
6750000 2.00916
6760000 2.00923
6770000 2.00775
6780000 2.01203
6790000 2.01053
6800000 2.01173
6810000 2.00887
6820000 2.00969
6830000 2.01291
6840000 2.0118
6850000 2.01064
6860000 2.01008
6870000 2.01424
6880000 2.01362
6890000 2.01292
6900000 2.01165
6910000 2.01192
6920000 2.01477
6930000 2.01578
6940000 2.01257
6950000 2.01228
6960000 2.01626
6970000 2.01515
6980000 2.01551
6990000 2.01393
7000000 2.01812
7010000 2.01702
7020000 2.0177
7030000 2.01458
7040000 2.01591
7050000 2.01937
7060000 2.01824
7070000 2.01827
7080000 2.01681
7090000 2.02103
7100000 2.01956
7110000 2.0208
7120000 2.01788
7130000 2.01873
7140000 2.02188
7150000 2.02076
7160000 2.01956
7170000 2.01902
7180000 2.02312
7190000 2.02252
7200000 2.02187
7210000 2.02054
7220000 2.02085
7230000 2.02363
7240000 2.02461
7250000 2.02138
7260000 2.02111
7270000 2.02504
7280000 2.02393
7290000 2.02434
7300000 2.02271
7310000 2.02692
7320000 2.02577
7330000 2.0264
7340000 2.02328
7350000 2.02462
7360000 2.02793
7370000 2.02691
7380000 2.02699
7390000 2.02547
7400000 2.02971
7410000 2.02819
7420000 2.0294
7430000 2.02647
7440000 2.02732
7450000 2.03043
7460000 2.02933
7470000 2.02817
7480000 2.02758
7490000 2.03169
7500000 2.03105
7510000 2.03038
7520000 2.02902
7530000 2.02934
7540000 2.03207
7550000 2.03307
7560000 2.02988
7570000 2.02956
7580000 2.03351
7590000 2.03236
7600000 2.03274
7610000 2.03107
7620000 2.03529
7630000 2.03411
7640000 2.03476
7650000 2.03169
7660000 2.03296
7670000 2.03642
7680000 2.03519
7690000 2.03529
7700000 2.03373
7710000 2.03798
7720000 2.03643
7730000 2.03766
7740000 2.03477
7750000 2.03557
7760000 2.03869
7770000 2.03751
7780000 2.03638
7790000 2.03575
7800000 2.03986
7810000 2.03919
7820000 2.03854
7830000 2.03722
7840000 2.03748
7850000 2.04024
7860000 2.04114
7870000 2.03799
7880000 2.03764
7890000 2.04158
7900000 2.0404
7910000 2.04081
7920000 2.03918
7930000 2.04333
7940000 2.04218
7950000 2.04274
7960000 2.0397
7970000 2.04094
7980000 2.0444
7990000 2.04322
8000000 2.04326
8010000 2.04174
8020000 2.04592
8030000 2.04441
8040000 2.04547
8050000 2.04269
8060000 2.04345
8070000 2.04658
8080000 2.04545
8090000 2.04426
8100000 2.04367
8110000 2.04772
8120000 2.04707
8130000 2.04634
8140000 2.04504
8150000 2.04527
8160000 2.04804
8170000 2.04898
8180000 2.04578
8190000 2.04547
8200000 2.04935
8210000 2.0482
8220000 2.04852
8230000 2.04692
8240000 2.05102
8250000 2.04989
8260000 2.0505
8270000 2.04741
8280000 2.04868
8290000 2.05208
8300000 2.05089
8310000 2.05088
8320000 2.0494
8330000 2.05352
8340000 2.05203
8350000 2.05315
8360000 2.05031
8370000 2.0511
8380000 2.05417
8390000 2.05303
8400000 2.05181
8410000 2.05124
8420000 2.05523
8430000 2.05461
8440000 2.05394
8450000 2.05259
8460000 2.05285
8470000 2.05555
8480000 2.05647
8490000 2.05325
8500000 2.05296
8510000 2.05679
8520000 2.05566
8530000 2.05603
8540000 2.05438
8550000 2.0585
8560000 2.05733
8570000 2.05792
8580000 2.0548
8590000 2.05608
8600000 2.0594
8610000 2.05827
8620000 2.05831
8630000 2.05678
8640000 2.06092
8650000 2.05939
8660000 2.06048
8670000 2.05762
8680000 2.05842
8690000 2.06145
8700000 2.06033
8710000 2.05916
8720000 2.05854
8730000 2.06256
8740000 2.06189
8750000 2.06119
8760000 2.05982
8770000 2.0601
8780000 2.06276
8790000 2.06366
8800000 2.06053
8810000 2.06019
8820000 2.06403
8830000 2.06287
8840000 2.06322
8850000 2.06154
8860000 2.06566
8870000 2.06446
8880000 2.06507
8890000 2.062
8900000 2.06321
8910000 2.06657
8920000 2.06536
8930000 2.06541
8940000 2.06386
8950000 2.068
8960000 2.06645
8970000 2.06756
8980000 2.06475
8990000 2.0655
9000000 2.06855
9010000 2.06735
9020000 2.0662
9030000 2.06555
9040000 2.06957
9050000 2.06887
9060000 2.0682
9070000 2.06687
9080000 2.0671
9090000 2.06978
9100000 2.0706
9110000 2.0675
9120000 2.06713
9130000 2.07097
9140000 2.06979
9150000 2.07016
9160000 2.06853
9170000 2.07258
9180000 2.07142
9190000 2.07194
9200000 2.06891
9210000 2.07007
9220000 2.07344
9230000 2.07229
9240000 2.07229
9250000 2.07075
9260000 2.07485
9270000 2.07333
9280000 2.07436
9290000 2.07158
9300000 2.0723
9310000 2.07535
9320000 2.07421
9330000 2.07301
9340000 2.0724
9350000 2.07636
9360000 2.07569
9370000 2.07494
9380000 2.07364
9390000 2.07383
9400000 2.07653
9410000 2.0774
9420000 2.07425
9430000 2.07391
9440000 2.0777
9450000 2.07654
9460000 2.07683
9470000 2.07523
9480000 2.07922
9490000 2.07809
9500000 2.07867
9510000 2.07559
9520000 2.07679
9530000 2.0801
9540000 2.07893
9550000 2.0789
9560000 2.07739
9570000 2.08144
9580000 2.07995
9590000 2.08102
9600000 2.0782
9610000 2.07895
9620000 2.08195
9630000 2.08079
9640000 2.07956
9650000 2.07897
9660000 2.08289
9670000 2.08225
9680000 2.08155
9690000 2.0802
9700000 2.08043
9710000 2.08307
9720000 2.08391
9730000 2.08075
9740000 2.08043
9750000 2.08417
9760000 2.08304
9770000 2.08338
9780000 2.08172
9790000 2.08574
9800000 2.08457
9810000 2.08513
9820000 2.08203
9830000 2.08324
9840000 2.08651
9850000 2.08537
9860000 2.08538
9870000 2.08383
9880000 2.0879
9890000 2.08637
9900000 2.08741
9910000 2.08457
9920000 2.08534
9930000 2.0883
9940000 2.08717
9950000 2.08599
9960000 2.08535
9970000 2.08929
9980000 2.08861
9990000 2.08789
10000000 2.08651
