10000 176.081
20000 93.6119
30000 59.5272
40000 42.6428
50000 33.9792
60000 25.6677
70000 21.3902
80000 17.7347
90000 21.5163
100000 13.7551
110000 12.6871
120000 11.5032
130000 10.6331
140000 10.4949
150000 9.19833
160000 8.97598
170000 8.54109
180000 10.4565
190000 8.08666
200000 7.71919
210000 7.69069
220000 7.37182
230000 7.31945
240000 6.95652
250000 6.98422
260000 6.90693
270000 8.04659
280000 6.70174
290000 6.56859
300000 6.49527
310000 6.41435
320000 6.38912
330000 6.23052
340000 6.39318
350000 6.31005
360000 6.59355
370000 6.22899
380000 6.10711
390000 5.99285
400000 5.9647
410000 6.14183
420000 5.87813
430000 6.05022
440000 5.99908
450000 6.15253
460000 6.02936
470000 5.83337
480000 5.68157
490000 5.72848
500000 5.67059
510000 5.71155
520000 5.99992
530000 5.7304
540000 5.91233
550000 5.77922
560000 5.66224
570000 5.55347
580000 5.60112
590000 5.53857
600000 5.59269
610000 5.7437
620000 5.68625
630000 5.56289
640000 5.63301
650000 5.61801
660000 5.46876
670000 5.54883
680000 5.48212
690000 5.47643
700000 5.70766
710000 5.69884
720000 5.65809
730000 5.52444
740000 5.55128
750000 5.37738
760000 5.45161
770000 5.39807
780000 5.54828
790000 5.79093
800000 5.6932
810000 5.55808
820000 5.53808
830000 5.40681
840000 5.35545
850000 5.38914
860000 5.35305
870000 5.47256
880000 5.54391
890000 5.5791
900000 5.46489
910000 5.46538
920000 5.36691
930000 5.25075
940000 5.35571
950000 5.4757
960000 5.43609
970000 5.42706
980000 5.53883
990000 5.41788
1000000 5.35026
1010000 5.40287
1020000 5.30258
1030000 5.27908
1040000 5.41507
1050000 5.49813
1060000 5.40255
1070000 5.55474
1080000 5.37096
1090000 5.30723
1100000 5.35443
1110000 5.25969
1120000 5.32487
1130000 5.38508
1140000 5.45559
1150000 5.24782
1160000 5.53666
1170000 5.35606
1180000 5.24145
1190000 5.33078
1200000 5.21667
1210000 5.24286
1220000 5.46942
1230000 5.37161
1240000 5.41365
1250000 5.44301
1260000 5.27686
1270000 5.23447
1280000 5.28757
1290000 5.2644
1300000 5.22862
1310000 5.40153
1320000 5.3379
1330000 5.39044
1340000 5.32521
1350000 5.22719
1360000 5.29864
1370000 5.2601
1380000 5.47725
1390000 5.20941
1400000 5.35944
1410000 5.3348
1420000 5.38987
1430000 5.36658
1440000 5.21878
1450000 5.37876
1460000 5.26231
1470000 5.34874
1480000 5.19584
1490000 5.39014
1500000 5.31677
1510000 5.36104
1520000 5.33425
1530000 5.27007
1540000 5.20713
1550000 5.2715
1560000 5.27325
1570000 5.20178
1580000 5.43016
1590000 5.37708
1600000 5.29479
1610000 5.3184
1620000 5.28702
1630000 5.15824
1640000 5.19815
1650000 5.33293
1660000 5.18917
1670000 5.44543
1680000 5.29027
1690000 5.25782
1700000 5.37598
1710000 5.35041
1720000 5.14467
1730000 5.19505
1740000 5.15666
1750000 5.20263
1760000 5.53453
1770000 5.23276
1780000 5.2631
1790000 5.29366
1800000 5.21993
1810000 5.18143
1820000 5.18842
1830000 5.1457
1840000 5.19879
1850000 5.41022
1860000 5.32365
1870000 5.16865
1880000 5.27985
1890000 5.28227
1900000 5.20205
1910000 5.23654
1920000 5.19721
1930000 5.16609
1940000 5.41078
1950000 5.40674
1960000 5.32986
1970000 5.28139
1980000 5.31384
1990000 5.17288
2000000 5.19971
2010000 5.17772
2020000 5.29838
2030000 5.49364
2040000 5.44564
2050000 5.30252
2060000 5.30788
2070000 5.19196
2080000 5.206
2090000 5.18749
2100000 5.16565
2110000 5.25668
2120000 5.36039
2130000 5.39942
2140000 5.27531
2150000 5.28615
2160000 5.1884
2170000 5.1181
2180000 5.16145
2190000 5.30179
2200000 5.26588
2210000 5.28894
2220000 5.37093
2230000 5.24406
2240000 5.20508
2250000 5.24207
2260000 5.15722
2270000 5.15256
2280000 5.2807
2290000 5.35517
2300000 5.27771
2310000 5.40262
2320000 5.24383
2330000 5.19207
2340000 5.21803
2350000 5.14728
2360000 5.19563
2370000 5.25793
2380000 5.3271
2390000 5.15628
2400000 5.4108
2410000 5.22937
2420000 5.13619
2430000 5.22103
2440000 5.11653
2450000 5.13872
2460000 5.37875
2470000 5.26514
2480000 5.33192
2490000 5.33709
2500000 5.18504
2510000 5.14666
2520000 5.19629
2530000 5.18625
2540000 5.14333
2550000 5.3325
2560000 5.24692
2570000 5.28551
2580000 5.23593
2590000 5.14486
2600000 5.21828
2610000 5.18311
2620000 5.38693
2630000 5.13592
2640000 5.29893
2650000 5.26249
2660000 5.26784
2670000 5.27769
2680000 5.14688
2690000 5.30846
2700000 5.20174
2710000 5.27856
2720000 5.13019
2730000 5.33097
2740000 5.24919
2750000 5.24328
2760000 5.26618
2770000 5.2089
2780000 5.14996
2790000 5.20804
2800000 5.21876
2810000 5.14439
2820000 5.37635
2830000 5.31557
2840000 5.21818
2850000 5.25446
2860000 5.23698
2870000 5.10808
2880000 5.14693
2890000 5.28001
2900000 5.13798
2910000 5.40203
2920000 5.22711
2930000 5.18664
2940000 5.31822
2950000 5.3113
2960000 5.10198
2970000 5.15179
2980000 5.12157
2990000 5.16037
3000000 5.48971
3010000 5.1832
3020000 5.20335
3030000 5.24167
3040000 5.17723
3050000 5.14193
3060000 5.14615
3070000 5.10847
3080000 5.15359
3090000 5.37961
3100000 5.27979
3110000 5.13106
3120000 5.24068
3130000 5.24545
3140000 5.16554
3150000 5.19794
3160000 5.16652
3170000 5.12856
3180000 5.37825
3190000 5.35751
3200000 5.28747
3210000 5.24262
3220000 5.28409
3230000 5.15272
3240000 5.16295
3250000 5.15049
3260000 5.26229
3270000 5.44912
3280000 5.39588
3290000 5.26666
3300000 5.26692
3310000 5.1651
3320000 5.19341
3330000 5.15686
3340000 5.13733
3350000 5.22113
3360000 5.33345
3370000 5.36491
3380000 5.24469
3390000 5.22225
3400000 5.15963
3410000 5.09772
3420000 5.13654
3430000 5.27136
3440000 5.23774
3450000 5.26746
3460000 5.34044
3470000 5.21287
3480000 5.17437
3490000 5.2155
3500000 5.13114
3510000 5.1299
3520000 5.25613
3530000 5.32895
3540000 5.25633
3550000 5.37471
3560000 5.22013
3570000 5.16745
3580000 5.19237
3590000 5.12468
3600000 5.16804
3610000 5.22867
3620000 5.3032
3630000 5.1367
3640000 5.38116
3650000 5.20203
3660000 5.11265
3670000 5.22187
3680000 5.09381
3690000 5.11878
3700000 5.36036
3710000 5.30157
3720000 5.32498
3730000 5.30844
3740000 5.1639
3750000 5.12674
3760000 5.17786
3770000 5.16674
3780000 5.12581
3790000 5.31383
3800000 5.22594
3810000 5.2558
3820000 5.21201
3830000 5.12534
3840000 5.19927
3850000 5.17692
3860000 5.3731
3870000 5.11712
3880000 5.28127
3890000 5.24516
3900000 5.23271
3910000 5.25299
3920000 5.12946
3930000 5.28752
3940000 5.17799
3950000 5.25673
3960000 5.11396
3970000 5.31356
3980000 5.23651
3990000 5.20827
4000000 5.25748
4010000 5.193
4020000 5.13134
4030000 5.196
4040000 5.20111
4050000 5.13557
4060000 5.36228
4070000 5.29697
4080000 5.19572
4090000 5.23604
4100000 5.22341
4110000 5.07632
4120000 5.133
4130000 5.25852
4140000 5.12508
4150000 5.3886
4160000 5.20498
4170000 5.1681
4180000 5.29958
4190000 5.30083
4200000 5.08426
4210000 5.13925
4220000 5.11041
4230000 5.14619
4240000 5.47704
4250000 5.16636
4260000 5.18311
4270000 5.226
4280000 5.16486
4290000 5.13295
4300000 5.13389
4310000 5.09682
4320000 5.14017
4330000 5.37075
4340000 5.26512
4350000 5.12134
4360000 5.22923
4370000 5.23239
4380000 5.2469
4390000 5.18581
4400000 5.15504
4410000 5.11626
4420000 5.36844
4430000 5.34195
4440000 5.27427
4450000 5.23039
4460000 5.27234
4470000 5.14619
4480000 5.15203
4490000 5.14033
4500000 5.24746
4510000 5.43377
4520000 5.37833
4530000 5.25461
4540000 5.25328
4550000 5.15475
4560000 5.18495
4570000 5.14729
4580000 5.12629
4590000 5.21032
4600000 5.31986
4610000 5.35142
4620000 5.22948
4630000 5.21287
4640000 5.14923
4650000 5.09171
4660000 5.12719
4670000 5.25914
4680000 5.22603
4690000 5.25231
4700000 5.32761
4710000 5.20146
4720000 5.16539
4730000 5.20662
4740000 5.12037
4750000 5.1216
4760000 5.24625
4770000 5.31876
4780000 5.24792
4790000 5.36191
4800000 5.21025
4810000 5.15868
4820000 5.18177
4830000 5.11545
4840000 5.15661
4850000 5.23089
4860000 5.29632
4870000 5.12821
4880000 5.36844
4890000 5.19059
4900000 5.10483
4910000 5.20913
4920000 5.08506
4930000 5.11136
4940000 5.35061
4950000 5.2933
4960000 5.31327
4970000 5.29629
4980000 5.156
4990000 5.11848
5000000 5.16903
5010000 5.16012
5020000 5.12009
5030000 5.30373
5040000 5.21487
5050000 5.24247
5060000 5.19988
5070000 5.11731
5080000 5.19192
5090000 5.17265
5100000 5.36571
5110000 5.10961
5120000 5.2743
5130000 5.23448
5140000 5.21763
5150000 5.24086
5160000 5.12178
5170000 5.27808
5180000 5.17247
5190000 5.24723
5200000 5.10731
5210000 5.3037
5220000 5.22856
5230000 5.19191
5240000 5.25105
5250000 5.18703
5260000 5.12402
5270000 5.19331
5280000 5.19231
5290000 5.13161
5300000 5.35506
5310000 5.28903
5320000 5.18514
5330000 5.2324
5340000 5.222
5350000 5.07058
5360000 5.12711
5370000 5.24745
5380000 5.1197
5390000 5.38218
5400000 5.19566
5410000 5.15959
5420000 5.29166
5430000 5.29545
5440000 5.07743
5450000 5.13371
5460000 5.10524
5470000 5.14045
5480000 5.4715
5490000 5.15978
5500000 5.17381
5510000 5.20915
5520000 5.16001
5530000 5.14471
5540000 5.12832
5550000 5.09103
5560000 5.13431
5570000 5.36424
5580000 5.25793
5590000 5.11906
5600000 5.22363
5610000 5.22744
5620000 5.2432
5630000 5.17997
5640000 5.14841
5650000 5.1108
5660000 5.36151
5670000 5.33151
5680000 5.2681
5690000 5.22289
5700000 5.26832
5710000 5.14074
5720000 5.14758
5730000 5.13452
5740000 5.24364
5750000 5.42772
5760000 5.36948
5770000 5.248
5780000 5.24628
5790000 5.15007
5800000 5.18792
5810000 5.14235
5820000 5.11997
5830000 5.20667
5840000 5.31452
5850000 5.34234
5860000 5.22545
5870000 5.2077
5880000 5.14411
5890000 5.10502
5900000 5.12323
5910000 5.25365
5920000 5.2206
5930000 5.24652
5940000 5.3206
5950000 5.19582
5960000 5.16058
5970000 5.20314
5980000 5.11463
5990000 5.11716
6000000 5.23841
6010000 5.31452
6020000 5.24771
6030000 5.35267
6040000 5.20621
6050000 5.15416
6060000 5.17604
6070000 5.10641
6080000 5.15682
6090000 5.22398
6100000 5.29099
6110000 5.12503
6120000 5.3615
6130000 5.18491
6140000 5.09944
6150000 5.20344
6160000 5.08078
6170000 5.1078
6180000 5.34419
6190000 5.28974
6200000 5.30672
6210000 5.28986
6220000 5.15185
6230000 5.11404
6240000 5.16548
6250000 5.15747
6260000 5.11816
6270000 5.29575
6280000 5.20997
6290000 5.23613
6300000 5.195
6310000 5.1134
6320000 5.18816
6330000 5.17065
6340000 5.36252
6350000 5.10623
6360000 5.26826
6370000 5.22792
6380000 5.20955
6390000 5.23574
6400000 5.11833
6410000 5.2714
6420000 5.17156
6430000 5.2412
6440000 5.1032
6450000 5.29717
6460000 5.22391
6470000 5.18366
6480000 5.24513
6490000 5.18352
6500000 5.11969
6510000 5.19342
6520000 5.18769
6530000 5.13096
6540000 5.3494
6550000 5.28385
6560000 5.17908
6570000 5.23303
6580000 5.21905
6590000 5.06707
6600000 5.12384
6610000 5.24184
6620000 5.11732
6630000 5.37815
6640000 5.1909
6650000 5.15459
6660000 5.28727
6670000 5.29233
6680000 5.07298
6690000 5.1304
6700000 5.1027
6710000 5.13622
6720000 5.46971
6730000 5.15613
6740000 5.1685
6750000 5.20495
6760000 5.15751
6770000 5.13807
6780000 5.12477
6790000 5.08824
6800000 5.13085
6810000 5.36047
6820000 5.2594
6830000 5.1168
6840000 5.22113
6850000 5.22374
6860000 5.23912
6870000 5.17625
6880000 5.14356
6890000 5.10755
6900000 5.35769
6910000 5.32385
6920000 5.26476
6930000 5.21988
6940000 5.26593
6950000 5.13773
6960000 5.14427
6970000 5.13041
6980000 5.23877
6990000 5.42176
7000000 5.36398
7010000 5.24499
7020000 5.24178
7030000 5.14828
7040000 5.17402
7050000 5.13892
7060000 5.11576
7070000 5.20231
7080000 5.30515
7090000 5.34409
7100000 5.22378
7110000 5.20372
7120000 5.14123
7130000 5.10194
7140000 5.12018
7150000 5.24882
7160000 5.21801
7170000 5.24059
7180000 5.31593
7190000 5.19142
7200000 5.1591
7210000 5.20053
7220000 5.11081
7230000 5.11459
7240000 5.23617
7250000 5.31199
7260000 5.24475
7270000 5.34866
7280000 5.20478
7290000 5.15158
7300000 5.17283
7310000 5.10255
7320000 5.15352
7330000 5.21988
7340000 5.28995
7350000 5.12581
7360000 5.35762
7370000 5.18127
7380000 5.09702
7390000 5.19914
7400000 5.07811
7410000 5.10579
7420000 5.33995
7430000 5.28776
7440000 5.29583
7450000 5.28644
7460000 5.14977
7470000 5.11124
7480000 5.16117
7490000 5.15526
7500000 5.10756
7510000 5.29166
7520000 5.20671
7530000 5.23383
7540000 5.19226
7550000 5.11199
7560000 5.18343
7570000 5.16985
7580000 5.35956
7590000 5.10417
7600000 5.26359
7610000 5.22461
7620000 5.20336
7630000 5.23248
7640000 5.11622
7650000 5.2679
7660000 5.17127
7670000 5.23648
7680000 5.10099
7690000 5.29261
7700000 5.22086
7710000 5.17826
7720000 5.24328
7730000 5.18159
7740000 5.11683
7750000 5.19328
7760000 5.18476
7770000 5.12989
7780000 5.3458
7790000 5.28164
7800000 5.17482
7810000 5.23096
7820000 5.21741
7830000 5.06476
7840000 5.1216
7850000 5.23827
7860000 5.11719
7870000 5.37552
7880000 5.1878
7890000 5.15135
7900000 5.28918
7910000 5.29178
7920000 5.0693
7930000 5.12523
7940000 5.10005
7950000 5.13395
7960000 5.46948
7970000 5.15598
7980000 5.16514
7990000 5.20199
8000000 5.15865
8010000 5.13785
8020000 5.12281
8030000 5.08609
8040000 5.12925
8050000 5.35942
8060000 5.25487
8070000 5.11578
8080000 5.21883
8090000 5.21931
8100000 5.23652
8110000 5.17348
8120000 5.14149
8130000 5.10519
8140000 5.35438
8150000 5.32084
8160000 5.26264
8170000 5.2169
8180000 5.26481
8190000 5.12993
8200000 5.14203
8210000 5.12748
8220000 5.2361
8230000 5.41832
8240000 5.36033
8250000 5.24366
8260000 5.23615
8270000 5.1471
8280000 5.17111
8290000 5.13639
8300000 5.11312
8310000 5.20051
8320000 5.2593
8330000 5.33976
8340000 5.22185
8350000 5.20151
8360000 5.13946
8370000 5.10161
8380000 5.11791
8390000 5.2465
8400000 5.21662
8410000 5.23585
8420000 5.31291
8430000 5.18993
8440000 5.15593
8450000 5.19902
8460000 5.10742
8470000 5.11295
8480000 5.23362
8490000 5.30992
8500000 5.24164
8510000 5.34403
8520000 5.20102
8530000 5.14976
8540000 5.17078
8550000 5.08591
8560000 5.15135
8570000 5.21911
8580000 5.26855
8590000 5.12413
8600000 5.35453
8610000 5.17952
8620000 5.09533
8630000 5.19747
8640000 5.08396
8650000 5.10447
8660000 5.33396
8670000 5.28751
8680000 5.28986
8690000 5.28352
8700000 5.14831
8710000 5.10915
8720000 5.15314
8730000 5.20986
8740000 5.10674
8750000 5.28939
8760000 5.20625
8770000 5.23296
8780000 5.19074
8790000 5.11057
8800000 5.18106
8810000 5.1692
8820000 5.35426
8830000 5.10311
8840000 5.26077
8850000 5.21664
8860000 5.20013
8870000 5.23034
8880000 5.11477
8890000 5.27047
8900000 5.17227
8910000 5.23827
8920000 5.09972
8930000 5.29761
8940000 5.2187
8950000 5.17606
8960000 5.24194
8970000 5.18196
8980000 5.11594
8990000 5.18894
9000000 5.18266
9010000 5.1308
9020000 5.34312
9030000 5.27919
9040000 5.17297
9050000 5.22432
9060000 5.21633
9070000 5.06294
9080000 5.12015
9090000 5.22567
9100000 5.1171
9110000 5.37344
9120000 5.18531
9130000 5.14929
9140000 5.2867
9150000 5.29047
9160000 5.06703
9170000 5.13067
9180000 5.09828
9190000 5.1316
9200000 5.46621
9210000 5.15464
9220000 5.16313
9230000 5.19984
9240000 5.15779
9250000 5.1346
9260000 5.12137
9270000 5.08314
9280000 5.17468
9290000 5.35966
9300000 5.25221
9310000 5.11694
9320000 5.2168
9330000 5.22149
9340000 5.23419
9350000 5.17172
9360000 5.13922
9370000 5.10357
9380000 5.3527
9390000 5.31858
9400000 5.26076
9410000 5.21821
9420000 5.25937
9430000 5.1287
9440000 5.14045
9450000 5.1255
9460000 5.23254
9470000 5.41295
9480000 5.35819
9490000 5.24235
9500000 5.23447
9510000 5.14705
9520000 5.17057
9530000 5.13549
9540000 5.09848
9550000 5.19951
9560000 5.25725
9570000 5.33712
9580000 5.22048
9590000 5.19992
9600000 5.13853
9610000 5.10053
9620000 5.11595
9630000 5.24499
9640000 5.21579
9650000 5.2337
9660000 5.31119
9670000 5.18824
9680000 5.15413
9690000 5.19701
9700000 5.10571
9710000 5.11157
9720000 5.2532
9730000 5.31035
9740000 5.23997
9750000 5.34161
9760000 5.19974
9770000 5.1522
9780000 5.16936
9790000 5.08399
9800000 5.1504
9810000 5.21721
9820000 5.26673
9830000 5.11986
9840000 5.35221
9850000 5.17773
9860000 5.09233
9870000 5.1988
9880000 5.08255
9890000 5.10437
9900000 5.33183
9910000 5.28701
9920000 5.28654
9930000 5.28133
9940000 5.14751
9950000 5.10787
9960000 5.15311
9970000 5.2455
9980000 5.10527
9990000 5.28723
10000000 5.19822
10010000 5.23098
10020000 5.22263
10030000 5.1093
10040000 5.17511
10050000 5.16868
10060000 5.35449
10070000 5.10232
10080000 5.25832
10090000 5.21383
10100000 5.20107
10110000 5.23394
10120000 5.11377
10130000 5.26952
10140000 5.17243
10150000 5.23635
10160000 5.09912
10170000 5.29427
10180000 5.21786
10190000 5.17547
10200000 5.24826
10210000 5.18164
10220000 5.11493
10230000 5.18885
10240000 5.18604
10250000 5.13184
10260000 5.34147
10270000 5.27724
10280000 5.16977
10290000 5.22302
10300000 5.21578
10310000 5.05927
10320000 5.1265
10330000 5.22412
10340000 5.11645
10350000 5.3719
10360000 5.1836
10370000 5.14714
10380000 5.28378
10390000 5.2895
10400000 5.07225
10410000 5.12957
10420000 5.09768
10430000 5.13043
10440000 5.46549
10450000 5.15322
10460000 5.1625
10470000 5.19905
10480000 5.15765
10490000 5.12827
10500000 5.12073
10510000 5.0818
10520000 5.17299
10530000 5.35761
10540000 5.25164
10550000 5.11712
10560000 5.21524
10570000 5.22192
10580000 5.23288
10590000 5.17031
10600000 5.13756
10610000 5.11051
10620000 5.36504
10630000 5.31679
10640000 5.25789
10650000 5.21606
10660000 5.25897
10670000 5.12783
10680000 5.13966
10690000 5.11711
10700000 5.23195
10710000 5.41086
10720000 5.35589
10730000 5.24144
10740000 5.2334
10750000 5.14697
10760000 5.16977
10770000 5.1343
10780000 5.09696
10790000 5.19843
10800000 5.25368
10810000 5.33584
10820000 5.21783
10830000 5.1992
10840000 5.13764
10850000 5.09929
10860000 5.1148
10870000 5.24121
10880000 5.21458
10890000 5.23132
10900000 5.30772
10910000 5.18615
10920000 5.15301
10930000 5.19626
10940000 5.10392
10950000 5.11112
10960000 5.2549
10970000 5.30937
10980000 5.23876
10990000 5.34068
11000000 5.19883
11010000 5.15342
11020000 5.16833
11030000 5.08191
11040000 5.15415
11050000 5.21558
11060000 5.26149
11070000 5.11798
11080000 5.35087
11090000 5.17734
11100000 5.09151
11110000 5.1977
11120000 5.0804
11130000 5.10392
11140000 5.3302
11150000 5.28732
11160000 5.28615
11170000 5.27887
11180000 5.14654
11190000 5.10719
11200000 5.15207
11210000 5.24768
11220000 5.10389
11230000 5.27773
11240000 5.1971
11250000 5.22838
11260000 5.22313
11270000 5.10852
11280000 5.17318
11290000 5.1683
11300000 5.3457
11310000 5.10519
11320000 5.30808
11330000 5.21264
11340000 5.19992
11350000 5.23263
11360000 5.11309
11370000 5.2678
11380000 5.17725
11390000 5.23504
11400000 5.09802
11410000 5.249
11420000 5.21661
11430000 5.1736
11440000 5.25013
11450000 5.17936
11460000 5.11462
11470000 5.19007
11480000 5.1848
11490000 5.13139
11500000 5.33901
11510000 5.27105
11520000 5.16528
11530000 5.22158
11540000 5.21788
11550000 5.0583
11560000 5.12614
11570000 5.22394
11580000 5.11589
11590000 5.3712
11600000 5.18257
11610000 5.14605
11620000 5.28256
11630000 5.289
11640000 5.07079
11650000 5.12883
11660000 5.09673
11670000 5.12951
11680000 5.45652
11690000 5.15241
11700000 5.16096
11710000 5.1976
11720000 5.15714
11730000 5.12649
11740000 5.12015
11750000 5.08127
11760000 5.17165
11770000 5.3553
11780000 5.24994
11790000 5.11691
11800000 5.21421
11810000 5.2222
11820000 5.23202
11830000 5.16846
11840000 5.13584
11850000 5.10961
11860000 5.36426
11870000 5.3195
11880000 5.25696
11890000 5.22034
11900000 5.25858
11910000 5.12431
11920000 5.13875
11930000 5.11136
11940000 5.22884
11950000 5.41758
11960000 5.3542
11970000 5.24175
11980000 5.23163
11990000 5.14725
12000000 5.1695
12010000 5.13266
12020000 5.09286
12030000 5.25236
12040000 5.25152
12050000 5.33463
12060000 5.21713
12070000 5.19833
12080000 5.13701
12090000 5.09628
12100000 5.11399
12110000 5.24064
12120000 5.21397
12130000 5.23003
12140000 5.30573
12150000 5.1903
12160000 5.1528
12170000 5.19395
12180000 5.10296
12190000 5.11036
12200000 5.25662
12210000 5.30894
12220000 5.2378
12230000 5.33992
12240000 5.19799
12250000 5.14737
12260000 5.16791
12270000 5.08078
12280000 5.15451
12290000 5.21391
12300000 5.26061
12310000 5.11736
12320000 5.34868
12330000 5.17695
12340000 5.09046
12350000 5.19498
12360000 5.07754
12370000 5.10352
12380000 5.31621
12390000 5.28712
12400000 5.28225
12410000 5.27734
12420000 5.14636
12430000 5.10629
12440000 5.15064
12450000 5.25451
12460000 5.10942
12470000 5.27443
12480000 5.19727
12490000 5.2279
12500000 5.22234
12510000 5.10737
12520000 5.16777
12530000 5.1681
12540000 5.34778
12550000 5.10471
12560000 5.30596
12570000 5.21253
12580000 5.20098
12590000 5.23174
12600000 5.11262
12610000 5.26635
12620000 5.17841
12630000 5.23438
12640000 5.09874
12650000 5.24776
12660000 5.21564
12670000 5.17237
12680000 5.25136
12690000 5.17831
12700000 5.11358
12710000 5.18982
12720000 5.18414
12730000 5.13103
12740000 5.33766
12750000 5.27028
12760000 5.17635
12770000 5.22016
12780000 5.23082
12790000 5.05696
12800000 5.12565
12810000 5.21895
12820000 5.11555
12830000 5.37088
12840000 5.18184
12850000 5.14565
12860000 5.28159
12870000 5.28878
12880000 5.06964
12890000 5.12824
12900000 5.09589
12910000 5.1279
12920000 5.45631
12930000 5.1514
12940000 5.15998
12950000 5.18804
12960000 5.15817
12970000 5.12513
12980000 5.11961
12990000 5.08084
13000000 5.16905
13010000 5.35848
13020000 5.24856
13030000 5.11674
13040000 5.21317
13050000 5.22256
13060000 5.2312
13070000 5.16765
13080000 5.13483
13090000 5.1089
13100000 5.36458
13110000 5.31842
13120000 5.25636
13130000 5.21987
13140000 5.25757
13150000 5.12354
13160000 5.13883
13170000 5.10954
13180000 5.22492
13190000 5.41432
13200000 5.35343
13210000 5.24125
13220000 5.2311
13230000 5.14459
13240000 5.1676
13250000 5.1322
13260000 5.09062
13270000 5.24755
13280000 5.25242
13290000 5.3339
13300000 5.21764
13310000 5.19839
13320000 5.14423
13330000 5.09544
13340000 5.11332
13350000 5.24039
13360000 5.2149
13370000 5.22729
13380000 5.30542
13390000 5.18967
13400000 5.15299
13410000 5.19359
13420000 5.10196
13430000 5.10978
13440000 5.25735
13450000 5.30839
13460000 5.23767
13470000 5.33888
13480000 5.1981
13490000 5.15198
13500000 5.16754
13510000 5.07999
13520000 5.15373
13530000 5.2137
13540000 5.25832
13550000 5.11687
13560000 5.34785
13570000 5.17606
13580000 5.09021
13590000 5.19428
13600000 5.0773
13610000 5.10292
13620000 5.31632
13630000 5.28699
13640000 5.28011
13650000 5.27442
13660000 5.1453
13670000 5.10592
13680000 5.14986
13690000 5.2555
13700000 5.10861
13710000 5.27266
13720000 5.19638
13730000 5.22706
13740000 5.22215
13750000 5.1069
13760000 5.16747
13770000 5.16588
13780000 5.34686
13790000 5.10426
13800000 5.30641
13810000 5.21014
13820000 5.19945
13830000 5.22992
13840000 5.11284
13850000 5.26588
13860000 5.17839
13870000 5.23549
13880000 5.09893
13890000 5.24686
13900000 5.2148
13910000 5.16887
13920000 5.24968
13930000 5.174
13940000 5.11222
13950000 5.18817
13960000 5.18815
13970000 5.12827
13980000 5.33672
13990000 5.27294
14000000 5.17494
14010000 5.21912
14020000 5.22769
14030000 5.0566
14040000 5.12529
14050000 5.21795
14060000 5.11282
14070000 5.36781
14080000 5.18094
14090000 5.14436
14100000 5.28158
14110000 5.28779
14120000 5.06859
14130000 5.12779
14140000 5.09489
14150000 5.12728
14160000 5.45665
14170000 5.14864
14180000 5.1584
14190000 5.18714
14200000 5.15854
14210000 5.12448
14220000 5.1192
14230000 5.08025
14240000 5.16778
14250000 5.36114
14260000 5.24368
14270000 5.11661
14280000 5.2124
14290000 5.22178
14300000 5.23251
14310000 5.16723
14320000 5.1348
14330000 5.1091
14340000 5.36695
14350000 5.3115
14360000 5.2554
14370000 5.21945
14380000 5.25076
14390000 5.12274
14400000 5.1386
14410000 5.10677
14420000 5.23768
14430000 5.41574
14440000 5.35134
14450000 5.24091
14460000 5.23075
14470000 5.14445
14480000 5.16681
14490000 5.13142
14500000 5.08995
14510000 5.24676
14520000 5.25199
14530000 5.33169
14540000 5.21705
14550000 5.19938
14560000 5.14232
14570000 5.09397
14580000 5.11262
14590000 5.2432
14600000 5.21255
14610000 5.22506
14620000 5.30555
14630000 5.18928
14640000 5.15314
14650000 5.19337
14660000 5.10155
14670000 5.10943
14680000 5.24929
14690000 5.30802
14700000 5.23741
14710000 5.33704
14720000 5.19764
14730000 5.15408
14740000 5.16729
14750000 5.07907
14760000 5.15271
14770000 5.21348
14780000 5.25768
14790000 5.11664
14800000 5.34706
14810000 5.17501
14820000 5.09099
14830000 5.19344
14840000 5.07752
14850000 5.10287
14860000 5.31898
14870000 5.28689
14880000 5.27954
14890000 5.27583
14900000 5.14462
14910000 5.1055
14920000 5.14875
14930000 5.23336
14940000 5.10833
14950000 5.26912
14960000 5.1963
14970000 5.22646
14980000 5.22163
14990000 5.10644
15000000 5.16279
15010000 5.16718
15020000 5.34686
15030000 5.10323
15040000 5.30801
15050000 5.20902
15060000 5.19952
15070000 5.22941
15080000 5.11204
15090000 5.26986
15100000 5.17887
15110000 5.23542
15120000 5.0984
15130000 5.24568
15140000 5.2116
15150000 5.16694
15160000 5.21335
15170000 5.17744
15180000 5.11112
15190000 5.1883
15200000 5.18952
15210000 5.12787
15220000 5.33247
15230000 5.27218
15240000 5.17363
15250000 5.21923
15260000 5.22775
15270000 5.05592
15280000 5.12504
15290000 5.21747
15300000 5.11272
15310000 5.40868
15320000 5.17229
15330000 5.14373
15340000 5.28061
15350000 5.28784
15360000 5.06782
15370000 5.12773
15380000 5.09442
15390000 5.12672
15400000 5.45671
15410000 5.1483
15420000 5.15824
15430000 5.18653
15440000 5.15905
15450000 5.12394
15460000 5.11906
15470000 5.08022
15480000 5.16513
15490000 5.36071
15500000 5.24316
15510000 5.11804
15520000 5.21189
15530000 5.2219
15540000 5.22921
15550000 5.1676
15560000 5.13676
15570000 5.10879
15580000 5.36723
15590000 5.38607
15600000 5.25506
15610000 5.21922
15620000 5.25079
15630000 5.1239
15640000 5.13804
15650000 5.10602
15660000 5.23707
15670000 5.40889
15680000 5.35271
15690000 5.2405
15700000 5.22612
15710000 5.14425
15720000 5.16614
15730000 5.12884
15740000 5.09105
15750000 5.24377
15760000 5.25112
15770000 5.33075
15780000 5.21667
15790000 5.19897
15800000 5.14202
15810000 5.09401
15820000 5.11207
15830000 5.24231
15840000 5.21083
15850000 5.22453
15860000 5.30488
15870000 5.18879
15880000 5.15272
15890000 5.19323
15900000 5.09741
15910000 5.10631
15920000 5.25078
15930000 5.30795
15940000 5.23711
15950000 5.33634
15960000 5.19689
15970000 5.15356
15980000 5.16847
15990000 5.07845
16000000 5.1529
16010000 5.21302
16020000 5.25725
16030000 5.10949
16040000 5.3464
16050000 5.17425
16060000 5.09051
16070000 5.19039
16080000 5.0771
16090000 5.10269
16100000 5.31831
16110000 5.28595
16120000 5.2797
16130000 5.27512
16140000 5.15254
16150000 5.10566
16160000 5.15693
16170000 5.2334
16180000 5.10714
16190000 5.26755
16200000 5.19538
16210000 5.22539
16220000 5.22121
16230000 5.10339
16240000 5.16386
16250000 5.16699
16260000 5.36455
16270000 5.10252
16280000 5.30945
16290000 5.20861
16300000 5.19695
16310000 5.22971
16320000 5.11178
16330000 5.26912
16340000 5.17934
16350000 5.23622
16360000 5.0974
16370000 5.23828
16380000 5.21136
16390000 5.19452
16400000 5.21181
16410000 5.17996
16420000 5.11039
16430000 5.18972
16440000 5.19014
16450000 5.12934
16460000 5.33722
16470000 5.23732
16480000 5.16475
16490000 5.21805
16500000 5.22751
16510000 5.0557
16520000 5.12479
16530000 5.21737
16540000 5.11058
16550000 5.40831
16560000 5.17172
16570000 5.14354
16580000 5.27995
16590000 5.29618
16600000 5.06588
16610000 5.12739
16620000 5.09147
16630000 5.12632
16640000 5.45823
16650000 5.14814
16660000 5.15732
16670000 5.18662
16680000 5.15891
16690000 5.12352
16700000 5.11881
16710000 5.07979
16720000 5.16448
16730000 5.35881
16740000 5.22016
16750000 5.11871
16760000 5.21087
16770000 5.21106
16780000 5.25262
16790000 5.1672
16800000 5.13608
16810000 5.10926
16820000 5.36732
16830000 5.38526
16840000 5.25472
16850000 5.21255
16860000 5.25107
16870000 5.12344
16880000 5.13783
16890000 5.10537
16900000 5.23676
16910000 5.40826
16920000 5.35324
16930000 5.24544
16940000 5.22537
16950000 5.14475
16960000 5.16178
16970000 5.12844
16980000 5.09053
16990000 5.24839
17000000 5.25127
17010000 5.33098
17020000 5.21643
17030000 5.19955
17040000 5.14165
17050000 5.09345
17060000 5.11165
17070000 5.24167
17080000 5.21022
17090000 5.22457
17100000 5.3079
17110000 5.18925
17120000 5.14917
17130000 5.19314
17140000 5.09636
17150000 5.1061
17160000 5.25035
17170000 5.30764
17180000 5.23579
17190000 5.33571
17200000 5.19652
17210000 5.15214
17220000 5.16825
17230000 5.07828
17240000 5.15296
17250000 5.21282
17260000 5.25689
17270000 5.10915
17280000 5.34185
17290000 5.17361
17300000 5.0902
17310000 5.18991
17320000 5.07728
17330000 5.10345
17340000 5.31686
17350000 5.28515
17360000 5.27959
17370000 5.27445
17380000 5.15228
17390000 5.10545
17400000 5.15717
17410000 5.23375
17420000 5.10702
17430000 5.26672
17440000 5.19596
17450000 5.22626
17460000 5.22085
17470000 5.10316
17480000 5.16476
17490000 5.16693
17500000 5.37
17510000 5.10235
17520000 5.30879
17530000 5.20828
17540000 5.1907
17550000 5.229
17560000 5.11155
17570000 5.27051
17580000 5.18675
17590000 5.23427
17600000 5.0954
17610000 5.23766
17620000 5.21833
17630000 5.19383
17640000 5.21161
17650000 5.18013
17660000 5.11295
17670000 5.18983
17680000 5.18815
17690000 5.12866
17700000 5.33254
17710000 5.23436
17720000 5.16227
17730000 5.21775
17740000 5.22649
17750000 5.05539
17760000 5.12465
17770000 5.19429
17780000 5.11083
17790000 5.40778
17800000 5.16887
17810000 5.14389
17820000 5.27936
17830000 5.29681
17840000 5.06532
17850000 5.12988
17860000 5.09105
17870000 5.12603
17880000 5.45891
17890000 5.14787
17900000 5.15617
17910000 5.1865
17920000 5.15676
17930000 5.12303
17940000 5.11876
17950000 5.07993
17960000 5.1611
17970000 5.35948
17980000 5.21551
17990000 5.12099
18000000 5.2095
18010000 5.2108
18020000 5.2522
18030000 5.16682
18040000 5.13538
18050000 5.10893
18060000 5.36532
18070000 5.38429
18080000 5.25444
18090000 5.21246
18100000 5.25109
18110000 5.12299
18120000 5.13747
18130000 5.10486
18140000 5.23619
18150000 5.40737
18160000 5.35314
18170000 5.24518
18180000 5.22455
18190000 5.14313
18200000 5.16099
18210000 5.12506
18220000 5.09002
18230000 5.24713
18240000 5.2508
18250000 5.33035
18260000 5.21624
18270000 5.19859
18280000 5.14064
18290000 5.09301
18300000 5.11137
18310000 5.2409
18320000 5.20982
18330000 5.22511
18340000 5.30759
18350000 5.18889
18360000 5.14888
18370000 5.19312
18380000 5.09519
18390000 5.10592
18400000 5.24947
18410000 5.30713
18420000 5.23166
18430000 5.33517
18440000 5.19571
18450000 5.13453
18460000 5.16821
18470000 5.07498
18480000 5.15179
18490000 5.21198
18500000 5.2589
18510000 5.10835
18520000 5.34027
18530000 5.17339
18540000 5.08862
18550000 5.19534
18560000 5.07706
18570000 5.10346
18580000 5.3163
18590000 5.28842
18600000 5.27959
18610000 5.27499
18620000 5.152
18630000 5.10505
18640000 5.16035
18650000 5.23246
18660000 5.10688
18670000 5.26563
18680000 5.19624
18690000 5.22601
18700000 5.21967
18710000 5.10242
18720000 5.16437
18730000 5.1669
18740000 5.35575
18750000 5.1026
18760000 5.30816
18770000 5.2079
18780000 5.19038
18790000 5.22945
18800000 5.11136
18810000 5.27255
18820000 5.1866
18830000 5.23286
18840000 5.09516
18850000 5.23704
18860000 5.21515
18870000 5.19314
18880000 5.20982
18890000 5.18029
18900000 5.12319
18910000 5.18925
18920000 5.1881
18930000 5.1225
18940000 5.33782
18950000 5.23393
18960000 5.16247
18970000 5.21788
18980000 5.22561
18990000 5.05409
19000000 5.12401
19010000 5.19382
19020000 5.11183
19030000 5.40771
19040000 5.16851
19050000 5.14328
19060000 5.2794
19070000 5.29479
19080000 5.06402
19090000 5.12973
19100000 5.09056
19110000 5.12684
19120000 5.45874
19130000 5.14757
19140000 5.17342
19150000 5.18682
19160000 5.15505
19170000 5.12273
19180000 5.11857
19190000 5.07966
19200000 5.14746
19210000 5.36166
19220000 5.21482
19230000 5.12057
19240000 5.20913
19250000 5.21087
19260000 5.24637
19270000 5.16646
19280000 5.13083
19290000 5.11025
19300000 5.36623
19310000 5.3806
19320000 5.25443
19330000 5.21212
19340000 5.2499
19350000 5.12545
19360000 5.13716
19370000 5.10388
19380000 5.2293
19390000 5.40684
19400000 5.35047
19410000 5.24537
19420000 5.22337
19430000 5.14321
19440000 5.16072
19450000 5.12462
19460000 5.08942
19470000 5.24296
19480000 5.24406
19490000 5.33006
19500000 5.21523
19510000 5.19841
19520000 5.14035
19530000 5.09252
19540000 5.11096
19550000 5.23924
19560000 5.20816
19570000 5.2245
19580000 5.30762
19590000 5.18717
19600000 5.14593
19610000 5.19328
19620000 5.09436
19630000 5.10501
19640000 5.24718
19650000 5.3071
19660000 5.2278
19670000 5.33499
19680000 5.19814
19690000 5.1357
19700000 5.17567
19710000 5.07461
19720000 5.14958
19730000 5.2124
19740000 5.25866
19750000 5.10743
19760000 5.33977
19770000 5.17195
19780000 5.08887
19790000 5.19524
19800000 5.07677
19810000 5.1033
19820000 5.31556
19830000 5.28818
19840000 5.28216
19850000 5.27311
19860000 5.15176
19870000 5.10479
19880000 5.14037
19890000 5.2279
19900000 5.10679
19910000 5.26002
19920000 5.19787
19930000 5.2258
19940000 5.21808
19950000 5.1018
19960000 5.16348
19970000 5.16642
19980000 5.35553
19990000 5.10246
20000000 5.30744
20010000 5.20549
20020000 5.19042
20030000 5.22639
20040000 5.11054
20050000 5.27247
20060000 5.1867
20070000 5.23284
20080000 5.09642
20090000 5.23654
20100000 5.2164
20110000 5.19307
20120000 5.2095
20130000 5.17819
20140000 5.12282
20150000 5.1893
20160000 5.18863
20170000 5.13821
20180000 5.33749
20190000 5.23511
20200000 5.16225
20210000 5.21662
20220000 5.22616
20230000 5.05388
20240000 5.1247
20250000 5.1987
20260000 5.11254
20270000 5.40759
20280000 5.16822
20290000 5.11949
20300000 5.27924
20310000 5.3091
20320000 5.06356
20330000 5.13029
20340000 5.09012
20350000 5.12649
20360000 5.45424
20370000 5.14735
20380000 5.17333
20390000 5.18663
20400000 5.15486
20410000 5.1228
20420000 5.11817
20430000 5.07923
20440000 5.14852
20450000 5.35992
20460000 5.3257
20470000 5.11398
20480000 5.20904
20490000 5.21267
20500000 5.24593
20510000 5.16825
20520000 5.13041
20530000 5.11204
20540000 5.36709
20550000 5.38341
20560000 5.25487
20570000 5.21305
20580000 5.25036
20590000 5.12841
20600000 5.13702
20610000 5.10367
20620000 5.22945
20630000 5.40724
20640000 5.35074
20650000 5.24476
20660000 5.22329
20670000 5.14247
20680000 5.16433
20690000 5.12401
20700000 5.08
20710000 5.23832
20720000 5.23945
20730000 5.33003
20740000 5.21529
20750000 5.19826
20760000 5.1402
20770000 5.09215
20780000 5.11048
20790000 5.23781
20800000 5.20768
20810000 5.22767
20820000 5.30716
20830000 5.18695
20840000 5.14811
20850000 5.19514
20860000 5.09971
20870000 5.11186
20880000 5.25844
20890000 5.30301
20900000 5.22749
20910000 5.33463
20920000 5.19753
20930000 5.13644
20940000 5.17629
20950000 5.07432
20960000 5.14937
20970000 5.21251
20980000 5.25842
20990000 5.10839
21000000 5.33752
21010000 5.1712
21020000 5.08733
21030000 5.19293
21040000 5.07661
21050000 5.10316
21060000 5.31475
21070000 5.28806
21080000 5.28186
21090000 5.27233
21100000 5.15212
21110000 5.10459
21120000 5.13935
21130000 5.22441
21140000 5.1068
21150000 5.25968
21160000 5.19614
21170000 5.22576
21180000 5.21778
21190000 5.10179
21200000 5.16329
21210000 5.16945
21220000 5.356
21230000 5.1025
21240000 5.30683
21250000 5.20528
21260000 5.19026
21270000 5.22619
21280000 5.11045
21290000 5.26672
21300000 5.18677
21310000 5.23262
21320000 5.10401
21330000 5.23736
21340000 5.21693
21350000 5.19309
21360000 5.20933
21370000 5.17794
21380000 5.12217
21390000 5.1907
21400000 5.18768
21410000 5.13506
21420000 5.33731
21430000 5.23368
21440000 5.16201
21450000 5.218
21460000 5.23052
21470000 5.04237
21480000 5.12432
21490000 5.19839
21500000 5.11238
21510000 5.40561
21520000 5.16766
21530000 5.11883
21540000 5.27882
21550000 5.30863
21560000 5.06324
21570000 5.13057
21580000 5.08998
21590000 5.12625
21600000 5.45426
21610000 5.14707
21620000 5.17303
21630000 5.18621
21640000 5.15646
21650000 5.12403
21660000 5.11811
21670000 5.07928
21680000 5.14824
21690000 5.35975
21700000 5.32148
21710000 5.11383
21720000 5.20873
21730000 5.2157
21740000 5.24571
21750000 5.16756
21760000 5.13003
21770000 5.1131
21780000 5.36313
21790000 5.38269
21800000 5.25656
21810000 5.213
21820000 5.23576
21830000 5.12918
21840000 5.1369
21850000 5.10335
21860000 5.22944
21870000 5.40246
21880000 5.34728
21890000 5.24425
21900000 5.2316
21910000 5.14295
21920000 5.16491
21930000 5.12607
21940000 5.07918
21950000 5.23582
21960000 5.24043
21970000 5.32996
21980000 5.21565
21990000 5.19751
22000000 5.13999
22010000 5.09193
22020000 5.11019
22030000 5.23752
22040000 5.2064
22050000 5.22748
22060000 5.30592
22070000 5.1859
22080000 5.14886
22090000 5.19216
22100000 5.09933
22110000 5.1121
22120000 5.26117
22130000 5.30448
22140000 5.22726
22150000 5.33425
22160000 5.19735
22170000 5.13131
22180000 5.17633
22190000 5.07444
22200000 5.14904
22210000 5.21198
22220000 5.25821
22230000 5.10809
22240000 5.33706
22250000 5.17086
22260000 5.08717
22270000 5.19351
22280000 5.07688
22290000 5.10302
22300000 5.335
22310000 5.28802
22320000 5.28545
22330000 5.27268
22340000 5.15178
22350000 5.10436
22360000 5.15119
22370000 5.22497
22380000 5.10671
22390000 5.25908
22400000 5.19586
22410000 5.22118
22420000 5.22114
22430000 5.10145
22440000 5.1633
22450000 5.16443
22460000 5.35575
22470000 5.10239
22480000 5.30567
22490000 5.204
22500000 5.18995
22510000 5.22586
22520000 5.11029
22530000 5.26712
22540000 5.18564
22550000 5.23239
22560000 5.10445
22570000 5.23884
22580000 5.2144
22590000 5.20353
22600000 5.21114
22610000 5.178
22620000 5.12171
22630000 5.19027
22640000 5.18735
22650000 5.13494
22660000 5.33706
22670000 5.23439
22680000 5.16173
22690000 5.2176
22700000 5.23116
22710000 5.0405
22720000 5.12418
22730000 5.19901
22740000 5.1123
22750000 5.40503
22760000 5.16785
22770000 5.11861
22780000 5.27862
22790000 5.30894
22800000 5.06308
22810000 5.13057
22820000 5.08968
22830000 5.12642
22840000 5.45294
22850000 5.14674
22860000 5.17293
22870000 5.18581
22880000 5.15554
22890000 5.12215
22900000 5.118
22910000 5.07922
22920000 5.14665
22930000 5.35987
22940000 5.3212
22950000 5.11287
22960000 5.20823
22970000 5.21637
22980000 5.24544
22990000 5.16753
23000000 5.12969
23010000 5.113
23020000 5.36318
23030000 5.37365
23040000 5.25636
23050000 5.21315
23060000 5.23556
23070000 5.12865
23080000 5.13754
23090000 5.10285
23100000 5.22711
23110000 5.3871
23120000 5.34842
23130000 5.24428
23140000 5.23153
23150000 5.14668
23160000 5.16443
23170000 5.12585
23180000 5.08142
23190000 5.232
23200000 5.2456
23210000 5.33762
23220000 5.21429
23230000 5.19757
23240000 5.176
23250000 5.09544
23260000 5.11006
23270000 5.23682
23280000 5.20622
23290000 5.22705
23300000 5.30417
23310000 5.18603
23320000 5.14868
23330000 5.19221
23340000 5.09978
23350000 5.11191
23360000 5.2718
23370000 5.30381
23380000 5.227
23390000 5.33392
23400000 5.19831
23410000 5.13076
23420000 5.17573
23430000 5.07383
23440000 5.14854
23450000 5.21172
23460000 5.25732
23470000 5.11185
23480000 5.33579
23490000 5.17154
23500000 5.08701
23510000 5.19418
23520000 5.07613
23530000 5.10074
23540000 5.33473
23550000 5.288
23560000 5.2851
23570000 5.27206
23580000 5.15158
23590000 5.10436
23600000 5.1507
23610000 5.22284
23620000 5.10673
23630000 5.25668
23640000 5.19568
23650000 5.22067
23660000 5.22102
23670000 5.10116
23680000 5.16488
23690000 5.15656
23700000 5.3443
23710000 5.10347
23720000 5.30214
23730000 5.20385
23740000 5.19037
23750000 5.22557
23760000 5.11036
23770000 5.26827
23780000 5.1852
23790000 5.23265
23800000 5.10438
23810000 5.23825
23820000 5.19954
23830000 5.20131
23840000 5.21134
23850000 5.17839
23860000 5.12478
23870000 5.1903
23880000 5.18707
23890000 5.13618
23900000 5.3364
23910000 5.23209
23920000 5.16168
23930000 5.21605
23940000 5.2301
23950000 5.04043
23960000 5.12469
23970000 5.19848
23980000 5.11221
23990000 5.40507
24000000 5.16764
24010000 5.11857
24020000 5.27849
24030000 5.30826
24040000 5.06284
24050000 5.13048
24060000 5.0881
24070000 5.12649
24080000 5.45316
24090000 5.14648
24100000 5.17292
24110000 5.18666
24120000 5.15667
24130000 5.11819
24140000 5.11762
24150000 5.07901
24160000 5.14754
24170000 5.3569
24180000 5.31901
24190000 5.10746
24200000 5.20981
24210000 5.21563
24220000 5.24506
24230000 5.16688
24240000 5.12999
24250000 5.11287
24260000 5.36331
24270000 5.37392
24280000 5.25623
24290000 5.21326
24300000 5.22832
24310000 5.1282
24320000 5.13735
24330000 5.10111
24340000 5.21669
24350000 5.38464
24360000 5.34801
24370000 5.24469
24380000 5.23149
24390000 5.14691
24400000 5.1639
24410000 5.13183
24420000 5.08082
24430000 5.23149
24440000 5.24593
24450000 5.3362
24460000 5.22565
24470000 5.19784
24480000 5.17729
24490000 5.09479
24500000 5.11023
24510000 5.23316
24520000 5.20579
24530000 5.22685
24540000 5.30379
24550000 5.18581
24560000 5.14838
24570000 5.19155
24580000 5.09954
24590000 5.11185
24600000 5.27137
24610000 5.30366
24620000 5.21123
24630000 5.33503
24640000 5.19818
24650000 5.13035
24660000 5.17821
24670000 5.07371
24680000 5.14827
24690000 5.21119
24700000 5.25763
24710000 5.11161
24720000 5.33415
24730000 5.17126
24740000 5.08672
24750000 5.19377
24760000 5.07598
24770000 5.10063
24780000 5.33417
24790000 5.28824
24800000 5.28551
24810000 5.27067
24820000 5.15142
24830000 5.1041
24840000 5.15058
24850000 5.2515
24860000 5.10584
24870000 5.25627
24880000 5.19558
24890000 5.22085
24900000 5.21997
24910000 5.09982
24920000 5.16406
24930000 5.15757
24940000 5.34417
24950000 5.10339
24960000 5.30168
24970000 5.20344
24980000 5.18934
24990000 5.22475
25000000 5.11019
25010000 5.26341
25020000 5.17608
25030000 5.22083
25040000 5.10437
25050000 5.24618
25060000 5.19935
25070000 5.20247
25080000 5.20916
25090000 5.17818
25100000 5.12473
25110000 5.18865
25120000 5.18684
25130000 5.13578
25140000 5.33565
25150000 5.23182
25160000 5.16172
25170000 5.21622
25180000 5.23043
25190000 5.04036
25200000 5.12471
25210000 5.14966
25220000 5.11213
25230000 5.40494
25240000 5.16728
25250000 5.11843
25260000 5.27802
25270000 5.30296
25280000 5.06246
25290000 5.13232
25300000 5.08513
25310000 5.12634
25320000 5.45279
25330000 5.1465
25340000 5.17861
25350000 5.18706
25360000 5.15502
25370000 5.11652
25380000 5.11778
25390000 5.07893
25400000 5.14879
25410000 5.35619
25420000 5.32087
25430000 5.10925
25440000 5.20749
25450000 5.21736
25460000 5.24493
25470000 5.16671
25480000 5.12937
25490000 5.11279
25500000 5.36342
25510000 5.3766
25520000 5.25436
25530000 5.21392
25540000 5.22859
25550000 5.12807
25560000 5.13724
25570000 5.1008
25580000 5.21521
25590000 5.38294
25600000 5.34588
25610000 5.24462
25620000 5.23152
25630000 5.14666
25640000 5.16347
25650000 5.13168
25660000 5.08075
25670000 5.23121
25680000 5.2446
25690000 5.3359
25700000 5.22521
25710000 5.19813
25720000 5.17694
25730000 5.09115
25740000 5.10982
25750000 5.23293
25760000 5.20594
25770000 5.22668
25780000 5.3035
25790000 5.18567
25800000 5.14587
25810000 5.19153
25820000 5.09959
25830000 5.11017
25840000 5.27115
25850000 5.30445
25860000 5.21108
25870000 5.33643
25880000 5.19619
25890000 5.12801
25900000 5.17794
25910000 5.07338
25920000 5.14817
25930000 5.21147
25940000 5.25615
25950000 5.1131
25960000 5.33386
25970000 5.17093
25980000 5.08659
25990000 5.18983
26000000 5.07616
26010000 5.1008
26020000 5.3333
26030000 5.28828
26040000 5.28541
26050000 5.27148
26060000 5.15129
26070000 5.10414
26080000 5.15044
26090000 5.24838
26100000 5.10616
26110000 5.25621
26120000 5.19598
26130000 5.22023
26140000 5.21981
26150000 5.09966
26160000 5.16286
26170000 5.16393
26180000 5.34645
26190000 5.10324
26200000 5.30065
26210000 5.2058
26220000 5.18902
26230000 5.22458
26240000 5.1098
26250000 5.26696
26260000 5.17608
26270000 5.2207
26280000 5.10824
26290000 5.2468
26300000 5.19955
26310000 5.20175
26320000 5.20851
26330000 5.17825
26340000 5.1247
26350000 5.19524
26360000 5.18741
26370000 5.13272
26380000 5.33557
26390000 5.23119
26400000 5.16157
26410000 5.21604
26420000 5.23066
26430000 5.0401
26440000 5.12471
26450000 5.14939
26460000 5.11056
26470000 5.40479
26480000 5.16698
26490000 5.11805
26500000 5.2787
26510000 5.30221
26520000 5.06295
26530000 5.13288
26540000 5.08521
26550000 5.12663
26560000 5.45302
26570000 5.14638
26580000 5.17856
26590000 5.18673
26600000 5.15551
26610000 5.11637
26620000 5.11737
26630000 5.07968
26640000 5.14866
26650000 5.35627
26660000 5.31686
26670000 5.10969
26680000 5.19149
26690000 5.21839
26700000 5.16153
26710000 5.16656
26720000 5.12853
26730000 5.11268
26740000 5.36384
26750000 5.3762
26760000 5.25462
26770000 5.21377
26780000 5.22961
26790000 5.13038
26800000 5.13719
26810000 5.09974
26820000 5.21504
26830000 5.38475
26840000 5.36092
26850000 5.24247
26860000 5.23441
26870000 5.1469
26880000 5.16503
26890000 5.1313
26900000 5.08047
26910000 5.22693
26920000 5.23497
26930000 5.33562
26940000 5.22514
26950000 5.19779
26960000 5.17622
26970000 5.08974
26980000 5.11101
26990000 5.23481
27000000 5.20524
27010000 5.22827
27020000 5.30317
27030000 5.18359
27040000 5.14584
27050000 5.19117
27060000 5.09937
27070000 5.11035
27080000 5.2819
27090000 5.30434
27100000 5.20998
27110000 5.33575
27120000 5.19604
27130000 5.12537
27140000 5.17762
27150000 5.0734
27160000 5.14793
27170000 5.21076
27180000 5.25611
27190000 5.11188
27200000 5.33412
27210000 5.17068
27220000 5.08597
27230000 5.18908
27240000 5.07475
27250000 5.1002
27260000 5.33145
27270000 5.28827
27280000 5.34991
27290000 5.27123
27300000 5.15118
27310000 5.1041
27320000 5.15087
27330000 5.25327
27340000 5.10609
27350000 5.25585
27360000 5.19723
27370000 5.22284
27380000 5.21775
27390000 5.09968
27400000 5.16487
27410000 5.16526
27420000 5.34662
27430000 5.10337
27440000 5.30159
27450000 5.20504
27460000 5.19301
27470000 5.22415
27480000 5.10972
27490000 5.26667
27500000 5.17537
27510000 5.22092
27520000 5.10845
27530000 5.24743
27540000 5.19931
27550000 5.20165
27560000 5.20906
27570000 5.17932
27580000 5.08681
27590000 5.18698
27600000 5.18723
27610000 5.13261
27620000 5.3353
27630000 5.23121
27640000 5.16145
27650000 5.21533
27660000 5.23049
27670000 5.0401
27680000 5.12488
27690000 5.1493
27700000 5.10978
27710000 5.40517
27720000 5.16682
27730000 5.11795
27740000 5.27872
27750000 5.30273
27760000 5.06272
27770000 5.13169
27780000 5.08462
27790000 5.12643
27800000 5.45486
27810000 5.14628
27820000 5.17856
27830000 5.18694
27840000 5.15584
27850000 5.11538
27860000 5.11951
27870000 5.0791
27880000 5.14894
27890000 5.3564
27900000 5.30822
27910000 5.10965
27920000 5.19136
27930000 5.21889
27940000 5.16215
27950000 5.16624
27960000 5.12831
27970000 5.11262
27980000 5.3644
27990000 5.36501
28000000 5.25403
28010000 5.21263
28020000 5.23006
28030000 5.13002
28040000 5.13706
28050000 5.09941
28060000 5.21387
28070000 5.30486
28080000 5.35928
28090000 5.24242
28100000 5.23416
28110000 5.14775
28120000 5.16484
28130000 5.13141
28140000 5.08053
28150000 5.23332
28160000 5.23497
28170000 5.33432
28180000 5.22135
28190000 5.197
28200000 5.17637
28210000 5.08955
28220000 5.11057
28230000 5.23523
28240000 5.20552
28250000 5.22866
28260000 5.3029
28270000 5.18348
28280000 5.14574
28290000 5.19123
28300000 5.09937
28310000 5.11089
28320000 5.28951
28330000 5.30695
28340000 5.20984
28350000 5.33638
28360000 5.19622
28370000 5.12313
28380000 5.17767
28390000 5.07368
28400000 5.14719
28410000 5.21112
28420000 5.25603
28430000 5.12588
28440000 5.33212
28450000 5.17073
28460000 5.07804
28470000 5.18944
28480000 5.07464
28490000 5.10032
28500000 5.32769
28510000 5.28846
28520000 5.34953
28530000 5.26461
28540000 5.15108
28550000 5.11052
28560000 5.1498
28570000 5.25359
28580000 5.10661
28590000 5.25802
28600000 5.1971
28610000 5.23597
28620000 5.21831
28630000 5.09947
28640000 5.1618
28650000 5.15484
28660000 5.34629
28670000 5.10365
28680000 5.30124
28690000 5.20493
28700000 5.19286
28710000 5.22406
28720000 5.10972
28730000 5.26516
28740000 5.17501
28750000 5.21954
28760000 5.10808
28770000 5.24669
28780000 5.1992
28790000 5.20719
28800000 5.20898
28810000 5.17352
28820000 5.08796
28830000 5.18619
28840000 5.1866
28850000 5.13252
28860000 5.33098
28870000 5.23117
28880000 5.1609
28890000 5.21524
28900000 5.22893
28910000 5.03826
28920000 5.12498
28930000 5.15198
28940000 5.10973
28950000 5.4048
28960000 5.1667
28970000 5.11791
28980000 5.27849
28990000 5.30439
29000000 5.06254
29010000 5.13178
29020000 5.08461
29030000 5.12629
29040000 5.45493
29050000 5.14665
29060000 5.17854
29070000 5.21926
29080000 5.15596
29090000 5.11657
29100000 5.11945
29110000 5.07922
29120000 5.14883
29130000 5.35647
29140000 5.30798
29150000 5.10728
29160000 5.18971
29170000 5.21747
29180000 5.16423
29190000 5.16587
29200000 5.13027
29210000 5.123
29220000 5.362
29230000 5.36482
29240000 5.25398
29250000 5.21257
29260000 5.22995
29270000 5.1299
29280000 5.1368
29290000 5.09923
29300000 5.21504
29310000 5.30446
29320000 5.3586
29330000 5.24054
29340000 5.23413
29350000 5.1465
29360000 5.16488
29370000 5.13122
29380000 5.08109
29390000 5.22713
29400000 5.23416
29410000 5.33408
29420000 5.22145
29430000 5.19697
29440000 5.17733
29450000 5.09169
29460000 5.10994
29470000 5.23481
29480000 5.20311
29490000 5.22863
29500000 5.30207
29510000 5.18243
29520000 5.13666
29530000 5.19239
29540000 5.10063
29550000 5.1101
29560000 5.29
29570000 5.30654
29580000 5.20973
29590000 5.33577
29600000 5.19427
29610000 5.12027
29620000 5.17531
29630000 5.07215
29640000 5.14623
29650000 5.21092
29660000 5.25492
29670000 5.12577
29680000 5.33187
29690000 5.17049
29700000 5.07796
29710000 5.18857
29720000 5.07552
29730000 5.09797
29740000 5.32775
29750000 5.28846
29760000 5.34854
29770000 5.26518
29780000 5.21288
29790000 5.11084
29800000 5.14969
29810000 5.25121
29820000 5.1064
29830000 5.25315
29840000 5.19555
29850000 5.23577
29860000 5.21818
29870000 5.10018
29880000 5.16234
29890000 5.15508
29900000 5.34651
29910000 5.10364
29920000 5.29783
29930000 5.21329
29940000 5.21224
29950000 5.22404
29960000 5.10966
29970000 5.26527
29980000 5.17464
29990000 5.21835
30000000 5.10581
