1 11.6617
2 8.12645
3 6.55718
4 5.63385
5 5.01171
6 4.56588
7 4.22443
8 3.95414
9 3.73248
10 3.54777
11 3.39092
12 3.25381
13 3.13345
14 3.0297
15 2.93421
16 2.8489
17 2.77382
18 2.7024
19 2.63764
20 2.58053
21 2.52481
22 2.47284
23 2.42778
24 2.38428
25 2.34128
26 2.30461
27 2.26855
28 2.23216
29 2.2023
30 2.17233
31 2.14065
32 2.11552
33 2.09005
34 2.06255
35 2.0414
36 2.01861
37 1.99444
38 1.97619
39 1.95623
40 1.93483
41 1.91865
42 1.90183
43 1.88268
44 1.86818
45 1.85302
46 1.83583
47 1.82392
48 1.80982
49 1.79429
50 1.78425
51 1.77058
52 1.75662
53 1.74861
54 1.73564
55 1.72322
56 1.71712
57 1.70554
58 1.69362
59 1.68802
60 1.67769
61 1.66636
62 1.66215
63 1.65217
64 1.64183
65 1.63796
66 1.62948
67 1.61962
68 1.61596
69 1.6083
70 1.59837
71 1.59552
72 1.58872
73 1.57953
74 1.57839
75 1.57168
76 1.56213
77 1.56083
78 1.55485
79 1.5469
80 1.54522
81 1.53963
82 1.53248
83 1.53079
84 1.52572
85 1.51911
86 1.51695
87 1.51307
88 1.50886
89 1.50611
90 1.50203
91 1.49765
92 1.49547
93 1.49154
94 1.48727
95 1.48532
96 1.48224
97 1.47812
98 1.4769
99 1.47359
100 1.46951
101 1.46865
102 1.46579
103 1.46193
104 1.46074
105 1.45781
106 1.45485
107 1.45303
108 1.44995
109 1.44763
110 1.44551
111 1.44352
112 1.44097
113 1.43926
114 1.43767
115 1.43479
116 1.43359
117 1.43265
118 1.42946
119 1.42853
120 1.42956
121 1.4255
122 1.42444
123 1.42521
124 1.42198
125 1.42037
126 1.42272
127 1.41888
128 1.4169
129 1.41894
130 1.41537
131 1.41365
132 1.41534
133 1.4119
134 1.41102
135 1.41258
136 1.40924
137 1.407
138 1.40956
139 1.40606
140 1.40456
141 1.40664
142 1.40356
143 1.4013
144 1.4036
145 1.40155
146 1.3984
147 1.40098
148 1.40138
149 1.39757
150 1.40003
151 1.39979
152 1.39573
153 1.39882
154 1.3993
155 1.39463
156 1.39752
157 1.39815
158 1.39377
159 1.39701
160 1.39656
161 1.39253
162 1.39546
163 1.39499
164 1.39121
165 1.39382
166 1.39411
167 1.3906
168 1.39267
169 1.39279
170 1.38924
171 1.39241
172 1.39179
173 1.38857
174 1.39206
175 1.39022
176 1.3874
177 1.39179
178 1.3894
179 1.38714
180 1.39229
181 1.3907
182 1.38734
183 1.39192
184 1.3906
185 1.38733
186 1.39245
187 1.39066
188 1.38769
189 1.39221
190 1.39139
191 1.3882
192 1.39223
193 1.3916
194 1.38767
195 1.39181
196 1.39146
197 1.38795
198 1.3932
199 1.39229
200 1.3879
201 1.39237
202 1.39177
203 1.38868
204 1.39221
205 1.39159
206 1.389
207 1.39211
208 1.39163
209 1.38923
210 1.39132
211 1.3917
212 1.39163
213 1.39269
214 1.39267
215 1.39202
216 1.39342
217 1.39314
218 1.39239
219 1.39369
220 1.39407
221 1.39323
222 1.3951
223 1.39496
224 1.39389
225 1.39591
226 1.39602
227 1.395
228 1.3964
229 1.39622
230 1.39575
231 1.39648
232 1.3959
233 1.39594
234 1.39608
235 1.3965
236 1.39613
237 1.39647
238 1.39719
239 1.39617
240 1.39709
241 1.39822
242 1.39697
243 1.39788
244 1.40088
245 1.39858
246 1.39924
247 1.40197
248 1.40034
249 1.40034
250 1.40452
251 1.40213
252 1.40161
253 1.40528
254 1.40312
255 1.4028
256 1.40597
257 1.40389
258 1.40431
259 1.40726
260 1.40522
261 1.40416
262 1.40794
263 1.40567
264 1.40529
265 1.40852
266 1.40658
267 1.40536
268 1.40875
269 1.40776
270 1.40573
271 1.4093
272 1.41067
273 1.40776
274 1.41115
275 1.41182
276 1.40863
277 1.41259
278 1.41393
279 1.41011
280 1.41369
281 1.41516
282 1.41157
283 1.41554
284 1.41589
285 1.41262
286 1.41621
287 1.41653
288 1.41337
289 1.41661
290 1.41757
291 1.41471
292 1.41752
293 1.41838
294 1.41532
295 1.41896
296 1.41892
297 1.41622
298 1.42015
299 1.41895
300 1.41666
