1 107.448
2 59.7432
3 38.2191
4 29.4188
5 21.766
6 17.8201
7 15.3357
8 13.2362
9 11.9352
10 10.8729
11 10.0775
12 9.45349
13 8.86358
14 8.47773
15 8.10423
16 7.72758
17 7.47523
18 7.26693
19 7.05512
20 6.87731
21 6.76532
22 6.63635
23 6.49812
24 6.40557
25 6.29484
26 6.20114
27 6.14629
28 6.05632
29 5.97858
30 5.96546
31 5.89086
32 5.81649
33 5.79612
34 5.74139
35 5.68875
36 5.67402
37 5.63779
38 5.57319
39 5.60715
40 5.54609
41 5.48868
42 5.50259
43 5.45636
44 5.43323
45 5.4202
46 5.41028
47 5.36616
48 5.35435
49 5.32729
50 5.31312
51 5.30366
52 5.29356
53 5.28027
54 5.27707
55 5.24857
56 5.23881
57 5.23018
58 5.21286
59 5.20382
60 5.19906
61 5.17792
62 5.1878
63 5.16854
64 5.15369
65 5.15386
66 5.13199
67 5.13035
68 5.14215
69 5.11389
70 5.12276
71 5.10661
72 5.09013
73 5.0926
74 5.10559
75 5.06995
76 5.06549
77 5.07751
78 5.04957
79 5.05027
80 5.06639
81 5.03371
82 5.02679
83 5.04555
84 5.04647
85 5.02858
86 5.05501
87 5.02464
88 5.00459
89 5.02147
90 5.00114
91 4.98487
92 5.02335
93 4.99591
94 4.97751
95 4.99804
96 4.98745
97 4.98125
98 4.98621
99 4.98466
100 4.96187
101 5.01863
102 4.98509
103 4.94862
104 4.98532
105 4.95886
106 4.95383
107 4.96021
108 4.96156
109 4.94847
110 4.94007
111 4.93317
112 4.93596
113 4.94112
114 4.94208
115 4.93745
116 4.95513
117 4.93351
118 4.93447
119 4.93319
120 4.94354
121 4.92422
122 4.92688
123 4.91779
124 4.93502
125 4.93255
126 4.91824
127 4.92085
128 4.91204
129 4.91507
130 4.92876
131 4.90778
132 4.9257
133 4.91412
134 4.90313
135 4.91502
136 4.92469
137 4.89633
138 4.89628
139 4.91039
140 4.88564
141 4.89321
142 4.91753
143 4.88443
144 4.8799
145 4.90358
146 4.89897
147 4.89005
148 4.92336
149 4.8969
150 4.88134
151 4.89772
152 4.88237
153 4.86939
154 4.90748
155 4.88496
156 4.87135
157 4.88892
158 4.88425
159 4.87992
160 4.88612
161 4.88733
162 4.86898
163 4.92163
164 4.89425
165 4.86028
166 4.89647
167 4.87289
168 4.86921
169 4.87642
170 4.87566
171 4.87073
172 4.86206
173 4.85805
174 4.86236
175 4.8685
176 4.87063
177 4.86648
178 4.88459
179 4.86622
180 4.86897
181 4.86709
182 4.87764
183 4.86154
184 4.86401
185 4.85835
186 4.87433
187 4.87085
188 4.85869
189 4.86439
190 4.85877
191 4.8608
192 4.87534
193 4.8546
194 4.87599
195 4.86357
196 4.84702
197 4.86604
198 4.87525
199 4.84896
200 4.84984
201 4.86222
202 4.84089
203 4.84702
204 4.87571
205 4.84195
206 4.83825
207 4.86122
208 4.86423
209 4.84617
210 4.88425
211 4.85665
212 4.84786
213 4.85936
214 4.84477
215 4.83285
216 4.86992
217 4.84737
218 4.83537
219 4.85347
220 4.84225
221 4.84643
222 4.85184
223 4.85222
224 4.83642
225 4.88624
226 4.86232
227 4.82978
228 4.86665
229 4.84275
230 4.84239
231 4.84701
232 4.8436
233 4.84182
234 4.8337
235 4.83064
236 4.83548
237 4.8406
238 4.84112
239 4.84088
240 4.85815
241 4.8383
242 4.84347
243 4.8414
244 4.85167
245 4.8372
246 4.83896
247 4.83551
248 4.84957
249 4.84637
250 4.83801
251 4.84159
252 4.83736
253 4.83817
254 4.85484
255 4.83335
256 4.85532
257 4.83894
258 4.82653
259 4.84623
260 4.85521
261 4.82823
262 4.83599
263 4.84344
264 4.82138
265 4.8258
266 4.8582
267 4.82337
268 4.81996
269 4.84308
270 4.84435
271 4.8288
272 4.86367
273 4.83964
274 4.83143
275 4.84273
276 4.83124
277 4.817
278 4.85422
279 4.83159
280 4.81999
281 4.83644
282 4.8262
283 4.8316
284 4.83521
285 4.84644
286 4.82336
287 4.87034
288 4.84698
289 4.81585
290 4.8521
291 4.82918
292 4.82902
293 4.83433
294 4.8281
295 4.82895
296 4.8196
297 4.81987
298 4.82327
299 4.82888
300 4.82925
