10000 10.2215
20000 7.35587
30000 6.06233
40000 5.31413
50000 4.81661
60000 4.45122
70000 4.16531
80000 3.93339
90000 3.74046
100000 3.5762
110000 3.43119
120000 3.30366
130000 3.19002
140000 3.08813
150000 2.99523
160000 2.91056
170000 2.83305
180000 2.76369
190000 2.70076
200000 2.64095
210000 2.58493
220000 2.53388
230000 2.48472
240000 2.43783
250000 2.39526
260000 2.35478
270000 2.31912
280000 2.28586
290000 2.25261
300000 2.22096
310000 2.19243
320000 2.16319
330000 2.13408
340000 2.10906
350000 2.08511
360000 2.06644
370000 2.04357
380000 2.02263
390000 2.00279
400000 1.98436
410000 1.96566
420000 1.945
430000 1.9284
440000 1.91369
450000 1.90293
460000 1.88743
470000 1.87183
480000 1.85879
490000 1.84827
500000 1.83339
510000 1.81893
520000 1.80758
530000 1.79677
540000 1.79069
550000 1.78088
560000 1.76884
570000 1.75978
580000 1.75183
590000 1.74041
600000 1.73021
610000 1.72111
620000 1.71483
630000 1.7114
640000 1.70404
650000 1.69621
660000 1.68807
670000 1.68166
680000 1.67329
690000 1.66655
700000 1.65986
710000 1.65528
720000 1.65364
730000 1.64803
740000 1.64244
750000 1.63786
760000 1.6318
770000 1.62541
780000 1.61993
790000 1.61406
800000 1.61137
810000 1.61079
820000 1.60711
830000 1.6026
840000 1.60041
850000 1.59484
860000 1.58872
870000 1.58537
880000 1.58101
890000 1.58012
900000 1.57999
910000 1.57684
920000 1.57298
930000 1.57203
940000 1.56772
950000 1.56177
960000 1.55992
970000 1.55746
980000 1.56086
990000 1.55743
1000000 1.55492
1010000 1.55287
1020000 1.55118
1030000 1.54851
1040000 1.54247
1050000 1.54091
1060000 1.54034
1070000 1.54442
1080000 1.54155
1090000 1.53807
1100000 1.53704
1110000 1.53806
1120000 1.53389
1130000 1.52953
1140000 1.52857
1150000 1.52735
1160000 1.53175
1170000 1.53079
1180000 1.52727
1190000 1.52663
1200000 1.5266
1210000 1.52283
1220000 1.51987
1230000 1.51809
1240000 1.51883
1250000 1.52297
1260000 1.52184
1270000 1.52036
1280000 1.51828
1290000 1.51741
1300000 1.5148
1310000 1.51338
1320000 1.51221
1330000 1.51267
1340000 1.51666
1350000 1.51565
1360000 1.51475
1370000 1.51477
1380000 1.51272
1390000 1.51066
1400000 1.50912
1410000 1.50745
1420000 1.50854
1430000 1.51212
1440000 1.51184
1450000 1.51092
1460000 1.51228
1470000 1.50968
1480000 1.50684
1490000 1.50658
1500000 1.50541
1510000 1.50737
1520000 1.51044
1530000 1.50979
1540000 1.50865
1550000 1.51043
1560000 1.50845
1570000 1.50518
1580000 1.50544
1590000 1.50549
1600000 1.51122
1610000 1.51016
1620000 1.50949
1630000 1.50954
1640000 1.51
1650000 1.5091
1660000 1.50505
1670000 1.50524
1680000 1.50663
1690000 1.51253
1700000 1.51144
1710000 1.5094
1720000 1.51
1730000 1.51271
1740000 1.5099
1750000 1.50716
1760000 1.50754
1770000 1.50786
1780000 1.51365
1790000 1.51409
1800000 1.51173
1810000 1.51232
1820000 1.51362
1830000 1.51092
1840000 1.50929
1850000 1.5085
1860000 1.51049
1870000 1.51568
1880000 1.51564
1890000 1.51506
1900000 1.51397
1910000 1.51413
1920000 1.51236
1930000 1.51199
1940000 1.51161
1950000 1.51306
1960000 1.51784
1970000 1.51768
1980000 1.51749
1990000 1.51826
2000000 1.51708
2010000 1.51565
2020000 1.51498
2030000 1.51393
2040000 1.51582
2050000 1.51994
2060000 1.52036
2070000 1.51997
2080000 1.5219
2090000 1.52003
2100000 1.51767
2110000 1.51814
2120000 1.51744
2130000 1.52002
2140000 1.52348
2150000 1.52342
2160000 1.52266
2170000 1.52488
2180000 1.52353
2190000 1.52062
2200000 1.52147
2210000 1.52182
2220000 1.52806
2230000 1.52732
2240000 1.5271
2250000 1.52758
2260000 1.52823
2270000 1.52785
2280000 1.52408
2290000 1.52477
2300000 1.52633
2310000 1.53266
2320000 1.53176
2330000 1.53014
2340000 1.53107
2350000 1.53384
2360000 1.53153
2370000 1.52898
2380000 1.52977
2390000 1.53021
2400000 1.53635
2410000 1.53687
2420000 1.53492
2430000 1.53575
2440000 1.53707
2450000 1.53481
2460000 1.5333
2470000 1.53287
2480000 1.5349
2490000 1.54038
2500000 1.54036
2510000 1.54011
2520000 1.53925
2530000 1.5394
2540000 1.538
2550000 1.53768
2560000 1.53761
2570000 1.53905
2580000 1.54408
2590000 1.54391
2600000 1.54399
2610000 1.5449
2620000 1.54371
2630000 1.54259
2640000 1.54194
2650000 1.54119
2660000 1.54305
2670000 1.54736
2680000 1.54772
2690000 1.54757
2700000 1.54959
2710000 1.5477
2720000 1.54564
2730000 1.54608
2740000 1.54564
2750000 1.54813
2760000 1.55177
2770000 1.55163
2780000 1.55108
2790000 1.55334
2800000 1.55197
2810000 1.54933
2820000 1.55011
2830000 1.55065
2840000 1.55673
2850000 1.55623
2860000 1.55591
2870000 1.55644
2880000 1.55727
2890000 1.55682
2900000 1.55332
2910000 1.55391
2920000 1.55562
2930000 1.56178
2940000 1.56106
2950000 1.55938
2960000 1.56032
2970000 1.5632
2980000 1.56084
2990000 1.55853
3000000 1.5592
3010000 1.55979
3020000 1.56575
3030000 1.56639
3040000 1.5644
3050000 1.56521
3060000 1.56666
3070000 1.56435
3080000 1.56303
3090000 1.5625
3100000 1.56462
3110000 1.56992
3120000 1.57001
3130000 1.56964
3140000 1.56883
3150000 1.56911
3160000 1.56763
3170000 1.56746
3180000 1.56728
3190000 1.56881
3200000 1.57366
3210000 1.57358
3220000 1.57356
3230000 1.57443
3240000 1.5734
3250000 1.57218
3260000 1.57168
3270000 1.57082
3280000 1.57276
3290000 1.57688
3300000 1.57732
3310000 1.57706
3320000 1.579
3330000 1.57729
3340000 1.57513
3350000 1.57568
3360000 1.57512
3370000 1.57768
3380000 1.58113
3390000 1.58107
3400000 1.5804
3410000 1.58259
3420000 1.58137
3430000 1.57865
3440000 1.57952
3450000 1.57991
3460000 1.58599
3470000 1.58537
3480000 1.58513
3490000 1.58565
3500000 1.5863
3510000 1.58597
3520000 1.58239
3530000 1.58308
3540000 1.585
3550000 1.59076
3560000 1.58991
3570000 1.58834
3580000 1.58926
3590000 1.59191
3600000 1.58971
3610000 1.58729
3620000 1.58805
3630000 1.58848
3640000 1.59444
3650000 1.59491
3660000 1.59304
3670000 1.59378
3680000 1.59507
3690000 1.59291
3700000 1.59146
3710000 1.59104
3720000 1.59297
3730000 1.59829
3740000 1.59821
3750000 1.59793
3760000 1.59711
3770000 1.59721
3780000 1.59587
3790000 1.59555
3800000 1.59547
3810000 1.59681
3820000 1.60169
3830000 1.60144
3840000 1.6015
3850000 1.60233
3860000 1.60115
3870000 1.60006
3880000 1.59941
3890000 1.59866
3900000 1.60041
3910000 1.60456
3920000 1.60482
3930000 1.60465
3940000 1.60653
3950000 1.60468
3960000 1.60265
3970000 1.60304
3980000 1.60259
3990000 1.60494
4000000 1.60843
4010000 1.6082
4020000 1.60754
4030000 1.60974
4040000 1.60838
4050000 1.6058
4060000 1.6065
4070000 1.60697
4080000 1.6128
4090000 1.61228
4100000 1.61188
4110000 1.61234
4120000 1.61307
4130000 1.61258
4140000 1.60916
4150000 1.60967
4160000 1.61164
4170000 1.61717
4180000 1.6164
4190000 1.61471
4200000 1.61556
4210000 1.61825
4220000 1.61593
4230000 1.61365
4240000 1.61422
4250000 1.61474
4260000 1.62046
4270000 1.621
4280000 1.61901
4290000 1.61968
4300000 1.62104
4310000 1.61876
4320000 1.61742
4330000 1.61685
4340000 1.61883
4350000 1.62392
4360000 1.6239
4370000 1.62349
4380000 1.62264
4390000 1.62278
4400000 1.62134
4410000 1.62111
4420000 1.62088
4430000 1.62227
4440000 1.62693
4450000 1.62676
4460000 1.62667
4470000 1.62743
4480000 1.62636
4490000 1.62513
4500000 1.62457
4510000 1.62369
4520000 1.62549
4530000 1.62943
4540000 1.62975
4550000 1.62944
4560000 1.63124
4570000 1.62951
4580000 1.62732
4590000 1.62782
4600000 1.62723
4610000 1.62962
4620000 1.63292
4630000 1.63276
4640000 1.63196
4650000 1.63407
4660000 1.63283
4670000 1.63013
4680000 1.63091
4690000 1.63129
4700000 1.63704
4710000 1.63638
4720000 1.63605
4730000 1.63648
4740000 1.63704
4750000 1.63665
4760000 1.63312
4770000 1.63371
4780000 1.63549
4790000 1.64103
4800000 1.64012
4810000 1.63852
4820000 1.63934
4830000 1.64182
4840000 1.63963
4850000 1.63723
4860000 1.63787
4870000 1.63823
4880000 1.64395
4890000 1.64433
4900000 1.64245
4910000 1.64308
4920000 1.64425
4930000 1.6421
4940000 1.64063
4950000 1.64016
4960000 1.64195
4970000 1.64706
4980000 1.64689
4990000 1.64656
5000000 1.64569
5010000 1.64565
5020000 1.64434
5030000 1.64396
5040000 1.64377
5050000 1.64504
5060000 1.64969
5070000 1.6494
5080000 1.64939
5090000 1.65011
5100000 1.64889
5110000 1.64777
5120000 1.64708
5130000 1.6463
5140000 1.64791
5150000 1.65189
5160000 1.65206
5170000 1.65182
5180000 1.65357
5190000 1.6517
5200000 1.64964
5210000 1.64999
5220000 1.64949
5230000 1.6517
5240000 1.65504
5250000 1.65473
5260000 1.65402
5270000 1.65608
5280000 1.65469
5290000 1.65212
5300000 1.65274
5310000 1.6532
5320000 1.65873
5330000 1.65817
5340000 1.65769
5350000 1.65807
5360000 1.65872
5370000 1.65817
5380000 1.65479
5390000 1.65522
5400000 1.65706
5410000 1.66238
5420000 1.66157
5430000 1.65985
5440000 1.66062
5450000 1.66315
5460000 1.66084
5470000 1.65856
5480000 1.65905
5490000 1.65949
5500000 1.66499
5510000 1.66545
5520000 1.66346
5530000 1.66403
5540000 1.66528
5550000 1.66301
5560000 1.66164
5570000 1.66103
5580000 1.66289
5590000 1.66779
5600000 1.6677
5610000 1.66719
5620000 1.66634
5630000 1.6664
5640000 1.66496
5650000 1.66467
5660000 1.66434
5670000 1.66567
5680000 1.67013
5690000 1.66992
5700000 1.66978
5710000 1.67045
5720000 1.66934
5730000 1.66809
5740000 1.66749
5750000 1.66658
5760000 1.66822
5770000 1.67204
5780000 1.67228
5790000 1.67192
5800000 1.6736
5810000 1.67185
5820000 1.66967
5830000 1.67011
5840000 1.66947
5850000 1.67173
5860000 1.6749
5870000 1.67467
5880000 1.67384
5890000 1.67583
5900000 1.67457
5910000 1.67188
5920000 1.67258
5930000 1.67288
5940000 1.67844
5950000 1.67775
5960000 1.67735
5970000 1.67772
5980000 1.67819
5990000 1.67776
6000000 1.67427
6010000 1.67479
6020000 1.67646
6030000 1.68181
6040000 1.68086
6050000 1.67924
6060000 1.67999
6070000 1.68234
6080000 1.68015
6090000 1.67775
6100000 1.67833
6110000 1.67861
6120000 1.68415
6130000 1.68447
6140000 1.68258
6150000 1.68313
6160000 1.68421
6170000 1.68206
6180000 1.68057
6190000 1.68006
6200000 1.68175
6210000 1.68669
6220000 1.68646
6230000 1.68603
6240000 1.68518
6250000 1.68509
6260000 1.68376
6270000 1.68334
6280000 1.6831
6290000 1.68428
6300000 1.68878
6310000 1.68843
6320000 1.68837
6330000 1.689
6340000 1.68777
6350000 1.68663
6360000 1.68589
6370000 1.68509
6380000 1.68657
6390000 1.69045
6400000 1.69055
6410000 1.69027
6420000 1.69192
6430000 1.69004
6440000 1.68798
6450000 1.68827
6460000 1.68774
6470000 1.68983
6480000 1.69307
6490000 1.6927
6500000 1.69195
6510000 1.69391
6520000 1.69251
6530000 1.68995
6540000 1.6905
6550000 1.6909
6560000 1.69626
6570000 1.69567
6580000 1.69514
6590000 1.69549
6600000 1.69604
6610000 1.69546
6620000 1.69211
6630000 1.69249
6640000 1.69422
6650000 1.69939
6660000 1.69854
6670000 1.69681
6680000 1.69751
6690000 1.69993
6700000 1.69762
6710000 1.69535
6720000 1.69579
6730000 1.69615
6740000 1.7015
6750000 1.70191
6760000 1.69991
6770000 1.70042
6780000 1.70159
6790000 1.69933
6800000 1.69794
6810000 1.6973
6820000 1.69906
6830000 1.70383
6840000 1.70369
6850000 1.70314
6860000 1.70226
6870000 1.70227
6880000 1.70081
6890000 1.70049
6900000 1.70012
6910000 1.70137
6920000 1.7057
6930000 1.70544
6940000 1.70526
6950000 1.70585
6960000 1.70452
6970000 1.70347
6980000 1.70282
6990000 1.7019
7000000 1.70346
7010000 1.70717
7020000 1.70735
7030000 1.70695
7040000 1.70855
7050000 1.7068
7060000 1.70462
7070000 1.70501
7080000 1.70434
7090000 1.7065
7100000 1.70957
7110000 1.7093
7120000 1.70844
7130000 1.71034
7140000 1.70907
7150000 1.70639
7160000 1.70703
7170000 1.70729
7180000 1.71269
7190000 1.71198
7200000 1.71154
7210000 1.71188
7220000 1.71228
7230000 1.71181
7240000 1.70836
7250000 1.70883
7260000 1.71041
7270000 1.71562
7280000 1.71465
7290000 1.71302
7300000 1.7137
7310000 1.71596
7320000 1.71378
7330000 1.71139
7340000 1.71192
7350000 1.71215
7360000 1.71754
7370000 1.71782
7380000 1.71592
7390000 1.71642
7400000 1.71743
7410000 1.71529
7420000 1.71379
7430000 1.71325
7440000 1.71487
7450000 1.71966
7460000 1.71939
7470000 1.71895
7480000 1.71807
7490000 1.71794
7500000 1.7166
7510000 1.71614
7520000 1.71587
7530000 1.71699
7540000 1.72138
7550000 1.72099
7560000 1.72089
7570000 1.72147
7580000 1.72001
7590000 1.71907
7600000 1.7183
7610000 1.7178
7620000 1.7189
7630000 1.72267
7640000 1.72272
7650000 1.72241
7660000 1.72399
7670000 1.72211
7680000 1.72006
7690000 1.72031
7700000 1.71974
7710000 1.72175
7720000 1.72489
7730000 1.7245
7740000 1.72372
7750000 1.72557
7760000 1.72421
7770000 1.72164
7780000 1.72216
7790000 1.72251
7800000 1.72773
7810000 1.72713
7820000 1.72656
7830000 1.72687
7840000 1.72737
7850000 1.72677
7860000 1.72345
7870000 1.72378
7880000 1.72544
7890000 1.73049
7900000 1.72961
7910000 1.72788
7920000 1.72853
7930000 1.73086
7940000 1.72857
7950000 1.72631
7960000 1.7267
7970000 1.72702
7980000 1.73224
7990000 1.73261
8000000 1.73061
8010000 1.73107
8020000 1.73218
8030000 1.72993
8040000 1.72853
8050000 1.72788
8060000 1.72956
8070000 1.7342
8080000 1.73401
8090000 1.73347
8100000 1.73257
8110000 1.73254
8120000 1.73108
8130000 1.73073
8140000 1.73033
8150000 1.73152
8160000 1.73576
8170000 1.73546
8180000 1.73524
8190000 1.73577
8200000 1.73445
8210000 1.73338
8220000 1.73272
8230000 1.7321
8240000 1.73328
8250000 1.7369
8260000 1.73704
8270000 1.73661
8280000 1.73815
8290000 1.7364
8300000 1.73423
8310000 1.73458
8320000 1.73389
8330000 1.73597
8340000 1.73897
8350000 1.73866
8360000 1.73778
8370000 1.73959
8380000 1.73834
8390000 1.73567
8400000 1.73628
8410000 1.7365
8420000 1.74178
8430000 1.74105
8440000 1.74058
8450000 1.74088
8460000 1.74124
8470000 1.74075
8480000 1.73732
8490000 1.73776
8500000 1.73928
8510000 1.74438
8520000 1.74339
8530000 1.74175
8540000 1.7424
8550000 1.74456
8560000 1.74241
8570000 1.74003
8580000 1.74053
8590000 1.74071
8600000 1.746
8610000 1.74623
8620000 1.74433
8630000 1.74479
8640000 1.74575
8650000 1.74363
8660000 1.74212
8670000 1.74157
8680000 1.74311
8690000 1.74781
8700000 1.7475
8710000 1.74705
8720000 1.74615
8730000 1.74599
8740000 1.74465
8750000 1.74417
8760000 1.74388
8770000 1.74493
8780000 1.74923
8790000 1.74881
8800000 1.74869
8810000 1.74921
8820000 1.74777
8830000 1.74684
8840000 1.74603
8850000 1.74551
8860000 1.74656
8870000 1.75025
8880000 1.75027
8890000 1.74993
8900000 1.75145
8910000 1.74958
8920000 1.74753
8930000 1.74775
8940000 1.74717
8950000 1.74934
8960000 1.75218
8970000 1.75176
8980000 1.75103
8990000 1.75276
9000000 1.75139
9010000 1.74885
9020000 1.74933
9030000 1.74964
9040000 1.75476
9050000 1.75414
9060000 1.75355
9070000 1.75382
9080000 1.75429
9090000 1.75368
9100000 1.75037
9110000 1.75068
9120000 1.75228
9130000 1.75723
9140000 1.75634
9150000 1.7546
9160000 1.75522
9170000 1.75747
9180000 1.7552
9190000 1.75295
9200000 1.75332
9210000 1.7536
9220000 1.75872
9230000 1.759
9240000 1.75705
9250000 1.75749
9260000 1.75855
9270000 1.75632
9280000 1.75491
9290000 1.75424
9300000 1.75587
9310000 1.76042
9320000 1.76015
9330000 1.75964
9340000 1.75873
9350000 1.75868
9360000 1.75722
9370000 1.75685
9380000 1.75643
9390000 1.75757
9400000 1.76173
9410000 1.7614
9420000 1.76117
9430000 1.76166
9440000 1.76034
9450000 1.7593
9460000 1.75859
9470000 1.75795
9480000 1.75909
9490000 1.76263
9500000 1.76274
9510000 1.7623
9520000 1.76379
9530000 1.76204
9540000 1.75988
9550000 1.76019
9560000 1.75949
9570000 1.76175
9580000 1.76446
9590000 1.76413
9600000 1.76329
9610000 1.76476
9620000 1.76374
9630000 1.76108
9640000 1.76166
9650000 1.76185
9660000 1.76703
9670000 1.7663
9680000 1.7658
9690000 1.76608
9700000 1.76641
9710000 1.76591
9720000 1.7625
9730000 1.76326
9740000 1.76428
9750000 1.76939
9760000 1.76838
9770000 1.76675
9780000 1.76736
9790000 1.76947
9800000 1.76732
9810000 1.76537
9820000 1.76543
9830000 1.76559
9840000 1.77078
9850000 1.77093
9860000 1.76909
9870000 1.76952
9880000 1.77045
9890000 1.76833
9900000 1.76682
9910000 1.76625
9920000 1.76776
9930000 1.77237
9940000 1.77198
9950000 1.77157
9960000 1.77066
9970000 1.77049
9980000 1.76914
9990000 1.76864
10000000 1.76834
10010000 1.76935
10020000 1.77358
10030000 1.77314
10040000 1.77295
10050000 1.77348
10060000 1.77204
10070000 1.77111
10080000 1.77028
10090000 1.76975
10100000 1.77076
10110000 1.77438
10120000 1.77438
10130000 1.77402
10140000 1.7755
10150000 1.77364
10160000 1.7716
10170000 1.77179
10180000 1.77119
10190000 1.77331
10200000 1.77611
10210000 1.77566
10220000 1.77492
10230000 1.77639
10240000 1.77524
10250000 1.77271
10260000 1.77316
10270000 1.77344
10280000 1.77848
10290000 1.77791
10300000 1.77724
10310000 1.77749
10320000 1.77793
10330000 1.77732
10340000 1.77403
10350000 1.77466
10360000 1.77577
10370000 1.78072
10380000 1.77983
10390000 1.7781
10400000 1.77869
10410000 1.78089
10420000 1.77863
10430000 1.77679
10440000 1.77673
10450000 1.77699
10460000 1.78203
10470000 1.78228
10480000 1.78034
10490000 1.78075
10500000 1.78177
10510000 1.77956
10520000 1.77815
10530000 1.77745
10540000 1.77906
10550000 1.78353
10560000 1.78323
10570000 1.78272
10580000 1.7818
10590000 1.78174
10600000 1.78028
10610000 1.77988
10620000 1.77946
10630000 1.78056
10640000 1.78464
10650000 1.78431
10660000 1.78401
10670000 1.78452
10680000 1.78319
10690000 1.78215
10700000 1.78143
10710000 1.78078
10720000 1.78188
10730000 1.78537
10740000 1.78546
10750000 1.785
10760000 1.78645
10770000 1.78471
10780000 1.78256
10790000 1.78285
10800000 1.78214
10810000 1.78434
10820000 1.78701
10830000 1.78666
10840000 1.78581
10850000 1.78725
10860000 1.78622
10870000 1.78358
10880000 1.78414
10890000 1.7843
10900000 1.7894
10910000 1.78872
10920000 1.78814
10930000 1.7884
10940000 1.78871
10950000 1.78821
10960000 1.78482
10970000 1.78555
10980000 1.78653
10990000 1.79156
11000000 1.79075
11010000 1.78892
11020000 1.78951
11030000 1.79157
11040000 1.78943
11050000 1.78749
11060000 1.78753
11070000 1.78767
11080000 1.79278
11090000 1.79291
11100000 1.79107
11110000 1.79148
11120000 1.79238
11130000 1.79028
11140000 1.78876
11150000 1.78817
11160000 1.78965
11170000 1.79419
11180000 1.79378
11190000 1.79337
11200000 1.79246
11210000 1.79226
11220000 1.79092
11230000 1.79041
11240000 1.79009
11250000 1.79107
11260000 1.79523
11270000 1.79478
11280000 1.79458
11290000 1.79506
11300000 1.79364
11310000 1.79268
11320000 1.79188
11330000 1.79133
11340000 1.79232
11350000 1.79588
11360000 1.79586
11370000 1.79549
11380000 1.79693
11390000 1.79508
11400000 1.79305
11410000 1.79321
11420000 1.79261
11430000 1.79468
11440000 1.79743
11450000 1.79698
11460000 1.79623
11470000 1.79765
11480000 1.7965
11490000 1.79399
11500000 1.79443
11510000 1.79469
11520000 1.79964
11530000 1.79907
11540000 1.79839
11550000 1.79862
11560000 1.79904
11570000 1.79842
11580000 1.79516
11590000 1.79576
11600000 1.79684
11610000 1.80165
11620000 1.80101
11630000 1.79909
11640000 1.79966
11650000 1.80182
11660000 1.79957
11670000 1.79774
11680000 1.79767
11690000 1.79757
11700000 1.80286
11710000 1.8031
11720000 1.80116
11730000 1.80155
11740000 1.80255
11750000 1.80035
11760000 1.79894
11770000 1.79823
11780000 1.7998
11790000 1.80421
11800000 1.8039
11810000 1.80338
11820000 1.80246
11830000 1.80237
11840000 1.80092
11850000 1.80051
11860000 1.80008
11870000 1.80115
11880000 1.80518
11890000 1.80481
11900000 1.80452
11910000 1.80498
11920000 1.80366
11930000 1.8026
11940000 1.80191
11950000 1.80125
11960000 1.80232
11970000 1.80575
11980000 1.80583
11990000 1.80536
12000000 1.80678
12010000 1.80504
12020000 1.8029
12030000 1.80317
12040000 1.80246
12050000 1.80461
12060000 1.80724
12070000 1.80688
12080000 1.80603
12090000 1.80743
12100000 1.8064
12110000 1.80378
12120000 1.80432
12130000 1.80446
12140000 1.80949
12150000 1.8088
12160000 1.80822
12170000 1.80845
12180000 1.80874
12190000 1.80824
12200000 1.80488
12210000 1.80558
12220000 1.80654
12230000 1.81143
12240000 1.81068
12250000 1.80886
12260000 1.80943
12270000 1.81145
12280000 1.80932
12290000 1.80739
12300000 1.80741
12310000 1.80721
12320000 1.81257
12330000 1.81268
12340000 1.81085
12350000 1.81124
12360000 1.81212
12370000 1.81003
12380000 1.80852
12390000 1.80791
12400000 1.80936
12410000 1.81385
12420000 1.81343
12430000 1.813
12440000 1.81209
12450000 1.81188
12460000 1.81054
12470000 1.81002
12480000 1.80969
12490000 1.81065
12500000 1.81475
12510000 1.81428
12520000 1.81402
12530000 1.81454
12540000 1.81311
12550000 1.81215
12560000 1.81135
12570000 1.8108
12580000 1.81175
12590000 1.81527
12600000 1.81523
12610000 1.81485
12620000 1.81627
12630000 1.81441
12640000 1.81238
12650000 1.81255
12660000 1.81194
12670000 1.81396
12680000 1.81668
12690000 1.81622
12700000 1.81546
12710000 1.81686
12720000 1.81571
12730000 1.81342
12740000 1.81363
12750000 1.81387
12760000 1.81876
12770000 1.81818
12780000 1.81749
12790000 1.81771
12800000 1.81809
12810000 1.81749
12820000 1.81425
12830000 1.81483
12840000 1.81583
12850000 1.82064
12860000 1.81999
12870000 1.81807
12880000 1.81862
12890000 1.82075
12900000 1.81851
12910000 1.81669
12920000 1.81659
12930000 1.81649
12940000 1.82172
12950000 1.82193
12960000 1.82
12970000 1.82037
12980000 1.82136
12990000 1.81916
13000000 1.81776
13010000 1.81704
13020000 1.81876
13030000 1.82293
13040000 1.82261
13050000 1.82208
13060000 1.82116
13070000 1.82105
13080000 1.81961
13090000 1.8192
13100000 1.81876
13110000 1.8198
13120000 1.82378
13130000 1.8234
13140000 1.82305
13150000 1.82355
13160000 1.82223
13170000 1.82099
13180000 1.82047
13190000 1.81981
13200000 1.82085
13210000 1.82424
13220000 1.8243
13230000 1.82382
13240000 1.82521
13250000 1.82347
13260000 1.82134
13270000 1.82161
13280000 1.82089
13290000 1.82301
13300000 1.8256
13310000 1.82521
13320000 1.82437
13330000 1.82575
13340000 1.82471
13350000 1.82231
13360000 1.82263
13370000 1.82276
13380000 1.82773
13390000 1.82704
13400000 1.82644
13410000 1.82667
13420000 1.82693
13430000 1.82644
13440000 1.82309
13450000 1.82378
13460000 1.82466
13470000 1.82954
13480000 1.82879
13490000 1.82697
13500000 1.82752
13510000 1.82952
13520000 1.8274
13530000 1.82547
13540000 1.82548
13550000 1.82527
13560000 1.83057
13570000 1.83067
13580000 1.82884
13590000 1.82922
13600000 1.83007
13610000 1.82798
13620000 1.82648
13630000 1.82588
13640000 1.82747
13650000 1.83173
13660000 1.83129
13670000 1.83086
13680000 1.82995
13690000 1.82972
13700000 1.82839
13710000 1.82787
13720000 1.82753
13730000 1.82846
13740000 1.83252
13750000 1.83204
13760000 1.83177
13770000 1.83227
13780000 1.83084
13790000 1.82971
13800000 1.82908
13810000 1.82853
13820000 1.82945
13830000 1.83293
13840000 1.83288
13850000 1.83249
13860000 1.83388
13870000 1.83203
13880000 1.83002
13890000 1.83017
13900000 1.82955
13910000 1.83154
13920000 1.83423
13930000 1.83374
13940000 1.83299
13950000 1.83437
13960000 1.83322
13970000 1.83093
13980000 1.83114
13990000 1.83137
14000000 1.8362
14010000 1.83561
14020000 1.83492
14030000 1.83512
14040000 1.83549
14050000 1.83489
14060000 1.83166
14070000 1.83223
14080000 1.8332
14090000 1.83796
14100000 1.8373
14110000 1.83539
14120000 1.83593
14130000 1.83802
14140000 1.83579
14150000 1.83398
14160000 1.83388
14170000 1.83377
14180000 1.83893
14190000 1.83906
14200000 1.83721
14210000 1.83757
14220000 1.83853
14230000 1.83634
14240000 1.83494
14250000 1.83422
14260000 1.83591
14270000 1.83985
14280000 1.8397
14290000 1.83918
14300000 1.83825
14310000 1.83813
14320000 1.8367
14330000 1.83628
14340000 1.83583
14350000 1.83681
14360000 1.84078
14370000 1.84039
14380000 1.84003
14390000 1.84052
14400000 1.8392
14410000 1.83796
14420000 1.83744
14430000 1.83677
14440000 1.83779
14450000 1.84114
14460000 1.84119
14470000 1.84022
14480000 1.84208
14490000 1.84034
14500000 1.83822
14510000 1.83847
14520000 1.83775
14530000 1.83984
14540000 1.8424
14550000 1.842
14560000 1.84116
14570000 1.84251
14580000 1.84148
14590000 1.83908
14600000 1.83938
14610000 1.83951
14620000 1.84442
14630000 1.84373
14640000 1.84313
14650000 1.84334
14660000 1.84359
14670000 1.84309
14680000 1.83977
14690000 1.84044
14700000 1.8413
14710000 1.84613
14720000 1.84537
14730000 1.84356
14740000 1.8441
14750000 1.84606
14760000 1.84395
14770000 1.84204
14780000 1.84204
14790000 1.84181
14800000 1.84706
14810000 1.84707
14820000 1.84532
14830000 1.84569
14840000 1.84652
14850000 1.84445
14860000 1.84295
14870000 1.84233
14880000 1.8439
14890000 1.84793
14900000 1.84767
14910000 1.84724
14920000 1.84633
14930000 1.84609
14940000 1.84476
14950000 1.84424
14960000 1.84389
14970000 1.84476
14980000 1.84881
14990000 1.84832
15000000 1.84805
15010000 1.84854
15020000 1.84711
15030000 1.84598
15040000 1.84535
15050000 1.84478
15060000 1.84569
15070000 1.84913
15080000 1.84907
15090000 1.84819
15100000 1.85005
15110000 1.8482
15120000 1.8462
15130000 1.84634
15140000 1.84572
15150000 1.84768
15160000 1.85035
15170000 1.84984
15180000 1.84908
15190000 1.85044
15200000 1.84929
15210000 1.84701
15220000 1.84719
15230000 1.84743
15240000 1.85221
15250000 1.85162
15260000 1.85092
15270000 1.85111
15280000 1.85147
15290000 1.85086
15300000 1.84771
15310000 1.84821
15320000 1.84917
15330000 1.85387
15340000 1.85321
15350000 1.85131
15360000 1.85183
15370000 1.85389
15380000 1.85167
15390000 1.84987
15400000 1.84977
15410000 1.84964
15420000 1.85475
15430000 1.85487
15440000 1.85302
15450000 1.85337
15460000 1.85431
15470000 1.85213
15480000 1.85074
15490000 1.85002
15500000 1.85168
15510000 1.85558
15520000 1.85542
15530000 1.85489
15540000 1.85397
15550000 1.85384
15560000 1.85241
15570000 1.85198
15580000 1.85153
15590000 1.85249
15600000 1.85642
15610000 1.85603
15620000 1.85566
15630000 1.85613
15640000 1.85482
15650000 1.85358
15660000 1.85305
15670000 1.85237
15680000 1.85338
15690000 1.8567
15700000 1.85674
15710000 1.85576
15720000 1.85759
15730000 1.85586
15740000 1.85376
15750000 1.854
15760000 1.85327
15770000 1.85533
15780000 1.85787
15790000 1.85746
15800000 1.85661
15810000 1.85794
15820000 1.85692
15830000 1.85453
15840000 1.85481
15850000 1.85494
15860000 1.8598
15870000 1.85911
15880000 1.8585
15890000 1.8587
15900000 1.85892
15910000 1.85844
15920000 1.85519
15930000 1.85579
15940000 1.85663
15950000 1.86141
15960000 1.86054
15970000 1.85885
15980000 1.85937
15990000 1.86131
16000000 1.85921
16010000 1.8573
16020000 1.85727
16030000 1.85706
16040000 1.86226
16050000 1.86226
16060000 1.86052
16070000 1.86087
16080000 1.86169
16090000 1.85962
16100000 1.85813
16110000 1.85751
16120000 1.85906
16130000 1.86304
16140000 1.86278
16150000 1.86234
16160000 1.86143
16170000 1.86118
16180000 1.85986
16190000 1.85933
16200000 1.85898
16210000 1.85983
16220000 1.86385
16230000 1.86335
16240000 1.86307
16250000 1.86354
16260000 1.86212
16270000 1.861
16280000 1.86036
16290000 1.85979
16300000 1.86068
16310000 1.86408
16320000 1.86402
16330000 1.86314
16340000 1.86497
16350000 1.86312
16360000 1.86113
16370000 1.86126
16380000 1.86064
16390000 1.86258
16400000 1.86522
16410000 1.86466
16420000 1.86394
16430000 1.86528
16440000 1.86414
16450000 1.86186
16460000 1.86203
16470000 1.86226
16480000 1.867
16490000 1.86641
16500000 1.8657
16510000 1.86589
16520000 1.86622
16530000 1.86562
16540000 1.86249
16550000 1.86298
16560000 1.86392
16570000 1.86857
16580000 1.86797
16590000 1.86602
16600000 1.86652
16610000 1.86856
16620000 1.86635
16630000 1.86455
16640000 1.86442
16650000 1.86431
16660000 1.86937
16670000 1.86948
16680000 1.86764
16690000 1.86798
16700000 1.86891
16710000 1.86674
16720000 1.86535
16730000 1.86463
16740000 1.86626
16750000 1.87012
16760000 1.86996
16770000 1.86943
16780000 1.8685
16790000 1.86836
16800000 1.86694
16810000 1.86651
16820000 1.86605
16830000 1.867
16840000 1.87089
16850000 1.87049
16860000 1.87012
16870000 1.87058
16880000 1.86927
16890000 1.86804
16900000 1.8675
16910000 1.86682
16920000 1.86781
16930000 1.87109
16940000 1.87113
16950000 1.87015
16960000 1.87196
16970000 1.87023
16980000 1.86813
16990000 1.86837
17000000 1.86764
17010000 1.86967
17020000 1.87219
17030000 1.87173
17040000 1.87092
17050000 1.87224
17060000 1.87121
17070000 1.86883
17080000 1.8691
17090000 1.86923
17100000 1.87404
17110000 1.87335
17120000 1.87274
17130000 1.87293
17140000 1.87314
17150000 1.87265
17160000 1.86941
17170000 1.87001
17180000 1.87084
17190000 1.87558
17200000 1.87487
17210000 1.87302
17220000 1.87352
17230000 1.87544
17240000 1.87335
17250000 1.87145
17260000 1.87141
17270000 1.8712
17280000 1.87634
17290000 1.87635
17300000 1.8746
17310000 1.87494
17320000 1.87567
17330000 1.8737
17340000 1.87221
17350000 1.87159
17360000 1.87311
17370000 1.87706
17380000 1.87679
17390000 1.87635
17400000 1.87543
17410000 1.87518
17420000 1.87387
17430000 1.87333
17440000 1.87297
17450000 1.87381
17460000 1.87779
17470000 1.87729
17480000 1.877
17490000 1.87747
17500000 1.87605
17510000 1.87493
17520000 1.87428
17530000 1.87371
17540000 1.87459
17550000 1.87798
17560000 1.87789
17570000 1.877
17580000 1.87881
17590000 1.87698
17600000 1.87499
17610000 1.87512
17620000 1.87449
17630000 1.8764
17640000 1.87902
17650000 1.87845
17660000 1.87774
17670000 1.87906
17680000 1.87792
17690000 1.87565
17700000 1.87581
17710000 1.87604
17720000 1.88072
17730000 1.88014
17740000 1.87943
17750000 1.8796
17760000 1.87993
17770000 1.87932
17780000 1.8762
17790000 1.87669
17800000 1.87761
17810000 1.88222
17820000 1.88162
17830000 1.87967
17840000 1.88017
17850000 1.88218
17860000 1.87999
17870000 1.8782
17880000 1.87806
17890000 1.87794
17900000 1.88296
17910000 1.88306
17920000 1.88123
17930000 1.88155
17940000 1.88238
17950000 1.8803
17960000 1.87892
17970000 1.87819
17980000 1.87981
17990000 1.88364
18000000 1.88347
18010000 1.88292
18020000 1.88201
18030000 1.88186
18040000 1.88045
18050000 1.88001
18060000 1.87954
18070000 1.88048
18080000 1.88434
18090000 1.88393
18100000 1.88355
18110000 1.884
18120000 1.8827
18130000 1.88147
18140000 1.88093
18150000 1.88025
18160000 1.88122
18170000 1.8845
18180000 1.8845
18190000 1.88352
18200000 1.88531
18210000 1.88359
18220000 1.8815
18230000 1.88173
18240000 1.881
18250000 1.88301
18260000 1.8855
18270000 1.88504
18280000 1.88423
18290000 1.88553
18300000 1.8845
18310000 1.88213
18320000 1.8824
18330000 1.88251
18340000 1.88728
18350000 1.88659
18360000 1.88598
18370000 1.88616
18380000 1.88636
18390000 1.88587
18400000 1.88265
18410000 1.88324
18420000 1.88405
18430000 1.88875
18440000 1.888
18450000 1.88619
18460000 1.88669
18470000 1.88858
18480000 1.88651
18490000 1.88461
18500000 1.88457
18510000 1.88434
18520000 1.88945
18530000 1.88944
18540000 1.8877
18550000 1.88803
18560000 1.88875
18570000 1.88679
18580000 1.8853
18590000 1.88468
18600000 1.88618
18610000 1.8901
18620000 1.88982
18630000 1.88937
18640000 1.88846
18650000 1.88821
18660000 1.8869
18670000 1.88636
18680000 1.88599
18690000 1.88682
18700000 1.89077
18710000 1.89026
18720000 1.88997
18730000 1.89043
18740000 1.88901
18750000 1.88789
18760000 1.88724
18770000 1.88667
18780000 1.88753
18790000 1.8909
18800000 1.8908
18810000 1.88991
18820000 1.89165
18830000 1.88987
18840000 1.8879
18850000 1.88801
18860000 1.88739
18870000 1.88928
18880000 1.89187
18890000 1.8913
18900000 1.89058
18910000 1.89188
18920000 1.89075
18930000 1.8885
18940000 1.88865
18950000 1.88886
18960000 1.89351
18970000 1.89292
18980000 1.89221
18990000 1.89238
19000000 1.89269
19010000 1.89209
19020000 1.88898
19030000 1.88946
19040000 1.89035
19050000 1.89494
19060000 1.8943
19070000 1.8924
19080000 1.89288
19090000 1.89487
19100000 1.89269
19110000 1.8909
19120000 1.89076
19130000 1.89063
19140000 1.89561
19150000 1.89571
19160000 1.89388
19170000 1.89419
19180000 1.89502
19190000 1.89299
19200000 1.89157
19210000 1.89084
19220000 1.89244
19230000 1.89623
19240000 1.89606
19250000 1.89551
19260000 1.8946
19270000 1.89445
19280000 1.89303
19290000 1.8926
19300000 1.89212
19310000 1.89305
19320000 1.89688
19330000 1.89646
19340000 1.89608
19350000 1.89652
19360000 1.89522
19370000 1.89399
19380000 1.89345
19390000 1.89277
19400000 1.89373
19410000 1.89698
19420000 1.89697
19430000 1.896
19440000 1.89772
19450000 1.89605
19460000 1.89398
19470000 1.89419
19480000 1.89346
19490000 1.89545
19500000 1.89792
19510000 1.89745
19520000 1.89664
19530000 1.89792
19540000 1.8969
19550000 1.89454
19560000 1.8948
19570000 1.89491
19580000 1.89964
19590000 1.89895
19600000 1.89833
19610000 1.89851
19620000 1.8987
19630000 1.89821
19640000 1.895
19650000 1.89558
19660000 1.89636
19670000 1.90104
19680000 1.90029
19690000 1.89849
19700000 1.89898
19710000 1.90085
19720000 1.89878
19730000 1.89689
19740000 1.89683
19750000 1.89662
19760000 1.90168
19770000 1.90167
19780000 1.89994
19790000 1.90026
19800000 1.90097
19810000 1.89905
19820000 1.89752
19830000 1.8969
19840000 1.89839
19850000 1.90227
19860000 1.902
19870000 1.90154
19880000 1.90064
19890000 1.90037
19900000 1.89907
19910000 1.89853
19920000 1.89815
19930000 1.89897
19940000 1.90289
19950000 1.90238
19960000 1.90209
19970000 1.90253
19980000 1.90112
19990000 1.9
20000000 1.89935
20010000 1.89877
20020000 1.89963
20030000 1.90297
20040000 1.90286
20050000 1.90198
20060000 1.9037
20070000 1.90191
20080000 1.89996
20090000 1.90007
20100000 1.89944
20110000 1.90131
20120000 1.90388
20130000 1.90331
20140000 1.90259
20150000 1.90388
20160000 1.90275
20170000 1.9005
20180000 1.90065
20190000 1.90085
20200000 1.90545
20210000 1.90488
20220000 1.90416
20230000 1.90432
20240000 1.90463
20250000 1.90403
20260000 1.90093
20270000 1.9014
20280000 1.90227
20290000 1.90684
20300000 1.90619
20310000 1.9043
20320000 1.90477
20330000 1.90674
20340000 1.90457
20350000 1.90279
20360000 1.90262
20370000 1.9025
20380000 1.90745
20390000 1.90754
20400000 1.90572
20410000 1.90602
20420000 1.90684
20430000 1.90481
20440000 1.90339
20450000 1.90266
20460000 1.90425
20470000 1.90825
20480000 1.90784
20490000 1.90729
20500000 1.90637
20510000 1.90622
20520000 1.90481
20530000 1.90437
20540000 1.90389
20550000 1.90481
20560000 1.90861
20570000 1.90818
20580000 1.90781
20590000 1.90824
20600000 1.90694
20610000 1.90572
20620000 1.90517
20630000 1.90448
20640000 1.90544
20650000 1.90866
20660000 1.90865
20670000 1.90768
20680000 1.90938
20690000 1.9077
20700000 1.90565
20710000 1.90586
20720000 1.90512
20730000 1.90709
20740000 1.90955
20750000 1.90908
20760000 1.90826
20770000 1.90953
20780000 1.90852
20790000 1.90616
20800000 1.90641
20810000 1.90651
20820000 1.9112
20830000 1.91052
20840000 1.9099
20850000 1.91007
20860000 1.91026
20870000 1.90976
20880000 1.90657
20890000 1.90714
20900000 1.90791
20910000 1.91256
20920000 1.91181
20930000 1.91001
20940000 1.91049
20950000 1.91235
20960000 1.91029
20970000 1.9084
20980000 1.90833
20990000 1.90809
21000000 1.91314
21010000 1.91313
21020000 1.9114
21030000 1.91172
21040000 1.91241
21050000 1.9105
21060000 1.90898
21070000 1.90835
21080000 1.90983
21090000 1.91391
21100000 1.91341
21110000 1.91295
21120000 1.91204
21130000 1.91178
21140000 1.91048
21150000 1.90993
21160000 1.90956
21170000 1.91037
21180000 1.91425
21190000 1.91373
21200000 1.91344
21210000 1.91388
21220000 1.91247
21230000 1.91134
21240000 1.91071
21250000 1.91012
21260000 1.91097
21270000 1.91428
21280000 1.91417
21290000 1.91329
21300000 1.91499
21310000 1.91321
21320000 1.91127
21330000 1.91137
21340000 1.91074
21350000 1.91259
21360000 1.91514
21370000 1.91457
21380000 1.91385
21390000 1.91512
21400000 1.914
21410000 1.91176
21420000 1.9119
21430000 1.9121
21440000 1.91666
21450000 1.91609
21460000 1.91537
21470000 1.91553
21480000 1.91583
21490000 1.91521
21500000 1.91214
21510000 1.9126
21520000 1.91346
21530000 1.91799
21540000 1.91735
21550000 1.91546
21560000 1.91592
21570000 1.91788
21580000 1.91572
21590000 1.91394
21600000 1.91377
21610000 1.91362
21620000 1.91856
21630000 1.91865
21640000 1.91683
21650000 1.91713
21660000 1.91793
21670000 1.91591
21680000 1.9145
21690000 1.91377
21700000 1.91534
21710000 1.9193
21720000 1.9189
21730000 1.91835
21740000 1.91743
21750000 1.91727
21760000 1.91587
21770000 1.91543
21780000 1.91495
21790000 1.91585
21800000 1.91962
21810000 1.9192
21820000 1.91881
21830000 1.91924
21840000 1.91795
21850000 1.9167
21860000 1.91618
21870000 1.91549
21880000 1.91643
21890000 1.91963
21900000 1.91962
21910000 1.91864
21920000 1.92033
21930000 1.91866
21940000 1.91661
21950000 1.91682
21960000 1.91608
21970000 1.91803
21980000 1.92047
21990000 1.91999
22000000 1.91918
22010000 1.92044
22020000 1.91942
22030000 1.91708
22040000 1.91731
22050000 1.91742
22060000 1.92207
22070000 1.92138
22080000 1.92077
22090000 1.92093
22100000 1.92112
22110000 1.92061
22120000 1.91744
22130000 1.918
22140000 1.91876
22150000 1.92338
22160000 1.92263
22170000 1.92084
22180000 1.9213
22190000 1.92315
22200000 1.9211
22210000 1.91922
22220000 1.91911
22230000 1.9189
22240000 1.92391
22250000 1.9239
22260000 1.92218
22270000 1.92248
22280000 1.92317
22290000 1.92126
22300000 1.91975
22310000 1.91912
22320000 1.92059
22330000 1.92464
22340000 1.92414
22350000 1.92367
22360000 1.92277
22370000 1.92249
22380000 1.9212
22390000 1.92065
22400000 1.92028
22410000 1.92107
22420000 1.92493
22430000 1.92441
22440000 1.92412
22450000 1.92455
22460000 1.92315
22470000 1.92201
22480000 1.92138
22490000 1.92079
22500000 1.92163
22510000 1.92492
22520000 1.92481
22530000 1.92423
22540000 1.92562
22550000 1.92384
22560000 1.9219
22570000 1.922
22580000 1.92136
22590000 1.92321
22600000 1.92574
22610000 1.92516
22620000 1.92444
22630000 1.9257
22640000 1.92458
22650000 1.92234
22660000 1.92247
22670000 1.92278
22680000 1.92721
22690000 1.92663
22700000 1.92592
22710000 1.92606
22720000 1.92636
22730000 1.92575
22740000 1.92268
22750000 1.92314
22760000 1.92399
22770000 1.92849
22780000 1.92785
22790000 1.92596
22800000 1.92642
22810000 1.92837
22820000 1.92621
22830000 1.92443
22840000 1.92422
22850000 1.92411
22860000 1.929
22870000 1.9291
22880000 1.92728
22890000 1.92757
22900000 1.92837
22910000 1.92636
22920000 1.92494
22930000 1.92422
22940000 1.92577
22950000 1.92977
22960000 1.92931
22970000 1.92875
22980000 1.92784
22990000 1.92767
23000000 1.92626
23010000 1.92583
23020000 1.92535
23030000 1.92624
23040000 1.92999
23050000 1.92956
23060000 1.92918
23070000 1.92959
23080000 1.9283
23090000 1.92707
23100000 1.92654
23110000 1.92585
23120000 1.92678
23130000 1.92996
23140000 1.92994
23150000 1.92926
23160000 1.93064
23170000 1.92897
23180000 1.92693
23190000 1.92713
23200000 1.92639
23210000 1.92833
23220000 1.93075
23230000 1.93027
23240000 1.92946
23250000 1.93071
23260000 1.92969
23270000 1.92736
23280000 1.92758
23290000 1.92779
23300000 1.93231
23310000 1.93162
23320000 1.931
23330000 1.93116
23340000 1.93134
23350000 1.93084
23360000 1.92767
23370000 1.92823
23380000 1.92898
23390000 1.93357
23400000 1.93282
23410000 1.93103
23420000 1.93149
23430000 1.93333
23440000 1.93124
23450000 1.9294
23460000 1.92929
23470000 1.92908
23480000 1.93406
23490000 1.93405
23500000 1.93233
23510000 1.93263
23520000 1.93331
23530000 1.9314
23540000 1.92989
23550000 1.92927
23560000 1.93072
23570000 1.9348
23580000 1.93424
23590000 1.93378
23600000 1.93287
23610000 1.9326
23620000 1.93129
23630000 1.93076
23640000 1.93037
23650000 1.93116
23660000 1.935
23670000 1.93447
23680000 1.93418
23690000 1.9346
23700000 1.9332
23710000 1.93207
23720000 1.93144
23730000 1.93085
23740000 1.93168
23750000 1.93495
23760000 1.93483
23770000 1.93425
23780000 1.93563
23790000 1.93385
23800000 1.93192
23810000 1.93202
23820000 1.93138
23830000 1.93321
23840000 1.93572
23850000 1.93515
23860000 1.93442
23870000 1.93568
23880000 1.93455
23890000 1.93233
23900000 1.93244
23910000 1.93275
23920000 1.93715
23930000 1.93657
23940000 1.93585
23950000 1.936
23960000 1.93629
23970000 1.93568
23980000 1.93262
23990000 1.93308
24000000 1.93392
24010000 1.93839
24020000 1.93774
24030000 1.93587
24040000 1.93631
24050000 1.93825
24060000 1.93606
24070000 1.93432
24080000 1.93411
24090000 1.934
24100000 1.93886
24110000 1.93895
24120000 1.93714
24130000 1.93743
24140000 1.93821
24150000 1.93621
24160000 1.9348
24170000 1.93407
24180000 1.93561
24190000 1.93959
24200000 1.93913
24210000 1.93857
24220000 1.93765
24230000 1.93749
24240000 1.93608
24250000 1.93564
24260000 1.93516
24270000 1.93604
24280000 1.93977
24290000 1.93934
24300000 1.93895
24310000 1.93936
24320000 1.93807
24330000 1.93684
24340000 1.93631
24350000 1.93562
24360000 1.93654
24370000 1.9397
24380000 1.93968
24390000 1.939
24400000 1.94037
24410000 1.9387
24420000 1.93667
24430000 1.93687
24440000 1.93612
24450000 1.93805
24460000 1.94045
24470000 1.93997
24480000 1.93939
24490000 1.9404
24500000 1.93938
24510000 1.93706
24520000 1.93728
24530000 1.93748
24540000 1.94197
24550000 1.94128
24560000 1.94066
24570000 1.94082
24580000 1.94101
24590000 1.94049
24600000 1.9373
24610000 1.93789
24620000 1.93862
24630000 1.94319
24640000 1.94244
24650000 1.94065
24660000 1.94111
24670000 1.94293
24680000 1.94086
24690000 1.93901
24700000 1.9389
24710000 1.93869
24720000 1.94364
24730000 1.94362
24740000 1.94191
24750000 1.9422
24760000 1.94287
24770000 1.94098
24780000 1.93947
24790000 1.93884
24800000 1.94028
24810000 1.94434
24820000 1.94378
24830000 1.94332
24840000 1.94241
24850000 1.94213
24860000 1.94083
24870000 1.94029
24880000 1.93991
24890000 1.94069
24900000 1.9445
24910000 1.94398
24920000 1.94368
24930000 1.94409
24940000 1.9427
24950000 1.94157
24960000 1.94094
24970000 1.94035
24980000 1.94117
24990000 1.94442
25000000 1.94429
25010000 1.94371
25020000 1.94508
25030000 1.94331
25040000 1.94139
25050000 1.94148
25060000 1.94084
25070000 1.94266
25080000 1.94515
25090000 1.94458
25100000 1.94409
25110000 1.94509
25120000 1.94398
25130000 1.94176
25140000 1.94187
25150000 1.94217
25160000 1.94655
25170000 1.94596
25180000 1.94524
25190000 1.94539
25200000 1.94569
25210000 1.94506
25220000 1.94198
25230000 1.94246
25240000 1.94329
25250000 1.94775
25260000 1.9471
25270000 1.94522
25280000 1.94566
25290000 1.94759
25300000 1.94541
25310000 1.94367
25320000 1.94346
25330000 1.94334
25340000 1.94818
25350000 1.94826
25360000 1.94645
25370000 1.94674
25380000 1.94751
25390000 1.94552
25400000 1.94411
25410000 1.94339
25420000 1.94491
25430000 1.94887
25440000 1.9484
25450000 1.94784
25460000 1.94693
25470000 1.94676
25480000 1.94536
25490000 1.94492
25500000 1.94443
25510000 1.94531
25520000 1.94901
25530000 1.94858
25540000 1.94819
25550000 1.94859
25560000 1.94731
25570000 1.94608
25580000 1.94555
25590000 1.94486
25600000 1.94577
25610000 1.94891
25620000 1.94887
25630000 1.94821
25640000 1.94956
25650000 1.94784
25660000 1.94588
25670000 1.94607
25680000 1.94532
25690000 1.94724
25700000 1.94962
25710000 1.94914
25720000 1.94857
25730000 1.94956
25740000 1.94855
25750000 1.94623
25760000 1.94644
25770000 1.94664
25780000 1.9511
25790000 1.95042
25800000 1.94979
25810000 1.94995
25820000 1.95013
25830000 1.94961
25840000 1.94644
25850000 1.94702
25860000 1.94774
25870000 1.95229
25880000 1.95154
25890000 1.94976
25900000 1.95022
25910000 1.95201
25920000 1.94995
25930000 1.94811
25940000 1.94799
25950000 1.94778
25960000 1.9527
25970000 1.95268
25980000 1.95097
25990000 1.95124
26000000 1.95192
26010000 1.95004
26020000 1.94853
26030000 1.9479
26040000 1.94932
26050000 1.95337
26060000 1.9528
26070000 1.95234
26080000 1.95143
26090000 1.95117
26100000 1.94986
26110000 1.94932
26120000 1.94893
26130000 1.94971
26140000 1.95349
26150000 1.95297
26160000 1.95267
26170000 1.95308
26180000 1.95169
26190000 1.95056
26200000 1.95008
26210000 1.94934
26220000 1.95015
26230000 1.95337
26240000 1.95325
26250000 1.95267
26260000 1.95403
26270000 1.9522
26280000 1.95035
26290000 1.95043
26300000 1.94979
26310000 1.95159
26320000 1.95407
26330000 1.9535
26340000 1.95301
26350000 1.95401
26360000 1.95289
26370000 1.95068
26380000 1.95079
26390000 1.95109
26400000 1.95544
26410000 1.95485
26420000 1.95414
26430000 1.95427
26440000 1.95457
26450000 1.95394
26460000 1.95087
26470000 1.95135
26480000 1.95217
26490000 1.9566
26500000 1.95595
26510000 1.95408
26520000 1.95453
26530000 1.95643
26540000 1.95426
26550000 1.95252
26560000 1.95229
26570000 1.95219
26580000 1.957
26590000 1.95708
26600000 1.95527
26610000 1.95554
26620000 1.95632
26630000 1.95434
26640000 1.95292
26650000 1.9522
26660000 1.95372
26670000 1.95765
26680000 1.95718
26690000 1.95662
26700000 1.95571
26710000 1.95556
26720000 1.95414
26730000 1.9537
26740000 1.95321
26750000 1.95408
26760000 1.95776
26770000 1.95733
26780000 1.95694
26790000 1.95734
26800000 1.95606
26810000 1.95483
26820000 1.95444
26830000 1.95361
26840000 1.95451
26850000 1.95763
26860000 1.95759
26870000 1.95693
26880000 1.95827
26890000 1.95656
26900000 1.9546
26910000 1.95478
26920000 1.95404
26930000 1.95594
26940000 1.95831
26950000 1.95783
26960000 1.95725
26970000 1.95824
26980000 1.95722
26990000 1.95492
27000000 1.95512
27010000 1.95532
27020000 1.95976
27030000 1.95907
27040000 1.95844
27050000 1.9586
27060000 1.95878
27070000 1.95826
27080000 1.9551
27090000 1.95567
27100000 1.95638
27110000 1.96091
27120000 1.96016
27130000 1.95836
27140000 1.95883
27150000 1.96062
27160000 1.95856
27170000 1.95673
27180000 1.95659
27190000 1.95639
27200000 1.96129
27210000 1.96127
27220000 1.95956
27230000 1.95983
27240000 1.9605
27250000 1.95862
27260000 1.95711
27270000 1.95649
27280000 1.9579
27290000 1.96192
27300000 1.96136
27310000 1.96089
27320000 1.95999
27330000 1.95973
27340000 1.95841
27350000 1.95787
27360000 1.95748
27370000 1.95825
27380000 1.96202
27390000 1.96149
27400000 1.96119
27410000 1.96159
27420000 1.96021
27430000 1.95908
27440000 1.9586
27450000 1.95786
27460000 1.95867
27470000 1.96187
27480000 1.96174
27490000 1.96116
27500000 1.96251
27510000 1.96069
27520000 1.95882
27530000 1.95892
27540000 1.95828
27550000 1.96007
27560000 1.96253
27570000 1.96197
27580000 1.96141
27590000 1.96246
27600000 1.96134
27610000 1.95914
27620000 1.95924
27630000 1.95954
27640000 1.96387
27650000 1.96328
27660000 1.96255
27670000 1.9627
27680000 1.96298
27690000 1.96236
27700000 1.95931
27710000 1.95978
27720000 1.96059
27730000 1.965
27740000 1.96435
27750000 1.96246
27760000 1.96292
27770000 1.96481
27780000 1.96265
27790000 1.96092
27800000 1.96068
27810000 1.96058
27820000 1.96537
27830000 1.96544
27840000 1.96364
27850000 1.9639
27860000 1.96467
27870000 1.9627
27880000 1.96129
27890000 1.96057
27900000 1.96207
27910000 1.96599
27920000 1.96552
27930000 1.96496
27940000 1.96405
27950000 1.96389
27960000 1.96248
27970000 1.96204
27980000 1.96154
27990000 1.96241
28000000 1.96607
28010000 1.96564
28020000 1.96525
28030000 1.96563
28040000 1.96436
28050000 1.96313
28060000 1.96275
28070000 1.96191
28080000 1.96281
28090000 1.96594
28100000 1.96587
28110000 1.9652
28120000 1.96654
28130000 1.96482
28140000 1.96285
28150000 1.96306
28160000 1.96231
28170000 1.9642
28180000 1.96655
28190000 1.96608
28200000 1.96544
28210000 1.96648
28220000 1.96546
28230000 1.96317
28240000 1.96336
28250000 1.96356
28260000 1.96798
28270000 1.96729
28280000 1.96665
28290000 1.96681
28300000 1.96698
28310000 1.96646
28320000 1.96331
28330000 1.96388
28340000 1.96459
28350000 1.96909
28360000 1.96834
28370000 1.96655
28380000 1.96702
28390000 1.96879
28400000 1.96674
28410000 1.96491
28420000 1.96477
28430000 1.96456
28440000 1.96944
28450000 1.96942
28460000 1.96771
28470000 1.96798
28480000 1.96864
28490000 1.96677
28500000 1.96526
28510000 1.96464
28520000 1.96604
28530000 1.97005
28540000 1.96948
28550000 1.96901
28560000 1.9681
28570000 1.96785
28580000 1.96654
28590000 1.966
28600000 1.96561
28610000 1.96637
28620000 1.97012
28630000 1.96959
28640000 1.96929
28650000 1.96968
28660000 1.9683
28670000 1.96718
28680000 1.96669
28690000 1.96595
28700000 1.96675
28710000 1.96998
28720000 1.9698
28730000 1.96923
28740000 1.97057
28750000 1.96874
28760000 1.96689
28770000 1.96699
28780000 1.96634
28790000 1.96812
28800000 1.97057
28810000 1.97
28820000 1.96945
28830000 1.9705
28840000 1.96938
28850000 1.96718
28860000 1.96728
28870000 1.96757
28880000 1.97188
28890000 1.97129
28900000 1.97056
28910000 1.97071
28920000 1.97098
28930000 1.97036
28940000 1.96732
28950000 1.96778
28960000 1.96859
28970000 1.97298
28980000 1.97233
28990000 1.97044
29000000 1.9709
29010000 1.97278
29020000 1.97062
29030000 1.9689
29040000 1.96865
29050000 1.96854
29060000 1.97332
29070000 1.97339
29080000 1.97159
29090000 1.97185
29100000 1.97262
29110000 1.97065
29120000 1.96924
29130000 1.96852
29140000 1.97001
29150000 1.97391
29160000 1.97344
29170000 1.97288
29180000 1.97196
29190000 1.97181
29200000 1.9704
29210000 1.96996
29220000 1.96946
29230000 1.97032
29240000 1.97397
29250000 1.97353
29260000 1.97314
29270000 1.97352
29280000 1.97225
29290000 1.97103
29300000 1.97064
29310000 1.9698
29320000 1.97069
29330000 1.97381
29340000 1.97373
29350000 1.97306
29360000 1.97439
29370000 1.97268
29380000 1.9707
29390000 1.97092
29400000 1.97017
29410000 1.97205
29420000 1.97439
29430000 1.97391
29440000 1.97328
29450000 1.97431
29460000 1.97326
29470000 1.97101
29480000 1.9712
29490000 1.97138
29500000 1.97579
29510000 1.9751
29520000 1.97446
29530000 1.97462
29540000 1.97478
29550000 1.97427
29560000 1.97113
29570000 1.97169
29580000 1.97239
29590000 1.97687
29600000 1.97612
29610000 1.97433
29620000 1.9748
29630000 1.97657
29640000 1.97452
29650000 1.97269
29660000 1.97255
29670000 1.97234
29680000 1.97719
29690000 1.97717
29700000 1.97546
29710000 1.97573
29720000 1.97639
29730000 1.97452
29740000 1.97302
29750000 1.9724
29760000 1.97379
29770000 1.97778
29780000 1.97721
29790000 1.97674
29800000 1.97583
29810000 1.97557
29820000 1.97427
29830000 1.97372
29840000 1.97332
29850000 1.97409
29860000 1.97782
29870000 1.97729
29880000 1.97698
29890000 1.97737
29900000 1.976
29910000 1.97488
29920000 1.97438
29930000 1.97365
29940000 1.97445
29950000 1.97765
29960000 1.97747
29970000 1.97689
29980000 1.97823
29990000 1.97641
30000000 1.97454
