1 13.5946
2 9.22251
3 7.22306
4 6.11341
5 5.36156
6 4.83542
7 4.44422
8 4.1376
9 3.89211
10 3.68904
11 3.51474
12 3.36596
13 3.23477
14 3.1218
15 3.02291
16 2.93132
17 2.84764
18 2.77152
19 2.70272
20 2.64128
21 2.58757
22 2.53122
23 2.4802
24 2.4318
25 2.38724
26 2.34798
27 2.31534
28 2.27625
29 2.24112
30 2.2066
31 2.17639
32 2.14789
33 2.12612
34 2.09702
35 2.07077
36 2.04562
37 2.02293
38 2.00139
39 1.98645
40 1.96366
41 1.94355
42 1.92482
43 1.9058
44 1.88858
45 1.8777
46 1.8605
47 1.84465
48 1.83272
49 1.81576
50 1.80185
51 1.79355
52 1.77976
53 1.76666
54 1.75714
55 1.74249
56 1.73154
57 1.72665
58 1.71489
59 1.7036
60 1.69756
61 1.68364
62 1.67484
63 1.67134
64 1.66155
65 1.65221
66 1.64783
67 1.63527
68 1.62904
69 1.62652
70 1.61858
71 1.60938
72 1.60618
73 1.59494
74 1.59016
75 1.58782
76 1.58174
77 1.57353
78 1.57152
79 1.56082
80 1.55759
81 1.55592
82 1.55055
83 1.54444
84 1.54268
85 1.53488
86 1.52945
87 1.52879
88 1.52369
89 1.51884
90 1.5166
91 1.51009
92 1.50487
93 1.50606
94 1.50281
95 1.49766
96 1.49531
97 1.49016
98 1.4851
99 1.4867
100 1.48518
101 1.47909
102 1.47664
103 1.47255
104 1.46841
105 1.47027
106 1.47054
107 1.46357
108 1.46171
109 1.45779
110 1.45548
111 1.45683
112 1.46022
113 1.45396
114 1.45049
115 1.44595
116 1.44461
117 1.44577
118 1.44933
119 1.44376
120 1.44099
121 1.43649
122 1.43514
123 1.43651
124 1.44106
125 1.43591
126 1.43242
127 1.42991
128 1.42714
129 1.42825
130 1.4339
131 1.43013
132 1.42609
133 1.42351
134 1.42083
135 1.42147
136 1.42726
137 1.4236
138 1.42032
139 1.41695
140 1.41447
141 1.4165
142 1.42153
143 1.41812
144 1.41556
145 1.41202
146 1.41066
147 1.41145
148 1.41998
149 1.41378
150 1.4126
151 1.40714
152 1.40635
153 1.40682
154 1.41509
155 1.40998
156 1.40842
157 1.40471
158 1.4042
159 1.40404
160 1.41177
161 1.40685
162 1.40542
163 1.40342
164 1.40135
165 1.40077
166 1.40857
167 1.40433
168 1.40326
169 1.40148
170 1.39989
171 1.39894
172 1.40523
173 1.40321
174 1.40178
175 1.40491
176 1.40023
177 1.39895
178 1.40456
179 1.40309
180 1.40083
181 1.40356
182 1.39905
183 1.39845
184 1.40483
185 1.4025
186 1.40089
187 1.40464
188 1.3986
189 1.39878
190 1.40432
191 1.40332
192 1.40139
193 1.40518
194 1.39897
195 1.40079
196 1.40496
197 1.40453
198 1.40167
199 1.40516
200 1.39932
201 1.40125
202 1.40549
203 1.40503
204 1.40328
205 1.40614
206 1.4009
207 1.40183
208 1.40588
209 1.40484
210 1.40357
211 1.40567
212 1.40244
213 1.40139
214 1.40616
215 1.40416
216 1.40361
217 1.40568
218 1.40316
219 1.40073
220 1.40585
221 1.40636
222 1.40466
223 1.40592
224 1.40372
225 1.40204
226 1.40682
227 1.40919
228 1.40503
229 1.40571
230 1.4043
231 1.40365
232 1.408
233 1.41085
234 1.4074
235 1.40721
236 1.40523
237 1.40547
238 1.40908
239 1.41499
240 1.41077
241 1.41011
242 1.40742
243 1.40745
244 1.41061
245 1.41635
246 1.41234
247 1.41192
248 1.41033
249 1.40986
250 1.41225
251 1.41915
252 1.41728
253 1.41422
254 1.41308
255 1.41158
256 1.41394
257 1.42117
258 1.41871
259 1.41647
260 1.41493
261 1.41331
262 1.416
263 1.42252
264 1.42021
265 1.41875
266 1.41596
267 1.41639
268 1.41827
269 1.42663
270 1.42117
271 1.42072
272 1.41732
273 1.41658
274 1.41855
275 1.42767
276 1.42297
277 1.42256
278 1.41877
279 1.41978
280 1.42009
281 1.42865
282 1.42449
283 1.42375
284 1.4216
285 1.42102
286 1.42145
287 1.4298
288 1.42595
289 1.42559
290 1.42488
291 1.42274
292 1.42258
293 1.42963
294 1.42788
295 1.42732
296 1.43073
297 1.4268
298 1.42618
299 1.43188
300 1.43103
