1 11.6617
2 8.12645
3 6.55718
4 5.63385
5 5.01171
6 4.56588
7 4.22443
8 3.95414
9 3.73248
10 3.54777
11 3.39092
12 3.25381
13 3.13345
14 3.0297
15 2.93421
16 2.8489
17 2.77382
18 2.7024
19 2.63764
20 2.58053
21 2.52481
22 2.47284
23 2.42778
24 2.38428
25 2.34128
26 2.30461
27 2.26855
28 2.23216
29 2.2023
30 2.17233
31 2.14065
32 2.11552
33 2.09005
34 2.06255
35 2.0414
36 2.01861
37 1.99444
38 1.97619
39 1.95623
40 1.93483
41 1.91865
42 1.90183
43 1.88268
44 1.86818
45 1.85302
46 1.83583
47 1.82392
48 1.80982
49 1.79429
50 1.78425
51 1.77058
52 1.75662
53 1.74861
54 1.73564
55 1.72322
56 1.71712
57 1.70554
58 1.69362
59 1.68802
60 1.67769
61 1.66636
62 1.66215
63 1.65217
64 1.64183
65 1.63796
66 1.62948
67 1.61962
68 1.61596
69 1.6083
70 1.59837
71 1.59552
72 1.58872
73 1.57953
74 1.57839
75 1.57168
76 1.56213
77 1.56083
78 1.55485
79 1.5469
80 1.54522
81 1.53963
82 1.53248
83 1.53079
84 1.52572
85 1.51911
86 1.51695
87 1.51307
88 1.50886
89 1.50611
90 1.50203
91 1.49765
92 1.49547
93 1.49154
94 1.48727
95 1.48532
96 1.48224
97 1.47812
98 1.4769
99 1.47359
100 1.46951
101 1.46865
102 1.46579
103 1.46193
104 1.46074
105 1.45781
106 1.45485
107 1.45303
108 1.44995
109 1.44763
110 1.44551
111 1.44352
112 1.44097
113 1.43926
114 1.43767
115 1.43479
116 1.43359
117 1.43265
118 1.42946
119 1.42853
120 1.42956
121 1.4255
122 1.42444
123 1.42521
124 1.42198
125 1.42037
126 1.42272
127 1.41888
128 1.4169
129 1.41894
130 1.41537
131 1.41365
132 1.41534
133 1.4119
134 1.41102
135 1.41258
136 1.40924
137 1.407
138 1.40956
139 1.40606
140 1.40456
141 1.40664
142 1.40356
143 1.4013
144 1.4036
145 1.40155
146 1.3984
147 1.40098
148 1.40138
149 1.39757
150 1.40003
151 1.39979
152 1.39573
153 1.39882
154 1.3993
155 1.39463
156 1.39752
157 1.39815
158 1.39377
159 1.39701
160 1.39656
161 1.39253
162 1.39546
163 1.39499
164 1.39121
165 1.39382
166 1.39411
167 1.3906
168 1.39267
169 1.39279
170 1.38924
171 1.39241
172 1.39179
173 1.38857
174 1.39206
175 1.39022
176 1.3874
177 1.39179
178 1.3894
179 1.38714
180 1.39229
181 1.3907
182 1.38734
183 1.39192
184 1.3906
185 1.38733
186 1.39245
187 1.39066
188 1.38769
189 1.39221
190 1.39139
191 1.3882
192 1.39223
193 1.3916
194 1.38767
195 1.39181
196 1.39146
197 1.38795
198 1.3932
199 1.39229
200 1.3879
201 1.39237
202 1.39177
203 1.38868
204 1.39221
205 1.39159
206 1.389
207 1.39211
208 1.39163
209 1.38923
210 1.39132
211 1.3917
212 1.39163
213 1.39269
214 1.39267
215 1.39202
216 1.39342
217 1.39314
218 1.39239
219 1.39369
220 1.39407
221 1.39323
222 1.3951
223 1.39496
224 1.39389
225 1.39591
226 1.39602
227 1.395
228 1.3964
229 1.39622
230 1.39575
231 1.39648
232 1.3959
233 1.39594
234 1.39608
235 1.3965
236 1.39613
237 1.39647
238 1.39719
239 1.39617
240 1.39709
241 1.39822
242 1.39697
243 1.39788
244 1.40088
245 1.39858
246 1.39924
247 1.40197
248 1.40034
249 1.40034
250 1.40452
251 1.40213
252 1.40161
253 1.40528
254 1.40312
255 1.4028
256 1.40597
257 1.40389
258 1.40431
259 1.40726
260 1.40522
261 1.40416
262 1.40794
263 1.40567
264 1.40529
265 1.40852
266 1.40658
267 1.40536
268 1.40875
269 1.40776
270 1.40573
271 1.4093
272 1.41067
273 1.40776
274 1.41115
275 1.41182
276 1.40863
277 1.41259
278 1.41393
279 1.41011
280 1.41369
281 1.41516
282 1.41157
283 1.41554
284 1.41589
285 1.41262
286 1.41621
287 1.41653
288 1.41337
289 1.41661
290 1.41757
291 1.41471
292 1.41752
293 1.41838
294 1.41532
295 1.41896
296 1.41892
297 1.41622
298 1.42015
299 1.41895
300 1.41666
301 1.42142
302 1.41974
303 1.41786
304 1.42333
305 1.42225
306 1.41936
307 1.42426
308 1.42344
309 1.42061
310 1.426
311 1.42471
312 1.42226
313 1.42702
314 1.42661
315 1.42375
316 1.42802
317 1.42782
318 1.42426
319 1.42997
320 1.42857
321 1.42545
322 1.43079
323 1.4301
324 1.42623
325 1.43079
326 1.43055
327 1.42785
328 1.43146
329 1.43116
330 1.4289
331 1.43209
332 1.43203
333 1.42994
334 1.43208
335 1.43267
336 1.43281
337 1.43401
338 1.4342
339 1.43389
340 1.43526
341 1.43521
342 1.43468
343 1.43609
344 1.43666
345 1.43604
346 1.43797
347 1.43792
348 1.43711
349 1.4392
350 1.43949
351 1.43865
352 1.44013
353 1.44011
354 1.43977
355 1.44059
356 1.44018
357 1.44021
358 1.44054
359 1.44108
360 1.44102
361 1.44124
362 1.44209
363 1.44122
364 1.44219
365 1.44341
366 1.44224
367 1.4432
368 1.44622
369 1.44404
370 1.44476
371 1.44758
372 1.44601
373 1.44603
374 1.45013
375 1.44792
376 1.44747
377 1.45111
378 1.44901
379 1.44877
380 1.45192
381 1.44994
382 1.45039
383 1.45329
384 1.45138
385 1.45038
386 1.45409
387 1.45195
388 1.45159
389 1.45475
390 1.45293
391 1.45177
392 1.45484
393 1.45407
394 1.45219
395 1.45612
396 1.45709
397 1.45423
398 1.45753
399 1.45822
400 1.45513
401 1.45898
402 1.4603
403 1.45658
404 1.46003
405 1.46147
406 1.458
407 1.46185
408 1.46221
409 1.45908
410 1.46251
411 1.46284
412 1.45975
413 1.46288
414 1.46382
415 1.46129
416 1.46374
417 1.46462
418 1.46162
419 1.46513
420 1.46509
421 1.46243
422 1.46623
423 1.46507
424 1.46281
425 1.46748
426 1.46584
427 1.46396
428 1.46921
429 1.46818
430 1.46532
431 1.47002
432 1.46924
433 1.46628
434 1.47143
435 1.47025
436 1.46788
437 1.47244
438 1.47209
439 1.46926
440 1.47324
441 1.47311
442 1.46962
443 1.47511
444 1.47376
445 1.47071
446 1.47578
447 1.47515
448 1.47138
449 1.47575
450 1.47551
451 1.47287
452 1.47632
453 1.476
454 1.47378
455 1.47681
456 1.47673
457 1.47467
458 1.47668
459 1.47719
460 1.4773
461 1.47848
462 1.47862
463 1.47823
464 1.47952
465 1.47941
466 1.47888
467 1.4802
468 1.4807
469 1.48008
470 1.4819
471 1.48181
472 1.48098
473 1.48294
474 1.48322
475 1.48236
476 1.48367
477 1.48365
478 1.48332
479 1.48403
480 1.4836
481 1.48357
482 1.48385
483 1.48435
484 1.48423
485 1.48441
486 1.48523
487 1.48431
488 1.48518
489 1.48634
490 1.48512
491 1.48602
492 1.48894
493 1.48676
494 1.4874
495 1.49016
496 1.48856
497 1.4885
498 1.49241
499 1.49019
500 1.4897
