1 10.5486
2 7.63454
3 6.25156
4 5.4242
5 4.86731
6 4.4574
7 4.14015
8 3.88622
9 3.67791
10 3.50184
11 3.34966
12 3.21974
13 3.10347
14 3.00054
15 2.91002
16 2.82633
17 2.75078
18 2.6834
19 2.61954
20 2.56102
21 2.50875
22 2.45792
23 2.41128
24 2.36922
25 2.32818
26 2.28921
27 2.25457
28 2.22113
29 2.18827
30 2.15979
31 2.13128
32 2.10288
33 2.07882
34 2.05416
35 2.02939
36 2.00872
37 1.98729
38 1.96528
39 1.9474
40 1.92828
41 1.90911
42 1.89311
43 1.87604
44 1.86019
45 1.84557
46 1.83116
47 1.81648
48 1.80346
49 1.79051
50 1.7771
51 1.76569
52 1.75403
53 1.7421
54 1.7311
55 1.72064
56 1.71007
57 1.70016
58 1.6904
59 1.68111
60 1.67318
61 1.66359
62 1.6561
63 1.6487
64 1.63937
65 1.63287
66 1.62548
67 1.61714
68 1.61101
69 1.60434
70 1.59647
71 1.5912
72 1.58474
73 1.57741
74 1.57394
75 1.56748
76 1.56134
77 1.55834
78 1.55189
79 1.54639
80 1.54352
81 1.53754
82 1.53188
83 1.52923
84 1.52368
85 1.51862
86 1.51623
87 1.51161
88 1.50607
89 1.50386
90 1.50066
91 1.4955
92 1.49434
93 1.49094
94 1.48583
95 1.48505
96 1.48163
97 1.47679
98 1.47603
99 1.47301
100 1.46815
101 1.46756
102 1.46429
103 1.46018
104 1.4592
105 1.45599
106 1.45373
107 1.45222
108 1.45027
109 1.44753
110 1.44607
111 1.44425
112 1.44151
113 1.44049
114 1.43876
115 1.43634
116 1.43453
117 1.4329
118 1.43091
119 1.42926
120 1.42733
121 1.42589
122 1.42568
123 1.42309
124 1.42284
125 1.42242
126 1.41938
127 1.41946
128 1.41827
129 1.41573
130 1.41558
131 1.41449
132 1.4119
133 1.41207
134 1.41069
135 1.40825
136 1.40993
137 1.40808
138 1.40642
139 1.40811
140 1.40579
141 1.40446
142 1.4059
143 1.40378
144 1.40193
145 1.40317
146 1.40126
147 1.39967
148 1.40084
149 1.39947
150 1.39707
151 1.39827
152 1.39814
153 1.39586
154 1.39785
155 1.39725
156 1.39491
157 1.39706
158 1.39622
159 1.39385
160 1.39593
161 1.3952
162 1.39255
163 1.39438
164 1.39335
165 1.3914
166 1.39269
167 1.39154
168 1.39134
169 1.39184
170 1.39191
171 1.39105
172 1.39145
173 1.39148
174 1.39051
175 1.39124
176 1.39122
177 1.39046
178 1.39025
179 1.39011
180 1.38982
181 1.38955
182 1.38907
183 1.38909
184 1.39033
185 1.38907
186 1.39022
187 1.39108
188 1.3893
189 1.39067
190 1.39072
191 1.38934
192 1.3904
193 1.39044
194 1.38893
195 1.39021
196 1.38974
197 1.38842
198 1.39131
199 1.39034
200 1.38963
201 1.39229
202 1.39085
203 1.39041
204 1.39279
205 1.39153
206 1.39051
207 1.39262
208 1.39157
209 1.39072
210 1.39267
211 1.39203
212 1.39037
213 1.39234
214 1.39289
215 1.39129
216 1.39397
217 1.39389
218 1.39224
219 1.39508
220 1.39476
221 1.39305
222 1.39574
223 1.39555
224 1.39352
225 1.39589
226 1.39541
227 1.39402
228 1.3958
229 1.39513
230 1.39542
231 1.39646
232 1.39698
233 1.39661
234 1.39744
235 1.39793
236 1.39741
237 1.39854
238 1.39891
239 1.39863
240 1.39878
241 1.39901
242 1.39911
243 1.39924
244 1.3991
245 1.39948
246 1.40106
247 1.40015
248 1.40167
249 1.40282
250 1.40135
251 1.40304
252 1.40339
253 1.40231
254 1.40366
255 1.40399
256 1.40277
257 1.40432
258 1.40411
259 1.40307
260 1.40618
261 1.40547
262 1.40506
263 1.40794
264 1.40671
265 1.40649
266 1.40908
267 1.40805
268 1.40725
269 1.40956
270 1.40871
271 1.40807
272 1.4102
273 1.40973
274 1.40828
275 1.41042
276 1.41115
277 1.40973
278 1.41251
279 1.41257
280 1.41111
281 1.41407
282 1.41389
283 1.41237
284 1.41516
285 1.41521
286 1.4133
287 1.41576
288 1.41543
289 1.4142
290 1.41607
291 1.41556
292 1.41596
293 1.4171
294 1.41767
295 1.41766
296 1.41849
297 1.41902
298 1.41862
299 1.41985
300 1.4203
301 1.42013
302 1.42047
303 1.42071
304 1.42088
305 1.42102
306 1.421
307 1.42145
308 1.4231
309 1.42227
310 1.42382
311 1.42507
312 1.42368
313 1.4254
314 1.4258
315 1.4248
316 1.42622
317 1.4266
318 1.42545
319 1.42704
320 1.42687
321 1.42589
322 1.42901
323 1.42836
324 1.42802
325 1.4309
326 1.42973
327 1.42956
328 1.43217
329 1.43117
330 1.43043
331 1.43274
332 1.43194
333 1.43135
334 1.4335
335 1.43302
336 1.43164
337 1.43378
338 1.43456
339 1.43316
340 1.43594
341 1.436
342 1.43459
343 1.43755
344 1.43738
345 1.4359
346 1.43867
347 1.43873
348 1.43694
349 1.43931
350 1.43902
351 1.43783
352 1.43964
353 1.43917
354 1.4398
355 1.44088
356 1.44137
357 1.44135
358 1.44216
359 1.44268
360 1.44229
361 1.4435
362 1.44393
363 1.44376
364 1.4441
365 1.44434
366 1.44452
367 1.44467
368 1.44464
369 1.44509
370 1.44671
371 1.4459
372 1.44741
373 1.44864
374 1.44727
375 1.44896
376 1.44933
377 1.44839
378 1.44975
379 1.45011
380 1.449
381 1.45068
382 1.45039
383 1.44939
384 1.45245
385 1.4518
386 1.45145
387 1.45428
388 1.45312
389 1.45313
390 1.45557
391 1.45456
392 1.45381
393 1.45604
394 1.45527
395 1.45467
396 1.45678
397 1.45643
398 1.45498
399 1.45704
400 1.45778
401 1.45636
402 1.45909
403 1.45906
404 1.45775
405 1.46064
406 1.4604
407 1.45923
408 1.46176
409 1.46168
410 1.45989
411 1.46221
412 1.4619
413 1.4607
414 1.46246
415 1.46202
416 1.46262
417 1.46356
418 1.46409
419 1.46404
420 1.46479
421 1.46529
422 1.46489
423 1.46608
424 1.46647
425 1.46629
426 1.46661
427 1.46684
428 1.46697
429 1.46711
430 1.46704
431 1.46735
432 1.46904
433 1.46826
434 1.46967
435 1.47089
436 1.46951
437 1.47117
438 1.47152
439 1.47053
440 1.47195
441 1.47222
442 1.47108
443 1.4727
444 1.47238
445 1.47139
446 1.47437
447 1.4737
448 1.47334
449 1.47608
450 1.47494
451 1.47491
452 1.47728
453 1.47624
454 1.47549
455 1.47767
456 1.47687
457 1.47625
458 1.47832
459 1.47792
460 1.47649
461 1.47851
462 1.47918
463 1.47777
464 1.48044
465 1.48038
466 1.47905
467 1.48188
468 1.48161
469 1.48043
470 1.48289
471 1.48279
472 1.481
473 1.48326
474 1.48293
475 1.48173
476 1.48346
477 1.48298
478 1.48353
479 1.48443
480 1.48493
481 1.48492
482 1.48561
483 1.48607
484 1.48571
485 1.48677
486 1.48715
487 1.48693
488 1.48736
489 1.48737
490 1.48755
491 1.48761
492 1.48751
493 1.488
494 1.48951
495 1.48861
496 1.49014
497 1.49115
498 1.48983
499 1.49141
500 1.4917
