10000 176.081
20000 93.6119
30000 59.5272
40000 42.6428
50000 33.9792
60000 25.6677
70000 21.3902
80000 17.7347
90000 21.5163
100000 13.7551
110000 12.6871
120000 11.5032
130000 10.6331
140000 10.4949
150000 9.19833
160000 8.97598
170000 8.54109
180000 10.4565
190000 8.08666
200000 7.71919
210000 7.69069
220000 7.37182
230000 7.31945
240000 6.95652
250000 6.98422
260000 6.90693
270000 8.04659
280000 6.70174
290000 6.56859
300000 6.49527
310000 6.41435
320000 6.38912
330000 6.23052
340000 6.39318
350000 6.31005
360000 6.59355
370000 6.22899
380000 6.10711
390000 5.99285
400000 5.9647
410000 6.14183
420000 5.87813
430000 6.05022
440000 5.99908
450000 6.15253
460000 6.02936
470000 5.83337
480000 5.68157
490000 5.72848
500000 5.67059
510000 5.71155
520000 5.99992
530000 5.7304
540000 5.91233
550000 5.77922
560000 5.66224
570000 5.55347
580000 5.60112
590000 5.53857
600000 5.59269
610000 5.7437
620000 5.68625
630000 5.56289
640000 5.63301
650000 5.61801
660000 5.46876
670000 5.54883
680000 5.48212
690000 5.47643
700000 5.70766
710000 5.69884
720000 5.65809
730000 5.52444
740000 5.55128
750000 5.37738
760000 5.45161
770000 5.39807
780000 5.54828
790000 5.79093
800000 5.6932
810000 5.55808
820000 5.53808
830000 5.40681
840000 5.35545
850000 5.38914
860000 5.35305
870000 5.47256
880000 5.54391
890000 5.5791
900000 5.46489
910000 5.46538
920000 5.36691
930000 5.25075
940000 5.35571
950000 5.4757
960000 5.43609
970000 5.42706
980000 5.53883
990000 5.41788
1000000 5.35026
1010000 5.40287
1020000 5.30258
1030000 5.27908
1040000 5.41507
1050000 5.49813
1060000 5.40255
1070000 5.55474
1080000 5.37096
1090000 5.30723
1100000 5.35443
1110000 5.25969
1120000 5.32487
1130000 5.38508
1140000 5.45559
1150000 5.24782
1160000 5.53666
1170000 5.35606
1180000 5.24145
1190000 5.33078
1200000 5.21667
1210000 5.24286
1220000 5.46942
1230000 5.37161
1240000 5.41365
1250000 5.44301
1260000 5.27686
1270000 5.23447
1280000 5.28757
1290000 5.2644
1300000 5.22862
1310000 5.40153
1320000 5.3379
1330000 5.39044
1340000 5.32521
1350000 5.22719
1360000 5.29864
1370000 5.2601
1380000 5.47725
1390000 5.20941
1400000 5.35944
1410000 5.3348
1420000 5.38987
1430000 5.36658
1440000 5.21878
1450000 5.37876
1460000 5.26231
1470000 5.34874
1480000 5.19584
1490000 5.39014
1500000 5.31677
1510000 5.36104
1520000 5.33425
1530000 5.27007
1540000 5.20713
1550000 5.2715
1560000 5.27325
1570000 5.20178
1580000 5.43016
1590000 5.37708
1600000 5.29479
1610000 5.3184
1620000 5.28702
1630000 5.15824
1640000 5.19815
1650000 5.33293
1660000 5.18917
1670000 5.44543
1680000 5.29027
1690000 5.25782
1700000 5.37598
1710000 5.35041
1720000 5.14467
1730000 5.19505
1740000 5.15666
1750000 5.20263
1760000 5.53453
1770000 5.23276
1780000 5.2631
1790000 5.29366
1800000 5.21993
1810000 5.18143
1820000 5.18842
1830000 5.1457
1840000 5.19879
1850000 5.41022
1860000 5.32365
1870000 5.16865
1880000 5.27985
1890000 5.28227
1900000 5.20205
1910000 5.23654
1920000 5.19721
1930000 5.16609
1940000 5.41078
1950000 5.40674
1960000 5.32986
1970000 5.28139
1980000 5.31384
1990000 5.17288
2000000 5.19971
2010000 5.17772
2020000 5.29838
2030000 5.49364
2040000 5.44564
2050000 5.30252
2060000 5.30788
2070000 5.19196
2080000 5.206
2090000 5.18749
2100000 5.16565
2110000 5.25668
2120000 5.36039
2130000 5.39942
2140000 5.27531
2150000 5.28615
2160000 5.1884
2170000 5.1181
2180000 5.16145
2190000 5.30179
2200000 5.26588
2210000 5.28894
2220000 5.37093
2230000 5.24406
2240000 5.20508
2250000 5.24207
2260000 5.15722
2270000 5.15256
2280000 5.2807
2290000 5.35517
2300000 5.27771
2310000 5.40262
2320000 5.24383
2330000 5.19207
2340000 5.21803
2350000 5.14728
2360000 5.19563
2370000 5.25793
2380000 5.3271
2390000 5.15628
2400000 5.4108
2410000 5.22937
2420000 5.13619
2430000 5.22103
2440000 5.11653
2450000 5.13872
2460000 5.37875
2470000 5.26514
2480000 5.33192
2490000 5.33709
2500000 5.18504
2510000 5.14666
2520000 5.19629
2530000 5.18625
2540000 5.14333
2550000 5.3325
2560000 5.24692
2570000 5.28551
2580000 5.23593
2590000 5.14486
2600000 5.21828
2610000 5.18311
2620000 5.38693
2630000 5.13592
2640000 5.29893
2650000 5.26249
2660000 5.26784
2670000 5.27769
2680000 5.14688
2690000 5.30846
2700000 5.20174
2710000 5.27856
2720000 5.13019
2730000 5.33097
2740000 5.24919
2750000 5.24328
2760000 5.26618
2770000 5.2089
2780000 5.14996
2790000 5.20804
2800000 5.21876
2810000 5.14439
2820000 5.37635
2830000 5.31557
2840000 5.21818
2850000 5.25446
2860000 5.23698
2870000 5.10808
2880000 5.14693
2890000 5.28001
2900000 5.13798
2910000 5.40203
2920000 5.22711
2930000 5.18664
2940000 5.31822
2950000 5.3113
2960000 5.10198
2970000 5.15179
2980000 5.12157
2990000 5.16037
3000000 5.48971
3010000 5.1832
3020000 5.20335
3030000 5.24167
3040000 5.17723
3050000 5.14193
3060000 5.14615
3070000 5.10847
3080000 5.15359
3090000 5.37961
3100000 5.27979
3110000 5.13106
3120000 5.24068
3130000 5.24545
3140000 5.16554
3150000 5.19794
3160000 5.16652
3170000 5.12856
3180000 5.37825
3190000 5.35751
3200000 5.28747
3210000 5.24262
3220000 5.28409
3230000 5.15272
3240000 5.16295
3250000 5.15049
3260000 5.26229
3270000 5.44912
3280000 5.39588
3290000 5.26666
3300000 5.26692
3310000 5.1651
3320000 5.19341
3330000 5.15686
3340000 5.13733
3350000 5.22113
3360000 5.33345
3370000 5.36491
3380000 5.24469
3390000 5.22225
3400000 5.15963
3410000 5.09772
3420000 5.13654
3430000 5.27136
3440000 5.23774
3450000 5.26746
3460000 5.34044
3470000 5.21287
3480000 5.17437
3490000 5.2155
3500000 5.13114
3510000 5.1299
3520000 5.25613
3530000 5.32895
3540000 5.25633
3550000 5.37471
3560000 5.22013
3570000 5.16745
3580000 5.19237
3590000 5.12468
3600000 5.16804
3610000 5.22867
3620000 5.3032
3630000 5.1367
3640000 5.38116
3650000 5.20203
3660000 5.11265
3670000 5.22187
3680000 5.09381
3690000 5.11878
3700000 5.36036
3710000 5.30157
3720000 5.32498
3730000 5.30844
3740000 5.1639
3750000 5.12674
3760000 5.17786
3770000 5.16674
3780000 5.12581
3790000 5.31383
3800000 5.22594
3810000 5.2558
3820000 5.21201
3830000 5.12534
3840000 5.19927
3850000 5.17692
3860000 5.3731
3870000 5.11712
3880000 5.28127
3890000 5.24516
3900000 5.23271
3910000 5.25299
3920000 5.12946
3930000 5.28752
3940000 5.17799
3950000 5.25673
3960000 5.11396
3970000 5.31356
3980000 5.23651
3990000 5.20827
4000000 5.25748
4010000 5.193
4020000 5.13134
4030000 5.196
4040000 5.20111
4050000 5.13557
4060000 5.36228
4070000 5.29697
4080000 5.19572
4090000 5.23604
4100000 5.22341
4110000 5.07632
4120000 5.133
4130000 5.25852
4140000 5.12508
4150000 5.3886
4160000 5.20498
4170000 5.1681
4180000 5.29958
4190000 5.30083
4200000 5.08426
4210000 5.13925
4220000 5.11041
4230000 5.14619
4240000 5.47704
4250000 5.16636
4260000 5.18311
4270000 5.226
4280000 5.16486
4290000 5.13295
4300000 5.13389
4310000 5.09682
4320000 5.14017
4330000 5.37075
4340000 5.26512
4350000 5.12134
4360000 5.22923
4370000 5.23239
4380000 5.2469
4390000 5.18581
4400000 5.15504
4410000 5.11626
4420000 5.36844
4430000 5.34195
4440000 5.27427
4450000 5.23039
4460000 5.27234
4470000 5.14619
4480000 5.15203
4490000 5.14033
4500000 5.24746
4510000 5.43377
4520000 5.37833
4530000 5.25461
4540000 5.25328
4550000 5.15475
4560000 5.18495
4570000 5.14729
4580000 5.12629
4590000 5.21032
4600000 5.31986
4610000 5.35142
4620000 5.22948
4630000 5.21287
4640000 5.14923
4650000 5.09171
4660000 5.12719
4670000 5.25914
4680000 5.22603
4690000 5.25231
4700000 5.32761
4710000 5.20146
4720000 5.16539
4730000 5.20662
4740000 5.12037
4750000 5.1216
4760000 5.24625
4770000 5.31876
4780000 5.24792
4790000 5.36191
4800000 5.21025
4810000 5.15868
4820000 5.18177
4830000 5.11545
4840000 5.15661
4850000 5.23089
4860000 5.29632
4870000 5.12821
4880000 5.36844
4890000 5.19059
4900000 5.10483
4910000 5.20913
4920000 5.08506
4930000 5.11136
4940000 5.35061
4950000 5.2933
4960000 5.31327
4970000 5.29629
4980000 5.156
4990000 5.11848
5000000 5.16903
5010000 5.16012
5020000 5.12009
5030000 5.30373
5040000 5.21487
5050000 5.24247
5060000 5.19988
5070000 5.11731
5080000 5.19192
5090000 5.17265
5100000 5.36571
5110000 5.10961
5120000 5.2743
5130000 5.23448
5140000 5.21763
5150000 5.24086
5160000 5.12178
5170000 5.27808
5180000 5.17247
5190000 5.24723
5200000 5.10731
5210000 5.3037
5220000 5.22856
5230000 5.19191
5240000 5.25105
5250000 5.18703
5260000 5.12402
5270000 5.19331
5280000 5.19231
5290000 5.13161
5300000 5.35506
5310000 5.28903
5320000 5.18514
5330000 5.2324
5340000 5.222
5350000 5.07058
5360000 5.12711
5370000 5.24745
5380000 5.1197
5390000 5.38218
5400000 5.19566
5410000 5.15959
5420000 5.29166
5430000 5.29545
5440000 5.07743
5450000 5.13371
5460000 5.10524
5470000 5.14045
5480000 5.4715
5490000 5.15978
5500000 5.17381
5510000 5.20915
5520000 5.16001
5530000 5.14471
5540000 5.12832
5550000 5.09103
5560000 5.13431
5570000 5.36424
5580000 5.25793
5590000 5.11906
5600000 5.22363
5610000 5.22744
5620000 5.2432
5630000 5.17997
5640000 5.14841
5650000 5.1108
5660000 5.36151
5670000 5.33151
5680000 5.2681
5690000 5.22289
5700000 5.26832
5710000 5.14074
5720000 5.14758
5730000 5.13452
5740000 5.24364
5750000 5.42772
5760000 5.36948
5770000 5.248
5780000 5.24628
5790000 5.15007
5800000 5.18792
5810000 5.14235
5820000 5.11997
5830000 5.20667
5840000 5.31452
5850000 5.34234
5860000 5.22545
5870000 5.2077
5880000 5.14411
5890000 5.10502
5900000 5.12323
5910000 5.25365
5920000 5.2206
5930000 5.24652
5940000 5.3206
5950000 5.19582
5960000 5.16058
5970000 5.20314
5980000 5.11463
5990000 5.11716
6000000 5.23841
6010000 5.31452
6020000 5.24771
6030000 5.35267
6040000 5.20621
6050000 5.15416
6060000 5.17604
6070000 5.10641
6080000 5.15682
6090000 5.22398
6100000 5.29099
6110000 5.12503
6120000 5.3615
6130000 5.18491
6140000 5.09944
6150000 5.20344
6160000 5.08078
6170000 5.1078
6180000 5.34419
6190000 5.28974
6200000 5.30672
6210000 5.28986
6220000 5.15185
6230000 5.11404
6240000 5.16548
6250000 5.15747
6260000 5.11816
6270000 5.29575
6280000 5.20997
6290000 5.23613
6300000 5.195
6310000 5.1134
6320000 5.18816
6330000 5.17065
6340000 5.36252
6350000 5.10623
6360000 5.26826
6370000 5.22792
6380000 5.20955
6390000 5.23574
6400000 5.11833
6410000 5.2714
6420000 5.17156
6430000 5.2412
6440000 5.1032
6450000 5.29717
6460000 5.22391
6470000 5.18366
6480000 5.24513
6490000 5.18352
6500000 5.11969
6510000 5.19342
6520000 5.18769
6530000 5.13096
6540000 5.3494
6550000 5.28385
6560000 5.17908
6570000 5.23303
6580000 5.21905
6590000 5.06707
6600000 5.12384
6610000 5.24184
6620000 5.11732
6630000 5.37815
6640000 5.1909
6650000 5.15459
6660000 5.28727
6670000 5.29233
6680000 5.07298
6690000 5.1304
6700000 5.1027
6710000 5.13622
6720000 5.46971
6730000 5.15613
6740000 5.1685
6750000 5.20495
6760000 5.15751
6770000 5.13807
6780000 5.12477
6790000 5.08824
6800000 5.13085
6810000 5.36047
6820000 5.2594
6830000 5.1168
6840000 5.22113
6850000 5.22374
6860000 5.23912
6870000 5.17625
6880000 5.14356
6890000 5.10755
6900000 5.35769
6910000 5.32385
6920000 5.26476
6930000 5.21988
6940000 5.26593
6950000 5.13773
6960000 5.14427
6970000 5.13041
6980000 5.23877
6990000 5.42176
7000000 5.36398
7010000 5.24499
7020000 5.24178
7030000 5.14828
7040000 5.17402
7050000 5.13892
7060000 5.11576
7070000 5.20231
7080000 5.30515
7090000 5.34409
7100000 5.22378
7110000 5.20372
7120000 5.14123
7130000 5.10194
7140000 5.12018
7150000 5.24882
7160000 5.21801
7170000 5.24059
7180000 5.31593
7190000 5.19142
7200000 5.1591
7210000 5.20053
7220000 5.11081
7230000 5.11459
7240000 5.23617
7250000 5.31199
7260000 5.24475
7270000 5.34866
7280000 5.20478
7290000 5.15158
7300000 5.17283
7310000 5.10255
7320000 5.15352
7330000 5.21988
7340000 5.28995
7350000 5.12581
7360000 5.35762
7370000 5.18127
7380000 5.09702
7390000 5.19914
7400000 5.07811
7410000 5.10579
7420000 5.33995
7430000 5.28776
7440000 5.29583
7450000 5.28644
7460000 5.14977
7470000 5.11124
7480000 5.16117
7490000 5.15526
7500000 5.10756
7510000 5.29166
7520000 5.20671
7530000 5.23383
7540000 5.19226
7550000 5.11199
7560000 5.18343
7570000 5.16985
7580000 5.35956
7590000 5.10417
7600000 5.26359
7610000 5.22461
7620000 5.20336
7630000 5.23248
7640000 5.11622
7650000 5.2679
7660000 5.17127
7670000 5.23648
7680000 5.10099
7690000 5.29261
7700000 5.22086
7710000 5.17826
7720000 5.24328
7730000 5.18159
7740000 5.11683
7750000 5.19328
7760000 5.18476
7770000 5.12989
7780000 5.3458
7790000 5.28164
7800000 5.17482
7810000 5.23096
7820000 5.21741
7830000 5.06476
7840000 5.1216
7850000 5.23827
7860000 5.11719
7870000 5.37552
7880000 5.1878
7890000 5.15135
7900000 5.28918
7910000 5.29178
7920000 5.0693
7930000 5.12523
7940000 5.10005
7950000 5.13395
7960000 5.46948
7970000 5.15598
7980000 5.16514
7990000 5.20199
8000000 5.15865
8010000 5.13785
8020000 5.12281
8030000 5.08609
8040000 5.12925
8050000 5.35942
8060000 5.25487
8070000 5.11578
8080000 5.21883
8090000 5.21931
8100000 5.23652
8110000 5.17348
8120000 5.14149
8130000 5.10519
8140000 5.35438
8150000 5.32084
8160000 5.26264
8170000 5.2169
8180000 5.26481
8190000 5.12993
8200000 5.14203
8210000 5.12748
8220000 5.2361
8230000 5.41832
8240000 5.36033
8250000 5.24366
8260000 5.23615
8270000 5.1471
8280000 5.17111
8290000 5.13639
8300000 5.11312
8310000 5.20051
8320000 5.2593
8330000 5.33976
8340000 5.22185
8350000 5.20151
8360000 5.13946
8370000 5.10161
8380000 5.11791
8390000 5.2465
8400000 5.21662
8410000 5.23585
8420000 5.31291
8430000 5.18993
8440000 5.15593
8450000 5.19902
8460000 5.10742
8470000 5.11295
8480000 5.23362
8490000 5.30992
8500000 5.24164
8510000 5.34403
8520000 5.20102
8530000 5.14976
8540000 5.17078
8550000 5.08591
8560000 5.15135
8570000 5.21911
8580000 5.26855
8590000 5.12413
8600000 5.35453
8610000 5.17952
8620000 5.09533
8630000 5.19747
8640000 5.08396
8650000 5.10447
8660000 5.33396
8670000 5.28751
8680000 5.28986
8690000 5.28352
8700000 5.14831
8710000 5.10915
8720000 5.15314
8730000 5.20986
8740000 5.10674
8750000 5.28939
8760000 5.20625
8770000 5.23296
8780000 5.19074
8790000 5.11057
8800000 5.18106
8810000 5.1692
8820000 5.35426
8830000 5.10311
8840000 5.26077
8850000 5.21664
8860000 5.20013
8870000 5.23034
8880000 5.11477
8890000 5.27047
8900000 5.17227
8910000 5.23827
8920000 5.09972
8930000 5.29761
8940000 5.2187
8950000 5.17606
8960000 5.24194
8970000 5.18196
8980000 5.11594
8990000 5.18894
9000000 5.18266
9010000 5.1308
9020000 5.34312
9030000 5.27919
9040000 5.17297
9050000 5.22432
9060000 5.21633
9070000 5.06294
9080000 5.12015
9090000 5.22567
9100000 5.1171
9110000 5.37344
9120000 5.18531
9130000 5.14929
9140000 5.2867
9150000 5.29047
9160000 5.06703
9170000 5.13067
9180000 5.09828
9190000 5.1316
9200000 5.46621
9210000 5.15464
9220000 5.16313
9230000 5.19984
9240000 5.15779
9250000 5.1346
9260000 5.12137
9270000 5.08314
9280000 5.17468
9290000 5.35966
9300000 5.25221
9310000 5.11694
9320000 5.2168
9330000 5.22149
9340000 5.23419
9350000 5.17172
9360000 5.13922
9370000 5.10357
9380000 5.3527
9390000 5.31858
9400000 5.26076
9410000 5.21821
9420000 5.25937
9430000 5.1287
9440000 5.14045
9450000 5.1255
9460000 5.23254
9470000 5.41295
9480000 5.35819
9490000 5.24235
9500000 5.23447
9510000 5.14705
9520000 5.17057
9530000 5.13549
9540000 5.09848
9550000 5.19951
9560000 5.25725
9570000 5.33712
9580000 5.22048
9590000 5.19992
9600000 5.13853
9610000 5.10053
9620000 5.11595
9630000 5.24499
9640000 5.21579
9650000 5.2337
9660000 5.31119
9670000 5.18824
9680000 5.15413
9690000 5.19701
9700000 5.10571
9710000 5.11157
9720000 5.2532
9730000 5.31035
9740000 5.23997
9750000 5.34161
9760000 5.19974
9770000 5.1522
9780000 5.16936
9790000 5.08399
9800000 5.1504
9810000 5.21721
9820000 5.26673
9830000 5.11986
9840000 5.35221
9850000 5.17773
9860000 5.09233
9870000 5.1988
9880000 5.08255
9890000 5.10437
9900000 5.33183
9910000 5.28701
9920000 5.28654
9930000 5.28133
9940000 5.14751
9950000 5.10787
9960000 5.15311
9970000 5.2455
9980000 5.10527
9990000 5.28723
10000000 5.19822
