1 10.5486
2 7.63454
3 6.25156
4 5.4242
5 4.86731
6 4.4574
7 4.14015
8 3.88622
9 3.67791
10 3.50184
11 3.34966
12 3.21974
13 3.10347
14 3.00054
15 2.91002
16 2.82633
17 2.75078
18 2.6834
19 2.61954
20 2.56102
21 2.50875
22 2.45792
23 2.41128
24 2.36922
25 2.32818
26 2.28921
27 2.25457
28 2.22113
29 2.18827
30 2.15979
31 2.13128
32 2.10288
33 2.07882
34 2.05416
35 2.02939
36 2.00872
37 1.98729
38 1.96528
39 1.9474
40 1.92828
41 1.90911
42 1.89311
43 1.87604
44 1.86019
45 1.84557
46 1.83116
47 1.81648
48 1.80346
49 1.79051
50 1.7771
51 1.76569
52 1.75403
53 1.7421
54 1.7311
55 1.72064
56 1.71007
57 1.70016
58 1.6904
59 1.68111
60 1.67318
61 1.66359
62 1.6561
63 1.6487
64 1.63937
65 1.63287
66 1.62548
67 1.61714
68 1.61101
69 1.60434
70 1.59647
71 1.5912
72 1.58474
73 1.57741
74 1.57394
75 1.56748
76 1.56134
77 1.55834
78 1.55189
79 1.54639
80 1.54352
81 1.53754
82 1.53188
83 1.52923
84 1.52368
85 1.51862
86 1.51623
87 1.51161
88 1.50607
89 1.50386
90 1.50066
91 1.4955
92 1.49434
93 1.49094
94 1.48583
95 1.48505
96 1.48163
97 1.47679
98 1.47603
99 1.47301
100 1.46815
101 1.46756
102 1.46429
103 1.46018
104 1.4592
105 1.45599
106 1.45373
107 1.45222
108 1.45027
109 1.44753
110 1.44607
111 1.44425
112 1.44151
113 1.44049
114 1.43876
115 1.43634
116 1.43453
117 1.4329
118 1.43091
119 1.42926
120 1.42733
121 1.42589
122 1.42568
123 1.42309
124 1.42284
125 1.42242
126 1.41938
127 1.41946
128 1.41827
129 1.41573
130 1.41558
131 1.41449
132 1.4119
133 1.41207
134 1.41069
135 1.40825
136 1.40993
137 1.40808
138 1.40642
139 1.40811
140 1.40579
141 1.40446
142 1.4059
143 1.40378
144 1.40193
145 1.40317
146 1.40126
147 1.39967
148 1.40084
149 1.39947
150 1.39707
151 1.39827
152 1.39814
153 1.39586
154 1.39785
155 1.39725
156 1.39491
157 1.39706
158 1.39622
159 1.39385
160 1.39593
161 1.3952
162 1.39255
163 1.39438
164 1.39335
165 1.3914
166 1.39269
167 1.39154
168 1.39134
169 1.39184
170 1.39191
171 1.39105
172 1.39145
173 1.39148
174 1.39051
175 1.39124
176 1.39122
177 1.39046
178 1.39025
179 1.39011
180 1.38982
181 1.38955
182 1.38907
183 1.38909
184 1.39033
185 1.38907
186 1.39022
187 1.39108
188 1.3893
189 1.39067
190 1.39072
191 1.38934
192 1.3904
193 1.39044
194 1.38893
195 1.39021
196 1.38974
197 1.38842
198 1.39131
199 1.39034
200 1.38963
201 1.39229
202 1.39085
203 1.39041
204 1.39279
205 1.39153
206 1.39051
207 1.39262
208 1.39157
209 1.39072
210 1.39267
211 1.39203
212 1.39037
213 1.39234
214 1.39289
215 1.39129
216 1.39397
217 1.39389
218 1.39224
219 1.39508
220 1.39476
221 1.39305
222 1.39574
223 1.39555
224 1.39352
225 1.39589
226 1.39541
227 1.39402
228 1.3958
229 1.39513
230 1.39542
231 1.39646
232 1.39698
233 1.39661
234 1.39744
235 1.39793
236 1.39741
237 1.39854
238 1.39891
239 1.39863
240 1.39878
241 1.39901
242 1.39911
243 1.39924
244 1.3991
245 1.39948
246 1.40106
247 1.40015
248 1.40167
249 1.40282
250 1.40135
251 1.40304
252 1.40339
253 1.40231
254 1.40366
255 1.40399
256 1.40277
257 1.40432
258 1.40411
259 1.40307
260 1.40618
261 1.40547
262 1.40506
263 1.40794
264 1.40671
265 1.40649
266 1.40908
267 1.40805
268 1.40725
269 1.40956
270 1.40871
271 1.40807
272 1.4102
273 1.40973
274 1.40828
275 1.41042
276 1.41115
277 1.40973
278 1.41251
279 1.41257
280 1.41111
281 1.41407
282 1.41389
283 1.41237
284 1.41516
285 1.41521
286 1.4133
287 1.41576
288 1.41543
289 1.4142
290 1.41607
291 1.41556
292 1.41596
293 1.4171
294 1.41767
295 1.41766
296 1.41849
297 1.41902
298 1.41862
299 1.41985
300 1.4203
