10000 184.817
20000 101.73
30000 72.5302
40000 51.6992
50000 43.5077
60000 33.3781
70000 29.1741
80000 24.3116
90000 24.8901
100000 18.7575
110000 18.6234
120000 15.4986
130000 13.931
140000 13.9018
150000 11.8802
160000 11.6109
170000 10.6423
180000 11.5589
190000 9.66751
200000 9.72075
210000 9.03968
220000 8.56011
230000 8.51879
240000 7.93742
250000 7.91058
260000 7.57998
270000 8.33586
280000 7.30804
290000 7.25917
300000 7.09399
310000 6.8746
320000 6.86188
330000 6.62205
340000 6.66833
350000 6.49266
360000 6.74408
370000 6.4134
380000 6.31233
390000 6.27071
400000 6.12674
410000 6.27251
420000 6.01972
430000 6.04108
440000 5.98607
450000 6.18274
460000 5.98988
470000 5.85481
480000 5.76196
490000 5.74661
500000 5.73263
510000 5.70664
520000 5.79423
530000 5.6627
540000 5.85317
550000 5.7142
560000 5.5865
570000 5.51117
580000 5.52224
590000 5.51503
600000 5.50657
610000 5.53426
620000 5.49852
630000 5.51629
640000 5.50989
650000 5.4241
660000 5.34994
670000 5.37976
680000 5.35457
690000 5.34908
700000 5.44446
710000 5.39657
720000 5.45649
730000 5.35221
740000 5.28164
750000 5.24531
760000 5.26056
770000 5.2468
780000 5.30041
790000 5.44882
800000 5.33862
810000 5.32162
820000 5.27828
830000 5.18848
840000 5.16478
850000 5.17507
860000 5.16887
870000 5.22408
880000 5.23515
890000 5.24905
900000 5.18789
910000 5.20808
920000 5.11885
930000 5.07763
940000 5.12079
950000 5.1906
960000 5.16558
970000 5.12216
980000 5.19588
990000 5.15285
1000000 5.11982
1010000 5.10173
1020000 5.06606
1030000 5.04213
1040000 5.12414
1050000 5.15693
1060000 5.08115
1070000 5.18544
1080000 5.08312
1090000 5.05397
1100000 5.05511
1110000 5.01701
1120000 5.03942
1130000 5.09002
1140000 5.11577
1150000 4.96355
1160000 5.15472
1170000 5.05914
1180000 5.00808
1190000 5.01891
1200000 4.97542
1210000 4.98191
1220000 5.09043
1230000 5.05242
1240000 4.99975
1250000 5.09445
1260000 4.9846
1270000 4.98143
1280000 4.98077
1290000 4.97812
1300000 4.9485
1310000 5.0077
1320000 5.00312
1330000 4.98846
1340000 5.02252
1350000 4.94367
1360000 4.99585
1370000 4.95126
1380000 5.09047
1390000 4.93271
1400000 4.96886
1410000 4.9757
1420000 4.99113
1430000 5.03311
1440000 4.9197
1450000 5.01719
1460000 4.93218
1470000 5.0078
1480000 4.91593
1490000 4.96634
1500000 4.96717
1510000 4.98451
1520000 4.99931
1530000 4.91174
1540000 4.91697
1550000 4.92793
1560000 4.94256
1570000 4.90037
1580000 4.96957
1590000 4.96319
1600000 4.93118
1610000 4.98117
1620000 4.9041
1630000 4.8871
1640000 4.88392
1650000 4.96843
1660000 4.88973
1670000 4.97257
1680000 4.93293
1690000 4.91149
1700000 5.00306
1710000 4.91633
1720000 4.85737
1730000 4.87333
1740000 4.86611
1750000 4.8912
1760000 4.98649
1770000 4.89738
1780000 4.9092
1790000 4.96871
1800000 4.87211
1810000 4.85781
1820000 4.86063
1830000 4.86
1840000 4.88703
1850000 4.93177
1860000 4.9302
1870000 4.85015
1880000 4.95504
1890000 4.89325
1900000 4.85976
1910000 4.87304
1920000 4.86105
1930000 4.86197
1940000 4.93616
1950000 4.96728
1960000 4.92327
1970000 4.92475
1980000 4.89379
1990000 4.85336
2000000 4.85283
2010000 4.85347
2020000 4.91124
2030000 4.97563
2040000 4.99161
2050000 4.89853
2060000 4.92497
2070000 4.84513
2080000 4.86171
2090000 4.84436
2100000 4.84725
2110000 4.89749
2120000 4.90338
2130000 4.9719
2140000 4.873
2150000 4.91655
2160000 4.8392
2170000 4.82048
2180000 4.83227
2190000 4.91489
2200000 4.89286
2210000 4.86217
2220000 4.93742
2230000 4.86608
2240000 4.87688
2250000 4.84997
2260000 4.82924
2270000 4.81455
2280000 4.8979
2290000 4.92627
2300000 4.85827
2310000 4.9572
2320000 4.85701
2330000 4.85265
2340000 4.83921
2350000 4.81974
2360000 4.83799
2370000 4.88866
2380000 4.91062
2390000 4.78566
2400000 4.96404
2410000 4.85518
2420000 4.82855
2430000 4.83549
2440000 4.80251
2450000 4.81043
2460000 4.92834
2470000 4.87743
2480000 4.85451
2490000 4.93004
2500000 4.8234
2510000 4.83078
2520000 4.8256
2530000 4.82712
2540000 4.80095
2550000 4.87623
2560000 4.85478
2570000 4.84811
2580000 4.87882
2590000 4.80451
2600000 4.85697
2610000 4.81599
2620000 4.94128
2630000 4.80542
2640000 4.856
2650000 4.85003
2660000 4.84603
2670000 4.90015
2680000 4.79928
2690000 4.89847
2700000 4.81431
2710000 4.88708
2720000 4.80215
2730000 4.86442
2740000 4.85514
2750000 4.84491
2760000 4.88698
2770000 4.81074
2780000 4.81375
2790000 4.82188
2800000 4.84279
2810000 4.79966
2820000 4.87495
2830000 4.86489
2840000 4.81942
2850000 4.88042
2860000 4.81488
2870000 4.79394
2880000 4.79366
2890000 4.87408
2900000 4.79847
2910000 4.89356
2920000 4.83945
2930000 4.80631
2940000 4.91365
2950000 4.84148
2960000 4.77726
2970000 4.79471
2980000 4.7892
2990000 4.81115
3000000 4.90671
3010000 4.81673
3020000 4.81582
3030000 4.88341
3040000 4.79947
3050000 4.78685
3060000 4.78728
3070000 4.78835
3080000 4.81097
3090000 4.86213
3100000 4.85966
3110000 4.77841
3120000 4.8856
3130000 4.82934
3140000 4.79585
3150000 4.80671
3160000 4.79767
3170000 4.79466
3180000 4.86771
3190000 4.89721
3200000 4.85235
3210000 4.86223
3220000 4.84055
3230000 4.80046
3240000 4.79165
3250000 4.79584
3260000 4.85211
3270000 4.89913
3280000 4.92501
3290000 4.83492
3300000 4.86668
3310000 4.79251
3320000 4.81875
3330000 4.7905
3340000 4.79351
3350000 4.84039
3360000 4.84804
3370000 4.91885
3380000 4.81991
3390000 4.85328
3400000 4.78928
3410000 4.77383
3420000 4.78547
3430000 4.86236
3440000 4.8425
3450000 4.81479
3460000 4.88787
3470000 4.8134
3480000 4.82725
3490000 4.80222
3500000 4.7845
3510000 4.77008
3520000 4.85371
3530000 4.87952
3540000 4.81408
3550000 4.91035
3560000 4.81264
3570000 4.8097
3580000 4.79502
3590000 4.77923
3600000 4.79517
3610000 4.84294
3620000 4.86801
3630000 4.74827
3640000 4.91991
3650000 4.8108
3660000 4.78756
3670000 4.80281
3680000 4.76434
3690000 4.77147
3700000 4.89235
3710000 4.8687
3720000 4.82785
3730000 4.88919
3740000 4.78574
3750000 4.79466
3760000 4.79011
3770000 4.79246
3780000 4.76547
3790000 4.84394
3800000 4.81873
3810000 4.81189
3820000 4.84175
3830000 4.77004
3840000 4.82203
3850000 4.78066
3860000 4.90866
3870000 4.77057
3880000 4.82691
3890000 4.8178
3900000 4.80626
3910000 4.86386
3920000 4.76813
3930000 4.86546
3940000 4.782
3950000 4.85421
3960000 4.77034
3970000 4.83682
3980000 4.82723
3990000 4.80431
4000000 4.85907
4010000 4.78354
4020000 4.78365
4030000 4.7945
4040000 4.81448
4050000 4.7727
4060000 4.84842
4070000 4.83664
4080000 4.78704
4090000 4.85068
4100000 4.7908
4110000 4.75824
4120000 4.76798
4130000 4.8432
4140000 4.77139
4150000 4.86975
4160000 4.80887
4170000 4.77606
4180000 4.88491
4190000 4.82007
4200000 4.75263
4210000 4.77126
4220000 4.76635
4230000 4.78509
4240000 4.88172
4250000 4.79022
4260000 4.78591
4270000 4.85578
4280000 4.77729
4290000 4.76626
4300000 4.76453
4310000 4.76595
4320000 4.78687
4330000 4.84092
4340000 4.83646
4350000 4.7551
4360000 4.86341
4370000 4.80903
4380000 4.8162
4390000 4.78514
4400000 4.77711
4410000 4.7723
4420000 4.84641
4430000 4.87301
4440000 4.8285
4450000 4.8423
4460000 4.82247
4470000 4.78394
4480000 4.7716
4490000 4.7763
4500000 4.83053
4510000 4.87449
4520000 4.89935
4530000 4.81337
4540000 4.847
4550000 4.77462
4560000 4.80384
4570000 4.77244
4580000 4.77471
4590000 4.82004
4600000 4.82718
4610000 4.89746
4620000 4.80028
4630000 4.83538
4640000 4.77148
4650000 4.75995
4660000 4.76812
4670000 4.84328
4680000 4.82247
4690000 4.79568
4700000 4.86932
4710000 4.79446
4720000 4.81001
4730000 4.78535
4740000 4.76863
4750000 4.75407
4760000 4.83719
4770000 4.86144
4780000 4.79774
4790000 4.89289
4800000 4.79544
4810000 4.79318
4820000 4.77854
4830000 4.76434
4840000 4.77788
4850000 4.83378
4860000 4.8533
4870000 4.73423
4880000 4.90279
4890000 4.79293
4900000 4.77222
4910000 4.78647
4920000 4.74979
4930000 4.75598
4940000 4.87775
4950000 4.85347
4960000 4.81332
4970000 4.8731
4980000 4.77112
4990000 4.78061
5000000 4.77625
5010000 4.77905
5020000 4.75177
5030000 4.83063
5040000 4.80424
5050000 4.79646
5060000 4.82609
5070000 4.75604
5080000 4.80808
5090000 4.76836
5100000 4.89444
5110000 4.756
5120000 4.81585
5130000 4.80414
5140000 4.78873
5150000 4.84798
5160000 4.75527
5170000 4.8512
5180000 4.7695
5190000 4.83999
5200000 4.757
5210000 4.82471
5220000 4.8147
5230000 4.78549
5240000 4.84707
5250000 4.77281
5260000 4.77152
5270000 4.78426
5280000 4.80206
5290000 4.76141
5300000 4.83692
5310000 4.82447
5320000 4.77295
5330000 4.8435
5340000 4.78245
5350000 4.74746
5360000 4.75744
5370000 4.82851
5380000 4.75998
5390000 4.85948
5400000 4.796
5410000 4.76301
5420000 4.87282
5430000 4.81125
5440000 4.74236
5450000 4.76157
5460000 4.75659
5470000 4.77406
5480000 4.87113
5490000 4.77958
5500000 4.77144
5510000 4.8394
5520000 4.76823
5530000 4.76186
5540000 4.75481
5550000 4.75621
5560000 4.77622
5570000 4.83013
5580000 4.82611
5590000 4.74563
5600000 4.85359
5610000 4.80047
5620000 4.80845
5630000 4.77552
5640000 4.76768
5650000 4.76222
5660000 4.83612
5670000 4.86109
5680000 4.81767
5690000 4.83304
5700000 4.81488
5710000 4.77605
5720000 4.76201
5730000 4.76718
5740000 4.82219
5750000 4.86414
5760000 4.88735
5770000 4.80344
5780000 4.83782
5790000 4.7658
5800000 4.79896
5810000 4.76422
5820000 4.76583
5830000 4.81154
5840000 4.81878
5850000 4.8857
5860000 4.79172
5870000 4.82694
5880000 4.76323
5890000 4.75997
5900000 4.76055
5910000 4.83464
5920000 4.81301
5930000 4.78804
5940000 4.86028
5950000 4.78524
5960000 4.80208
5970000 4.77795
5980000 4.76108
5990000 4.74644
6000000 4.82846
6010000 4.85318
6020000 4.79162
6030000 4.88369
6040000 4.78816
6050000 4.78552
6060000 4.77077
6070000 4.75532
6080000 4.77179
6090000 4.82455
6100000 4.8447
6110000 4.72763
6120000 4.89413
6130000 4.78428
6140000 4.76485
6150000 4.77901
6160000 4.74301
6170000 4.74854
6180000 4.8703
6190000 4.84607
6200000 4.80662
6210000 4.8649
6220000 4.76261
6230000 4.77387
6240000 4.76995
6250000 4.77227
6260000 4.74544
6270000 4.82293
6280000 4.79739
6290000 4.78845
6300000 4.81883
6310000 4.74939
6320000 4.80158
6330000 4.7626
6340000 4.8877
6350000 4.7488
6360000 4.80911
6370000 4.79733
6380000 4.77939
6390000 4.84034
6400000 4.74891
6410000 4.84257
6420000 4.76443
6430000 4.83166
6440000 4.75028
6450000 4.81763
6460000 4.80844
6470000 4.7758
6480000 4.84058
6490000 4.7673
6500000 4.76538
6510000 4.77993
6520000 4.79578
6530000 4.75643
6540000 4.83011
6550000 4.81811
6560000 4.76557
6570000 4.83757
6580000 4.77752
6590000 4.74198
6600000 4.75221
6610000 4.82129
6620000 4.75453
6630000 4.85358
6640000 4.78965
6650000 4.7562
6660000 4.86626
6670000 4.80671
6680000 4.73733
6690000 4.75664
6700000 4.75163
6710000 4.76791
6720000 4.86575
6730000 4.77418
6740000 4.76443
6750000 4.83308
6760000 4.7636
6770000 4.75625
6780000 4.74966
6790000 4.75131
6800000 4.77058
6810000 4.82488
6820000 4.82374
6830000 4.74071
6840000 4.84882
6850000 4.79584
6860000 4.80394
6870000 4.77036
6880000 4.76198
6890000 4.75689
6900000 4.83085
6910000 4.85345
6920000 4.81192
6930000 4.82833
6940000 4.81078
6950000 4.77205
6960000 4.75711
6970000 4.76201
6980000 4.81589
6990000 4.85805
7000000 4.88097
7010000 4.79822
7020000 4.83271
7030000 4.76188
7040000 4.79194
7050000 4.75956
7060000 4.76078
7070000 4.80518
7080000 4.81195
7090000 4.87055
7100000 4.78734
7110000 4.82203
7120000 4.75897
7130000 4.75519
7140000 4.75608
7150000 4.82909
7160000 4.80798
7170000 4.78312
7180000 4.8555
7190000 4.78007
7200000 4.79814
7210000 4.7738
7220000 4.75677
7230000 4.74242
7240000 4.82439
7250000 4.8481
7260000 4.78784
7270000 4.87889
7280000 4.78472
7290000 4.78154
7300000 4.76644
7310000 4.75099
7320000 4.76707
7330000 4.8194
7340000 4.84177
7350000 4.72469
7360000 4.88936
7370000 4.77931
7380000 4.76084
7390000 4.77477
7400000 4.73911
7410000 4.74443
7420000 4.86564
7430000 4.84201
7440000 4.79913
7450000 4.86035
7460000 4.759
7470000 4.77003
7480000 4.76588
7490000 4.76812
7500000 4.74344
7510000 4.81857
7520000 4.79334
7530000 4.78417
7540000 4.81454
7550000 4.74603
7560000 4.7966
7570000 4.75956
7580000 4.88277
7590000 4.74451
7600000 4.80451
7610000 4.79342
7620000 4.77313
7630000 4.83556
7640000 4.74538
7650000 4.83819
7660000 4.76176
7670000 4.82628
7680000 4.74621
7690000 4.81295
7700000 4.80459
7710000 4.76976
7720000 4.83728
7730000 4.76415
7740000 4.76181
7750000 4.7776
7760000 4.79196
7770000 4.75341
7780000 4.82597
7790000 4.81484
7800000 4.76079
7810000 4.83411
7820000 4.77461
7830000 4.73869
7840000 4.74906
7850000 4.81673
7860000 4.7514
7870000 4.84971
7880000 4.7857
7890000 4.75214
7900000 4.86455
7910000 4.80468
7920000 4.7339
7930000 4.75075
7940000 4.74794
7950000 4.76417
7960000 4.86287
7970000 4.77125
7980000 4.75994
7990000 4.82925
8000000 4.762
8010000 4.75408
8020000 4.74668
8030000 4.74798
8040000 4.76759
8050000 4.82193
8060000 4.81943
8070000 4.73773
8080000 4.84511
8090000 4.79251
8100000 4.80127
8110000 4.767
8120000 4.75869
8130000 4.7533
8140000 4.8272
8150000 4.84999
8160000 4.80831
8170000 4.82524
8180000 4.80844
8190000 4.76772
8200000 4.75396
8210000 4.75866
8220000 4.81195
8230000 4.85452
8240000 4.87702
8250000 4.79518
8260000 4.82834
8270000 4.75944
8280000 4.78918
8290000 4.75643
8300000 4.75748
8310000 4.80164
8320000 4.78703
8330000 4.86612
8340000 4.78453
8350000 4.81889
8360000 4.75619
8370000 4.75387
8380000 4.75306
8390000 4.82582
8400000 4.80483
8410000 4.77954
8420000 4.85225
8430000 4.77708
8440000 4.79495
8450000 4.77125
8460000 4.75341
8470000 4.73981
8480000 4.82131
8490000 4.84483
8500000 4.78528
8510000 4.87498
8520000 4.78143
8530000 4.77893
8540000 4.7637
8550000 4.74143
8560000 4.76392
8570000 4.81648
8580000 4.83127
8590000 4.72194
8600000 4.88591
8610000 4.77648
8620000 4.75828
8630000 4.77217
8640000 4.73831
8650000 4.74175
8660000 4.86148
8670000 4.83998
8680000 4.79383
8690000 4.85705
8700000 4.75651
8710000 4.76745
8720000 4.76097
8730000 4.78748
8740000 4.74108
8750000 4.81598
8760000 4.79135
8770000 4.78166
8780000 4.81166
8790000 4.74359
8800000 4.79393
8810000 4.7576
8820000 4.87899
8830000 4.74196
8840000 4.80152
8850000 4.78996
8860000 4.76934
8870000 4.83246
8880000 4.74303
8890000 4.83839
8900000 4.76037
8910000 4.8253
8920000 4.74361
8930000 4.81463
8940000 4.80185
8950000 4.76578
8960000 4.83499
8970000 4.76246
8980000 4.76011
8990000 4.77425
9000000 4.78929
9010000 4.75211
9020000 4.82292
9030000 4.81208
9040000 4.75784
9050000 4.82891
9060000 4.77264
9070000 4.73648
9080000 4.74698
9090000 4.80561
9100000 4.74948
9110000 4.84684
9120000 4.78283
9130000 4.74931
9140000 4.86174
9150000 4.80247
9160000 4.73161
9170000 4.74998
9180000 4.74563
9190000 4.76136
9200000 4.85988
9210000 4.76919
9220000 4.75689
9230000 4.8266
9240000 4.76018
9250000 4.7516
9260000 4.74458
9270000 4.74532
9280000 4.79093
9290000 4.81985
9300000 4.81665
9310000 4.73655
9320000 4.84277
9330000 4.79199
9340000 4.79907
9350000 4.76464
9360000 4.75608
9370000 4.74654
9380000 4.8247
9390000 4.84756
9400000 4.80548
9410000 4.82401
9420000 4.80518
9430000 4.76569
9440000 4.75175
9450000 4.75622
9460000 4.8083
9470000 4.85037
9480000 4.87426
9490000 4.79295
9500000 4.8261
9510000 4.7579
9520000 4.78777
9530000 4.75463
9540000 4.74912
9550000 4.79936
9560000 4.78472
9570000 4.86316
9580000 4.78254
9590000 4.8168
9600000 4.75472
9610000 4.7524
9620000 4.75051
9630000 4.82352
9640000 4.80285
9650000 4.77733
9660000 4.85008
9670000 4.77486
9680000 4.79287
9690000 4.76931
9700000 4.75121
9710000 4.73792
9720000 4.82485
9730000 4.84371
9740000 4.78348
9750000 4.87242
9760000 4.77958
9770000 4.77875
9780000 4.76176
9790000 4.73935
9800000 4.76213
9810000 4.81415
9820000 4.82884
9830000 4.71893
9840000 4.88341
9850000 4.77411
9860000 4.75595
9870000 4.77075
9880000 4.73632
9890000 4.73976
9900000 4.85926
9910000 4.83839
9920000 4.79065
9930000 4.85473
9940000 4.75474
9950000 4.76573
9960000 4.75952
9970000 4.79937
9980000 4.73876
9990000 4.81373
10000000 4.78906
10010000 4.77915
10020000 4.82626
10030000 4.74175
10040000 4.79003
10050000 4.7563
10060000 4.87749
10070000 4.74005
10080000 4.79893
10090000 4.78768
10100000 4.76837
10110000 4.83287
10120000 4.74132
10130000 4.8369
10140000 4.75905
10150000 4.82299
10160000 4.74181
10170000 4.81183
10180000 4.79999
10190000 4.76404
10200000 4.83617
10210000 4.76143
10220000 4.75871
10230000 4.77337
10240000 4.78961
10250000 4.75113
10260000 4.82062
10270000 4.81003
10280000 4.75534
10290000 4.82699
10300000 4.77118
10310000 4.73458
10320000 4.7486
10330000 4.8035
10340000 4.74797
10350000 4.84464
10360000 4.78081
10370000 4.74659
10380000 4.85916
10390000 4.80094
10400000 4.72886
10410000 4.74849
10420000 4.74462
10430000 4.75949
10440000 4.85818
10450000 4.76741
10460000 4.75505
10470000 4.82496
10480000 4.75914
10490000 4.74868
10500000 4.74317
10510000 4.74357
10520000 4.78869
10530000 4.818
10540000 4.81548
10550000 4.73542
10560000 4.8409
10570000 4.79128
10580000 4.79763
10590000 4.76297
10600000 4.75416
10610000 4.75458
10620000 4.82738
10630000 4.84571
10640000 4.80312
10650000 4.82169
10660000 4.80413
10670000 4.76446
10680000 4.75033
10690000 4.75247
10700000 4.80694
10710000 4.84818
10720000 4.87194
10730000 4.79139
10740000 4.82451
10750000 4.75684
10760000 4.78662
10770000 4.75303
10780000 4.7473
10790000 4.79766
10800000 4.78209
10810000 4.86172
10820000 4.78064
10830000 4.81539
10840000 4.75353
10850000 4.75117
10860000 4.74893
10870000 4.8208
10880000 4.80091
10890000 4.7756
10900000 4.84782
10910000 4.77279
10920000 4.79133
10930000 4.76818
10940000 4.74941
10950000 4.73669
10960000 4.82441
10970000 4.842
10980000 4.78201
10990000 4.87085
11000000 4.77838
11010000 4.77804
11020000 4.76036
11030000 4.73738
11040000 4.76211
11050000 4.81221
11060000 4.82504
11070000 4.71726
11080000 4.88177
11090000 4.77285
11100000 4.75463
11110000 4.76926
11120000 4.73438
11130000 4.73862
11140000 4.85758
11150000 4.83767
11160000 4.7891
11170000 4.85222
11180000 4.75341
11190000 4.76425
11200000 4.75816
11210000 4.79834
11220000 4.73728
11230000 4.80801
11240000 4.78765
11250000 4.77668
11260000 4.82591
11270000 4.74049
11280000 4.78842
11290000 4.75523
11300000 4.87139
11310000 4.74048
11320000 4.81598
11330000 4.78623
11340000 4.76706
11350000 4.83121
11360000 4.74039
11370000 4.83532
11380000 4.75985
11390000 4.82143
11400000 4.74005
11410000 4.79177
11420000 4.79847
11430000 4.76193
11440000 4.83515
11450000 4.75963
11460000 4.75797
11470000 4.77307
11480000 4.78805
11490000 4.75012
11500000 4.81863
11510000 4.80691
11520000 4.75242
11530000 4.82534
11540000 4.77118
11550000 4.73331
11560000 4.74758
11570000 4.80219
11580000 4.74688
11590000 4.8432
11600000 4.77946
11610000 4.74505
11620000 4.85763
11630000 4.79992
11640000 4.72741
11650000 4.74736
11660000 4.74337
11670000 4.75808
11680000 4.85459
11690000 4.76622
11700000 4.75327
11710000 4.82319
11720000 4.75814
11730000 4.74757
11740000 4.74201
11750000 4.74251
11760000 4.78695
11770000 4.81611
11780000 4.81431
11790000 4.7344
11800000 4.83883
11810000 4.79073
11820000 4.79663
11830000 4.7612
11840000 4.75261
11850000 4.75313
11860000 4.82605
11870000 4.84698
11880000 4.80141
11890000 4.82188
11900000 4.80326
11910000 4.76244
11920000 4.74907
11930000 4.74976
11940000 4.80391
11950000 4.8506
11960000 4.87024
11970000 4.79049
11980000 4.82307
11990000 4.75636
12000000 4.78587
12010000 4.75158
12020000 4.74535
12030000 4.82155
12040000 4.78053
12050000 4.86032
12060000 4.77958
12070000 4.81418
12080000 4.75268
12090000 4.74913
12100000 4.74784
12110000 4.81976
12120000 4.79954
12130000 4.77424
12140000 4.84627
12150000 4.77355
12160000 4.79063
12170000 4.76699
12180000 4.74821
12190000 4.73563
12200000 4.8239
12210000 4.84087
12220000 4.78082
12230000 4.86959
12240000 4.77736
12250000 4.77508
12260000 4.75944
12270000 4.73611
12280000 4.76148
12290000 4.81056
12300000 4.82383
12310000 4.7162
12320000 4.88012
12330000 4.77193
12340000 4.75344
12350000 4.76767
12360000 4.73316
12370000 4.73758
12380000 4.85065
12390000 4.83682
12400000 4.78686
12410000 4.85067
12420000 4.75264
12430000 4.76318
12440000 4.7569
12450000 4.79952
12460000 4.73956
12470000 4.80582
12480000 4.7862
12490000 4.77581
12500000 4.82483
12510000 4.73915
12520000 4.78597
12530000 4.75436
12540000 4.87112
12550000 4.73935
12560000 4.81411
12570000 4.78545
12580000 4.76632
12590000 4.83003
12600000 4.73951
12610000 4.83403
12620000 4.75969
12630000 4.82037
12640000 4.73995
12650000 4.79017
12660000 4.79726
12670000 4.76033
12680000 4.83498
12690000 4.75851
12700000 4.75689
12710000 4.77239
12720000 4.78693
12730000 4.74935
12740000 4.81718
12750000 4.80607
12760000 4.75725
12770000 4.8239
12780000 4.77593
12790000 4.73232
12800000 4.74673
12810000 4.7989
12820000 4.74602
12830000 4.8422
12840000 4.77845
12850000 4.74406
12860000 4.85678
12870000 4.79919
12880000 4.72627
12890000 4.74649
12900000 4.74234
12910000 4.75658
12920000 4.85366
12930000 4.76542
12940000 4.75185
12950000 4.8196
12960000 4.75781
12970000 4.74646
12980000 4.74115
12990000 4.74166
13000000 4.78402
13010000 4.81647
13020000 4.81288
13030000 4.73362
13040000 4.83771
13050000 4.79019
13060000 4.79583
13070000 4.76014
13080000 4.75144
13090000 4.75198
13100000 4.82535
13110000 4.84588
13120000 4.80038
13130000 4.82096
13140000 4.80251
13150000 4.76159
13160000 4.74816
13170000 4.74807
13180000 4.80121
13190000 4.84845
13200000 4.86946
13210000 4.78959
13220000 4.82215
13230000 4.75446
13240000 4.78474
13250000 4.75068
13260000 4.74261
13270000 4.81855
13280000 4.78035
13290000 4.85927
13300000 4.77908
13310000 4.8133
13320000 4.7557
13330000 4.74829
13340000 4.74687
13350000 4.81897
13360000 4.79902
13370000 4.77223
13380000 4.84555
13390000 4.77265
13400000 4.78997
13410000 4.76625
13420000 4.74711
13430000 4.73479
13440000 4.82327
13450000 4.83981
13460000 4.7802
13470000 4.86853
13480000 4.77687
13490000 4.77557
13500000 4.7585
13510000 4.73509
13520000 4.76039
13530000 4.80983
13540000 4.82153
13550000 4.71536
13560000 4.87917
13570000 4.77086
13580000 4.75282
13590000 4.76669
13600000 4.73233
13610000 4.73674
13620000 4.85005
13630000 4.83613
13640000 4.78437
13650000 4.84864
13660000 4.75175
13670000 4.7624
13680000 4.75598
13690000 4.79944
13700000 4.73873
13710000 4.80449
13720000 4.78528
13730000 4.77477
13740000 4.82414
13750000 4.73835
13760000 4.78532
13770000 4.75325
13780000 4.87021
13790000 4.73837
13800000 4.81371
13810000 4.78404
13820000 4.76492
13830000 4.82867
13840000 4.73893
13850000 4.8332
13860000 4.75923
13870000 4.82062
13880000 4.73916
13890000 4.78884
13900000 4.79652
13910000 4.75799
13920000 4.83374
13930000 4.7556
13940000 4.75564
13950000 4.77052
13960000 4.78725
13970000 4.74788
13980000 4.81594
13990000 4.80683
14000000 4.75597
14010000 4.82286
14020000 4.77412
14030000 4.73177
14040000 4.74605
14050000 4.79777
14060000 4.74496
14070000 4.84043
14080000 4.77746
14090000 4.74286
14100000 4.85624
14110000 4.79814
14120000 4.72527
14130000 4.74574
14140000 4.74148
14150000 4.75568
14160000 4.85311
14170000 4.7642
14180000 4.75047
14190000 4.81857
14200000 4.75763
14210000 4.74569
14220000 4.74044
14230000 4.74084
14240000 4.783
14250000 4.81685
14260000 4.80932
14270000 4.73301
14280000 4.83676
14290000 4.78933
14300000 4.79626
14310000 4.75925
14320000 4.75087
14330000 4.7518
14340000 4.82562
14350000 4.84241
14360000 4.79944
14370000 4.82017
14380000 4.79925
14390000 4.76082
14400000 4.74745
14410000 4.74618
14420000 4.80799
14430000 4.84845
14440000 4.86779
14450000 4.78872
14460000 4.82141
14470000 4.75383
14480000 4.78403
14490000 4.74975
14500000 4.74175
14510000 4.81744
14520000 4.77955
14530000 4.85706
14540000 4.77837
14550000 4.81292
14560000 4.75448
14570000 4.74744
14580000 4.74609
14590000 4.82047
14600000 4.79678
14610000 4.77059
14620000 4.84509
14630000 4.77202
14640000 4.78987
14650000 4.76568
14660000 4.74668
14670000 4.73414
14680000 4.81941
14690000 4.83899
14700000 4.77959
14710000 4.86724
14720000 4.77618
14730000 4.77581
14740000 4.7579
14750000 4.73425
14760000 4.75941
14770000 4.80904
14780000 4.82069
14790000 4.7147
14800000 4.87826
14810000 4.76988
14820000 4.7528
14830000 4.76574
14840000 4.73217
14850000 4.73664
14860000 4.8507
14870000 4.83543
14880000 4.78345
14890000 4.84847
14900000 4.75095
14910000 4.76158
14920000 4.75518
14930000 4.79207
14940000 4.73806
14950000 4.80208
14960000 4.78462
14970000 4.77389
14980000 4.82345
14990000 4.73768
15000000 4.7828
15010000 4.75293
15020000 4.86979
15030000 4.73673
15040000 4.81454
15050000 4.78309
15060000 4.76425
15070000 4.82788
15080000 4.73821
15090000 4.83456
15100000 4.75917
15110000 4.81993
15120000 4.73837
15130000 4.78775
15140000 4.79478
15150000 4.75628
15160000 4.82257
15170000 4.75361
15180000 4.75469
15190000 4.7702
15200000 4.78743
15210000 4.74721
15220000 4.81377
15230000 4.80601
15240000 4.75479
15250000 4.82256
15260000 4.77376
15270000 4.73123
15280000 4.74551
15290000 4.79709
15300000 4.74438
15310000 4.8472
15320000 4.77318
15330000 4.74204
15340000 4.85538
15350000 4.79768
15360000 4.7245
15370000 4.74519
15380000 4.74085
15390000 4.75483
15400000 4.85252
15410000 4.76349
15420000 4.74979
15430000 4.81782
15440000 4.75752
15450000 4.74508
15460000 4.73997
15470000 4.74022
15480000 4.78112
15490000 4.81625
15500000 4.80858
15510000 4.73276
15520000 4.83597
15530000 4.78898
15540000 4.7948
15550000 4.75918
15560000 4.75056
15570000 4.7511
15580000 4.82486
15590000 4.88108
15600000 4.79877
15610000 4.81954
15620000 4.79888
15630000 4.76089
15640000 4.74668
15650000 4.74537
15660000 4.80707
15670000 4.84512
15680000 4.86785
15690000 4.78804
15700000 4.81952
15710000 4.75328
15720000 4.78346
15730000 4.74842
15740000 4.74155
15750000 4.81571
15760000 4.77876
15770000 4.85595
15780000 4.77791
15790000 4.81225
15800000 4.75401
15810000 4.74734
15820000 4.74539
15830000 4.81952
15840000 4.7955
15850000 4.77038
15860000 4.84429
15870000 4.77139
15880000 4.78925
15890000 4.76512
15900000 4.74454
15910000 4.73308
15920000 4.81936
15930000 4.8384
15940000 4.779
15950000 4.86647
15960000 4.77555
15970000 4.77527
15980000 4.7578
15990000 4.73344
16000000 4.75875
16010000 4.80842
16020000 4.81997
16030000 4.71373
16040000 4.87756
16050000 4.76911
16060000 4.7522
16070000 4.76467
16080000 4.73155
16090000 4.73612
16100000 4.84995
16110000 4.83374
16120000 4.78292
16130000 4.84773
16140000 4.75305
16150000 4.76135
16160000 4.75741
16170000 4.79153
16180000 4.73694
16190000 4.8011
16200000 4.78424
16210000 4.7729
16220000 4.82286
16230000 4.73578
16240000 4.78267
16250000 4.75249
16260000 4.87594
16270000 4.73574
16280000 4.81458
16290000 4.78244
16300000 4.76415
16310000 4.82773
16320000 4.73773
16330000 4.83392
16340000 4.7592
16350000 4.81997
16360000 4.73757
16370000 4.78415
16380000 4.79404
16390000 4.77058
16400000 4.82129
16410000 4.75444
16420000 4.75382
16430000 4.77033
16440000 4.78721
16450000 4.74722
16460000 4.81762
16470000 4.79517
16480000 4.75052
16490000 4.82159
16500000 4.77352
16510000 4.73056
16520000 4.74496
16530000 4.7966
16540000 4.74342
16550000 4.84656
16560000 4.77249
16570000 4.74145
16580000 4.85465
16590000 4.80053
16600000 4.7239
16610000 4.74459
16620000 4.73986
16630000 4.75425
16640000 4.85249
16650000 4.7633
16660000 4.74886
16670000 4.81748
16680000 4.75708
16690000 4.74456
16700000 4.73948
16710000 4.73963
16720000 4.78028
16730000 4.81502
16740000 4.79834
16750000 4.73245
16760000 4.83527
16770000 4.78384
16780000 4.80393
16790000 4.75856
16800000 4.74986
16810000 4.75099
16820000 4.82438
16830000 4.88028
16840000 4.79818
16850000 4.81701
16860000 4.79886
16870000 4.76043
16880000 4.74616
16890000 4.74463
16900000 4.80635
16910000 4.84453
16920000 4.86774
16930000 4.79003
16940000 4.81921
16950000 4.75338
16960000 4.78138
16970000 4.74785
16980000 4.74093
16990000 4.81746
17000000 4.77842
17010000 4.85569
17020000 4.77742
17030000 4.81205
17040000 4.75363
17050000 4.74669
17060000 4.74481
17070000 4.81881
17080000 4.79475
17090000 4.76992
17100000 4.84486
17110000 4.77098
17120000 4.78722
17130000 4.76488
17140000 4.74352
17150000 4.7326
17160000 4.81878
17170000 4.8378
17180000 4.77817
17190000 4.8657
17200000 4.77503
17210000 4.77449
17220000 4.75739
17230000 4.73287
17240000 4.75831
17250000 4.80795
17260000 4.81937
17270000 4.71325
17280000 4.87531
17290000 4.76827
17300000 4.75176
17310000 4.76421
17320000 4.73098
17330000 4.7362
17340000 4.84877
17350000 4.83299
17360000 4.78247
17370000 4.84702
17380000 4.75275
17390000 4.76109
17400000 4.75723
17410000 4.79134
17420000 4.73649
17430000 4.80031
17440000 4.7835
17450000 4.7728
17460000 4.82237
17470000 4.7354
17480000 4.7828
17490000 4.75214
17500000 4.87809
17510000 4.73523
17520000 4.81399
17530000 4.78189
17540000 4.7608
17550000 4.82671
17560000 4.73731
17570000 4.83337
17580000 4.76085
17590000 4.81898
17600000 4.73557
17610000 4.78338
17620000 4.7952
17630000 4.76985
17640000 4.82097
17650000 4.75428
17660000 4.75575
17670000 4.77014
17680000 4.78552
17690000 4.7468
17700000 4.81524
17710000 4.79459
17720000 4.74896
17730000 4.82105
17740000 4.77305
17750000 4.73011
17760000 4.74459
17770000 4.78133
17780000 4.7431
17790000 4.84513
17800000 4.77083
17810000 4.74123
17820000 4.85395
17830000 4.8005
17840000 4.72335
17850000 4.74533
17860000 4.73935
17870000 4.75374
17880000 4.85218
17890000 4.76271
17900000 4.74811
17910000 4.81706
17920000 4.75622
17930000 4.7441
17940000 4.73887
17950000 4.74018
17960000 4.77835
17970000 4.81482
17980000 4.7959
17990000 4.73287
18000000 4.83427
18010000 4.78347
18020000 4.80357
18030000 4.75804
18040000 4.74919
18050000 4.75031
18060000 4.82331
18070000 4.87953
18080000 4.79769
18090000 4.81658
18100000 4.79866
18110000 4.76002
18120000 4.74565
18130000 4.74418
18140000 4.80585
18150000 4.84392
18160000 4.86788
18170000 4.78929
18180000 4.8188
18190000 4.75194
18200000 4.781
18210000 4.74565
18220000 4.74034
18230000 4.81642
18240000 4.77787
18250000 4.85502
18260000 4.77701
18270000 4.81123
18280000 4.75252
18290000 4.74626
18300000 4.74438
18310000 4.81812
18320000 4.79411
18330000 4.76984
18340000 4.84481
18350000 4.77046
18360000 4.78686
18370000 4.76459
18380000 4.74235
18390000 4.73222
18400000 4.81819
18410000 4.83693
18420000 4.77627
18430000 4.86512
18440000 4.77454
18450000 4.76944
18460000 4.75707
18470000 4.72791
18480000 4.75757
18490000 4.80718
18500000 4.82025
18510000 4.71286
18520000 4.87443
18530000 4.7677
18540000 4.75125
18550000 4.76594
18560000 4.73057
18570000 4.73597
18580000 4.84819
18590000 4.83483
18600000 4.78236
18610000 4.84703
18620000 4.7523
18630000 4.76098
18640000 4.75774
18650000 4.79052
18660000 4.7361
18670000 4.7995
18680000 4.78297
18690000 4.77234
18700000 4.82116
18710000 4.73471
18720000 4.78241
18730000 4.75184
18740000 4.87282
18750000 4.73488
18760000 4.81325
18770000 4.78138
18780000 4.76031
18790000 4.8267
18800000 4.73695
18810000 4.83416
18820000 4.76049
18830000 4.81798
18840000 4.73513
18850000 4.78271
18860000 4.7937
18870000 4.76911
18880000 4.81915
18890000 4.75409
18900000 4.76066
18910000 4.7696
18920000 4.78523
18930000 4.74456
18940000 4.8167
18950000 4.79411
18960000 4.74882
18970000 4.82068
18980000 4.77257
18990000 4.72979
19000000 4.74395
19010000 4.78081
19020000 4.74311
19030000 4.84466
19040000 4.77035
19050000 4.74071
19060000 4.85378
19070000 4.79973
19080000 4.72288
19090000 4.74499
19100000 4.73886
19110000 4.75439
19120000 4.8517
19130000 4.76226
19140000 4.75596
19150000 4.81709
19160000 4.75534
19170000 4.74373
19180000 4.73852
19190000 4.74
19200000 4.76905
19210000 4.81535
19220000 4.79512
19230000 4.73244
19240000 4.83386
19250000 4.78318
19260000 4.80108
19270000 4.75754
19280000 4.7475
19290000 4.75077
19300000 4.82252
19310000 4.87742
19320000 4.79723
19330000 4.81617
19340000 4.79789
19350000 4.76056
19360000 4.74521
19370000 4.74345
19380000 4.80306
19390000 4.84325
19400000 4.8662
19410000 4.78916
19420000 4.81812
19430000 4.7518
19440000 4.78064
19450000 4.74521
19460000 4.7398
19470000 4.81163
19480000 4.77481
19490000 4.8547
19500000 4.77649
19510000 4.81086
19520000 4.75225
19530000 4.7458
19540000 4.7439
19550000 4.81724
19560000 4.79281
19570000 4.76931
19580000 4.84445
19590000 4.76955
19600000 4.78481
19610000 4.76437
19620000 4.74201
19630000 4.73167
19640000 4.81726
19650000 4.83662
19660000 4.77457
19670000 4.86484
19680000 4.77578
19690000 4.76969
19700000 4.75958
19710000 4.72746
19720000 4.75627
19730000 4.80714
19740000 4.81981
19750000 4.7124
19760000 4.87392
19770000 4.7667
19780000 4.75108
19790000 4.7656
19800000 4.73018
19810000 4.73562
19820000 4.84764
19830000 4.83449
19840000 4.78284
19850000 4.84592
19860000 4.75195
19870000 4.76061
19880000 4.74796
19890000 4.78856
19900000 4.73577
19910000 4.79785
19920000 4.78268
19930000 4.77204
19940000 4.8195
19950000 4.73417
19960000 4.78194
19970000 4.75155
19980000 4.87251
19990000 4.7345
20000000 4.81251
20010000 4.7804
20020000 4.75997
20030000 4.82527
20040000 4.73603
20050000 4.83351
20060000 4.76032
20070000 4.81828
20080000 4.73542
20090000 4.7821
20100000 4.79379
20110000 4.7688
20120000 4.81873
20130000 4.75338
20140000 4.76027
20150000 4.76945
20160000 4.78507
20170000 4.7511
20180000 4.81636
20190000 4.7945
20200000 4.74843
20210000 4.82007
20220000 4.7727
20230000 4.72941
20240000 4.744
20250000 4.78274
20260000 4.7432
20270000 4.84422
20280000 4.76993
20290000 4.73031
20300000 4.85348
20310000 4.80349
20320000 4.72243
20330000 4.74408
20340000 4.73849
20350000 4.75374
20360000 4.85051
20370000 4.76188
20380000 4.75558
20390000 4.81673
20400000 4.75507
20410000 4.7435
20420000 4.73821
20430000 4.73953
20440000 4.76938
20450000 4.81477
20460000 4.83766
20470000 4.73049
20480000 4.83357
20490000 4.78411
20500000 4.80077
20510000 4.75782
20520000 4.74704
20530000 4.75083
20540000 4.8226
20550000 4.87975
20560000 4.79702
20570000 4.81703
20580000 4.79798
20590000 4.75977
20600000 4.74478
20610000 4.74311
20620000 4.80263
20630000 4.84301
20640000 4.86631
20650000 4.78864
20660000 4.81783
20670000 4.75118
20680000 4.78272
20690000 4.74457
20700000 4.73598
20710000 4.80915
20720000 4.77249
20730000 4.85454
20740000 4.77591
20750000 4.81055
20760000 4.75201
20770000 4.74545
20780000 4.74331
20790000 4.81651
20800000 4.79221
20810000 4.77018
20820000 4.84395
20830000 4.76918
20840000 4.78549
20850000 4.7644
20860000 4.74917
20870000 4.7326
20880000 4.82082
20890000 4.83449
20900000 4.77408
20910000 4.86438
20920000 4.77536
20930000 4.76964
20940000 4.75937
20950000 4.72707
20960000 4.75597
20970000 4.80686
20980000 4.81929
20990000 4.71237
21000000 4.87279
21010000 4.76597
21020000 4.75015
21030000 4.76498
21040000 4.72957
21050000 4.73529
21060000 4.84701
21070000 4.8344
21080000 4.78265
21090000 4.84513
21100000 4.75186
21110000 4.76032
21120000 4.74742
21130000 4.78708
21140000 4.73563
21150000 4.79747
21160000 4.78162
21170000 4.77158
21180000 4.81913
21190000 4.73403
21200000 4.78176
21210000 4.75275
21220000 4.87266
21230000 4.73437
21240000 4.8119
21250000 4.78004
21260000 4.75962
21270000 4.82502
21280000 4.73578
21290000 4.83179
21300000 4.76018
21310000 4.81795
21320000 4.73489
21330000 4.78223
21340000 4.79365
21350000 4.7685
21360000 4.81845
21370000 4.75308
21380000 4.75979
21390000 4.76955
21400000 4.78479
21410000 4.74995
21420000 4.81594
21430000 4.79391
21440000 4.74806
21450000 4.82002
21460000 4.77392
21470000 4.72674
21480000 4.74378
21490000 4.78236
21500000 4.7429
21510000 4.84328
21520000 4.76944
21530000 4.72976
21540000 4.85319
21550000 4.80315
21560000 4.72213
21570000 4.74395
21580000 4.73816
21590000 4.75337
21600000 4.85022
21610000 4.76158
21620000 4.75511
21630000 4.81624
21640000 4.75626
21650000 4.74372
21660000 4.73799
21670000 4.73932
21680000 4.76897
21690000 4.81447
21700000 4.83656
21710000 4.73022
21720000 4.83316
21730000 4.78523
21740000 4.80053
21750000 4.75747
21760000 4.74661
21770000 4.74641
21780000 4.82082
21790000 4.87925
21800000 4.79705
21810000 4.81674
21820000 4.79146
21830000 4.7603
21840000 4.74451
21850000 4.74256
21860000 4.80238
21870000 4.84164
21880000 4.86479
21890000 4.78821
21900000 4.82496
21910000 4.75141
21920000 4.78289
21930000 4.74496
21940000 4.73552
21950000 4.80775
21960000 4.77277
21970000 4.85428
21980000 4.77555
21990000 4.80994
22000000 4.75179
22010000 4.74517
22020000 4.74295
22030000 4.81551
22040000 4.79119
22050000 4.7698
22060000 4.84338
22070000 4.76842
22080000 4.78584
22090000 4.76287
22100000 4.7488
22110000 4.73238
22120000 4.82209
22130000 4.835
22140000 4.77376
22150000 4.86398
22160000 4.77508
22170000 4.76711
22180000 4.75915
22190000 4.72707
22200000 4.75559
22210000 4.8062
22220000 4.8189
22230000 4.7121
22240000 4.87235
22250000 4.7656
22260000 4.74988
22270000 4.76488
22280000 4.72933
22290000 4.73499
22300000 4.85523
22310000 4.83419
22320000 4.78369
22330000 4.84518
22340000 4.75151
22350000 4.76003
22360000 4.75169
22370000 4.78705
22380000 4.73535
22390000 4.79693
22400000 4.78124
22410000 4.76951
22420000 4.82055
22430000 4.73362
22440000 4.78163
22450000 4.75157
22460000 4.87275
22470000 4.73413
22480000 4.81136
22490000 4.77935
22500000 4.75952
22510000 4.82476
22520000 4.73554
22530000 4.83186
22540000 4.75997
22550000 4.81769
22560000 4.73477
22570000 4.78248
22580000 4.79251
22590000 4.77213
22600000 4.81925
22610000 4.75295
22620000 4.75959
22630000 4.76926
22640000 4.78449
22650000 4.74975
22660000 4.81563
22670000 4.794
22680000 4.74775
22690000 4.81963
22700000 4.77391
22710000 4.72644
22720000 4.74359
22730000 4.78247
22740000 4.74265
22750000 4.84286
22760000 4.76968
22770000 4.72946
22780000 4.85287
22790000 4.80311
22800000 4.72189
22810000 4.74366
22820000 4.73784
22830000 4.75314
22840000 4.85014
22850000 4.76126
22860000 4.75482
22870000 4.81586
22880000 4.75559
22890000 4.74288
22900000 4.73755
22910000 4.73915
22920000 4.76772
22930000 4.81428
22940000 4.83606
22950000 4.72974
22960000 4.83273
22970000 4.78554
22980000 4.80028
22990000 4.75728
23000000 4.74623
23010000 4.74614
23020000 4.8206
23030000 4.87474
23040000 4.79674
23050000 4.81653
23060000 4.79163
23070000 4.76
23080000 4.74447
23090000 4.74207
23100000 4.80076
23110000 4.83513
23120000 4.86502
23130000 4.788
23140000 4.82473
23150000 4.75299
23160000 4.78235
23170000 4.74468
23180000 4.73591
23190000 4.80509
23200000 4.7757
23210000 4.85546
23220000 4.77495
23230000 4.80975
23240000 4.77158
23250000 4.74683
23260000 4.7426
23270000 4.815
23280000 4.79084
23290000 4.76934
23300000 4.84256
23310000 4.76824
23320000 4.7855
23330000 4.76273
23340000 4.74868
23350000 4.73214
23360000 4.82651
23370000 4.83473
23380000 4.77343
23390000 4.86361
23400000 4.77519
23410000 4.76667
23420000 4.75887
23430000 4.72664
23440000 4.75556
23450000 4.80589
23460000 4.81817
23470000 4.71268
23480000 4.87171
23490000 4.76576
23500000 4.74966
23510000 4.76478
23520000 4.72911
23530000 4.73358
23540000 4.85491
23550000 4.834
23560000 4.78367
23570000 4.84472
23580000 4.75128
23590000 4.75995
23600000 4.75138
23610000 4.78626
23620000 4.73514
23630000 4.79617
23640000 4.78096
23650000 4.76907
23660000 4.82032
23670000 4.73334
23680000 4.78219
23690000 4.74816
23700000 4.86798
23710000 4.73466
23720000 4.80957
23730000 4.77914
23740000 4.75964
23750000 4.82443
23760000 4.73531
23770000 4.83247
23780000 4.75961
23790000 4.81781
23800000 4.73459
23810000 4.78193
23820000 4.78776
23830000 4.77077
23840000 4.81926
23850000 4.75313
23860000 4.76185
23870000 4.76916
23880000 4.78422
23890000 4.74991
23900000 4.8155
23910000 4.79284
23920000 4.74748
23930000 4.81853
23940000 4.77359
23950000 4.72628
23960000 4.74348
23970000 4.78185
23980000 4.74245
23990000 4.84257
24000000 4.76936
24010000 4.72952
24020000 4.85249
24030000 4.8031
24040000 4.72168
24050000 4.74344
24060000 4.73743
24070000 4.75312
24080000 4.85
24090000 4.76081
24100000 4.75468
24110000 4.81615
24120000 4.7559
24130000 4.74285
24140000 4.73732
24150000 4.7389
24160000 4.76795
24170000 4.81295
24180000 4.83487
24190000 4.7276
24200000 4.83273
24210000 4.78497
24220000 4.80009
24230000 4.75687
24240000 4.74596
24250000 4.74585
24260000 4.82044
24270000 4.87486
24280000 4.79649
24290000 4.81648
24300000 4.7892
24310000 4.7599
24320000 4.7442
24330000 4.74131
24340000 4.79598
24350000 4.83416
24360000 4.86462
24370000 4.78807
24380000 4.82454
24390000 4.75301
24400000 4.78205
24410000 4.74709
24420000 4.73552
24430000 4.80462
24440000 4.77558
24450000 4.85479
24460000 4.78118
24470000 4.80941
24480000 4.77197
24490000 4.74629
24500000 4.74289
24510000 4.81316
24520000 4.79041
24530000 4.76902
24540000 4.84219
24550000 4.76779
24560000 4.78522
24570000 4.76252
24580000 4.74841
24590000 4.73195
24600000 4.8262
24610000 4.83444
24620000 4.76508
24630000 4.86371
24640000 4.77496
24650000 4.7664
24660000 4.75909
24670000 4.72638
24680000 4.75526
24690000 4.80557
24700000 4.81828
24710000 4.71238
24720000 4.87092
24730000 4.76546
24740000 4.74943
24750000 4.76442
24760000 4.72888
24770000 4.73336
24780000 4.85432
24790000 4.83424
24800000 4.78347
24810000 4.844
24820000 4.75106
24830000 4.75983
24840000 4.75119
24850000 4.7996
24860000 4.73473
24870000 4.79579
24880000 4.78072
24890000 4.76894
24900000 4.81976
24910000 4.73264
24920000 4.78149
24930000 4.74827
24940000 4.86771
24950000 4.73441
24960000 4.80913
24970000 4.77879
24980000 4.75902
24990000 4.82401
25000000 4.73507
25010000 4.83047
25020000 4.75632
25030000 4.81207
25040000 4.73442
25050000 4.78474
25060000 4.78734
25070000 4.77106
25080000 4.81794
25090000 4.75299
25100000 4.7617
25110000 4.76861
25120000 4.78396
25130000 4.74966
25140000 4.81507
25150000 4.79254
25160000 4.74721
25170000 4.81851
25180000 4.77371
25190000 4.72622
25200000 4.74334
25210000 4.76154
25220000 4.74226
25230000 4.84234
25240000 4.769
25250000 4.72922
25260000 4.85215
25270000 4.80008
25280000 4.72138
25290000 4.74409
25300000 4.7367
25310000 4.75288
25320000 4.84969
25330000 4.76042
25340000 4.75673
25350000 4.81608
25360000 4.75515
25370000 4.74235
25380000 4.73715
25390000 4.73871
25400000 4.76845
25410000 4.81278
25420000 4.83551
25430000 4.72792
25440000 4.83129
25450000 4.78607
25460000 4.7999
25470000 4.7566
25480000 4.74554
25490000 4.74564
25500000 4.82032
25510000 4.87592
25520000 4.79508
25530000 4.81696
25540000 4.78928
25550000 4.75975
25560000 4.74398
25570000 4.741
25580000 4.79426
25590000 4.83385
25600000 4.86339
25610000 4.78787
25620000 4.82437
25630000 4.75318
25640000 4.78176
25650000 4.74684
25660000 4.73535
25670000 4.80425
25680000 4.77478
25690000 4.8544
25700000 4.78094
25710000 4.80925
25720000 4.77173
25730000 4.74464
25740000 4.74251
25750000 4.81297
25760000 4.79021
25770000 4.76874
25780000 4.84187
25790000 4.76756
25800000 4.7839
25810000 4.76238
25820000 4.74838
25830000 4.73179
25840000 4.82595
25850000 4.83458
25860000 4.76483
25870000 4.86456
25880000 4.77404
25890000 4.7656
25900000 4.75997
25910000 4.72616
25920000 4.75504
25930000 4.80569
25940000 4.81635
25950000 4.71233
25960000 4.87064
25970000 4.76513
25980000 4.74925
25990000 4.76282
26000000 4.72876
26010000 4.73322
26020000 4.85381
26030000 4.83403
26040000 4.78327
26050000 4.84414
26060000 4.75086
26070000 4.75968
26080000 4.75102
26090000 4.79865
26100000 4.7346
26110000 4.79569
26120000 4.78056
26130000 4.76852
26140000 4.81955
26150000 4.73243
26160000 4.78063
26170000 4.74923
26180000 4.86835
26190000 4.7341
26200000 4.80854
26210000 4.77901
26220000 4.75869
26230000 4.82383
26240000 4.73488
26250000 4.83193
26260000 4.75622
26270000 4.8119
26280000 4.73549
26290000 4.78479
26300000 4.78719
26310000 4.77058
26320000 4.81752
26330000 4.75293
26340000 4.76167
26350000 4.77183
26360000 4.78415
26370000 4.7482
26380000 4.81481
26390000 4.79192
26400000 4.747
26410000 4.81828
26420000 4.77371
26430000 4.72596
26440000 4.74321
26450000 4.76125
26460000 4.74146
26470000 4.84194
26480000 4.76867
26490000 4.72903
26500000 4.85317
26510000 4.79997
26520000 4.72091
26530000 4.74417
26540000 4.73632
26550000 4.75272
26560000 4.84941
26570000 4.7602
26580000 4.75655
26590000 4.8158
26600000 4.75532
26610000 4.74218
26620000 4.73698
26630000 4.73897
26640000 4.7683
26650000 4.81273
26660000 4.83382
26670000 4.728
26680000 4.82423
26690000 4.78652
26700000 4.76384
26710000 4.75637
26720000 4.74484
26730000 4.74539
26740000 4.82025
26750000 4.87555
26760000 4.79473
26770000 4.81679
26780000 4.78955
26790000 4.76084
26800000 4.74381
26810000 4.73988
26820000 4.794
26830000 4.83407
26840000 4.8707
26850000 4.78764
26860000 4.82514
26870000 4.75332
26880000 4.78287
26890000 4.74659
26900000 4.73507
26910000 4.8023
26920000 4.77122
26930000 4.8541
26940000 4.78076
26950000 4.80894
26960000 4.77109
26970000 4.74365
26980000 4.74286
26990000 4.8135
27000000 4.78966
27010000 4.76926
27020000 4.8416
27030000 4.76674
27040000 4.7838
27050000 4.76224
27060000 4.74816
27070000 4.73191
27080000 4.83088
27090000 4.83434
27100000 4.76413
27110000 4.86419
27120000 4.77394
27130000 4.76412
27140000 4.75977
27150000 4.72604
27160000 4.75479
27170000 4.80535
27180000 4.81623
27190000 4.71194
27200000 4.87086
27210000 4.76488
27220000 4.74871
27230000 4.76239
27240000 4.72884
27250000 4.73269
27260000 4.85294
27270000 4.83391
27280000 4.8099
27290000 4.84387
27300000 4.7507
27310000 4.75957
27320000 4.75097
27330000 4.80074
27340000 4.73441
27350000 4.79536
27360000 4.78072
27370000 4.7694
27380000 4.81916
27390000 4.73234
27400000 4.78134
27410000 4.74957
27420000 4.86826
27430000 4.73412
27440000 4.80851
27450000 4.77848
27460000 4.761
27470000 4.82347
27480000 4.73474
27490000 4.83174
27500000 4.75588
27510000 4.81216
27520000 4.73544
27530000 4.78444
27540000 4.78694
27550000 4.77032
27560000 4.81809
27570000 4.75301
27580000 4.74558
27590000 4.76913
27600000 4.78395
27610000 4.74805
27620000 4.8143
27630000 4.79179
27640000 4.74681
27650000 4.81783
27660000 4.77359
27670000 4.726
27680000 4.74314
27690000 4.76105
27700000 4.74118
27710000 4.84147
27720000 4.76846
27730000 4.72887
27740000 4.85304
27750000 4.80017
27760000 4.72068
27770000 4.74343
27780000 4.73615
27790000 4.75258
27800000 4.8494
27810000 4.76001
27820000 4.75635
27830000 4.81536
27840000 4.75539
27850000 4.74182
27860000 4.7385
27870000 4.7383
27880000 4.76837
27890000 4.81263
27900000 4.83037
27910000 4.72787
27920000 4.82402
27930000 4.78659
27940000 4.76447
27950000 4.75615
27960000 4.74458
27970000 4.74523
27980000 4.82041
27990000 4.86889
28000000 4.79446
28010000 4.81666
28020000 4.78974
28030000 4.76062
28040000 4.74361
28050000 4.73963
28060000 4.79333
28070000 4.80562
28080000 4.87015
28090000 4.78749
28100000 4.82494
28110000 4.75378
28120000 4.78271
28130000 4.74665
28140000 4.73497
28150000 4.80592
28160000 4.77112
28170000 4.85342
28180000 4.77886
28190000 4.80875
28200000 4.77122
28210000 4.74348
28220000 4.74256
28230000 4.81345
28240000 4.78974
28250000 4.76921
28260000 4.84131
28270000 4.76657
28280000 4.78364
28290000 4.76239
28300000 4.7478
28310000 4.73193
28320000 4.83357
28330000 4.83542
28340000 4.76394
28350000 4.86425
28360000 4.77391
28370000 4.76323
28380000 4.75968
28390000 4.7259
28400000 4.75442
28410000 4.80544
28420000 4.81603
28430000 4.7151
28440000 4.86972
28450000 4.76485
28460000 4.7452
28470000 4.76234
28480000 4.72867
28490000 4.73248
28500000 4.8521
28510000 4.83382
28520000 4.8096
28530000 4.83976
28540000 4.75054
28550000 4.76242
28560000 4.75072
28570000 4.80062
28580000 4.73443
28590000 4.79621
28600000 4.78053
28610000 4.77456
28620000 4.81939
28630000 4.73208
28640000 4.78012
28650000 4.74702
28660000 4.86795
28670000 4.73412
28680000 4.80819
28690000 4.77817
28700000 4.76072
28710000 4.82331
28720000 4.73458
28730000 4.83158
28740000 4.7559
28750000 4.81138
28760000 4.73499
28770000 4.78384
28780000 4.78673
28790000 4.77251
28800000 4.81796
28810000 4.7503
28820000 4.74615
28830000 4.76875
28840000 4.7837
28850000 4.74792
28860000 4.81297
28870000 4.79164
28880000 4.74646
28890000 4.81764
28900000 4.77295
28910000 4.72485
28920000 4.74301
28930000 4.76246
28940000 4.74104
28950000 4.84115
28960000 4.76827
28970000 4.72875
28980000 4.85285
28990000 4.80057
29000000 4.72054
29010000 4.74337
29020000 4.73602
29030000 4.75238
29040000 4.84935
29050000 4.7599
29060000 4.75623
29070000 4.83065
29080000 4.75539
29090000 4.74246
29100000 4.73838
29110000 4.73811
29120000 4.76815
29130000 4.81252
29140000 4.8301
29150000 4.72721
29160000 4.8231
29170000 4.7859
29180000 4.76543
29190000 4.7558
29200000 4.74499
29210000 4.74584
29220000 4.81948
29230000 4.86865
29240000 4.79425
29250000 4.81651
29260000 4.78961
29270000 4.7605
29280000 4.74336
29290000 4.73942
29300000 4.79405
29310000 4.80517
29320000 4.86967
29330000 4.78626
29340000 4.82483
29350000 4.75306
29360000 4.78267
29370000 4.74644
29380000 4.73522
29390000 4.80299
29400000 4.77057
29410000 4.85316
29420000 4.77876
29430000 4.80862
29440000 4.77189
29450000 4.74451
29460000 4.74237
29470000 4.81311
29480000 4.78836
29490000 4.76915
29500000 4.84095
29510000 4.76587
29520000 4.77803
29530000 4.76334
29540000 4.74814
29550000 4.73166
29560000 4.83364
29570000 4.83482
29580000 4.76376
29590000 4.86404
29600000 4.77271
29610000 4.76225
29620000 4.75735
29630000 4.72565
29640000 4.75379
29650000 4.80523
29660000 4.81471
29670000 4.71496
29680000 4.86947
29690000 4.76461
29700000 4.74508
29710000 4.76183
29720000 4.72875
29730000 4.73112
29740000 4.85212
29750000 4.83371
29760000 4.80949
29770000 4.83973
29780000 4.7699
29790000 4.76251
29800000 4.75061
29810000 4.79972
29820000 4.73424
29830000 4.79435
29840000 4.77961
29850000 4.77435
29860000 4.81923
29870000 4.73232
29880000 4.78045
29890000 4.74693
29900000 4.86791
29910000 4.73398
29920000 4.8066
29930000 4.78061
29940000 4.76838
29950000 4.82315
29960000 4.73446
29970000 4.83166
29980000 4.75568
29990000 4.81084
30000000 4.73409
