10000 15.1383
20000 10.0384
30000 8.48013
40000 7.06321
50000 6.33662
60000 5.68446
70000 5.25814
80000 4.8791
90000 4.59024
100000 4.3451
110000 4.13406
120000 3.95779
130000 3.79771
140000 3.66182
150000 3.53663
160000 3.42691
170000 3.32812
180000 3.23718
190000 3.15583
200000 3.08088
210000 3.00967
220000 2.94586
230000 2.88392
240000 2.82959
250000 2.77452
260000 2.72843
270000 2.67999
280000 2.63876
290000 2.598
300000 2.55784
310000 2.52255
320000 2.48512
330000 2.45436
340000 2.41913
350000 2.39358
360000 2.36139
370000 2.33647
380000 2.31032
390000 2.28286
400000 2.26116
410000 2.23488
420000 2.21533
430000 2.18991
440000 2.17415
450000 2.1503
460000 2.13376
470000 2.11549
480000 2.09497
490000 2.08046
500000 2.06037
510000 2.04726
520000 2.02749
530000 2.01755
540000 1.99947
550000 1.98698
560000 1.97386
570000 1.95736
580000 1.94726
590000 1.93132
600000 1.92187
610000 1.90572
620000 1.89962
630000 1.88585
640000 1.87578
650000 1.8656
660000 1.85154
670000 1.84537
680000 1.83177
690000 1.82521
700000 1.81268
710000 1.80764
720000 1.7997
730000 1.78948
740000 1.78128
750000 1.76898
760000 1.76481
770000 1.75281
780000 1.74929
790000 1.73854
800000 1.73474
810000 1.72838
820000 1.71977
830000 1.71363
840000 1.7021
850000 1.69991
860000 1.68918
870000 1.68748
880000 1.67797
890000 1.67557
900000 1.67151
910000 1.66316
920000 1.65917
930000 1.64799
940000 1.64689
950000 1.63808
960000 1.63664
970000 1.62847
980000 1.62915
990000 1.62408
1000000 1.61663
1010000 1.61537
1020000 1.60429
1030000 1.60379
1040000 1.59564
1050000 1.59586
1060000 1.58736
1070000 1.5883
1080000 1.58477
1090000 1.57754
1100000 1.57748
1110000 1.56754
1120000 1.56742
1130000 1.55978
1140000 1.56078
1150000 1.55297
1160000 1.55487
1170000 1.55196
1180000 1.54517
1190000 1.54584
1200000 1.53656
1210000 1.53712
1220000 1.52938
1230000 1.53129
1240000 1.52523
1250000 1.5267
1260000 1.52468
1270000 1.51768
1280000 1.51913
1290000 1.51053
1300000 1.513
1310000 1.50393
1320000 1.50664
1330000 1.50153
1340000 1.50158
1350000 1.50168
1360000 1.49454
1370000 1.49667
1380000 1.48911
1390000 1.49149
1400000 1.48398
1410000 1.48701
1420000 1.48101
1430000 1.48155
1440000 1.48179
1450000 1.47585
1460000 1.4776
1470000 1.47075
1480000 1.47341
1490000 1.46615
1500000 1.47045
1510000 1.46371
1520000 1.46515
1530000 1.46496
1540000 1.45979
1550000 1.46176
1560000 1.45528
1570000 1.45782
1580000 1.45065
1590000 1.45647
1600000 1.44932
1610000 1.45101
1620000 1.45075
1630000 1.4452
1640000 1.4483
1650000 1.44222
1660000 1.44488
1670000 1.43822
1680000 1.44404
1690000 1.43711
1700000 1.439
1710000 1.4395
1720000 1.43352
1730000 1.43702
1740000 1.43095
1750000 1.43387
1760000 1.4278
1770000 1.4336
1780000 1.42808
1790000 1.42895
1800000 1.42961
1810000 1.42371
1820000 1.42743
1830000 1.42171
1840000 1.42447
1850000 1.41855
1860000 1.42462
1870000 1.4208
1880000 1.42074
1890000 1.42113
1900000 1.4151
1910000 1.41986
1920000 1.41399
1930000 1.41713
1940000 1.41259
1950000 1.4169
1960000 1.41771
1970000 1.4147
1980000 1.41499
1990000 1.40875
2000000 1.41324
2010000 1.40731
2020000 1.41199
2030000 1.40738
2040000 1.41099
2050000 1.4117
2060000 1.40878
2070000 1.40961
2080000 1.40281
2090000 1.40771
2100000 1.40186
2110000 1.40688
2120000 1.40233
2130000 1.40596
2140000 1.40796
2150000 1.40399
2160000 1.40575
2170000 1.39844
2180000 1.40267
2190000 1.3985
2200000 1.40236
2210000 1.39837
2220000 1.40427
2230000 1.40401
2240000 1.4001
2250000 1.4038
2260000 1.39585
2270000 1.40009
2280000 1.39539
2290000 1.40021
2300000 1.395
2310000 1.40017
2320000 1.4008
2330000 1.39649
2340000 1.40062
2350000 1.39334
2360000 1.39722
2370000 1.39234
2380000 1.3972
2390000 1.39221
2400000 1.39771
2410000 1.39828
2420000 1.39393
2430000 1.39811
2440000 1.39113
2450000 1.39503
2460000 1.3896
2470000 1.39482
2480000 1.39122
2490000 1.3956
2500000 1.39664
2510000 1.39161
2520000 1.39608
2530000 1.38944
2540000 1.39483
2550000 1.38764
2560000 1.39319
2570000 1.39016
2580000 1.39251
2590000 1.39541
2600000 1.38993
2610000 1.39459
2620000 1.38872
2630000 1.39361
2640000 1.38782
2650000 1.39321
2660000 1.38895
2670000 1.39148
2680000 1.39407
2690000 1.38958
2700000 1.39346
2710000 1.38808
2720000 1.39286
2730000 1.38713
2740000 1.39345
2750000 1.38821
2760000 1.39135
2770000 1.39311
2780000 1.38921
2790000 1.39303
2800000 1.38782
2810000 1.39216
2820000 1.38636
2830000 1.39391
2840000 1.38808
2850000 1.39117
2860000 1.39259
2870000 1.3881
2880000 1.39283
2890000 1.38788
2900000 1.39205
2910000 1.38661
2920000 1.39387
2930000 1.38812
2940000 1.3912
2950000 1.39317
2960000 1.38812
2970000 1.393
2980000 1.38793
2990000 1.39209
3000000 1.38715
3010000 1.39415
3020000 1.38971
3030000 1.39161
3040000 1.39353
3050000 1.38838
3060000 1.39333
3070000 1.38847
3080000 1.3923
3090000 1.38738
3100000 1.39446
3110000 1.39162
3120000 1.39244
3130000 1.39392
3140000 1.38858
3150000 1.39436
3160000 1.38925
3170000 1.39332
3180000 1.38962
3190000 1.39481
3200000 1.39657
3210000 1.39424
3220000 1.39551
3230000 1.38984
3240000 1.39519
3250000 1.38996
3260000 1.3955
3270000 1.39157
3280000 1.39592
3290000 1.39747
3300000 1.39513
3310000 1.39681
3320000 1.39052
3330000 1.39616
3340000 1.39095
3350000 1.39668
3360000 1.39274
3370000 1.39699
3380000 1.39977
3390000 1.39612
3400000 1.39873
3410000 1.39191
3420000 1.39677
3430000 1.39319
3440000 1.39765
3450000 1.39422
3460000 1.4006
3470000 1.40105
3480000 1.39754
3490000 1.40182
3500000 1.39438
3510000 1.39914
3520000 1.39495
3530000 1.40028
3540000 1.39555
3550000 1.40115
3560000 1.4024
3570000 1.39848
3580000 1.40308
3590000 1.39626
3600000 1.4006
3610000 1.39616
3620000 1.40145
3630000 1.39692
3640000 1.40275
3650000 1.40386
3660000 1.39985
3670000 1.40445
3680000 1.39789
3690000 1.40216
3700000 1.39716
3710000 1.40321
3720000 1.39951
3730000 1.40417
3740000 1.40571
3750000 1.40097
3760000 1.40577
3770000 1.39954
3780000 1.40522
3790000 1.39845
3800000 1.40428
3810000 1.40159
3820000 1.40418
3830000 1.40752
3840000 1.40231
3850000 1.40708
3860000 1.40172
3870000 1.40687
3880000 1.40144
3890000 1.40705
3900000 1.40312
3910000 1.40585
3920000 1.40883
3930000 1.40457
3940000 1.40878
3950000 1.40362
3960000 1.40861
3970000 1.40323
3980000 1.40969
3990000 1.40478
4000000 1.40807
4010000 1.41016
4020000 1.40647
4030000 1.41048
4040000 1.40558
4050000 1.41008
4060000 1.40462
4070000 1.41223
4080000 1.40675
4090000 1.40994
4100000 1.41165
4110000 1.40731
4120000 1.41223
4130000 1.40757
4140000 1.41186
4150000 1.40673
4160000 1.41402
4170000 1.40859
4180000 1.41175
4190000 1.41396
4200000 1.4091
4210000 1.41409
4220000 1.40939
4230000 1.41354
4240000 1.40889
4250000 1.41588
4260000 1.41172
4270000 1.41371
4280000 1.41584
4290000 1.41084
4300000 1.41589
4310000 1.41127
4320000 1.41516
4330000 1.41053
4340000 1.41757
4350000 1.41496
4360000 1.41588
4370000 1.41754
4380000 1.41256
4390000 1.41818
4400000 1.4133
4410000 1.41741
4420000 1.41391
4430000 1.41912
4440000 1.42101
4450000 1.41881
4460000 1.42024
4470000 1.41473
4480000 1.42009
4490000 1.41508
4500000 1.42064
4510000 1.41688
4520000 1.42124
4530000 1.42292
4540000 1.42068
4550000 1.4225
4560000 1.41638
4570000 1.422
4580000 1.417
4590000 1.42272
4600000 1.41893
4610000 1.42318
4620000 1.42606
4630000 1.42251
4640000 1.4252
4650000 1.41858
4660000 1.42342
4670000 1.42001
4680000 1.42446
4690000 1.42118
4700000 1.42748
4710000 1.42807
4720000 1.42465
4730000 1.42893
4740000 1.42172
4750000 1.42645
4760000 1.42242
4770000 1.42771
4780000 1.42314
4790000 1.42867
4800000 1.43003
4810000 1.42621
4820000 1.43079
4830000 1.42417
4840000 1.42849
4850000 1.42407
4860000 1.42943
4870000 1.42505
4880000 1.43079
4890000 1.432
4900000 1.42809
4910000 1.43265
4920000 1.42628
4930000 1.43051
4940000 1.42567
4950000 1.43164
4960000 1.42806
4970000 1.43264
4980000 1.43428
4990000 1.42962
5000000 1.43438
5010000 1.42832
5020000 1.43393
5030000 1.42735
5040000 1.43308
5050000 1.43049
5060000 1.43304
5070000 1.43642
5080000 1.43131
5090000 1.43601
5100000 1.43081
5110000 1.43588
5120000 1.43061
5130000 1.43611
5140000 1.43231
5150000 1.43499
5160000 1.438
5170000 1.43381
5180000 1.43796
5190000 1.43296
5200000 1.43785
5210000 1.43263
5220000 1.43895
5230000 1.43418
5240000 1.43741
5250000 1.43954
5260000 1.43591
5270000 1.43986
5280000 1.43509
5290000 1.43951
5300000 1.43421
5310000 1.44165
5320000 1.43632
5330000 1.43943
5340000 1.44118
5350000 1.43691
5360000 1.44175
5370000 1.43721
5380000 1.44141
5390000 1.43642
5400000 1.44355
5410000 1.43827
5420000 1.44135
5430000 1.44358
5440000 1.4388
5450000 1.44369
5460000 1.43911
5470000 1.44317
5480000 1.43865
5490000 1.44548
5500000 1.44144
5510000 1.44337
5520000 1.4455
5530000 1.44057
5540000 1.44554
5550000 1.44103
5560000 1.44483
5570000 1.44032
5580000 1.44719
5590000 1.44466
5600000 1.44556
5610000 1.44722
5620000 1.44232
5630000 1.44782
5640000 1.44305
5650000 1.44707
5660000 1.44366
5670000 1.44875
5680000 1.45062
5690000 1.44845
5700000 1.44989
5710000 1.44447
5720000 1.4497
5730000 1.44481
5740000 1.45024
5750000 1.44656
5760000 1.45082
5770000 1.45249
5780000 1.45028
5790000 1.45209
5800000 1.44608
5810000 1.45156
5820000 1.44667
5830000 1.45226
5840000 1.44854
5850000 1.4527
5860000 1.45554
5870000 1.45204
5880000 1.45468
5890000 1.44837
5900000 1.45291
5910000 1.44958
5920000 1.45392
5930000 1.45071
5940000 1.45685
5950000 1.45746
5960000 1.45407
5970000 1.45827
5980000 1.4512
5990000 1.45582
6000000 1.45187
6010000 1.45704
6020000 1.45255
6030000 1.45794
6040000 1.45931
6050000 1.45553
6060000 1.46001
6070000 1.45353
6080000 1.45774
6090000 1.45341
6100000 1.45864
6110000 1.45434
6120000 1.45994
6130000 1.46115
6140000 1.45728
6150000 1.46174
6160000 1.4555
6170000 1.45963
6180000 1.45488
6190000 1.4607
6200000 1.45719
6210000 1.46165
6220000 1.46328
6230000 1.45868
6240000 1.46333
6250000 1.45739
6260000 1.46286
6270000 1.45642
6280000 1.46201
6290000 1.45945
6300000 1.46193
6310000 1.46527
6320000 1.46022
6330000 1.46481
6340000 1.45971
6350000 1.46465
6360000 1.45949
6370000 1.46485
6380000 1.46111
6390000 1.46371
6400000 1.46669
6410000 1.46254
6420000 1.46659
6430000 1.46168
6440000 1.46646
6450000 1.46133
6460000 1.4675
6470000 1.46282
6480000 1.46595
6490000 1.46806
6500000 1.46446
6510000 1.46832
6520000 1.46363
6530000 1.46795
6540000 1.46273
6550000 1.47001
6560000 1.46478
6570000 1.46777
6580000 1.46953
6590000 1.4653
6600000 1.47002
6610000 1.46557
6620000 1.46967
6630000 1.46476
6640000 1.47172
6650000 1.46654
6660000 1.46953
6670000 1.47173
6680000 1.467
6690000 1.47178
6700000 1.46728
6710000 1.47123
6720000 1.4668
6730000 1.47346
6740000 1.46949
6750000 1.47136
6760000 1.47346
6770000 1.46858
6780000 1.47344
6790000 1.46901
6800000 1.4727
6810000 1.46828
6820000 1.47496
6830000 1.47249
6840000 1.47334
6850000 1.47498
6860000 1.47015
6870000 1.47552
6880000 1.47083
6890000 1.47474
6900000 1.47138
6910000 1.47635
6920000 1.47818
6930000 1.47602
6940000 1.47744
6950000 1.47209
6960000 1.47719
6970000 1.47238
6980000 1.47769
6990000 1.47406
7000000 1.47822
7010000 1.47986
7020000 1.47765
7030000 1.47942
7040000 1.4735
7050000 1.47885
7060000 1.47404
7070000 1.47951
7080000 1.47583
7090000 1.48211
7100000 1.48268
7110000 1.4792
7120000 1.48179
7130000 1.47556
7140000 1.48001
7150000 1.47672
7160000 1.48096
7170000 1.47778
7180000 1.48378
7190000 1.48439
7200000 1.48103
7210000 1.48513
7220000 1.47818
7230000 1.48269
7240000 1.4788
7250000 1.48385
7260000 1.47942
7270000 1.48469
7280000 1.48603
7290000 1.48229
7300000 1.48667
7310000 1.4803
7320000 1.48441
7330000 1.48014
7340000 1.48524
7350000 1.48101
7360000 1.48647
7370000 1.48767
7380000 1.48384
7390000 1.4882
7400000 1.48205
7410000 1.48609
7420000 1.48141
7430000 1.4871
7440000 1.48362
7450000 1.48798
7460000 1.48959
7470000 1.48504
7480000 1.48958
7490000 1.48374
7500000 1.48905
7510000 1.48275
7520000 1.48821
7530000 1.48567
7540000 1.48809
7550000 1.49136
7560000 1.48637
7570000 1.49087
7580000 1.48584
7590000 1.49068
7600000 1.48558
7610000 1.49083
7620000 1.48713
7630000 1.48966
7640000 1.4926
7650000 1.48849
7660000 1.49244
7670000 1.48761
7680000 1.49228
7690000 1.48723
7700000 1.49326
7710000 1.48864
7720000 1.49169
7730000 1.49377
7740000 1.4902
7750000 1.49396
7760000 1.48935
7770000 1.49357
7780000 1.48842
7790000 1.49555
7800000 1.49039
7810000 1.49331
7820000 1.49504
7830000 1.49085
7840000 1.49547
7850000 1.49108
7860000 1.49509
7870000 1.49025
7880000 1.49706
7890000 1.49194
7900000 1.49487
7910000 1.49702
7920000 1.49235
7930000 1.497
7940000 1.49259
7950000 1.49645
7960000 1.49208
7970000 1.4986
7980000 1.49468
7990000 1.4965
8000000 1.49856
8010000 1.49373
8020000 1.49849
8030000 1.49412
8040000 1.49772
8050000 1.49337
8060000 1.49991
8070000 1.49746
8080000 1.49828
8090000 1.49989
8100000 1.49511
8110000 1.50037
8120000 1.49574
8130000 1.49956
8140000 1.49624
8150000 1.50111
8160000 1.50289
8170000 1.50075
8180000 1.50214
8190000 1.49683
8200000 1.50185
8210000 1.4971
8220000 1.5023
8230000 1.49871
8240000 1.50278
8250000 1.50438
8260000 1.50218
8270000 1.50392
8280000 1.49807
8290000 1.50331
8300000 1.49857
8310000 1.50392
8320000 1.5007
8330000 1.50644
8340000 1.50699
8350000 1.50355
8360000 1.50608
8370000 1.49993
8380000 1.50429
8390000 1.50104
8400000 1.50518
8410000 1.50204
8420000 1.50792
8430000 1.50851
8440000 1.50518
8450000 1.5092
8460000 1.50234
8470000 1.50676
8480000 1.50291
8490000 1.50786
8500000 1.50348
8510000 1.50865
8520000 1.50996
8530000 1.50626
8540000 1.51055
8550000 1.50434
8560000 1.50829
8570000 1.50407
8580000 1.50904
8590000 1.50488
8600000 1.51024
8610000 1.51141
8620000 1.50762
8630000 1.5119
8640000 1.50582
8650000 1.50978
8660000 1.50515
8670000 1.51073
8680000 1.50729
8690000 1.51157
8700000 1.51314
8710000 1.50864
8720000 1.51309
8730000 1.50788
8740000 1.51254
8750000 1.50631
8760000 1.51167
8770000 1.50915
8780000 1.51151
8790000 1.51473
8800000 1.50979
8810000 1.5142
8820000 1.50924
8830000 1.51397
8840000 1.50894
8850000 1.51408
8860000 1.51042
8870000 1.5129
8880000 1.51578
8890000 1.51171
8900000 1.51559
8910000 1.51081
8920000 1.51539
8930000 1.5104
8940000 1.51632
8950000 1.51176
8960000 1.51474
8970000 1.51678
8980000 1.51324
8990000 1.51692
9000000 1.51237
9010000 1.5165
9020000 1.51142
9030000 1.51841
9040000 1.51332
9050000 1.51617
9060000 1.51788
9070000 1.51372
9080000 1.51825
9090000 1.51389
9100000 1.51784
9110000 1.51306
9120000 1.51975
9130000 1.51469
9140000 1.51756
9150000 1.51967
9160000 1.51504
9170000 1.51954
9180000 1.51524
9190000 1.51902
9200000 1.5147
9210000 1.5211
9220000 1.51723
9230000 1.51901
9240000 1.52103
9250000 1.51625
9260000 1.52092
9270000 1.5166
9280000 1.52003
9290000 1.51581
9300000 1.52224
9310000 1.51981
9320000 1.5206
9330000 1.52218
9340000 1.51745
9350000 1.52261
9360000 1.51803
9370000 1.52178
9380000 1.51849
9390000 1.52327
9400000 1.52501
9410000 1.52288
9420000 1.52425
9430000 1.51899
9440000 1.52392
9450000 1.51922
9460000 1.52433
9470000 1.52077
9480000 1.52476
9490000 1.52633
9500000 1.52414
9510000 1.52585
9520000 1.52006
9530000 1.5252
9540000 1.5205
9550000 1.52577
9560000 1.52258
9570000 1.52821
9580000 1.52875
9590000 1.52534
9600000 1.52782
9610000 1.52175
9620000 1.52601
9630000 1.5228
9640000 1.52686
9650000 1.52375
9660000 1.52953
9670000 1.5301
9680000 1.52679
9690000 1.53075
9700000 1.52397
9710000 1.5283
9720000 1.52449
9730000 1.52935
9740000 1.52502
9750000 1.5301
9760000 1.53139
9770000 1.52771
9780000 1.53193
9790000 1.52579
9800000 1.52967
9810000 1.52549
9820000 1.53037
9830000 1.52625
9840000 1.53152
9850000 1.53267
9860000 1.52891
9870000 1.53311
9880000 1.5271
9890000 1.53099
9900000 1.52642
9910000 1.5319
9920000 1.52849
9930000 1.53268
9940000 1.53423
9950000 1.52977
9960000 1.53414
9970000 1.52895
9980000 1.53356
9990000 1.52741
10000000 1.53267
