10000 10.2215
20000 7.35587
30000 6.06233
40000 5.31413
50000 4.81661
60000 4.45122
70000 4.16531
80000 3.93339
90000 3.74046
100000 3.5762
110000 3.43119
120000 3.30366
130000 3.19002
140000 3.08813
150000 2.99523
160000 2.91056
170000 2.83305
180000 2.76369
190000 2.70076
200000 2.64095
210000 2.58493
220000 2.53388
230000 2.48472
240000 2.43783
250000 2.39526
260000 2.35478
270000 2.31912
280000 2.28586
290000 2.25261
300000 2.22096
310000 2.19243
320000 2.16319
330000 2.13408
340000 2.10906
350000 2.08511
360000 2.06644
370000 2.04357
380000 2.02263
390000 2.00279
400000 1.98436
410000 1.96566
420000 1.945
430000 1.9284
440000 1.91369
450000 1.90293
460000 1.88743
470000 1.87183
480000 1.85879
490000 1.84827
500000 1.83339
510000 1.81893
520000 1.80758
530000 1.79677
540000 1.79069
550000 1.78088
560000 1.76884
570000 1.75978
580000 1.75183
590000 1.74041
600000 1.73021
610000 1.72111
620000 1.71483
630000 1.7114
640000 1.70404
650000 1.69621
660000 1.68807
670000 1.68166
680000 1.67329
690000 1.66655
700000 1.65986
710000 1.65528
720000 1.65364
730000 1.64803
740000 1.64244
750000 1.63786
760000 1.6318
770000 1.62541
780000 1.61993
790000 1.61406
800000 1.61137
810000 1.61079
820000 1.60711
830000 1.6026
840000 1.60041
850000 1.59484
860000 1.58872
870000 1.58537
880000 1.58101
890000 1.58012
900000 1.57999
910000 1.57684
920000 1.57298
930000 1.57203
940000 1.56772
950000 1.56177
960000 1.55992
970000 1.55746
980000 1.56086
990000 1.55743
1000000 1.55492
1010000 1.55287
1020000 1.55118
1030000 1.54851
1040000 1.54247
1050000 1.54091
1060000 1.54034
1070000 1.54442
1080000 1.54155
1090000 1.53807
1100000 1.53704
1110000 1.53806
1120000 1.53389
1130000 1.52953
1140000 1.52857
1150000 1.52735
1160000 1.53175
1170000 1.53079
1180000 1.52727
1190000 1.52663
1200000 1.5266
1210000 1.52283
1220000 1.51987
1230000 1.51809
1240000 1.51883
1250000 1.52297
1260000 1.52184
1270000 1.52036
1280000 1.51828
1290000 1.51741
1300000 1.5148
1310000 1.51338
1320000 1.51221
1330000 1.51267
1340000 1.51666
1350000 1.51565
1360000 1.51475
1370000 1.51477
1380000 1.51272
1390000 1.51066
1400000 1.50912
1410000 1.50745
1420000 1.50854
1430000 1.51212
1440000 1.51184
1450000 1.51092
1460000 1.51228
1470000 1.50968
1480000 1.50684
1490000 1.50658
1500000 1.50541
1510000 1.50737
1520000 1.51044
1530000 1.50979
1540000 1.50865
1550000 1.51043
1560000 1.50845
1570000 1.50518
1580000 1.50544
1590000 1.50549
1600000 1.51122
1610000 1.51016
1620000 1.50949
1630000 1.50954
1640000 1.51
1650000 1.5091
1660000 1.50505
1670000 1.50524
1680000 1.50663
1690000 1.51253
1700000 1.51144
1710000 1.5094
1720000 1.51
1730000 1.51271
1740000 1.5099
1750000 1.50716
1760000 1.50754
1770000 1.50786
1780000 1.51365
1790000 1.51409
1800000 1.51173
1810000 1.51232
1820000 1.51362
1830000 1.51092
1840000 1.50929
1850000 1.5085
1860000 1.51049
1870000 1.51568
1880000 1.51564
1890000 1.51506
1900000 1.51397
1910000 1.51413
1920000 1.51236
1930000 1.51199
1940000 1.51161
1950000 1.51306
1960000 1.51784
1970000 1.51768
1980000 1.51749
1990000 1.51826
2000000 1.51708
2010000 1.51565
2020000 1.51498
2030000 1.51393
2040000 1.51582
2050000 1.51994
2060000 1.52036
2070000 1.51997
2080000 1.5219
2090000 1.52003
2100000 1.51767
2110000 1.51814
2120000 1.51744
2130000 1.52002
2140000 1.52348
2150000 1.52342
2160000 1.52266
2170000 1.52488
2180000 1.52353
2190000 1.52062
2200000 1.52147
2210000 1.52182
2220000 1.52806
2230000 1.52732
2240000 1.5271
2250000 1.52758
2260000 1.52823
2270000 1.52785
2280000 1.52408
2290000 1.52477
2300000 1.52633
2310000 1.53266
2320000 1.53176
2330000 1.53014
2340000 1.53107
2350000 1.53384
2360000 1.53153
2370000 1.52898
2380000 1.52977
2390000 1.53021
2400000 1.53635
2410000 1.53687
2420000 1.53492
2430000 1.53575
2440000 1.53707
2450000 1.53481
2460000 1.5333
2470000 1.53287
2480000 1.5349
2490000 1.54038
2500000 1.54036
2510000 1.54011
2520000 1.53925
2530000 1.5394
2540000 1.538
2550000 1.53768
2560000 1.53761
2570000 1.53905
2580000 1.54408
2590000 1.54391
2600000 1.54399
2610000 1.5449
2620000 1.54371
2630000 1.54259
2640000 1.54194
2650000 1.54119
2660000 1.54305
2670000 1.54736
2680000 1.54772
2690000 1.54757
2700000 1.54959
2710000 1.5477
2720000 1.54564
2730000 1.54608
2740000 1.54564
2750000 1.54813
2760000 1.55177
2770000 1.55163
2780000 1.55108
2790000 1.55334
2800000 1.55197
2810000 1.54933
2820000 1.55011
2830000 1.55065
2840000 1.55673
2850000 1.55623
2860000 1.55591
2870000 1.55644
2880000 1.55727
2890000 1.55682
2900000 1.55332
2910000 1.55391
2920000 1.55562
2930000 1.56178
2940000 1.56106
2950000 1.55938
2960000 1.56032
2970000 1.5632
2980000 1.56084
2990000 1.55853
3000000 1.5592
3010000 1.55979
3020000 1.56575
3030000 1.56639
3040000 1.5644
3050000 1.56521
3060000 1.56666
3070000 1.56435
3080000 1.56303
3090000 1.5625
3100000 1.56462
3110000 1.56992
3120000 1.57001
3130000 1.56964
3140000 1.56883
3150000 1.56911
3160000 1.56763
3170000 1.56746
3180000 1.56728
3190000 1.56881
3200000 1.57366
3210000 1.57358
3220000 1.57356
3230000 1.57443
3240000 1.5734
3250000 1.57218
3260000 1.57168
3270000 1.57082
3280000 1.57276
3290000 1.57688
3300000 1.57732
3310000 1.57706
3320000 1.579
3330000 1.57729
3340000 1.57513
3350000 1.57568
3360000 1.57512
3370000 1.57768
3380000 1.58113
3390000 1.58107
3400000 1.5804
3410000 1.58259
3420000 1.58137
3430000 1.57865
3440000 1.57952
3450000 1.57991
3460000 1.58599
3470000 1.58537
3480000 1.58513
3490000 1.58565
3500000 1.5863
3510000 1.58597
3520000 1.58239
3530000 1.58308
3540000 1.585
3550000 1.59076
3560000 1.58991
3570000 1.58834
3580000 1.58926
3590000 1.59191
3600000 1.58971
3610000 1.58729
3620000 1.58805
3630000 1.58848
3640000 1.59444
3650000 1.59491
3660000 1.59304
3670000 1.59378
3680000 1.59507
3690000 1.59291
3700000 1.59146
3710000 1.59104
3720000 1.59297
3730000 1.59829
3740000 1.59821
3750000 1.59793
3760000 1.59711
3770000 1.59721
3780000 1.59587
3790000 1.59555
3800000 1.59547
3810000 1.59681
3820000 1.60169
3830000 1.60144
3840000 1.6015
3850000 1.60233
3860000 1.60115
3870000 1.60006
3880000 1.59941
3890000 1.59866
3900000 1.60041
3910000 1.60456
3920000 1.60482
3930000 1.60465
3940000 1.60653
3950000 1.60468
3960000 1.60265
3970000 1.60304
3980000 1.60259
3990000 1.60494
4000000 1.60843
4010000 1.6082
4020000 1.60754
4030000 1.60974
4040000 1.60838
4050000 1.6058
4060000 1.6065
4070000 1.60697
4080000 1.6128
4090000 1.61228
4100000 1.61188
4110000 1.61234
4120000 1.61307
4130000 1.61258
4140000 1.60916
4150000 1.60967
4160000 1.61164
4170000 1.61717
4180000 1.6164
4190000 1.61471
4200000 1.61556
4210000 1.61825
4220000 1.61593
4230000 1.61365
4240000 1.61422
4250000 1.61474
4260000 1.62046
4270000 1.621
4280000 1.61901
4290000 1.61968
4300000 1.62104
4310000 1.61876
4320000 1.61742
4330000 1.61685
4340000 1.61883
4350000 1.62392
4360000 1.6239
4370000 1.62349
4380000 1.62264
4390000 1.62278
4400000 1.62134
4410000 1.62111
4420000 1.62088
4430000 1.62227
4440000 1.62693
4450000 1.62676
4460000 1.62667
4470000 1.62743
4480000 1.62636
4490000 1.62513
4500000 1.62457
4510000 1.62369
4520000 1.62549
4530000 1.62943
4540000 1.62975
4550000 1.62944
4560000 1.63124
4570000 1.62951
4580000 1.62732
4590000 1.62782
4600000 1.62723
4610000 1.62962
4620000 1.63292
4630000 1.63276
4640000 1.63196
4650000 1.63407
4660000 1.63283
4670000 1.63013
4680000 1.63091
4690000 1.63129
4700000 1.63704
4710000 1.63638
4720000 1.63605
4730000 1.63648
4740000 1.63704
4750000 1.63665
4760000 1.63312
4770000 1.63371
4780000 1.63549
4790000 1.64103
4800000 1.64012
4810000 1.63852
4820000 1.63934
4830000 1.64182
4840000 1.63963
4850000 1.63723
4860000 1.63787
4870000 1.63823
4880000 1.64395
4890000 1.64433
4900000 1.64245
4910000 1.64308
4920000 1.64425
4930000 1.6421
4940000 1.64063
4950000 1.64016
4960000 1.64195
4970000 1.64706
4980000 1.64689
4990000 1.64656
5000000 1.64569
5010000 1.64565
5020000 1.64434
5030000 1.64396
5040000 1.64377
5050000 1.64504
5060000 1.64969
5070000 1.6494
5080000 1.64939
5090000 1.65011
5100000 1.64889
5110000 1.64777
5120000 1.64708
5130000 1.6463
5140000 1.64791
5150000 1.65189
5160000 1.65206
5170000 1.65182
5180000 1.65357
5190000 1.6517
5200000 1.64964
5210000 1.64999
5220000 1.64949
5230000 1.6517
5240000 1.65504
5250000 1.65473
5260000 1.65402
5270000 1.65608
5280000 1.65469
5290000 1.65212
5300000 1.65274
5310000 1.6532
5320000 1.65873
5330000 1.65817
5340000 1.65769
5350000 1.65807
5360000 1.65872
5370000 1.65817
5380000 1.65479
5390000 1.65522
5400000 1.65706
5410000 1.66238
5420000 1.66157
5430000 1.65985
5440000 1.66062
5450000 1.66315
5460000 1.66084
5470000 1.65856
5480000 1.65905
5490000 1.65949
5500000 1.66499
5510000 1.66545
5520000 1.66346
5530000 1.66403
5540000 1.66528
5550000 1.66301
5560000 1.66164
5570000 1.66103
5580000 1.66289
5590000 1.66779
5600000 1.6677
5610000 1.66719
5620000 1.66634
5630000 1.6664
5640000 1.66496
5650000 1.66467
5660000 1.66434
5670000 1.66567
5680000 1.67013
5690000 1.66992
5700000 1.66978
5710000 1.67045
5720000 1.66934
5730000 1.66809
5740000 1.66749
5750000 1.66658
5760000 1.66822
5770000 1.67204
5780000 1.67228
5790000 1.67192
5800000 1.6736
5810000 1.67185
5820000 1.66967
5830000 1.67011
5840000 1.66947
5850000 1.67173
5860000 1.6749
5870000 1.67467
5880000 1.67384
5890000 1.67583
5900000 1.67457
5910000 1.67188
5920000 1.67258
5930000 1.67288
5940000 1.67844
5950000 1.67775
5960000 1.67735
5970000 1.67772
5980000 1.67819
5990000 1.67776
6000000 1.67427
6010000 1.67479
6020000 1.67646
6030000 1.68181
6040000 1.68086
6050000 1.67924
6060000 1.67999
6070000 1.68234
6080000 1.68015
6090000 1.67775
6100000 1.67833
6110000 1.67861
6120000 1.68415
6130000 1.68447
6140000 1.68258
6150000 1.68313
6160000 1.68421
6170000 1.68206
6180000 1.68057
6190000 1.68006
6200000 1.68175
6210000 1.68669
6220000 1.68646
6230000 1.68603
6240000 1.68518
6250000 1.68509
6260000 1.68376
6270000 1.68334
6280000 1.6831
6290000 1.68428
6300000 1.68878
6310000 1.68843
6320000 1.68837
6330000 1.689
6340000 1.68777
6350000 1.68663
6360000 1.68589
6370000 1.68509
6380000 1.68657
6390000 1.69045
6400000 1.69055
6410000 1.69027
6420000 1.69192
6430000 1.69004
6440000 1.68798
6450000 1.68827
6460000 1.68774
6470000 1.68983
6480000 1.69307
6490000 1.6927
6500000 1.69195
6510000 1.69391
6520000 1.69251
6530000 1.68995
6540000 1.6905
6550000 1.6909
6560000 1.69626
6570000 1.69567
6580000 1.69514
6590000 1.69549
6600000 1.69604
6610000 1.69546
6620000 1.69211
6630000 1.69249
6640000 1.69422
6650000 1.69939
6660000 1.69854
6670000 1.69681
6680000 1.69751
6690000 1.69993
6700000 1.69762
6710000 1.69535
6720000 1.69579
6730000 1.69615
6740000 1.7015
6750000 1.70191
6760000 1.69991
6770000 1.70042
6780000 1.70159
6790000 1.69933
6800000 1.69794
6810000 1.6973
6820000 1.69906
6830000 1.70383
6840000 1.70369
6850000 1.70314
6860000 1.70226
6870000 1.70227
6880000 1.70081
6890000 1.70049
6900000 1.70012
6910000 1.70137
6920000 1.7057
6930000 1.70544
6940000 1.70526
6950000 1.70585
6960000 1.70452
6970000 1.70347
6980000 1.70282
6990000 1.7019
7000000 1.70346
7010000 1.70717
7020000 1.70735
7030000 1.70695
7040000 1.70855
7050000 1.7068
7060000 1.70462
7070000 1.70501
7080000 1.70434
7090000 1.7065
7100000 1.70957
7110000 1.7093
7120000 1.70844
7130000 1.71034
7140000 1.70907
7150000 1.70639
7160000 1.70703
7170000 1.70729
7180000 1.71269
7190000 1.71198
7200000 1.71154
7210000 1.71188
7220000 1.71228
7230000 1.71181
7240000 1.70836
7250000 1.70883
7260000 1.71041
7270000 1.71562
7280000 1.71465
7290000 1.71302
7300000 1.7137
7310000 1.71596
7320000 1.71378
7330000 1.71139
7340000 1.71192
7350000 1.71215
7360000 1.71754
7370000 1.71782
7380000 1.71592
7390000 1.71642
7400000 1.71743
7410000 1.71529
7420000 1.71379
7430000 1.71325
7440000 1.71487
7450000 1.71966
7460000 1.71939
7470000 1.71895
7480000 1.71807
7490000 1.71794
7500000 1.7166
7510000 1.71614
7520000 1.71587
7530000 1.71699
7540000 1.72138
7550000 1.72099
7560000 1.72089
7570000 1.72147
7580000 1.72001
7590000 1.71907
7600000 1.7183
7610000 1.7178
7620000 1.7189
7630000 1.72267
7640000 1.72272
7650000 1.72241
7660000 1.72399
7670000 1.72211
7680000 1.72006
7690000 1.72031
7700000 1.71974
7710000 1.72175
7720000 1.72489
7730000 1.7245
7740000 1.72372
7750000 1.72557
7760000 1.72421
7770000 1.72164
7780000 1.72216
7790000 1.72251
7800000 1.72773
7810000 1.72713
7820000 1.72656
7830000 1.72687
7840000 1.72737
7850000 1.72677
7860000 1.72345
7870000 1.72378
7880000 1.72544
7890000 1.73049
7900000 1.72961
7910000 1.72788
7920000 1.72853
7930000 1.73086
7940000 1.72857
7950000 1.72631
7960000 1.7267
7970000 1.72702
7980000 1.73224
7990000 1.73261
8000000 1.73061
8010000 1.73107
8020000 1.73218
8030000 1.72993
8040000 1.72853
8050000 1.72788
8060000 1.72956
8070000 1.7342
8080000 1.73401
8090000 1.73347
8100000 1.73257
8110000 1.73254
8120000 1.73108
8130000 1.73073
8140000 1.73033
8150000 1.73152
8160000 1.73576
8170000 1.73546
8180000 1.73524
8190000 1.73577
8200000 1.73445
8210000 1.73338
8220000 1.73272
8230000 1.7321
8240000 1.73328
8250000 1.7369
8260000 1.73704
8270000 1.73661
8280000 1.73815
8290000 1.7364
8300000 1.73423
8310000 1.73458
8320000 1.73389
8330000 1.73597
8340000 1.73897
8350000 1.73866
8360000 1.73778
8370000 1.73959
8380000 1.73834
8390000 1.73567
8400000 1.73628
8410000 1.7365
8420000 1.74178
8430000 1.74105
8440000 1.74058
8450000 1.74088
8460000 1.74124
8470000 1.74075
8480000 1.73732
8490000 1.73776
8500000 1.73928
8510000 1.74438
8520000 1.74339
8530000 1.74175
8540000 1.7424
8550000 1.74456
8560000 1.74241
8570000 1.74003
8580000 1.74053
8590000 1.74071
8600000 1.746
8610000 1.74623
8620000 1.74433
8630000 1.74479
8640000 1.74575
8650000 1.74363
8660000 1.74212
8670000 1.74157
8680000 1.74311
8690000 1.74781
8700000 1.7475
8710000 1.74705
8720000 1.74615
8730000 1.74599
8740000 1.74465
8750000 1.74417
8760000 1.74388
8770000 1.74493
8780000 1.74923
8790000 1.74881
8800000 1.74869
8810000 1.74921
8820000 1.74777
8830000 1.74684
8840000 1.74603
8850000 1.74551
8860000 1.74656
8870000 1.75025
8880000 1.75027
8890000 1.74993
8900000 1.75145
8910000 1.74958
8920000 1.74753
8930000 1.74775
8940000 1.74717
8950000 1.74934
8960000 1.75218
8970000 1.75176
8980000 1.75103
8990000 1.75276
9000000 1.75139
9010000 1.74885
9020000 1.74933
9030000 1.74964
9040000 1.75476
9050000 1.75414
9060000 1.75355
9070000 1.75382
9080000 1.75429
9090000 1.75368
9100000 1.75037
9110000 1.75068
9120000 1.75228
9130000 1.75723
9140000 1.75634
9150000 1.7546
9160000 1.75522
9170000 1.75747
9180000 1.7552
9190000 1.75295
9200000 1.75332
9210000 1.7536
9220000 1.75872
9230000 1.759
9240000 1.75705
9250000 1.75749
9260000 1.75855
9270000 1.75632
9280000 1.75491
9290000 1.75424
9300000 1.75587
9310000 1.76042
9320000 1.76015
9330000 1.75964
9340000 1.75873
9350000 1.75868
9360000 1.75722
9370000 1.75685
9380000 1.75643
9390000 1.75757
9400000 1.76173
9410000 1.7614
9420000 1.76117
9430000 1.76166
9440000 1.76034
9450000 1.7593
9460000 1.75859
9470000 1.75795
9480000 1.75909
9490000 1.76263
9500000 1.76274
9510000 1.7623
9520000 1.76379
9530000 1.76204
9540000 1.75988
9550000 1.76019
9560000 1.75949
9570000 1.76175
9580000 1.76446
9590000 1.76413
9600000 1.76329
9610000 1.76476
9620000 1.76374
9630000 1.76108
9640000 1.76166
9650000 1.76185
9660000 1.76703
9670000 1.7663
9680000 1.7658
9690000 1.76608
9700000 1.76641
9710000 1.76591
9720000 1.7625
9730000 1.76326
9740000 1.76428
9750000 1.76939
9760000 1.76838
9770000 1.76675
9780000 1.76736
9790000 1.76947
9800000 1.76732
9810000 1.76537
9820000 1.76543
9830000 1.76559
9840000 1.77078
9850000 1.77093
9860000 1.76909
9870000 1.76952
9880000 1.77045
9890000 1.76833
9900000 1.76682
9910000 1.76625
9920000 1.76776
9930000 1.77237
9940000 1.77198
9950000 1.77157
9960000 1.77066
9970000 1.77049
9980000 1.76914
9990000 1.76864
10000000 1.76834
