1 17.9097
2 12.56
3 8.68795
4 7.01444
5 5.85639
6 5.17129
7 4.6488
8 4.26474
9 3.96517
10 3.7282
11 3.53296
12 3.3603
13 3.22058
14 3.09164
15 2.99024
16 2.89092
17 2.81257
18 2.73476
19 2.65645
20 2.6014
21 2.53597
22 2.48897
23 2.43877
24 2.3892
25 2.35284
26 2.30306
27 2.27441
28 2.23597
29 2.21169
30 2.17814
31 2.1396
32 2.12177
33 2.08781
34 2.07283
35 2.04513
36 2.01918
37 2.00552
38 1.97587
39 1.96489
40 1.94265
41 1.9354
42 1.91948
43 1.8875
44 1.88292
45 1.86003
46 1.8587
47 1.83876
48 1.82146
49 1.81661
50 1.79571
51 1.79368
52 1.77518
53 1.77829
54 1.7675
55 1.74493
56 1.74384
57 1.72723
58 1.73265
59 1.71784
60 1.70242
61 1.70544
62 1.6866
63 1.68832
64 1.67289
65 1.67986
66 1.67359
67 1.6562
68 1.65638
69 1.64357
70 1.65174
71 1.63993
72 1.63008
73 1.63458
74 1.61728
75 1.6211
76 1.60776
77 1.61749
78 1.61304
79 1.59905
80 1.60012
81 1.5889
82 1.59924
83 1.58999
84 1.585
85 1.58789
86 1.57006
87 1.57602
88 1.56439
89 1.57527
90 1.56983
91 1.56092
92 1.56437
93 1.55399
94 1.56479
95 1.55654
96 1.56279
97 1.55926
98 1.54358
99 1.55012
100 1.53781
101 1.54835
102 1.54365
103 1.53464
104 1.54339
105 1.53022
106 1.54178
107 1.53368
108 1.54193
109 1.53912
110 1.52396
111 1.53166
112 1.51906
113 1.53244
114 1.52859
115 1.51896
116 1.52835
117 1.51522
118 1.52787
119 1.51988
120 1.53204
121 1.5262
122 1.51148
123 1.5199
124 1.50839
125 1.5211
126 1.51873
127 1.51249
128 1.5184
129 1.50678
130 1.51893
131 1.51059
132 1.52423
133 1.51767
134 1.50482
135 1.51765
136 1.50484
137 1.51699
138 1.51312
139 1.50745
140 1.5168
141 1.50127
142 1.51432
143 1.50587
144 1.52002
145 1.51433
146 1.50211
147 1.51427
148 1.50292
149 1.51421
150 1.50873
151 1.50424
152 1.51381
153 1.49899
154 1.512
155 1.50576
156 1.51854
157 1.51289
158 1.50009
159 1.51305
160 1.50229
161 1.51582
162 1.5085
163 1.50362
164 1.5129
165 1.50123
166 1.51193
167 1.50537
168 1.51983
169 1.51964
170 1.50407
171 1.51375
172 1.50313
173 1.51873
174 1.51021
175 1.50541
176 1.51415
177 1.50443
178 1.51476
179 1.50526
180 1.52203
181 1.52008
182 1.50662
183 1.51373
184 1.50684
185 1.52301
186 1.5155
187 1.5095
188 1.51958
189 1.507
190 1.51693
191 1.50767
192 1.5234
193 1.52261
194 1.51118
195 1.51779
196 1.51004
197 1.52541
198 1.51852
199 1.51498
200 1.52416
201 1.50916
202 1.52012
203 1.51051
204 1.52571
205 1.52521
206 1.51559
207 1.52094
208 1.5134
209 1.5283
210 1.52218
211 1.52135
212 1.52996
213 1.51264
214 1.52222
215 1.51504
216 1.52846
217 1.5252
218 1.51941
219 1.52737
220 1.51804
221 1.5318
222 1.52545
223 1.53503
224 1.53363
225 1.52035
226 1.52899
227 1.51883
228 1.53228
229 1.5289
230 1.52216
231 1.5331
232 1.52175
233 1.53507
234 1.52888
235 1.53914
236 1.53765
237 1.52489
238 1.53394
239 1.52285
240 1.53778
241 1.5348
242 1.52692
243 1.53729
244 1.52595
245 1.53971
246 1.53318
247 1.54643
248 1.54163
249 1.52808
250 1.53796
251 1.52811
252 1.5416
253 1.53912
254 1.53461
255 1.54143
256 1.53059
257 1.5439
258 1.53658
259 1.55093
260 1.54502
261 1.53322
262 1.54664
263 1.53633
264 1.54785
265 1.54419
266 1.53944
267 1.54938
268 1.53476
269 1.54826
270 1.54046
271 1.55529
272 1.54977
273 1.53882
274 1.55112
275 1.54125
276 1.55293
277 1.5465
278 1.54308
279 1.55292
280 1.53916
281 1.5523
282 1.54693
283 1.55957
284 1.5541
285 1.54224
286 1.5553
287 1.54515
288 1.55884
289 1.55198
290 1.54839
291 1.55773
292 1.54663
293 1.55636
294 1.54928
295 1.56509
296 1.56444
297 1.54982
298 1.55949
299 1.5502
300 1.5673
301 1.55825
302 1.55248
303 1.56107
304 1.55204
305 1.56198
306 1.55301
307 1.56958
308 1.56708
309 1.55684
310 1.5631
311 1.5553
312 1.57118
313 1.56407
314 1.55859
315 1.56677
316 1.55586
317 1.56589
318 1.55708
319 1.57263
320 1.5716
321 1.56084
322 1.56726
323 1.55989
324 1.57474
325 1.5681
326 1.56607
327 1.57347
328 1.55956
329 1.57007
330 1.56048
331 1.57567
332 1.57501
333 1.56584
334 1.5719
335 1.56388
336 1.57826
337 1.57249
338 1.57028
339 1.57992
340 1.56375
341 1.5725
342 1.56575
343 1.57901
344 1.5754
345 1.57
346 1.57703
347 1.56797
348 1.5818
349 1.57642
350 1.58535
351 1.58358
352 1.57106
353 1.57931
354 1.56957
355 1.58382
356 1.57921
357 1.57306
358 1.58327
359 1.57234
360 1.58522
361 1.5791
362 1.58923
363 1.58753
364 1.57529
365 1.58409
366 1.57322
367 1.58793
368 1.58444
369 1.57943
370 1.58715
371 1.57645
372 1.58934
373 1.58219
374 1.59596
375 1.59007
376 1.57804
377 1.58761
378 1.57813
379 1.5911
380 1.58844
381 1.58469
382 1.59077
383 1.58018
384 1.59306
385 1.58556
386 1.59987
387 1.59441
388 1.58259
389 1.59568
390 1.58534
391 1.59684
392 1.59186
393 1.58823
394 1.59774
395 1.58371
396 1.59674
397 1.59063
398 1.60354
399 1.59803
400 1.5871
401 1.59927
402 1.58951
403 1.60096
404 1.59583
405 1.5915
406 1.60067
407 1.58887
408 1.60005
409 1.59483
410 1.60649
411 1.60721
412 1.59002
413 1.60236
414 1.59287
415 1.60663
416 1.60001
417 1.59555
418 1.60371
419 1.59392
420 1.60457
421 1.59599
422 1.61195
423 1.61083
424 1.59677
425 1.60576
426 1.59774
427 1.61342
428 1.60627
429 1.59906
430 1.60726
431 1.59816
432 1.60789
433 1.5992
434 1.61537
435 1.61277
436 1.60269
437 1.60875
438 1.60125
439 1.61609
440 1.60946
441 1.60423
442 1.61201
443 1.60123
444 1.61112
445 1.60247
446 1.61761
447 1.61622
448 1.60613
449 1.61183
450 1.60486
451 1.6193
452 1.61277
453 1.61219
454 1.61784
455 1.60418
456 1.61309
457 1.60501
458 1.61942
459 1.61898
460 1.61015
461 1.6159
462 1.6087
463 1.62171
464 1.61625
465 1.61392
466 1.62329
467 1.60764
468 1.61908
469 1.60955
470 1.62225
471 1.61846
472 1.61332
473 1.62003
474 1.61221
475 1.62421
476 1.61837
477 1.62825
478 1.62619
479 1.61387
480 1.62257
481 1.61205
482 1.62621
483 1.62318
484 1.61605
485 1.62554
486 1.61484
487 1.62767
488 1.62131
489 1.63239
490 1.62907
491 1.61644
492 1.62559
493 1.61626
494 1.62939
495 1.62544
496 1.62157
497 1.62858
498 1.6184
499 1.63061
500 1.62358
