1 14.306
2 9.57237
3 7.19589
4 4.79686
5 3.27652
6 2.43238
7 1.8419
8 1.55749
9 1.36012
10 1.24208
11 1.13324
12 1.06687
13 1.00795
14 0.992831
15 0.980129
16 0.989037
17 0.987878
18 0.99359
19 0.991997
20 0.995548
21 0.997136
22 1.00219
23 1.00668
24 1.01284
25 1.01862
26 1.0253
27 1.03163
28 1.0386
29 1.04515
30 1.05225
31 1.05886
32 1.06597
33 1.07264
34 1.07966
35 1.08627
36 1.09315
37 1.09969
38 1.10647
39 1.11294
40 1.11961
41 1.12604
42 1.13259
43 1.13898
44 1.14544
45 1.15177
46 1.15816
47 1.16444
48 1.17076
49 1.17699
50 1.18323
51 1.18939
52 1.19555
53 1.20163
54 1.20772
55 1.21373
56 1.21973
57 1.22566
58 1.23157
59 1.23742
60 1.24324
61 1.249
62 1.25473
63 1.26039
64 1.26602
65 1.2716
66 1.27714
67 1.28263
68 1.28809
69 1.29349
70 1.29886
71 1.30418
72 1.30947
73 1.31471
74 1.31991
75 1.32507
76 1.33019
77 1.33527
78 1.34031
79 1.34531
80 1.35028
81 1.3552
82 1.36008
83 1.36492
84 1.36973
85 1.37449
86 1.37922
87 1.38392
88 1.38857
89 1.39319
90 1.39777
91 1.40231
92 1.40682
93 1.41129
94 1.41572
95 1.42012
96 1.42448
97 1.42881
98 1.4331
99 1.43735
100 1.44158
101 1.44576
102 1.44992
103 1.45404
104 1.45813
105 1.46218
106 1.46621
107 1.4702
108 1.47415
109 1.47808
110 1.48197
111 1.48584
112 1.48967
113 1.49348
114 1.49725
115 1.501
116 1.50472
117 1.5084
118 1.51206
119 1.51569
120 1.5193
121 1.52287
122 1.52642
123 1.52994
124 1.53343
125 1.5369
126 1.54034
127 1.54375
128 1.54714
129 1.5505
130 1.55384
131 1.55715
132 1.56044
133 1.5637
134 1.56694
135 1.57015
136 1.57334
137 1.5765
138 1.57964
139 1.58276
140 1.58585
141 1.58892
142 1.59196
143 1.59499
144 1.59799
145 1.60097
146 1.60393
147 1.60686
148 1.60978
149 1.61267
150 1.61555
151 1.6184
152 1.62123
153 1.62404
154 1.62683
155 1.6296
156 1.63235
157 1.63508
158 1.63779
159 1.64048
160 1.64315
161 1.6458
162 1.64843
163 1.65105
164 1.65364
165 1.65622
166 1.65878
167 1.66132
168 1.66384
169 1.66634
170 1.66883
171 1.6713
172 1.67375
173 1.67618
174 1.6786
175 1.681
176 1.68339
177 1.68576
178 1.68811
179 1.69044
180 1.69276
181 1.69507
182 1.69736
183 1.69963
184 1.70189
185 1.70413
186 1.70636
187 1.70858
188 1.71078
189 1.71296
190 1.71513
191 1.71729
192 1.71944
193 1.72157
194 1.72369
195 1.72579
196 1.72788
197 1.72996
198 1.73202
199 1.73407
200 1.73611
201 1.73814
202 1.74015
203 1.74215
204 1.74414
205 1.74611
206 1.74808
207 1.75003
208 1.75197
209 1.7539
210 1.75581
211 1.75772
212 1.75961
213 1.7615
214 1.76337
215 1.76523
216 1.76708
217 1.76892
218 1.77075
219 1.77257
220 1.77437
221 1.77617
222 1.77796
223 1.77973
224 1.7815
225 1.78326
226 1.785
227 1.78674
228 1.78847
229 1.79019
230 1.7919
231 1.7936
232 1.79529
233 1.79697
234 1.79864
235 1.8003
236 1.80196
237 1.80361
238 1.80524
239 1.80687
240 1.80849
241 1.8101
242 1.81171
243 1.8133
244 1.81489
245 1.81647
246 1.81804
247 1.81961
248 1.82116
249 1.82271
250 1.82425
251 1.82579
252 1.82731
253 1.82883
254 1.83034
255 1.83185
256 1.83334
257 1.83483
258 1.83631
259 1.83779
260 1.83926
261 1.84072
262 1.84218
263 1.84362
264 1.84506
265 1.8465
266 1.84793
267 1.84935
268 1.85076
269 1.85217
270 1.85357
271 1.85497
272 1.85636
273 1.85774
274 1.85912
275 1.86049
276 1.86185
277 1.86321
278 1.86457
279 1.86591
280 1.86725
281 1.86859
282 1.86992
283 1.87124
284 1.87256
285 1.87387
286 1.87518
287 1.87648
288 1.87777
289 1.87906
290 1.88035
291 1.88162
292 1.8829
293 1.88417
294 1.88543
295 1.88669
296 1.88794
297 1.88919
298 1.89043
299 1.89167
300 1.8929
