1 523.235
2 254.667
3 186.665
4 143.554
5 107.205
6 89.2824
7 72.6812
8 63.3926
9 55.8097
10 50.1254
11 45.5527
12 41.3506
13 37.6712
14 34.1377
15 30.8488
16 27.9605
17 25.2742
18 23.1929
19 21.1585
20 19.7088
21 18.1556
22 17.116
23 15.9352
24 15.1819
25 14.3198
26 13.7585
27 13.1565
28 12.7283
29 12.3267
30 12.0058
31 11.7446
32 11.5079
33 11.3331
34 11.1663
35 11.0423
36 10.9298
37 10.8365
38 10.763
39 10.6928
40 10.6437
41 10.5916
42 10.5577
43 10.5184
44 10.4933
45 10.4635
46 10.4439
47 10.4211
48 10.406
49 10.3885
50 10.3769
