1 14.326
2 9.58289
3 7.19989
4 4.7903
5 3.25865
6 2.39809
7 1.79425
8 1.49603
9 1.29011
10 1.16218
11 1.04405
12 0.963363
13 0.89263
14 0.864152
15 0.843185
16 0.842201
17 0.835008
18 0.831303
19 0.823625
20 0.818588
21 0.814179
22 0.811939
23 0.810617
24 0.810354
25 0.810612
26 0.811529
27 0.812743
28 0.814372
29 0.81607
30 0.818024
31 0.819974
32 0.822119
33 0.824269
34 0.826596
35 0.828894
36 0.831353
37 0.833769
38 0.836344
39 0.838873
40 0.84154
41 0.844156
42 0.846877
43 0.849561
44 0.852336
45 0.855079
46 0.8579
47 0.860699
48 0.863567
49 0.866413
50 0.869319
51 0.872207
52 0.875145
53 0.878068
54 0.88103
55 0.883979
56 0.886951
57 0.88991
58 0.89289
59 0.89586
60 0.898846
61 0.90182
62 0.9048
63 0.907764
64 0.91073
65 0.91368
66 0.91663
67 0.919566
68 0.9225
69 0.925422
70 0.92834
71 0.931247
72 0.934148
73 0.937035
74 0.939917
75 0.942786
76 0.945647
77 0.948496
78 0.951336
79 0.95416
80 0.956973
81 0.959771
82 0.962559
83 0.965334
84 0.9681
85 0.970852
86 0.973594
87 0.976324
88 0.979044
89 0.98175
90 0.984445
91 0.987126
92 0.989795
93 0.992449
94 0.995091
95 0.997719
96 1.00034
97 1.00294
98 1.00553
99 1.00811
100 1.01067
101 1.01323
102 1.01577
103 1.01829
104 1.02081
105 1.02331
106 1.0258
107 1.02827
108 1.03074
109 1.03319
110 1.03562
111 1.03804
112 1.04045
113 1.04285
114 1.04523
115 1.0476
116 1.04995
117 1.0523
118 1.05463
119 1.05695
120 1.05926
121 1.06155
122 1.06383
123 1.0661
124 1.06836
125 1.0706
126 1.07283
127 1.07505
128 1.07726
129 1.07946
130 1.08165
131 1.08382
132 1.08598
133 1.08813
134 1.09027
135 1.0924
136 1.09451
137 1.09662
138 1.09871
139 1.10079
140 1.10286
141 1.10492
142 1.10697
143 1.10901
144 1.11103
145 1.11305
146 1.11505
147 1.11704
148 1.11902
149 1.121
150 1.12296
151 1.12491
152 1.12685
153 1.12878
154 1.1307
155 1.13261
156 1.13451
157 1.1364
158 1.13828
159 1.14014
160 1.142
161 1.14385
162 1.14569
163 1.14752
164 1.14934
165 1.15115
166 1.15295
167 1.15474
168 1.15652
169 1.15829
170 1.16005
171 1.1618
172 1.16354
173 1.16527
174 1.167
175 1.16871
176 1.17041
177 1.17211
178 1.1738
179 1.17548
180 1.17714
181 1.17881
182 1.18046
183 1.1821
184 1.18374
185 1.18536
186 1.18698
187 1.18859
188 1.19019
189 1.19178
190 1.19337
191 1.19495
192 1.19651
193 1.19808
194 1.19963
195 1.20117
196 1.20271
197 1.20424
198 1.20576
199 1.20728
200 1.20878
201 1.21028
202 1.21177
203 1.21326
204 1.21473
205 1.2162
206 1.21767
207 1.21912
208 1.22057
209 1.22201
210 1.22345
211 1.22487
212 1.22629
213 1.22771
214 1.22911
215 1.23051
216 1.23191
217 1.23329
218 1.23467
219 1.23605
220 1.23741
221 1.23877
222 1.24013
223 1.24148
224 1.24282
225 1.24415
226 1.24548
227 1.2468
228 1.24812
229 1.24943
230 1.25073
231 1.25203
232 1.25332
233 1.25461
234 1.25589
235 1.25716
236 1.25843
237 1.25969
238 1.26095
239 1.2622
240 1.26344
241 1.26468
242 1.26591
243 1.26714
244 1.26836
245 1.26958
246 1.27079
247 1.272
248 1.2732
249 1.27439
250 1.27558
251 1.27677
252 1.27795
253 1.27912
254 1.28029
255 1.28145
256 1.28261
257 1.28376
258 1.28491
259 1.28605
260 1.28719
261 1.28832
262 1.28945
263 1.29058
264 1.29169
265 1.29281
266 1.29391
267 1.29502
268 1.29612
269 1.29721
270 1.2983
271 1.29938
272 1.30046
273 1.30154
274 1.30261
275 1.30367
276 1.30473
277 1.30579
278 1.30684
279 1.30789
280 1.30893
281 1.30997
282 1.311
283 1.31203
284 1.31305
285 1.31407
286 1.31509
287 1.3161
288 1.31711
289 1.31811
290 1.31911
291 1.3201
292 1.32109
293 1.32208
294 1.32306
295 1.32404
296 1.32502
297 1.32599
298 1.32695
299 1.32792
300 1.32887
