1 14.306
2 9.57237
3 7.19589
4 4.79686
5 3.27652
6 2.43238
7 1.8419
8 1.55749
9 1.36012
10 1.24208
11 1.13324
12 1.06687
13 1.00795
14 0.992831
15 0.980129
16 0.989037
17 0.987878
18 0.99359
19 0.991997
20 0.995548
21 0.997136
22 1.00219
23 1.00668
24 1.01284
25 1.01862
26 1.0253
27 1.03163
28 1.0386
29 1.04515
30 1.05225
31 1.05886
32 1.06597
33 1.07264
34 1.07966
35 1.08627
36 1.09315
37 1.09969
38 1.10647
39 1.11294
40 1.11961
41 1.12604
42 1.13259
43 1.13898
44 1.14544
45 1.15177
46 1.15816
47 1.16444
48 1.17076
49 1.17699
50 1.18323
51 1.18939
52 1.19555
53 1.20163
54 1.20772
55 1.21373
56 1.21973
57 1.22566
58 1.23157
59 1.23742
60 1.24324
61 1.249
62 1.25473
63 1.26039
64 1.26602
65 1.2716
66 1.27714
67 1.28263
68 1.28809
69 1.29349
70 1.29886
71 1.30418
72 1.30947
73 1.31471
74 1.31991
75 1.32507
76 1.33019
77 1.33527
78 1.34031
79 1.34531
80 1.35028
81 1.3552
82 1.36008
83 1.36492
84 1.36973
85 1.37449
86 1.37922
87 1.38392
88 1.38857
89 1.39319
90 1.39777
91 1.40231
92 1.40682
93 1.41129
94 1.41572
95 1.42012
96 1.42448
97 1.42881
98 1.4331
99 1.43735
100 1.44158
101 1.44576
102 1.44992
103 1.45404
104 1.45813
105 1.46218
106 1.46621
107 1.4702
108 1.47415
109 1.47808
110 1.48197
111 1.48584
112 1.48967
113 1.49348
114 1.49725
115 1.501
116 1.50472
117 1.5084
118 1.51206
119 1.51569
120 1.5193
121 1.52287
122 1.52642
123 1.52994
124 1.53343
125 1.5369
126 1.54034
127 1.54375
128 1.54714
129 1.5505
130 1.55384
131 1.55715
132 1.56044
133 1.5637
134 1.56694
135 1.57015
136 1.57334
137 1.5765
138 1.57964
139 1.58276
140 1.58585
141 1.58892
142 1.59196
143 1.59499
144 1.59799
145 1.60097
146 1.60393
147 1.60686
148 1.60978
149 1.61267
150 1.61555
151 1.6184
152 1.62123
153 1.62404
154 1.62683
155 1.6296
156 1.63235
157 1.63508
158 1.63779
159 1.64048
160 1.64315
161 1.6458
162 1.64843
163 1.65105
164 1.65364
165 1.65622
166 1.65878
167 1.66132
168 1.66384
169 1.66634
170 1.66883
171 1.6713
172 1.67375
173 1.67618
174 1.6786
175 1.681
176 1.68339
177 1.68576
178 1.68811
179 1.69044
180 1.69276
181 1.69507
182 1.69736
183 1.69963
184 1.70189
185 1.70413
186 1.70636
187 1.70858
188 1.71078
189 1.71296
190 1.71513
191 1.71729
192 1.71944
193 1.72157
194 1.72369
195 1.72579
196 1.72788
197 1.72996
198 1.73202
199 1.73407
200 1.73611
201 1.73814
202 1.74015
203 1.74215
204 1.74414
205 1.74611
206 1.74808
207 1.75003
208 1.75197
209 1.7539
210 1.75581
211 1.75772
212 1.75961
213 1.7615
214 1.76337
215 1.76523
216 1.76708
217 1.76892
218 1.77075
219 1.77257
220 1.77437
221 1.77617
222 1.77796
223 1.77973
224 1.7815
225 1.78326
226 1.785
227 1.78674
228 1.78847
229 1.79019
230 1.7919
231 1.7936
232 1.79529
233 1.79697
234 1.79864
235 1.8003
236 1.80196
237 1.80361
238 1.80524
239 1.80687
240 1.80849
241 1.8101
242 1.81171
243 1.8133
244 1.81489
245 1.81647
246 1.81804
247 1.81961
248 1.82116
249 1.82271
250 1.82425
251 1.82579
252 1.82731
253 1.82883
254 1.83034
255 1.83185
256 1.83334
257 1.83483
258 1.83631
259 1.83779
260 1.83926
261 1.84072
262 1.84218
263 1.84362
264 1.84506
265 1.8465
266 1.84793
267 1.84935
268 1.85076
269 1.85217
270 1.85357
271 1.85497
272 1.85636
273 1.85774
274 1.85912
275 1.86049
276 1.86185
277 1.86321
278 1.86457
279 1.86591
280 1.86725
281 1.86859
282 1.86992
283 1.87124
284 1.87256
285 1.87387
286 1.87518
287 1.87648
288 1.87777
289 1.87906
290 1.88035
291 1.88162
292 1.8829
293 1.88417
294 1.88543
295 1.88669
296 1.88794
297 1.88919
298 1.89043
299 1.89167
300 1.8929
301 1.89413
302 1.89535
303 1.89657
304 1.89778
305 1.89899
306 1.90019
307 1.90139
308 1.90258
309 1.90377
310 1.90496
311 1.90614
312 1.90731
313 1.90848
314 1.90965
315 1.91081
316 1.91197
317 1.91312
318 1.91427
319 1.91541
320 1.91655
321 1.91769
322 1.91882
323 1.91994
324 1.92107
325 1.92219
326 1.9233
327 1.92441
328 1.92552
329 1.92662
330 1.92772
331 1.92881
332 1.92991
333 1.93099
334 1.93208
335 1.93316
336 1.93423
337 1.9353
338 1.93637
339 1.93744
340 1.9385
341 1.93955
342 1.94061
343 1.94166
344 1.9427
345 1.94375
346 1.94478
347 1.94582
348 1.94685
349 1.94788
350 1.94891
351 1.94993
352 1.95095
353 1.95196
354 1.95297
355 1.95398
356 1.95499
357 1.95599
358 1.95699
359 1.95798
360 1.95898
361 1.95997
362 1.96095
363 1.96194
364 1.96292
365 1.96389
366 1.96487
367 1.96584
368 1.9668
369 1.96777
370 1.96873
371 1.96969
372 1.97065
373 1.9716
374 1.97255
375 1.9735
376 1.97444
377 1.97538
378 1.97632
379 1.97726
380 1.97819
381 1.97912
382 1.98005
383 1.98097
384 1.9819
385 1.98282
386 1.98373
387 1.98465
388 1.98556
389 1.98647
390 1.98738
391 1.98828
392 1.98918
393 1.99008
394 1.99098
395 1.99187
396 1.99276
397 1.99365
398 1.99454
399 1.99542
400 1.99631
401 1.99718
402 1.99806
403 1.99894
404 1.99981
405 2.00068
406 2.00155
407 2.00241
408 2.00327
409 2.00414
410 2.00499
411 2.00585
412 2.00671
413 2.00756
414 2.00841
415 2.00925
416 2.0101
417 2.01094
418 2.01178
419 2.01262
420 2.01346
421 2.0143
422 2.01513
423 2.01596
424 2.01679
425 2.01761
426 2.01844
427 2.01926
428 2.02008
429 2.0209
430 2.02171
431 2.02253
432 2.02334
433 2.02415
434 2.02496
435 2.02576
436 2.02657
437 2.02737
438 2.02817
439 2.02897
440 2.02977
441 2.03056
442 2.03135
443 2.03214
444 2.03293
445 2.03372
446 2.03451
447 2.03529
448 2.03607
449 2.03685
450 2.03763
451 2.0384
452 2.03918
453 2.03995
454 2.04072
455 2.04149
456 2.04226
457 2.04303
458 2.04379
459 2.04455
460 2.04531
461 2.04607
462 2.04683
463 2.04758
464 2.04834
465 2.04909
466 2.04984
467 2.05059
468 2.05134
469 2.05208
470 2.05283
471 2.05357
472 2.05431
473 2.05505
474 2.05579
475 2.05653
476 2.05726
477 2.05799
478 2.05873
479 2.05946
480 2.06018
481 2.06091
482 2.06164
483 2.06236
484 2.06308
485 2.0638
486 2.06452
487 2.06524
488 2.06596
489 2.06667
490 2.06739
491 2.0681
492 2.06881
493 2.06952
494 2.07023
495 2.07094
496 2.07164
497 2.07234
498 2.07305
499 2.07375
500 2.07445
501 2.07515
502 2.07584
503 2.07654
504 2.07723
505 2.07793
506 2.07862
507 2.07931
508 2.08
509 2.08068
510 2.08137
511 2.08205
512 2.08274
513 2.08342
514 2.0841
515 2.08478
516 2.08546
517 2.08614
518 2.08681
519 2.08749
520 2.08816
521 2.08883
522 2.0895
523 2.09017
524 2.09084
525 2.09151
526 2.09217
527 2.09284
528 2.0935
529 2.09416
530 2.09482
531 2.09548
532 2.09614
533 2.0968
534 2.09746
535 2.09811
536 2.09877
537 2.09942
538 2.10007
539 2.10072
540 2.10137
541 2.10202
542 2.10267
543 2.10331
544 2.10396
545 2.1046
546 2.10524
547 2.10588
548 2.10652
549 2.10716
550 2.1078
551 2.10844
552 2.10908
553 2.10971
554 2.11034
555 2.11098
556 2.11161
557 2.11224
558 2.11287
559 2.1135
560 2.11413
561 2.11475
562 2.11538
563 2.116
564 2.11663
565 2.11725
566 2.11787
567 2.11849
568 2.11911
569 2.11973
570 2.12035
571 2.12096
572 2.12158
573 2.12219
574 2.12281
575 2.12342
576 2.12403
577 2.12464
578 2.12525
579 2.12586
580 2.12647
581 2.12707
582 2.12768
583 2.12828
584 2.12889
585 2.12949
586 2.13009
587 2.1307
588 2.1313
589 2.1319
590 2.13249
591 2.13309
592 2.13369
593 2.13428
594 2.13488
595 2.13547
596 2.13607
597 2.13666
598 2.13725
599 2.13784
600 2.13843
601 2.13902
602 2.13961
603 2.14019
604 2.14078
605 2.14137
606 2.14195
607 2.14254
608 2.14312
609 2.1437
610 2.14428
611 2.14486
612 2.14544
613 2.14602
614 2.1466
615 2.14718
616 2.14775
617 2.14833
618 2.1489
619 2.14948
620 2.15005
621 2.15062
622 2.15119
623 2.15176
624 2.15233
625 2.1529
626 2.15347
627 2.15404
628 2.15461
629 2.15517
630 2.15574
631 2.1563
632 2.15686
633 2.15743
634 2.15799
635 2.15855
636 2.15911
637 2.15967
638 2.16023
639 2.16079
640 2.16135
641 2.1619
642 2.16246
643 2.16302
644 2.16357
645 2.16412
646 2.16468
647 2.16523
648 2.16578
649 2.16633
650 2.16688
651 2.16743
652 2.16798
653 2.16853
654 2.16908
655 2.16962
656 2.17017
657 2.17072
658 2.17126
659 2.1718
660 2.17235
661 2.17289
662 2.17343
663 2.17397
664 2.17451
665 2.17505
666 2.17559
667 2.17613
668 2.17667
669 2.17721
670 2.17774
671 2.17828
672 2.17881
673 2.17935
674 2.17988
675 2.18041
676 2.18095
677 2.18148
678 2.18201
679 2.18254
680 2.18307
681 2.1836
682 2.18413
683 2.18465
684 2.18518
685 2.18571
686 2.18623
687 2.18676
688 2.18728
689 2.18781
690 2.18833
691 2.18885
692 2.18938
693 2.1899
694 2.19042
695 2.19094
696 2.19146
697 2.19198
698 2.1925
699 2.19301
700 2.19353
701 2.19405
702 2.19456
703 2.19508
704 2.19559
705 2.19611
706 2.19662
707 2.19713
708 2.19764
709 2.19816
710 2.19867
711 2.19918
712 2.19969
713 2.2002
714 2.20071
715 2.20121
716 2.20172
717 2.20223
718 2.20273
719 2.20324
720 2.20374
721 2.20425
722 2.20475
723 2.20526
724 2.20576
725 2.20626
726 2.20676
727 2.20726
728 2.20776
729 2.20826
730 2.20876
731 2.20926
732 2.20976
733 2.21026
734 2.21076
735 2.21125
736 2.21175
737 2.21224
738 2.21274
739 2.21323
740 2.21373
741 2.21422
742 2.21471
743 2.2152
744 2.2157
745 2.21619
746 2.21668
747 2.21717
748 2.21766
749 2.21815
750 2.21863
751 2.21912
752 2.21961
753 2.2201
754 2.22058
755 2.22107
756 2.22155
757 2.22204
758 2.22252
759 2.22301
760 2.22349
761 2.22397
762 2.22445
763 2.22494
764 2.22542
765 2.2259
766 2.22638
767 2.22686
768 2.22734
769 2.22782
770 2.22829
771 2.22877
772 2.22925
773 2.22972
774 2.2302
775 2.23068
776 2.23115
777 2.23163
778 2.2321
779 2.23257
780 2.23305
781 2.23352
782 2.23399
783 2.23446
784 2.23494
785 2.23541
786 2.23588
787 2.23635
788 2.23682
789 2.23728
790 2.23775
791 2.23822
792 2.23869
793 2.23916
794 2.23962
795 2.24009
796 2.24055
797 2.24102
798 2.24148
799 2.24195
800 2.24241
801 2.24288
802 2.24334
803 2.2438
804 2.24426
805 2.24472
806 2.24519
807 2.24565
808 2.24611
809 2.24657
810 2.24703
811 2.24748
812 2.24794
813 2.2484
814 2.24886
815 2.24932
816 2.24977
817 2.25023
818 2.25068
819 2.25114
820 2.25159
821 2.25205
822 2.2525
823 2.25296
824 2.25341
825 2.25386
826 2.25432
827 2.25477
828 2.25522
829 2.25567
830 2.25612
831 2.25657
832 2.25702
833 2.25747
834 2.25792
835 2.25837
836 2.25882
837 2.25926
838 2.25971
839 2.26016
840 2.26061
841 2.26105
842 2.2615
843 2.26194
844 2.26239
845 2.26283
846 2.26328
847 2.26372
848 2.26416
849 2.26461
850 2.26505
851 2.26549
852 2.26593
853 2.26637
854 2.26681
855 2.26726
856 2.2677
857 2.26813
858 2.26857
859 2.26901
860 2.26945
861 2.26989
862 2.27033
863 2.27077
864 2.2712
865 2.27164
866 2.27208
867 2.27251
868 2.27295
869 2.27338
870 2.27382
871 2.27425
872 2.27468
873 2.27512
874 2.27555
875 2.27598
876 2.27642
877 2.27685
878 2.27728
879 2.27771
880 2.27814
881 2.27857
882 2.279
883 2.27943
884 2.27986
885 2.28029
886 2.28072
887 2.28115
888 2.28158
889 2.282
890 2.28243
891 2.28286
892 2.28328
893 2.28371
894 2.28414
895 2.28456
896 2.28499
897 2.28541
898 2.28584
899 2.28626
900 2.28668
901 2.28711
902 2.28753
903 2.28795
904 2.28837
905 2.2888
906 2.28922
907 2.28964
908 2.29006
909 2.29048
910 2.2909
911 2.29132
912 2.29174
913 2.29216
914 2.29258
915 2.29299
916 2.29341
917 2.29383
918 2.29425
919 2.29466
920 2.29508
921 2.2955
922 2.29591
923 2.29633
924 2.29674
925 2.29716
926 2.29757
927 2.29799
928 2.2984
929 2.29881
930 2.29923
931 2.29964
932 2.30005
933 2.30046
934 2.30088
935 2.30129
936 2.3017
937 2.30211
938 2.30252
939 2.30293
940 2.30334
941 2.30375
942 2.30416
943 2.30457
944 2.30497
945 2.30538
946 2.30579
947 2.3062
948 2.30661
949 2.30701
950 2.30742
951 2.30783
952 2.30823
953 2.30864
954 2.30904
955 2.30945
956 2.30985
957 2.31026
958 2.31066
959 2.31106
960 2.31147
961 2.31187
962 2.31227
963 2.31268
964 2.31308
965 2.31348
966 2.31388
967 2.31428
968 2.31468
969 2.31508
970 2.31548
971 2.31588
972 2.31628
973 2.31668
974 2.31708
975 2.31748
976 2.31788
977 2.31828
978 2.31867
979 2.31907
980 2.31947
981 2.31987
982 2.32026
983 2.32066
984 2.32105
985 2.32145
986 2.32185
987 2.32224
988 2.32263
989 2.32303
990 2.32342
991 2.32382
992 2.32421
993 2.3246
994 2.325
995 2.32539
996 2.32578
997 2.32617
998 2.32657
999 2.32696
1000 2.32735
