1 521.562
2 253.607
3 185.537
4 142.636
5 106.538
6 88.3539
7 71.838
8 62.4156
9 54.8849
10 49.1682
11 44.5478
12 40.3501
13 36.6114
14 33.0779
15 29.7029
16 26.787
17 23.9905
18 21.8611
19 19.7071
20 18.2047
21 16.5247
22 15.4319
23 14.1212
24 13.3156
25 12.3286
26 11.7213
27 11.0071
28 10.5435
29 10.0479
30 9.69934
31 9.36068
32 9.10777
33 8.87032
34 8.69564
35 8.52389
36 8.40938
37 8.27985
38 8.20671
39 8.10883
40 8.0627
41 7.98947
42 7.95989
43 7.90484
44 7.88508
45 7.84296
46 7.82925
47 7.79707
48 7.78682
49 7.76177
50 7.75383
51 7.73438
52 7.72768
53 7.71226
54 7.70673
55 7.69466
56 7.68989
57 7.67982
58 7.67565
59 7.66766
60 7.66474
61 7.6582
62 7.65534
63 7.64952
64 7.64682
65 7.64195
66 7.6396
67 7.63555
68 7.63346
69 7.62999
70 7.62803
71 7.62494
72 7.62306
73 7.62036
74 7.61865
75 7.61633
76 7.6148
77 7.61276
78 7.61137
79 7.60964
80 7.60843
81 7.60691
82 7.60578
83 7.60449
84 7.60364
85 7.60258
86 7.60183
87 7.60096
88 7.60032
89 7.59957
90 7.59896
91 7.59828
92 7.59781
93 7.59727
94 7.59682
95 7.59631
96 7.59588
97 7.59541
98 7.59506
99 7.59469
100 7.5944
101 7.5941
102 7.59387
103 7.59371
104 7.5936
105 7.5935
106 7.59344
107 7.59338
108 7.59334
109 7.59331
110 7.59332
111 7.59334
112 7.59337
113 7.59341
114 7.59348
115 7.59357
116 7.59366
117 7.59379
118 7.59393
119 7.59406
120 7.59421
121 7.59438
122 7.59455
123 7.59471
124 7.59489
125 7.59511
126 7.59533
127 7.59558
128 7.59586
129 7.59613
130 7.5964
131 7.59669
132 7.597
133 7.59732
134 7.59766
135 7.59802
136 7.59839
137 7.59876
138 7.59914
139 7.59951
140 7.59992
141 7.60033
142 7.60077
143 7.60121
144 7.60164
145 7.60207
146 7.60251
147 7.60295
148 7.60339
149 7.60384
150 7.60428
151 7.60472
152 7.60515
153 7.60557
154 7.60599
155 7.6064
156 7.60684
157 7.60732
158 7.60779
159 7.60824
160 7.60868
161 7.60911
162 7.60953
163 7.60996
164 7.61041
165 7.61085
166 7.61128
167 7.61171
168 7.61213
169 7.61255
170 7.61297
171 7.61338
172 7.61378
173 7.61418
174 7.61458
175 7.61498
176 7.61538
177 7.61578
178 7.61618
179 7.61658
180 7.61698
181 7.61738
182 7.61778
183 7.61818
184 7.61857
185 7.61896
186 7.61933
187 7.61971
188 7.62008
189 7.62046
190 7.62084
191 7.62121
192 7.62158
193 7.62195
194 7.62231
195 7.62267
196 7.62303
197 7.62338
198 7.62377
199 7.62415
200 7.62453
201 7.62491
202 7.6253
203 7.62567
204 7.62604
205 7.62641
206 7.62677
207 7.62713
208 7.62749
209 7.62784
210 7.62818
211 7.62853
212 7.62887
213 7.62921
214 7.62954
215 7.62987
216 7.63021
217 7.63056
218 7.63091
219 7.63126
220 7.63161
221 7.63195
222 7.63229
223 7.63262
224 7.63295
225 7.63328
226 7.63361
227 7.63393
228 7.63425
229 7.63458
230 7.6349
231 7.63523
232 7.63555
233 7.63586
234 7.63618
235 7.63649
236 7.63681
237 7.63712
238 7.63743
239 7.63774
240 7.63804
241 7.63835
242 7.63865
243 7.63895
244 7.63925
245 7.63955
246 7.63985
247 7.64015
248 7.64044
249 7.64073
250 7.64102
251 7.64131
252 7.6416
253 7.64188
254 7.64216
255 7.64244
256 7.64272
257 7.64299
258 7.64326
259 7.64353
260 7.6438
261 7.64406
262 7.64433
263 7.64459
264 7.64485
265 7.64511
266 7.64536
267 7.64562
268 7.64587
269 7.64613
270 7.64638
271 7.64662
272 7.64687
273 7.64712
274 7.64737
275 7.64762
276 7.64787
277 7.64811
278 7.64835
279 7.64859
280 7.64884
281 7.64908
282 7.64931
283 7.64955
284 7.64978
285 7.65002
286 7.65025
287 7.65048
288 7.6507
289 7.65093
290 7.65115
291 7.65138
292 7.65161
293 7.65183
294 7.65206
295 7.65228
296 7.6525
297 7.65272
298 7.65294
299 7.65315
300 7.65337
