1 14.3317
2 9.5867
3 7.19904
4 4.78763
5 3.26301
6 2.39884
7 1.80151
8 1.4973
9 1.2982
10 1.16781
11 1.05411
12 0.972601
13 0.90257
14 0.874147
15 0.851545
16 0.850763
17 0.842042
18 0.83798
19 0.829211
20 0.822988
21 0.817759
22 0.814094
23 0.812025
24 0.810301
25 0.809607
26 0.809157
27 0.809255
28 0.809688
29 0.810257
30 0.811193
31 0.812115
32 0.813414
33 0.814631
34 0.816202
35 0.817639
36 0.81939
37 0.821007
38 0.822913
39 0.824703
40 0.826732
41 0.828672
42 0.830801
43 0.832872
44 0.835082
45 0.837248
46 0.839518
47 0.841748
48 0.844058
49 0.846339
50 0.848678
51 0.850985
52 0.853337
53 0.855664
54 0.858028
55 0.86037
56 0.862739
57 0.86509
58 0.867465
59 0.869817
60 0.872174
61 0.874512
62 0.876856
63 0.879185
64 0.881522
65 0.883846
66 0.886175
67 0.88849
68 0.890804
69 0.893103
70 0.895399
71 0.897682
72 0.89996
73 0.902224
74 0.904482
75 0.906728
76 0.908968
77 0.911196
78 0.913416
79 0.915624
80 0.917823
81 0.920009
82 0.922184
83 0.924343
84 0.926488
85 0.928619
86 0.930737
87 0.93284
88 0.934932
89 0.937011
90 0.939077
91 0.941131
92 0.943172
93 0.945201
94 0.947217
95 0.949222
96 0.951216
97 0.953198
98 0.95517
99 0.95713
100 0.959078
101 0.961014
102 0.962938
103 0.96485
104 0.96675
105 0.968637
106 0.970512
107 0.972374
108 0.974224
109 0.976062
110 0.977887
111 0.9797
112 0.981501
113 0.98329
114 0.985067
115 0.986832
116 0.988585
117 0.990327
118 0.992058
119 0.993778
120 0.995487
121 0.997186
122 0.998874
123 1.00055
124 1.00222
125 1.00388
126 1.00553
127 1.00716
128 1.00879
129 1.01041
130 1.01202
131 1.01362
132 1.01521
133 1.01679
134 1.01837
135 1.01993
136 1.02149
137 1.02303
138 1.02457
139 1.0261
140 1.02762
141 1.02913
142 1.03063
143 1.03213
144 1.03361
145 1.03509
146 1.03656
147 1.03802
148 1.03947
149 1.04091
150 1.04235
151 1.04378
152 1.04519
153 1.04661
154 1.04801
155 1.04941
156 1.05079
157 1.05217
158 1.05355
159 1.05491
160 1.05627
161 1.05762
162 1.05896
163 1.0603
164 1.06163
165 1.06295
166 1.06426
167 1.06557
168 1.06687
169 1.06817
170 1.06946
171 1.07074
172 1.07202
173 1.07329
174 1.07456
175 1.07582
176 1.07707
177 1.07831
178 1.07956
179 1.08079
180 1.08202
181 1.08324
182 1.08446
183 1.08567
184 1.08688
185 1.08808
186 1.08928
187 1.09047
188 1.09165
189 1.09283
190 1.09401
191 1.09518
192 1.09634
193 1.0975
194 1.09865
195 1.0998
196 1.10094
197 1.10208
198 1.10322
199 1.10435
200 1.10547
201 1.10659
202 1.1077
203 1.10882
204 1.10992
205 1.11102
206 1.11212
207 1.11321
208 1.1143
209 1.11538
210 1.11646
211 1.11754
212 1.11861
213 1.11967
214 1.12073
215 1.12179
216 1.12284
217 1.12389
218 1.12494
219 1.12598
220 1.12702
221 1.12805
222 1.12908
223 1.1301
224 1.13113
225 1.13214
226 1.13316
227 1.13417
228 1.13517
229 1.13617
230 1.13717
231 1.13817
232 1.13916
233 1.14014
234 1.14113
235 1.14211
236 1.14309
237 1.14406
238 1.14503
239 1.14599
240 1.14696
241 1.14791
242 1.14887
243 1.14982
244 1.15077
245 1.15172
246 1.15266
247 1.1536
248 1.15454
249 1.15547
250 1.1564
251 1.15732
252 1.15825
253 1.15917
254 1.16009
255 1.161
256 1.16191
257 1.16282
258 1.16373
259 1.16463
260 1.16553
261 1.16643
262 1.16732
263 1.16821
264 1.1691
265 1.16998
266 1.17087
267 1.17175
268 1.17262
269 1.1735
270 1.17437
271 1.17524
272 1.1761
273 1.17696
274 1.17782
275 1.17868
276 1.17954
277 1.18039
278 1.18124
279 1.18209
280 1.18293
281 1.18377
282 1.18461
283 1.18545
284 1.18628
285 1.18712
286 1.18795
287 1.18877
288 1.1896
289 1.19042
290 1.19124
291 1.19206
292 1.19287
293 1.19368
294 1.19449
295 1.1953
296 1.19611
297 1.19691
298 1.19771
299 1.19851
300 1.1993
