1 520.49
2 254.131
3 186.111
4 143.352
5 107.455
6 89.202
7 72.7981
8 63.3385
9 55.8315
10 50.0934
11 45.5465
12 41.279
13 37.5891
14 33.9909
15 30.648
16 27.7259
17 24.9675
18 22.895
19 20.7826
20 19.373
21 17.7401
22 16.743
23 15.4866
24 14.7681
25 13.8402
26 13.3072
27 12.6564
28 12.2507
29 11.8177
30 11.5119
31 11.2299
32 11.0069
33 10.8169
34 10.6641
35 10.5283
36 10.4316
37 10.3293
38 10.2702
39 10.1926
40 10.1574
41 10.0987
42 10.0773
43 10.0333
44 10.0196
45 9.9859
46 9.97638
47 9.95153
48 9.94418
49 9.92523
50 9.91969
51 9.90564
52 9.90108
53 9.88996
54 9.88589
55 9.87661
56 9.87297
57 9.86525
58 9.86216
59 9.85585
60 9.8532
61 9.84793
62 9.84571
63 9.84115
64 9.83901
65 9.83515
66 9.83323
67 9.82992
68 9.8282
69 9.82542
70 9.82386
71 9.82148
72 9.82007
73 9.81794
74 9.81652
75 9.81462
76 9.81335
77 9.81169
78 9.81056
79 9.80914
80 9.80823
81 9.80711
82 9.80638
83 9.80554
84 9.8051
85 9.80441
86 9.80388
87 9.80322
88 9.8028
89 9.80238
90 9.80224
91 9.80197
92 9.80198
93 9.80196
94 9.80201
95 9.80201
96 9.80205
97 9.80203
98 9.8021
99 9.80216
100 9.80224
101 9.80234
102 9.80251
103 9.80269
104 9.80294
105 9.80313
106 9.80337
107 9.80361
108 9.80386
109 9.80412
110 9.80437
111 9.8046
112 9.80485
113 9.80508
114 9.80534
115 9.80559
116 9.80584
117 9.80611
118 9.80642
119 9.80672
120 9.80702
121 9.80732
122 9.80763
123 9.80793
124 9.80822
125 9.8085
126 9.80879
127 9.80909
128 9.80938
129 9.80965
130 9.80993
131 9.81022
132 9.8105
133 9.81079
134 9.8111
135 9.81141
136 9.81173
137 9.81206
138 9.81237
139 9.81269
140 9.813
141 9.8133
142 9.81358
143 9.81387
144 9.81417
145 9.81446
146 9.81475
147 9.81502
148 9.8153
149 9.81558
150 9.81587
151 9.81617
152 9.81646
153 9.81675
154 9.81706
155 9.8174
156 9.81774
157 9.81806
158 9.81839
159 9.8187
160 9.81902
161 9.81933
162 9.81964
163 9.81994
164 9.82024
165 9.82054
166 9.82082
167 9.82113
168 9.82144
169 9.82175
170 9.82207
171 9.82238
172 9.82269
173 9.82298
174 9.82327
175 9.82356
176 9.82385
177 9.82416
178 9.82446
179 9.82478
180 9.8251
181 9.82544
182 9.82577
183 9.8261
184 9.82642
185 9.82675
186 9.82708
187 9.8274
188 9.82771
189 9.82802
190 9.82833
191 9.82864
192 9.82895
193 9.82926
194 9.82956
195 9.82985
196 9.83016
197 9.83046
198 9.83074
199 9.83101
200 9.83128
201 9.83155
202 9.83182
203 9.83209
204 9.83234
205 9.83259
206 9.83285
207 9.8331
208 9.83336
209 9.83362
210 9.83388
211 9.83413
212 9.83438
213 9.83463
214 9.83489
215 9.83515
216 9.8354
217 9.83565
218 9.8359
219 9.83614
220 9.83639
221 9.83664
222 9.83689
223 9.83714
224 9.83739
225 9.83764
226 9.83789
227 9.83814
228 9.83838
229 9.83862
230 9.83886
231 9.83909
232 9.83933
233 9.83956
234 9.83979
235 9.84002
236 9.84025
237 9.84049
238 9.84073
239 9.84097
240 9.8412
241 9.84142
242 9.84165
243 9.84187
244 9.84209
245 9.84231
246 9.84253
247 9.84275
248 9.84296
249 9.84316
250 9.84337
251 9.84357
252 9.84377
253 9.84398
254 9.84417
255 9.84437
256 9.84457
257 9.84476
258 9.84495
259 9.84514
260 9.84533
261 9.84552
262 9.84571
263 9.8459
264 9.84608
265 9.84627
266 9.84645
267 9.84664
268 9.84682
269 9.84699
270 9.84717
271 9.84734
272 9.84751
273 9.84768
274 9.84785
275 9.84802
276 9.84819
277 9.84836
278 9.84853
279 9.84869
280 9.84885
281 9.84901
282 9.84917
283 9.84933
284 9.84949
285 9.84965
286 9.84981
287 9.84996
288 9.85011
289 9.85027
290 9.85043
291 9.85058
292 9.85073
293 9.85088
294 9.85103
295 9.85118
296 9.85132
297 9.85146
298 9.8516
299 9.85174
300 9.85188
301 9.85201
302 9.85214
303 9.85227
304 9.85241
305 9.85255
306 9.85268
307 9.85282
308 9.85295
309 9.85308
310 9.85321
311 9.85334
312 9.85346
313 9.85359
314 9.85371
315 9.85384
316 9.85396
317 9.85408
318 9.85421
319 9.85433
320 9.85445
321 9.85458
322 9.8547
323 9.85482
324 9.85493
325 9.85504
326 9.85516
327 9.85527
328 9.85538
329 9.85549
330 9.8556
331 9.8557
332 9.85581
333 9.85592
334 9.85602
335 9.85613
336 9.85623
337 9.85633
338 9.85644
339 9.85654
340 9.85664
341 9.85674
342 9.85684
343 9.85694
344 9.85704
345 9.85713
346 9.85722
347 9.85732
348 9.85741
349 9.8575
350 9.85759
351 9.85768
352 9.85777
353 9.85785
354 9.85794
355 9.85802
356 9.85811
357 9.85819
358 9.85828
359 9.85836
360 9.85844
361 9.85852
362 9.8586
363 9.85867
364 9.85875
365 9.85882
366 9.8589
367 9.85897
368 9.85904
369 9.85912
370 9.85919
371 9.85926
372 9.85932
373 9.85939
374 9.85946
375 9.85953
376 9.85959
377 9.85966
378 9.85973
379 9.85979
380 9.85986
381 9.85992
382 9.85998
383 9.86004
384 9.86011
385 9.86017
386 9.86023
387 9.86029
388 9.86034
389 9.8604
390 9.86046
391 9.86052
392 9.86058
393 9.86064
394 9.8607
395 9.86076
396 9.86082
397 9.86088
398 9.86093
399 9.86099
400 9.86104
401 9.8611
402 9.86115
403 9.86121
404 9.86126
405 9.86131
406 9.86136
407 9.86141
408 9.86146
409 9.86152
410 9.86157
411 9.86162
412 9.86167
413 9.86172
414 9.86177
415 9.86182
416 9.86186
417 9.86191
418 9.86196
419 9.86201
420 9.86205
421 9.8621
422 9.86215
423 9.86219
424 9.86224
425 9.86228
426 9.86233
427 9.86237
428 9.86241
429 9.86246
430 9.8625
431 9.86254
432 9.86258
433 9.86262
434 9.86267
435 9.86271
436 9.86275
437 9.86279
438 9.86283
439 9.86287
440 9.86291
441 9.86294
442 9.86299
443 9.86303
444 9.86307
445 9.86311
446 9.86315
447 9.86319
448 9.86323
449 9.86327
450 9.8633
451 9.86334
452 9.86338
453 9.86342
454 9.86345
455 9.86349
456 9.86352
457 9.86356
458 9.8636
459 9.86363
460 9.86367
461 9.8637
462 9.86374
463 9.86377
464 9.86381
465 9.86384
466 9.86387
467 9.8639
468 9.86394
469 9.86397
470 9.864
471 9.86404
472 9.86407
473 9.8641
474 9.86413
475 9.86416
476 9.86419
477 9.86422
478 9.86425
479 9.86428
480 9.86431
481 9.86434
482 9.86437
483 9.8644
484 9.86443
485 9.86445
486 9.86448
487 9.86451
488 9.86454
489 9.86456
490 9.86459
491 9.86462
492 9.86465
493 9.86467
494 9.8647
495 9.86473
496 9.86475
497 9.86478
498 9.8648
499 9.86483
500 9.86485
501 9.86488
502 9.8649
503 9.86493
504 9.86496
505 9.86498
506 9.86501
507 9.86503
508 9.86506
509 9.86508
510 9.8651
511 9.86513
512 9.86515
513 9.86517
514 9.8652
515 9.86522
516 9.86524
517 9.86527
518 9.86529
519 9.86531
520 9.86533
521 9.86535
522 9.86537
523 9.8654
524 9.86542
525 9.86544
526 9.86546
527 9.86548
528 9.8655
529 9.86552
530 9.86554
531 9.86556
532 9.86558
533 9.8656
534 9.86562
535 9.86564
536 9.86566
537 9.86567
538 9.86569
539 9.86571
540 9.86573
541 9.86575
542 9.86577
543 9.86579
544 9.86581
545 9.86582
546 9.86584
547 9.86586
548 9.86588
549 9.86589
550 9.86591
551 9.86593
552 9.86594
553 9.86596
554 9.86598
555 9.86599
556 9.86601
557 9.86603
558 9.86604
559 9.86606
560 9.86607
561 9.86609
562 9.8661
563 9.86612
564 9.86613
565 9.86615
566 9.86616
567 9.86618
568 9.86619
569 9.86621
570 9.86622
571 9.86624
572 9.86625
573 9.86627
574 9.86628
575 9.8663
576 9.86631
577 9.86633
578 9.86634
579 9.86635
580 9.86637
581 9.86638
582 9.8664
583 9.86641
584 9.86642
585 9.86644
586 9.86645
587 9.86647
588 9.86648
589 9.8665
590 9.86651
591 9.86652
592 9.86654
593 9.86655
594 9.86656
595 9.86658
596 9.86659
597 9.86661
598 9.86662
599 9.86663
600 9.86664
601 9.86666
602 9.86667
603 9.86669
604 9.8667
605 9.86671
606 9.86673
607 9.86674
608 9.86675
609 9.86677
610 9.86678
611 9.86679
612 9.86681
613 9.86682
614 9.86683
615 9.86684
616 9.86686
617 9.86687
618 9.86688
619 9.86689
620 9.8669
621 9.86692
622 9.86693
623 9.86694
624 9.86695
625 9.86696
626 9.86697
627 9.86698
628 9.867
629 9.86701
630 9.86702
631 9.86703
632 9.86704
633 9.86705
634 9.86706
635 9.86707
636 9.86708
637 9.86709
638 9.8671
639 9.86712
640 9.86713
641 9.86714
642 9.86715
643 9.86716
644 9.86717
645 9.86718
646 9.86719
647 9.8672
648 9.86721
649 9.86722
650 9.86723
651 9.86724
652 9.86725
653 9.86726
654 9.86727
655 9.86728
656 9.86729
657 9.86731
658 9.86732
659 9.86733
660 9.86734
661 9.86735
662 9.86736
663 9.86737
664 9.86738
665 9.86738
666 9.86739
667 9.8674
668 9.86741
669 9.86742
670 9.86743
671 9.86744
672 9.86745
673 9.86746
674 9.86747
675 9.86748
676 9.86749
677 9.8675
678 9.86751
679 9.86752
680 9.86753
681 9.86754
682 9.86755
683 9.86756
684 9.86757
685 9.86757
686 9.86758
687 9.86759
688 9.8676
689 9.86761
690 9.86762
691 9.86763
692 9.86764
693 9.86765
694 9.86765
695 9.86766
696 9.86767
697 9.86768
698 9.86769
699 9.8677
700 9.8677
701 9.86771
702 9.86772
703 9.86773
704 9.86774
705 9.86775
706 9.86776
707 9.86776
708 9.86777
709 9.86778
710 9.86779
711 9.8678
712 9.86781
713 9.86782
714 9.86782
715 9.86783
716 9.86784
717 9.86785
718 9.86786
719 9.86787
720 9.86788
721 9.86789
722 9.8679
723 9.86791
724 9.86791
725 9.86792
726 9.86793
727 9.86794
728 9.86795
729 9.86796
730 9.86797
731 9.86798
732 9.86798
733 9.86799
734 9.868
735 9.86801
736 9.86802
737 9.86803
738 9.86804
739 9.86805
740 9.86805
741 9.86806
742 9.86807
743 9.86808
744 9.86809
745 9.8681
746 9.86811
747 9.86812
748 9.86812
749 9.86813
750 9.86814
751 9.86815
752 9.86816
753 9.86817
754 9.86818
755 9.86819
756 9.86819
757 9.8682
758 9.86821
759 9.86822
760 9.86823
761 9.86824
762 9.86824
763 9.86825
764 9.86826
765 9.86827
766 9.86828
767 9.86828
768 9.86829
769 9.8683
770 9.86831
771 9.86832
772 9.86832
773 9.86833
774 9.86834
775 9.86835
776 9.86836
777 9.86836
778 9.86837
779 9.86838
780 9.86839
781 9.86839
782 9.8684
783 9.86841
784 9.86842
785 9.86842
786 9.86843
787 9.86844
788 9.86845
789 9.86845
790 9.86846
791 9.86847
792 9.86848
793 9.86848
794 9.86849
795 9.8685
796 9.86851
797 9.86851
798 9.86852
799 9.86853
800 9.86853
801 9.86854
802 9.86855
803 9.86855
804 9.86856
805 9.86857
806 9.86857
807 9.86858
808 9.86859
809 9.86859
810 9.8686
811 9.86861
812 9.86861
813 9.86862
814 9.86863
815 9.86863
816 9.86864
817 9.86865
818 9.86865
819 9.86866
820 9.86867
821 9.86867
822 9.86868
823 9.86869
824 9.86869
825 9.8687
826 9.86871
827 9.86871
828 9.86872
829 9.86873
830 9.86873
831 9.86874
832 9.86875
833 9.86875
834 9.86876
835 9.86877
836 9.86877
837 9.86878
838 9.86879
839 9.8688
840 9.8688
841 9.86881
842 9.86882
843 9.86882
844 9.86883
845 9.86884
846 9.86885
847 9.86885
848 9.86886
849 9.86887
850 9.86887
851 9.86888
852 9.86889
853 9.86889
854 9.8689
855 9.86891
856 9.86891
857 9.86892
858 9.86893
859 9.86893
860 9.86894
861 9.86894
862 9.86895
863 9.86896
864 9.86896
865 9.86897
866 9.86898
867 9.86898
868 9.86899
869 9.86899
870 9.869
871 9.86901
872 9.86901
873 9.86902
874 9.86903
875 9.86903
876 9.86904
877 9.86905
878 9.86905
879 9.86906
880 9.86907
881 9.86907
882 9.86908
883 9.86908
884 9.86909
885 9.8691
886 9.8691
887 9.86911
888 9.86911
889 9.86912
890 9.86913
891 9.86913
892 9.86914
893 9.86915
894 9.86916
895 9.86916
896 9.86917
897 9.86918
898 9.86918
899 9.86919
900 9.8692
901 9.8692
902 9.86921
903 9.86922
904 9.86922
905 9.86923
906 9.86924
907 9.86924
908 9.86925
909 9.86926
910 9.86926
911 9.86927
912 9.86928
913 9.86929
914 9.86929
915 9.8693
916 9.86931
917 9.86931
918 9.86932
919 9.86933
920 9.86933
921 9.86934
922 9.86935
923 9.86935
924 9.86936
925 9.86937
926 9.86937
927 9.86938
928 9.86939
929 9.86939
930 9.8694
931 9.86941
932 9.86941
933 9.86942
934 9.86943
935 9.86944
936 9.86945
937 9.86945
938 9.86946
939 9.86947
940 9.86948
941 9.86948
942 9.86949
943 9.8695
944 9.86951
945 9.86952
946 9.86952
947 9.86953
948 9.86954
949 9.86954
950 9.86955
951 9.86956
952 9.86957
953 9.86957
954 9.86958
955 9.86959
956 9.8696
957 9.8696
958 9.86961
959 9.86962
960 9.86963
961 9.86963
962 9.86964
963 9.86965
964 9.86965
965 9.86966
966 9.86967
967 9.86968
968 9.86968
969 9.86969
970 9.8697
971 9.8697
972 9.86971
973 9.86972
974 9.86973
975 9.86973
976 9.86974
977 9.86975
978 9.86975
979 9.86976
980 9.86977
981 9.86978
982 9.86978
983 9.86979
984 9.8698
985 9.8698
986 9.86981
987 9.86982
988 9.86982
989 9.86983
990 9.86984
991 9.86984
992 9.86985
993 9.86986
994 9.86986
995 9.86987
996 9.86988
997 9.86988
998 9.86989
999 9.8699
1000 9.8699
