1 13.4065
2 7.39392
3 5.0451
4 3.96395
5 3.32965
6 2.9619
7 2.68808
8 2.50063
9 2.35186
10 2.23789
11 2.1424
12 2.06425
13 1.99391
14 1.93362
15 1.87772
16 1.82941
17 1.78605
18 1.74827
19 1.71484
20 1.6848
21 1.65803
22 1.63352
23 1.61157
24 1.59142
25 1.57319
26 1.55648
27 1.54122
28 1.52725
29 1.51441
30 1.50267
31 1.49183
32 1.4819
33 1.4727
34 1.46428
35 1.45646
36 1.44929
37 1.44264
38 1.43653
39 1.43086
40 1.42564
41 1.42081
42 1.41636
43 1.41225
44 1.40847
45 1.40499
46 1.40179
47 1.39884
48 1.39614
49 1.39367
50 1.39141
51 1.38935
52 1.38748
53 1.38578
54 1.38426
55 1.38288
56 1.38166
57 1.38056
58 1.3796
59 1.37876
60 1.37804
61 1.37742
62 1.3769
63 1.37648
64 1.37615
65 1.3759
66 1.37573
67 1.37564
68 1.37561
69 1.37566
70 1.37576
71 1.37592
72 1.37614
73 1.37641
74 1.37673
75 1.3771
76 1.37751
77 1.37796
78 1.37845
79 1.37898
80 1.37954
81 1.38013
82 1.38075
83 1.38141
84 1.38208
85 1.38279
86 1.38351
87 1.38426
88 1.38503
89 1.38582
90 1.38662
91 1.38745
92 1.38829
93 1.38914
94 1.39001
95 1.3909
96 1.39179
97 1.3927
98 1.39362
99 1.39455
100 1.39549
101 1.39643
102 1.39739
103 1.39835
104 1.39932
105 1.40029
106 1.40127
107 1.40226
108 1.40325
109 1.40425
110 1.40525
111 1.40626
112 1.40726
113 1.40827
114 1.40929
115 1.4103
116 1.41132
117 1.41233
118 1.41335
119 1.41437
120 1.4154
121 1.41642
122 1.41744
123 1.41846
124 1.41949
125 1.42051
126 1.42153
127 1.42256
128 1.42358
129 1.4246
130 1.42562
131 1.42663
132 1.42765
133 1.42866
134 1.42968
135 1.43069
136 1.43169
137 1.4327
138 1.43371
139 1.43471
140 1.43571
141 1.4367
142 1.4377
143 1.43869
144 1.43968
145 1.44067
146 1.44165
147 1.44263
148 1.44361
149 1.44458
150 1.44555
151 1.44652
152 1.44749
153 1.44845
154 1.44941
155 1.45036
156 1.45132
157 1.45227
158 1.45321
159 1.45416
160 1.4551
161 1.45603
162 1.45697
163 1.4579
164 1.45883
165 1.45975
166 1.46067
167 1.46159
168 1.4625
169 1.46341
170 1.46432
171 1.46523
172 1.46613
173 1.46702
174 1.46792
175 1.46881
176 1.4697
177 1.47058
178 1.47146
179 1.47234
180 1.47321
181 1.47408
182 1.47495
183 1.47581
184 1.47667
185 1.47752
186 1.47838
187 1.47923
188 1.48007
189 1.48092
190 1.48175
191 1.48259
192 1.48342
193 1.48425
194 1.48508
195 1.4859
196 1.48672
197 1.48753
198 1.48835
199 1.48916
200 1.48996
