1 14.3317
2 9.5867
3 7.19904
4 4.78763
5 3.26301
6 2.39884
7 1.80151
8 1.4973
9 1.2982
10 1.16781
11 1.05411
12 0.972601
13 0.90257
14 0.874147
15 0.851545
16 0.850763
17 0.842042
18 0.83798
19 0.829211
20 0.822988
21 0.817759
22 0.814094
23 0.812025
24 0.810301
25 0.809607
26 0.809157
27 0.809255
28 0.809688
29 0.810257
30 0.811193
31 0.812115
32 0.813414
33 0.814631
34 0.816202
35 0.817639
36 0.81939
37 0.821007
38 0.822913
39 0.824703
40 0.826732
41 0.828672
42 0.830801
43 0.832872
44 0.835082
45 0.837248
46 0.839518
47 0.841748
48 0.844058
49 0.846339
50 0.848678
51 0.850985
52 0.853337
53 0.855664
54 0.858028
55 0.86037
56 0.862739
57 0.86509
58 0.867465
59 0.869817
60 0.872174
61 0.874512
62 0.876856
63 0.879185
64 0.881522
65 0.883846
66 0.886175
67 0.88849
68 0.890804
69 0.893103
70 0.895399
71 0.897682
72 0.89996
73 0.902224
74 0.904482
75 0.906728
76 0.908968
77 0.911196
78 0.913416
79 0.915624
80 0.917823
81 0.920009
82 0.922184
83 0.924343
84 0.926488
85 0.928619
86 0.930737
87 0.93284
88 0.934932
89 0.937011
90 0.939077
91 0.941131
92 0.943172
93 0.945201
94 0.947217
95 0.949222
96 0.951216
97 0.953198
98 0.95517
99 0.95713
100 0.959078
101 0.961014
102 0.962938
103 0.96485
104 0.96675
105 0.968637
106 0.970512
107 0.972374
108 0.974224
109 0.976062
110 0.977887
111 0.9797
112 0.981501
113 0.98329
114 0.985067
115 0.986832
116 0.988585
117 0.990327
118 0.992058
119 0.993778
120 0.995487
121 0.997186
122 0.998874
123 1.00055
124 1.00222
125 1.00388
126 1.00553
127 1.00716
128 1.00879
129 1.01041
130 1.01202
131 1.01362
132 1.01521
133 1.01679
134 1.01837
135 1.01993
136 1.02149
137 1.02303
138 1.02457
139 1.0261
140 1.02762
141 1.02913
142 1.03063
143 1.03213
144 1.03361
145 1.03509
146 1.03656
147 1.03802
148 1.03947
149 1.04091
150 1.04235
151 1.04378
152 1.04519
153 1.04661
154 1.04801
155 1.04941
156 1.05079
157 1.05217
158 1.05355
159 1.05491
160 1.05627
161 1.05762
162 1.05896
163 1.0603
164 1.06163
165 1.06295
166 1.06426
167 1.06557
168 1.06687
169 1.06817
170 1.06946
171 1.07074
172 1.07202
173 1.07329
174 1.07456
175 1.07582
176 1.07707
177 1.07831
178 1.07956
179 1.08079
180 1.08202
181 1.08324
182 1.08446
183 1.08567
184 1.08688
185 1.08808
186 1.08928
187 1.09047
188 1.09165
189 1.09283
190 1.09401
191 1.09518
192 1.09634
193 1.0975
194 1.09865
195 1.0998
196 1.10094
197 1.10208
198 1.10322
199 1.10435
200 1.10547
201 1.10659
202 1.1077
203 1.10882
204 1.10992
205 1.11102
206 1.11212
207 1.11321
208 1.1143
209 1.11538
210 1.11646
211 1.11754
212 1.11861
213 1.11967
214 1.12073
215 1.12179
216 1.12284
217 1.12389
218 1.12494
219 1.12598
220 1.12702
221 1.12805
222 1.12908
223 1.1301
224 1.13113
225 1.13214
226 1.13316
227 1.13417
228 1.13517
229 1.13617
230 1.13717
231 1.13817
232 1.13916
233 1.14014
234 1.14113
235 1.14211
236 1.14309
237 1.14406
238 1.14503
239 1.14599
240 1.14696
241 1.14791
242 1.14887
243 1.14982
244 1.15077
245 1.15172
246 1.15266
247 1.1536
248 1.15454
249 1.15547
250 1.1564
251 1.15732
252 1.15825
253 1.15917
254 1.16009
255 1.161
256 1.16191
257 1.16282
258 1.16373
259 1.16463
260 1.16553
261 1.16643
262 1.16732
263 1.16821
264 1.1691
265 1.16998
266 1.17087
267 1.17175
268 1.17262
269 1.1735
270 1.17437
271 1.17524
272 1.1761
273 1.17696
274 1.17782
275 1.17868
276 1.17954
277 1.18039
278 1.18124
279 1.18209
280 1.18293
281 1.18377
282 1.18461
283 1.18545
284 1.18628
285 1.18712
286 1.18795
287 1.18877
288 1.1896
289 1.19042
290 1.19124
291 1.19206
292 1.19287
293 1.19368
294 1.19449
295 1.1953
296 1.19611
297 1.19691
298 1.19771
299 1.19851
300 1.1993
301 1.2001
302 1.20089
303 1.20168
304 1.20247
305 1.20325
306 1.20403
307 1.20481
308 1.20559
309 1.20637
310 1.20714
311 1.20791
312 1.20868
313 1.20945
314 1.21021
315 1.21098
316 1.21174
317 1.2125
318 1.21325
319 1.21401
320 1.21476
321 1.21551
322 1.21626
323 1.21701
324 1.21775
325 1.2185
326 1.21924
327 1.21998
328 1.22071
329 1.22145
330 1.22218
331 1.22291
332 1.22364
333 1.22437
334 1.2251
335 1.22582
336 1.22654
337 1.22726
338 1.22798
339 1.2287
340 1.22941
341 1.23012
342 1.23084
343 1.23154
344 1.23225
345 1.23296
346 1.23366
347 1.23437
348 1.23507
349 1.23577
350 1.23646
351 1.23716
352 1.23785
353 1.23855
354 1.23924
355 1.23993
356 1.24061
357 1.2413
358 1.24198
359 1.24267
360 1.24335
361 1.24403
362 1.2447
363 1.24538
364 1.24605
365 1.24673
366 1.2474
367 1.24807
368 1.24874
369 1.2494
370 1.25007
371 1.25073
372 1.25139
373 1.25205
374 1.25271
375 1.25337
376 1.25402
377 1.25468
378 1.25533
379 1.25598
380 1.25663
381 1.25728
382 1.25793
383 1.25857
384 1.25922
385 1.25986
386 1.2605
387 1.26114
388 1.26178
389 1.26241
390 1.26305
391 1.26368
392 1.26432
393 1.26495
394 1.26558
395 1.2662
396 1.26683
397 1.26746
398 1.26808
399 1.26871
400 1.26933
401 1.26995
402 1.27057
403 1.27118
404 1.2718
405 1.27242
406 1.27303
407 1.27364
408 1.27425
409 1.27486
410 1.27547
411 1.27608
412 1.27668
413 1.27729
414 1.27789
415 1.27849
416 1.2791
417 1.2797
418 1.28029
419 1.28089
420 1.28149
421 1.28208
422 1.28268
423 1.28327
424 1.28386
425 1.28445
426 1.28504
427 1.28563
428 1.28621
429 1.2868
430 1.28738
431 1.28796
432 1.28855
433 1.28913
434 1.28971
435 1.29028
436 1.29086
437 1.29144
438 1.29201
439 1.29259
440 1.29316
441 1.29373
442 1.2943
443 1.29487
444 1.29544
445 1.296
446 1.29657
447 1.29713
448 1.2977
449 1.29826
450 1.29882
451 1.29938
452 1.29994
453 1.3005
454 1.30106
455 1.30161
456 1.30217
457 1.30272
458 1.30327
459 1.30383
460 1.30438
461 1.30493
462 1.30548
463 1.30602
464 1.30657
465 1.30712
466 1.30766
467 1.3082
468 1.30875
469 1.30929
470 1.30983
471 1.31037
472 1.31091
473 1.31144
474 1.31198
475 1.31251
476 1.31305
477 1.31358
478 1.31411
479 1.31465
480 1.31518
481 1.3157
482 1.31623
483 1.31676
484 1.31729
485 1.31781
486 1.31834
487 1.31886
488 1.31938
489 1.3199
490 1.32043
491 1.32095
492 1.32146
493 1.32198
494 1.3225
495 1.32301
496 1.32353
497 1.32404
498 1.32456
499 1.32507
500 1.32558
501 1.32609
502 1.3266
503 1.32711
504 1.32762
505 1.32812
506 1.32863
507 1.32914
508 1.32964
509 1.33014
510 1.33065
511 1.33115
512 1.33165
513 1.33215
514 1.33265
515 1.33315
516 1.33364
517 1.33414
518 1.33464
519 1.33513
520 1.33562
521 1.33612
522 1.33661
523 1.3371
524 1.33759
525 1.33808
526 1.33857
527 1.33906
528 1.33954
529 1.34003
530 1.34052
531 1.341
532 1.34148
533 1.34197
534 1.34245
535 1.34293
536 1.34341
537 1.34389
538 1.34437
539 1.34485
540 1.34533
541 1.3458
542 1.34628
543 1.34675
544 1.34723
545 1.3477
546 1.34818
547 1.34865
548 1.34912
549 1.34959
550 1.35006
551 1.35053
552 1.351
553 1.35146
554 1.35193
555 1.3524
556 1.35286
557 1.35333
558 1.35379
559 1.35425
560 1.35471
561 1.35518
562 1.35564
563 1.3561
564 1.35655
565 1.35701
566 1.35747
567 1.35793
568 1.35838
569 1.35884
570 1.35929
571 1.35975
572 1.3602
573 1.36065
574 1.36111
575 1.36156
576 1.36201
577 1.36246
578 1.36291
579 1.36335
580 1.3638
581 1.36425
582 1.3647
583 1.36514
584 1.36559
585 1.36603
586 1.36647
587 1.36692
588 1.36736
589 1.3678
590 1.36824
591 1.36868
592 1.36912
593 1.36956
594 1.37
595 1.37043
596 1.37087
597 1.37131
598 1.37174
599 1.37218
600 1.37261
601 1.37304
602 1.37348
603 1.37391
604 1.37434
605 1.37477
606 1.3752
607 1.37563
608 1.37606
609 1.37649
610 1.37691
611 1.37734
612 1.37777
613 1.37819
614 1.37862
615 1.37904
616 1.37946
617 1.37989
618 1.38031
619 1.38073
620 1.38115
621 1.38157
622 1.38199
623 1.38241
624 1.38283
625 1.38325
626 1.38366
627 1.38408
628 1.3845
629 1.38491
630 1.38533
631 1.38574
632 1.38615
633 1.38657
634 1.38698
635 1.38739
636 1.3878
637 1.38821
638 1.38862
639 1.38903
640 1.38944
641 1.38985
642 1.39025
643 1.39066
644 1.39107
645 1.39147
646 1.39188
647 1.39228
648 1.39268
649 1.39309
650 1.39349
651 1.39389
652 1.39429
653 1.39469
654 1.39509
655 1.39549
656 1.39589
657 1.39629
658 1.39669
659 1.39709
660 1.39748
661 1.39788
662 1.39828
663 1.39867
664 1.39907
665 1.39946
666 1.39985
667 1.40025
668 1.40064
669 1.40103
670 1.40142
671 1.40181
672 1.4022
673 1.40259
674 1.40298
675 1.40337
676 1.40376
677 1.40414
678 1.40453
679 1.40492
680 1.4053
681 1.40569
682 1.40607
683 1.40645
684 1.40684
685 1.40722
686 1.4076
687 1.40799
688 1.40837
689 1.40875
690 1.40913
691 1.40951
692 1.40989
693 1.41026
694 1.41064
695 1.41102
696 1.4114
697 1.41177
698 1.41215
699 1.41253
700 1.4129
701 1.41327
702 1.41365
703 1.41402
704 1.41439
705 1.41477
706 1.41514
707 1.41551
708 1.41588
709 1.41625
710 1.41662
711 1.41699
712 1.41736
713 1.41773
714 1.4181
715 1.41846
716 1.41883
717 1.4192
718 1.41956
719 1.41993
720 1.42029
721 1.42066
722 1.42102
723 1.42138
724 1.42175
725 1.42211
726 1.42247
727 1.42283
728 1.42319
729 1.42355
730 1.42391
731 1.42427
732 1.42463
733 1.42499
734 1.42535
735 1.42571
736 1.42606
737 1.42642
738 1.42677
739 1.42713
740 1.42749
741 1.42784
742 1.42819
743 1.42855
744 1.4289
745 1.42925
746 1.42961
747 1.42996
748 1.43031
749 1.43066
750 1.43101
751 1.43136
752 1.43171
753 1.43206
754 1.43241
755 1.43276
756 1.4331
757 1.43345
758 1.4338
759 1.43414
760 1.43449
761 1.43483
762 1.43518
763 1.43552
764 1.43587
765 1.43621
766 1.43655
767 1.4369
768 1.43724
769 1.43758
770 1.43792
771 1.43826
772 1.4386
773 1.43894
774 1.43928
775 1.43962
776 1.43996
777 1.4403
778 1.44064
779 1.44097
780 1.44131
781 1.44165
782 1.44198
783 1.44232
784 1.44265
785 1.44299
786 1.44332
787 1.44366
788 1.44399
789 1.44432
790 1.44466
791 1.44499
792 1.44532
793 1.44565
794 1.44598
795 1.44631
796 1.44664
797 1.44697
798 1.4473
799 1.44763
800 1.44796
801 1.44829
802 1.44861
803 1.44894
804 1.44927
805 1.44959
806 1.44992
807 1.45025
808 1.45057
809 1.45089
810 1.45122
811 1.45154
812 1.45187
813 1.45219
814 1.45251
815 1.45283
816 1.45316
817 1.45348
818 1.4538
819 1.45412
820 1.45444
821 1.45476
822 1.45508
823 1.4554
824 1.45571
825 1.45603
826 1.45635
827 1.45667
828 1.45698
829 1.4573
830 1.45762
831 1.45793
832 1.45825
833 1.45856
834 1.45888
835 1.45919
836 1.45951
837 1.45982
838 1.46013
839 1.46045
840 1.46076
841 1.46107
842 1.46138
843 1.46169
844 1.462
845 1.46231
846 1.46262
847 1.46293
848 1.46324
849 1.46355
850 1.46386
851 1.46417
852 1.46447
853 1.46478
854 1.46509
855 1.4654
856 1.4657
857 1.46601
858 1.46631
859 1.46662
860 1.46692
861 1.46723
862 1.46753
863 1.46783
864 1.46814
865 1.46844
866 1.46874
867 1.46904
868 1.46935
869 1.46965
870 1.46995
871 1.47025
872 1.47055
873 1.47085
874 1.47115
875 1.47145
876 1.47175
877 1.47205
878 1.47234
879 1.47264
880 1.47294
881 1.47324
882 1.47353
883 1.47383
884 1.47412
885 1.47442
886 1.47472
887 1.47501
888 1.4753
889 1.4756
890 1.47589
891 1.47619
892 1.47648
893 1.47677
894 1.47706
895 1.47736
896 1.47765
897 1.47794
898 1.47823
899 1.47852
900 1.47881
901 1.4791
902 1.47939
903 1.47968
904 1.47997
905 1.48026
906 1.48054
907 1.48083
908 1.48112
909 1.48141
910 1.48169
911 1.48198
912 1.48227
913 1.48255
914 1.48284
915 1.48312
916 1.48341
917 1.48369
918 1.48398
919 1.48426
920 1.48454
921 1.48483
922 1.48511
923 1.48539
924 1.48567
925 1.48596
926 1.48624
927 1.48652
928 1.4868
929 1.48708
930 1.48736
931 1.48764
932 1.48792
933 1.4882
934 1.48848
935 1.48875
936 1.48903
937 1.48931
938 1.48959
939 1.48986
940 1.49014
941 1.49042
942 1.49069
943 1.49097
944 1.49124
945 1.49152
946 1.49179
947 1.49207
948 1.49234
949 1.49262
950 1.49289
951 1.49316
952 1.49343
953 1.49371
954 1.49398
955 1.49425
956 1.49452
957 1.49479
958 1.49506
959 1.49534
960 1.49561
961 1.49588
962 1.49615
963 1.49641
964 1.49668
965 1.49695
966 1.49722
967 1.49749
968 1.49776
969 1.49802
970 1.49829
971 1.49856
972 1.49882
973 1.49909
974 1.49936
975 1.49962
976 1.49989
977 1.50015
978 1.50042
979 1.50068
980 1.50095
981 1.50121
982 1.50147
983 1.50174
984 1.502
985 1.50226
986 1.50252
987 1.50279
988 1.50305
989 1.50331
990 1.50357
991 1.50383
992 1.50409
993 1.50435
994 1.50461
995 1.50487
996 1.50513
997 1.50539
998 1.50565
999 1.50591
1000 1.50617
