2000 50 0.00261559 2556 2.42854e-11 0.0129905
2000 100 0.0133224 5044 2.44237e-10 0.0340369
2000 200 0.044972 10204 3.47576e-10 0.0810975
2000 500 0.177376 32180 2.35861e-10 0.254563
2000 750 0.463603 62136 9.04009e-09 0.569929
2000 1000 1.11194 129332 1.47643e-08 1.25489
4000 50 0.00472087 2728 3.38033e-12 0.0235879
4000 100 0.0159539 5320 1.00553e-11 0.0535846
4000 200 0.0371166 10156 8.01054e-11 0.0874152
4000 500 0.160111 24252 1.08714e-09 0.311193
4000 750 0.313556 39796 8.32675e-10 0.538178
4000 1000 0.519719 57708 1.83256e-09 0.801891
4000 2000 3.54356 242112 1.11069e-08 3.94806
20000 50 0.0135421 2700 3.09278e-11 0.0956561
20000 100 0.0247461 5084 3.48412e-11 0.155763
20000 200 0.0418142 10040 9.98939e-11 0.322536
20000 500 0.165276 24008 6.3913e-10 0.696147
20000 750 0.327996 35960 1.14883e-09 1.00696
20000 1000 0.506017 47092 3.32592e-09 1.42421
20000 2000 1.50214 95364 1.20485e-09 3.09126
20000 4000 6.2073 203424 4.0751e-09 8.99865
20000 10000 86.9888 1176784 5.2076e-08 93.6082
40000 50 0.0240678 2600 7.31997e-12 0.197354
40000 100 0.0282689 5200 3.22327e-11 0.31447
40000 200 0.0657795 9960 2.09028e-10 0.525563
40000 500 0.229359 24180 6.62951e-10 1.12297
40000 750 0.363605 35156 2.35027e-09 1.6115
40000 1000 0.523841 48412 7.39452e-10 1.90632
40000 2000 1.65355 91928 4.12504e-09 4.07982
40000 4000 6.13223 181232 6.72632e-09 11.1194
40000 10000 42.4092 545540 1.66846e-08 55.8489
80000 50 0.0197869 2524 3.20308e-11 0.307283
80000 100 0.0518677 5088 4.1012e-11 0.540108
80000 200 0.113178 9444 5.60079e-09 0.894539
80000 500 0.280406 24592 3.61001e-10 1.97064
80000 750 0.469715 34708 5.63756e-09 2.51575
80000 1000 0.717747 48424 6.53841e-10 3.63083
80000 2000 2.08102 94692 1.40179e-09 7.46817
80000 4000 6.90836 183272 3.71133e-09 17.9508
80000 10000 46.9284 452244 1.01e-08 76.8041
