2000 50 0.00815225 2544 1.32194e-09 0.0195106
2000 100 0.0226961 5100 5.45691e-11 0.0394642
2000 200 0.0739671 10632 3.629e-11 0.102805
2000 500 0.292858 33508 8.93639e-10 0.358756
2000 750 0.747483 71404 4.13976e-09 0.839382
2000 1000 1.95749 149312 4.50233e-08 2.08541
4000 50 0.00706965 2728 3.38033e-12 0.0200276
4000 100 0.00991456 4816 3.00493e-10 0.0219186
4000 200 0.0765428 9844 4.70058e-10 0.122073
4000 500 0.249028 24036 1.51629e-09 0.37808
4000 750 0.542094 39812 2.88308e-09 0.730855
4000 1000 1.05411 61836 2.92792e-09 1.29537
4000 2000 8.00724 273804 9.18177e-08 8.39353
20000 50 0.0359532 2700 3.09278e-11 0.0986652
20000 100 0.0720572 5084 3.48412e-11 0.140769
20000 200 0.0892245 10040 9.98939e-11 0.29041
20000 500 0.360986 24444 3.23423e-10 0.770394
20000 750 0.615616 36900 2.83385e-10 1.14555
20000 1000 1.00064 47660 1.01084e-09 1.71364
20000 2000 3.1382 95216 2.39136e-09 4.41997
20000 4000 13.2078 207804 7.60389e-09 15.3127
20000 10000 207.114 1414708 8.43646e-08 211.553
40000 50 0.0743006 2600 7.31997e-12 0.200451
40000 100 0.086066 5200 3.22327e-11 0.238397
40000 200 0.165902 9960 2.09028e-10 0.501765
40000 500 0.445699 24180 6.62951e-10 1.16872
40000 750 0.667548 35156 2.35027e-09 1.62933
40000 1000 1.26755 48584 6.25018e-10 2.49189
40000 2000 3.58972 89972 6.0503e-09 5.68749
40000 4000 12.4906 184772 4.38244e-09 16.3277
40000 10000 101.988 589384 2.55196e-08 111.031
80000 50 0.12194 2524 3.20308e-11 0.369332
80000 100 0.178951 5088 4.1012e-11 0.567306
80000 200 0.329465 9444 5.60079e-09 0.899698
80000 500 0.682562 24592 3.61001e-10 1.64129
80000 750 1.05156 34708 5.63756e-09 2.75111
80000 1000 1.46259 48424 6.53841e-10 3.60798
80000 2000 4.67514 95368 1.69127e-09 8.60884
80000 4000 15.5458 182996 4.99525e-09 23.1225
80000 10000 95.41 461192 9.43656e-09 114.339
