2000 50 0.0107282 3000 1.53604e-13 0.0210329
2000 100 0.0331429 5900 4.72756e-12 0.0496523
2000 200 0.104245 11500 1.108e-11 0.13307
2000 500 0.328758 34400 2.23034e-11 0.395358
2000 750 1.00851 78800 1.99205e-10 1.106
2000 1000 2.2499 163800 8.08935e-10 2.37304
4000 50 0.0132704 3000 1.66816e-13 0.0270724
4000 100 0.0132277 6000 1.96262e-13 0.0245953
4000 200 0.11951 12000 4.3974e-13 0.162875
4000 500 0.256081 28100 2.92912e-10 0.383364
4000 750 0.604839 45100 2.80495e-11 0.786348
4000 1000 1.17586 70100 9.79361e-11 1.40847
4000 2000 8.4143 306900 1.33498e-09 8.79798
20000 50 0.0295672 3000 1.03694e-13 0.0874922
20000 100 0.0739112 5900 7.76297e-12 0.148752
20000 200 0.108069 11800 2.49463e-12 0.339051
20000 500 0.399359 28500 9.07465e-12 0.680576
20000 750 0.733208 42000 1.06215e-11 1.26965
20000 1000 1.09838 55400 1.63515e-11 1.81837
20000 2000 3.31268 107700 4.63447e-11 4.52877
20000 4000 13.8994 231000 4.69191e-10 16.0455
20000 10000 213.645 1529600 5.03217e-09 218.321
40000 50 0.0500657 3000 1.18737e-13 0.174977
40000 100 0.0635978 6000 2.28979e-13 0.259372
40000 200 0.158414 11600 2.88794e-12 0.513798
40000 500 0.524464 28000 6.01047e-12 1.20073
40000 750 0.817842 42000 2.97818e-11 1.79097
40000 1000 1.19039 55400 5.60781e-11 2.19466
40000 2000 3.79973 107800 1.74476e-10 5.92599
40000 4000 13.6107 211400 2.03374e-10 17.184
40000 10000 94.5135 645500 1.10379e-09 103.759
80000 50 0.0404475 3000 1.06947e-13 0.134697
80000 100 0.0946765 6000 2.63933e-13 0.419693
80000 200 0.266452 11800 2.46593e-12 0.879404
80000 500 0.649706 28000 3.7016e-11 1.90701
80000 750 1.07836 41700 8.23474e-11 2.75456
80000 1000 1.61426 55100 6.69765e-11 3.74951
80000 2000 4.6084 107900 6.43556e-11 8.36029
80000 4000 15.1256 210600 1.34883e-10 22.7154
80000 10000 87.3994 527500 4.00943e-10 106.192
