2000 50 0.00604974 2580 2.53603e-11 0.016341
2000 100 0.0183198 5348 1.13135e-11 0.0454083
2000 200 0.0546665 10316 8.20572e-11 0.0833406
2000 500 0.149879 33212 6.72345e-10 0.214924
2000 750 0.526861 70944 7.59261e-09 0.61941
2000 1000 1.27041 153924 1.09488e-08 1.39242
4000 50 0.0067269 2684 1.04705e-11 0.022576
4000 100 0.0209227 5356 8.82204e-12 0.0488533
4000 200 0.0595643 10272 6.34252e-11 0.113292
4000 500 0.122973 25788 3.03057e-10 0.244754
4000 750 0.32299 42532 3.64682e-10 0.503113
4000 1000 0.577508 61932 6.97939e-09 0.809912
4000 2000 4.26803 284880 3.5406e-08 4.6447
20000 50 0.0159279 2704 6.1526e-12 0.0778453
20000 100 0.0204276 5160 2.65442e-11 0.0665703
20000 200 0.0490018 10436 8.0826e-11 0.288046
20000 500 0.191851 24788 1.4266e-10 0.637
20000 750 0.364464 36380 3.8108e-10 0.93258
20000 1000 0.581597 49188 3.62455e-10 1.25394
20000 2000 1.5946 96048 1.87705e-09 2.59306
20000 4000 6.79849 211980 1.23617e-08 8.67529
20000 10000 110.948 1454440 1.07184e-07 115.678
40000 50 0.0223017 2644 1.97012e-11 0.148877
40000 100 0.0316324 5292 1.52153e-11 0.266949
40000 200 0.079178 10300 7.51792e-11 0.474222
40000 500 0.253156 23768 1.83572e-09 0.924333
40000 750 0.42151 35576 7.79735e-10 1.39849
40000 1000 0.552071 46524 1.48169e-09 1.76945
40000 2000 1.75378 91892 4.20412e-09 3.62886
40000 4000 6.43783 182008 7.81743e-09 10.0419
40000 10000 46.6381 599180 2.84922e-08 56.1967
80000 50 0.0482474 2584 1.04563e-11 0.29756
80000 100 0.0584485 4980 1.42865e-10 0.283777
80000 200 0.130962 9988 9.86748e-11 0.690538
80000 500 0.310379 24928 3.06435e-10 1.55189
80000 750 0.516912 35824 1.89439e-09 2.28935
80000 1000 0.766882 46888 4.66928e-09 2.86298
80000 2000 2.36188 95172 1.72743e-09 6.36426
80000 4000 7.11436 184052 5.75571e-09 14.8262
80000 10000 44.783 459000 1.11755e-08 65.0345
