2000 50 0.0829808 1497 5.12333e-06 0.0943044
2000 50 0.0937803 1497 5.12333e-06 0.101936
2000 50 0.105528 1497 5.12333e-06 0.113397
2000 50 0.0445254 1497 5.12333e-06 0.0483197
2000 100 0.0781418 3146 4.0383e-06 0.0873839
2000 100 0.0849303 3146 4.0383e-06 0.0912226
2000 100 0.208479 3146 4.0383e-06 0.220555
2000 100 0.299508 3146 4.0383e-06 0.314611
2000 200 0.169275 6525 4.45046e-06 0.184262
2000 200 0.330852 6525 4.45046e-06 0.352218
2000 200 0.326434 6525 4.45046e-06 0.353605
2000 200 0.360427 6525 4.45046e-06 0.384838
2000 500 0.697768 22590 3.452e-06 0.728661
2000 500 1.14869 22590 3.452e-06 1.20995
2000 500 1.21312 22590 3.452e-06 1.27377
2000 500 1.78132 22590 3.452e-06 1.83586
2000 750 1.36481 51176 4.90329e-06 1.40105
2000 750 2.26303 51176 4.90329e-06 2.34585
2000 750 2.46449 51176 4.90329e-06 2.54922
2000 750 3.14787 51176 4.90329e-06 3.23896
4000 50 0.0285038 1527 3.41352e-06 0.0366663
4000 50 0.0332315 1527 3.41352e-06 0.038777
4000 50 0.0347985 1527 3.41352e-06 0.0423686
4000 50 0.0407905 1527 3.41352e-06 0.0533884
4000 100 0.0910818 3167 3.7504e-06 0.103928
4000 100 0.243685 3167 3.7504e-06 0.272532
4000 100 0.238335 3167 3.7504e-06 0.265761
4000 100 0.180822 3167 3.7504e-06 0.207661
4000 200 0.191078 6499 3.69071e-06 0.222099
4000 200 0.294626 6499 3.69071e-06 0.317275
4000 200 0.334233 6499 3.69071e-06 0.386436
4000 200 0.401144 6499 3.69071e-06 0.44839
4000 500 0.536683 17319 3.5353e-06 0.596088
4000 500 0.946148 17319 3.5353e-06 1.06596
4000 500 1.04604 17319 3.5353e-06 1.17234
4000 500 1.47609 17319 3.5353e-06 1.59831
4000 750 0.854189 29359 3.77378e-06 1.04138
4000 750 1.3873 29359 3.77378e-06 1.57399
4000 750 1.67879 29359 3.77378e-06 1.85208
4000 750 2.4537 29359 3.77378e-06 2.63835
4000 1000 1.46315 47019 3.32087e-06 1.55457
4000 1000 2.05885 47019 3.32087e-06 2.27954
4000 1000 2.71928 47019 3.32087e-06 2.9516
4000 1000 3.74991 47019 3.32087e-06 3.97546
20000 50 0.0284926 1530 3.55595e-06 0.0584829
20000 50 0.055188 1530 3.55595e-06 0.114375
20000 50 0.0928444 1530 3.55595e-06 0.163416
20000 50 0.174155 1530 3.55595e-06 0.246347
20000 100 0.0805183 3191 3.0497e-06 0.143548
20000 100 0.239006 3191 3.0497e-06 0.367955
20000 100 0.217982 3191 3.0497e-06 0.351939
20000 100 0.162167 3191 3.0497e-06 0.226261
20000 200 0.191757 6537 3.45331e-06 0.425939
20000 200 0.405289 6537 3.45331e-06 0.655748
20000 200 0.352199 6537 3.45331e-06 0.595958
20000 200 0.418041 6537 3.45331e-06 0.66943
20000 500 0.561925 16928 3.45696e-06 0.843647
20000 500 0.825369 16928 3.45696e-06 1.24518
20000 500 0.887853 16928 3.45696e-06 1.30855
20000 500 1.36106 16928 3.45696e-06 1.75444
20000 750 0.963459 25726 3.18951e-06 1.55139
20000 750 1.35918 25726 3.18951e-06 1.90365
20000 750 1.46541 25726 3.18951e-06 2.00409
20000 750 2.04383 25726 3.18951e-06 2.57503
20000 1000 1.11089 34632 3.23345e-06 1.69687
20000 1000 1.91132 34632 3.23345e-06 2.61264
20000 1000 1.84107 34632 3.23345e-06 2.55251
20000 1000 2.34355 34632 3.23345e-06 3.02272
20000 2000 3.34786 71241 3.14214e-06 4.38224
20000 2000 4.15473 71241 3.14214e-06 5.45719
20000 2000 4.57719 71241 3.14214e-06 5.60868
20000 2000 6.23038 71241 3.14214e-06 7.25934
20000 4000 12.9701 170503 3.55238e-06 14.994
20000 4000 13.2897 170503 3.55238e-06 15.499
20000 4000 12.2014 170503 3.55238e-06 14.1868
20000 4000 16.7304 170503 3.55238e-06 18.7213
40000 50 0.0837229 1520 4.51243e-06 0.231956
40000 50 0.0964774 1520 4.51243e-06 0.239194
40000 50 0.091893 1520 4.51243e-06 0.235353
40000 50 0.104756 1520 4.51243e-06 0.233394
40000 100 0.0831035 3175 4.69504e-06 0.206408
40000 100 0.141365 3175 4.69504e-06 0.394323
40000 100 0.164266 3175 4.69504e-06 0.328715
40000 100 0.241518 3175 4.69504e-06 0.486204
40000 200 0.188013 6500 3.28266e-06 0.420433
40000 200 0.322316 6500 3.28266e-06 0.688365
40000 200 0.306957 6500 3.28266e-06 0.708903
40000 200 0.357096 6500 3.28266e-06 0.708694
40000 500 0.57217 16947 3.29053e-06 1.13342
40000 500 0.831152 16947 3.29053e-06 1.51266
40000 500 0.830231 16947 3.29053e-06 1.50885
40000 500 1.11662 16947 3.29053e-06 1.78597
40000 750 0.881725 25739 3.20564e-06 1.87966
40000 750 1.46923 25739 3.20564e-06 2.45604
40000 750 1.37623 25739 3.20564e-06 2.38472
40000 750 1.76817 25739 3.20564e-06 2.76067
40000 1000 1.17575 34580 3.25792e-06 2.45435
40000 1000 1.62278 34580 3.25792e-06 2.52852
40000 1000 1.9302 34580 3.25792e-06 2.98004
40000 1000 2.52199 34580 3.25792e-06 3.57399
40000 2000 3.4145 70816 3.22951e-06 5.41998
40000 2000 4.68814 70816 3.22951e-06 6.94881
40000 2000 4.63668 70816 3.22951e-06 6.616
40000 2000 6.6686 70816 3.22951e-06 8.70524
40000 4000 11.1896 145421 3.14047e-06 15.1969
40000 4000 12.3418 145421 3.14047e-06 16.1819
40000 4000 11.3563 145421 3.14047e-06 15.5506
40000 4000 15.0428 145421 3.14047e-06 19.0366
40000 10000 80.8763 505468 3.57334e-06 90.6895
40000 10000 62.752 505468 3.57334e-06 72.548
40000 10000 52.5669 505468 3.57334e-06 62.5745
40000 10000 61.1026 505468 3.57334e-06 70.9552
80000 50 0.04115 1504 3.67482e-06 0.311293
80000 50 0.0326865 1504 3.67482e-06 0.2772
80000 50 0.0550053 1504 3.67482e-06 0.260149
80000 50 0.0585008 1504 3.67482e-06 0.338291
80000 100 0.0874512 3187 3.06292e-06 0.504563
80000 100 0.0896321 3187 3.06292e-06 0.498655
80000 100 0.109185 3187 3.06292e-06 0.51787
80000 100 0.118592 3187 3.06292e-06 0.511424
80000 200 0.195571 6559 3.29998e-06 0.676279
80000 200 0.32327 6559 3.29998e-06 0.966746
80000 200 0.332623 6559 3.29998e-06 0.822773
80000 200 0.425467 6559 3.29998e-06 1.05113
80000 500 0.591979 16871 3.05775e-06 1.89789
80000 500 0.712913 16871 3.05775e-06 2.03576
80000 500 0.852401 16871 3.05775e-06 1.81342
80000 500 1.13166 16871 3.05775e-06 2.46995
80000 750 0.767 25909 3.2348e-06 2.63245
80000 750 1.42127 25909 3.2348e-06 3.00051
80000 750 1.49827 25909 3.2348e-06 3.29304
80000 750 1.84665 25909 3.2348e-06 3.6604
80000 1000 1.1612 34494 3.26921e-06 3.17011
80000 1000 2.12807 34494 3.26921e-06 4.19281
80000 1000 2.04173 34494 3.26921e-06 4.33427
80000 1000 3.13822 34494 3.26921e-06 5.20171
80000 2000 3.46602 70904 3.25878e-06 7.30905
80000 2000 5.4565 70904 3.25878e-06 9.46547
80000 2000 5.87449 70904 3.25878e-06 10.1336
80000 2000 7.51166 70904 3.25878e-06 11.5584
80000 4000 11.2123 144888 3.2102e-06 19.0737
80000 4000 13.9537 144888 3.2102e-06 21.8097
80000 4000 12.6314 144888 3.2102e-06 20.6994
80000 4000 16.8002 144888 3.2102e-06 24.7345
80000 10000 75.0417 383260 3.17358e-06 96.1346
80000 10000 52.066 383260 3.17358e-06 73.2499
80000 10000 45.6236 383260 3.17358e-06 66.61
80000 10000 49.8317 383260 3.17358e-06 70.7084
