2000 50 0.0067924 1478 4.76422e-06 0.0142425
2000 100 0.0221944 3368 3.55103e-06 0.035878
2000 200 0.0808532 8108 4.12836e-06 0.101761
2000 500 0.392584 44883 7.27275e-06 0.420267
2000 750 1.64156 135611 9.26516e-06 1.72674
4000 50 0.00259202 1477 3.7986e-06 0.00749637
4000 100 0.0129067 3183 3.28747e-06 0.02869
4000 200 0.0710715 6860 4.13552e-06 0.117206
4000 500 0.211027 23980 4.22082e-06 0.265324
4000 750 0.619923 48008 6.55793e-06 0.803906
4000 1000 1.3689 88543 7.51132e-06 1.60195
20000 50 0.00821964 1418 4.20462e-06 0.0728087
20000 100 0.021737 3017 3.08645e-06 0.149325
20000 200 0.0317631 6181 3.10822e-06 0.267187
20000 500 0.171292 16547 3.1664e-06 0.584578
20000 750 0.37748 26068 3.0854e-06 0.937405
20000 1000 0.6343 36465 3.24126e-06 1.30906
20000 2000 2.4299 88650 3.56375e-06 3.70051
20000 4000 16.6997 295170 6.7018e-06 18.8464
40000 50 0.00878211 1426 4.87269e-06 0.136295
40000 100 0.0122255 3042 3.32659e-06 0.215683
40000 200 0.0372097 6225 3.05751e-06 0.387932
40000 500 0.181708 16251 3.1819e-06 0.852091
40000 750 0.37807 25000 3.40773e-06 1.35897
40000 1000 0.523274 34295 3.24848e-06 1.42205
40000 2000 2.1143 74609 3.22748e-06 4.18727
40000 4000 10.4174 181447 3.61961e-06 14.2716
40000 10000 142.308 978281 7.3635e-06 151.54
80000 50 0.010063 1437 3.46595e-06 0.255886
80000 100 0.0150343 3003 3.69536e-06 0.369219
80000 200 0.042091 6192 3.28659e-06 0.607883
80000 500 0.196518 16117 3.14101e-06 1.46802
80000 750 0.315473 24617 3.22311e-06 2.04238
80000 1000 0.536943 33172 3.24013e-06 2.28593
80000 2000 2.58554 70216 3.10012e-06 6.65024
80000 4000 11.1623 152249 3.1961e-06 19.9902
80000 10000 80.4479 526183 4.35703e-06 120.992
