2000 50 0.00997019 1493 3.28487e-06 0.0173128
2000 50 0.0445649 1493 3.28487e-06 0.0519274
2000 50 0.00960122 761 4.88423e-06 0.0170131
2000 50 0.0256655 761 4.88423e-06 0.0335586
2000 50 0.0100384 405 3.72681e-06 0.0176479
2000 50 0.0158979 405 3.72681e-06 0.0234291
2000 50 0.0110168 229 3.66947e-06 0.0186859
2000 50 0.0162214 229 3.66947e-06 0.0240147
2000 100 0.0337983 3279 3.9248e-06 0.0479532
2000 100 0.106477 3279 3.9248e-06 0.120475
2000 100 0.0330801 1722 3.8846e-06 0.0469042
2000 100 0.063347 1722 3.8846e-06 0.0770703
2000 100 0.0337849 900 4.08819e-06 0.0474783
2000 100 0.0409144 900 4.08819e-06 0.0546846
2000 100 0.0383325 525 3.7331e-06 0.0522116
2000 100 0.0437289 525 3.7331e-06 0.0576694
2000 200 0.131214 8051 4.41958e-06 0.154364
2000 200 0.228386 8051 4.41958e-06 0.254942
2000 200 0.134455 4259 4.99744e-06 0.156972
2000 200 0.203102 4259 4.99744e-06 0.230095
2000 200 0.130189 2310 5.20674e-06 0.155756
2000 200 0.156341 2310 5.20674e-06 0.176678
2000 200 0.171505 1392 6.77643e-06 0.193982
2000 200 0.190305 1392 6.77643e-06 0.21567
2000 500 0.807499 42550 6.54658e-06 0.865284
2000 500 0.971134 42550 6.54658e-06 1.03009
2000 500 0.792523 22622 6.56179e-06 0.846117
2000 500 1.12329 22622 6.56179e-06 1.17952
2000 500 0.845069 12764 7.68218e-06 0.902154
2000 500 0.960649 12764 7.68218e-06 1.01775
2000 500 1.02228 7661 7.86724e-06 1.08136
2000 500 1.02086 7661 7.86724e-06 1.04811
2000 750 2.69523 130981 9.27183e-06 2.78281
2000 750 2.49175 130981 9.27183e-06 2.57426
2000 750 2.71387 68672 8.77493e-06 2.79886
2000 750 3.384 68672 8.77493e-06 3.47705
2000 750 2.61036 38444 9.59307e-06 2.69374
2000 750 3.26205 38444 9.59307e-06 3.34783
2000 750 3.35684 23511 9.63718e-06 3.44505
2000 750 3.8756 23511 9.63718e-06 3.95995
4000 50 0.0105507 1481 3.2365e-06 0.0244938
4000 50 0.0291939 1481 3.2365e-06 0.0340589
4000 50 0.00983572 731 3.95954e-06 0.0236682
4000 50 0.0249479 731 3.95954e-06 0.0388602
4000 50 0.0102627 391 3.15124e-06 0.0242105
4000 50 0.0150959 391 3.15124e-06 0.0291164
4000 50 0.011467 223 3.26781e-06 0.0255648
4000 50 0.0160213 223 3.26781e-06 0.030272
4000 100 0.0344555 3154 3.37852e-06 0.0630576
4000 100 0.095634 3154 3.37852e-06 0.122347
4000 100 0.0131626 1556 3.9428e-06 0.0238722
4000 100 0.0572874 1556 3.9428e-06 0.0778096
4000 100 0.0327337 835 3.90988e-06 0.0552315
4000 100 0.0164914 835 3.90988e-06 0.0279516
4000 100 0.0361605 467 3.80363e-06 0.063045
4000 100 0.036212 467 3.80363e-06 0.0594153
4000 200 0.116294 6902 3.47841e-06 0.160847
4000 200 0.23842 6902 3.47841e-06 0.288439
4000 200 0.116475 3552 3.27026e-06 0.161715
4000 200 0.116749 3552 3.27026e-06 0.162682
4000 200 0.114808 1868 3.50423e-06 0.164802
4000 200 0.11804 1868 3.50423e-06 0.162687
4000 200 0.135485 1084 4.31122e-06 0.18114
4000 200 0.118893 1084 4.31122e-06 0.168458
4000 500 0.466414 23904 4.78322e-06 0.58681
4000 500 0.577077 23904 4.78322e-06 0.695187
4000 500 0.430575 12421 4.89941e-06 0.551225
4000 500 0.651572 12421 4.89941e-06 0.770336
4000 500 0.465404 6851 5.36199e-06 0.583483
4000 500 0.578223 6851 5.36199e-06 0.695815
4000 500 0.472825 4096 6.17437e-06 0.527672
4000 500 0.584509 4096 6.17437e-06 0.702982
4000 750 1.23397 49555 7.07089e-06 1.4167
4000 750 1.19216 49555 7.07089e-06 1.37087
4000 750 1.16106 26200 7.52294e-06 1.33121
4000 750 1.54114 26200 7.52294e-06 1.71963
4000 750 1.26303 14733 8.27088e-06 1.43995
4000 750 1.3413 14733 8.27088e-06 1.40735
4000 750 1.48759 8902 8.47745e-06 1.66752
4000 750 1.66865 8902 8.47745e-06 1.85126
4000 1000 2.13369 88461 7.94616e-06 2.37039
4000 1000 1.91229 88461 7.94616e-06 2.14056
4000 1000 2.1348 47210 7.58076e-06 2.35832
4000 1000 2.77111 47210 7.58076e-06 3.00073
4000 1000 2.59724 26534 8.25069e-06 2.83646
4000 1000 2.93905 26534 8.25069e-06 3.17076
4000 1000 2.77029 16122 8.73574e-06 3.00309
4000 1000 3.06961 16122 8.73574e-06 3.2995
20000 50 0.011464 1438 3.56426e-06 0.076308
20000 50 0.0460668 1438 3.56426e-06 0.1089
20000 50 0.0107799 714 3.89222e-06 0.0739806
20000 50 0.0257079 714 3.89222e-06 0.088404
20000 50 0.0111544 376 3.81883e-06 0.0743042
20000 50 0.0152404 376 3.81883e-06 0.0785085
20000 50 0.0123924 213 4.38758e-06 0.0757561
20000 50 0.0154793 213 4.38758e-06 0.0789779
20000 100 0.0147315 2982 3.37186e-06 0.143409
20000 100 0.100517 2982 3.37186e-06 0.225229
20000 100 0.033013 1534 3.87296e-06 0.157265
20000 100 0.0491122 1534 3.87296e-06 0.173742
20000 100 0.0333625 796 3.27691e-06 0.153726
20000 100 0.0348102 796 3.27691e-06 0.159323
20000 100 0.0362772 435 3.5677e-06 0.160585
20000 100 0.0341637 435 3.5677e-06 0.160086
20000 200 0.0511679 6218 3.9088e-06 0.289785
20000 200 0.140882 6218 3.9088e-06 0.383438
20000 200 0.0494564 3190 3.47933e-06 0.279943
20000 200 0.0952388 3190 3.47933e-06 0.340954
20000 200 0.0710197 1635 3.16872e-06 0.312133
20000 200 0.0436865 1635 3.16872e-06 0.271144
20000 200 0.0898163 911 3.72545e-06 0.332277
20000 200 0.0444379 911 3.72545e-06 0.276881
20000 500 0.303829 16632 3.26315e-06 0.711091
20000 500 0.369444 16632 3.26315e-06 0.796755
20000 500 0.290705 8465 3.23176e-06 0.690399
20000 500 0.366107 8465 3.23176e-06 0.790402
20000 500 0.293185 4405 3.18478e-06 0.703821
20000 500 0.299909 4405 3.18478e-06 0.577371
20000 500 0.320787 2456 3.54924e-06 0.72057
20000 500 0.33231 2456 3.54924e-06 0.735003
20000 750 0.680956 26225 3.25592e-06 1.22383
20000 750 0.684866 26225 3.25592e-06 1.22647
20000 750 0.506151 13333 3.27766e-06 0.971872
20000 750 0.835126 13333 3.27766e-06 1.37128
20000 750 0.669787 7033 3.17846e-06 1.20995
20000 750 0.707169 7033 3.17846e-06 1.26587
20000 750 0.735611 3951 3.37156e-06 1.31099
20000 750 0.76142 3951 3.37156e-06 1.29768
20000 1000 0.956102 36585 3.08294e-06 1.53567
20000 1000 1.00985 36585 3.08294e-06 1.72414
20000 1000 1.05238 18629 3.18494e-06 1.76828
20000 1000 1.33295 18629 3.18494e-06 2.03109
20000 1000 1.07412 9866 3.62359e-06 1.77837
20000 1000 1.22386 9866 3.62359e-06 1.90744
20000 1000 1.20071 5682 3.91946e-06 1.91647
20000 1000 1.27852 5682 3.91946e-06 1.71324
20000 2000 4.63858 89005 3.48998e-06 5.87211
20000 2000 3.4413 89005 3.48998e-06 4.45444
20000 2000 4.47495 46376 3.91944e-06 5.7227
20000 2000 5.19418 46376 3.91944e-06 6.45658
20000 2000 4.88077 25485 4.26993e-06 5.89324
20000 2000 4.69164 25485 4.26993e-06 5.69208
20000 2000 5.49598 15111 5.36795e-06 6.73324
20000 2000 5.11279 15111 5.36795e-06 6.35667
20000 4000 30.8364 292100 6.27911e-06 32.9714
20000 4000 19.529 292100 6.27911e-06 21.6649
20000 4000 30.3195 154574 6.41183e-06 32.433
20000 4000 33.7934 154574 6.41183e-06 35.6573
20000 4000 31.9863 86481 7.09934e-06 33.8623
20000 4000 29.4654 86481 7.09934e-06 31.5428
20000 4000 37.653 52171 7.81587e-06 39.8132
20000 4000 31.9841 52171 7.81587e-06 34.0783
40000 50 0.0121459 1454 3.94218e-06 0.140489
40000 50 0.0469754 1454 3.94218e-06 0.175466
40000 50 0.0097793 715 3.52727e-06 0.133611
40000 50 0.0253966 715 3.52727e-06 0.15274
40000 50 0.0120024 385 3.98385e-06 0.134383
40000 50 0.0159493 385 3.98385e-06 0.145149
40000 50 0.0130941 214 4.87018e-06 0.135941
40000 50 0.0157822 214 4.87018e-06 0.140986
40000 100 0.0168359 3001 3.19649e-06 0.225641
40000 100 0.0815435 3001 3.19649e-06 0.32917
40000 100 0.0163442 1544 3.54457e-06 0.245549
40000 100 0.0269631 1544 3.54457e-06 0.254018
40000 100 0.016436 793 3.46303e-06 0.25013
40000 100 0.0162702 793 3.46303e-06 0.24753
40000 100 0.0175825 431 4.04533e-06 0.247367
40000 100 0.0162845 431 4.04533e-06 0.243508
40000 200 0.0572809 6295 3.82013e-06 0.430137
40000 200 0.111874 6295 3.82013e-06 0.450779
40000 200 0.0533309 3116 3.5212e-06 0.389925
40000 200 0.0617615 3116 3.5212e-06 0.28297
40000 200 0.0547972 1629 3.32402e-06 0.396527
40000 200 0.0444997 1629 3.32402e-06 0.435665
40000 200 0.0585693 894 3.09923e-06 0.392091
40000 200 0.0440742 894 3.09923e-06 0.431727
40000 500 0.309712 16130 3.14975e-06 0.989839
40000 500 0.373132 16130 3.14975e-06 1.04885
40000 500 0.295743 8170 3.19638e-06 1.00312
40000 500 0.403773 8170 3.19638e-06 1.10577
40000 500 0.298733 4263 3.2333e-06 0.983175
40000 500 0.355291 4263 3.2333e-06 1.04385
40000 500 0.323396 2344 3.10693e-06 0.983328
40000 500 0.313903 2344 3.10693e-06 0.981007
40000 750 0.593513 24919 3.38191e-06 1.56386
40000 750 0.612263 24919 3.38191e-06 1.60728
40000 750 0.499334 12703 3.29177e-06 1.2919
40000 750 0.81225 12703 3.29177e-06 1.79571
40000 750 0.571582 6581 3.25435e-06 1.55586
40000 750 0.752599 6581 3.25435e-06 1.69702
40000 750 0.603668 3618 3.24697e-06 1.56245
40000 750 0.664624 3618 3.24697e-06 1.66064
40000 1000 0.910169 34058 3.14468e-06 1.90846
40000 1000 0.844813 34058 3.14468e-06 2.09521
40000 1000 0.870734 17362 3.16441e-06 2.08627
40000 1000 1.27813 17362 3.16441e-06 2.51419
40000 1000 0.904111 8981 3.06255e-06 2.17185
40000 1000 1.18085 8981 3.06255e-06 2.41294
40000 1000 0.968438 5020 3.14818e-06 1.98124
40000 1000 1.15226 5020 3.14818e-06 2.38074
40000 2000 3.94161 74605 3.18089e-06 5.67892
40000 2000 2.9438 74605 3.18089e-06 5.02642
40000 2000 3.7446 38141 3.23171e-06 5.46788
40000 2000 4.39644 38141 3.23171e-06 6.2694
40000 2000 3.81207 20176 3.24663e-06 5.68135
40000 2000 4.07404 20176 3.24663e-06 6.19138
40000 2000 4.28514 11583 3.97528e-06 6.36329
40000 2000 4.30328 11583 3.97528e-06 6.38564
40000 4000 19.3374 181514 3.69397e-06 23.1837
40000 4000 12.1993 181514 3.69397e-06 16.0756
40000 4000 18.5161 94925 4.22949e-06 22.3727
40000 4000 20.3396 94925 4.22949e-06 24.2087
40000 4000 19.4345 52213 5.11354e-06 24.4149
40000 4000 20.0702 52213 5.11354e-06 23.7986
40000 4000 22.7949 30964 5.86727e-06 26.5566
40000 4000 21.3018 30964 5.86727e-06 25.1138
40000 10000 261.446 984365 7.5481e-06 270.213
40000 10000 147.458 984365 7.5481e-06 156.401
40000 10000 251.756 521737 7.72522e-06 260.718
40000 10000 271.778 521737 7.72522e-06 280.766
40000 10000 266.888 291590 7.98476e-06 275.851
40000 10000 225.853 291590 7.98476e-06 234.833
40000 10000 315.186 177077 8.55352e-06 323.921
40000 10000 225.526 177077 8.55352e-06 234.227
80000 50 0.0049777 1448 4.42482e-06 0.231046
80000 50 0.021572 1448 4.42482e-06 0.252994
80000 50 0.00606236 724 3.43191e-06 0.22777
80000 50 0.0117635 724 3.43191e-06 0.192767
80000 50 0.012483 376 3.25008e-06 0.258188
80000 50 0.00708739 376 3.25008e-06 0.197298
80000 50 0.00684702 212 3.9083e-06 0.224167
80000 50 0.00688115 212 3.9083e-06 0.231232
80000 100 0.0188671 2969 4.20131e-06 0.333909
80000 100 0.0491983 2969 4.20131e-06 0.512591
80000 100 0.0184292 1519 3.39186e-06 0.395637
80000 100 0.0277013 1519 3.39186e-06 0.381908
80000 100 0.0186969 788 3.89109e-06 0.354423
80000 100 0.0173921 788 3.89109e-06 0.357196
80000 100 0.020092 429 3.08083e-06 0.308316
80000 100 0.0167782 429 3.08083e-06 0.401614
80000 200 0.0607443 6167 3.22441e-06 0.501672
80000 200 0.115521 6167 3.22441e-06 0.673391
80000 200 0.0588168 3125 3.36213e-06 0.623227
80000 200 0.0702523 3125 3.36213e-06 0.635528
80000 200 0.0589969 1606 3.80265e-06 0.616253
80000 200 0.0455758 1606 3.80265e-06 0.486543
80000 200 0.0640215 885 3.21352e-06 0.620832
80000 200 0.0439605 885 3.21352e-06 0.484902
80000 500 0.24879 16055 3.12929e-06 1.25826
80000 500 0.305732 16055 3.12929e-06 1.56616
80000 500 0.235869 8070 3.40363e-06 1.23692
80000 500 0.357915 8070 3.40363e-06 1.36353
80000 500 0.234516 4138 3.12747e-06 1.46102
80000 500 0.282662 4138 3.12747e-06 1.52792
80000 500 0.260879 2289 3.24349e-06 1.50852
80000 500 0.290656 2289 3.24349e-06 1.53243
80000 750 0.52525 24559 3.23548e-06 2.13032
80000 750 0.529733 24559 3.23548e-06 2.2228
80000 750 0.495685 12388 3.22022e-06 2.21778
80000 750 0.673103 12388 3.22022e-06 1.96325
80000 750 0.506671 6409 3.05221e-06 1.79667
80000 750 0.692837 6409 3.05221e-06 2.13024
80000 750 0.55029 3501 3.18979e-06 1.98483
80000 750 0.616683 3501 3.18979e-06 1.90589
80000 1000 0.92006 33264 3.1905e-06 2.63761
80000 1000 0.837289 33264 3.1905e-06 2.96927
80000 1000 1.16396 16790 3.16491e-06 3.1544
80000 1000 1.08325 16790 3.16491e-06 3.21216
80000 1000 0.878554 8671 3.21611e-06 2.97633
80000 1000 1.04207 8671 3.21611e-06 3.14416
80000 1000 0.951714 4759 3.25785e-06 3.06432
80000 1000 1.0844 4759 3.25785e-06 2.9437
80000 2000 3.75743 70211 3.21697e-06 7.33837
80000 2000 2.77609 70211 3.21697e-06 6.56711
80000 2000 3.53728 35516 3.0566e-06 7.11684
80000 2000 3.76309 35516 3.0566e-06 7.19758
80000 2000 3.53243 18435 3.17938e-06 7.3306
80000 2000 3.31611 18435 3.17938e-06 7.14763
80000 2000 3.86399 10288 3.21448e-06 7.64069
80000 2000 3.43578 10288 3.21448e-06 7.00799
80000 4000 17.1207 152279 3.21375e-06 26.0351
80000 4000 10.9756 152279 3.21375e-06 19.8169
80000 4000 15.3284 77771 3.19744e-06 22.7007
80000 4000 18.2293 77771 3.19744e-06 25.6344
80000 4000 15.5436 41318 3.2475e-06 22.9238
80000 4000 15.9322 41318 3.2475e-06 23.062
80000 4000 17.743 23607 3.88736e-06 25.0943
80000 4000 14.3399 23607 3.88736e-06 21.7199
80000 10000 146.468 525858 4.35494e-06 164.51
80000 10000 83.1042 525858 4.35494e-06 101.635
80000 10000 139.458 276502 4.81821e-06 157.823
80000 10000 151.11 276502 4.81821e-06 169.25
80000 10000 146.697 152774 5.76012e-06 164.772
80000 10000 123.003 152774 5.76012e-06 141.105
80000 10000 171.068 91509 6.6897e-06 189.355
80000 10000 128.869 91509 6.6897e-06 147.151