80000 4000 14.7824 2775 3.17544e-06 22.1643
80000 4000 14.8385 2775 3.17544e-06 22.1292
80000 4000 16.3394 2775 3.17544e-06 23.4021
80000 4000 16.0646 2775 3.17544e-06 23.4009
80000 4000 18.2805 2775 3.17544e-06 25.3647
80000 4000 14.7786 2775 3.17544e-06 22.0627
80000 4000 14.8378 2775 3.17544e-06 22.1658
80000 4000 16.3904 2775 3.17544e-06 23.4647
80000 4000 16.0413 2775 3.17544e-06 23.3429
80000 4000 18.2594 2775 3.17544e-06 25.3655
80000 4000 14.5219 2775 3.17544e-06 27.6032
80000 4000 14.6016 2775 3.17544e-06 27.6878
80000 4000 18.2213 2775 3.17544e-06 31.4207
80000 4000 16.9519 2775 3.17544e-06 30.4133
80000 4000 17.7847 2775 3.17544e-06 30.8894
80000 4000 14.5517 2775 3.17544e-06 27.6386
80000 4000 14.6153 2775 3.17544e-06 27.4903
80000 4000 18.3222 2775 3.17544e-06 31.6085
80000 4000 15.8269 2775 3.17544e-06 29.0471
80000 4000 17.5797 2775 3.17544e-06 30.4548
80000 4000 20.2726 1908 3.97506e-06 27.2011
80000 4000 20.7961 1908 3.97506e-06 27.8676
80000 4000 11.9877 1908 3.97506e-06 19.4875
80000 4000 12.5323 1908 3.97506e-06 19.6033
80000 4000 12.7956 1908 3.97506e-06 19.8782
80000 4000 20.32 1906 4.04921e-06 27.3885
80000 4000 20.3761 1906 4.04921e-06 27.7304
80000 4000 12.0059 1906 4.04921e-06 19.3484
80000 4000 12.3508 1906 4.04921e-06 19.4187
80000 4000 12.3592 1906 4.04921e-06 19.4725
80000 4000 19.9815 1908 3.97506e-06 32.9115
80000 4000 20.252 1908 3.97506e-06 33.387
80000 4000 14.3227 1908 3.97506e-06 27.5376
80000 4000 14.0762 1908 3.97506e-06 27.3978
80000 4000 13.7431 1908 3.97506e-06 27.102
80000 4000 20.4022 1906 4.04921e-06 33.3002
80000 4000 20.2161 1906 4.04921e-06 33.2782
80000 4000 13.6987 1906 4.04921e-06 26.9212
80000 4000 14.2614 1906 4.04921e-06 27.3124
80000 4000 12.6108 1906 4.04921e-06 25.7299
80000 4000 39.7184 1873 8.07888e-06 47.0445
80000 4000 39.9075 1873 8.07888e-06 46.9996
80000 4000 22.9637 1873 8.07888e-06 30.0439
80000 4000 14.3368 1873 8.07888e-06 21.6496
80000 4000 15.0542 1873 8.07888e-06 22.1283
80000 4000 39.8575 1874 8.0293e-06 47.2897
80000 4000 39.9838 1874 8.0293e-06 47.298
80000 4000 22.96 1874 8.0293e-06 30.0325
80000 4000 14.392 1874 8.0293e-06 21.7162
80000 4000 15.0856 1874 8.0293e-06 22.2127
80000 4000 39.0009 1873 8.07888e-06 52.1186
80000 4000 39.2063 1873 8.07888e-06 52.3536
80000 4000 24.5808 1873 8.07888e-06 37.79
80000 4000 15.7356 1873 8.07888e-06 29.1443
80000 4000 15.7782 1873 8.07888e-06 28.9021
80000 4000 39.0341 1874 8.0293e-06 51.8161
80000 4000 39.1913 1874 8.0293e-06 52.6727
80000 4000 24.6373 1874 8.0293e-06 37.7982
80000 4000 15.663 1874 8.0293e-06 28.6566
80000 4000 15.86 1874 8.0293e-06 29.7915
80000 4000 81.9788 1935 9.31924e-06 89.0365
80000 4000 82.3167 1935 9.31924e-06 89.6266
80000 4000 46.4305 1935 9.31924e-06 53.7371
80000 4000 28.1987 1935 9.31924e-06 35.1421
80000 4000 22.7233 1935 9.31924e-06 29.801
80000 4000 82.3488 1936 9.25437e-06 90.0444
80000 4000 82.2992 1936 9.25437e-06 89.3753
80000 4000 46.5179 1936 9.25437e-06 53.9946
80000 4000 28.3424 1936 9.25437e-06 35.4197
80000 4000 22.8542 1936 9.25437e-06 29.9586
80000 4000 80.4702 1935 9.31924e-06 93.9666
80000 4000 80.4362 1935 9.31924e-06 93.4942
80000 4000 47.2762 1935 9.31924e-06 60.3909
80000 4000 28.2727 1935 9.31924e-06 41.183
80000 4000 21.6546 1935 9.31924e-06 35.1484
80000 4000 80.7628 1936 9.25437e-06 93.595
80000 4000 80.772 1936 9.25437e-06 93.5972
80000 4000 47.1798 1936 9.25437e-06 60.0794
80000 4000 28.1164 1936 9.25437e-06 42.2618
80000 4000 21.1444 1936 9.25437e-06 34.7364
80000 4000 168.618 1982 9.62272e-06 175.944
80000 4000 168.765 1982 9.62272e-06 175.836
80000 4000 93.5477 1982 9.62272e-06 100.84
80000 4000 55.3308 1982 9.62272e-06 62.644
80000 4000 44.4822 1982 9.62272e-06 51.5716
80000 4000 168.125 1983 9.55728e-06 175.401
80000 4000 168.948 1983 9.55728e-06 176.027
80000 4000 93.5869 1983 9.55728e-06 100.926
80000 4000 55.4536 1983 9.55728e-06 62.7367
80000 4000 44.5582 1983 9.55728e-06 52.016
80000 4000 164.619 1982 9.62272e-06 177.828
80000 4000 164.748 1982 9.62272e-06 177.825
80000 4000 92.9479 1982 9.62272e-06 106.068
80000 4000 54.2332 1982 9.62272e-06 67.125
80000 4000 39.487 1982 9.62272e-06 52.409
80000 4000 164.893 1983 9.55728e-06 177.728
80000 4000 165.197 1983 9.55728e-06 178.021
80000 4000 93.0633 1983 9.55728e-06 106.197
80000 4000 53.6126 1983 9.55728e-06 66.8784
80000 4000 38.8557 1983 9.55728e-06 52.7927
80000 4000 341.437 2009 9.70863e-06 348.517
80000 4000 342.516 2009 9.70863e-06 349.849
80000 4000 188.514 2009 9.70863e-06 195.462
80000 4000 107.624 2009 9.70863e-06 114.92
80000 4000 86.8009 2009 9.70863e-06 93.8662
80000 4000 342.294 2010 9.65572e-06 349.365
80000 4000 342.476 2010 9.65572e-06 349.759
80000 4000 189.202 2010 9.65572e-06 196.483
80000 4000 107.33 2010 9.65572e-06 114.611
80000 4000 86.7572 2010 9.65572e-06 93.8409
80000 4000 333.011 2009 9.70863e-06 346.081
80000 4000 333.912 2009 9.70863e-06 347.012
80000 4000 184.323 2009 9.70863e-06 197.42
80000 4000 101.848 2009 9.70863e-06 114.67
80000 4000 74.7192 2009 9.70863e-06 87.6363
80000 4000 334.247 2010 9.65572e-06 347.288
80000 4000 334.546 2010 9.65572e-06 347.373
80000 4000 184.613 2010 9.65572e-06 197.458
80000 4000 104.977 2010 9.65572e-06 117.836
80000 4000 74.0139 2010 9.65572e-06 86.7308
80000 4000 687.711 2024 9.70374e-06 694.993
80000 4000 689.887 2024 9.70374e-06 697.184
80000 4000 379.537 2024 9.70374e-06 386.824
80000 4000 217.43 2024 9.70374e-06 224.741
80000 4000 165.112 2024 9.70374e-06 172.045
80000 4000 688.075 2024 9.69571e-06 695.395
80000 4000 690.587 2024 9.69571e-06 697.914
80000 4000 380.166 2024 9.69571e-06 387.468
80000 4000 217.147 2024 9.69571e-06 224.463
80000 4000 164.786 2024 9.69571e-06 171.843
80000 4000 671.394 2024 9.70374e-06 684.506
80000 4000 673.531 2024 9.70374e-06 686.337
80000 4000 367.457 2024 9.70374e-06 380.301
80000 4000 202.714 2024 9.70374e-06 215.814
80000 4000 140.343 2024 9.70374e-06 153.092
80000 4000 674.519 2024 9.69571e-06 687.202
80000 4000 672.215 2024 9.69571e-06 685.248
80000 4000 368.3 2024 9.69571e-06 381.393
80000 4000 204.534 2024 9.69571e-06 217.582
80000 4000 139.045 2024 9.69571e-06 151.959
80000 4000 14.494 683 3.22913e-06 21.5789
80000 4000 14.5668 683 3.22913e-06 21.8806
80000 4000 14.804 683 3.22913e-06 22.1105
80000 4000 20.1094 683 3.22913e-06 27.4167
80000 4000 21.1642 683 3.22913e-06 28.5063
80000 4000 14.5364 683 3.22913e-06 21.6181
80000 4000 14.5752 683 3.22913e-06 21.9147
80000 4000 14.7696 683 3.22913e-06 22.0715
80000 4000 19.1457 683 3.22913e-06 26.4883
80000 4000 20.8634 683 3.22913e-06 28.2512
80000 4000 14.13 683 3.22913e-06 26.8206
80000 4000 14.1259 683 3.22913e-06 27.1982
80000 4000 19.05 683 3.22913e-06 32.901
80000 4000 21.2758 683 3.22913e-06 35.1141
80000 4000 20.5213 683 3.22913e-06 34.3952
80000 4000 14.1533 683 3.22913e-06 27.2073
80000 4000 14.583 683 3.22913e-06 27.6125
80000 4000 19.2816 683 3.22913e-06 32.9449
80000 4000 21.1277 683 3.22913e-06 34.911
80000 4000 20.0756 683 3.22913e-06 34.0034
80000 4000 20.0837 471 3.93722e-06 27.1645
80000 4000 20.0916 471 3.93722e-06 27.4237
80000 4000 11.8129 471 3.93722e-06 19.0878
80000 4000 14.2075 471 3.93722e-06 21.5171
80000 4000 14.3399 471 3.93722e-06 21.6819
80000 4000 20.0199 470 3.9688e-06 27.3496
80000 4000 20.0603 470 3.9688e-06 27.4047
80000 4000 11.7742 470 3.9688e-06 19.074
80000 4000 14.2072 470 3.9688e-06 21.7022
80000 4000 14.3775 470 3.9688e-06 21.7212
80000 4000 19.4902 471 3.93722e-06 32.5818
80000 4000 19.5043 471 3.93722e-06 32.5793
80000 4000 13.6204 471 3.93722e-06 26.8317
80000 4000 15.2364 471 3.93722e-06 28.7063
80000 4000 14.6363 471 3.93722e-06 28.3246
80000 4000 19.4031 470 3.9688e-06 32.2363
80000 4000 19.671 470 3.9688e-06 32.7341
80000 4000 13.5066 470 3.9688e-06 26.5788
80000 4000 14.9228 470 3.9688e-06 28.6009
80000 4000 15.2083 470 3.9688e-06 28.9775
80000 4000 39.4255 461 7.94175e-06 46.7426
80000 4000 39.2191 461 7.94175e-06 46.5149
80000 4000 23.0914 461 7.94175e-06 30.3801
80000 4000 14.2673 461 7.94175e-06 21.3385
80000 4000 14.9771 461 7.94175e-06 22.0636
80000 4000 39.2537 462 7.75603e-06 46.3299
80000 4000 39.9278 462 7.75603e-06 47.2476
80000 4000 22.9556 462 7.75603e-06 30.227
80000 4000 14.2521 462 7.75603e-06 21.5292
80000 4000 16.0028 462 7.75603e-06 23.1488
80000 4000 38.0515 461 7.94175e-06 51.1309
80000 4000 38.1052 461 7.94175e-06 51.1282
80000 4000 25.534 461 7.94175e-06 39.7281
80000 4000 15.3903 461 7.94175e-06 28.4014
80000 4000 16.4032 461 7.94175e-06 30.0338
80000 4000 38.4473 462 7.75603e-06 51.4127
80000 4000 38.2495 462 7.75603e-06 51.2628
80000 4000 26.569 462 7.75603e-06 39.5271
80000 4000 15.0664 462 7.75603e-06 28.2586
80000 4000 16.3931 462 7.75603e-06 30.0895
80000 4000 81.0598 477 9.05352e-06 88.132
80000 4000 81.2206 477 9.05352e-06 88.55
80000 4000 46.1899 477 9.05352e-06 53.5047
80000 4000 28.6609 477 9.05352e-06 35.9442
80000 4000 25.3443 477 9.05352e-06 32.4516
80000 4000 81.4924 477 9.10121e-06 88.7994
80000 4000 81.6073 477 9.10121e-06 88.6891
80000 4000 46.2297 477 9.10121e-06 53.5295
80000 4000 28.6147 477 9.10121e-06 35.6769
80000 4000 25.3161 477 9.10121e-06 32.4136
80000 4000 78.556 477 9.05352e-06 91.2137
80000 4000 79.4756 477 9.05352e-06 92.5379
80000 4000 47.6642 477 9.05352e-06 60.5117
80000 4000 28.6891 477 9.05352e-06 42.515
80000 4000 21.8338 477 9.05352e-06 34.6961
80000 4000 78.8228 477 9.10121e-06 91.4963
80000 4000 79.7224 477 9.10121e-06 92.554
80000 4000 47.9394 477 9.10121e-06 61.0291
80000 4000 28.9764 477 9.10121e-06 42.3598
80000 4000 22.0407 477 9.10121e-06 35.8925
80000 4000 165.935 489 9.30467e-06 173.279
80000 4000 167.127 489 9.30467e-06 174.444
80000 4000 93.7728 489 9.30467e-06 101.12
80000 4000 56.8725 489 9.30467e-06 64.2362
80000 4000 51.5193 489 9.30467e-06 58.6592
80000 4000 165.992 489 9.32493e-06 173.304
80000 4000 166.549 489 9.32493e-06 173.896
80000 4000 93.5048 489 9.32493e-06 100.816
80000 4000 57.0186 489 9.32493e-06 64.3764
80000 4000 51.4759 489 9.32493e-06 58.5953
80000 4000 161.014 489 9.30467e-06 173.671
80000 4000 161.806 489 9.30467e-06 174.617
80000 4000 93.8078 489 9.30467e-06 106.652
80000 4000 54.4334 489 9.30467e-06 67.6062
80000 4000 42.3299 489 9.30467e-06 56.5393
80000 4000 161.759 489 9.32493e-06 174.805
80000 4000 161.735 489 9.32493e-06 174.512
80000 4000 93.8176 489 9.32493e-06 106.941
80000 4000 55.3361 489 9.32493e-06 68.6464
80000 4000 42.1811 489 9.32493e-06 55.1223
80000 4000 335.916 495 9.59824e-06 343.227
80000 4000 336.939 495 9.59824e-06 344.289
80000 4000 190.253 495 9.59824e-06 197.557
80000 4000 113.256 495 9.59824e-06 120.33
80000 4000 102.989 495 9.59824e-06 110.09
80000 4000 336.301 495 9.39336e-06 343.244
80000 4000 337.455 495 9.39336e-06 344.741
80000 4000 190.452 495 9.39336e-06 197.742
80000 4000 113.098 495 9.39336e-06 120.371
80000 4000 102.737 495 9.39336e-06 109.828
80000 4000 326.129 495 9.59824e-06 338.792
80000 4000 327.633 495 9.59824e-06 340.659
80000 4000 185.492 495 9.59824e-06 198.542
80000 4000 106.305 495 9.59824e-06 119.454
80000 4000 83.4618 495 9.59824e-06 96.3703
80000 4000 326.465 495 9.39336e-06 339.118
80000 4000 327.939 495 9.39336e-06 340.97
80000 4000 184.258 495 9.39336e-06 197.33
80000 4000 109.195 495 9.39336e-06 122.578
80000 4000 84.1635 495 9.39336e-06 97.7247
80000 4000 679.61 499 9.52284e-06 686.928
80000 4000 679.354 499 9.52284e-06 686.633
80000 4000 381.962 499 9.52284e-06 389.261
80000 4000 229.765 499 9.52284e-06 237.08
80000 4000 205.595 499 9.52284e-06 212.719
80000 4000 676.405 498 9.54276e-06 683.751
80000 4000 678.744 498 9.54276e-06 685.802
80000 4000 383.566 498 9.54276e-06 390.884
80000 4000 229.424 498 9.54276e-06 236.753
80000 4000 205.86 498 9.54276e-06 212.978
80000 4000 657.42 499 9.52284e-06 670.451
80000 4000 658.967 499 9.52284e-06 671.779
80000 4000 368.032 499 9.52284e-06 381.255
80000 4000 214.295 499 9.52284e-06 228.072
80000 4000 163.322 499 9.52284e-06 176.227
80000 4000 656.764 498 9.54276e-06 669.773
80000 4000 659.762 498 9.54276e-06 672.781
80000 4000 369.949 498 9.54276e-06 382.775
80000 4000 214.409 498 9.54276e-06 227.594
80000 4000 167.377 498 9.54276e-06 181.453
80000 4000 14.4487 335 3.08544e-06 21.7572
80000 4000 14.4913 335 3.08544e-06 21.7825
80000 4000 19.012 335 3.08544e-06 26.1288
80000 4000 19.1519 335 3.08544e-06 26.668
80000 4000 19.3995 335 3.08544e-06 26.7422
80000 4000 14.5068 335 3.08544e-06 21.9941
80000 4000 14.5024 335 3.08544e-06 21.8513
80000 4000 14.9698 335 3.08544e-06 22.3599
80000 4000 19.1571 335 3.08544e-06 26.5403
80000 4000 20.2623 335 3.08544e-06 27.5958
80000 4000 14.0022 335 3.08544e-06 26.9944
80000 4000 14.078 335 3.08544e-06 26.9764
80000 4000 17.9392 335 3.08544e-06 33.2336
80000 4000 20.3255 335 3.08544e-06 36.6037
80000 4000 21.6115 335 3.08544e-06 36.8523
80000 4000 14.0309 335 3.08544e-06 27.0746
80000 4000 14.056 335 3.08544e-06 27.1111
80000 4000 19.8941 335 3.08544e-06 35.208
80000 4000 20.4017 335 3.08544e-06 36.1985
80000 4000 21.4329 335 3.08544e-06 36.6435
80000 4000 19.9394 231 3.83245e-06 26.8793
80000 4000 20.0815 231 3.83245e-06 27.4221
80000 4000 11.8876 231 3.83245e-06 19.1719
80000 4000 13.4324 231 3.83245e-06 20.799
80000 4000 14.376 231 3.83245e-06 21.7001
80000 4000 19.9729 231 3.88923e-06 27.0436
80000 4000 20.0233 231 3.88923e-06 27.3322
80000 4000 11.9197 231 3.88923e-06 19.2731
80000 4000 14.4048 231 3.88923e-06 21.7333
80000 4000 14.3384 231 3.88923e-06 21.6915
80000 4000 19.3222 231 3.83245e-06 31.9606
80000 4000 19.3925 231 3.83245e-06 32.3774
80000 4000 14.6706 231 3.83245e-06 27.545
80000 4000 15.0788 231 3.83245e-06 29.1202
80000 4000 15.2182 231 3.83245e-06 29.8097
80000 4000 19.3577 231 3.88923e-06 32.4094
80000 4000 19.4086 231 3.88923e-06 32.4011
80000 4000 15.2468 231 3.88923e-06 28.2306
80000 4000 15.2666 231 3.88923e-06 29.6807
80000 4000 15.1992 231 3.88923e-06 30.2802
80000 4000 39.0135 226 7.81814e-06 45.9488
80000 4000 39.2582 226 7.81814e-06 46.3456
80000 4000 23.0448 226 7.81814e-06 30.1221
80000 4000 14.8998 226 7.81814e-06 21.8455
80000 4000 15.2056 226 7.81814e-06 22.2945
80000 4000 39.217 227 7.36848e-06 46.1518
80000 4000 39.3653 227 7.36848e-06 46.4221
80000 4000 23.0623 227 7.36848e-06 30.3479
80000 4000 14.8945 227 7.36848e-06 22.2392
80000 4000 15.2972 227 7.36848e-06 22.4093
80000 4000 38.0659 226 7.81814e-06 51.1365
80000 4000 37.9492 226 7.81814e-06 50.9647
80000 4000 25.8096 226 7.81814e-06 39.3493
80000 4000 15.5659 226 7.81814e-06 29.3419
80000 4000 16.3979 226 7.81814e-06 30.4779
80000 4000 38.0478 227 7.36848e-06 51.0713
80000 4000 38.3952 227 7.36848e-06 51.4865
80000 4000 25.8831 227 7.36848e-06 39.045
80000 4000 16.0795 227 7.36848e-06 28.9636
80000 4000 16.6553 227 7.36848e-06 30.8412
80000 4000 80.8172 234 8.91857e-06 87.7715
80000 4000 81.4582 234 8.91857e-06 88.7603
80000 4000 47.4415 234 8.91857e-06 54.5202
80000 4000 30.1408 234 8.91857e-06 37.5091
80000 4000 30.9744 234 8.91857e-06 38.0903
80000 4000 81.6164 234 8.94769e-06 88.6971
80000 4000 81.1316 234 8.94769e-06 88.4459
80000 4000 47.3373 234 8.94769e-06 54.6958
80000 4000 30.2859 234 8.94769e-06 37.5618
80000 4000 30.891 234 8.94769e-06 38.0007
80000 4000 78.8335 234 8.91857e-06 91.8889
80000 4000 78.5172 234 8.91857e-06 91.507
80000 4000 49.2687 234 8.91857e-06 62.1821
80000 4000 29.596 234 8.91857e-06 43.6261
80000 4000 26.3684 234 8.91857e-06 39.3566
80000 4000 79.1644 234 8.94769e-06 92.2139
80000 4000 78.6419 234 8.94769e-06 91.662
80000 4000 50.5214 234 8.94769e-06 63.4813
80000 4000 30.1341 234 8.94769e-06 43.0801
80000 4000 25.9641 234 8.94769e-06 40.7814
80000 4000 166.298 240 9.13264e-06 173.719
80000 4000 166.247 240 9.13264e-06 173.546
80000 4000 95.4199 240 9.13264e-06 102.497
80000 4000 61.5033 240 9.13264e-06 68.5819
80000 4000 62.7333 240 9.13264e-06 69.8175
80000 4000 165.229 239 9.37238e-06 172.161
80000 4000 165.73 239 9.37238e-06 172.666
80000 4000 95.2988 239 9.37238e-06 102.616
80000 4000 61.191 239 9.37238e-06 68.4818
80000 4000 62.9401 239 9.37238e-06 70.0301
80000 4000 160.593 240 9.13264e-06 173.242
80000 4000 162.137 240 9.13264e-06 175.2
80000 4000 97.1063 240 9.13264e-06 110.018
80000 4000 57.8439 240 9.13264e-06 71.5117
80000 4000 52.3967 240 9.13264e-06 65.2951
80000 4000 160.093 239 9.37238e-06 173.131
80000 4000 160.958 239 9.37238e-06 173.99
80000 4000 95.5712 239 9.37238e-06 108.644
80000 4000 59.7279 239 9.37238e-06 73.5104
80000 4000 51.3814 239 9.37238e-06 65.0118
80000 4000 335.58 243 9.44802e-06 342.517
80000 4000 337.535 243 9.44802e-06 344.846
80000 4000 195.603 243 9.44802e-06 202.941
80000 4000 124.235 243 9.44802e-06 131.525
80000 4000 127.785 243 9.44802e-06 134.852
80000 4000 335.194 242 9.59109e-06 343.244
80000 4000 335.632 242 9.59109e-06 342.979
80000 4000 194.003 242 9.59109e-06 201.082
80000 4000 123.347 242 9.59109e-06 130.63
80000 4000 127.236 242 9.59109e-06 134.31
80000 4000 325.18 243 9.44802e-06 337.832
80000 4000 326.734 243 9.44802e-06 339.832
80000 4000 191.885 243 9.44802e-06 204.821
80000 4000 113.678 243 9.44802e-06 126.863
80000 4000 104.97 243 9.44802e-06 118.507
80000 4000 324.058 242 9.59109e-06 336.846
80000 4000 325.879 242 9.59109e-06 338.914
80000 4000 190.191 242 9.59109e-06 202.899
80000 4000 114.054 242 9.59109e-06 127.21
80000 4000 103.687 242 9.59109e-06 116.789
80000 4000 676.627 245 9.37352e-06 683.934
80000 4000 680.975 245 9.37352e-06 688.27
80000 4000 390.757 245 9.37352e-06 398.077
80000 4000 250.934 245 9.37352e-06 257.997
80000 4000 256.894 245 9.37352e-06 263.957
80000 4000 676.534 244 9.4734e-06 683.625
80000 4000 678.609 244 9.4734e-06 685.904
80000 4000 389.75 244 9.4734e-06 396.837
80000 4000 249.217 244 9.4734e-06 256.521
80000 4000 255.255 244 9.4734e-06 262.712
80000 4000 655.741 245 9.37352e-06 668.755
80000 4000 659.572 245 9.37352e-06 672.607
80000 4000 375.049 245 9.37352e-06 388.198
80000 4000 226.667 245 9.37352e-06 240.22
80000 4000 208.863 245 9.37352e-06 222.832
80000 4000 653.895 244 9.4734e-06 666.915
80000 4000 656.02 244 9.4734e-06 668.821
80000 4000 372.099 244 9.4734e-06 385.202
80000 4000 225.534 244 9.4734e-06 239.258
80000 4000 205.323 244 9.4734e-06 218.555
