2000 50 0.0107454 3700 8.3636e-13 0.105964
2000 100 0.0325091 6700 3.23053e-12 0.061353
2000 200 0.112199 13500 1.26519e-12 0.154836
2000 500 0.469702 44700 1.06311e-11 0.60745
2000 750 1.17876 97200 1.50474e-10 1.292
2000 1000 2.97952 224600 2.12007e-10 3.33992
4000 50 0.0125727 3600 1.40241e-12 0.0749661
4000 100 0.038144 7000 9.23133e-14 0.0798368
4000 200 0.102762 12700 7.20266e-12 0.176503
4000 500 0.297027 32000 1.30544e-10 0.622709
4000 750 0.713854 57100 6.8512e-12 0.95576
4000 1000 1.50428 86700 4.08325e-11 2.25923
4000 2000 11.6343 432800 3.56232e-10 13.9692
20000 50 0.0292622 3800 5.79359e-13 0.271358
20000 100 0.0755363 6600 6.05704e-12 0.71911
20000 200 0.126836 13200 2.4139e-12 1.20683
20000 500 0.441501 32200 5.47838e-12 3.16377
20000 750 0.841984 48200 9.13264e-12 9.65052
20000 1000 1.23439 63300 5.02021e-11 9.68848
20000 2000 3.74241 122400 8.12277e-11 19.9689
20000 4000 16.7423 290800 1.5054e-10 45.6851
20000 10000 267.467 1944600 4.55123e-09 339.72
40000 50 0.0470721 3800 2.1492e-12 0.639055
40000 100 0.0982678 6800 3.73895e-12 0.92121
40000 200 0.190795 13000 3.12346e-12 1.80409
40000 500 0.521439 31200 3.27025e-11 4.10057
40000 750 1.1296 46400 1.73715e-11 4.83062
40000 1000 1.38265 63500 1.68461e-11 5.08375
40000 2000 4.16782 121400 6.32904e-11 16.7769
40000 4000 14.9462 243300 1.42702e-10 34.1894
40000 10000 133.283 805300 8.69598e-10 242.969
80000 50 0.0784239 3800 1.40553e-12 1.77452
80000 100 0.130349 6900 1.56037e-12 2.83262
80000 200 0.239565 13100 1.78886e-12 5.29732
80000 500 0.697335 31500 2.02278e-11 11.9058
80000 750 1.36154 47400 3.28467e-11 16.9563
80000 1000 2.25235 63400 8.80072e-11 23.5303
80000 2000 4.7708 122400 5.73662e-11 52.6973
80000 4000 19.033 236000 1.67538e-10 131.33
80000 10000 110.141 604100 5.23467e-10 409.358
