2000 50 0.00633903 2960 1.11916e-11 0.172164
2000 100 0.0180191 5736 8.93157e-11 0.134524
2000 200 0.0573779 11352 2.16303e-10 0.181089
2000 500 0.253718 41456 1.23158e-09 0.363419
2000 750 0.71556 93576 3.72197e-09 0.919405
2000 1000 1.65167 207136 1.67557e-08 2.41099
4000 50 0.00770351 2816 2.62953e-10 0.106168
4000 100 0.0222191 6028 1.24612e-11 0.146674
4000 200 0.0625998 11584 5.18266e-11 0.190881
4000 500 0.174861 29348 3.09638e-10 0.325666
4000 750 0.461603 50304 1.71138e-09 0.721384
4000 1000 0.828031 80756 2.10756e-09 1.48697
4000 2000 6.25934 422056 1.9997e-08 7.50253
20000 50 0.0197665 3024 5.08715e-12 0.235376
20000 100 0.0425359 5736 5.71053e-11 0.23921
20000 200 0.109649 11420 1.8609e-10 0.805837
20000 500 0.293198 27396 5.80662e-10 2.19649
20000 750 0.453183 42068 4.47783e-10 3.16965
20000 1000 0.63774 53112 1.46998e-09 1.32139
20000 2000 2.07303 109564 1.72419e-09 4.94789
20000 4000 8.96791 272736 3.0395e-09 20.4489
20000 10000 177.469 2184516 1.39689e-08 209.163
40000 50 0.0349056 2952 9.48418e-12 0.193948
40000 100 0.0703153 5816 4.40665e-11 0.370408
40000 200 0.10784 11384 4.78966e-10 0.713782
40000 500 0.318218 28156 2.8824e-10 1.77774
40000 750 0.62122 41316 5.16233e-10 2.78562
40000 1000 0.877185 54488 6.6122e-10 3.7391
40000 2000 2.26996 107740 1.1595e-09 7.92309
40000 4000 9.64239 220312 1.64441e-09 20.8597
40000 10000 79.5172 817344 4.14185e-09 107.614
80000 50 0.0825568 2892 2.44817e-11 0.567509
80000 100 0.116977 5840 3.44006e-11 0.988175
80000 200 0.189089 11736 5.52548e-11 2.06729
80000 500 0.487825 28392 5.13092e-10 5.07876
80000 750 0.808869 41324 6.13812e-10 8.97131
80000 1000 1.05169 55572 5.01597e-10 6.8144
80000 2000 3.71758 109868 8.18093e-10 15.0056
80000 4000 16.3643 219688 1.05216e-09 24.4655
80000 10000 92.1399 580368 1.38601e-09 113.123
