2000 50 0.00516658 2868 2.94093e-11 0.171636
2000 100 0.0166199 5812 3.06877e-11 0.229953
2000 200 0.0537989 11472 1.19383e-10 0.208318
2000 500 0.242959 39004 6.49366e-10 0.413223
2000 750 0.607616 80076 3.71584e-09 0.840877
2000 1000 1.53402 189012 3.90458e-09 1.79846
4000 50 0.00635655 2816 2.62953e-10 0.075486
4000 100 0.0191792 5692 9.67008e-11 0.235546
4000 200 0.0568833 10980 6.72478e-10 0.20578
4000 500 0.19959 28460 4.96057e-10 0.427919
4000 750 0.335539 46856 2.01935e-09 0.537337
4000 1000 0.707189 75788 1.06326e-09 1.01884
4000 2000 5.18741 357848 1.4048e-08 5.72798
20000 50 0.0150106 3024 5.08715e-12 0.157498
20000 100 0.0371445 5736 5.71053e-11 0.252733
20000 200 0.058745 11420 1.8609e-10 0.329965
20000 500 0.234043 28176 3.572e-10 0.705426
20000 750 0.457862 41368 5.46964e-10 1.05168
20000 1000 0.620348 53880 1.30021e-09 1.34262
20000 2000 1.99314 107780 1.70977e-09 3.28763
20000 4000 7.78361 255848 2.24756e-09 9.65249
20000 10000 143.052 1875260 8.86284e-09 147.954
40000 50 0.0109678 2952 9.48418e-12 0.275904
40000 100 0.0296139 5816 4.40665e-11 0.299012
40000 200 0.138049 11384 4.78966e-10 0.585092
40000 500 0.315494 28156 2.8824e-10 1.13418
40000 750 0.562514 42236 3.08014e-10 1.64497
40000 1000 0.767319 53940 1.06117e-09 2.04197
40000 2000 2.18263 107920 1.13128e-09 4.28956
40000 4000 8.75665 220460 1.17087e-09 12.5772
40000 10000 82.1597 755068 2.47813e-09 92.3187
80000 50 0.023763 2892 2.44817e-11 0.316153
80000 100 0.0541696 5840 3.44006e-11 0.416099
80000 200 0.122357 11736 5.52548e-11 0.729725
80000 500 0.433623 28392 5.13092e-10 1.78084
80000 750 0.586223 41324 6.13812e-10 2.25783
80000 1000 0.76093 55572 5.01597e-10 2.93169
80000 2000 2.6723 109436 7.6554e-10 6.51692
80000 4000 11.227 219048 1.07083e-09 19.3929
80000 10000 88.2006 573680 1.38436e-09 109.388
