2000 50 0.0130204 3800 5.15986e-13 0.112659
2000 100 0.0382798 6900 1.23428e-12 0.0588559
2000 200 0.116585 13000 1.91021e-12 0.159447
2000 500 0.448236 44100 2.73304e-11 0.600206
2000 750 1.22987 102300 4.39898e-10 1.32631
2000 1000 2.93957 223800 1.35276e-09 3.31016
4000 50 0.0156958 3800 8.82754e-13 0.0709386
4000 100 0.0246908 7000 9.41523e-14 0.0443396
4000 200 0.0946619 13200 1.74593e-12 0.126222
4000 500 0.361278 32200 1.03743e-10 0.617899
4000 750 0.74607 55500 4.96994e-11 0.931111
4000 1000 1.55267 89700 4.33358e-11 2.54832
4000 2000 12.258 451600 1.56703e-09 15.9822
20000 50 0.0314404 3600 3.33467e-12 0.631806
20000 100 0.077442 6600 6.54188e-12 0.895168
20000 200 0.167073 13100 1.2266e-12 1.62573
20000 500 0.482346 32300 3.49326e-12 7.43385
20000 750 0.91073 47400 3.33882e-11 11.46
20000 1000 1.37293 62100 2.09402e-11 17.9949
20000 2000 3.85462 123000 6.34911e-11 37.0317
20000 4000 17.4779 292900 4.92999e-10 85.1995
20000 10000 358.488 2188400 5.36714e-09 417.643
40000 50 0.0520464 3700 4.24306e-13 1.23446
40000 100 0.135585 6600 5.53323e-12 2.0898
40000 200 0.222464 13200 1.19791e-12 3.83545
40000 500 0.627333 31100 2.93278e-11 8.92413
40000 750 1.10927 47200 1.98359e-11 7.75347
40000 1000 1.86011 60800 9.73604e-11 17.2235
40000 2000 4.93691 122700 6.29074e-11 22.1296
40000 4000 16.4809 238100 2.83789e-10 64.9044
40000 10000 122.883 824900 1.02568e-09 303.029
80000 50 0.116115 3600 2.41374e-12 4.85448
80000 100 0.249169 6900 2.28743e-12 7.64185
80000 200 0.424692 13300 1.3703e-12 15.2452
80000 500 1.21918 32200 6.01916e-12 33.1371
80000 750 1.55458 46100 5.42046e-11 46.0644
80000 1000 2.21667 61900 1.41573e-10 51.9421
80000 2000 5.99646 122200 7.15094e-11 124.566
80000 4000 22.1261 238400 1.60596e-10 192.928
80000 10000 113.457 600900 4.36877e-10 260.127
