2000 50 0.0204561 3700 1.28753e-12 0.0308725
2000 50 0.0167937 3700 7.39591e-15 0.024757
2000 100 0.0521981 6900 5.74685e-12 0.06919
2000 100 0.0452026 6900 4.67408e-13 0.0587848
2000 200 0.161592 16500 1.81333e-12 0.19067
2000 200 0.167237 16500 1.47747e-12 0.191881
2000 500 0.788109 82500 1.24043e-10 0.854431
2000 500 0.846409 82500 4.31938e-11 0.903461
2000 750 2.55411 228300 6.72369e-10 2.64644
2000 750 2.27712 228300 6.1762e-10 2.35993
4000 50 0.0075912 3400 1.2689e-12 0.0150902
4000 50 0.0120134 3400 3.67462e-14 0.0227786
4000 100 0.0195712 6800 2.71689e-12 0.031448
4000 100 0.0158965 6800 1.56463e-13 0.0246453
4000 200 0.159207 13700 1.36569e-11 0.208874
4000 200 0.1297 13700 1.45769e-12 0.179853
4000 500 0.488235 45400 1.85225e-11 0.611785
4000 500 0.460929 45400 1.06917e-11 0.580898
4000 750 1.23505 92600 5.29075e-11 1.41665
4000 750 1.14153 92600 4.15969e-11 1.31501
4000 1000 2.27474 158000 2.78166e-10 2.56952
4000 1000 2.0011 158000 2.3382e-10 2.08876
20000 50 0.0399971 3200 4.96133e-13 0.128617
20000 50 0.0185257 3200 1.26393e-13 0.0826926
20000 100 0.0504373 6700 6.40171e-13 0.179275
20000 100 0.0515863 6700 6.71775e-14 0.172856
20000 200 0.115163 12600 1.4558e-12 0.412156
20000 200 0.0641745 12600 1.04982e-12 0.176213
20000 500 0.457107 30500 2.59634e-11 0.897119
20000 500 0.315021 30500 1.00074e-11 0.731398
20000 750 0.919404 47400 6.01788e-11 2.01021
20000 750 0.686193 47400 1.17026e-11 1.24004
20000 1000 1.30316 66100 2.36904e-11 1.99407
20000 1000 1.1735 66100 1.03501e-11 3.18169
20000 2000 4.94756 155400 1.11553e-10 63.5507
20000 2000 4.25206 155400 3.84936e-11 5.48868
20000 4000 28.0778 477800 7.6572e-10 33.7693
20000 4000 27.0424 477800 6.5857e-10 28.7748
40000 50 0.062056 3300 6.62747e-13 0.189223
40000 50 0.0194052 3300 3.26003e-14 0.14581
40000 100 0.0730503 6400 9.06634e-13 0.315712
40000 100 0.0507357 6400 3.1319e-13 0.292636
40000 200 0.176086 12500 2.08184e-11 0.524231
40000 200 0.073152 12500 1.17888e-12 0.409968
40000 500 0.543773 30200 3.32948e-11 1.09362
40000 500 0.264518 30200 5.17639e-12 0.695254
40000 750 0.834323 44800 3.20152e-10 1.48518
40000 750 0.587571 44800 1.46958e-11 1.53806
40000 1000 1.34076 61300 5.6899e-11 2.64699
40000 1000 0.933709 61300 1.2282e-11 1.81574
40000 2000 4.44567 128600 8.1622e-11 6.36124
40000 2000 3.64007 128600 3.08665e-11 5.54263
40000 4000 18.8096 300000 2.83329e-10 22.3443
40000 4000 17.1692 300000 1.32184e-10 20.7025
40000 10000 236.41 1523700 2.78329e-09 274.1
40000 10000 229.094 1523700 2.48745e-09 238.312
80000 50 0.0533806 3600 1.67628e-13 0.289834
80000 50 0.0243167 3600 4.02408e-15 0.270412
80000 100 0.127936 6300 9.96969e-13 0.379929
80000 100 0.0296289 6300 3.53945e-13 0.401784
80000 200 0.286649 12600 1.1303e-12 0.861397
80000 200 0.0839993 12600 5.67827e-13 0.65876
80000 500 0.69578 30400 1.927e-11 1.91369
80000 500 0.295687 30400 3.11183e-12 1.54387
80000 750 1.17448 45700 2.19586e-10 2.81742
80000 750 0.580874 45700 5.3996e-12 2.2581
80000 1000 1.99833 61300 1.03681e-11 7.72096
80000 1000 0.986559 61300 5.85639e-12 3.22512
80000 2000 5.10288 121300 9.25927e-11 9.10153
80000 2000 3.50305 121300 2.72071e-11 7.22547
80000 4000 19.6182 254300 7.08375e-11 26.9181
80000 4000 15.64 254300 5.86259e-11 22.8273
80000 10000 156.885 836500 4.80817e-10 177.166
80000 10000 144.731 836500 3.95479e-10 164.516