2000 50 0.0202723 3700 1.28753e-12 0.0364954
2000 50 0.0166327 3700 7.39591e-15 0.0251142
2000 100 0.0517338 6900 5.74685e-12 0.0781063
2000 100 0.0449445 6900 4.67408e-13 0.0597341
2000 200 0.146487 16500 1.81333e-12 0.187463
2000 200 0.16544 16500 1.47747e-12 0.188684
2000 500 0.770402 82500 1.24043e-10 0.854831
2000 500 0.83899 82500 4.31938e-11 0.897993
2000 750 2.49952 228300 6.72369e-10 2.61179
2000 750 2.51433 228300 6.1762e-10 2.60255
4000 50 0.0218674 3400 1.2689e-12 0.0469971
4000 50 0.00791589 3400 3.67462e-14 0.0155003
4000 100 0.0579593 6800 2.71689e-12 0.09924
4000 100 0.0477326 6800 1.56463e-13 0.076333
4000 200 0.115433 13700 1.36569e-11 0.186049
4000 200 0.141388 13700 1.45769e-12 0.188453
4000 500 0.487317 45400 1.85225e-11 0.643781
4000 500 0.458664 45400 1.06917e-11 0.580459
4000 750 1.29273 92600 5.29075e-11 1.53043
4000 750 1.14485 92600 4.15969e-11 1.32361
4000 1000 2.30891 158000 2.78166e-10 2.54519
4000 1000 1.99987 158000 2.3382e-10 2.2331
20000 50 0.0399341 3200 4.96133e-13 0.126985
20000 50 0.0182582 3200 1.26393e-13 0.0826345
20000 100 0.098458 6700 6.40171e-13 0.262138
20000 100 0.0442307 6700 6.71775e-14 0.166235
20000 200 0.155385 12600 1.4558e-12 0.444952
20000 200 0.0700119 12600 1.04982e-12 0.303256
20000 500 0.456879 30500 2.59634e-11 1.16507
20000 500 0.314113 30500 1.00074e-11 0.731267
20000 750 0.915017 47400 6.01788e-11 2.00212
20000 750 0.685186 47400 1.17026e-11 1.24235
20000 1000 1.27944 66100 2.36904e-11 1.98235
20000 1000 1.07174 66100 1.03501e-11 1.77619
20000 2000 4.95399 155400 1.11553e-10 7.7852
20000 2000 4.26557 155400 3.84936e-11 5.55402
20000 4000 28.0347 477800 7.6572e-10 30.2137
20000 4000 27.0063 477800 6.5857e-10 29.1696
40000 50 0.0618967 3300 6.62747e-13 0.229199
40000 50 0.0112016 3300 3.26003e-14 0.140275
40000 100 0.101128 6400 9.06634e-13 0.410466
40000 100 0.0506881 6400 3.1319e-13 0.298352
40000 200 0.264871 12500 2.08184e-11 0.848533
40000 200 0.0732184 12500 1.17888e-12 0.449061
40000 500 0.596481 30200 3.32948e-11 2.03802
40000 500 0.33635 30200 5.17639e-12 1.03683
40000 750 1.06242 44800 3.20152e-10 3.19147
40000 750 0.609666 44800 1.46958e-11 1.59379
40000 1000 1.61904 61300 5.6899e-11 4.52316
40000 1000 0.930665 61300 1.2282e-11 1.80162
40000 2000 4.66713 128600 8.1622e-11 10.2942
40000 2000 3.63716 128600 3.08665e-11 5.37906
40000 4000 18.849 300000 2.83329e-10 30.1775
40000 4000 17.1645 300000 1.32184e-10 20.7803
40000 10000 217.435 1523700 2.78329e-09 245.689
40000 10000 212.446 1523700 2.48745e-09 221.46
80000 50 0.10795 3600 1.67628e-13 0.427788
80000 50 0.0120513 3600 4.02408e-15 0.249904
80000 100 0.193484 6300 9.96969e-13 0.791148
80000 100 0.0293302 6300 3.53945e-13 0.417338
80000 200 0.326166 12600 1.1303e-12 1.49813
80000 200 0.0838136 12600 5.67827e-13 0.65623
80000 500 0.893874 30400 1.927e-11 3.71824
80000 500 0.290296 30400 3.11183e-12 1.51579
80000 750 1.45808 45700 2.19586e-10 5.68687
80000 750 0.580824 45700 5.3996e-12 2.24778
80000 1000 2.0099 61300 1.03681e-11 7.70111
80000 1000 0.98653 61300 5.85639e-12 3.11627
80000 2000 5.29132 121300 9.25927e-11 16.6014
80000 2000 3.51505 121300 2.72071e-11 7.39101
80000 4000 18.6237 254300 7.08375e-11 41.2627
80000 4000 14.649 254300 5.86259e-11 21.576
80000 10000 138.23 836500 4.80817e-10 195.584
80000 10000 117.905 836500 3.95479e-10 135.595