100 57.3722
200 52.5195
300 48.3795
400 44.4498
500 40.7439
600 37.4879
700 34.5499
800 31.9244
900 29.5981
1000 27.3631
1100 25.3451
1200 23.429
1300 21.7832
1400 20.1913
1500 18.7528
1600 17.4233
1700 16.1663
1800 14.9888
1900 13.9474
2000 12.9784
2100 12.1208
2200 11.2833
2300 10.5663
2400 9.82195
2500 9.18125
2600 8.57504
2700 7.98031
2800 7.46908
2900 7.0015
3000 6.53289
3100 6.11849
3200 5.72149
3300 5.38127
3400 5.0333
3500 4.71907
3600 4.44374
3700 4.15804
3800 3.90587
3900 3.66255
4000 3.43847
4100 3.23244
4200 3.03476
4300 2.8565
4400 2.68912
4500 2.54165
4600 2.4007
4700 2.26258
4800 2.12905
4900 2.00788
5000 1.89109
5100 1.7802
5200 1.6862
5300 1.59109
5400 1.50121
5500 1.41681
5600 1.33685
5700 1.25881
5800 1.18658
5900 1.12046
6000 1.05914
6100 1.00095
6200 0.94776
6300 0.896002
6400 0.844703
6500 0.795548
6600 0.752959
6700 0.714202
6800 0.674077
6900 0.637765
7000 0.603201
7100 0.569485
7200 0.537407
7300 0.508396
7400 0.481689
7500 0.455757
7600 0.430842
7700 0.40762
7800 0.387297
7900 0.367121
8000 0.347976
8100 0.330436
8200 0.312578
8300 0.295883
8400 0.279602
8500 0.26525
8600 0.250355
8700 0.237394
8800 0.224787
8900 0.212265
9000 0.200726
9100 0.19051
9200 0.180137
9300 0.170343
9400 0.161186
9500 0.152559
9600 0.144086
9700 0.136598
9800 0.12943
9900 0.122351
10000 0.115646
10100 0.109717
10200 0.10435
10300 0.0990529
10400 0.094028
10500 0.0892125
10600 0.0846019
10700 0.0800968
10800 0.0756731
10900 0.0718042
11000 0.0679789
11100 0.064455
11200 0.0610605
11300 0.057866
11400 0.0547304
11500 0.051918
11600 0.0492561
11700 0.0468229
11800 0.0443974
11900 0.0420608
12000 0.0397383
12100 0.0376458
12200 0.0356758
12300 0.0338175
12400 0.0321594
12500 0.0305527
12600 0.0290001
12700 0.0274873
12800 0.0261015
12900 0.0247621
13000 0.0234236
13100 0.0222635
13200 0.0210541
13300 0.019958
13400 0.0189461
13500 0.0179285
13600 0.0170176
13700 0.0161948
13800 0.0153723
13900 0.0146151
14000 0.013885
14100 0.0131728
14200 0.0124994
14300 0.0118636
14400 0.011259
14500 0.0106714
14600 0.0101232
14700 0.00959895
14800 0.00911123
14900 0.00866365
15000 0.00822397
15100 0.00780192
15200 0.00739989
15300 0.00703174
15400 0.00666602
15500 0.00633134
15600 0.00599282
15700 0.00570144
15800 0.0054095
15900 0.00513301
16000 0.00486605
16100 0.00463339
16200 0.00439576
16300 0.00417971
16400 0.00396931
16500 0.00376335
16600 0.00358388
16700 0.00339939
16800 0.00323139
16900 0.00306002
17000 0.00290976
17100 0.00276518
17200 0.00262141
17300 0.00248472
17400 0.00236139
17500 0.00224422
17600 0.0021291
17700 0.00202428
17800 0.00192826
17900 0.00182922
18000 0.00173864
18100 0.00165182
18200 0.00156744
18300 0.00149342
18400 0.00141693
18500 0.00134747
18600 0.00128131
18700 0.00121447
18800 0.00115359
18900 0.00109635
19000 0.00104284
19100 0.000988513
19200 0.000940611
19300 0.000892623
19400 0.000849027
19500 0.000806203
19600 0.000767682
19700 0.00073255
19800 0.000696775
19900 0.000661116
20000 0.00062959
20100 0.000597738
20200 0.000567153
20300 0.000539591
20400 0.000511807
20500 0.000486295
20600 0.0004624
20700 0.000439279
20800 0.000417622
20900 0.000396135
21000 0.000375985
21100 0.000357224
21200 0.000339361
21300 0.00032344
21400 0.000307499
21500 0.000292596
21600 0.000278089
21700 0.000264604
21800 0.00025184
21900 0.00023958
22000 0.000227621
22100 0.000215902
22200 0.000205454
22300 0.000195395
22400 0.000185482
22500 0.000176374
22600 0.000167593
22700 0.000159528
22800 0.000151951
22900 0.00014435
23000 0.000137208
23100 0.000130664
23200 0.000124219
23300 0.000118302
23400 0.000112634
23500 0.000107331
23600 0.000102104
23700 9.74306e-05
23800 9.26435e-05
23900 8.82612e-05
24000 8.381e-05
24100 7.96189e-05
24200 7.55251e-05
24300 7.17114e-05
24400 6.80447e-05
24500 6.45313e-05
24600 6.13894e-05
24700 5.84176e-05
24800 5.54933e-05
24900 5.27172e-05
25000 5.02665e-05
25100 4.77088e-05
25200 4.54198e-05
25300 4.31183e-05
25400 4.09042e-05
25500 3.89736e-05
25600 3.71489e-05
25700 3.52576e-05
25800 3.34207e-05
25900 3.17996e-05
26000 3.02331e-05
26100 2.8641e-05
26200 2.72226e-05
26300 2.58799e-05
26400 2.45773e-05
26500 2.34089e-05
26600 2.2283e-05
26700 2.11751e-05
26800 2.01669e-05
26900 1.92175e-05
27000 1.82529e-05
27100 1.73903e-05
27200 1.65634e-05
27300 1.57236e-05
27400 1.49688e-05
27500 1.42558e-05
27600 1.35649e-05
27700 1.28936e-05
27800 1.22809e-05
27900 1.16567e-05
28000 1.1094e-05
28100 1.05269e-05
28200 1.0011e-05
28300 9.52655e-06
28400 9.05995e-06
28500 8.60061e-06
28600 8.17446e-06
28700 7.77226e-06
28800 7.38802e-06
28900 7.01988e-06
29000 6.67942e-06
29100 6.36428e-06
29200 6.04838e-06
29300 5.76698e-06
29400 5.50169e-06
29500 5.2526e-06
29600 4.99415e-06
29700 4.75223e-06
29800 4.51964e-06
29900 4.29447e-06
30000 4.09511e-06
30100 3.90518e-06
30200 3.7194e-06
30300 3.54455e-06
30400 3.37458e-06
30500 3.21107e-06
30600 3.05683e-06
30700 2.90043e-06
30800 2.75369e-06
30900 2.62201e-06
31000 2.50021e-06
31100 2.37659e-06
31200 2.25984e-06
31300 2.15293e-06
31400 2.04798e-06
31500 1.95036e-06
31600 1.85318e-06
31700 1.76723e-06
31800 1.68132e-06
31900 1.60305e-06
32000 1.52044e-06
32100 1.44529e-06
32200 1.37423e-06
32300 1.30857e-06
32400 1.24118e-06
32500 1.18315e-06
32600 1.12712e-06
32700 1.07217e-06
32800 1.01972e-06
32900 9.71277e-07
33000 9.22272e-07
33100 8.77153e-07
33200 8.33277e-07
33300 7.92166e-07
33400 7.53671e-07
33500 7.16083e-07
33600 6.8256e-07
33700 6.4841e-07
33800 6.17965e-07
33900 5.87563e-07
34000 5.5942e-07
34100 5.31739e-07
34200 5.0639e-07
34300 4.8165e-07
34400 4.57953e-07
34500 4.34936e-07
34600 4.14208e-07
34700 3.94833e-07
34800 3.75626e-07
34900 3.57521e-07
35000 3.40635e-07
35100 3.24326e-07
35200 3.08188e-07
35300 2.94085e-07
35400 2.79309e-07
35500 2.65114e-07
35600 2.52294e-07
35700 2.403e-07
35800 2.28985e-07
35900 2.17683e-07
36000 2.07062e-07
36100 1.96758e-07
36200 1.87722e-07
36300 1.78848e-07
36400 1.70069e-07
36500 1.61873e-07
36600 1.53889e-07
36700 1.46191e-07
36800 1.38744e-07
36900 1.31842e-07
37000 1.25648e-07
37100 1.19601e-07
37200 1.13864e-07
37300 1.08441e-07
37400 1.03396e-07
37500 9.84351e-08
37600 9.36507e-08
37700 8.91176e-08
37800 8.50916e-08
37900 8.07922e-08
38000 7.66917e-08
38100 7.2879e-08
38200 6.91917e-08
38300 6.57415e-08
38400 6.25751e-08
38500 5.96387e-08
38600 5.67317e-08
38700 5.39496e-08
38800 5.13952e-08
38900 4.88885e-08
39000 4.64957e-08
39100 4.42378e-08
39200 4.20517e-08
39300 4.0046e-08
39400 3.81891e-08
39500 3.63532e-08
39600 3.46776e-08
39700 3.30899e-08
39800 3.14619e-08
39900 2.99603e-08
40000 2.86025e-08
40100 2.72553e-08
40200 2.59415e-08
40300 2.46824e-08
40400 2.34901e-08
40500 2.23771e-08
40600 2.13271e-08
40700 2.03034e-08
40800 1.93427e-08
40900 1.84724e-08
41000 1.7601e-08
41100 1.67494e-08
41200 1.59571e-08
41300 1.51361e-08
41400 1.44054e-08
41500 1.36806e-08
41600 1.3019e-08
41700 1.2417e-08
41800 1.18575e-08
41900 1.12796e-08
42000 1.07108e-08
42100 1.01951e-08
42200 9.68507e-09
42300 9.20083e-09
42400 8.74746e-09
42500 8.31931e-09
42600 7.91341e-09
42700 7.52027e-09
42800 7.16008e-09
42900 6.82415e-09
43000 6.49268e-09
43100 6.17182e-09
43200 5.87091e-09
43300 5.57762e-09
43400 5.30516e-09
43500 5.0471e-09
43600 4.8013e-09
43700 4.56057e-09
43800 4.32896e-09
43900 4.12599e-09
44000 3.93262e-09
44100 3.74114e-09
44200 3.56825e-09
44300 3.39565e-09
44400 3.23935e-09
44500 3.08526e-09
44600 2.93781e-09
44700 2.81135e-09
44800 2.67177e-09
44900 2.53549e-09
45000 2.41184e-09
45100 2.30111e-09
45200 2.18886e-09
45300 2.08756e-09
45400 1.98071e-09
45500 1.8914e-09
45600 1.79672e-09
45700 1.71312e-09
45800 1.63015e-09
45900 1.55276e-09
46000 1.47936e-09
46100 1.4137e-09
46200 1.34424e-09
46300 1.27844e-09
46400 1.21731e-09
46500 1.15696e-09
46600 1.10209e-09
46700 1.04936e-09
46800 9.98844e-10
46900 9.50091e-10
47000 9.03265e-10
47100 8.59033e-10
47200 8.17901e-10
47300 7.79323e-10
47400 7.41414e-10
47500 7.03463e-10
47600 6.7074e-10
47700 6.39005e-10
47800 6.09192e-10
47900 5.81752e-10
48000 5.53078e-10
48100 5.2614e-10
48200 5.02681e-10
48300 4.78485e-10
48400 4.55277e-10
48500 4.33036e-10
48600 4.12897e-10
48700 3.94114e-10
48800 3.74913e-10
48900 3.5669e-10
49000 3.40352e-10
49100 3.23912e-10
49200 3.08849e-10
49300 2.93786e-10
49400 2.80174e-10
49500 2.67181e-10
49600 2.55186e-10
49700 2.43489e-10
49800 2.31697e-10
49900 2.20484e-10
50000 2.08945e-10
50100 1.98621e-10
50200 1.88519e-10
50300 1.79529e-10
50400 1.70773e-10
50500 1.62629e-10
50600 1.5527e-10
50700 1.48106e-10
50800 1.41293e-10
50900 1.34068e-10
51000 1.27851e-10
51100 1.21699e-10
51200 1.15752e-10
51300 1.10028e-10
51400 1.04653e-10
51500 9.97668e-11
51600 9.50798e-11
51700 9.01286e-11
51800 8.60434e-11
51900 8.18153e-11
52000 7.78391e-11
52100 7.40691e-11
52200 7.05089e-11
52300 6.72995e-11
52400 6.39882e-11
52500 6.09398e-11
52600 5.81074e-11
52700 5.53988e-11
52800 5.27294e-11
52900 5.01599e-11
53000 4.77301e-11
53100 4.53664e-11
53200 4.3229e-11
53300 4.11832e-11
53400 3.92749e-11
53500 3.74125e-11
53600 3.56245e-11
53700 3.38584e-11
53800 3.2289e-11
53900 3.07362e-11
54000 2.92949e-11
54100 2.79084e-11
54200 2.65825e-11
54300 2.52716e-11
54400 2.41089e-11
54500 2.29412e-11
54600 2.18377e-11
54700 2.07864e-11
54800 1.98468e-11
54900 1.88962e-11
55000 1.79907e-11
