1000 32.4816
2000 21.5556
3000 15.7199
4000 11.8443
5000 9.20003
6000 7.20444
7000 5.71638
8000 4.59167
9000 3.70123
10000 2.99764
11000 2.44035
12000 1.9983
13000 1.63682
14000 1.3484
15000 1.11552
16000 0.920896
17000 0.760752
18000 0.632736
19000 0.528185
20000 0.43939
21000 0.36739
22000 0.307652
23000 0.257801
24000 0.217056
25000 0.182745
26000 0.153797
27000 0.129638
28000 0.109065
29000 0.0920901
30000 0.0775912
31000 0.06561
32000 0.0556671
33000 0.0473103
34000 0.0400902
35000 0.0340323
36000 0.0288677
37000 0.0244928
38000 0.020724
39000 0.0176165
40000 0.0149628
41000 0.0127316
42000 0.0108669
43000 0.00929465
44000 0.0079512
45000 0.00679082
46000 0.00578941
47000 0.00496175
48000 0.0042394
49000 0.0036276
50000 0.00309789
51000 0.00264448
52000 0.00226155
53000 0.00193962
54000 0.00165688
55000 0.00141751
56000 0.00121738
57000 0.00104275
58000 0.000893542
59000 0.000766232
60000 0.000657613
61000 0.000563701
62000 0.000483693
63000 0.000414946
64000 0.000358079
65000 0.000306235
66000 0.00026265
67000 0.000225577
68000 0.000193304
69000 0.000166417
70000 0.000142813
71000 0.000122513
72000 0.000105534
73000 9.06766e-05
74000 7.76659e-05
75000 6.66205e-05
76000 5.722e-05
77000 4.90526e-05
78000 4.21183e-05
79000 3.61824e-05
80000 3.10048e-05
81000 2.66881e-05
82000 2.30377e-05
83000 1.98305e-05
84000 1.7077e-05
85000 1.46832e-05
86000 1.26232e-05
87000 1.08866e-05
88000 9.39941e-06
89000 8.09891e-06
90000 6.94977e-06
91000 5.96075e-06
92000 5.1116e-06
93000 4.40008e-06
94000 3.79544e-06
95000 3.27006e-06
96000 2.8073e-06
97000 2.41396e-06
98000 2.07576e-06
99000 1.77971e-06
100000 1.53308e-06
