100 58.9209
200 55.5376
300 52.4332
400 48.6038
500 45.7
600 43.0414
700 39.8196
800 37.9656
900 35.3345
1000 33.2704
1100 31.1608
1200 29.0797
1300 27.3888
1400 25.8862
1500 24.2878
1600 22.6409
1700 21.2343
1800 19.9858
1900 18.8417
2000 17.6599
2100 16.8119
2200 15.7285
2300 14.8685
2400 14.1043
2500 13.3601
2600 12.4995
2700 11.8368
2800 11.1995
2900 10.616
3000 9.96914
3100 9.27816
3200 8.67235
3300 8.24653
3400 7.832
3500 7.44016
3600 7.08276
3700 6.65291
3800 6.32254
3900 6.02884
4000 5.66169
4100 5.37471
4200 5.13137
4300 4.89084
4400 4.60303
4500 4.36602
4600 4.13584
4700 3.93722
4800 3.71841
4900 3.54053
5000 3.37085
5100 3.16833
5200 2.99626
5300 2.84681
5400 2.68384
5500 2.53263
5600 2.38476
5700 2.25021
5800 2.13091
5900 2.00835
6000 1.91784
6100 1.81464
6200 1.69171
6300 1.60427
6400 1.49833
6500 1.42912
6600 1.35166
6700 1.28551
6800 1.2112
6900 1.13906
7000 1.07686
7100 1.02648
7200 0.973526
7300 0.920874
7400 0.866858
7500 0.826358
7600 0.78235
7700 0.748534
7800 0.710224
7900 0.668699
8000 0.636577
8100 0.602413
8200 0.578674
8300 0.547615
8400 0.519374
8500 0.494292
8600 0.471308
8700 0.448012
8800 0.426915
8900 0.402398
9000 0.38224
9100 0.358063
9200 0.335796
9300 0.320998
9400 0.300029
9500 0.285582
9600 0.267592
9700 0.25431
9800 0.240596
9900 0.228073
10000 0.217379
10100 0.206553
10200 0.195574
10300 0.185313
10400 0.174198
10500 0.166127
10600 0.158083
10700 0.149548
10800 0.141676
10900 0.134931
11000 0.128467
11100 0.121556
11200 0.116199
11300 0.109984
11400 0.10451
11500 0.0982932
11600 0.0942077
11700 0.0891489
11800 0.0846926
11900 0.0800036
12000 0.075866
12100 0.071819
12200 0.0681622
12300 0.0644637
12400 0.0610804
12500 0.0579955
12600 0.0547171
12700 0.0517202
12800 0.0490598
12900 0.0462793
13000 0.0436871
13100 0.0417449
13200 0.0395102
13300 0.0375103
13400 0.0355834
13500 0.0339172
13600 0.0321522
13700 0.0306075
13800 0.0289747
13900 0.027336
14000 0.0259439
14100 0.0244039
14200 0.0231698
14300 0.0218165
14400 0.0206555
14500 0.0197266
14600 0.018849
14700 0.0180668
14800 0.0172625
14900 0.0165384
15000 0.0156379
15100 0.0149095
15200 0.0140522
15300 0.0132931
15400 0.0125305
15500 0.011952
15600 0.0114028
15700 0.0108726
15800 0.0103442
15900 0.00986373
16000 0.00928682
16100 0.00879409
16200 0.00831781
16300 0.00798133
16400 0.00752229
16500 0.00716605
16600 0.00677961
16700 0.0064779
16800 0.00616018
16900 0.00581674
17000 0.00546867
17100 0.00519134
17200 0.00495784
17300 0.00468197
17400 0.00443185
17500 0.00420277
17600 0.00399828
17700 0.00380349
17800 0.00362142
17900 0.00344505
18000 0.00324779
18100 0.00307792
18200 0.00293614
18300 0.00279219
18400 0.00265144
18500 0.00251172
18600 0.00239103
18700 0.00227926
18800 0.0021793
18900 0.00207121
19000 0.0019726
19100 0.00186137
19200 0.00173947
19300 0.00165809
19400 0.00157057
19500 0.00150285
19600 0.00142466
19700 0.00135549
19800 0.00127111
19900 0.0012209
20000 0.0011745
20100 0.00112707
20200 0.00106619
20300 0.00100849
20400 0.00096355
20500 0.000920651
20600 0.000874774
20700 0.000829992
20800 0.000788461
20900 0.000750685
21000 0.000706346
21100 0.000674008
21200 0.000635205
21300 0.000602068
21400 0.000573733
21500 0.000548056
21600 0.000517032
21700 0.000493185
21800 0.000463212
21900 0.000443231
22000 0.000421419
22100 0.000398191
22200 0.000372489
22300 0.000351883
22400 0.000335847
22500 0.000322994
22600 0.00030839
22700 0.000295024
22800 0.000279882
22900 0.000267295
23000 0.000255798
23100 0.00024326
23200 0.000232194
23300 0.000220128
23400 0.000208268
23500 0.0001982
23600 0.000189295
23700 0.000180941
23800 0.000171935
23900 0.00016422
24000 0.000157598
24100 0.000149343
24200 0.000141636
24300 0.000133857
24400 0.000128323
24500 0.000121487
24600 0.000115995
24700 0.000110895
24800 0.000104972
24900 9.95511e-05
25000 9.47589e-05
25100 9.02441e-05
25200 8.56411e-05
25300 8.20859e-05
25400 7.75686e-05
25500 7.3529e-05
25600 6.95046e-05
25700 6.57088e-05
25800 6.23317e-05
25900 5.97226e-05
26000 5.60419e-05
26100 5.33719e-05
26200 5.09546e-05
26300 4.84053e-05
26400 4.66062e-05
26500 4.4327e-05
26600 4.16279e-05
26700 3.96985e-05
26800 3.78041e-05
26900 3.59009e-05
27000 3.45415e-05
27100 3.30944e-05
27200 3.16892e-05
27300 3.01216e-05
27400 2.8425e-05
27500 2.70821e-05
27600 2.5833e-05
27700 2.47541e-05
27800 2.3497e-05
27900 2.23589e-05
28000 2.12418e-05
28100 2.00832e-05
28200 1.90298e-05
28300 1.80477e-05
28400 1.71168e-05
28500 1.62829e-05
28600 1.5471e-05
28700 1.47746e-05
28800 1.40091e-05
28900 1.33826e-05
29000 1.28058e-05
29100 1.21612e-05
29200 1.16089e-05
29300 1.09203e-05
29400 1.04178e-05
29500 9.9796e-06
29600 9.43452e-06
29700 9.00783e-06
29800 8.59839e-06
29900 8.17895e-06
30000 7.78824e-06
30100 7.4522e-06
30200 7.10639e-06
30300 6.79754e-06
30400 6.49942e-06
30500 6.18122e-06
30600 5.9059e-06
30700 5.61769e-06
30800 5.34158e-06
30900 5.04236e-06
31000 4.82263e-06
31100 4.58376e-06
31200 4.33403e-06
31300 4.12721e-06
31400 3.92044e-06
31500 3.75882e-06
31600 3.55518e-06
31700 3.38926e-06
31800 3.2398e-06
31900 3.0933e-06
32000 2.96509e-06
32100 2.83415e-06
32200 2.66997e-06
32300 2.54761e-06
32400 2.42774e-06
32500 2.30734e-06
32600 2.20149e-06
32700 2.09546e-06
32800 1.98671e-06
32900 1.88454e-06
33000 1.79985e-06
33100 1.71319e-06
33200 1.62312e-06
33300 1.53982e-06
33400 1.44875e-06
33500 1.37216e-06
33600 1.30806e-06
33700 1.2547e-06
33800 1.18797e-06
33900 1.13515e-06
34000 1.07265e-06
34100 1.01712e-06
34200 9.62862e-07
34300 9.16041e-07
34400 8.74177e-07
34500 8.37724e-07
34600 7.99193e-07
34700 7.6122e-07
34800 7.27542e-07
34900 6.9468e-07
35000 6.55584e-07
35100 6.24264e-07
35200 5.96197e-07
35300 5.68654e-07
35400 5.42157e-07
35500 5.16739e-07
35600 4.87509e-07
35700 4.63606e-07
35800 4.41066e-07
35900 4.16956e-07
36000 3.98239e-07
36100 3.79083e-07
36200 3.58744e-07
36300 3.40771e-07
36400 3.28252e-07
36500 3.1268e-07
36600 2.95384e-07
36700 2.81949e-07
36800 2.67256e-07
36900 2.53079e-07
37000 2.39718e-07
37100 2.29297e-07
37200 2.18555e-07
37300 2.0788e-07
37400 1.97142e-07
37500 1.89145e-07
37600 1.80628e-07
37700 1.70238e-07
37800 1.62409e-07
37900 1.55362e-07
38000 1.47229e-07
38100 1.39846e-07
38200 1.33281e-07
38300 1.26412e-07
38400 1.21553e-07
38500 1.16122e-07
38600 1.1035e-07
38700 1.05175e-07
38800 9.9021e-08
38900 9.41583e-08
39000 8.99035e-08
39100 8.55822e-08
39200 8.12251e-08
39300 7.79527e-08
39400 7.41853e-08
39500 7.10271e-08
39600 6.74741e-08
39700 6.37851e-08
39800 6.04658e-08
39900 5.79504e-08
40000 5.48782e-08
40100 5.22093e-08
40200 5.00163e-08
40300 4.75337e-08
40400 4.50945e-08
40500 4.29962e-08
40600 4.1126e-08
40700 3.90742e-08
40800 3.70588e-08
40900 3.55014e-08
41000 3.40811e-08
41100 3.25012e-08
41200 3.09793e-08
41300 2.96532e-08
41400 2.79508e-08
41500 2.67308e-08
41600 2.54997e-08
41700 2.43067e-08
41800 2.32819e-08
41900 2.22417e-08
42000 2.10503e-08
42100 2.00552e-08
42200 1.90562e-08
42300 1.82476e-08
42400 1.72778e-08
42500 1.64444e-08
42600 1.56942e-08
42700 1.50086e-08
42800 1.43221e-08
42900 1.34991e-08
43000 1.2856e-08
43100 1.21925e-08
43200 1.16722e-08
43300 1.10795e-08
43400 1.04833e-08
43500 9.99814e-09
43600 9.45797e-09
43700 8.95348e-09
43800 8.5883e-09
43900 8.16707e-09
44000 7.72881e-09
44100 7.31921e-09
44200 6.8995e-09
44300 6.52565e-09
44400 6.2407e-09
44500 5.94496e-09
44600 5.6808e-09
44700 5.42271e-09
44800 5.20639e-09
44900 4.97563e-09
45000 4.7003e-09
45100 4.47818e-09
45200 4.24694e-09
45300 4.02686e-09
45400 3.83241e-09
45500 3.7038e-09
45600 3.55313e-09
45700 3.33837e-09
45800 3.19599e-09
45900 3.04684e-09
46000 2.93314e-09
46100 2.78246e-09
46200 2.66477e-09
46300 2.51107e-09
46400 2.38755e-09
46500 2.29866e-09
46600 2.19219e-09
46700 2.08252e-09
46800 1.97767e-09
46900 1.89428e-09
47000 1.79934e-09
47100 1.72605e-09
47200 1.6475e-09
47300 1.57151e-09
47400 1.49962e-09
47500 1.42561e-09
47600 1.36052e-09
47700 1.29481e-09
47800 1.23141e-09
47900 1.17071e-09
48000 1.10721e-09
48100 1.0428e-09
48200 9.88991e-10
48300 9.49365e-10
48400 9.04259e-10
48500 8.55476e-10
48600 8.14157e-10
48700 7.77998e-10
48800 7.44906e-10
48900 7.0171e-10
49000 6.71659e-10
49100 6.45164e-10
49200 6.11353e-10
49300 5.7761e-10
49400 5.5047e-10
49500 5.27373e-10
49600 4.9993e-10
49700 4.76954e-10
49800 4.50284e-10
49900 4.30063e-10
50000 4.08634e-10
50100 3.86375e-10
50200 3.66383e-10
50300 3.50519e-10
50400 3.30929e-10
50500 3.15856e-10
50600 3.03081e-10
50700 2.88506e-10
50800 2.77492e-10
50900 2.65047e-10
51000 2.50962e-10
51100 2.39455e-10
51200 2.27927e-10
51300 2.162e-10
51400 2.05326e-10
51500 1.96194e-10
51600 1.8769e-10
51700 1.79546e-10
51800 1.71224e-10
51900 1.62556e-10
52000 1.54707e-10
52100 1.47247e-10
52200 1.40526e-10
52300 1.34007e-10
52400 1.28088e-10
52500 1.22405e-10
52600 1.16994e-10
52700 1.11434e-10
52800 1.05573e-10
52900 1.01383e-10
53000 9.69785e-11
53100 9.27351e-11
53200 8.8846e-11
53300 8.5034e-11
53400 8.08992e-11
53500 7.73597e-11
53600 7.36442e-11
53700 6.94821e-11
53800 6.61724e-11
53900 6.21169e-11
54000 5.95263e-11
54100 5.67516e-11
54200 5.43358e-11
54300 5.15542e-11
54400 4.90092e-11
54500 4.62509e-11
54600 4.39982e-11
54700 4.21935e-11
54800 4.04906e-11
54900 3.8725e-11
55000 3.69334e-11
