1000 19436.7
2000 11243.6
3000 7642.88
4000 5377.33
5000 4034.75
6000 3097.54
7000 2404.97
8000 1885.48
9000 1514.81
10000 1240.66
11000 981.156
12000 797.466
13000 647.32
14000 524.384
15000 424.29
16000 346.454
17000 288.405
18000 239.104
19000 196.23
20000 161.909
21000 134.697
22000 112.13
23000 92.8883
24000 77.4786
25000 66.3916
26000 54.0069
27000 45.4872
28000 38.1426
29000 32.4338
30000 26.8461
31000 22.4868
32000 19.1608
33000 16.1403
34000 13.6854
35000 11.511
36000 9.76547
37000 8.24412
38000 7.04807
39000 5.94635
40000 5.08504
41000 4.32632
42000 3.65247
43000 3.12851
44000 2.67711
45000 2.29318
46000 1.92107
47000 1.66776
48000 1.41284
49000 1.2179
50000 1.01962
51000 0.870129
52000 0.745164
53000 0.646648
54000 0.549319
55000 0.472656
56000 0.403138
57000 0.34938
58000 0.301272
59000 0.256311
60000 0.220413
61000 0.188835
62000 0.161062
63000 0.137444
64000 0.118236
65000 0.10236
66000 0.0881216
67000 0.0751711
68000 0.0636524
69000 0.0544135
70000 0.0470633
71000 0.03981
72000 0.0347613
73000 0.0295768
74000 0.0255456
75000 0.0218451
76000 0.0187654
77000 0.0160524
78000 0.0138908
79000 0.0117895
80000 0.0103927
81000 0.00879635
82000 0.00775594
83000 0.00664957
84000 0.00563683
85000 0.00485766
86000 0.00416676
87000 0.00364174
88000 0.00307158
89000 0.00267704
90000 0.00228923
91000 0.00199156
92000 0.00168105
93000 0.00144467
94000 0.00123422
95000 0.00106738
96000 0.000916135
97000 0.000783039
98000 0.000670474
99000 0.000578739
100000 0.000500179
