1000 32.2287
2000 21.5087
3000 15.6242
4000 11.7504
5000 9.11293
6000 7.12128
7000 5.66173
8000 4.53799
9000 3.65209
10000 2.96692
11000 2.41162
12000 1.97851
13000 1.62254
14000 1.33433
15000 1.10322
16000 0.913878
17000 0.757926
18000 0.630096
19000 0.525325
20000 0.437732
21000 0.36589
22000 0.306725
23000 0.257291
24000 0.216154
25000 0.181736
26000 0.153095
27000 0.129327
28000 0.109139
29000 0.0922963
30000 0.0779518
31000 0.0658371
32000 0.0557326
33000 0.0473217
34000 0.0401377
35000 0.0341006
36000 0.028956
37000 0.0246397
38000 0.0209224
39000 0.0178453
40000 0.015179
41000 0.012932
42000 0.0110321
43000 0.00941813
44000 0.00804114
45000 0.00687047
46000 0.00586708
47000 0.00501437
48000 0.00428242
49000 0.00366446
50000 0.00312648
51000 0.00266656
52000 0.00228484
53000 0.00195815
54000 0.00167497
55000 0.00143494
56000 0.00123161
57000 0.0010533
58000 0.000901615
59000 0.000772825
60000 0.000663655
61000 0.000569889
62000 0.000489234
63000 0.000419987
64000 0.000360876
65000 0.00030862
66000 0.000264872
67000 0.000226988
68000 0.000194814
69000 0.000167413
70000 0.000143813
71000 0.00012345
72000 0.000106367
73000 9.13349e-05
74000 7.84368e-05
75000 6.74485e-05
76000 5.79765e-05
77000 4.9709e-05
78000 4.27344e-05
79000 3.66369e-05
80000 3.14913e-05
81000 2.70679e-05
82000 2.33251e-05
83000 2.00536e-05
84000 1.72618e-05
85000 1.48403e-05
86000 1.27467e-05
87000 1.0983e-05
88000 9.47303e-06
89000 8.15477e-06
90000 7.00359e-06
91000 6.00635e-06
92000 5.16044e-06
93000 4.4331e-06
94000 3.81888e-06
95000 3.29006e-06
96000 2.83266e-06
97000 2.43496e-06
98000 2.09185e-06
99000 1.80077e-06
100000 1.55169e-06
