100 44.662
200 29.3069
300 20.0237
400 13.9193
500 9.45563
600 6.66302
700 4.65486
800 3.34598
900 2.34684
1000 1.49855
1100 1.01382
1200 0.684279
1300 0.462365
1400 0.3305
1500 0.228891
1600 0.171339
1700 0.13399
1800 0.106566
1900 0.0922505
2000 0.0860224
2100 0.0806037
2200 0.0749987
2300 0.0761448
2400 0.079655
2500 0.0799666
2600 0.0852984
2700 0.0761575
2800 0.0786655
2900 0.0759416
3000 0.0773414
3100 0.077151
3200 0.0752745
3300 0.0762816
3400 0.0761669
3500 0.0769417
3600 0.0753991
3700 0.0842906
3800 0.084374
3900 0.0775758
4000 0.080026
4100 0.0847092
4200 0.0782695
4300 0.0794228
4400 0.0773262
4500 0.0799898
4600 0.0749511
4700 0.0744968
4800 0.0743811
4900 0.0734514
5000 0.0758189
5100 0.0782447
5200 0.0795343
5300 0.0848249
5400 0.0840386
5500 0.0815174
5600 0.0789422
5700 0.0793091
5800 0.080831
5900 0.0777899
6000 0.0777153
6100 0.0797223
6200 0.0799888
6300 0.0748756
6400 0.0760726
6500 0.0724312
6600 0.0762995
6700 0.0764008
6800 0.0745432
6900 0.0708195
7000 0.0764632
7100 0.0991734
7200 0.0889207
7300 0.0874669
7400 0.0802693
7500 0.0856398
7600 0.0818024
7700 0.0777333
7800 0.0827448
7900 0.0790446
8000 0.0786626
8100 0.0777272
8200 0.0743151
8300 0.0755901
8400 0.0740584
8500 0.0924238
8600 0.0864561
8700 0.0794037
8800 0.0784251
8900 0.081222
9000 0.0777838
9100 0.0784722
9200 0.0789868
9300 0.0778467
9400 0.078071
9500 0.0797643
9600 0.076554
9700 0.0750529
9800 0.0774466
9900 0.0834115
10000 0.0775302
10100 0.0750297
10200 0.075401
10300 0.0774431
10400 0.0806992
10500 0.0809157
10600 0.0762659
10700 0.0780273
10800 0.0835926
10900 0.0763613
11000 0.0865861
11100 0.0841035
11200 0.0786074
11300 0.0862406
11400 0.0856165
11500 0.082557
11600 0.0818419
11700 0.0792151
11800 0.0772607
11900 0.0766757
12000 0.078187
12100 0.0861558
12200 0.0832631
12300 0.0791198
12400 0.0794381
12500 0.0788568
12600 0.0811084
12700 0.0795032
12800 0.082775
12900 0.0787719
13000 0.0774476
13100 0.0771108
13200 0.0779831
13300 0.0744466
13400 0.0763181
13500 0.0749836
13600 0.0773768
13700 0.0785828
13800 0.0805511
13900 0.0774038
14000 0.0815667
14100 0.0774077
14200 0.0820997
14300 0.0798772
14400 0.0809215
14500 0.0847664
14600 0.0810258
14700 0.0880913
14800 0.0990331
14900 0.0916783
15000 0.0896102
15100 0.0845017
15200 0.0775628
15300 0.0765699
15400 0.0784796
15500 0.0763104
15600 0.0771437
15700 0.0772815
15800 0.0743223
15900 0.0771213
16000 0.0770717
16100 0.0774715
16200 0.0743861
16300 0.0737433
16400 0.0732024
16500 0.0749545
16600 0.0781328
16700 0.0777161
16800 0.0767256
16900 0.0773045
17000 0.0786949
17100 0.079045
17200 0.0779028
17300 0.0789671
17400 0.0772718
17500 0.0771732
17600 0.0757488
17700 0.0773435
17800 0.0733007
17900 0.0796411
18000 0.0812076
18100 0.0771545
18200 0.0760404
18300 0.0829945
18400 0.0837999
18500 0.0825241
18600 0.0796306
18700 0.0795884
18800 0.0811062
18900 0.0787688
19000 0.0861006
19100 0.0819523
19200 0.0763104
19300 0.076929
19400 0.0736316
19500 0.0766258
19600 0.0780241
19700 0.0834958
19800 0.0799025
19900 0.0833807
20000 0.0827383
20100 0.0783492
20200 0.0796455
20300 0.0767149
20400 0.0758635
20500 0.0815965
20600 0.0770381
20700 0.0763613
20800 0.0773057
20900 0.0781009
21000 0.0772852
21100 0.0830654
21200 0.082808
21300 0.083674
21400 0.080844
21500 0.0758268
21600 0.076677
21700 0.0792265
21800 0.07995
21900 0.0778213
22000 0.0832272
22100 0.0802306
22200 0.0825985
22300 0.0803395
22400 0.0807482
22500 0.0790189
22600 0.0762366
22700 0.0757987
22800 0.0780881
22900 0.0774038
23000 0.0752879
23100 0.0778665
23200 0.0822801
23300 0.0831899
23400 0.0795064
23500 0.0840466
23600 0.0873421
23700 0.0781351
23800 0.0804629
23900 0.07774
24000 0.0761863
24100 0.0762197
24200 0.074704
24300 0.0744324
24400 0.0756225
24500 0.0821202
24600 0.0784059
24700 0.0780666
24800 0.0755031
24900 0.0758051
25000 0.0778837
25100 0.0778598
25200 0.0809999
25300 0.0830641
25400 0.0826854
25500 0.0810529
25600 0.0815456
25700 0.0799277
25800 0.0809038
25900 0.0872691
26000 0.0785449
26100 0.0845556
26200 0.083079
26300 0.07816
26400 0.0749041
26500 0.0812103
26600 0.0799998
26700 0.0765062
26800 0.0774652
26900 0.0808083
27000 0.0765981
27100 0.0819666
27200 0.0847971
27300 0.0809287
27400 0.0801473
27500 0.0824781
27600 0.0797452
27700 0.0780236
27800 0.075775
27900 0.0844803
28000 0.0960295
28100 0.0870967
28200 0.0815431
28300 0.0806625
28400 0.0813356
28500 0.0790278
28600 0.079049
28700 0.076289
28800 0.0741378
28900 0.0797411
29000 0.0762101
29100 0.0804895
29200 0.0779129
29300 0.0795588
29400 0.0768919
29500 0.075158
29600 0.0780541
29700 0.0741593
29800 0.0767913
29900 0.0788424
30000 0.0765178
