4000 1000 3906 22.5863
4000 1000 3910 22.5863
4000 1000 3921 22.5863
20000 1000 1357 22.1876
20000 1000 1366 22.1876
20000 1000 1356 22.1876
20000 4000 12705 22.4449
20000 4000 12658 22.4449
20000 4000 12713 22.4449
40000 1000 1174 22.264
40000 1000 1176 22.264
40000 1000 1176 22.264
40000 4000 7471 22.5517
40000 4000 7521 22.5517
40000 4000 7471 22.5517
40000 10000 42995 22.6029
40000 10000 43123 22.6029
40000 10000 43038 22.6029
80000 1000 1110 22.2171
80000 1000 1106 22.2171
80000 1000 1114 22.2171
80000 4000 5654 22.5215
80000 4000 5636 22.5215
80000 4000 5645 22.5215
80000 10000 22158 22.578
80000 10000 22218 22.578
80000 10000 22159 22.578