80000 1000 13.0246 21 9.02673e-06 15.2591
80000 1000 0.997048 21 9.02673e-06 3.28597
80000 1000 0.70413 21 9.02673e-06 2.73711
80000 1000 13.2883 22 8.01189e-06 15.4582
80000 1000 0.584139 22 8.01189e-06 2.5276
80000 1000 1.04732 22 8.01189e-06 3.02519
80000 1000 14.1678 24 9.83947e-06 16.269
80000 1000 0.592707 24 9.83947e-06 2.54566
80000 1000 0.609778 24 9.83947e-06 2.57055
80000 1000 17.0174 29 6.05086e-06 19.0443
80000 1000 0.916441 29 6.05086e-06 215.044
80000 1000 3.16019 29 6.05086e-06 9.81585
80000 1000 17.0106 29 5.94284e-06 19.0611
80000 1000 0.821556 29 5.94284e-06 7.10931
80000 1000 2.91092 29 5.94284e-06 9.5308
80000 10000 2890.35 989 1.00058e-05 2908.44
80000 10000 1237 989 1.00058e-05 1264.6
80000 10000 203.969 989 1.00058e-05 220.633
80000 10000 2915.47 1005 9.97221e-06 2933.54
80000 10000 157.36 1005 9.97221e-06 181.993
80000 10000 560.718 1005 9.97221e-06 590.151
80000 10000 3053.65 1053 9.94503e-06 3110.04
80000 10000 5212.16 1053 9.94503e-06 6247.17
80000 10000 1457.33 1053 9.94503e-06 1481.76
80000 10000 3298.14 1136 9.97637e-06 3316.99
80000 10000 292.242 1136 9.97637e-06 402.066
80000 10000 183.15 1136 9.97637e-06 292.642
80000 10000 3277.65 1136 9.96428e-06 3295.93
80000 10000 282.198 1136 9.96428e-06 298.503
80000 10000 176.255 1136 9.96428e-06 192.931
80000 10000 3673.76 501 9.83079e-06 3695.28
80000 10000 246.184 501 9.83079e-06 263.389
80000 10000 230.041 501 9.83079e-06 246.709
80000 10000 3736.67 517 9.78748e-06 3758.07
80000 10000 16217.2 517 9.78748e-06 16241.5
80000 10000 254.573 517 9.78748e-06 271.6
80000 10000 3981.64 566 9.7673e-06 4002.86
80000 10000 6067.32 566 9.7673e-06 6092.47
80000 10000 140.617 566 9.7673e-06 165.218
80000 10000 3722.22 651 9.99921e-06 3741.34
80000 10000 204.249 651 9.99921e-06 2325.96
80000 10000 890.516 651 9.99921e-06 922.654
80000 10000 3715.93 651 9.94707e-06 3733.91
80000 10000 188.066 651 9.94707e-06 213.62
80000 10000 844.454 651 9.94707e-06 875.437