100 207.814
200 207.142
300 206.131
400 205.221
500 204.411
600 203.534
700 202.735
800 201.73
900 200.855
1000 200.001
1100 199.102
1200 198.245
1300 197.175
1400 196.541
1500 195.436
1600 194.655
1700 194
1800 192.732
1900 191.836
2000 191.027
2100 190.03
2200 189.458
2300 188.633
2400 187.646
2500 186.848
2600 186.013
2700 185.19
2800 184.06
2900 183.522
3000 182.784
3100 181.8
3200 180.976
3300 180.104
3400 179.262
3500 178.582
3600 177.639
3700 176.895
3800 176.078
3900 175.251
4000 174.476
4100 173.46
4200 172.632
4300 171.897
4400 171.198
4500 170.531
4600 169.977
4700 169.252
4800 168.41
4900 167.713
5000 166.898
5100 166.167
5200 165.501
5300 164.784
5400 164.008
5500 163.292
5600 162.454
5700 161.65
5800 160.933
5900 160.087
6000 159.349
6100 158.765
6200 158.095
6300 157.32
6400 156.445
6500 155.667
6600 154.798
6700 154.168
6800 153.533
6900 152.96
7000 152.345
7100 151.581
7200 150.84
7300 150.086
7400 149.336
7500 148.766
7600 148.154
7700 147.404
7800 146.748
7900 146.18
8000 145.567
8100 145.049
8200 144.471
8300 143.692
8400 142.938
8500 142.389
8600 141.709
8700 141.048
8800 140.529
8900 139.988
9000 139.323
9100 138.602
9200 138.109
9300 137.67
9400 137.14
9500 136.505
9600 135.914
9700 135.31
9800 134.649
9900 133.913
10000 133.363
10100 132.778
10200 132.134
10300 131.424
10400 130.795
10500 130.269
10600 129.698
10700 129.039
10800 128.343
10900 127.803
11000 127.334
11100 126.851
11200 126.394
11300 125.792
11400 125.301
11500 124.832
11600 124.328
11700 123.744
11800 123.255
11900 122.789
12000 122.235
12100 121.75
12200 121.257
12300 120.762
12400 120.134
12500 119.562
12600 118.865
12700 118.3
12800 117.747
12900 117.111
13000 116.676
13100 116.157
13200 115.591
13300 115.096
13400 114.539
13500 113.764
13600 113.355
13700 112.919
13800 112.271
13900 111.708
14000 111.312
14100 110.897
14200 110.309
14300 109.883
14400 109.421
14500 108.948
14600 108.35
14700 107.776
14800 107.248
14900 106.869
15000 106.339
15100 105.81
15200 105.295
15300 104.785
15400 104.196
15500 103.761
15600 103.23
15700 102.588
15800 102.06
15900 101.449
16000 100.98
16100 100.454
16200 100.072
16300 99.6938
16400 99.204
16500 98.8271
16600 98.3354
16700 97.9788
16800 97.5879
16900 97.074
17000 96.5929
17100 96.1008
17200 95.5688
17300 95.1437
17400 94.7516
17500 94.4562
17600 94.1025
17700 93.6756
17800 93.2557
17900 92.9024
18000 92.5064
18100 92.1337
18200 91.842
18300 91.3556
18400 91.0158
18500 90.5628
18600 90.1945
18700 89.8546
18800 89.55
18900 89.227
19000 88.8988
19100 88.5309
19200 88.1332
19300 87.712
19400 87.2969
19500 86.9687
19600 86.4986
19700 86.1297
19800 85.8222
19900 85.4367
20000 85.1368
20100 84.7404
20200 84.3128
20300 84.0237
20400 83.6762
20500 83.2909
20600 82.9136
20700 82.588
20800 82.2092
20900 81.8637
21000 81.3831
21100 81.0416
21200 80.6973
21300 80.3502
21400 79.9821
21500 79.6272
21600 79.2824
21700 78.9533
21800 78.6366
21900 78.3048
22000 78.0612
22100 77.6755
22200 77.3382
22300 77.0014
22400 76.7036
22500 76.366
22600 75.9795
22700 75.6569
22800 75.2391
22900 74.9207
23000 74.5969
23100 74.3196
23200 73.9088
23300 73.564
23400 73.2329
23500 72.9143
23600 72.609
23700 72.2417
23800 71.8463
23900 71.5245
24000 71.2208
24100 70.8791
24200 70.4489
24300 70.0425
24400 69.7975
24500 69.5258
24600 69.2311
24700 68.9709
24800 68.5677
24900 68.2755
25000 67.968
25100 67.673
25200 67.3932
25300 67.114
25400 66.8152
25500 66.5011
25600 66.2199
25700 65.8902
25800 65.5557
25900 65.2443
26000 64.9748
26100 64.7075
26200 64.3902
26300 64.153
26400 63.9497
26500 63.6571
26600 63.3357
26700 63.0912
26800 62.8301
26900 62.5361
27000 62.2373
27100 61.9157
27200 61.6642
27300 61.3186
27400 61.0764
27500 60.7904
27600 60.528
27700 60.2608
27800 59.8654
27900 59.6017
28000 59.2233
28100 58.9121
28200 58.6571
28300 58.4002
28400 58.1254
28500 57.8279
28600 57.4329
28700 57.1136
28800 56.8732
28900 56.5064
29000 56.2477
29100 55.9618
29200 55.7065
29300 55.4497
29400 55.1412
29500 54.9184
29600 54.7012
29700 54.4695
29800 54.2484
29900 53.9968
30000 53.7486
