100 47.8406
200 35.433
300 26.7764
400 20.6401
500 15.5454
600 11.8849
700 9.27403
800 7.13722
900 5.41747
1000 4.03356
1100 3.04836
1200 2.31017
1300 1.7491
1400 1.30649
1500 1.00946
1600 0.759546
1700 0.582887
1800 0.44166
1900 0.334912
2000 0.258168
2100 0.200507
2200 0.152131
2300 0.121612
2400 0.0974167
2500 0.0808933
2600 0.07013
2700 0.0588361
2800 0.0524915
2900 0.0483565
3000 0.0466435
3100 0.0458068
3200 0.0439734
3300 0.0436347
3400 0.0434517
3500 0.042366
3600 0.0430291
3700 0.0476941
3800 0.0481773
3900 0.0450201
4000 0.0452267
4100 0.0464116
4200 0.0438788
4300 0.0441988
4400 0.0431684
4500 0.0456145
4600 0.0435192
4700 0.0437531
4800 0.0431845
4900 0.0429273
5000 0.0433758
5100 0.0440063
5200 0.0444154
5300 0.0469325
5400 0.0475823
5500 0.0466387
5600 0.0443167
5700 0.0439058
5800 0.0450357
5900 0.043338
6000 0.0440055
6100 0.0457995
6200 0.0453431
6300 0.0432694
6400 0.0425726
6500 0.0425165
6600 0.0440123
6700 0.0445541
6800 0.0425711
6900 0.0408894
7000 0.0429633
7100 0.0529957
7200 0.0494824
7300 0.0497659
7400 0.0457165
7500 0.0487071
7600 0.0461284
7700 0.0453733
7800 0.0468176
7900 0.044104
8000 0.0450898
8100 0.0440113
8200 0.0424452
8300 0.0426342
8400 0.0411111
8500 0.0501801
8600 0.0477254
8700 0.0448721
8800 0.0439922
8900 0.0462615
9000 0.0451269
9100 0.0449242
9200 0.0444162
9300 0.0434354
9400 0.0440894
9500 0.0449919
9600 0.0445184
9700 0.043943
9800 0.0448915
9900 0.0478921
10000 0.045648
10100 0.0437495
10200 0.0428789
10300 0.0437157
10400 0.044934
10500 0.0450542
10600 0.0429528
10700 0.0432199
10800 0.0469627
10900 0.0440136
11000 0.0493184
11100 0.0492966
11200 0.0472024
11300 0.0490584
11400 0.0493235
11500 0.0482486
11600 0.0476708
11700 0.0453737
11800 0.0433732
11900 0.0418309
12000 0.0437687
12100 0.0475408
12200 0.0466854
12300 0.0466575
12400 0.0463854
12500 0.0447233
12600 0.0461955
12700 0.0454015
12800 0.0465795
12900 0.0447315
13000 0.0450466
13100 0.0443626
13200 0.0445357
13300 0.0431855
13400 0.0437869
13500 0.042299
13600 0.0438058
13700 0.0431774
13800 0.0434174
13900 0.0427646
14000 0.0448669
14100 0.0432214
14200 0.0461829
14300 0.0460969
14400 0.0458972
14500 0.047635
14600 0.0458161
14700 0.0496072
14800 0.0555373
14900 0.0525699
15000 0.0501732
15100 0.0487733
15200 0.0453823
15300 0.0440566
15400 0.0442765
15500 0.0440601
15600 0.0441355
15700 0.0434907
15800 0.042623
15900 0.0429055
16000 0.0436842
16100 0.0438293
16200 0.0432532
16300 0.0423243
16400 0.0413965
16500 0.0428777
16600 0.0444425
16700 0.0440107
16800 0.0434923
16900 0.0439382
17000 0.0444891
17100 0.0446031
17200 0.0450753
17300 0.0451003
17400 0.0445691
17500 0.0446828
17600 0.0438286
17700 0.0447952
17800 0.0430216
17900 0.0457775
18000 0.0462072
18100 0.0440793
18200 0.0436855
18300 0.0459625
18400 0.0459021
18500 0.0454656
18600 0.0460707
18700 0.0451017
18800 0.0457705
18900 0.0451445
19000 0.048857
19100 0.0468196
19200 0.0429349
19300 0.0433009
19400 0.0416818
19500 0.0435558
19600 0.0435326
19700 0.0460793
19800 0.0452961
19900 0.04804
20000 0.046953
20100 0.0446748
20200 0.0451952
20300 0.0442012
20400 0.0446976
20500 0.0465496
20600 0.0425506
20700 0.0429661
20800 0.0439921
20900 0.0440911
21000 0.0434367
21100 0.0467536
21200 0.0471582
21300 0.0472113
21400 0.0453028
21500 0.0432795
21600 0.0430311
21700 0.044509
21800 0.044361
21900 0.0433242
22000 0.0452517
22100 0.0443444
22200 0.046034
22300 0.0452186
22400 0.0456232
22500 0.0459866
22600 0.0447796
22700 0.0431199
22800 0.0442218
22900 0.0441864
23000 0.0430125
23100 0.0442386
23200 0.0461682
23300 0.0458168
23400 0.0450796
23500 0.0482402
23600 0.0495358
23700 0.0458471
23800 0.0458795
23900 0.044136
24000 0.0433339
24100 0.0429124
24200 0.0429558
24300 0.0436624
24400 0.0446803
24500 0.0463735
24600 0.0454143
24700 0.0445482
24800 0.0428617
24900 0.0435282
25000 0.0441396
25100 0.0435696
25200 0.0454727
25300 0.0469538
25400 0.0462217
25500 0.0460163
25600 0.0458108
25700 0.0451119
25800 0.0450199
25900 0.0477257
26000 0.0443687
26100 0.047262
26200 0.0468001
26300 0.0453878
26400 0.0440929
26500 0.0455656
26600 0.0451103
26700 0.0433832
26800 0.0431449
26900 0.0459551
27000 0.0432488
27100 0.0444953
27200 0.0463127
27300 0.045812
27400 0.0442833
27500 0.0461325
27600 0.0452583
27700 0.044624
27800 0.0431543
27900 0.0478409
28000 0.0520049
28100 0.0494094
28200 0.0473876
28300 0.0466171
28400 0.0463453
28500 0.0455971
28600 0.0458699
28700 0.0452065
28800 0.043896
28900 0.0436622
29000 0.0424825
29100 0.0452308
29200 0.0459969
29300 0.0457549
29400 0.0450312
29500 0.0424
29600 0.043334
29700 0.0422564
29800 0.0428573
29900 0.0436893
30000 0.0434375
