1 480.131
2 476.289
3 471.755
4 467.673
5 462.379
6 456.434
7 452.292
8 447.945
9 443.199
10 438.044
11 434.52
12 430.186
13 427.043
14 422.504
15 419.405
16 414.781
17 411.186
18 407.493
19 403.333
20 399.726
21 395.383
22 391.051
23 387.161
24 383.392
25 380.398
26 376.335
27 373.067
28 369.19
29 365.802
30 362.127
31 357.941
32 353.841
33 350.53
34 347.537
35 343.9
36 339.642
37 336.535
38 333.805
39 329.589
40 326.317
41 323.358
42 320.248
43 317.652
44 314.988
45 312.222
46 308.891
47 306.075
48 303.593
49 301.095
50 298.741
51 295.454
52 293.393
53 290.334
54 287.478
55 284.455
56 281.538
57 279.394
58 276.265
59 273.211
60 270.123
61 267.772
62 265.334
63 263.406
64 260.726
65 258.518
66 255.829
67 253.722
68 251.461
69 249.531
70 247.643
71 245.734
72 243.832
73 242.061
74 240.13
75 238.333
76 236.151
77 233.766
78 231.447
79 229.51
80 227.521
81 225.904
82 223.722
83 222.204
84 220.21
85 217.591
86 216.003
87 213.922
88 211.995
89 209.96
90 208.168
91 206.643
92 204.994
93 203.58
94 201.8
95 199.713
96 198.243
97 196.278
98 194.724
99 193.316
100 191.746
101 190.295
102 188.694
103 186.802
104 185.445
105 183.564
106 181.883
107 180.257
108 178.795
109 177.473
110 175.852
111 174.64
112 173.415
113 171.715
114 170.177
115 168.508
116 167.051
117 165.358
118 164.013
119 162.59
120 161.233
121 160.158
122 158.767
123 157.593
124 156.211
125 155.246
126 153.997
127 152.436
128 150.825
129 149.516
130 148.113
131 146.94
132 145.639
133 144.168
134 142.934
135 141.87
136 140.887
137 139.696
138 138.693
139 137.375
140 136.445
141 135.606
142 134.386
143 133.248
144 131.96
145 130.908
146 130.009
147 128.971
148 127.874
149 126.908
150 125.771
151 124.924
152 124.004
153 122.862
154 121.949
155 121.135
156 120.22
157 119.196
158 118.102
159 117.277
160 116.457
161 115.677
162 114.85
163 114.09
164 113.218
165 112.41
166 111.38
167 110.587
168 109.719
169 108.827
170 108.008
171 107.149
172 106.28
173 105.673
174 104.88
175 104.253
176 103.528
177 102.627
178 101.942
179 101.454
180 100.818
181 100.025
182 99.3906
183 98.5843
184 97.9927
185 97.3234
186 96.5687
187 96.1041
188 95.4675
189 94.7347
190 94.0275
191 93.4306
192 92.9774
193 92.0779
194 91.4742
195 90.8287
196 90.3495
197 89.741
198 89.0341
199 88.6015
200 87.909
201 87.2691
202 86.7337
203 86.1179
204 85.5057
205 85.0665
206 84.5758
207 84.1032
208 83.5707
209 82.97
210 82.5319
211 82.0886
212 81.5887
213 81.1812
214 80.6429
215 80.331
216 79.9701
217 79.5139
218 78.986
219 78.5065
220 78.0936
221 77.5046
222 77.118
223 76.645
224 76.1715
225 75.7735
226 75.2735
227 74.9013
228 74.6673
229 74.1732
230 73.7364
231 73.3109
232 72.9539
233 72.6683
234 72.2108
235 71.8722
236 71.4508
237 71.0998
238 70.6733
239 70.2119
240 69.9986
241 69.6947
242 69.3825
243 69.0351
244 68.7132
245 68.4199
246 67.9545
247 67.6631
248 67.2908
249 66.9672
250 66.6122
251 66.3282
252 65.974
253 65.6437
254 65.3313
255 65.0988
256 64.8563
257 64.5549
258 64.2014
259 63.9501
260 63.6692
261 63.3364
262 63.0072
263 62.8072
264 62.5739
265 62.3312
266 62.1557
267 61.833
268 61.5544
269 61.34
270 61.0619
271 60.8201
272 60.6251
273 60.4207
274 60.2173
275 59.9803
276 59.7745
277 59.5077
278 59.2626
279 59.0403
280 58.8521
281 58.6148
282 58.3661
283 58.1604
284 57.9632
285 57.7534
286 57.5174
287 57.2882
288 57.0972
289 56.9235
290 56.7504
291 56.5516
292 56.3933
293 56.1729
294 56.0371
295 55.866
296 55.6966
297 55.5153
298 55.3437
299 55.1585
300 55.0007
301 54.8354
302 54.686
303 54.5081
304 54.3393
305 54.1779
306 54.0411
307 53.8799
308 53.7332
309 53.5956
310 53.4417
311 53.3488
312 53.1997
313 53.0652
314 52.9482
315 52.8212
316 52.715
317 52.5299
318 52.3742
319 52.2337
320 52.0994
321 51.9579
322 51.8529
323 51.725
324 51.6261
325 51.4878
326 51.3673
327 51.21
328 51.0963
329 50.9191
330 50.7388
331 50.6575
332 50.4979
333 50.3891
334 50.2776
335 50.1564
336 50.0221
337 49.8485
338 49.747
339 49.5815
340 49.4755
341 49.3698
342 49.2771
343 49.1778
344 49.1188
345 49.0118
346 48.9345
347 48.8445
348 48.7619
349 48.6814
350 48.6066
351 48.5238
352 48.4765
353 48.4232
354 48.3475
355 48.2525
356 48.2115
357 48.1572
358 48.1046
359 48.0313
360 47.9501
361 47.8907
362 47.8047
363 47.7104
364 47.6442
365 47.5804
366 47.5244
367 47.4792
368 47.4165
369 47.3274
370 47.2739
371 47.2238
372 47.1438
373 47.0802
374 47.0269
375 46.9746
376 46.9425
377 46.8657
378 46.8199
379 46.7542
380 46.6805
381 46.6394
382 46.5913
383 46.5624
384 46.5132
385 46.4616
386 46.4299
387 46.378
388 46.3292
389 46.275
390 46.2304
391 46.1838
392 46.1478
393 46.1092
394 46.0523
395 46.0087
396 45.9683
397 45.9279
398 45.8971
399 45.8573
400 45.798
401 45.7676
402 45.7167
403 45.6684
404 45.6211
405 45.5573
406 45.521
407 45.5105
408 45.4833
409 45.4353
410 45.3965
411 45.3569
412 45.3187
413 45.2999
414 45.2704
415 45.2431
416 45.2178
417 45.1759
418 45.1557
419 45.1239
420 45.0938
421 45.0558
422 45.012
423 44.9829
424 44.9548
425 44.9207
426 44.8966
427 44.8799
428 44.8415
429 44.8115
430 44.7879
431 44.7612
432 44.7575
433 44.7341
434 44.7209
435 44.7024
436 44.6774
437 44.6488
438 44.6243
439 44.6048
440 44.5734
441 44.5494
442 44.5181
443 44.4838
444 44.4729
445 44.4345
446 44.4178
447 44.3987
448 44.3705
449 44.3451
450 44.3169
451 44.297
452 44.2911
453 44.2804
454 44.2624
455 44.2403
456 44.2219
457 44.1948
458 44.1618
459 44.1366
460 44.12
461 44.1086
462 44.0885
463 44.0915
464 44.0735
465 44.0605
466 44.033
467 44.0142
468 44.0172
469 44.009
470 43.9982
471 43.9822
472 43.9709
473 43.9678
474 43.9557
475 43.9451
476 43.9238
477 43.9087
478 43.8997
479 43.891
480 43.8726
481 43.8614
482 43.8503
483 43.8445
484 43.8327
485 43.8227
486 43.8196
487 43.8184
488 43.7941
489 43.7747
490 43.7698
491 43.7591
492 43.7587
493 43.749
494 43.7444
495 43.727
496 43.7045
497 43.6874
498 43.6692
499 43.6587
500 43.6506
501 43.6547
502 43.652
503 43.637
504 43.6273
505 43.6247
506 43.6068
507 43.5868
508 43.5773
509 43.5783
510 43.5686
511 43.5579
512 43.5471
513 43.5394
514 43.5295
515 43.5207
516 43.518
517 43.5054
518 43.499
519 43.4845
520 43.463
521 43.4596
522 43.4483
523 43.4411
524 43.4323
525 43.4303
526 43.4244
527 43.4199
528 43.4201
529 43.4198
530 43.4134
531 43.4093
532 43.4027
533 43.3939
534 43.3879
535 43.3793
536 43.3768
537 43.3687
538 43.37
539 43.3759
540 43.3653
541 43.3606
542 43.3526
543 43.3418
544 43.343
545 43.3378
546 43.3289
547 43.3312
548 43.3324
549 43.3245
550 43.3267
551 43.3252
552 43.3258
553 43.3261
554 43.3194
555 43.3209
556 43.3241
557 43.318
558 43.3113
559 43.3089
560 43.3002
561 43.2972
562 43.2958
563 43.294
564 43.2907
565 43.2854
566 43.2757
567 43.2764
568 43.2719
569 43.2688
570 43.2666
571 43.2636
572 43.255
573 43.258
574 43.2561
575 43.2532
576 43.2587
577 43.254
578 43.2557
579 43.2551
580 43.2535
581 43.2562
582 43.2522
583 43.2531
584 43.2492
585 43.2536
586 43.2533
587 43.2443
588 43.2374
589 43.2377
590 43.2352
591 43.2331
592 43.2342
593 43.2356
594 43.2336
595 43.2332
596 43.2203
597 43.227
598 43.2234
599 43.2153
600 43.2095
601 43.2042
602 43.21
603 43.2082
604 43.2082
605 43.2094
606 43.2084
607 43.2016
608 43.2105
609 43.2088
610 43.2078
611 43.2081
612 43.2
613 43.1962
614 43.199
615 43.1993
616 43.2015
617 43.1998
618 43.196
619 43.1895
620 43.1885
621 43.1877
622 43.1859
623 43.1774
624 43.1723
625 43.1719
626 43.1793
627 43.1747
628 43.1666
629 43.1625
630 43.1614
631 43.158
632 43.1528
633 43.1554
634 43.1597
635 43.1591
636 43.1581
637 43.1556
638 43.1604
639 43.1568
640 43.155
641 43.1515
642 43.1461
643 43.1476
644 43.1474
645 43.1429
646 43.1496
647 43.1581
648 43.1615
649 43.1496
650 43.1486
651 43.1515
652 43.1548
653 43.1606
654 43.155
655 43.1503
656 43.1515
657 43.1469
658 43.1539
659 43.1573
660 43.1537
661 43.1491
662 43.1475
663 43.1501
664 43.1467
665 43.1548
666 43.1494
667 43.1494
668 43.1491
669 43.1491
670 43.1406
671 43.1336
672 43.1359
673 43.1386
674 43.1385
675 43.1383
676 43.1383
677 43.1378
678 43.1352
679 43.1318
680 43.1311
681 43.1302
682 43.1319
683 43.1278
684 43.1258
685 43.1268
686 43.1293
687 43.1242
688 43.1227
689 43.1198
690 43.1187
691 43.1241
692 43.1194
693 43.1242
694 43.1182
695 43.1174
696 43.1171
697 43.1189
698 43.1201
699 43.1261
700 43.126
701 43.1325
702 43.1285
703 43.1281
704 43.1276
705 43.1189
706 43.1148
707 43.1183
708 43.1144
709 43.1184
710 43.1144
711 43.1102
712 43.102
713 43.1013
714 43.1035
715 43.1027
716 43.1063
717 43.0978
718 43.0987
719 43.0944
720 43.0946
721 43.0951
722 43.1007
723 43.0979
724 43.1
725 43.0991
726 43.0941
727 43.0937
728 43.0926
729 43.0965
730 43.0914
731 43.0931
732 43.0942
733 43.0906
734 43.0913
735 43.0883
736 43.0871
737 43.0881
738 43.0856
739 43.0879
740 43.0901
741 43.0856
742 43.0861
743 43.0759
744 43.0739
745 43.0735
746 43.0697
747 43.0703
748 43.0685
749 43.073
750 43.0691
751 43.0766
752 43.0751
753 43.0745
754 43.0732
755 43.0712
756 43.0621
757 43.0653
758 43.0593
759 43.0587
760 43.0613
761 43.0583
762 43.0625
763 43.0673
764 43.07
765 43.0682
766 43.0665
767 43.0669
768 43.0608
769 43.055
770 43.0514
771 43.0502
772 43.0517
773 43.0546
774 43.0596
775 43.063
776 43.0632
777 43.0645
778 43.0628
779 43.0639
780 43.0652
781 43.0633
782 43.0642
783 43.0639
784 43.0648
785 43.0597
786 43.0622
787 43.0637
788 43.0656
789 43.0647
790 43.0646
791 43.0673
792 43.0712
793 43.0692
794 43.0658
795 43.0674
796 43.0725
797 43.0747
798 43.0705
799 43.0751
800 43.0745
801 43.0728
802 43.0707
803 43.068
804 43.0708
805 43.0753
806 43.0806
807 43.0768
808 43.0784
809 43.072
810 43.0712
811 43.0756
812 43.0744
813 43.072
814 43.0654
815 43.0632
816 43.0635
817 43.0604
818 43.0576
819 43.0553
820 43.0556
821 43.0566
822 43.0553
823 43.0544
824 43.0524
825 43.045
826 43.0428
827 43.0477
828 43.0478
829 43.0477
830 43.0435
831 43.0354
832 43.0341
833 43.0299
834 43.029
835 43.0255
836 43.026
837 43.0234
838 43.0208
839 43.0248
840 43.0291
841 43.0266
842 43.0265
843 43.0282
844 43.0291
845 43.0308
846 43.024
847 43.0189
848 43.0216
849 43.0266
850 43.0281
851 43.038
852 43.0418
853 43.0432
854 43.0427
855 43.0473
856 43.0454
857 43.0462
858 43.0457
859 43.0431
860 43.0457
861 43.0454
862 43.0454
863 43.0482
864 43.0475
865 43.0472
866 43.0452
867 43.0447
868 43.047
869 43.0476
870 43.0501
871 43.0475
872 43.0437
873 43.0418
874 43.0408
875 43.0435
876 43.0424
877 43.0404
878 43.0391
879 43.0351
880 43.0371
881 43.0366
882 43.0394
883 43.0368
884 43.0353
885 43.035
886 43.0376
887 43.0385
888 43.0395
889 43.0426
890 43.0393
891 43.0405
892 43.0381
893 43.0391
894 43.0401
895 43.0424
896 43.044
897 43.0503
898 43.0456
899 43.0472
900 43.0464
901 43.0444
902 43.0408
903 43.0421
904 43.0351
905 43.0364
906 43.0338
907 43.0319
908 43.0363
909 43.0422
910 43.0383
911 43.0352
912 43.0433
913 43.0423
914 43.0454
915 43.0428
916 43.0413
917 43.0465
918 43.0501
919 43.0518
920 43.0504
921 43.043
922 43.0436
923 43.0486
924 43.0486
925 43.0509
926 43.0496
927 43.0463
928 43.0503
929 43.0534
930 43.0578
931 43.0543
932 43.0576
933 43.0609
934 43.0596
935 43.0609
936 43.0619
937 43.0644
938 43.0672
939 43.0704
940 43.0716
941 43.0696
942 43.0746
943 43.0738
944 43.0779
945 43.0764
946 43.0774
947 43.0785
948 43.0786
949 43.0806
950 43.0818
951 43.0845
952 43.0789
953 43.0828
954 43.0852
955 43.0882
956 43.086
957 43.0883
958 43.0859
959 43.0885
960 43.0804
961 43.0836
962 43.0852
963 43.085
964 43.0834
965 43.0803
966 43.0855
967 43.0876
968 43.0885
969 43.0922
970 43.0916
971 43.0887
972 43.0816
973 43.0772
974 43.0747
975 43.0729
976 43.0676
977 43.0605
978 43.0587
979 43.0606
980 43.0604
981 43.0589
982 43.0571
983 43.0623
984 43.0644
985 43.0639
986 43.0627
987 43.0607
988 43.0592
989 43.0572
990 43.0575
991 43.0565
992 43.0536
993 43.056
994 43.0546
995 43.0577
996 43.0609
997 43.0649
998 43.0639
999 43.0694
1000 43.0647
1001 43.0664
1002 43.0632
1003 43.0604
1004 43.062
1005 43.0554
1006 43.0556
1007 43.0647
1008 43.0607
1009 43.054
1010 43.0488
1011 43.0516
1012 43.0472
1013 43.0412
1014 43.044
1015 43.0421
1016 43.0399
1017 43.0392
1018 43.0395
1019 43.0371
1020 43.038
1021 43.0395
1022 43.0408
1023 43.0461
1024 43.0494
1025 43.0512
1026 43.0502
1027 43.0516
1028 43.0531
1029 43.0518
1030 43.0513
1031 43.0498
1032 43.0481
1033 43.0474
1034 43.0431
1035 43.0395
1036 43.0443
1037 43.0433
1038 43.0448
1039 43.0499
1040 43.0487
1041 43.0459
1042 43.0409
1043 43.0353
1044 43.0389
1045 43.0448
1046 43.046
1047 43.0493
1048 43.05
1049 43.0558
1050 43.0548
1051 43.0542
1052 43.0548
1053 43.0463
1054 43.0471
1055 43.0485
1056 43.0442
1057 43.0458
1058 43.0452
1059 43.0469
1060 43.0443
1061 43.0414
1062 43.0442
1063 43.0441
1064 43.0447
1065 43.0404
1066 43.043
1067 43.0444
1068 43.0441
1069 43.0435
1070 43.0417
1071 43.0364
1072 43.0325
1073 43.0353
1074 43.0292
1075 43.029
1076 43.0279
1077 43.0248
1078 43.0294
1079 43.0277
1080 43.0276
1081 43.024
1082 43.0226
1083 43.0255
1084 43.0249
1085 43.0258
1086 43.0299
1087 43.0327
1088 43.0369
1089 43.0318
1090 43.0338
1091 43.036
1092 43.0379
1093 43.0365
1094 43.0362
1095 43.0376
1096 43.0355
1097 43.0356
1098 43.0341
1099 43.039
1100 43.0419
1101 43.0439
1102 43.0461
1103 43.0454
1104 43.0474
1105 43.046
1106 43.0443
1107 43.0375
1108 43.0376
1109 43.037
1110 43.039
1111 43.0391
1112 43.0353
1113 43.0406
1114 43.0395
1115 43.0315
1116 43.0294
1117 43.0331
1118 43.0347
1119 43.0303
1120 43.0335
1121 43.0317
1122 43.0344
1123 43.0353
1124 43.0351
1125 43.0274
1126 43.0237
1127 43.0209
1128 43.0233
1129 43.027
1130 43.024
1131 43.026
1132 43.0252
1133 43.0252
1134 43.0277
1135 43.0312
1136 43.0296
1137 43.0286
1138 43.0315
1139 43.0299
1140 43.032
1141 43.0313
1142 43.0337
1143 43.0323
1144 43.0366
1145 43.0418
1146 43.0447
1147 43.0464
1148 43.0458
1149 43.0391
1150 43.0405
1151 43.038
1152 43.0359
1153 43.0343
1154 43.0318
1155 43.0325
1156 43.0304
1157 43.0264
1158 43.022
1159 43.0226
1160 43.0215
1161 43.0234
1162 43.0231
1163 43.0206
1164 43.0229
1165 43.0221
1166 43.0214
1167 43.0261
1168 43.0276
1169 43.0295
1170 43.0324
1171 43.03
1172 43.0306
1173 43.0317
1174 43.0386
1175 43.043
1176 43.037
1177 43.0398
1178 43.0319
1179 43.0321
1180 43.0314
1181 43.0337
1182 43.036
1183 43.041
1184 43.0408
1185 43.0407
1186 43.0403
1187 43.0471
1188 43.0462
1189 43.0418
1190 43.0454
1191 43.0442
1192 43.0408
1193 43.0432
1194 43.0418
1195 43.0437
1196 43.0444
1197 43.0373
1198 43.0374
1199 43.034
1200 43.0339
1201 43.0331
1202 43.0338
1203 43.032
1204 43.0282
1205 43.0303
1206 43.029
1207 43.0296
1208 43.0316
1209 43.0362
1210 43.0354
1211 43.0341
1212 43.0376
1213 43.0343
1214 43.0351
1215 43.0367
1216 43.0305
1217 43.0256
1218 43.0319
1219 43.029
1220 43.0352
1221 43.0364
1222 43.0374
1223 43.0317
1224 43.0327
1225 43.0363
1226 43.0408
1227 43.0383
1228 43.0389
1229 43.0392
1230 43.0396
1231 43.0358
1232 43.0391
1233 43.0434
1234 43.0426
1235 43.0447
1236 43.0493
1237 43.0438
1238 43.0417
1239 43.0411
1240 43.0406
1241 43.0405
1242 43.0333
1243 43.0368
1244 43.0395
1245 43.0387
1246 43.0403
1247 43.0409
1248 43.0414
1249 43.0399
1250 43.0394
1251 43.0403
1252 43.039
1253 43.0392
1254 43.0406
1255 43.0437
1256 43.0437
1257 43.0431
1258 43.0424
1259 43.0373
1260 43.0341
1261 43.0346
1262 43.0377
1263 43.0428
1264 43.045
1265 43.0412
1266 43.0404
1267 43.0476
1268 43.053
1269 43.0582
1270 43.0597
1271 43.0636
1272 43.0623
1273 43.063
1274 43.0604
1275 43.0595
1276 43.0601
1277 43.0588
1278 43.0626
1279 43.0549
1280 43.0494
1281 43.0522
1282 43.0527
1283 43.053
1284 43.0583
1285 43.0566
1286 43.0585
1287 43.0531
1288 43.0505
1289 43.0495
1290 43.0514
1291 43.0501
1292 43.048
1293 43.0418
1294 43.0396
1295 43.043
1296 43.0351
1297 43.035
1298 43.0359
1299 43.0368
1300 43.0402
1301 43.0387
1302 43.0443
1303 43.0437
1304 43.0407
1305 43.0424
1306 43.0425
1307 43.04
1308 43.0428
1309 43.0415
1310 43.039
1311 43.0367
1312 43.0416
1313 43.0427
1314 43.0477
1315 43.0453
1316 43.0388
1317 43.0364
1318 43.0417
1319 43.0409
1320 43.0403
1321 43.041
1322 43.0454
1323 43.0473
1324 43.0518
1325 43.054
1326 43.0554
1327 43.0583
1328 43.0597
1329 43.0581
1330 43.0558
1331 43.0533
1332 43.0555
1333 43.0538
1334 43.0552
1335 43.0556
1336 43.057
1337 43.0633
1338 43.0605
1339 43.0618
1340 43.0681
1341 43.073
1342 43.0667
1343 43.0694
1344 43.0654
1345 43.0646
1346 43.0617
1347 43.0611
1348 43.062
1349 43.0562
1350 43.0512
1351 43.0486
1352 43.0447
1353 43.0419
1354 43.0429
1355 43.0451
1356 43.0399
1357 43.0416
1358 43.0443
1359 43.0471
1360 43.0443
1361 43.046
1362 43.0491
1363 43.0474
1364 43.0504
1365 43.0449
1366 43.0479
1367 43.0525
1368 43.0529
1369 43.0536
1370 43.0577
1371 43.058
1372 43.0602
1373 43.0525
1374 43.0501
1375 43.0442
1376 43.0394
1377 43.0419
1378 43.043
1379 43.0464
1380 43.0464
1381 43.0446
1382 43.0459
1383 43.044
1384 43.0457
1385 43.0454
1386 43.0491
1387 43.0487
1388 43.053
1389 43.0533
1390 43.0491
1391 43.0516
1392 43.0544
1393 43.0574
1394 43.0572
1395 43.0572
1396 43.0587
1397 43.0638
1398 43.0606
1399 43.0546
1400 43.0573
1401 43.0606
1402 43.0634
1403 43.0595
1404 43.0577
1405 43.0599
1406 43.0578
1407 43.0545
1408 43.054
1409 43.0558
1410 43.054
1411 43.0544
1412 43.0536
1413 43.0565
1414 43.064
1415 43.0604
1416 43.0634
1417 43.0635
1418 43.0612
1419 43.0607
1420 43.0612
1421 43.0536
1422 43.0574
1423 43.0554
1424 43.0477
1425 43.0531
1426 43.0515
1427 43.0507
1428 43.0502
1429 43.0484
1430 43.046
1431 43.0444
1432 43.0408
1433 43.0347
1434 43.0359
1435 43.04
1436 43.042
1437 43.0415
1438 43.0411
1439 43.0403
1440 43.0411
1441 43.0443
1442 43.0445
1443 43.0423
1444 43.0413
1445 43.0456
1446 43.0458
1447 43.0464
1448 43.0488
1449 43.0482
1450 43.052
1451 43.0531
1452 43.0479
1453 43.0439
1454 43.0413
1455 43.0465
1456 43.0475
1457 43.0485
1458 43.0471
1459 43.0499
1460 43.0535
1461 43.0483
1462 43.0496
1463 43.0462
1464 43.0442
1465 43.0453
1466 43.0444
1467 43.0456
1468 43.0511
1469 43.0473
1470 43.0468
1471 43.0497
1472 43.052
1473 43.0481
1474 43.0488
1475 43.0467
1476 43.0469
1477 43.0509
1478 43.0524
1479 43.0525
1480 43.0469
1481 43.0501
1482 43.0558
1483 43.0526
1484 43.0536
1485 43.0493
1486 43.0475
1487 43.0436
1488 43.0458
1489 43.0463
1490 43.0427
1491 43.0443
1492 43.0423
1493 43.0419
1494 43.0406
1495 43.0424
1496 43.0403
1497 43.0372
1498 43.0366
1499 43.0358
1500 43.0364
1501 43.0403
1502 43.0379
1503 43.0386
1504 43.0385
1505 43.0405
1506 43.0438
1507 43.0435
1508 43.0433
1509 43.048
1510 43.0533
1511 43.0534
1512 43.0528
1513 43.0522
1514 43.0534
1515 43.0545
1516 43.0512
1517 43.0508
1518 43.0474
1519 43.0456
1520 43.0422
1521 43.0376
1522 43.0431
1523 43.0428
1524 43.0404
1525 43.0402
1526 43.0411
1527 43.0375
1528 43.0403
1529 43.0424
1530 43.0505
1531 43.0496
1532 43.0524
1533 43.054
1534 43.0564
1535 43.0656
1536 43.0674
1537 43.0689
1538 43.0657
1539 43.0707
1540 43.0706
1541 43.0643
1542 43.0578
1543 43.0555
1544 43.0501
1545 43.0516
1546 43.0522
1547 43.0479
1548 43.0518
1549 43.049
1550 43.047
1551 43.048
1552 43.0481
1553 43.0473
1554 43.0478
1555 43.0459
1556 43.0482
1557 43.0477
1558 43.0472
1559 43.0456
1560 43.0421
1561 43.045
1562 43.05
1563 43.0512
1564 43.0508
1565 43.0572
1566 43.0565
1567 43.0468
1568 43.0462
1569 43.0521
1570 43.0612
1571 43.0621
1572 43.0675
1573 43.0714
1574 43.0726
1575 43.0706
1576 43.0703
1577 43.0632
1578 43.0607
1579 43.0636
1580 43.0675
1581 43.0677
1582 43.0693
1583 43.0732
1584 43.0767
1585 43.0723
1586 43.0709
1587 43.0719
1588 43.0702
1589 43.0771
1590 43.0787
1591 43.0693
1592 43.0676
1593 43.0683
1594 43.0629
1595 43.0656
1596 43.0623
1597 43.0601
1598 43.0596
1599 43.0523
1600 43.0505
1601 43.0475
1602 43.0458
1603 43.0433
1604 43.0388
1605 43.0412
1606 43.0396
1607 43.0363
1608 43.0417
1609 43.0357
1610 43.0323
1611 43.0325
1612 43.036
1613 43.0354
1614 43.0313
1615 43.0347
1616 43.0364
1617 43.0343
1618 43.0338
1619 43.038
1620 43.0397
1621 43.0406
1622 43.0412
1623 43.0408
1624 43.0414
1625 43.0484
1626 43.0489
1627 43.0533
1628 43.0519
1629 43.057
1630 43.0498
1631 43.0479
1632 43.0486
1633 43.0496
1634 43.0474
1635 43.044
1636 43.0424
1637 43.0407
1638 43.0435
1639 43.0451
1640 43.0497
1641 43.0511
1642 43.0542
1643 43.053
1644 43.0491
1645 43.0504
1646 43.0461
1647 43.0461
1648 43.0473
1649 43.0444
1650 43.039
1651 43.0389
1652 43.0387
1653 43.0357
1654 43.0358
1655 43.0378
1656 43.0372
1657 43.0384
1658 43.042
1659 43.0425
1660 43.0507
1661 43.0556
1662 43.0602
1663 43.061
1664 43.06
1665 43.0593
1666 43.0659
1667 43.0667
1668 43.0606
1669 43.0611
1670 43.0617
1671 43.0581
1672 43.0638
1673 43.0529
1674 43.0549
1675 43.0532
1676 43.0585
1677 43.0578
1678 43.0574
1679 43.0549
1680 43.0593
1681 43.0576
1682 43.0572
1683 43.0637
1684 43.0633
1685 43.0613
1686 43.0572
1687 43.0581
1688 43.0592
1689 43.0582
1690 43.0638
1691 43.0615
1692 43.0558
1693 43.0525
1694 43.0548
1695 43.0458
1696 43.0488
1697 43.0482
1698 43.0443
1699 43.0379
1700 43.0391
1701 43.0384
1702 43.0388
1703 43.0385
1704 43.0363
1705 43.0372
1706 43.0377
1707 43.0483
1708 43.0506
1709 43.0489
1710 43.0513
1711 43.0565
1712 43.058
1713 43.0507
1714 43.0498
1715 43.0498
1716 43.0467
1717 43.0413
1718 43.0391
1719 43.037
1720 43.0396
1721 43.0392
1722 43.0349
1723 43.0343
1724 43.0361
1725 43.0384
1726 43.0374
1727 43.0319
1728 43.0343
1729 43.038
1730 43.0429
1731 43.048
1732 43.0484
1733 43.0446
1734 43.0515
1735 43.0485
1736 43.0497
1737 43.054
1738 43.0549
1739 43.062
1740 43.0649
1741 43.0639
1742 43.065
1743 43.0606
1744 43.0616
1745 43.062
1746 43.0628
1747 43.0619
1748 43.0655
1749 43.0609
1750 43.0592
1751 43.0604
1752 43.0607
1753 43.0617
1754 43.0594
1755 43.0517
1756 43.0544
1757 43.0525
1758 43.0535
1759 43.0496
1760 43.0466
1761 43.0483
1762 43.0553
1763 43.0586
1764 43.056
1765 43.0596
1766 43.0605
1767 43.0589
1768 43.0588
1769 43.0552
1770 43.0471
1771 43.0561
1772 43.0542
1773 43.0568
1774 43.0596
1775 43.0569
1776 43.0587
1777 43.0643
1778 43.0667
1779 43.068
1780 43.0697
1781 43.0679
1782 43.0713
1783 43.0723
1784 43.0693
1785 43.0659
1786 43.0688
1787 43.0656
1788 43.0686
1789 43.0688
1790 43.0691
1791 43.0671
1792 43.0599
1793 43.0593
1794 43.0573
1795 43.0561
1796 43.055
1797 43.0564
1798 43.0578
1799 43.0596
1800 43.0588
1801 43.0544
1802 43.0599
1803 43.0576
1804 43.0606
1805 43.0647
1806 43.0661
1807 43.0607
1808 43.0628
1809 43.0727
1810 43.0731
1811 43.0732
1812 43.0704
1813 43.065
1814 43.0629
1815 43.0718
1816 43.0692
1817 43.0703
1818 43.0673
1819 43.0641
1820 43.0629
1821 43.0611
1822 43.0576
1823 43.0567
1824 43.0611
1825 43.0631
1826 43.0649
1827 43.0649
1828 43.0585
1829 43.0622
1830 43.0622
1831 43.0653
1832 43.0709
1833 43.0716
1834 43.0747
1835 43.0747
1836 43.0742
1837 43.078
1838 43.0859
1839 43.0851
1840 43.0886
1841 43.0855
1842 43.0772
1843 43.0734
1844 43.0675
1845 43.0643
1846 43.0632
1847 43.0614
1848 43.0684
1849 43.0722
1850 43.0805
1851 43.0848
1852 43.087
1853 43.09
1854 43.0847
1855 43.0855
1856 43.0829
1857 43.0811
1858 43.0796
1859 43.0746
1860 43.0724
1861 43.0711
1862 43.0673
1863 43.0656
1864 43.0729
1865 43.0735
1866 43.0795
1867 43.0818
1868 43.0833
1869 43.0872
1870 43.0845
1871 43.0889
1872 43.0846
1873 43.0799
1874 43.0841
1875 43.0861
1876 43.0822
1877 43.0843
1878 43.0833
1879 43.0837
1880 43.0876
1881 43.0874
1882 43.0923
1883 43.0888
1884 43.0915
1885 43.0879
1886 43.0881
1887 43.0855
1888 43.0867
1889 43.0889
1890 43.0895
1891 43.099
1892 43.0991
1893 43.0934
1894 43.0886
1895 43.0905
1896 43.0875
1897 43.0878
1898 43.0902
1899 43.0908
1900 43.0892
1901 43.0925
1902 43.0896
1903 43.0934
1904 43.0933
1905 43.0849
1906 43.094
1907 43.088
1908 43.0919
1909 43.0912
1910 43.0882
1911 43.0839
1912 43.076
1913 43.0759
1914 43.0724
1915 43.0693
1916 43.0648
1917 43.0657
1918 43.0656
1919 43.0642
1920 43.057
1921 43.0523
1922 43.0511
1923 43.0565
1924 43.0612
1925 43.0652
1926 43.0687
1927 43.0719
1928 43.0774
1929 43.0753
1930 43.0791
1931 43.0808
1932 43.0824
1933 43.0823
1934 43.0862
1935 43.085
1936 43.082
1937 43.0817
1938 43.0898
1939 43.0803
1940 43.0782
1941 43.0708
1942 43.0666
1943 43.067
1944 43.0685
1945 43.0598
1946 43.0724
1947 43.072
1948 43.0679
1949 43.0688
1950 43.073
1951 43.0727
1952 43.068
1953 43.0633
1954 43.0562
1955 43.0584
1956 43.0592
1957 43.0593
1958 43.0638
1959 43.0609
1960 43.0599
1961 43.0629
1962 43.0586
1963 43.0555
1964 43.0605
1965 43.0621
1966 43.0577
1967 43.0557
1968 43.0507
1969 43.0569
1970 43.0534
1971 43.0536
1972 43.0455
1973 43.0441
1974 43.0412
1975 43.0435
1976 43.0379
1977 43.0402
1978 43.0395
1979 43.0402
1980 43.0387
1981 43.0408
1982 43.0379
1983 43.0398
1984 43.0389
1985 43.0333
1986 43.0325
1987 43.0273
1988 43.0228
1989 43.0268
1990 43.0266
1991 43.0316
1992 43.0282
1993 43.0333
1994 43.0286
1995 43.0281
1996 43.0287
1997 43.0318
1998 43.0296
1999 43.0316
2000 43.0368
