10 30.6916
20 30.3679
30 30.0292
40 29.6756
50 29.3683
60 29.0839
70 28.7351
80 28.4148
90 28.2141
100 27.951
110 27.6851
120 27.4514
130 27.1603
140 26.9037
150 26.6608
160 26.4289
170 26.1733
180 25.937
190 25.7071
200 25.4543
210 25.2296
220 24.9699
230 24.7461
240 24.5726
250 24.3457
260 24.0833
270 23.9092
280 23.6985
290 23.5068
300 23.3139
310 23.1145
320 22.9107
330 22.644
340 22.4335
350 22.184
360 21.9713
370 21.731
380 21.5239
390 21.2933
400 21.0634
410 20.8767
420 20.6975
430 20.5062
440 20.3276
450 20.1235
460 19.9381
470 19.7842
480 19.6043
490 19.3882
500 19.2101
510 19.0398
520 18.8446
530 18.6618
540 18.4957
550 18.32
560 18.1549
570 17.9873
580 17.8183
590 17.6746
600 17.5106
610 17.3759
620 17.2056
630 17.0556
640 16.8915
650 16.73
660 16.6052
670 16.4526
680 16.3011
690 16.1534
700 15.9862
710 15.8565
720 15.7114
730 15.5733
740 15.4539
750 15.3044
760 15.1706
770 15.0487
780 14.9129
790 14.7507
800 14.6254
810 14.512
820 14.3721
830 14.2561
840 14.1377
850 14.0028
860 13.8933
870 13.7694
880 13.6565
890 13.4891
900 13.3682
910 13.2423
920 13.1355
930 13.0169
940 12.9063
950 12.8087
960 12.7084
970 12.6005
980 12.4628
990 12.3508
1000 12.2407
1010 12.1341
1020 12.0146
1030 11.8932
1040 11.7958
1050 11.679
1060 11.5771
1070 11.48
1080 11.3793
1090 11.2564
1100 11.1695
1110 11.0776
1120 10.9793
1130 10.8709
1140 10.7803
1150 10.6991
1160 10.5913
1170 10.4845
1180 10.3899
1190 10.3101
1200 10.2324
1210 10.1453
1220 10.0652
1230 9.99014
1240 9.88061
1250 9.79665
1260 9.71185
1270 9.63633
1280 9.56578
1290 9.48768
1300 9.39771
1310 9.33137
1320 9.24731
1330 9.16196
1340 9.08539
1350 8.99424
1360 8.89874
1370 8.82983
1380 8.75828
1390 8.67963
1400 8.60316
1410 8.53681
1420 8.47605
1430 8.40038
1440 8.32807
1450 8.26379
1460 8.18673
1470 8.11491
1480 8.03482
1490 7.9731
1500 7.90343
1510 7.83277
1520 7.76648
1530 7.70571
1540 7.63609
1550 7.58101
1560 7.52035
1570 7.45852
1580 7.39967
1590 7.35164
1600 7.29597
1610 7.23792
1620 7.17151
1630 7.11701
1640 7.05723
1650 6.99262
1660 6.92481
1670 6.86927
1680 6.80785
1690 6.75074
1700 6.69414
1710 6.6305
1720 6.587
1730 6.53511
1740 6.48756
1750 6.4411
1760 6.38504
1770 6.32477
1780 6.27497
1790 6.22382
1800 6.17116
1810 6.12292
1820 6.07312
1830 6.02854
1840 5.97999
1850 5.92787
1860 5.88277
1870 5.82792
1880 5.78051
1890 5.73116
1900 5.68555
1910 5.64999
1920 5.60592
1930 5.5572
1940 5.50603
1950 5.46504
1960 5.42176
1970 5.37446
1980 5.32901
1990 5.28233
2000 5.23533
2010 5.18426
2020 5.13962
2030 5.09444
2040 5.05952
2050 5.01933
2060 4.97451
2070 4.93367
2080 4.89408
2090 4.85445
2100 4.81393
2110 4.7798
2120 4.74934
2130 4.7181
2140 4.68142
2150 4.64169
2160 4.60393
2170 4.56026
2180 4.52347
2190 4.4877
2200 4.44324
2210 4.40144
2220 4.3675
2230 4.33046
2240 4.29262
2250 4.25767
2260 4.22031
2270 4.18553
2280 4.15122
2290 4.11122
2300 4.08173
2310 4.0557
2320 4.01972
2330 3.97825
2340 3.94629
2350 3.91326
2360 3.88431
2370 3.85325
2380 3.8239
2390 3.79698
2400 3.76775
2410 3.73693
2420 3.70612
2430 3.6724
2440 3.64125
2450 3.61677
2460 3.59499
2470 3.55719
2480 3.53287
2490 3.5061
2500 3.47823
2510 3.45161
2520 3.42478
2530 3.39873
2540 3.36803
2550 3.34388
2560 3.31785
2570 3.29142
2580 3.26576
2590 3.23
2600 3.2036
2610 3.17603
2620 3.15098
2630 3.1238
2640 3.09821
2650 3.07326
2660 3.04239
2670 3.01889
2680 2.99818
2690 2.97094
2700 2.94748
2710 2.9269
2720 2.90148
2730 2.87829
2740 2.85798
2750 2.83548
2760 2.81282
2770 2.78879
2780 2.76667
2790 2.74439
2800 2.72209
2810 2.70291
2820 2.6845
2830 2.66552
2840 2.64452
2850 2.62186
2860 2.60162
2870 2.58039
2880 2.56043
2890 2.54123
2900 2.52244
2910 2.50661
2920 2.48722
2930 2.46839
2940 2.44728
2950 2.42854
2960 2.40825
2970 2.38588
2980 2.36175
2990 2.34347
3000 2.3239
3010 2.30527
3020 2.2895
3030 2.27046
3040 2.25313
3050 2.23775
3060 2.22083
3070 2.20279
3080 2.18621
3090 2.16849
3100 2.15218
3110 2.13652
3120 2.11901
3130 2.10614
3140 2.08511
3150 2.07297
3160 2.05539
3170 2.03905
3180 2.02098
3190 2.00441
3200 1.98689
3210 1.97555
3220 1.956
3230 1.94128
3240 1.92694
3250 1.90985
3260 1.89467
3270 1.87934
3280 1.86798
3290 1.85213
3300 1.83828
3310 1.82338
3320 1.80964
3330 1.79586
3340 1.78226
3350 1.76917
3360 1.75479
3370 1.74173
3380 1.7262
3390 1.7159
3400 1.70226
3410 1.69133
3420 1.68146
3430 1.66803
3440 1.65198
3450 1.6409
3460 1.6262
3470 1.61122
3480 1.60033
3490 1.58467
3500 1.57357
3510 1.56286
3520 1.54978
3530 1.53728
3540 1.52436
3550 1.51271
3560 1.50142
3570 1.48931
3580 1.47928
3590 1.46952
3600 1.45937
3610 1.4485
3620 1.44003
3630 1.42945
3640 1.41895
3650 1.41059
3660 1.40013
3670 1.38815
3680 1.37796
3690 1.36855
3700 1.36068
3710 1.35119
3720 1.33988
3730 1.32872
3740 1.31729
3750 1.30814
3760 1.29863
3770 1.28808
3780 1.2779
3790 1.26903
3800 1.26153
3810 1.25388
3820 1.24517
3830 1.23594
3840 1.22693
3850 1.21891
3860 1.20851
3870 1.19774
3880 1.18944
3890 1.18102
3900 1.17299
3910 1.16473
3920 1.15701
3930 1.14902
3940 1.1395
3950 1.13073
3960 1.122
3970 1.11495
3980 1.10731
3990 1.09945
4000 1.09243
4010 1.0848
4020 1.07978
4030 1.07192
4040 1.06456
4050 1.05605
4060 1.04705
4070 1.04016
4080 1.03336
4090 1.02693
4100 1.01973
4110 1.01298
4120 1.00634
4130 0.999709
4140 0.992378
4150 0.985128
4160 0.976086
4170 0.969924
4180 0.962408
4190 0.955703
4200 0.95004
4210 0.945088
4220 0.938909
4230 0.931453
4240 0.923363
4250 0.91683
4260 0.909617
4270 0.903047
4280 0.894581
4290 0.887449
4300 0.881663
4310 0.874906
4320 0.868002
4330 0.862108
4340 0.856189
4350 0.85091
4360 0.84552
4370 0.84097
4380 0.835285
4390 0.82884
4400 0.822074
4410 0.816522
4420 0.810349
4430 0.804356
4440 0.798395
4450 0.793311
4460 0.78891
4470 0.78434
4480 0.779393
4490 0.773887
4500 0.770361
4510 0.764109
4520 0.758102
4530 0.752896
4540 0.748227
4550 0.743151
4560 0.736665
4570 0.732168
4580 0.726432
4590 0.722584
4600 0.717837
4610 0.713166
4620 0.708125
4630 0.703782
4640 0.699614
4650 0.694666
4660 0.690147
4670 0.685947
4680 0.681409
4690 0.677718
4700 0.673175
4710 0.668628
4720 0.66328
4730 0.658287
4740 0.653418
4750 0.648517
4760 0.64303
4770 0.639466
4780 0.634131
4790 0.629032
4800 0.625198
4810 0.620265
4820 0.617465
4830 0.612469
4840 0.60743
4850 0.602614
4860 0.5986
4870 0.594181
4880 0.590128
4890 0.58648
4900 0.581762
4910 0.578499
4920 0.575344
4930 0.570817
4940 0.567017
4950 0.56227
4960 0.559592
4970 0.555867
4980 0.551046
4990 0.547064
5000 0.543857
5010 0.53969
5020 0.535349
5030 0.532333
5040 0.527459
5050 0.524585
5060 0.520671
5070 0.517775
5080 0.514626
5090 0.511571
5100 0.507465
5110 0.504593
5120 0.500803
5130 0.49679
5140 0.493231
5150 0.490157
5160 0.486832
5170 0.483861
5180 0.480017
5190 0.475647
5200 0.473142
5210 0.46983
5220 0.467646
5230 0.465271
5240 0.461734
5250 0.458183
5260 0.455173
5270 0.452057
5280 0.449632
5290 0.447704
5300 0.445349
5310 0.443838
5320 0.440834
5330 0.437914
5340 0.434588
5350 0.432272
5360 0.430051
5370 0.42678
5380 0.424996
5390 0.423492
5400 0.420367
5410 0.416711
5420 0.413822
5430 0.410402
5440 0.408249
5450 0.405713
5460 0.40269
5470 0.400118
5480 0.398786
5490 0.396131
5500 0.393683
5510 0.391117
5520 0.388733
5530 0.386223
5540 0.383581
5550 0.381272
5560 0.379066
5570 0.377035
5580 0.375144
5590 0.372619
5600 0.369828
5610 0.367687
5620 0.365401
5630 0.364291
5640 0.361272
5650 0.359862
5660 0.357424
5670 0.355983
5680 0.353924
5690 0.352615
5700 0.349744
5710 0.346762
5720 0.345495
5730 0.344281
5740 0.343941
5750 0.340671
5760 0.339313
5770 0.33678
5780 0.335001
5790 0.331739
5800 0.329627
5810 0.327235
5820 0.32603
5830 0.324984
5840 0.323255
5850 0.321263
5860 0.318373
5870 0.315753
5880 0.314315
5890 0.312551
5900 0.311978
5910 0.309949
5920 0.308081
5930 0.306602
5940 0.304777
5950 0.303418
5960 0.302255
5970 0.300827
5980 0.299727
5990 0.298193
6000 0.295927
6010 0.293876
6020 0.291999
6030 0.290634
6040 0.289879
6050 0.289079
6060 0.287377
6070 0.285688
6080 0.283778
6090 0.282596
6100 0.280652
6110 0.278091
6120 0.277126
6130 0.275466
6140 0.273636
6150 0.272498
6160 0.270976
6170 0.268986
6180 0.267349
6190 0.26595
6200 0.264727
6210 0.264447
6220 0.26358
6230 0.262834
6240 0.262821
6250 0.262162
6260 0.2598
6270 0.257982
6280 0.257263
6290 0.256385
6300 0.255819
6310 0.253783
6320 0.251613
6330 0.250829
6340 0.249007
6350 0.247884
6360 0.246058
6370 0.244967
6380 0.244374
6390 0.243422
6400 0.241663
6410 0.241534
6420 0.240409
6430 0.238093
6440 0.237592
6450 0.236538
6460 0.235156
6470 0.234291
6480 0.233676
6490 0.232014
6500 0.230584
6510 0.230044
6520 0.229804
6530 0.228241
6540 0.226468
6550 0.225162
6560 0.224343
6570 0.223875
6580 0.22241
6590 0.220943
6600 0.220407
6610 0.219401
6620 0.218848
6630 0.21865
6640 0.21836
6650 0.217779
6660 0.217462
6670 0.216578
6680 0.216715
6690 0.215728
6700 0.215722
6710 0.214496
6720 0.21403
6730 0.213704
6740 0.212548
6750 0.212786
6760 0.211407
6770 0.210702
6780 0.210839
6790 0.209876
6800 0.209178
6810 0.207994
6820 0.208558
6830 0.208316
6840 0.206624
6850 0.205808
6860 0.205616
6870 0.204924
6880 0.204447
6890 0.202358
6900 0.202035
6910 0.201624
6920 0.20053
6930 0.200516
6940 0.199628
6950 0.198697
6960 0.198715
6970 0.197695
6980 0.196519
6990 0.196374
7000 0.195417
7010 0.19516
7020 0.195104
7030 0.195375
7040 0.195178
7050 0.194811
7060 0.194536
7070 0.193427
7080 0.192732
7090 0.193487
7100 0.193462
7110 0.192731
7120 0.192432
7130 0.191359
7140 0.191482
7150 0.190968
7160 0.190874
7170 0.190501
7180 0.190649
7190 0.189935
7200 0.189297
7210 0.189403
7220 0.188632
7230 0.187454
7240 0.186251
7250 0.184874
7260 0.185727
7270 0.184993
7280 0.184846
7290 0.185197
7300 0.184965
7310 0.184711
7320 0.185314
7330 0.184744
7340 0.185044
7350 0.184051
7360 0.183191
7370 0.182879
7380 0.183968
7390 0.183655
7400 0.184323
7410 0.184396
7420 0.184733
7430 0.183475
7440 0.183469
7450 0.18316
7460 0.183224
7470 0.182517
7480 0.182219
7490 0.182343
7500 0.181993
7510 0.180617
7520 0.180219
7530 0.180127
7540 0.179813
7550 0.179821
7560 0.18035
7570 0.179802
7580 0.178796
7590 0.178053
7600 0.178447
7610 0.178519
7620 0.178039
7630 0.179009
7640 0.179779
7650 0.178786
7660 0.179047
7670 0.178202
7680 0.178216
7690 0.178002
7700 0.178109
7710 0.177385
7720 0.1773
7730 0.17728
7740 0.176371
7750 0.17643
7760 0.176846
7770 0.177339
7780 0.177293
7790 0.177447
7800 0.177592
7810 0.177875
7820 0.177766
7830 0.177496
7840 0.177496
7850 0.177082
7860 0.17652
7870 0.176497
7880 0.176103
7890 0.176097
7900 0.175222
7910 0.174887
7920 0.173741
7930 0.173576
7940 0.174316
7950 0.172973
7960 0.173294
7970 0.172969
7980 0.173033
7990 0.171792
8000 0.172365
8010 0.171703
8020 0.171156
8030 0.171725
8040 0.172142
8050 0.171633
8060 0.171582
8070 0.172127
8080 0.171823
8090 0.171716
8100 0.170658
8110 0.170398
8120 0.169574
8130 0.169061
8140 0.168926
8150 0.168731
8160 0.167473
8170 0.168057
8180 0.168721
8190 0.168012
8200 0.167584
8210 0.167047
8220 0.16735
8230 0.168451
8240 0.168297
8250 0.169083
8260 0.169707
8270 0.170152
8280 0.170606
8290 0.172526
8300 0.171308
8310 0.171836
8320 0.171346
8330 0.170985
8340 0.171715
8350 0.171067
8360 0.171475
8370 0.171721
8380 0.17316
8390 0.173205
8400 0.172473
8410 0.172514
8420 0.172063
8430 0.172302
8440 0.171771
8450 0.170428
8460 0.170945
8470 0.170816
8480 0.171031
8490 0.17083
8500 0.170971
8510 0.169953
8520 0.169202
8530 0.168979
8540 0.169527
8550 0.169422
8560 0.168868
8570 0.167727
8580 0.166907
8590 0.167819
8600 0.168136
8610 0.166946
8620 0.16594
8630 0.166264
8640 0.165957
8650 0.165883
8660 0.16568
8670 0.166455
8680 0.16662
8690 0.166777
8700 0.166587
8710 0.167061
8720 0.166155
8730 0.167271
8740 0.167181
8750 0.166093
8760 0.165538
8770 0.165528
8780 0.165232
8790 0.165574
8800 0.165457
8810 0.166143
8820 0.166281
8830 0.166438
8840 0.16595
8850 0.165257
8860 0.163793
8870 0.163694
8880 0.162616
8890 0.162445
8900 0.161954
8910 0.161119
8920 0.16156
8930 0.16071
8940 0.160244
8950 0.159853
8960 0.160482
8970 0.159078
8980 0.159456
8990 0.159606
9000 0.159167
9010 0.159636
9020 0.158665
9030 0.159365
9040 0.158162
9050 0.156719
9060 0.156862
9070 0.157272
9080 0.156791
9090 0.156972
9100 0.157195
9110 0.157205
9120 0.157219
9130 0.158436
9140 0.158946
9150 0.159383
9160 0.159205
9170 0.15939
9180 0.158954
9190 0.159087
9200 0.158298
9210 0.15772
9220 0.157065
9230 0.156689
9240 0.156772
9250 0.157046
9260 0.157161
9270 0.157624
9280 0.157914
9290 0.158151
9300 0.157609
9310 0.158032
9320 0.157852
9330 0.15794
9340 0.157449
9350 0.158172
9360 0.157869
9370 0.156808
9380 0.157264
9390 0.156828
9400 0.157646
9410 0.15763
9420 0.157481
9430 0.157276
9440 0.157813
9450 0.158322
9460 0.158629
9470 0.159379
9480 0.159257
9490 0.158297
9500 0.157833
9510 0.157446
9520 0.157139
9530 0.156402
9540 0.155439
9550 0.1538
9560 0.153383
9570 0.153306
9580 0.152364
9590 0.153026
9600 0.153595
9610 0.153871
9620 0.154344
9630 0.153789
9640 0.153964
9650 0.153674
9660 0.154181
9670 0.154122
9680 0.153858
9690 0.152164
9700 0.153768
9710 0.153502
9720 0.155257
9730 0.155891
9740 0.154428
9750 0.154082
9760 0.15505
9770 0.154769
9780 0.154051
9790 0.153871
9800 0.153957
9810 0.15378
9820 0.153595
9830 0.152822
9840 0.15225
9850 0.152518
9860 0.153239
9870 0.152761
9880 0.1517
9890 0.150795
9900 0.151747
9910 0.151702
9920 0.152225
9930 0.151813
9940 0.150747
9950 0.15157
9960 0.150815
9970 0.151943
9980 0.15209
9990 0.151275
10000 0.15159
10010 0.151198
10020 0.152682
10030 0.15197
10040 0.152445
10050 0.153091
10060 0.153726
10070 0.153736
10080 0.153584
10090 0.153106
10100 0.152845
10110 0.152785
10120 0.151581
10130 0.152132
10140 0.152586
10150 0.151567
10160 0.151134
10170 0.150707
10180 0.15143
10190 0.150975
10200 0.15106
10210 0.151679
10220 0.152153
10230 0.153051
10240 0.151886
10250 0.152743
10260 0.153226
10270 0.152572
10280 0.15223
10290 0.151823
10300 0.151304
10310 0.152234
10320 0.152637
10330 0.152121
10340 0.153168
10350 0.152408
10360 0.152494
10370 0.152278
10380 0.151529
10390 0.152042
10400 0.152678
10410 0.153175
10420 0.153386
10430 0.153011
10440 0.152565
10450 0.153225
10460 0.153763
10470 0.153094
10480 0.15216
10490 0.152446
10500 0.152716
10510 0.153918
10520 0.154424
10530 0.154946
10540 0.15506
10550 0.15492
10560 0.15569
10570 0.155998
10580 0.157216
10590 0.157057
10600 0.156498
10610 0.155734
10620 0.156528
10630 0.157664
10640 0.156788
10650 0.155656
10660 0.156172
10670 0.156568
10680 0.156658
10690 0.156582
10700 0.15594
10710 0.156247
10720 0.157182
10730 0.157178
10740 0.157567
10750 0.155825
10760 0.155663
10770 0.155093
10780 0.155187
10790 0.154135
10800 0.154402
10810 0.153609
10820 0.153154
10830 0.152416
10840 0.152991
10850 0.151796
10860 0.15294
10870 0.152278
10880 0.152794
10890 0.152179
10900 0.152222
10910 0.152315
10920 0.152625
10930 0.152599
10940 0.151805
10950 0.151994
10960 0.152784
10970 0.152616
10980 0.152783
10990 0.153746
11000 0.153169
11010 0.15282
11020 0.152955
11030 0.153135
11040 0.153681
11050 0.154408
11060 0.156237
11070 0.155835
11080 0.155398
11090 0.15408
11100 0.153958
11110 0.153903
11120 0.15351
11130 0.153735
11140 0.154027
11150 0.154478
11160 0.15359
11170 0.154403
11180 0.155159
11190 0.156081
11200 0.155529
11210 0.15638
11220 0.156609
11230 0.15626
11240 0.155729
11250 0.15605
11260 0.156393
11270 0.156606
11280 0.155796
11290 0.155622
11300 0.156419
11310 0.157335
11320 0.156903
11330 0.156666
11340 0.156821
11350 0.157122
11360 0.157078
11370 0.157859
11380 0.157554
11390 0.158048
11400 0.158451
11410 0.15854
11420 0.157105
11430 0.157032
11440 0.157502
11450 0.157902
11460 0.157373
11470 0.157033
11480 0.15611
11490 0.155553
11500 0.156264
11510 0.155648
11520 0.155288
11530 0.155654
11540 0.154439
11550 0.154989
11560 0.154737
11570 0.15441
11580 0.155366
11590 0.154808
11600 0.155982
11610 0.155992
11620 0.156028
11630 0.156511
11640 0.156826
11650 0.156245
11660 0.155757
11670 0.155716
11680 0.15528
11690 0.155192
11700 0.15571
11710 0.155206
11720 0.155006
11730 0.152903
11740 0.153201
11750 0.153054
11760 0.152929
11770 0.153126
11780 0.15317
11790 0.153125
11800 0.153218
11810 0.154029
11820 0.154598
11830 0.155293
11840 0.15585
11850 0.156408
11860 0.156229
11870 0.156963
11880 0.156509
11890 0.156408
11900 0.157297
11910 0.157255
11920 0.15764
11930 0.158646
11940 0.158464
11950 0.158265
11960 0.15747
11970 0.158278
11980 0.158276
11990 0.157111
12000 0.15725
12010 0.157246
12020 0.157776
12030 0.158214
12040 0.157713
12050 0.158345
12060 0.159554
12070 0.159711
12080 0.16043
12090 0.159503
12100 0.158408
12110 0.158047
12120 0.157554
12130 0.156898
12140 0.15806
12150 0.157994
12160 0.157444
12170 0.15696
12180 0.156961
12190 0.156757
12200 0.15701
12210 0.15632
12220 0.156744
12230 0.157747
12240 0.156892
12250 0.157896
12260 0.156971
12270 0.156912
12280 0.156029
12290 0.156945
12300 0.157892
12310 0.158123
12320 0.159464
12330 0.16002
12340 0.160077
12350 0.159381
12360 0.158648
12370 0.158055
12380 0.157638
12390 0.157315
12400 0.158513
12410 0.158495
12420 0.159327
12430 0.158833
12440 0.158427
12450 0.157698
12460 0.156341
12470 0.1566
12480 0.157163
12490 0.157938
12500 0.157407
12510 0.158145
12520 0.157912
12530 0.157563
12540 0.156195
12550 0.156705
12560 0.15637
12570 0.155761
12580 0.155473
12590 0.156055
12600 0.1557
12610 0.155237
12620 0.155566
12630 0.155438
12640 0.155648
12650 0.15639
12660 0.15552
12670 0.155544
12680 0.155915
12690 0.154982
12700 0.155092
12710 0.155647
12720 0.15577
12730 0.155828
12740 0.155469
12750 0.15456
12760 0.154476
12770 0.15368
12780 0.153091
12790 0.153316
12800 0.15393
12810 0.153782
12820 0.153473
12830 0.153044
12840 0.153129
12850 0.152738
12860 0.153453
12870 0.1544
12880 0.155033
12890 0.156138
12900 0.15593
12910 0.157102
12920 0.157228
12930 0.157549
12940 0.157279
12950 0.157388
12960 0.158588
12970 0.15826
12980 0.157137
12990 0.156367
13000 0.155195
13010 0.155636
13020 0.154512
13030 0.15499
13040 0.154763
13050 0.153805
13060 0.153636
13070 0.153807
13080 0.153734
13090 0.154411
13100 0.153695
13110 0.153903
13120 0.154213
13130 0.154094
13140 0.15429
13150 0.155082
13160 0.153901
13170 0.155103
13180 0.156426
13190 0.156661
13200 0.155906
13210 0.154893
13220 0.155047
13230 0.154479
13240 0.155098
13250 0.154873
13260 0.155135
13270 0.155278
13280 0.156301
13290 0.157703
13300 0.15693
13310 0.15683
13320 0.156219
13330 0.157179
13340 0.15724
13350 0.15731
13360 0.158009
13370 0.158072
13380 0.158682
13390 0.159279
13400 0.159906
13410 0.158865
13420 0.158689
13430 0.15908
13440 0.159407
13450 0.159141
13460 0.159357
13470 0.160932
13480 0.161077
13490 0.161066
13500 0.162537
13510 0.161481
13520 0.162019
13530 0.160971
13540 0.161127
13550 0.160624
13560 0.160346
13570 0.161269
13580 0.160469
13590 0.160059
13600 0.160099
13610 0.161165
13620 0.160671
13630 0.161227
13640 0.161355
13650 0.160681
13660 0.160069
13670 0.159288
13680 0.159659
13690 0.15812
13700 0.158305
13710 0.158333
13720 0.1575
13730 0.156633
13740 0.155957
13750 0.156128
13760 0.156018
13770 0.156733
13780 0.156129
13790 0.155678
13800 0.155676
13810 0.155789
13820 0.154979
13830 0.156163
13840 0.155498
13850 0.156683
13860 0.157105
13870 0.156561
13880 0.15606
13890 0.155864
13900 0.156432
13910 0.156091
13920 0.157344
13930 0.157983
13940 0.157729
13950 0.157802
13960 0.157863
13970 0.157804
13980 0.157883
13990 0.157686
14000 0.157324
14010 0.158211
14020 0.158855
14030 0.158805
14040 0.15696
14050 0.155981
14060 0.155277
14070 0.155502
14080 0.154856
14090 0.155918
14100 0.155029
14110 0.155471
14120 0.156177
14130 0.15575
14140 0.156145
14150 0.15646
14160 0.156155
14170 0.155908
14180 0.155906
14190 0.155686
14200 0.155282
14210 0.155735
14220 0.1543
14230 0.153804
14240 0.153206
14250 0.152576
14260 0.153254
14270 0.15331
14280 0.15288
14290 0.153084
14300 0.152207
14310 0.151343
14320 0.150511
14330 0.149582
14340 0.148979
14350 0.149553
14360 0.149464
14370 0.148461
14380 0.148262
14390 0.147754
14400 0.147424
14410 0.147837
14420 0.149068
14430 0.150259
14440 0.149111
14450 0.149124
14460 0.149593
14470 0.150799
14480 0.149387
14490 0.149561
14500 0.150375
14510 0.150494
14520 0.149787
14530 0.150496
14540 0.150992
14550 0.150766
14560 0.150341
14570 0.1503
14580 0.150742
14590 0.150534
14600 0.149741
14610 0.15008
14620 0.149013
14630 0.14929
14640 0.149439
14650 0.150652
14660 0.150681
14670 0.152051
14680 0.152547
14690 0.152652
14700 0.152678
14710 0.153426
14720 0.152485
14730 0.153138
14740 0.154276
14750 0.155668
14760 0.15657
14770 0.155815
14780 0.156828
14790 0.158051
14800 0.157654
14810 0.157401
14820 0.158019
14830 0.159462
14840 0.159664
14850 0.159798
14860 0.159729
14870 0.159534
14880 0.159394
14890 0.159075
14900 0.15951
14910 0.160339
14920 0.161722
14930 0.161662
14940 0.161192
14950 0.160454
14960 0.160975
14970 0.161069
14980 0.162204
14990 0.162111
15000 0.162464
15010 0.162089
15020 0.161881
15030 0.162602
15040 0.163152
15050 0.162647
15060 0.161541
15070 0.16111
15080 0.161028
15090 0.161393
15100 0.160845
15110 0.160737
15120 0.162477
15130 0.161391
15140 0.162486
15150 0.162353
15160 0.162181
15170 0.161854
15180 0.162664
15190 0.163197
15200 0.162846
15210 0.161755
15220 0.162745
15230 0.162754
15240 0.16293
15250 0.162972
15260 0.163371
15270 0.164699
15280 0.16493
15290 0.164049
15300 0.164091
15310 0.163274
15320 0.162675
15330 0.16308
15340 0.163475
15350 0.161991
15360 0.162452
15370 0.162213
15380 0.162598
15390 0.161354
15400 0.161563
15410 0.16156
15420 0.162183
15430 0.162411
15440 0.16268
15450 0.163331
15460 0.16396
15470 0.163703
15480 0.163436
15490 0.162778
15500 0.162175
15510 0.16269
15520 0.162984
15530 0.162332
15540 0.162036
15550 0.161633
15560 0.161582
15570 0.160446
15580 0.159511
15590 0.160179
15600 0.160667
15610 0.16057
15620 0.161223
15630 0.160019
15640 0.159604
15650 0.158862
15660 0.158653
15670 0.158578
15680 0.158421
15690 0.159117
15700 0.158774
15710 0.157273
15720 0.15784
15730 0.156625
15740 0.156742
15750 0.157543
15760 0.157496
15770 0.157694
15780 0.158336
15790 0.157568
15800 0.157933
15810 0.15766
15820 0.156043
15830 0.155777
15840 0.155361
15850 0.155821
15860 0.155507
15870 0.156834
15880 0.156062
15890 0.155215
15900 0.154829
15910 0.155369
15920 0.155126
15930 0.155279
15940 0.15372
15950 0.154694
15960 0.15472
15970 0.154742
15980 0.154409
15990 0.153696
16000 0.153764
16010 0.153694
16020 0.153479
16030 0.153035
16040 0.153197
16050 0.153456
16060 0.153572
16070 0.153275
16080 0.154001
16090 0.154614
16100 0.154602
16110 0.153585
16120 0.152432
16130 0.153026
16140 0.153021
16150 0.154496
16160 0.155325
16170 0.154786
16180 0.154909
16190 0.15489
16200 0.154126
16210 0.153957
16220 0.153698
16230 0.15292
16240 0.152679
16250 0.152389
16260 0.152469
16270 0.152427
16280 0.151276
16290 0.150191
16300 0.149884
16310 0.150203
16320 0.151065
16330 0.15173
16340 0.151519
16350 0.150934
16360 0.151422
16370 0.149642
16380 0.150646
16390 0.15083
16400 0.150116
16410 0.150412
16420 0.150251
16430 0.149289
16440 0.149136
16450 0.148471
16460 0.148746
16470 0.149529
16480 0.149447
16490 0.150009
16500 0.150549
16510 0.150554
16520 0.150032
16530 0.149827
16540 0.150335
16550 0.1506
16560 0.151002
16570 0.150717
16580 0.150776
16590 0.149895
16600 0.150434
16610 0.150397
16620 0.15064
16630 0.15136
16640 0.152237
16650 0.152473
16660 0.153792
16670 0.153555
16680 0.152248
16690 0.1526
16700 0.152926
16710 0.153041
16720 0.152353
16730 0.151638
16740 0.150898
16750 0.151225
16760 0.150839
16770 0.150822
16780 0.151092
16790 0.150814
16800 0.15096
16810 0.150377
16820 0.149253
16830 0.1491
16840 0.149909
16850 0.150634
16860 0.150397
16870 0.151727
16880 0.150255
16890 0.149697
16900 0.151111
16910 0.151669
16920 0.150767
16930 0.15046
16940 0.151798
16950 0.152372
16960 0.152012
16970 0.152235
16980 0.152129
16990 0.152422
17000 0.151917
17010 0.152123
17020 0.15263
17030 0.152972
17040 0.152863
17050 0.153194
17060 0.151579
17070 0.152606
17080 0.152077
17090 0.151407
17100 0.151647
17110 0.151536
17120 0.151004
17130 0.149767
17140 0.150291
17150 0.150361
17160 0.150857
17170 0.149261
17180 0.149051
17190 0.148752
17200 0.148621
17210 0.149305
17220 0.149975
17230 0.150549
17240 0.151315
17250 0.151493
17260 0.153573
17270 0.154453
17280 0.153
17290 0.153472
17300 0.152931
17310 0.153496
17320 0.15216
17330 0.152644
17340 0.153087
17350 0.153783
17360 0.154119
17370 0.154313
17380 0.153923
17390 0.155271
17400 0.153688
17410 0.153375
17420 0.153175
17430 0.154569
17440 0.154511
17450 0.154573
17460 0.154583
17470 0.154662
17480 0.153921
17490 0.154501
17500 0.155483
17510 0.155719
17520 0.15597
17530 0.155126
17540 0.153887
17550 0.154848
17560 0.154789
17570 0.156254
17580 0.155664
17590 0.155083
17600 0.154117
17610 0.153314
17620 0.15334
17630 0.153237
17640 0.154097
17650 0.154379
17660 0.15535
17670 0.15571
17680 0.155898
17690 0.155666
17700 0.156395
17710 0.155715
17720 0.156234
17730 0.155606
17740 0.156488
17750 0.155824
17760 0.15562
17770 0.155002
17780 0.154783
17790 0.154211
17800 0.153155
17810 0.152603
17820 0.153588
17830 0.153612
17840 0.153899
17850 0.154268
17860 0.153666
17870 0.15261
17880 0.152374
17890 0.153312
17900 0.15445
17910 0.154412
17920 0.154748
17930 0.154992
17940 0.155195
17950 0.154856
17960 0.155195
17970 0.154904
17980 0.154615
17990 0.15586
18000 0.156762
18010 0.157055
18020 0.156936
18030 0.156614
18040 0.155301
18050 0.155513
18060 0.156191
18070 0.155732
18080 0.155584
18090 0.156887
18100 0.156696
18110 0.155592
18120 0.154033
18130 0.154299
18140 0.153791
18150 0.154614
18160 0.155573
18170 0.155459
18180 0.155484
18190 0.155408
18200 0.15522
18210 0.154753
18220 0.154586
18230 0.154401
18240 0.153761
18250 0.155255
18260 0.154401
18270 0.154237
18280 0.155239
18290 0.154729
18300 0.154386
18310 0.153771
18320 0.153423
18330 0.15348
18340 0.152513
18350 0.152329
18360 0.152418
18370 0.151789
18380 0.151158
18390 0.149704
18400 0.149766
18410 0.150699
18420 0.152106
18430 0.152354
18440 0.152691
18450 0.152829
18460 0.153528
18470 0.153053
18480 0.151321
18490 0.151593
18500 0.150851
18510 0.150168
18520 0.149872
18530 0.14941
18540 0.149504
18550 0.150057
18560 0.149931
18570 0.149679
18580 0.149673
18590 0.151402
18600 0.150364
18610 0.151089
18620 0.151544
18630 0.152814
18640 0.153536
18650 0.152304
18660 0.151732
18670 0.152574
18680 0.153553
18690 0.154099
18700 0.153197
18710 0.153736
18720 0.153943
18730 0.154317
18740 0.15437
18750 0.154515
18760 0.154568
18770 0.153557
18780 0.153818
18790 0.153646
18800 0.152449
18810 0.152836
18820 0.153253
18830 0.152852
18840 0.152243
18850 0.151704
18860 0.152201
18870 0.153081
18880 0.152607
18890 0.151631
18900 0.150986
18910 0.151757
18920 0.151281
18930 0.150535
18940 0.151186
18950 0.151561
18960 0.152407
18970 0.152294
18980 0.153303
18990 0.152609
19000 0.153159
19010 0.153076
19020 0.152899
19030 0.151878
19040 0.152094
19050 0.151909
19060 0.152477
19070 0.15375
19080 0.154363
19090 0.153986
19100 0.154729
19110 0.154801
19120 0.155562
19130 0.156591
19140 0.157016
19150 0.158333
19160 0.15797
19170 0.157218
19180 0.155729
19190 0.155322
19200 0.155295
19210 0.155903
19220 0.154988
19230 0.155103
19240 0.154962
19250 0.154866
19260 0.154881
19270 0.154594
19280 0.155195
19290 0.155252
19300 0.155175
19310 0.155093
19320 0.154785
19330 0.154644
19340 0.153992
19350 0.155018
19360 0.155282
19370 0.154976
19380 0.154773
19390 0.156248
19400 0.156619
19410 0.155934
19420 0.155963
19430 0.154636
19440 0.154703
19450 0.154675
19460 0.153504
19470 0.153701
19480 0.152698
19490 0.152415
19500 0.152026
19510 0.152119
19520 0.152064
19530 0.15216
19540 0.152612
19550 0.151086
19560 0.150569
19570 0.150732
19580 0.150416
19590 0.151062
19600 0.150498
19610 0.149726
19620 0.149752
19630 0.149489
19640 0.150074
19650 0.150593
19660 0.150721
19670 0.149347
19680 0.150003
19690 0.149141
19700 0.148899
19710 0.148349
19720 0.148062
19730 0.147922
19740 0.148317
19750 0.148457
19760 0.149379
19770 0.149729
19780 0.149228
19790 0.149083
19800 0.149805
19810 0.149168
19820 0.148258
19830 0.148393
19840 0.148431
19850 0.148407
19860 0.148186
19870 0.146502
19880 0.146741
19890 0.147078
19900 0.147366
19910 0.147044
19920 0.145891
19930 0.146435
19940 0.147448
19950 0.149178
19960 0.149685
19970 0.151749
19980 0.152582
19990 0.152892
20000 0.153326
