100 57.2744
200 52.2194
300 47.9362
400 43.7931
500 40.0267
600 36.6575
700 33.7602
800 31.0357
900 28.3787
1000 25.9253
1100 23.8587
1200 21.8966
1300 20.0986
1400 18.5475
1500 17.0627
1600 15.6572
1700 14.3541
1800 13.1704
1900 12.1031
2000 11.2206
2100 10.336
2200 9.52999
2300 8.80103
2400 8.14296
2500 7.51673
2600 6.91957
2700 6.37984
2800 5.92351
2900 5.42417
3000 5.01724
3100 4.62599
3200 4.28653
3300 3.96432
3400 3.64843
3500 3.35992
3600 3.11129
3700 2.88282
3800 2.6767
3900 2.46269
4000 2.27714
4100 2.1181
4200 1.95103
4300 1.79625
4400 1.65938
4500 1.52957
4600 1.41128
4700 1.30741
4800 1.21374
4900 1.12185
5000 1.03166
5100 0.951127
5200 0.88405
5300 0.815254
5400 0.754424
5500 0.699589
5600 0.650281
5700 0.605233
5800 0.563244
5900 0.51987
6000 0.479
6100 0.443615
6200 0.41142
6300 0.380896
6400 0.352961
6500 0.328225
6600 0.305136
6700 0.282411
6800 0.262536
6900 0.243978
7000 0.227302
7100 0.212249
7200 0.196665
7300 0.18212
7400 0.168644
7500 0.156882
7600 0.145475
7700 0.135219
7800 0.125071
7900 0.116171
8000 0.10909
8100 0.1008
8200 0.0926236
8300 0.0866898
8400 0.0802806
8500 0.0751614
8600 0.0696934
8700 0.0652753
8800 0.0609699
8900 0.0575278
9000 0.0544026
9100 0.050854
9200 0.0476042
9300 0.0448955
9400 0.0421118
9500 0.0402638
9600 0.0381976
9700 0.0362326
9800 0.034562
9900 0.0333852
10000 0.0315308
10100 0.0302376
10200 0.0290051
10300 0.0278424
10400 0.0269121
10500 0.0261979
10600 0.02526
10700 0.0241948
10800 0.0240744
10900 0.0233488
11000 0.0240009
11100 0.023607
11200 0.0229294
11300 0.0224824
11400 0.0227756
11500 0.0224009
11600 0.0219601
11700 0.0215942
11800 0.0209087
11900 0.0204548
12000 0.0207588
12100 0.0210575
12200 0.0207572
12300 0.0211103
12400 0.0209673
12500 0.0203911
12600 0.0205838
12700 0.020353
12800 0.0204513
12900 0.0203448
13000 0.020042
13100 0.0199722
13200 0.0200096
13300 0.0198098
13400 0.0197793
13500 0.0193142
13600 0.0195626
13700 0.0193961
13800 0.0193147
13900 0.019431
14000 0.0198952
14100 0.0198475
14200 0.0202605
14300 0.0203529
14400 0.0203886
14500 0.0203426
14600 0.0205111
14700 0.0211624
14800 0.0221791
14900 0.022007
15000 0.0214653
15100 0.0215352
15200 0.0211269
15300 0.0208062
15400 0.0207095
15500 0.0205519
15600 0.0202769
15700 0.0198625
15800 0.0197031
15900 0.0196654
16000 0.0197465
16100 0.0197212
16200 0.0194706
16300 0.0191539
16400 0.0190163
16500 0.0191584
16600 0.019562
16700 0.0195827
16800 0.0194164
16900 0.0193242
17000 0.0195291
17100 0.0197964
17200 0.0198281
17300 0.0197439
17400 0.0197441
17500 0.0201507
17600 0.0198548
17700 0.0201122
17800 0.0196182
17900 0.0201721
18000 0.0201346
18100 0.0199283
18200 0.0194745
18300 0.0198173
18400 0.0200704
18500 0.0201753
18600 0.0203694
18700 0.0200003
18800 0.0199169
18900 0.0197425
19000 0.0204292
19100 0.0204054
19200 0.019913
19300 0.0198309
19400 0.0195074
19500 0.0198042
19600 0.0195194
19700 0.0199263
19800 0.0196628
19900 0.0204434
20000 0.0202416
20100 0.0198345
20200 0.020208
20300 0.020205
20400 0.0202725
20500 0.0204103
20600 0.0197648
20700 0.0197557
20800 0.0199946
20900 0.0200729
21000 0.019662
21100 0.0200885
21200 0.0201457
21300 0.0202265
21400 0.0200314
21500 0.019536
21600 0.0193333
21700 0.0194788
21800 0.0192778
21900 0.0194373
22000 0.0194033
22100 0.0190585
22200 0.0194565
22300 0.0195983
22400 0.0199539
22500 0.0203721
22600 0.0201033
22700 0.0197389
22800 0.0200035
22900 0.0201582
23000 0.0198814
23100 0.0197891
23200 0.0197927
23300 0.019696
23400 0.0197384
23500 0.0204042
23600 0.0211115
23700 0.0208837
23800 0.0204624
23900 0.0201961
24000 0.0200364
24100 0.0197576
24200 0.0200065
24300 0.0200951
24400 0.0198738
24500 0.0198561
24600 0.0194412
24700 0.0194332
24800 0.019302
24900 0.0193607
25000 0.0196762
25100 0.0193897
25200 0.0202423
25300 0.0201503
25400 0.0198612
25500 0.0202243
25600 0.0197755
25700 0.0198439
25800 0.0197433
25900 0.0201838
26000 0.019766
26100 0.0202458
26200 0.0204718
26300 0.0199906
26400 0.0200204
26500 0.0203898
26600 0.0202441
26700 0.0197586
26800 0.019808
26900 0.0202415
27000 0.0198211
27100 0.0199684
27200 0.0202391
27300 0.0202598
27400 0.0198587
27500 0.0203796
27600 0.0202465
27700 0.0200651
27800 0.0195715
27900 0.0201828
28000 0.0208572
28100 0.0209866
28200 0.0207504
28300 0.0207102
28400 0.0211832
28500 0.0209257
28600 0.0209106
28700 0.0205828
28800 0.0206456
28900 0.0203984
29000 0.0199695
29100 0.0204375
29200 0.0210238
29300 0.0206304
29400 0.0202527
29500 0.0197789
29600 0.0198676
29700 0.0193591
29800 0.0193036
29900 0.0192365
30000 0.0192427
30100 0.0197278
30200 0.0198677
30300 0.0204773
30400 0.0201894
30500 0.019783
30600 0.0199648
30700 0.0202246
30800 0.020593
30900 0.020653
31000 0.0207398
31100 0.0202316
31200 0.0202295
31300 0.0208131
31400 0.0207564
31500 0.0202754
31600 0.0202638
31700 0.0202325
31800 0.0195691
31900 0.0193388
32000 0.0192666
32100 0.0193651
32200 0.019912
32300 0.0198634
32400 0.0203418
32500 0.0200579
32600 0.0198898
32700 0.0198622
32800 0.0196856
32900 0.0193577
33000 0.0199129
33100 0.0198237
33200 0.0198848
33300 0.0197583
33400 0.019792
33500 0.0201311
33600 0.0200819
33700 0.0209068
33800 0.0205062
33900 0.0205626
34000 0.0205814
34100 0.0211623
34200 0.0216564
34300 0.0213431
34400 0.021262
34500 0.0218384
34600 0.0210712
34700 0.0212766
34800 0.0211133
34900 0.0207985
35000 0.0222313
35100 0.0212736
35200 0.0213093
35300 0.0209898
35400 0.0206203
35500 0.0202181
35600 0.0200602
35700 0.0196767
35800 0.0195587
35900 0.0199351
36000 0.0199481
36100 0.0199496
36200 0.0199908
36300 0.0198313
36400 0.0205171
36500 0.0204201
36600 0.0205608
36700 0.0199538
36800 0.0201431
36900 0.0201184
37000 0.0201161
37100 0.0208468
37200 0.0204622
37300 0.0205395
37400 0.0200834
37500 0.0201624
37600 0.0199751
37700 0.0200195
37800 0.0201589
37900 0.020391
38000 0.0198812
38100 0.0199915
38200 0.0199927
38300 0.0199676
38400 0.0196073
38500 0.0193876
38600 0.0196701
38700 0.0194298
38800 0.0197184
38900 0.0201206
39000 0.0202876
39100 0.0203529
39200 0.0201326
39300 0.0200745
39400 0.0198687
39500 0.0199319
39600 0.0205455
39700 0.0201244
39800 0.0201541
39900 0.0199255
40000 0.0193468
40100 0.0193819
40200 0.019377
40300 0.0194435
40400 0.0197798
40500 0.019946
40600 0.0201212
40700 0.0200558
40800 0.0210827
40900 0.0208211
41000 0.0206414
41100 0.0207499
41200 0.0213173
41300 0.020882
41400 0.0205004
41500 0.0199505
41600 0.019644
41700 0.0195728
41800 0.0193283
41900 0.0192379
42000 0.0190638
42100 0.0189564
42200 0.019019
42300 0.0191369
42400 0.0196012
42500 0.0192313
42600 0.0194674
42700 0.0194405
42800 0.0196143
42900 0.0194323
43000 0.0195422
43100 0.0205905
43200 0.0205738
43300 0.0201639
43400 0.019611
43500 0.0197149
43600 0.0201974
43700 0.0199808
43800 0.0199535
43900 0.0198324
44000 0.02026
44100 0.0205177
44200 0.0201914
44300 0.0210586
44400 0.0209723
44500 0.0207146
44600 0.020887
44700 0.0209872
44800 0.0205227
44900 0.0203232
45000 0.0200442
45100 0.0201094
45200 0.0206478
45300 0.0205536
45400 0.0212629
45500 0.0213163
45600 0.0212444
45700 0.0208737
45800 0.0206887
45900 0.0206335
46000 0.0201123
46100 0.0203698
46200 0.0202241
46300 0.0207299
46400 0.0208549
46500 0.0204269
46600 0.0201296
46700 0.0203222
46800 0.0201915
46900 0.0201975
47000 0.0200135
47100 0.0199584
47200 0.0196225
47300 0.0196333
47400 0.0200301
47500 0.0199103
47600 0.0203568
47700 0.0210634
47800 0.0205336
47900 0.0203189
48000 0.0199807
48100 0.0196541
48200 0.0202266
48300 0.0204936
48400 0.0202709
48500 0.0199917
48600 0.0196741
48700 0.0198025
48800 0.0195354
48900 0.0193666
49000 0.0191469
49100 0.019337
49200 0.0192329
49300 0.0191339
49400 0.019401
49500 0.0195847
49600 0.019598
49700 0.01968
49800 0.019993
49900 0.0200836
50000 0.020442
50100 0.0204796
50200 0.0199585
50300 0.0198625
50400 0.0197971
50500 0.0195101
50600 0.0194068
50700 0.0193659
50800 0.0194608
50900 0.0191369
51000 0.0194257
51100 0.0193381
51200 0.0193988
51300 0.0193759
51400 0.019679
51500 0.0193735
51600 0.0204418
51700 0.0203835
51800 0.0197623
51900 0.0195628
52000 0.0192708
52100 0.0189433
52200 0.0190894
52300 0.0190702
52400 0.0191315
52500 0.019677
52600 0.0193927
52700 0.0197334
52800 0.0195729
52900 0.0196754
53000 0.0190761
53100 0.0188727
53200 0.0198899
53300 0.0202232
53400 0.020236
53500 0.0203482
53600 0.0200661
53700 0.0202097
53800 0.0196833
53900 0.0199059
54000 0.0204638
54100 0.0210812
54200 0.0205182
54300 0.0204214
54400 0.0202072
54500 0.0203822
54600 0.0199076
54700 0.0196398
54800 0.0195401
54900 0.0192554
55000 0.0191134
55100 0.0191484
55200 0.0189146
55300 0.0188754
55400 0.019231
55500 0.0195085
55600 0.0201914
55700 0.0200791
55800 0.0196066
55900 0.0194274
56000 0.0197126
56100 0.0201184
56200 0.021964
56300 0.0214719
56400 0.0208425
56500 0.0204278
56600 0.0199839
56700 0.0205779
56800 0.0205619
56900 0.0205719
57000 0.0207765
57100 0.0205866
57200 0.0201911
57300 0.0206866
57400 0.0202215
57500 0.020007
57600 0.020578
57700 0.0210104
57800 0.0208409
57900 0.0213453
58000 0.021014
58100 0.0214966
58200 0.0214295
58300 0.0209667
58400 0.0205835
58500 0.0200063
58600 0.0198836
58700 0.0202241
58800 0.0202062
58900 0.020088
59000 0.0197666
59100 0.0193183
59200 0.0189486
59300 0.0188441
59400 0.0190374
59500 0.0188004
59600 0.0187308
59700 0.0187123
59800 0.01881
59900 0.0191214
60000 0.0191208
60100 0.0184714
60200 0.0189262
60300 0.0188991
60400 0.0198972
60500 0.0196596
60600 0.0196579
60700 0.0198763
60800 0.0208813
60900 0.0204756
61000 0.0206737
61100 0.0205994
61200 0.0204973
61300 0.0209853
61400 0.0209081
61500 0.0217703
61600 0.0215534
61700 0.0218186
61800 0.0215903
61900 0.0211086
62000 0.0211294
62100 0.0210528
62200 0.0209025
62300 0.020477
62400 0.0196603
62500 0.0196101
62600 0.0196062
62700 0.0196521
62800 0.0195093
62900 0.0199941
63000 0.0199489
63100 0.0198382
63200 0.0198403
63300 0.0203809
63400 0.0199283
63500 0.0198819
63600 0.0203553
63700 0.0201818
63800 0.0198966
63900 0.0200655
64000 0.0200637
64100 0.0197131
64200 0.0197087
64300 0.0198542
64400 0.0199388
64500 0.0200889
64600 0.0198938
64700 0.0197305
64800 0.0199577
64900 0.0199025
65000 0.0196006
65100 0.0197228
65200 0.0210997
65300 0.0212624
65400 0.020556
65500 0.02068
65600 0.0208233
65700 0.0205406
65800 0.0203822
65900 0.0201147
66000 0.0200165
66100 0.0199297
66200 0.0197681
66300 0.0198751
66400 0.0204376
66500 0.0206201
66600 0.0208857
66700 0.0211237
66800 0.0208395
66900 0.0205071
67000 0.0205897
67100 0.0205988
67200 0.020583
67300 0.0212538
67400 0.0209766
67500 0.0207735
67600 0.0204324
67700 0.0200441
67800 0.0201719
67900 0.0206188
68000 0.020429
68100 0.0198667
68200 0.0197236
68300 0.0197239
68400 0.0197971
68500 0.0201419
68600 0.0203079
68700 0.0197533
68800 0.0211888
68900 0.0205719
69000 0.0205443
69100 0.0200513
69200 0.0204255
69300 0.0202981
69400 0.0201643
69500 0.0196234
69600 0.0194959
69700 0.0197028
69800 0.0196894
69900 0.0198195
70000 0.0198611
70100 0.0196607
70200 0.0196045
70300 0.019329
70400 0.0194241
70500 0.0193473
70600 0.0195294
70700 0.0194524
70800 0.0198137
70900 0.0201142
71000 0.0202582
71100 0.0200494
71200 0.0197584
71300 0.0192204
71400 0.0187806
71500 0.0190658
71600 0.0190056
71700 0.0189312
71800 0.019054
71900 0.0194223
72000 0.0192929
72100 0.0197006
72200 0.0210645
72300 0.0210827
72400 0.0210007
72500 0.0206699
72600 0.0207671
72700 0.0206246
72800 0.0205522
72900 0.0200763
73000 0.0213843
73100 0.0207178
73200 0.0204291
73300 0.0202313
73400 0.0197525
73500 0.0201298
73600 0.0199896
73700 0.0197935
73800 0.0201372
73900 0.0201954
74000 0.0200549
74100 0.0200545
74200 0.0203019
74300 0.0198141
74400 0.0196472
74500 0.0201955
74600 0.0202218
74700 0.0199531
74800 0.0202878
74900 0.0206307
75000 0.0203761
75100 0.0200859
75200 0.0203841
75300 0.0202477
75400 0.0198975
75500 0.0195423
75600 0.0199867
75700 0.0198171
75800 0.0193779
75900 0.0195329
76000 0.0199882
76100 0.0199699
76200 0.020661
76300 0.0206804
76400 0.020751
76500 0.0207176
76600 0.0205969
76700 0.0203233
76800 0.0213242
76900 0.0207043
77000 0.0205676
77100 0.0230408
77200 0.0226577
77300 0.0217971
77400 0.0214975
77500 0.0215964
77600 0.0212657
77700 0.0208556
77800 0.0203732
77900 0.0201332
78000 0.0205073
78100 0.0198923
78200 0.0199985
78300 0.0206688
78400 0.0203807
78500 0.0202015
78600 0.0205074
78700 0.0207541
78800 0.0205377
78900 0.0200119
79000 0.0203678
79100 0.0203346
79200 0.0202159
79300 0.020018
79400 0.0200617
79500 0.0198611
79600 0.0197901
79700 0.0195286
79800 0.0191153
79900 0.0194951
80000 0.0196481
80100 0.0192863
80200 0.0189393
80300 0.0189818
80400 0.0187391
80500 0.0188336
80600 0.0188644
80700 0.0189667
80800 0.0194525
80900 0.0198994
81000 0.0205716
81100 0.0201771
81200 0.0200551
81300 0.0197817
81400 0.0200809
81500 0.0200069
81600 0.0196065
81700 0.0197267
81800 0.0197384
81900 0.0199
82000 0.0204496
82100 0.020142
82200 0.020029
82300 0.020106
82400 0.0199555
82500 0.0196431
82600 0.0198131
82700 0.0198447
82800 0.0199025
82900 0.0202693
83000 0.0201304
83100 0.0199811
83200 0.0199759
83300 0.0196139
83400 0.0194404
83500 0.0198023
83600 0.0195031
83700 0.0192911
83800 0.0195589
83900 0.0202091
84000 0.0204204
84100 0.0207827
84200 0.0208455
84300 0.0210715
84400 0.0206336
84500 0.0208103
84600 0.0204037
84700 0.0202851
84800 0.0205282
84900 0.0199173
85000 0.0197269
85100 0.0199958
85200 0.0199226
85300 0.0204181
85400 0.0201102
85500 0.0202985
85600 0.0199023
85700 0.0196787
85800 0.0196241
85900 0.019696
86000 0.0195924
86100 0.0197164
86200 0.0194768
86300 0.0195002
86400 0.0191327
86500 0.0194823
86600 0.0193834
86700 0.0196116
86800 0.0198285
86900 0.0195873
87000 0.0192664
87100 0.0191525
87200 0.0194202
87300 0.0199733
87400 0.0201768
87500 0.0201696
87600 0.0201117
87700 0.0199573
87800 0.0194085
87900 0.0193335
88000 0.0189577
88100 0.0192226
88200 0.0192827
88300 0.0190766
88400 0.0188634
88500 0.0187745
88600 0.0189375
88700 0.0190969
88800 0.0193905
88900 0.0190897
89000 0.019389
89100 0.0198859
89200 0.020523
89300 0.0201895
89400 0.0199445
89500 0.0198171
89600 0.0194013
89700 0.0193443
89800 0.0195476
89900 0.0195087
90000 0.019391
90100 0.0192679
90200 0.019644
90300 0.0196532
90400 0.0200967
90500 0.0203304
90600 0.020402
90700 0.020077
90800 0.0198619
90900 0.0196863
91000 0.0199931
91100 0.0203125
91200 0.0200286
91300 0.02013
91400 0.0197756
91500 0.0200474
91600 0.0204036
91700 0.0207914
91800 0.021075
91900 0.0207764
92000 0.0206942
92100 0.0205553
92200 0.0203934
92300 0.0199378
92400 0.0193921
92500 0.0197379
92600 0.0199424
92700 0.019764
92800 0.0197384
92900 0.0198854
93000 0.0194732
93100 0.0196739
93200 0.0198732
93300 0.0197236
93400 0.0198797
93500 0.020092
93600 0.0202836
93700 0.0200642
93800 0.0194679
93900 0.0196275
94000 0.0198361
94100 0.01991
94200 0.019726
94300 0.0194437
94400 0.0190122
94500 0.0190634
94600 0.0188974
94700 0.0190327
94800 0.0190184
94900 0.0191779
95000 0.0197214
95100 0.0198734
95200 0.0200429
95300 0.0201408
95400 0.0202539
95500 0.0204663
95600 0.0206907
95700 0.0208726
95800 0.0203397
95900 0.0204649
96000 0.0205744
96100 0.0210186
96200 0.0205028
96300 0.0208519
96400 0.0208405
96500 0.0204264
96600 0.0202504
96700 0.0199908
96800 0.0202571
96900 0.0198131
97000 0.0198368
97100 0.0202714
97200 0.0200224
97300 0.020306
97400 0.0207694
97500 0.0215914
97600 0.0211801
97700 0.0206284
97800 0.0203818
97900 0.0208487
98000 0.0205385
98100 0.0207062
98200 0.0207433
98300 0.0202162
98400 0.0197725
98500 0.019697
98600 0.0196081
98700 0.0195494
98800 0.0201005
98900 0.0202215
99000 0.0196622
99100 0.0195206
99200 0.0199231
99300 0.0195255
99400 0.0198963
99500 0.0200704
99600 0.0198332
99700 0.0198098
99800 0.0201672
99900 0.0199013
100000 0.0199669
100100 0.0198022
100200 0.0198054
100300 0.0204938
100400 0.0210901
100500 0.0206904
100600 0.0203575
100700 0.0202243
100800 0.0200367
100900 0.0212901
101000 0.020638
101100 0.0201022
101200 0.0203233
101300 0.0199865
101400 0.0198386
101500 0.0192714
101600 0.0200413
101700 0.0201308
101800 0.0203319
101900 0.0199494
102000 0.0201398
102100 0.0205683
102200 0.0206961
102300 0.0208663
102400 0.0207286
102500 0.0204709
102600 0.0201243
102700 0.0202719
102800 0.0201486
102900 0.0203883
103000 0.0202731
103100 0.0200098
103200 0.0195776
103300 0.019336
103400 0.0197694
103500 0.0201189
103600 0.0199911
103700 0.0200242
103800 0.0200943
103900 0.0199591
104000 0.0194906
104100 0.019999
104200 0.0198427
104300 0.0200293
104400 0.0200274
104500 0.0194996
104600 0.0203082
104700 0.0201406
104800 0.0196348
104900 0.0195195
105000 0.0194809
105100 0.0194584
105200 0.0193541
105300 0.0194206
105400 0.0197024
105500 0.0195716
105600 0.0199454
105700 0.0200421
105800 0.019883
105900 0.0203818
106000 0.0200519
106100 0.0199052
106200 0.0203864
106300 0.0202331
106400 0.0201736
106500 0.020995
106600 0.0208747
106700 0.0210216
106800 0.0208735
106900 0.0212213
107000 0.0213246
107100 0.0206379
107200 0.0206529
107300 0.0201935
107400 0.0204121
107500 0.020102
107600 0.0200581
107700 0.0202057
107800 0.0203718
107900 0.0201775
108000 0.0202573
108100 0.0199653
108200 0.0198916
108300 0.0199807
108400 0.0198731
108500 0.0196234
108600 0.0192049
108700 0.0192352
108800 0.0192834
108900 0.019053
109000 0.018947
109100 0.0194449
109200 0.0193296
109300 0.0188123
109400 0.0190631
109500 0.0191368
109600 0.0190768
109700 0.0191198
109800 0.0189868
109900 0.0193476
110000 0.0219263
110100 0.021666
110200 0.0217098
110300 0.0214421
110400 0.0214115
110500 0.0208066
110600 0.0213327
110700 0.0211178
110800 0.0203346
110900 0.0205734
111000 0.0206375
111100 0.0204989
111200 0.0202145
111300 0.0198276
111400 0.0194836
111500 0.0194516
111600 0.0196942
111700 0.0198417
111800 0.0207555
111900 0.0204097
112000 0.0204077
112100 0.0205069
112200 0.0212177
112300 0.0211847
112400 0.0211517
112500 0.0211348
112600 0.0218018
112700 0.0214563
112800 0.0214848
112900 0.0213939
113000 0.0211826
113100 0.0211418
113200 0.0210698
113300 0.020409
113400 0.0210659
113500 0.0210831
113600 0.0208829
113700 0.0207335
113800 0.0209342
113900 0.0208074
114000 0.0204172
114100 0.0205716
114200 0.0205202
114300 0.0203184
114400 0.0202409
114500 0.0201138
114600 0.0199433
114700 0.0199643
114800 0.0195827
114900 0.0194612
115000 0.0197036
115100 0.019443
115200 0.0197214
115300 0.01941
115400 0.0194027
115500 0.0190734
115600 0.0193875
115700 0.0190931
115800 0.0190062
115900 0.0198659
116000 0.0194791
116100 0.0195792
116200 0.0193195
116300 0.019464
116400 0.0209648
116500 0.020466
116600 0.0201517
116700 0.0210713
116800 0.02165
116900 0.0207811
117000 0.020859
117100 0.0205098
117200 0.0202883
117300 0.019807
117400 0.0196924
117500 0.0192555
117600 0.0207535
117700 0.0202527
117800 0.0197354
117900 0.0188862
118000 0.0183858
118100 0.0184077
118200 0.0191208
118300 0.0196468
118400 0.0206826
118500 0.0206204
118600 0.0207943
118700 0.0210811
118800 0.0208448
118900 0.0203003
119000 0.020381
119100 0.0199774
119200 0.0199256
119300 0.0198015
119400 0.0196333
119500 0.0192594
119600 0.0191036
119700 0.0190084
119800 0.0186052
119900 0.0185798
120000 0.0188219
120100 0.0189195
120200 0.0190106
120300 0.0192411
120400 0.0190073
120500 0.0190735
120600 0.0198573
120700 0.0199262
120800 0.0198945
120900 0.0199
121000 0.0198747
121100 0.0203841
121200 0.0204774
121300 0.0206231
121400 0.0200259
121500 0.0205295
121600 0.0206066
121700 0.020709
121800 0.0205762
121900 0.0204886
122000 0.020078
122100 0.0197847
122200 0.0195052
122300 0.0192367
122400 0.0186932
122500 0.019782
122600 0.0197609
122700 0.0198601
122800 0.0203281
122900 0.0204588
123000 0.0203641
123100 0.0201824
123200 0.019877
123300 0.0200911
123400 0.0202009
123500 0.0202725
123600 0.0208319
123700 0.020459
123800 0.0209151
123900 0.0207356
124000 0.0206268
124100 0.0206204
124200 0.0202817
124300 0.0206915
124400 0.0199267
124500 0.0197943
124600 0.0203237
124700 0.0206475
124800 0.0210627
124900 0.020669
125000 0.0212372
125100 0.0211075
125200 0.0218001
125300 0.0208544
125400 0.0209508
125500 0.0205343
125600 0.0203846
125700 0.0206039
125800 0.0199474
125900 0.0198647
126000 0.0190469
126100 0.018925
126200 0.0189677
126300 0.0195653
126400 0.0197137
126500 0.0196537
126600 0.0197373
126700 0.020778
126800 0.0209638
126900 0.0209113
127000 0.0204276
127100 0.0205362
127200 0.0214733
127300 0.0210477
127400 0.020327
127500 0.0202548
127600 0.0201039
127700 0.0202046
127800 0.0203602
127900 0.020394
128000 0.0205294
128100 0.0197068
128200 0.0198844
128300 0.0196903
128400 0.0195908
128500 0.0201134
128600 0.0201168
128700 0.0202566
128800 0.0198201
128900 0.0201495
129000 0.0202792
129100 0.0202504
129200 0.020189
129300 0.0204092
129400 0.0201855
129500 0.0198082
129600 0.0194594
129700 0.0191861
129800 0.0193376
129900 0.0190225
130000 0.0189628
130100 0.0190404
130200 0.0192328
130300 0.0194043
130400 0.01937
130500 0.0195479
130600 0.0192784
130700 0.0192075
130800 0.0192939
130900 0.0200589
131000 0.0196973
131100 0.0197627
131200 0.0198336
131300 0.0200278
131400 0.0198268
131500 0.0199309
131600 0.0194303
131700 0.0191438
131800 0.0199774
131900 0.0199598
132000 0.0198585
132100 0.0196361
132200 0.0196633
132300 0.0195246
132400 0.019352
132500 0.0192074
132600 0.0191363
132700 0.0189181
132800 0.018737
132900 0.0193922
133000 0.0195129
133100 0.0197541
133200 0.0197619
133300 0.0200203
133400 0.0197727
133500 0.0196876
133600 0.0192625
133700 0.0191292
133800 0.0187526
133900 0.0189943
134000 0.0188679
134100 0.0187347
134200 0.0189381
134300 0.0191946
134400 0.0190637
134500 0.0194675
134600 0.0190866
134700 0.0187323
134800 0.018738
134900 0.0186833
135000 0.0186871
135100 0.0184006
135200 0.0184904
135300 0.0198523
135400 0.0201395
135500 0.020516
135600 0.0198348
135700 0.0197616
135800 0.0192731
135900 0.0199799
136000 0.0200691
136100 0.0199791
136200 0.0196131
136300 0.0204989
136400 0.0208569
136500 0.0207572
136600 0.0211154
136700 0.0205411
136800 0.0200433
136900 0.0197545
137000 0.0193602
137100 0.0196065
137200 0.0196399
137300 0.0195111
137400 0.0193037
137500 0.0191392
137600 0.0195321
137700 0.0199369
137800 0.0197971
137900 0.0198
138000 0.0200125
138100 0.0194157
138200 0.0193121
138300 0.0195612
138400 0.0198097
138500 0.0198051
138600 0.0201022
138700 0.0201182
138800 0.0203357
138900 0.0202437
139000 0.0198882
139100 0.0197567
139200 0.0195244
139300 0.0205253
139400 0.0201493
139500 0.0200256
139600 0.0201942
139700 0.0197924
139800 0.0202276
139900 0.0200626
140000 0.0201872
140100 0.0202264
140200 0.0198946
140300 0.0199028
140400 0.019901
140500 0.0196745
140600 0.0199502
140700 0.0199606
140800 0.020345
140900 0.0202831
141000 0.0200783
141100 0.0198023
141200 0.0199205
141300 0.0199054
141400 0.0199604
141500 0.0194437
141600 0.0194203
141700 0.0192014
141800 0.0186441
141900 0.019372
142000 0.0198803
142100 0.0196383
142200 0.0195347
142300 0.0191938
142400 0.018955
142500 0.0190435
142600 0.0188392
142700 0.0183101
142800 0.0185631
142900 0.0189965
143000 0.0191381
143100 0.0195231
143200 0.0196967
143300 0.0196674
143400 0.0193932
143500 0.0193569
143600 0.0194135
143700 0.018949
143800 0.019092
143900 0.0191897
144000 0.0192768
144100 0.0193733
144200 0.0196331
144300 0.0191727
144400 0.0191835
144500 0.019381
144600 0.0195579
144700 0.0196548
144800 0.019324
144900 0.0188437
145000 0.0188729
145100 0.018539
145200 0.0187368
145300 0.0188791
145400 0.0189803
145500 0.0192604
145600 0.0190443
145700 0.0194332
145800 0.0196399
145900 0.0190392
146000 0.0190182
146100 0.0190033
146200 0.019161
146300 0.0191258
146400 0.0191562
146500 0.019474
146600 0.0192104
146700 0.0195316
146800 0.0208052
146900 0.0205808
147000 0.0200314
147100 0.0197337
147200 0.0192671
147300 0.0194287
147400 0.0197318
147500 0.0198383
147600 0.0207423
147700 0.020609
147800 0.0203907
147900 0.0210966
148000 0.0204753
148100 0.0206223
148200 0.0205302
148300 0.0207988
148400 0.0221973
148500 0.0221133
148600 0.0214704
148700 0.0210942
148800 0.0215107
148900 0.0210582
149000 0.0206697
149100 0.0203235
149200 0.0200617
149300 0.0199664
149400 0.01984
149500 0.0200001
149600 0.0198284
149700 0.019997
149800 0.0204967
149900 0.0209288
150000 0.0208193
150100 0.0205125
150200 0.0205258
150300 0.0206002
150400 0.0206053
150500 0.020708
150600 0.0201739
150700 0.0194957
150800 0.019495
150900 0.0195712
151000 0.0197925
151100 0.0197747
151200 0.0203398
151300 0.0199591
151400 0.019625
151500 0.0195749
151600 0.0196859
151700 0.0202567
151800 0.0202659
151900 0.0203068
152000 0.0200613
152100 0.0199243
152200 0.0203475
152300 0.0197867
152400 0.0196853
152500 0.0201171
152600 0.0198467
152700 0.0195234
152800 0.0196559
152900 0.0196921
153000 0.0195156
153100 0.0191321
153200 0.019592
153300 0.0198169
153400 0.0195198
153500 0.0193104
153600 0.0189241
153700 0.0187979
153800 0.0186554
153900 0.0184772
154000 0.0185092
154100 0.0187886
154200 0.0188595
154300 0.0193895
154400 0.0195399
154500 0.0195368
154600 0.0193373
154700 0.0200468
154800 0.0204908
154900 0.0203148
155000 0.020339
155100 0.0202575
155200 0.0198145
155300 0.0205257
155400 0.0208591
155500 0.0208757
155600 0.0209074
155700 0.0212936
155800 0.0209573
155900 0.0206252
156000 0.0204934
156100 0.0202202
156200 0.0200853
156300 0.0202508
156400 0.0202868
156500 0.0200704
156600 0.0203239
156700 0.0195926
156800 0.0198676
156900 0.0192046
157000 0.0192699
157100 0.0194467
157200 0.0194934
157300 0.0200827
157400 0.0204287
157500 0.0206691
157600 0.0209148
157700 0.0210483
157800 0.020578
157900 0.0209043
158000 0.0202532
158100 0.0205642
158200 0.020728
158300 0.0207732
158400 0.020771
158500 0.021812
158600 0.0209337
158700 0.0210093
158800 0.0203999
158900 0.0203768
159000 0.0200539
159100 0.0200211
159200 0.0200399
159300 0.0197883
159400 0.0196868
159500 0.0200626
159600 0.0208706
159700 0.020943
159800 0.0207186
159900 0.0206702
160000 0.0206902
160100 0.0203335
160200 0.0203497
160300 0.0215556
160400 0.0213348
160500 0.0213798
160600 0.0208103
160700 0.0205886
160800 0.0201837
160900 0.0197558
161000 0.0196528
161100 0.0195722
161200 0.0195725
161300 0.0190468
161400 0.0190641
161500 0.0191862
161600 0.0191144
161700 0.0190561
161800 0.01965
161900 0.0198058
162000 0.0198023
162100 0.0206476
162200 0.0202029
162300 0.0206606
162400 0.0210035
162500 0.0209214
162600 0.0210217
162700 0.0204323
162800 0.0204793
162900 0.0204781
163000 0.020335
163100 0.0202686
163200 0.0199934
163300 0.0200062
163400 0.0197525
163500 0.0198609
163600 0.02006
163700 0.0200242
163800 0.0205357
163900 0.0202897
164000 0.0197577
164100 0.0194765
164200 0.0196958
164300 0.0196332
164400 0.0194629
164500 0.0191484
164600 0.0189939
164700 0.0188538
164800 0.0187837
164900 0.0190614
165000 0.0195617
165100 0.0195834
165200 0.0196661
165300 0.0195808
165400 0.0192914
165500 0.0212626
165600 0.0209591
165700 0.0203041
165800 0.0198558
165900 0.0196326
166000 0.0199621
166100 0.0202651
166200 0.0198678
166300 0.0204844
166400 0.0203404
166500 0.0200837
166600 0.0199893
166700 0.0200075
166800 0.0199998
166900 0.0204216
167000 0.0204089
167100 0.0201564
167200 0.0203157
167300 0.020528
167400 0.0204849
167500 0.0198654
167600 0.0194407
167700 0.0196211
167800 0.0194898
167900 0.0196202
168000 0.0194797
168100 0.0201785
168200 0.0200777
168300 0.0198538
168400 0.0196388
168500 0.0196724
168600 0.0195882
168700 0.0196046
168800 0.0192729
168900 0.0189066
169000 0.0196718
169100 0.0200335
169200 0.0194984
169300 0.019499
169400 0.0195868
169500 0.0198282
169600 0.01986
169700 0.0197997
169800 0.020228
169900 0.0201171
170000 0.0197932
170100 0.0199162
170200 0.0197885
170300 0.0197806
170400 0.0198709
170500 0.0200084
170600 0.0204769
170700 0.0202532
170800 0.0198829
170900 0.0199917
171000 0.0202584
171100 0.0202055
171200 0.0200904
171300 0.020244
171400 0.019835
171500 0.0200137
171600 0.0196286
171700 0.0196486
171800 0.0191802
171900 0.0190832
172000 0.019242
172100 0.0192498
172200 0.0190215
172300 0.019014
172400 0.0188765
172500 0.0203491
172600 0.0204041
172700 0.0193691
172800 0.0189369
172900 0.0196649
173000 0.0195994
173100 0.019908
173200 0.0199868
173300 0.0203568
173400 0.0198644
173500 0.0197363
173600 0.0193684
173700 0.0198483
173800 0.0194758
173900 0.0194759
174000 0.0193323
174100 0.0192783
174200 0.0195495
174300 0.0194833
174400 0.0196205
174500 0.0195848
174600 0.0196851
174700 0.0197732
174800 0.0196855
174900 0.0194749
175000 0.0198368
175100 0.0209254
175200 0.0202486
175300 0.019765
175400 0.0203001
175500 0.0198997
175600 0.0199163
175700 0.0203298
175800 0.020356
175900 0.0204043
176000 0.0207864
176100 0.0210794
176200 0.0213405
176300 0.0210516
176400 0.0207385
176500 0.0206426
176600 0.0206865
176700 0.0225182
176800 0.021902
176900 0.0218216
177000 0.0218598
177100 0.0213686
177200 0.0204678
177300 0.0201962
177400 0.019962
177500 0.0200954
177600 0.0210156
177700 0.0208407
177800 0.0207553
177900 0.0208488
178000 0.0205229
178100 0.0204235
178200 0.0199671
178300 0.0199111
178400 0.0202877
178500 0.0198983
178600 0.0199873
178700 0.0199068
178800 0.0208291
178900 0.0207484
179000 0.0204701
179100 0.020811
179200 0.0206532
179300 0.019873
179400 0.0200305
179500 0.0197296
179600 0.0200166
179700 0.0203453
179800 0.020304
179900 0.0204636
180000 0.0202278
180100 0.0202151
180200 0.0199325
180300 0.0210754
180400 0.0207289
180500 0.0209523
180600 0.0212936
180700 0.0211356
180800 0.0206909
180900 0.0198832
181000 0.0196412
181100 0.0196709
181200 0.0199692
181300 0.0196912
181400 0.0196573
181500 0.0193771
181600 0.0195289
181700 0.0194257
181800 0.0190689
181900 0.0192724
182000 0.019296
182100 0.019288
182200 0.0192553
182300 0.0191325
182400 0.019275
182500 0.0192371
182600 0.0192354
182700 0.0192785
182800 0.0192092
182900 0.0189181
183000 0.0193802
183100 0.0190994
183200 0.0189139
183300 0.0195071
183400 0.0199345
183500 0.0198264
183600 0.0200437
183700 0.019904
183800 0.0199158
183900 0.0195339
184000 0.0197045
184100 0.01975
184200 0.019913
184300 0.0199966
184400 0.0196551
184500 0.0197443
184600 0.0197796
184700 0.0194695
184800 0.0196474
184900 0.0192864
185000 0.0192963
185100 0.0196833
185200 0.0192323
185300 0.0197372
185400 0.0197399
185500 0.0194686
185600 0.0198083
185700 0.0201635
185800 0.0197303
185900 0.0192929
186000 0.0198075
186100 0.0196467
186200 0.0196329
186300 0.0204799
186400 0.0206955
186500 0.0207972
186600 0.0209144
186700 0.0206511
186800 0.0201666
186900 0.0203337
187000 0.0201001
187100 0.0202924
187200 0.0200498
187300 0.0199995
187400 0.0202045
187500 0.0202465
187600 0.0202818
187700 0.0202
187800 0.0203776
187900 0.0204677
188000 0.0202746
188100 0.0204611
188200 0.0202956
188300 0.0206209
188400 0.0204075
188500 0.0201929
188600 0.0209089
188700 0.0207767
188800 0.0204294
188900 0.0201783
189000 0.0204065
189100 0.0205245
189200 0.0202597
189300 0.0205429
189400 0.0205069
189500 0.0201312
189600 0.020353
189700 0.0206202
189800 0.0206528
189900 0.0202311
190000 0.0197954
190100 0.0194454
190200 0.0192841
190300 0.0194222
190400 0.0187976
190500 0.0188176
190600 0.0186852
190700 0.0189235
190800 0.0192842
190900 0.0186974
191000 0.018248
191100 0.0185179
191200 0.0185823
191300 0.0189301
191400 0.0190693
191500 0.019715
191600 0.0200789
191700 0.020134
191800 0.0199945
191900 0.0200402
192000 0.0200825
192100 0.0202314
192200 0.0200306
192300 0.0194766
192400 0.0194335
192500 0.0197353
192600 0.0196278
192700 0.0196421
192800 0.0197434
192900 0.0196651
193000 0.0194734
193100 0.0194086
193200 0.0194911
193300 0.0195098
193400 0.019619
193500 0.0193253
193600 0.0193783
193700 0.0193094
193800 0.0194125
193900 0.0193064
194000 0.0191149
194100 0.0194563
194200 0.0202217
194300 0.0203766
194400 0.020277
194500 0.0201217
194600 0.0200451
194700 0.0206068
194800 0.0212777
194900 0.0214239
195000 0.0210865
195100 0.0205892
195200 0.0203038
195300 0.019712
195400 0.0196446
195500 0.0195828
195600 0.0200124
195700 0.019734
195800 0.0194785
195900 0.0194881
196000 0.0196259
196100 0.0200104
196200 0.02018
196300 0.0199977
196400 0.0200977
196500 0.0201898
196600 0.0200504
196700 0.0200274
196800 0.0198863
196900 0.0200126
197000 0.0199258
197100 0.0197252
197200 0.019642
197300 0.0190939
197400 0.0189182
197500 0.0188137
197600 0.0187332
197700 0.0184227
197800 0.018486
197900 0.0183424
198000 0.0191582
198100 0.0199967
198200 0.0197984
198300 0.0197718
198400 0.0196656
198500 0.0195473
198600 0.0202603
198700 0.0203793
198800 0.0206165
198900 0.0203235
199000 0.0204581
199100 0.0206657
199200 0.0209233
199300 0.0212552
199400 0.0209192
199500 0.0207283
199600 0.0200912
199700 0.0204114
199800 0.02056
199900 0.0205809
200000 0.0201591
200100 0.0197832
200200 0.020268
200300 0.0202445
200400 0.0203384
200500 0.020021
200600 0.0210888
200700 0.0215725
200800 0.0209107
200900 0.0204457
201000 0.0207624
201100 0.0208576
201200 0.0211964
201300 0.0209533
201400 0.0207271
201500 0.0205538
201600 0.0203818
201700 0.0212061
201800 0.0210829
201900 0.020503
202000 0.0205237
202100 0.0201469
202200 0.0203222
202300 0.020189
202400 0.0200054
202500 0.0201918
202600 0.0198643
202700 0.0194315
202800 0.0197235
202900 0.0200741
203000 0.020191
203100 0.0203562
203200 0.020839
203300 0.0203892
203400 0.021281
203500 0.0213529
203600 0.0206822
203700 0.0205551
203800 0.0199292
203900 0.0201649
204000 0.0202813
204100 0.0202832
204200 0.0205511
204300 0.0202259
204400 0.020563
204500 0.0205921
204600 0.0205401
204700 0.0204294
204800 0.0207961
204900 0.0203849
205000 0.0209458
205100 0.020504
205200 0.020547
205300 0.0201138
205400 0.0201615
205500 0.0210176
205600 0.0208043
205700 0.0204619
205800 0.0203432
205900 0.0210254
206000 0.0210415
206100 0.0204899
206200 0.0205024
206300 0.0198697
206400 0.019606
206500 0.0197917
206600 0.0204827
206700 0.0212028
206800 0.0207811
206900 0.0205432
207000 0.0204124
207100 0.0197718
207200 0.0192398
207300 0.0202531
207400 0.0201198
207500 0.0202974
207600 0.0199182
207700 0.0199459
207800 0.0199661
207900 0.0199985
208000 0.0204013
208100 0.0210343
208200 0.0204869
208300 0.0206178
208400 0.0202256
208500 0.0203499
208600 0.0204204
208700 0.0205928
208800 0.0202928
208900 0.0206369
209000 0.0203319
209100 0.0197968
209200 0.0197618
209300 0.0193752
209400 0.0193855
209500 0.0196317
209600 0.0200359
209700 0.0202149
209800 0.0196468
209900 0.0199605
210000 0.0200982
210100 0.0200989
210200 0.0201465
210300 0.020109
210400 0.0204802
210500 0.0198106
210600 0.0197505
210700 0.0199317
210800 0.0203843
210900 0.0197913
211000 0.0192086
211100 0.0187221
211200 0.0194081
211300 0.0188074
211400 0.0199489
211500 0.0201109
211600 0.0200695
211700 0.0202064
211800 0.0210708
211900 0.0207616
212000 0.0208703
212100 0.020989
212200 0.0205648
212300 0.0209691
212400 0.0209928
212500 0.0206569
212600 0.0204637
212700 0.0205662
212800 0.0203621
212900 0.0206588
213000 0.0206699
213100 0.0207653
213200 0.0205102
213300 0.0200887
213400 0.020203
213500 0.0200259
213600 0.0198206
213700 0.0196726
213800 0.0195901
213900 0.0201042
214000 0.0200784
214100 0.0199014
214200 0.0205641
214300 0.0202868
214400 0.0206149
214500 0.0200995
214600 0.0201018
214700 0.0198152
214800 0.0199128
214900 0.0202215
215000 0.019959
215100 0.0201045
215200 0.0198619
215300 0.0204967
215400 0.0197301
215500 0.0197728
215600 0.0196294
215700 0.0195157
215800 0.0194447
215900 0.0193966
216000 0.0200247
216100 0.0200446
216200 0.020094
216300 0.0197243
216400 0.019967
216500 0.0203489
216600 0.0204414
216700 0.0199548
216800 0.0195824
216900 0.0194701
217000 0.0194237
217100 0.0193887
217200 0.0193324
217300 0.019461
217400 0.0199719
217500 0.0195175
217600 0.019754
217700 0.0200914
217800 0.0204565
217900 0.0205336
218000 0.0207668
218100 0.0211545
218200 0.0208436
218300 0.0208873
218400 0.0208854
218500 0.0205571
218600 0.0207104
218700 0.020371
218800 0.0207716
218900 0.0207211
219000 0.0205646
219100 0.0205846
219200 0.0209634
219300 0.0205713
219400 0.0202774
219500 0.0202875
219600 0.0201777
219700 0.0200252
219800 0.0196947
219900 0.0201071
220000 0.0202885
220100 0.0206747
220200 0.0203357
220300 0.0199727
220400 0.0201199
220500 0.020358
220600 0.0200637
220700 0.0193932
220800 0.0191551
220900 0.0194926
221000 0.019646
221100 0.0193146
221200 0.019339
221300 0.019916
221400 0.0199151
221500 0.0192736
221600 0.0194197
221700 0.0193667
221800 0.0194543
221900 0.019144
222000 0.0195602
222100 0.0195769
222200 0.0196227
222300 0.0195892
222400 0.0200916
222500 0.0201335
222600 0.0201377
222700 0.0200754
222800 0.019713
222900 0.0198
223000 0.0204452
223100 0.0212771
223200 0.0209719
223300 0.0210748
223400 0.0204873
223500 0.0204692
223600 0.0201885
223700 0.0202824
223800 0.0195957
223900 0.0194837
224000 0.0194839
224100 0.0194456
224200 0.0197785
224300 0.0196369
224400 0.0194562
224500 0.0196052
224600 0.01994
224700 0.0199227
224800 0.0203524
224900 0.0201376
225000 0.0199975
225100 0.0193925
225200 0.0193468
225300 0.0199753
225400 0.0194191
225500 0.0197088
225600 0.0204763
225700 0.0210803
225800 0.0210743
225900 0.0207294
226000 0.0204998
226100 0.0201968
226200 0.0202013
226300 0.0204412
226400 0.0204825
226500 0.0202834
226600 0.0204509
226700 0.0199088
226800 0.0200824
226900 0.0198974
227000 0.0198573
227100 0.0195084
227200 0.0196352
227300 0.0199774
227400 0.0197529
227500 0.0195775
227600 0.0197781
227700 0.0197303
227800 0.0195762
227900 0.0196907
228000 0.0192251
228100 0.0190987
228200 0.0192884
228300 0.0199664
228400 0.019714
228500 0.0193425
228600 0.019023
228700 0.0189606
228800 0.0192315
228900 0.019605
229000 0.0199742
229100 0.0199974
229200 0.01957
229300 0.0199609
229400 0.0197176
229500 0.019751
229600 0.0198539
229700 0.0199509
229800 0.0201706
229900 0.0199244
230000 0.0193729
230100 0.0193871
230200 0.0195124
230300 0.0190696
230400 0.0192688
230500 0.0190919
230600 0.0192481
230700 0.0193731
230800 0.0192364
230900 0.0198083
231000 0.0200529
231100 0.0204175
231200 0.0207222
231300 0.0209133
231400 0.0205343
231500 0.0213236
231600 0.0213127
231700 0.0210244
231800 0.0206521
231900 0.0210352
232000 0.0212013
232100 0.0206955
232200 0.0203323
232300 0.0205233
232400 0.0202868
232500 0.0206592
232600 0.0204704
232700 0.0205698
232800 0.0205013
232900 0.020359
233000 0.0203384
233100 0.0207642
233200 0.0206993
233300 0.0207156
233400 0.0207048
233500 0.0203272
233600 0.020242
233700 0.0200746
233800 0.0202834
233900 0.0201766
234000 0.0202262
234100 0.0202408
234200 0.0206936
234300 0.0203933
234400 0.0203668
234500 0.0201697
234600 0.0203274
234700 0.020426
234800 0.0206985
234900 0.0208709
235000 0.020738
235100 0.0206489
235200 0.02074
235300 0.0207987
235400 0.0204773
235500 0.019955
235600 0.0200729
235700 0.0200519
235800 0.0202672
235900 0.0203367
236000 0.0206963
236100 0.0200799
236200 0.0199568
236300 0.0197779
236400 0.0194748
236500 0.019694
236600 0.0198864
236700 0.0199357
236800 0.0198757
236900 0.0197344
237000 0.0196105
237100 0.019393
237200 0.0195099
237300 0.0199332
237400 0.0198944
237500 0.0197503
237600 0.0196523
237700 0.0197474
237800 0.0192536
237900 0.0190964
238000 0.0194532
238100 0.0195743
238200 0.0198135
238300 0.0192275
238400 0.0195913
238500 0.0194209
238600 0.0196302
238700 0.0195244
238800 0.0198795
238900 0.0201754
239000 0.0200483
239100 0.0202776
239200 0.0202943
239300 0.020046
239400 0.0203651
239500 0.0209333
239600 0.0207441
239700 0.0206845
239800 0.0207685
239900 0.0203269
240000 0.0201738
240100 0.0198068
240200 0.0194934
240300 0.0193644
240400 0.0192962
240500 0.0210235
240600 0.0206614
240700 0.0207276
240800 0.0207745
240900 0.0202264
241000 0.0201532
241100 0.0199133
241200 0.0199146
241300 0.0199968
241400 0.0204161
241500 0.0202852
241600 0.0205005
241700 0.0209735
241800 0.0206862
241900 0.0211596
242000 0.0201273
242100 0.0198542
242200 0.0201696
242300 0.0201553
242400 0.0198701
242500 0.0196376
242600 0.019512
242700 0.0198615
242800 0.019906
242900 0.0198648
243000 0.0195767
243100 0.0199561
243200 0.0196117
243300 0.0198935
243400 0.0194392
243500 0.0194024
243600 0.0196105
243700 0.0194955
243800 0.0193074
243900 0.0191441
244000 0.0191172
244100 0.0193688
244200 0.0190312
244300 0.0190545
244400 0.0194922
244500 0.0195348
244600 0.02018
244700 0.0197562
244800 0.020065
244900 0.0201384
245000 0.020373
245100 0.0202607
245200 0.0205658
245300 0.0207135
245400 0.0201901
245500 0.0211346
245600 0.0212348
245700 0.0212608
245800 0.0211963
245900 0.0208771
246000 0.0218029
246100 0.0215883
246200 0.0231283
246300 0.0226588
246400 0.0225221
246500 0.0219423
246600 0.0215781
246700 0.0208734
246800 0.0205145
246900 0.020161
247000 0.020281
247100 0.0201322
247200 0.0196912
247300 0.0197392
247400 0.0197674
247500 0.0196395
247600 0.0195848
247700 0.01985
247800 0.0200372
247900 0.0194006
248000 0.0195791
248100 0.0201082
248200 0.0200919
248300 0.020203
248400 0.0199696
248500 0.0204196
248600 0.0200128
248700 0.0200731
248800 0.0198671
248900 0.0202253
249000 0.0200804
249100 0.0210559
249200 0.0206374
249300 0.0209344
249400 0.020608
249500 0.0206526
249600 0.0204032
249700 0.0207488
249800 0.020969
249900 0.0202522
250000 0.0200317
250100 0.0198267
250200 0.0194859
250300 0.019709
250400 0.0196155
250500 0.019997
250600 0.019712
250700 0.0200673
250800 0.0196099
250900 0.0192243
251000 0.0193302
251100 0.0197374
251200 0.0196569
251300 0.0198205
251400 0.0198546
251500 0.019858
251600 0.0201956
251700 0.0203257
251800 0.0200306
251900 0.0203329
252000 0.0204187
252100 0.0205922
252200 0.0204551
252300 0.020784
252400 0.0207618
252500 0.0200507
252600 0.0200248
252700 0.0198105
252800 0.0197686
252900 0.0199243
253000 0.0197208
253100 0.0195995
253200 0.0195804
253300 0.0199435
253400 0.0202105
253500 0.020173
253600 0.020358
253700 0.020339
253800 0.0209911
253900 0.0204921
254000 0.020323
254100 0.0199985
254200 0.0199757
254300 0.019986
254400 0.020116
254500 0.0210945
254600 0.0212815
254700 0.0221126
254800 0.0216331
254900 0.02118
255000 0.0217196
255100 0.0219454
255200 0.0217157
255300 0.0219849
255400 0.0215949
255500 0.0216595
255600 0.0220739
255700 0.0218554
255800 0.0214897
255900 0.0214808
256000 0.0212371
256100 0.0211839
256200 0.0205725
256300 0.020106
256400 0.019997
256500 0.0200198
256600 0.0203907
256700 0.0204269
256800 0.0203471
256900 0.019531
257000 0.0194484
257100 0.0192012
257200 0.0192469
257300 0.0194309
257400 0.0195008
257500 0.0194516
257600 0.0195213
257700 0.0194573
257800 0.0193842
257900 0.019095
258000 0.0187235
258100 0.0187478
258200 0.0189819
258300 0.0185276
258400 0.0189517
258500 0.0186995
258600 0.0190029
258700 0.0196205
258800 0.0191872
258900 0.0192986
259000 0.0201237
259100 0.0199421
259200 0.0212443
259300 0.0210623
259400 0.020994
259500 0.021409
259600 0.0211831
259700 0.0209426
259800 0.0212074
259900 0.0212642
260000 0.020798
260100 0.0208201
260200 0.0205144
260300 0.0200242
260400 0.0198161
260500 0.0197905
260600 0.0197964
260700 0.0195557
260800 0.0193044
260900 0.0193875
261000 0.0191906
261100 0.0198617
261200 0.0196918
261300 0.019626
261400 0.0194639
261500 0.0192564
261600 0.0196163
261700 0.0197701
261800 0.0194876
261900 0.0201223
262000 0.0201965
262100 0.0203791
262200 0.0201241
262300 0.0202857
262400 0.0200539
262500 0.0204215
262600 0.0204261
262700 0.020361
262800 0.0202505
262900 0.020143
263000 0.0198715
263100 0.0198108
263200 0.0200134
263300 0.0200675
263400 0.0201177
263500 0.0196966
263600 0.0199312
263700 0.0196619
263800 0.0198073
263900 0.0201843
264000 0.019933
264100 0.01984
264200 0.0199608
264300 0.0201375
264400 0.019682
264500 0.0199302
264600 0.0200481
264700 0.0191509
264800 0.0188778
264900 0.019621
265000 0.0198549
265100 0.0200172
265200 0.0200398
265300 0.0198565
265400 0.0201213
265500 0.0200077
265600 0.0202112
265700 0.0196352
265800 0.0197203
265900 0.0195123
266000 0.0203293
266100 0.0200775
266200 0.0200701
266300 0.0198457
266400 0.0193693
266500 0.0192754
266600 0.019218
266700 0.0195158
266800 0.0191373
266900 0.0194838
267000 0.0191883
267100 0.0191322
267200 0.0191449
267300 0.0192193
267400 0.0195827
267500 0.0198563
267600 0.0199009
267700 0.0214814
267800 0.0214192
267900 0.0211434
268000 0.0211888
268100 0.0207712
268200 0.0206353
268300 0.0201807
268400 0.020092
268500 0.0223234
268600 0.0218555
268700 0.0213519
268800 0.0214286
268900 0.0208416
269000 0.0205677
269100 0.0201111
269200 0.0197677
269300 0.0201472
269400 0.0206182
269500 0.0208128
269600 0.020183
269700 0.0199783
269800 0.0201548
269900 0.0202216
270000 0.0198843
270100 0.0199902
270200 0.0200745
270300 0.0203365
270400 0.0201853
270500 0.0198477
270600 0.0195252
270700 0.0195271
270800 0.0195887
270900 0.0196015
271000 0.0193937
271100 0.0195669
271200 0.0195091
271300 0.0197455
271400 0.0200291
271500 0.0199551
271600 0.0202748
271700 0.0201036
271800 0.0198094
271900 0.0203381
272000 0.0203252
272100 0.020657
272200 0.0204168
272300 0.0199173
272400 0.0198819
272500 0.0195955
272600 0.019562
272700 0.0196663
272800 0.019666
272900 0.0198855
273000 0.0200559
273100 0.0198938
273200 0.0200943
273300 0.020128
273400 0.0199115
273500 0.0197429
273600 0.0198847
273700 0.0191257
273800 0.0192124
273900 0.0197239
274000 0.0202246
274100 0.0198601
274200 0.0198909
274300 0.0201749
274400 0.0200118
274500 0.0200566
274600 0.0200251
274700 0.0198729
274800 0.0198482
274900 0.0196607
275000 0.0192575
275100 0.0190999
275200 0.0195348
275300 0.0198335
275400 0.0198506
275500 0.0198363
275600 0.0196528
275700 0.0199598
275800 0.0197385
275900 0.0198339
276000 0.0196363
276100 0.0202028
276200 0.0203021
276300 0.0203798
276400 0.0205606
276500 0.0211816
276600 0.0204037
276700 0.0209403
276800 0.0204729
276900 0.0199432
277000 0.0200857
277100 0.0204589
277200 0.0203714
277300 0.020729
277400 0.0211345
277500 0.0212959
277600 0.021274
277700 0.021193
277800 0.0208637
277900 0.0210698
278000 0.02086
278100 0.0206869
278200 0.0202669
278300 0.0200197
278400 0.0196177
278500 0.0199237
278600 0.0203247
278700 0.0202471
278800 0.019949
278900 0.0201522
279000 0.0202896
279100 0.0202451
279200 0.0204452
279300 0.0202448
279400 0.0196839
279500 0.0199414
279600 0.0198636
279700 0.0201474
279800 0.0203623
279900 0.0203435
280000 0.0200977
280100 0.0203423
280200 0.0201508
280300 0.0198164
280400 0.0192139
280500 0.0197099
280600 0.0196342
280700 0.0198165
280800 0.0195565
280900 0.0196486
281000 0.0195619
281100 0.0199581
281200 0.019913
281300 0.019566
281400 0.0196317
281500 0.0194812
281600 0.0196365
281700 0.0195131
281800 0.0193456
281900 0.0191325
282000 0.0189846
282100 0.019342
282200 0.0191754
282300 0.0186168
282400 0.0187227
282500 0.0190988
282600 0.0192924
282700 0.0194082
282800 0.0193934
282900 0.0193478
283000 0.0199926
283100 0.020093
283200 0.0197219
283300 0.0196858
283400 0.0204905
283500 0.0204126
283600 0.0205707
283700 0.0199744
283800 0.0202849
283900 0.0200595
284000 0.020465
284100 0.0200402
284200 0.0199865
284300 0.0201129
284400 0.0197808
284500 0.0201264
284600 0.0200058
284700 0.0202042
284800 0.0200285
284900 0.0201905
285000 0.0196499
285100 0.019767
285200 0.0199378
285300 0.0198028
285400 0.0206585
285500 0.0204902
285600 0.0203707
285700 0.0219534
285800 0.0219983
285900 0.0215719
286000 0.0214461
286100 0.0211575
286200 0.0208393
286300 0.0205968
286400 0.0202263
286500 0.0199878
286600 0.019882
286700 0.020131
286800 0.0199639
286900 0.0202769
287000 0.0199701
287100 0.0201261
287200 0.02011
287300 0.0198646
287400 0.020298
287500 0.0200048
287600 0.0196331
287700 0.0195117
287800 0.0201151
287900 0.0199087
288000 0.0198201
288100 0.0201192
288200 0.0204809
288300 0.0202847
288400 0.0203581
288500 0.0204504
288600 0.02067
288700 0.0207266
288800 0.0205357
288900 0.0203054
289000 0.020874
289100 0.0205989
289200 0.0203559
289300 0.0201379
289400 0.0198115
289500 0.0198966
289600 0.0203279
289700 0.0198971
289800 0.0202581
289900 0.0206921
290000 0.0205456
290100 0.0202366
290200 0.020176
290300 0.0198928
290400 0.0198674
290500 0.0196174
290600 0.019732
290700 0.0195362
290800 0.0196505
290900 0.0193228
291000 0.0196147
291100 0.0205094
291200 0.0209359
291300 0.0223184
291400 0.0214868
291500 0.0211703
291600 0.0213068
291700 0.0222074
291800 0.0218189
291900 0.0213871
292000 0.0217817
292100 0.0216063
292200 0.0212703
292300 0.0208293
292400 0.020933
292500 0.0209536
292600 0.0210421
292700 0.0215308
292800 0.0219605
292900 0.0214888
293000 0.0214588
293100 0.0211087
293200 0.0209541
293300 0.0206759
293400 0.0206931
293500 0.0211184
293600 0.0203415
293700 0.0207231
293800 0.0205835
293900 0.020274
294000 0.0202996
294100 0.0203254
294200 0.0207761
294300 0.0208195
294400 0.020247
294500 0.0197839
294600 0.019382
294700 0.0200056
294800 0.0200803
294900 0.0201825
295000 0.0203492
295100 0.0208549
295200 0.0205266
295300 0.020107
295400 0.0201181
295500 0.0202599
295600 0.0202378
295700 0.0204221
295800 0.0202033
295900 0.0201952
296000 0.019847
296100 0.0196122
296200 0.0197713
296300 0.0195077
296400 0.0194413
296500 0.0204867
296600 0.0200941
296700 0.0198804
296800 0.0200358
296900 0.0197247
297000 0.0195381
297100 0.0200156
297200 0.0198894
297300 0.0198011
297400 0.020167
297500 0.0200982
297600 0.0200439
297700 0.0199091
297800 0.0196434
297900 0.0198841
298000 0.0199124
298100 0.0204175
298200 0.0199937
298300 0.0200962
298400 0.0198874
298500 0.0199879
298600 0.0200183
298700 0.019734
298800 0.0196529
298900 0.0197295
299000 0.0196563
299100 0.0197934
299200 0.0199296
299300 0.0195245
299400 0.0198272
299500 0.0193195
299600 0.0192671
299700 0.0197317
299800 0.0199616
299900 0.0199635
300000 0.02018
300100 0.0197011
300200 0.0196606
300300 0.0195207
300400 0.0195418
300500 0.0195576
300600 0.0197734
300700 0.0191515
300800 0.0192081
300900 0.0189323
301000 0.0188959
301100 0.0194414
301200 0.0199387
301300 0.0201823
301400 0.0198599
301500 0.0197774
301600 0.01992
301700 0.0201441
301800 0.0203428
301900 0.0198603
302000 0.0196579
302100 0.0199434
302200 0.0205253
302300 0.0203739
302400 0.0202597
302500 0.0196811
302600 0.0193365
302700 0.0194742
302800 0.0193179
302900 0.0193354
303000 0.0192682
303100 0.0195746
303200 0.0194234
303300 0.0198143
303400 0.0204603
303500 0.0204852
303600 0.0207335
303700 0.0208196
303800 0.0205986
303900 0.0205419
304000 0.0201746
304100 0.0197158
304200 0.0199389
304300 0.0198741
304400 0.0199807
304500 0.019949
304600 0.0202909
304700 0.0200251
304800 0.0201683
304900 0.0202606
305000 0.0199687
305100 0.0198993
305200 0.0196468
305300 0.0196776
305400 0.0194013
305500 0.019241
305600 0.0189791
305700 0.0185887
305800 0.0189796
305900 0.0186513
306000 0.0188789
306100 0.018698
306200 0.0186188
306300 0.0190882
306400 0.0189247
306500 0.0187147
306600 0.0203637
306700 0.0207943
306800 0.0209296
306900 0.0206758
307000 0.0209657
307100 0.0206263
307200 0.0207247
307300 0.0205354
307400 0.019877
307500 0.0200329
307600 0.0208975
307700 0.0209212
307800 0.0207502
307900 0.0208418
308000 0.0206636
308100 0.0217624
308200 0.0214247
308300 0.0209138
308400 0.0207204
308500 0.0202493
308600 0.0199861
308700 0.0194319
308800 0.019648
308900 0.0193091
309000 0.0192307
309100 0.0194969
309200 0.0199467
309300 0.0198593
309400 0.019585
309500 0.0200735
309600 0.019732
309700 0.0196411
309800 0.0195376
309900 0.0195458
310000 0.0197306
310100 0.0199303
310200 0.0197256
310300 0.0196884
310400 0.019873
310500 0.0201033
310600 0.0199639
310700 0.0200258
310800 0.0198137
310900 0.0197589
311000 0.0194031
311100 0.0191044
311200 0.0189372
311300 0.0189129
311400 0.0191935
311500 0.0195721
311600 0.0200441
311700 0.0199293
311800 0.0197404
311900 0.0201897
312000 0.0198283
312100 0.0198765
312200 0.0199806
312300 0.0199577
312400 0.0207154
312500 0.0202117
312600 0.0203527
312700 0.0201968
312800 0.0199844
312900 0.0200003
313000 0.0200575
313100 0.0195286
313200 0.0201675
313300 0.0202292
313400 0.0199142
313500 0.0197546
313600 0.0199789
313700 0.019905
313800 0.0199702
313900 0.019847
314000 0.0199489
314100 0.0195721
314200 0.0192177
314300 0.0191717
314400 0.0195361
314500 0.0195023
314600 0.0193603
314700 0.019405
314800 0.0190979
314900 0.0190419
315000 0.0189528
315100 0.0198109
315200 0.0195305
315300 0.019657
315400 0.019691
315500 0.0199373
315600 0.019787
315700 0.0195586
315800 0.0196916
315900 0.0194248
316000 0.0193304
316100 0.0190146
316200 0.0191404
316300 0.0191161
316400 0.0187003
316500 0.0186194
316600 0.0188859
316700 0.0192724
316800 0.0193023
316900 0.0194094
317000 0.0193613
317100 0.0195764
317200 0.0196506
317300 0.0195413
317400 0.0196107
317500 0.0193644
317600 0.0197164
317700 0.0196213
317800 0.0204514
317900 0.0202259
318000 0.0199379
318100 0.0196922
318200 0.0193269
318300 0.0199805
318400 0.0198302
318500 0.0198758
318600 0.0194695
318700 0.01921
318800 0.0191048
318900 0.0192085
319000 0.0193936
319100 0.0196267
319200 0.019805
319300 0.0201939
319400 0.0198692
319500 0.0199724
319600 0.0199283
319700 0.0197134
319800 0.0202143
319900 0.0210038
320000 0.020673
320100 0.0207604
320200 0.020653
320300 0.0203478
320400 0.0197433
320500 0.0196962
320600 0.020069
320700 0.0202459
320800 0.0198795
320900 0.0200392
321000 0.0210545
321100 0.0209814
321200 0.0213378
321300 0.0209869
321400 0.0209911
321500 0.0209211
321600 0.0204931
321700 0.020801
321800 0.020836
321900 0.0212701
322000 0.0214891
322100 0.0213707
322200 0.0212143
322300 0.0227269
322400 0.0217313
322500 0.0213737
322600 0.0211422
322700 0.0208596
322800 0.0206541
322900 0.0201913
323000 0.0203382
323100 0.0198295
323200 0.0197988
323300 0.0198628
323400 0.0203609
323500 0.0202291
323600 0.0201139
323700 0.0199484
323800 0.0197067
323900 0.0197828
324000 0.020147
324100 0.0200174
324200 0.0201249
324300 0.0200932
324400 0.0201194
324500 0.0204152
324600 0.0201879
324700 0.0199763
324800 0.0197413
324900 0.0199978
325000 0.0200429
325100 0.0208965
325200 0.0205468
325300 0.020816
325400 0.021029
325500 0.02078
325600 0.020897
325700 0.0204468
325800 0.0205055
325900 0.0203369
326000 0.0205217
326100 0.0202656
326200 0.020215
326300 0.0201332
326400 0.0202385
326500 0.0197711
326600 0.02009
326700 0.0199892
326800 0.0200582
326900 0.0202123
327000 0.0199879
327100 0.0201599
327200 0.0199338
327300 0.0194852
327400 0.0198563
327500 0.019881
327600 0.0201552
327700 0.0199532
327800 0.0216953
327900 0.0218136
328000 0.0213596
328100 0.0209144
328200 0.0207195
328300 0.0207127
328400 0.020532
328500 0.0202807
328600 0.0211916
328700 0.0208194
328800 0.0207535
328900 0.0202889
329000 0.0204765
329100 0.0207978
329200 0.0208009
329300 0.0206353
329400 0.0202557
329500 0.0200981
329600 0.0200624
329700 0.0195116
329800 0.0195234
329900 0.0190424
330000 0.0189033
330100 0.0188366
330200 0.0192
330300 0.0196181
330400 0.0196087
330500 0.0198004
330600 0.0197317
330700 0.0196985
330800 0.0196348
330900 0.0196026
331000 0.0195554
331100 0.0189937
331200 0.0191041
331300 0.0192485
331400 0.0193421
331500 0.0192049
331600 0.0196834
331700 0.019691
331800 0.0196911
331900 0.0199719
332000 0.020065
332100 0.020229
332200 0.0200894
332300 0.0198248
332400 0.0200448
332500 0.0199422
332600 0.0197342
332700 0.0192338
332800 0.0194547
332900 0.0188499
333000 0.0186517
333100 0.0188106
333200 0.0186436
333300 0.0190071
333400 0.0189483
333500 0.0196041
333600 0.0199511
333700 0.0197072
333800 0.0198766
333900 0.019294
334000 0.0194791
334100 0.0197396
334200 0.0197165
334300 0.0197057
334400 0.0198007
334500 0.0194541
334600 0.0195212
334700 0.0201745
334800 0.0205412
334900 0.0206289
335000 0.0203308
335100 0.0200393
335200 0.0205352
335300 0.020409
335400 0.0201577
335500 0.0198705
335600 0.0202075
335700 0.0203314
335800 0.0201871
335900 0.0201479
336000 0.020271
336100 0.0204309
336200 0.0204838
336300 0.0201659
336400 0.0197474
336500 0.0197685
336600 0.0201086
336700 0.0199895
336800 0.0201606
336900 0.0202546
337000 0.0200332
337100 0.0205206
337200 0.0205974
337300 0.0203604
337400 0.0205312
337500 0.0204542
337600 0.0202491
337700 0.0199534
337800 0.0198516
337900 0.0196714
338000 0.0194736
338100 0.0197372
338200 0.0201363
338300 0.0211424
338400 0.0206381
338500 0.0206314
338600 0.0202383
338700 0.0200474
338800 0.0200672
338900 0.0198682
339000 0.0192771
339100 0.0194613
339200 0.0198529
339300 0.0201389
339400 0.0199931
339500 0.0197954
339600 0.0198327
339700 0.0196907
339800 0.0207115
339900 0.0205119
340000 0.0201206
340100 0.0204404
340200 0.0200216
340300 0.0198943
340400 0.0201568
340500 0.0204383
340600 0.0206399
340700 0.0201641
340800 0.0198567
340900 0.0203465
341000 0.0201045
341100 0.0198226
341200 0.0190962
341300 0.0188732
341400 0.018874
341500 0.0190113
341600 0.0192976
341700 0.0188131
341800 0.0195761
341900 0.0196596
342000 0.0198479
342100 0.0210684
342200 0.020933
342300 0.0203597
342400 0.0197108
342500 0.0199418
342600 0.0194525
342700 0.0191918
342800 0.0191733
342900 0.0191837
343000 0.0194692
343100 0.0192519
343200 0.0194915
343300 0.0195747
343400 0.0199493
343500 0.0197706
343600 0.019525
343700 0.0191745
343800 0.0195786
343900 0.0191046
344000 0.019127
344100 0.0192862
344200 0.0197829
344300 0.0194679
344400 0.0195697
344500 0.0195417
344600 0.0195756
344700 0.0192807
344800 0.0226514
344900 0.0222861
345000 0.0217691
345100 0.0220918
345200 0.0217906
345300 0.0215179
345400 0.021275
345500 0.0213286
345600 0.0207755
345700 0.0203508
345800 0.0202405
345900 0.0203656
346000 0.01976
346100 0.0216347
346200 0.0212356
346300 0.0209336
346400 0.0214285
346500 0.0212264
346600 0.0206314
346700 0.0209511
346800 0.0207897
346900 0.0210549
347000 0.0205977
347100 0.020534
347200 0.02026
347300 0.0197995
347400 0.0215028
347500 0.0216867
347600 0.0215281
347700 0.0212263
347800 0.0208755
347900 0.0211172
348000 0.020513
348100 0.0202323
348200 0.020208
348300 0.0204816
348400 0.0200213
348500 0.0200373
348600 0.020309
348700 0.0202378
348800 0.0205404
348900 0.0204358
349000 0.0205453
349100 0.0203272
349200 0.0210588
349300 0.0208451
349400 0.0205478
349500 0.020209
349600 0.0205589
349700 0.0200399
349800 0.020018
349900 0.0200627
350000 0.0200663
350100 0.0202646
350200 0.0203361
350300 0.0200817
350400 0.0194556
350500 0.0189459
350600 0.019375
350700 0.0203835
350800 0.0216381
350900 0.0211116
351000 0.0209183
351100 0.0208604
351200 0.0210163
351300 0.0213797
351400 0.0206132
351500 0.0202395
351600 0.019806
351700 0.0197993
351800 0.0198666
351900 0.0197635
352000 0.0195853
352100 0.0198758
352200 0.0199556
352300 0.019745
352400 0.019957
352500 0.0192051
352600 0.0198056
352700 0.0199495
352800 0.0197787
352900 0.0196272
353000 0.0196486
353100 0.0199986
353200 0.0198744
353300 0.0196505
353400 0.0197916
353500 0.0201817
353600 0.0203178
353700 0.0204614
353800 0.0198024
353900 0.0197446
354000 0.0195433
354100 0.0196296
354200 0.019989
354300 0.0200509
354400 0.0206012
354500 0.0201994
354600 0.0203305
354700 0.020409
354800 0.0200209
354900 0.0199626
355000 0.0196888
355100 0.0205624
355200 0.0199898
355300 0.019942
355400 0.020127
355500 0.0198385
355600 0.0192951
355700 0.0193008
355800 0.0190519
355900 0.0188796
356000 0.0192544
356100 0.019228
356200 0.0189875
356300 0.0190002
356400 0.0194186
356500 0.0192429
356600 0.0193421
356700 0.0189268
356800 0.0187213
356900 0.0189721
357000 0.0203149
357100 0.0200611
357200 0.020001
357300 0.0193694
357400 0.0193118
357500 0.0197685
357600 0.0198898
357700 0.0192889
357800 0.0190439
357900 0.0190237
358000 0.0190272
358100 0.0192183
358200 0.0192195
358300 0.0193015
358400 0.0199486
358500 0.0198779
358600 0.0195362
358700 0.0193964
358800 0.0193171
358900 0.0189999
359000 0.0189613
359100 0.0190119
359200 0.0191991
359300 0.0194201
359400 0.0192439
359500 0.0191794
359600 0.01964
359700 0.0197764
359800 0.0199201
359900 0.0202826
360000 0.0199952
360100 0.0198218
360200 0.0196424
360300 0.0197969
360400 0.0198013
360500 0.0193703
360600 0.0193662
360700 0.0195161
360800 0.0194899
360900 0.0194464
361000 0.0190024
361100 0.0194227
361200 0.0197008
361300 0.0198236
361400 0.0196233
361500 0.0193712
361600 0.0194603
361700 0.0189897
361800 0.0196099
361900 0.020055
362000 0.0200065
362100 0.0199056
362200 0.0194449
362300 0.0195673
362400 0.0201771
362500 0.0204988
362600 0.0203983
362700 0.0203503
362800 0.0199667
362900 0.0199222
363000 0.019661
363100 0.0212648
363200 0.0207928
363300 0.0212308
363400 0.0214545
363500 0.0218239
363600 0.0214911
363700 0.0218943
363800 0.0216045
363900 0.0214437
364000 0.0212482
364100 0.0212211
364200 0.02114
364300 0.0208328
364400 0.020439
364500 0.0197065
364600 0.0197125
364700 0.0195209
364800 0.019579
364900 0.0195099
365000 0.0187216
365100 0.0185116
365200 0.0184379
365300 0.0183645
365400 0.0184984
365500 0.0182976
365600 0.0185841
365700 0.0185453
365800 0.0186199
365900 0.0188528
366000 0.0189684
366100 0.019272
366200 0.0190778
366300 0.0186946
366400 0.0188462
366500 0.0187623
366600 0.0189424
366700 0.0187587
366800 0.0187098
366900 0.0187739
367000 0.0187375
367100 0.0186691
367200 0.0187638
367300 0.0186667
367400 0.0187227
367500 0.0186243
367600 0.0188433
367700 0.0185283
367800 0.0182913
367900 0.0189273
368000 0.0190655
368100 0.019234
368200 0.0188487
368300 0.0192728
368400 0.0191958
368500 0.0195118
368600 0.0193573
368700 0.0191107
368800 0.0189178
368900 0.0188055
369000 0.0192984
369100 0.0194748
369200 0.0195886
369300 0.0191221
369400 0.0193942
369500 0.0197607
369600 0.0192535
369700 0.0195786
369800 0.0198675
369900 0.0197366
370000 0.0215144
370100 0.0212354
370200 0.020873
370300 0.0207581
370400 0.0202808
370500 0.0208565
370600 0.0205182
370700 0.0204217
370800 0.0200927
370900 0.019722
371000 0.0198135
371100 0.0196963
371200 0.019586
371300 0.0191993
371400 0.0196774
371500 0.0197654
371600 0.0196898
371700 0.0198404
371800 0.0202474
371900 0.0197261
372000 0.0200682
372100 0.0201238
372200 0.0205131
372300 0.0200569
372400 0.0201337
372500 0.0197438
372600 0.0196353
372700 0.0200796
372800 0.0211133
372900 0.0213261
373000 0.0211418
373100 0.0208739
373200 0.0202189
373300 0.019967
373400 0.0196303
373500 0.0195722
373600 0.0197739
373700 0.0196289
373800 0.0195494
373900 0.0199786
374000 0.0198581
374100 0.0201195
374200 0.0199106
374300 0.0203265
374400 0.0204299
374500 0.0202159
374600 0.0196434
374700 0.0196926
374800 0.0193487
374900 0.0191213
375000 0.0198142
375100 0.0198327
375200 0.019646
375300 0.0203266
375400 0.0198003
375500 0.0206096
375600 0.0202437
375700 0.0199411
375800 0.0196428
375900 0.0197748
376000 0.0196239
376100 0.0191601
376200 0.0190432
376300 0.0189994
376400 0.0192398
376500 0.0205262
376600 0.0202312
376700 0.0201463
376800 0.0201117
376900 0.0205733
377000 0.0197918
377100 0.0198677
377200 0.0204053
377300 0.0204002
377400 0.0198332
377500 0.0196347
377600 0.0193588
377700 0.0191102
377800 0.0196434
377900 0.0201525
378000 0.0199828
378100 0.0195274
378200 0.0199605
378300 0.0205493
378400 0.0203408
378500 0.0206488
378600 0.0201444
378700 0.0201334
378800 0.0206051
378900 0.0200144
379000 0.0201131
379100 0.0198511
379200 0.0203099
379300 0.0199102
379400 0.0195763
379500 0.0192281
379600 0.0194272
379700 0.0196314
379800 0.0204902
379900 0.021084
380000 0.0206978
380100 0.0206029
380200 0.0202731
380300 0.0202411
380400 0.0198489
380500 0.0209309
380600 0.0206437
380700 0.0212553
380800 0.0215343
380900 0.0218711
381000 0.0217279
381100 0.0215906
381200 0.0212141
381300 0.021256
381400 0.0212346
381500 0.0207756
381600 0.0204207
381700 0.0197795
381800 0.019807
381900 0.0201863
382000 0.0198695
382100 0.0200582
382200 0.0195834
382300 0.0195896
382400 0.0198864
382500 0.0202126
382600 0.0207222
382700 0.020296
382800 0.0203518
382900 0.020493
383000 0.020202
383100 0.0197021
383200 0.0195037
383300 0.0191784
383400 0.0197513
383500 0.020045
383600 0.0202314
383700 0.0196642
383800 0.0200013
383900 0.0200001
384000 0.0197891
384100 0.0192817
384200 0.0192132
384300 0.0192766
384400 0.0202698
384500 0.0199258
384600 0.020298
384700 0.0204886
384800 0.0203948
384900 0.0199745
385000 0.0195818
385100 0.0197905
385200 0.0192579
385300 0.0193492
385400 0.0198325
385500 0.0196032
385600 0.0195127
385700 0.0200341
385800 0.0197408
385900 0.0195944
386000 0.0193005
386100 0.0192375
386200 0.0196121
386300 0.0196283
386400 0.0194373
386500 0.0196183
386600 0.0200207
386700 0.0206137
386800 0.0200976
386900 0.0199833
387000 0.0199757
387100 0.0196941
387200 0.0198489
387300 0.0201748
387400 0.0199986
387500 0.0197408
387600 0.0196841
387700 0.0199026
387800 0.0198537
387900 0.0198423
388000 0.0198922
388100 0.0199709
388200 0.0192504
388300 0.0199929
388400 0.0193904
388500 0.0194053
388600 0.0195942
388700 0.0192017
388800 0.0185711
388900 0.0191193
389000 0.0188436
389100 0.018676
389200 0.0193469
389300 0.0192224
389400 0.0201148
389500 0.0198203
389600 0.0194763
389700 0.0192336
389800 0.0192279
389900 0.0192485
390000 0.0192694
390100 0.0193203
390200 0.0201697
390300 0.0199508
390400 0.0197401
390500 0.0195362
390600 0.0191563
390700 0.019096
390800 0.0193311
390900 0.0196593
391000 0.0197139
391100 0.0199307
391200 0.0198746
391300 0.019903
391400 0.0208802
391500 0.0209186
391600 0.0208738
391700 0.0208413
391800 0.0206554
391900 0.0206203
392000 0.0203493
392100 0.0203347
392200 0.0203789
392300 0.0207013
392400 0.0208455
392500 0.0208529
392600 0.0209657
392700 0.0206602
392800 0.020867
392900 0.0207199
393000 0.0205101
393100 0.020528
393200 0.0204346
393300 0.0205746
393400 0.0203316
393500 0.0201057
393600 0.0203178
393700 0.0199212
393800 0.0198066
393900 0.0196388
394000 0.0198862
394100 0.0200716
394200 0.0201708
394300 0.0202953
394400 0.020133
394500 0.0203245
394600 0.0204262
394700 0.0196802
394800 0.0207363
394900 0.0204988
395000 0.0208309
395100 0.0204787
395200 0.0200346
395300 0.0205894
395400 0.0210312
395500 0.0205512
395600 0.0201814
395700 0.0199042
395800 0.019847
395900 0.0200075
396000 0.0201819
396100 0.0205823
396200 0.0206481
396300 0.0205345
396400 0.0204311
396500 0.0201827
396600 0.0201973
396700 0.0197835
396800 0.0196816
396900 0.0193429
397000 0.019313
397100 0.019379
397200 0.0195264
397300 0.0195401
397400 0.0193654
397500 0.0194135
397600 0.0194834
397700 0.0188357
397800 0.0186882
397900 0.0190906
398000 0.0192989
398100 0.0202104
398200 0.0199803
398300 0.0201388
398400 0.0201322
398500 0.0197209
398600 0.0196146
398700 0.0198002
398800 0.0197546
398900 0.0193754
399000 0.0192249
399100 0.0193264
399200 0.019316
399300 0.0193141
399400 0.0192741
399500 0.0192764
399600 0.0191913
399700 0.0188664
399800 0.019057
399900 0.0192663
400000 0.0193074
400100 0.0198521
400200 0.0199126
400300 0.0197443
400400 0.0200379
400500 0.019755
400600 0.0194431
400700 0.0194208
400800 0.0195044
400900 0.019898
401000 0.0196707
401100 0.0194467
401200 0.0193148
401300 0.0196312
401400 0.0196527
401500 0.0197812
401600 0.0195204
401700 0.0190579
401800 0.0196745
401900 0.0198278
402000 0.0197832
402100 0.0196677
402200 0.0195111
402300 0.0198532
402400 0.0200675
402500 0.0202576
402600 0.0201147
402700 0.0202147
402800 0.0204453
402900 0.0203388
403000 0.0200003
403100 0.0197223
403200 0.0196251
403300 0.0199986
403400 0.0196648
403500 0.0193934
403600 0.0191439
403700 0.0193226
403800 0.0191028
403900 0.0190336
404000 0.0190297
404100 0.0191538
404200 0.0195874
404300 0.0195354
404400 0.0193542
404500 0.0189739
404600 0.0193374
404700 0.019313
404800 0.0197705
404900 0.0198755
405000 0.0194345
405100 0.0192878
405200 0.0200268
405300 0.0197127
405400 0.0198489
405500 0.0196828
405600 0.0195492
405700 0.0198013
405800 0.0191552
405900 0.0190894
406000 0.0190599
406100 0.0188115
406200 0.0187292
406300 0.0189186
406400 0.0195343
406500 0.0194624
406600 0.0194622
406700 0.0196694
406800 0.0193677
406900 0.0193162
407000 0.0196304
407100 0.0192077
407200 0.018886
407300 0.0193197
407400 0.0191223
407500 0.0190712
407600 0.0191189
407700 0.0189456
407800 0.0190296
407900 0.0193676
408000 0.0194753
408100 0.0194399
408200 0.0194607
408300 0.0193509
408400 0.0194374
408500 0.0196163
408600 0.0193495
408700 0.019112
408800 0.0201528
408900 0.0195255
409000 0.0196257
409100 0.0199116
409200 0.0200165
409300 0.0199905
409400 0.0200672
409500 0.0198549
409600 0.0195268
409700 0.0198796
409800 0.0201584
409900 0.01966
410000 0.0198238
410100 0.0199087
410200 0.0196547
410300 0.019737
410400 0.0199428
410500 0.0211255
410600 0.0208175
410700 0.0205445
410800 0.0210445
410900 0.0208532
411000 0.0206224
411100 0.0205374
411200 0.0201039
411300 0.0202264
411400 0.0200077
411500 0.0198406
411600 0.0199761
411700 0.0203067
411800 0.0201161
411900 0.0200681
412000 0.0197934
412100 0.0200954
412200 0.020042
412300 0.0206586
412400 0.0209488
412500 0.0202387
412600 0.0204311
412700 0.020611
412800 0.0201887
412900 0.0209767
413000 0.0204525
413100 0.0203681
413200 0.0207236
413300 0.0206045
413400 0.0204374
413500 0.0204274
413600 0.0206208
413700 0.0205755
413800 0.020314
413900 0.0200799
414000 0.0195646
414100 0.0192028
414200 0.0191608
414300 0.0190063
414400 0.0183763
414500 0.0183585
414600 0.0198681
414700 0.0196846
414800 0.0196222
414900 0.0203716
415000 0.0201674
415100 0.0205668
415200 0.0206658
415300 0.0206263
415400 0.0205021
415500 0.0199774
415600 0.0203589
415700 0.0199264
415800 0.019994
415900 0.0197036
416000 0.01938
416100 0.0190405
416200 0.0192741
416300 0.0194525
416400 0.0195144
416500 0.0195215
416600 0.0196822
416700 0.0195185
416800 0.0197635
416900 0.0202614
417000 0.0195542
417100 0.0201582
417200 0.019706
417300 0.0200387
417400 0.0203611
417500 0.0210439
417600 0.0209041
417700 0.0211987
417800 0.0211604
417900 0.0208602
418000 0.0216133
418100 0.02156
418200 0.0210517
418300 0.021147
418400 0.0208362
418500 0.0208224
418600 0.0206181
418700 0.0204485
418800 0.0202134
418900 0.0200401
419000 0.0199916
419100 0.0223957
419200 0.0221304
419300 0.0212147
419400 0.0209714
419500 0.0204576
419600 0.0206869
419700 0.0205844
419800 0.0203816
419900 0.0206094
420000 0.0201572
420100 0.0199189
420200 0.0199573
420300 0.0199392
420400 0.0200674
420500 0.0196672
420600 0.0199444
420700 0.0195442
420800 0.0195729
420900 0.0196384
421000 0.0200066
421100 0.019755
421200 0.0194071
421300 0.0199681
421400 0.0205713
421500 0.0202871
421600 0.0204168
421700 0.0200695
421800 0.0199245
421900 0.0197826
422000 0.0200765
422100 0.0200315
422200 0.0198883
422300 0.0196289
422400 0.0196373
422500 0.0193094
422600 0.0195094
422700 0.0194611
422800 0.0195273
422900 0.0191204
423000 0.0200053
423100 0.0197489
423200 0.019668
423300 0.01992
423400 0.0200559
423500 0.0200266
423600 0.0199097
423700 0.0196905
423800 0.0200552
423900 0.0203015
424000 0.0198967
424100 0.0199489
424200 0.0198219
424300 0.0208344
424400 0.0206343
424500 0.019934
424600 0.0196592
424700 0.0194806
424800 0.0199906
424900 0.0196359
425000 0.0196117
425100 0.0191701
425200 0.019217
425300 0.0186458
425400 0.0188182
425500 0.0194404
425600 0.0193173
425700 0.0194487
425800 0.0197244
425900 0.0199536
426000 0.0201146
426100 0.0199943
426200 0.0199045
426300 0.0201259
426400 0.01953
426500 0.0192771
426600 0.0191604
426700 0.0190503
426800 0.0200286
426900 0.0195226
427000 0.0197776
427100 0.0195634
427200 0.0198172
427300 0.0199205
427400 0.0198848
427500 0.0198026
427600 0.0198237
427700 0.0204109
427800 0.020206
427900 0.0199369
428000 0.01945
428100 0.0196872
428200 0.0194125
428300 0.0193896
428400 0.0194587
428500 0.0194471
428600 0.0198899
428700 0.0196319
428800 0.0196322
428900 0.0193442
429000 0.0198379
429100 0.0194541
429200 0.0196321
429300 0.0195578
429400 0.0193387
429500 0.0197541
429600 0.0195338
429700 0.0189919
429800 0.0189665
429900 0.0204029
430000 0.0199579
430100 0.0196927
430200 0.0216798
430300 0.0222546
430400 0.0219211
430500 0.021796
430600 0.0215593
430700 0.0218199
430800 0.0221557
430900 0.0216358
431000 0.0211543
431100 0.0208786
431200 0.0204149
431300 0.0205238
431400 0.0203831
431500 0.0201606
431600 0.0202035
431700 0.0205256
431800 0.0204562
431900 0.0202444
432000 0.0197213
432100 0.0195385
432200 0.0194948
432300 0.0196778
432400 0.0189658
432500 0.0189451
432600 0.0194762
432700 0.0195928
432800 0.0194118
432900 0.0193568
433000 0.019084
433100 0.0190163
433200 0.018835
433300 0.0187233
433400 0.0190416
433500 0.0192076
433600 0.0196886
433700 0.0198139
433800 0.0197117
433900 0.0198874
434000 0.0202451
434100 0.0194908
434200 0.0190249
434300 0.0190706
434400 0.0191782
434500 0.0193843
434600 0.0200401
434700 0.0197651
434800 0.0199425
434900 0.0200391
435000 0.0196927
435100 0.0201071
435200 0.0200215
435300 0.0202949
435400 0.0202626
435500 0.0199498
435600 0.0200384
435700 0.0199948
435800 0.0199554
435900 0.0196917
436000 0.0199783
436100 0.020034
436200 0.0195178
436300 0.0193636
436400 0.0196652
436500 0.0198161
436600 0.0198185
436700 0.0203348
436800 0.0205302
436900 0.0204678
437000 0.0204685
437100 0.0205358
437200 0.0207391
437300 0.0204661
437400 0.0205356
437500 0.0199994
437600 0.0201562
437700 0.0194983
437800 0.0208384
437900 0.0203913
438000 0.01972
438100 0.0203629
438200 0.0203158
438300 0.0202785
438400 0.0198135
438500 0.0200253
438600 0.019837
438700 0.0202657
438800 0.0200361
438900 0.0199149
439000 0.0196699
439100 0.019723
439200 0.0193464
439300 0.0196103
439400 0.0194126
439500 0.018603
439600 0.0186051
439700 0.0185625
439800 0.0190276
439900 0.0191247
440000 0.020034
440100 0.0199507
440200 0.020171
440300 0.0196386
440400 0.0192553
440500 0.0193414
440600 0.0195633
440700 0.0194953
440800 0.0196813
440900 0.0197101
441000 0.0193995
441100 0.0195212
441200 0.0203856
441300 0.0205675
441400 0.0198613
441500 0.0200962
441600 0.02041
441700 0.0201434
441800 0.0200523
441900 0.0196543
442000 0.0195955
442100 0.0195273
442200 0.0192208
442300 0.0197033
442400 0.01981
442500 0.019689
442600 0.0200543
442700 0.0201032
442800 0.0198043
442900 0.0194371
443000 0.0191334
443100 0.0192584
443200 0.019458
443300 0.0201013
443400 0.0204226
443500 0.0198715
443600 0.0196228
443700 0.0196054
443800 0.0196615
443900 0.0193668
444000 0.0190302
444100 0.0186965
444200 0.018879
444300 0.018948
444400 0.0188601
444500 0.0190299
444600 0.0194723
444700 0.0193364
444800 0.019717
444900 0.0194979
445000 0.0194401
445100 0.0198895
445200 0.0195978
445300 0.0193346
445400 0.0191259
445500 0.0191787
445600 0.0197177
445700 0.0193192
445800 0.0197604
445900 0.0194669
446000 0.0196186
446100 0.0195607
446200 0.0194262
446300 0.0194803
446400 0.0193117
446500 0.0190465
446600 0.0191719
446700 0.0193858
446800 0.0196218
446900 0.0195697
447000 0.0199503
447100 0.0197926
447200 0.0200371
447300 0.0208326
447400 0.0202992
447500 0.0202509
447600 0.0198605
447700 0.0204159
447800 0.0206051
447900 0.0204142
448000 0.0200749
448100 0.0195334
448200 0.0197623
448300 0.0193729
448400 0.0199037
448500 0.0209865
448600 0.0206738
448700 0.0204515
448800 0.0203057
448900 0.020356
449000 0.0202804
449100 0.0207442
449200 0.0202092
449300 0.0200421
449400 0.0200671
449500 0.0203043
449600 0.0210475
449700 0.0205998
449800 0.0204501
449900 0.0208231
450000 0.0204358
450100 0.0203573
450200 0.0199839
450300 0.0207154
450400 0.0206125
450500 0.0206719
450600 0.0204517
450700 0.0206042
450800 0.0203258
450900 0.0204586
451000 0.021853
451100 0.0213031
451200 0.0204749
451300 0.0203643
451400 0.019799
451500 0.0197161
451600 0.0190353
451700 0.0191506
451800 0.0194621
451900 0.0194166
452000 0.0194345
452100 0.0191161
452200 0.0204931
452300 0.0209337
452400 0.0207143
452500 0.0202933
452600 0.0205008
452700 0.0201119
452800 0.0206448
452900 0.0210985
453000 0.0211027
453100 0.0214332
453200 0.0213013
453300 0.0210283
453400 0.0210986
453500 0.0208031
453600 0.0212109
453700 0.0208688
453800 0.0207124
453900 0.0205517
454000 0.0208733
454100 0.0204477
454200 0.0201695
454300 0.0203397
454400 0.0203217
454500 0.0205208
454600 0.0205516
454700 0.0204514
454800 0.0204326
454900 0.0206867
455000 0.0203107
455100 0.0203552
455200 0.0205315
455300 0.0200709
455400 0.0209718
455500 0.0205442
455600 0.0210451
455700 0.0214164
455800 0.0213057
455900 0.0206276
456000 0.0201492
456100 0.0202545
456200 0.0201521
456300 0.0197323
456400 0.0194155
456500 0.0223103
456600 0.0219575
456700 0.0210625
456800 0.0211834
456900 0.0204669
457000 0.0204759
457100 0.0201349
457200 0.0199776
457300 0.0198468
457400 0.0197746
457500 0.0193265
457600 0.019465
457700 0.0193418
457800 0.0199022
457900 0.0200126
458000 0.0200063
458100 0.0200878
458200 0.0201278
458300 0.020113
458400 0.0193785
458500 0.0197349
458600 0.0201235
458700 0.0200418
458800 0.0196402
458900 0.0194542
459000 0.0194755
459100 0.0191217
459200 0.0195333
459300 0.0198208
459400 0.020629
459500 0.0201043
459600 0.0202497
459700 0.020251
459800 0.0198993
459900 0.0197286
460000 0.0191652
460100 0.0190435
460200 0.0189513
460300 0.0193789
460400 0.0194571
460500 0.0193116
460600 0.0190974
460700 0.0193819
460800 0.0203153
460900 0.0201401
461000 0.0202061
461100 0.0201032
461200 0.0197516
461300 0.0200187
461400 0.0195888
461500 0.0195952
461600 0.0194566
461700 0.0192579
461800 0.0192545
461900 0.0193699
462000 0.0192208
462100 0.0197539
462200 0.0201518
462300 0.020572
462400 0.0203481
462500 0.0205571
462600 0.0206826
462700 0.0200745
462800 0.0200642
462900 0.0201841
463000 0.0208466
463100 0.0205082
463200 0.0204046
463300 0.0202816
463400 0.0202554
463500 0.0201311
463600 0.0202879
463700 0.0207074
463800 0.020661
463900 0.0202257
464000 0.0203355
464100 0.0198535
464200 0.0197164
464300 0.0194923
464400 0.0193647
464500 0.019244
464600 0.0194519
464700 0.0192597
464800 0.0197019
464900 0.0202545
465000 0.0202278
465100 0.0206542
465200 0.0206872
465300 0.02024
465400 0.0203674
465500 0.0206574
465600 0.020066
465700 0.0203538
465800 0.0200529
465900 0.0197764
466000 0.0201212
466100 0.0197455
466200 0.0196584
466300 0.0198144
466400 0.019663
466500 0.0190867
466600 0.0192115
466700 0.0191853
466800 0.01931
466900 0.0190178
467000 0.0191836
467100 0.0194046
467200 0.0191423
467300 0.0193671
467400 0.0197732
467500 0.0196883
467600 0.0197022
467700 0.0191569
467800 0.0191897
467900 0.019264
468000 0.0197224
468100 0.0200978
468200 0.0202123
468300 0.0198821
468400 0.0194373
468500 0.0192292
468600 0.0191934
468700 0.0186411
468800 0.0191673
468900 0.0191014
469000 0.0190062
469100 0.0192485
469200 0.0190518
469300 0.0192298
469400 0.0194604
469500 0.0203936
469600 0.0203032
469700 0.0204464
469800 0.0203171
469900 0.0201516
470000 0.0195811
470100 0.0199728
470200 0.019867
470300 0.0193168
470400 0.0195519
470500 0.0193561
470600 0.0192379
470700 0.0192579
470800 0.0195457
470900 0.0199166
471000 0.0197472
471100 0.0199179
471200 0.0198627
471300 0.0197383
471400 0.0200377
471500 0.019881
471600 0.0196507
471700 0.0195409
471800 0.0192328
471900 0.0192668
472000 0.0199912
472100 0.0195803
472200 0.0198522
472300 0.0198026
472400 0.0201972
472500 0.0199931
472600 0.0201002
472700 0.0197271
472800 0.0194736
472900 0.0201377
473000 0.020067
473100 0.0196955
473200 0.0194643
473300 0.0191639
473400 0.0192776
473500 0.0193656
473600 0.0193549
473700 0.0196167
473800 0.0198665
473900 0.0197074
474000 0.0194176
474100 0.0194843
474200 0.0190877
474300 0.0190979
474400 0.0192975
474500 0.0189851
474600 0.018955
474700 0.0191556
474800 0.0195296
474900 0.0198704
475000 0.0203022
475100 0.0201648
475200 0.0197555
475300 0.0212722
475400 0.0212863
475500 0.0212575
475600 0.0211403
475700 0.0213303
475800 0.0207809
475900 0.0202639
476000 0.020207
476100 0.0202527
476200 0.0197029
476300 0.0197365
476400 0.0193881
476500 0.0190958
476600 0.0186712
476700 0.0192296
476800 0.0194659
476900 0.0199136
477000 0.0203282
477100 0.020178
477200 0.0197572
477300 0.0199253
477400 0.0197914
477500 0.0197336
477600 0.0197937
477700 0.0205041
477800 0.0200545
477900 0.0198465
478000 0.0198931
478100 0.0201696
478200 0.0203213
478300 0.0202547
478400 0.0199449
478500 0.0198328
478600 0.0197621
478700 0.0198624
478800 0.0191668
478900 0.0194113
479000 0.0195216
479100 0.0190017
479200 0.019534
479300 0.0196442
479400 0.0200438
479500 0.0200734
479600 0.0196124
479700 0.020063
479800 0.0203597
479900 0.0202759
480000 0.0203213
480100 0.0203625
480200 0.0200752
480300 0.019524
480400 0.0195594
480500 0.0195263
480600 0.0195453
480700 0.0191902
480800 0.0189196
480900 0.0191663
481000 0.019436
481100 0.0192825
481200 0.0195385
481300 0.0198416
481400 0.020053
481500 0.019897
481600 0.0191907
481700 0.0186479
481800 0.0185958
481900 0.0192413
482000 0.0188967
482100 0.0194872
482200 0.0195363
482300 0.019416
482400 0.0191166
482500 0.0192257
482600 0.0191035
482700 0.0186405
482800 0.0186084
482900 0.0182913
483000 0.018272
483100 0.0185144
483200 0.0186538
483300 0.01856
483400 0.0183048
483500 0.018159
483600 0.0184322
483700 0.0187682
483800 0.0192986
483900 0.0197573
484000 0.0206517
484100 0.0206476
484200 0.0202972
484300 0.0200411
484400 0.0195555
484500 0.0193818
484600 0.0195085
484700 0.0195913
484800 0.0198041
484900 0.0197364
485000 0.0194733
485100 0.0200399
485200 0.0201098
485300 0.0200195
485400 0.0199888
485500 0.0198693
485600 0.0195308
485700 0.0190192
485800 0.0190969
485900 0.0190676
486000 0.0190741
486100 0.0195021
486200 0.0192414
486300 0.0192059
486400 0.019448
486500 0.0201295
486600 0.0199232
486700 0.0198536
486800 0.0196615
486900 0.0193345
487000 0.0194133
487100 0.0192496
487200 0.0189837
487300 0.0191012
487400 0.0199668
487500 0.0195243
487600 0.0191476
487700 0.019491
487800 0.0201198
487900 0.0196219
488000 0.0198863
488100 0.0200062
488200 0.0199374
488300 0.0201077
488400 0.019766
488500 0.019507
488600 0.0196383
488700 0.0203563
488800 0.0199336
488900 0.0199171
489000 0.019853
489100 0.0195741
489200 0.0198331
489300 0.0198062
489400 0.0192764
489500 0.0193842
489600 0.019528
489700 0.0191048
489800 0.0191614
489900 0.0199079
490000 0.0200038
490100 0.019845
490200 0.0193092
490300 0.0191426
490400 0.0197707
490500 0.0195027
490600 0.0192338
490700 0.0194427
490800 0.0195664
490900 0.0193887
491000 0.0192872
491100 0.0195425
491200 0.0190726
491300 0.018903
491400 0.0189791
491500 0.0191185
491600 0.0191429
491700 0.0190811
491800 0.019043
491900 0.0190155
492000 0.0187579
492100 0.0191011
492200 0.0214459
492300 0.0207052
492400 0.0202629
492500 0.0204239
492600 0.0203603
492700 0.0203395
492800 0.0201794
492900 0.0201481
493000 0.0195773
493100 0.0194353
493200 0.0195506
493300 0.0190878
493400 0.0191945
493500 0.0196351
493600 0.0193617
493700 0.0188593
493800 0.0190456
493900 0.0190669
494000 0.0186577
494100 0.0185108
494200 0.0195102
494300 0.0191834
494400 0.0189103
494500 0.0189311
494600 0.0195606
494700 0.0193355
494800 0.0192474
494900 0.0195765
495000 0.0198553
495100 0.0193882
495200 0.0194868
495300 0.0200219
495400 0.019779
495500 0.0200773
495600 0.0199829
495700 0.0200384
495800 0.0200306
495900 0.0194524
496000 0.0196621
496100 0.0196304
496200 0.0197508
496300 0.0197911
496400 0.0196907
496500 0.0195608
496600 0.0194651
496700 0.0196594
496800 0.0203224
496900 0.0198723
497000 0.0195909
497100 0.019053
497200 0.0191358
497300 0.0193278
497400 0.0195163
497500 0.0198775
497600 0.0198323
497700 0.0193999
497800 0.0201114
497900 0.0202597
498000 0.0197432
498100 0.0198462
498200 0.0195338
498300 0.0192944
498400 0.0193779
498500 0.0197495
498600 0.0192189
498700 0.0192855
498800 0.0191998
498900 0.019194
499000 0.0192385
499100 0.0191062
499200 0.0199153
499300 0.0199431
499400 0.0198538
499500 0.0198043
499600 0.0197357
499700 0.0195276
499800 0.0203147
499900 0.0197796
500000 0.0199676
