1 10.8595
2 10.8309
3 10.7643
4 10.6389
5 10.5893
6 10.4177
7 10.3806
8 10.3743
9 10.3692
10 10.3494
11 10.1381
12 9.88137
13 9.82105
14 9.7923
15 9.77762
16 9.74054
17 9.72175
18 9.63143
19 9.43854
20 9.39493
21 9.01367
22 8.91262
23 8.79172
24 8.69355
25 8.49342
26 8.40793
27 8.25865
28 8.20828
29 8.17773
30 8.02544
31 8.02525
32 8.02174
33 7.96705
34 7.89809
35 7.82426
36 7.80369
37 7.76487
38 7.75643
39 7.7474
40 7.74587
41 7.67162
42 7.55318
43 7.53555
44 7.44123
45 7.29818
46 7.27068
47 7.26795
48 7.17542
49 7.03019
50 7.02261
51 6.97821
52 6.82561
53 6.79429
54 6.78944
55 6.75718
56 6.72417
57 6.7134
58 6.71226
59 6.70465
60 6.66211
61 6.65968
62 6.64201
63 6.57647
64 6.56203
65 6.54548
66 6.45681
67 6.45543
68 6.43405
69 6.40568
70 6.39488
71 6.35692
72 6.33331
73 6.28389
74 6.26756
75 6.14245
76 6.10949
77 6.10815
78 6.09382
79 6.06275
80 6.03443
81 6.02536
82 5.92894
83 5.86852
84 5.86817
85 5.83469
86 5.81699
87 5.81215
88 5.78085
89 5.73399
90 5.71782
91 5.71248
92 5.69007
93 5.68477
94 5.65978
95 5.64045
96 5.59511
97 5.54238
98 5.4982
99 5.48496
100 5.45911
101 5.44974
102 5.44687
103 5.32927
104 5.24397
105 5.19922
106 5.18702
107 5.17804
108 5.17172
109 5.17125
110 5.13287
111 5.03539
112 5.0167
113 4.97371
114 4.96864
115 4.88417
116 4.83717
117 4.83375
118 4.80117
119 4.7867
120 4.70153
121 4.6696
122 4.66052
123 4.5844
124 4.53126
125 4.52903
126 4.51217
127 4.50544
128 4.43587
129 4.40825
130 4.40706
131 4.39369
132 4.37266
133 4.30397
134 4.29456
135 4.27935
136 4.26823
137 4.26247
138 4.25511
139 4.25247
140 4.23472
141 4.17058
142 4.1682
143 4.14198
144 4.10805
145 3.98295
146 3.9797
147 3.96574
148 3.94836
149 3.87304
150 3.8674
151 3.84889
152 3.83007
153 3.8283
154 3.80849
155 3.79407
156 3.75743
157 3.70596
158 3.70393
159 3.69622
160 3.67619
161 3.673
162 3.62592
163 3.61828
164 3.61304
165 3.60968
166 3.58758
167 3.56545
168 3.52358
169 3.52201
170 3.5141
171 3.49045
172 3.45186
173 3.41854
174 3.40886
175 3.37303
176 3.32934
177 3.32459
178 3.28853
179 3.27369
180 3.26102
181 3.24562
182 3.21792
183 3.20465
184 3.19689
185 3.18597
186 3.15507
187 3.03988
188 3.04015
189 3.02136
190 3.02037
191 2.97317
192 2.96576
193 2.94489
194 2.92658
195 2.90326
196 2.89835
197 2.87909
198 2.87571
199 2.86876
200 2.83638
201 2.82907
202 2.81408
203 2.81014
204 2.79704
205 2.77998
206 2.75388
207 2.74737
208 2.74481
209 2.74506
210 2.73837
211 2.73213
212 2.70252
213 2.70188
214 2.69859
215 2.69458
216 2.69366
217 2.65851
218 2.64353
219 2.63178
220 2.62997
221 2.61472
222 2.60124
223 2.59552
224 2.59309
225 2.58323
226 2.58163
227 2.57955
228 2.57594
229 2.52385
230 2.51497
231 2.51468
232 2.51147
233 2.49614
234 2.47149
235 2.46333
236 2.44706
237 2.43724
238 2.43442
239 2.41657
240 2.40741
241 2.40658
242 2.33389
243 2.33256
244 2.33323
245 2.31794
246 2.30554
247 2.28119
248 2.28116
249 2.28076
250 2.25875
251 2.26092
252 2.25763
253 2.2568
254 2.18652
255 2.18307
256 2.18309
257 2.18044
258 2.16374
259 2.15164
260 2.15231
261 2.15284
262 2.14449
263 2.12211
264 2.09924
265 2.09998
266 2.09159
267 2.0915
268 2.09158
269 2.08853
270 2.04827
271 2.02644
272 1.99919
273 1.98158
274 1.97458
275 1.97462
276 1.97418
277 1.96978
278 1.96143
279 1.96153
280 1.95724
281 1.95163
282 1.94613
283 1.91416
284 1.91166
285 1.91246
286 1.90688
287 1.89502
288 1.86866
289 1.86302
290 1.84817
291 1.8494
292 1.82676
293 1.80964
294 1.80418
295 1.7915
296 1.79181
297 1.79176
298 1.79036
299 1.7825
300 1.78289
301 1.78323
302 1.77547
303 1.77502
304 1.76582
305 1.75614
306 1.7515
307 1.7498
308 1.73841
309 1.72648
310 1.71899
311 1.71121
312 1.70494
313 1.70366
314 1.67061
315 1.63227
316 1.63201
317 1.63489
318 1.6245
319 1.62009
320 1.61672
321 1.59793
322 1.59469
323 1.59343
324 1.58973
325 1.59181
326 1.59418
327 1.59521
328 1.57735
329 1.56298
330 1.56666
331 1.5297
332 1.51536
333 1.51747
334 1.51346
335 1.50834
336 1.50272
337 1.49826
338 1.48925
339 1.47262
340 1.44219
341 1.43644
342 1.43663
343 1.43506
344 1.421
345 1.4124
346 1.39791
347 1.3965
348 1.39469
349 1.391
350 1.3883
351 1.38179
352 1.38155
353 1.38079
354 1.382
355 1.37923
356 1.38019
357 1.38481
358 1.37601
359 1.33689
360 1.33692
361 1.33684
362 1.33567
363 1.33074
364 1.33146
365 1.33237
366 1.31227
367 1.3122
368 1.31473
369 1.30889
370 1.31008
371 1.31309
372 1.30909
373 1.29314
374 1.26733
375 1.26751
376 1.26655
377 1.24949
378 1.2398
379 1.23469
380 1.23453
381 1.21227
382 1.21537
383 1.20792
384 1.20721
385 1.20301
386 1.20818
387 1.20473
388 1.2012
389 1.20099
390 1.19328
391 1.18808
392 1.17343
393 1.17499
394 1.17587
395 1.17117
396 1.17147
397 1.15855
398 1.16034
399 1.16123
400 1.14762
401 1.14571
402 1.13997
403 1.14035
404 1.13963
405 1.12918
406 1.12497
407 1.12584
408 1.12274
409 1.12239
410 1.12322
411 1.12168
412 1.1194
413 1.098
414 1.09881
415 1.08007
416 1.07621
417 1.08237
418 1.06773
419 1.05652
420 1.05643
421 1.05644
422 1.0512
423 1.04825
424 1.02647
425 1.02823
426 1.02491
427 1.02376
428 1.02295
429 1.02825
430 1.0233
431 1.0145
432 1.00556
433 0.999923
434 0.999377
435 0.993187
436 0.982659
437 0.99024
438 0.981984
439 0.980728
440 0.968681
441 0.968348
442 0.948831
443 0.947672
444 0.94796
445 0.946409
446 0.943604
447 0.943834
448 0.944995
449 0.935273
450 0.930335
451 0.929329
452 0.932046
453 0.933138
454 0.933266
455 0.935517
456 0.930678
457 0.934072
458 0.935921
459 0.933915
460 0.934607
461 0.930865
462 0.930775
463 0.931161
464 0.939739
465 0.938289
466 0.940076
467 0.930233
468 0.930588
469 0.92696
470 0.918285
471 0.899461
472 0.894929
473 0.901411
474 0.899673
475 0.900649
476 0.90597
477 0.905275
478 0.902306
479 0.89919
480 0.899278
481 0.897759
482 0.899327
483 0.89569
484 0.89604
485 0.896705
486 0.887486
487 0.891903
488 0.88835
489 0.889039
490 0.891867
491 0.889955
492 0.883213
493 0.863204
494 0.864283
495 0.841779
496 0.839808
497 0.838522
498 0.815785
499 0.820671
500 0.815
501 0.814647
502 0.813573
503 0.81003
504 0.805697
505 0.802208
506 0.807775
507 0.805056
508 0.798104
509 0.793202
510 0.789852
511 0.787181
512 0.788482
513 0.789214
514 0.766349
515 0.768825
516 0.771885
517 0.765463
518 0.773647
519 0.767106
520 0.760961
521 0.759914
522 0.760333
523 0.755057
524 0.75776
525 0.750611
526 0.748301
527 0.750118
528 0.750323
529 0.743163
530 0.753478
531 0.75978
532 0.764047
533 0.762722
534 0.76237
535 0.76208
536 0.755484
537 0.757469
538 0.763187
539 0.762929
540 0.758468
541 0.761811
542 0.75868
543 0.762507
544 0.766568
545 0.766945
546 0.767289
547 0.769626
548 0.748516
549 0.747574
550 0.741021
551 0.750125
552 0.742221
553 0.739005
554 0.742183
555 0.74117
556 0.740895
557 0.718377
558 0.720152
559 0.719047
560 0.718068
561 0.71907
562 0.714018
563 0.709839
564 0.703084
565 0.686746
566 0.680799
567 0.685466
568 0.683402
569 0.68441
570 0.684155
571 0.677225
572 0.677657
573 0.680655
574 0.674041
575 0.688674
576 0.688894
577 0.688211
578 0.693933
579 0.691892
580 0.68575
581 0.672841
582 0.682222
583 0.678982
584 0.68011
585 0.680371
586 0.681715
587 0.67767
588 0.659616
589 0.651288
590 0.63535
591 0.635059
592 0.63359
593 0.636699
594 0.633731
595 0.657748
596 0.654744
597 0.652733
598 0.641124
599 0.626906
600 0.625746
601 0.627375
602 0.628343
603 0.629961
604 0.623292
605 0.616591
606 0.608613
607 0.609357
608 0.609752
609 0.603367
610 0.60084
611 0.59714
612 0.589315
613 0.586615
614 0.587842
615 0.587348
616 0.595684
617 0.601178
618 0.58778
619 0.596586
620 0.602582
621 0.604449
622 0.600105
623 0.60005
624 0.615947
625 0.619101
626 0.612977
627 0.617109
628 0.622171
629 0.620481
630 0.6118
631 0.613189
632 0.610876
633 0.607468
634 0.610748
635 0.609516
636 0.623932
637 0.618338
638 0.621762
639 0.62199
640 0.618521
641 0.616186
642 0.609841
643 0.608495
644 0.607317
645 0.610661
646 0.609633
647 0.602493
648 0.601259
649 0.606247
650 0.611315
651 0.614062
652 0.61522
653 0.618682
654 0.617178
655 0.627275
656 0.635809
657 0.637455
658 0.63749
659 0.640152
660 0.637955
661 0.625545
662 0.628812
663 0.633273
664 0.633844
665 0.631017
666 0.623665
667 0.631842
668 0.633101
669 0.626862
670 0.619248
671 0.618538
672 0.612088
673 0.603892
674 0.608138
675 0.586393
676 0.5954
677 0.587779
678 0.573682
679 0.58054
680 0.589664
681 0.587619
682 0.581994
683 0.5826
684 0.581849
685 0.587973
686 0.592823
687 0.593149
688 0.61298
689 0.616356
690 0.614326
691 0.615855
692 0.617245
693 0.607365
694 0.612778
695 0.614909
696 0.612459
697 0.619435
698 0.612757
699 0.613006
700 0.615321
701 0.61058
702 0.613698
703 0.6083
704 0.607966
705 0.611491
706 0.612547
707 0.618554
708 0.62341
709 0.618309
710 0.613001
711 0.620411
712 0.614905
713 0.612128
714 0.611679
715 0.603087
716 0.6065
717 0.597606
718 0.590051
719 0.588129
720 0.57849
721 0.575749
722 0.577446
723 0.581311
724 0.57201
725 0.572295
726 0.586815
727 0.594855
728 0.594379
729 0.591164
730 0.595654
731 0.597635
732 0.594633
733 0.597435
734 0.595153
735 0.619648
736 0.625366
737 0.624078
738 0.625224
739 0.625741
740 0.627435
741 0.626875
742 0.628498
743 0.626167
744 0.627825
745 0.622823
746 0.614561
747 0.607163
748 0.623235
749 0.618403
750 0.617823
751 0.617679
752 0.617566
753 0.614423
754 0.603287
755 0.604503
756 0.611083
757 0.606929
758 0.608121
759 0.60657
760 0.607494
761 0.604781
762 0.601547
763 0.600684
764 0.604549
765 0.604495
766 0.603839
767 0.610471
768 0.606666
769 0.605878
770 0.64383
771 0.647166
772 0.641761
773 0.642432
774 0.643927
775 0.644314
776 0.644147
777 0.654298
778 0.65249
779 0.653117
780 0.650358
781 0.644113
782 0.644429
783 0.643751
784 0.650116
785 0.643496
786 0.644019
787 0.652814
788 0.64594
789 0.651404
790 0.642312
791 0.64456
792 0.650166
793 0.640533
794 0.639974
795 0.649003
796 0.654732
797 0.646628
798 0.641171
799 0.645921
800 0.649901
801 0.650133
802 0.644338
803 0.649856
804 0.658642
805 0.662428
806 0.660995
807 0.660228
808 0.655989
809 0.663637
810 0.663798
811 0.644567
812 0.643514
813 0.652777
814 0.647742
815 0.632055
816 0.626902
817 0.627297
818 0.619005
819 0.62194
820 0.631849
821 0.626707
822 0.641517
823 0.62791
824 0.62751
825 0.635247
826 0.634597
827 0.622729
828 0.626004
829 0.6304
830 0.632286
831 0.632482
832 0.63357
833 0.6279
834 0.632318
835 0.631219
836 0.630308
837 0.620942
838 0.61755
839 0.617983
840 0.622448
841 0.610623
842 0.607326
843 0.609949
844 0.612004
845 0.616514
846 0.618728
847 0.617336
848 0.617822
849 0.619507
850 0.619936
851 0.619841
852 0.609869
853 0.610161
854 0.604004
855 0.583521
856 0.584528
857 0.599524
858 0.596919
859 0.594681
860 0.572411
861 0.544383
862 0.541769
863 0.556011
864 0.544616
865 0.5541
866 0.55295
867 0.547018
868 0.541747
869 0.541934
870 0.542838
871 0.541771
872 0.551679
873 0.549701
874 0.549766
875 0.558794
876 0.557898
877 0.561263
878 0.55885
879 0.558316
880 0.561375
881 0.565903
882 0.562847
883 0.561879
884 0.552571
885 0.54991
886 0.559568
887 0.567871
888 0.568322
889 0.562063
890 0.560088
891 0.560355
892 0.554443
893 0.553482
894 0.557579
895 0.572319
896 0.574114
897 0.575959
898 0.569739
899 0.577931
900 0.582387
901 0.581624
902 0.578327
903 0.576061
904 0.575762
905 0.576479
906 0.574967
907 0.580585
908 0.587246
909 0.58983
910 0.590394
911 0.590514
912 0.596456
913 0.596126
914 0.591311
915 0.590809
916 0.603203
917 0.604501
918 0.607516
919 0.614034
920 0.614799
921 0.612975
922 0.617828
923 0.623578
924 0.62636
925 0.623317
926 0.620069
927 0.621819
928 0.619691
929 0.61191
930 0.616723
931 0.617097
932 0.620137
933 0.6023
934 0.598137
935 0.598733
936 0.610799
937 0.611048
938 0.606027
939 0.600152
940 0.604466
941 0.607129
942 0.604932
943 0.603502
944 0.602592
945 0.610765
946 0.607455
947 0.609778
948 0.594907
949 0.594097
950 0.587852
951 0.588846
952 0.590797
953 0.587573
954 0.584672
955 0.582569
956 0.567118
957 0.563179
958 0.571511
959 0.563738
960 0.562698
961 0.562581
962 0.551656
963 0.550832
964 0.538852
965 0.536364
966 0.536009
967 0.537352
968 0.534008
969 0.53499
970 0.527792
971 0.527639
972 0.529013
973 0.529428
974 0.540552
975 0.535795
976 0.539293
977 0.528429
978 0.526318
979 0.518949
980 0.516965
981 0.518083
982 0.516004
983 0.528053
984 0.52945
985 0.531025
986 0.532242
987 0.532984
988 0.539847
989 0.520197
990 0.511721
991 0.499419
992 0.497518
993 0.495988
994 0.498292
995 0.496927
996 0.494118
997 0.497238
998 0.503636
999 0.500814
1000 0.501389
1001 0.50167
1002 0.508056
1003 0.500175
1004 0.504887
1005 0.500395
1006 0.499655
1007 0.504803
1008 0.503427
1009 0.503234
1010 0.50359
1011 0.502094
1012 0.504178
1013 0.504387
1014 0.506626
1015 0.506096
1016 0.505511
1017 0.49785
1018 0.500804
1019 0.48503
1020 0.476096
1021 0.482092
1022 0.480162
1023 0.481925
1024 0.481575
1025 0.481289
1026 0.474144
1027 0.47606
1028 0.476997
1029 0.470167
1030 0.462886
1031 0.452177
1032 0.438408
1033 0.433459
1034 0.437409
1035 0.454187
1036 0.455779
1037 0.4571
1038 0.453993
1039 0.448384
1040 0.453451
1041 0.469079
1042 0.464679
1043 0.471934
1044 0.475557
1045 0.477042
1046 0.478958
1047 0.479226
1048 0.478945
1049 0.480074
1050 0.479541
1051 0.466539
1052 0.468161
1053 0.487503
1054 0.49092
1055 0.486352
1056 0.486323
1057 0.49418
1058 0.494943
1059 0.49552
1060 0.494954
1061 0.492494
1062 0.473536
1063 0.480706
1064 0.481823
1065 0.490424
1066 0.489235
1067 0.488088
1068 0.496795
1069 0.494353
1070 0.496544
1071 0.499269
1072 0.494926
1073 0.493425
1074 0.492206
1075 0.501773
1076 0.504429
1077 0.503611
1078 0.510777
1079 0.509732
1080 0.507544
1081 0.508832
1082 0.508779
1083 0.510277
1084 0.506027
1085 0.506718
1086 0.531933
1087 0.528454
1088 0.507335
1089 0.513576
1090 0.514166
1091 0.507653
1092 0.510333
1093 0.500202
1094 0.474754
1095 0.475697
1096 0.463899
1097 0.466404
1098 0.471347
1099 0.471548
1100 0.455002
1101 0.451393
1102 0.450533
1103 0.450811
1104 0.451896
1105 0.454093
1106 0.450114
1107 0.450172
1108 0.45522
1109 0.460176
1110 0.456607
1111 0.454401
1112 0.442088
1113 0.444092
1114 0.451514
1115 0.452525
1116 0.439387
1117 0.439146
1118 0.440357
1119 0.439609
1120 0.447857
1121 0.438575
1122 0.442379
1123 0.431503
1124 0.423764
1125 0.427101
1126 0.426264
1127 0.425308
1128 0.429261
1129 0.435491
1130 0.437391
1131 0.438226
1132 0.438671
1133 0.447352
1134 0.444056
1135 0.444186
1136 0.439997
1137 0.431241
1138 0.427496
1139 0.430043
1140 0.428036
1141 0.434249
1142 0.437102
1143 0.465315
1144 0.468719
1145 0.466914
1146 0.46809
1147 0.466431
1148 0.480596
1149 0.484412
1150 0.486883
1151 0.491619
1152 0.496582
1153 0.49676
1154 0.492338
1155 0.494453
1156 0.503721
1157 0.490351
1158 0.493371
1159 0.492521
1160 0.493348
1161 0.495066
1162 0.508151
1163 0.502973
1164 0.509906
1165 0.518166
1166 0.515527
1167 0.516121
1168 0.514774
1169 0.514856
1170 0.515688
1171 0.515613
1172 0.520475
1173 0.52425
1174 0.525029
1175 0.526256
1176 0.534553
1177 0.54194
1178 0.542706
1179 0.543775
1180 0.546819
1181 0.538349
1182 0.560014
1183 0.564704
1184 0.566527
1185 0.580073
1186 0.579116
1187 0.577962
1188 0.575965
1189 0.574577
1190 0.581888
1191 0.578826
1192 0.582054
1193 0.582648
1194 0.583714
1195 0.584026
1196 0.590143
1197 0.586745
1198 0.587266
1199 0.585112
1200 0.584226
1201 0.58741
1202 0.601477
1203 0.589483
1204 0.594645
1205 0.592894
1206 0.587943
1207 0.585452
1208 0.598543
1209 0.603407
1210 0.595142
1211 0.594134
1212 0.603683
1213 0.602368
1214 0.593867
1215 0.592711
1216 0.58107
1217 0.589392
1218 0.592515
1219 0.592785
1220 0.60009
1221 0.595551
1222 0.59565
1223 0.58204
1224 0.581981
1225 0.574773
1226 0.588049
1227 0.585537
1228 0.567897
1229 0.565342
1230 0.564885
1231 0.568245
1232 0.562254
1233 0.555842
1234 0.555011
1235 0.554341
1236 0.559028
1237 0.563197
1238 0.568582
1239 0.558224
1240 0.553254
1241 0.543496
1242 0.548648
1243 0.535635
1244 0.538464
1245 0.538643
1246 0.538944
1247 0.539169
1248 0.521457
1249 0.52038
1250 0.522834
1251 0.535447
1252 0.527681
1253 0.524349
1254 0.521471
1255 0.518772
1256 0.518649
1257 0.509344
1258 0.501942
1259 0.502877
1260 0.504874
1261 0.506625
1262 0.507665
1263 0.50863
1264 0.514025
1265 0.512167
1266 0.511998
1267 0.515483
1268 0.512491
1269 0.514098
1270 0.503985
1271 0.503142
1272 0.504316
1273 0.499617
1274 0.497067
1275 0.497509
1276 0.482651
1277 0.483007
1278 0.520074
1279 0.513438
1280 0.508234
1281 0.509837
1282 0.525338
1283 0.52233
1284 0.522493
1285 0.515143
1286 0.523005
1287 0.517516
1288 0.516871
1289 0.506656
1290 0.506677
1291 0.512617
1292 0.510287
1293 0.51554
1294 0.513737
1295 0.514428
1296 0.516552
1297 0.516083
1298 0.520804
1299 0.523843
1300 0.522871
1301 0.5285
1302 0.529383
1303 0.525861
1304 0.531103
1305 0.530564
1306 0.533918
1307 0.535817
1308 0.542539
1309 0.544572
1310 0.548229
1311 0.552526
1312 0.553859
1313 0.555307
1314 0.557098
1315 0.572084
1316 0.578296
1317 0.584971
1318 0.581817
1319 0.583926
1320 0.580888
1321 0.579602
1322 0.583841
1323 0.575171
1324 0.571709
1325 0.572254
1326 0.552815
1327 0.556748
1328 0.565638
1329 0.569458
1330 0.584306
1331 0.590341
1332 0.586621
1333 0.595276
1334 0.594102
1335 0.595034
1336 0.593956
1337 0.600359
1338 0.602407
1339 0.595022
1340 0.597105
1341 0.600573
1342 0.599629
1343 0.596398
1344 0.567082
1345 0.56072
1346 0.565637
1347 0.56839
1348 0.578977
1349 0.570507
1350 0.569745
1351 0.570626
1352 0.579228
1353 0.571388
1354 0.571965
1355 0.56016
1356 0.56346
1357 0.56494
1358 0.566944
1359 0.564408
1360 0.567249
1361 0.582325
1362 0.578487
1363 0.579486
1364 0.577429
1365 0.587841
1366 0.581543
1367 0.578632
1368 0.581431
1369 0.591035
1370 0.586324
1371 0.585478
1372 0.588318
1373 0.572576
1374 0.571348
1375 0.56985
1376 0.580146
1377 0.581001
1378 0.582092
1379 0.580628
1380 0.594002
1381 0.59243
1382 0.595594
1383 0.593136
1384 0.593943
1385 0.592727
1386 0.598804
1387 0.564818
1388 0.56686
1389 0.573426
1390 0.568624
1391 0.576484
1392 0.575299
1393 0.576306
1394 0.576233
1395 0.587302
1396 0.582219
1397 0.585007
1398 0.576508
1399 0.57727
1400 0.580826
1401 0.585625
1402 0.59829
1403 0.595999
1404 0.592781
1405 0.610252
1406 0.605466
1407 0.60717
1408 0.602767
1409 0.612233
1410 0.603027
1411 0.612069
1412 0.606824
1413 0.610172
1414 0.613841
1415 0.618843
1416 0.604532
1417 0.600388
1418 0.583184
1419 0.578626
1420 0.581248
1421 0.571762
1422 0.564068
1423 0.549346
1424 0.545501
1425 0.541513
1426 0.541959
1427 0.54738
1428 0.553774
1429 0.559724
1430 0.5672
1431 0.564038
1432 0.561317
1433 0.556062
1434 0.553179
1435 0.558643
1436 0.560902
1437 0.564506
1438 0.564746
1439 0.559919
1440 0.552392
1441 0.555299
1442 0.536987
1443 0.537446
1444 0.531038
1445 0.530228
1446 0.521453
1447 0.527595
1448 0.527543
1449 0.527346
1450 0.525595
1451 0.504296
1452 0.506874
1453 0.506265
1454 0.49111
1455 0.498324
1456 0.49065
1457 0.475839
1458 0.478324
1459 0.478653
1460 0.478424
1461 0.486759
1462 0.466346
1463 0.463918
1464 0.470928
1465 0.478615
1466 0.471244
1467 0.472794
1468 0.475991
1469 0.466969
1470 0.466373
1471 0.467171
1472 0.466248
1473 0.46708
1474 0.465545
1475 0.466755
1476 0.46501
1477 0.458411
1478 0.453528
1479 0.463183
1480 0.456744
1481 0.458851
1482 0.457697
1483 0.461271
1484 0.461365
1485 0.453684
1486 0.452375
1487 0.447679
1488 0.442804
1489 0.444766
1490 0.454224
1491 0.460012
1492 0.446217
1493 0.438642
1494 0.446987
1495 0.452476
1496 0.451147
1497 0.462505
1498 0.455045
1499 0.456181
1500 0.456116
1501 0.45325
1502 0.456366
1503 0.456217
1504 0.422818
1505 0.4271
1506 0.430762
1507 0.431544
1508 0.435719
1509 0.438339
1510 0.442941
1511 0.442168
1512 0.441327
1513 0.441958
1514 0.436935
1515 0.436917
1516 0.450837
1517 0.456527
1518 0.454441
1519 0.450961
1520 0.451618
1521 0.445984
1522 0.448336
1523 0.459396
1524 0.454882
1525 0.454994
1526 0.44803
1527 0.444165
1528 0.437301
1529 0.43304
1530 0.437725
1531 0.451999
1532 0.454169
1533 0.45754
1534 0.454649
1535 0.45735
1536 0.476901
1537 0.477089
1538 0.475487
1539 0.499021
1540 0.498515
1541 0.48936
1542 0.495964
1543 0.508296
1544 0.508632
1545 0.503652
1546 0.515028
1547 0.505838
1548 0.498787
1549 0.498053
1550 0.497575
1551 0.496376
1552 0.503154
1553 0.504195
1554 0.506061
1555 0.504328
1556 0.506498
1557 0.504635
1558 0.499027
1559 0.49502
1560 0.497025
1561 0.498695
1562 0.493536
1563 0.503869
1564 0.494679
1565 0.499749
1566 0.508138
1567 0.499804
1568 0.502875
1569 0.505617
1570 0.516318
1571 0.517436
1572 0.516368
1573 0.515512
1574 0.51595
1575 0.515502
1576 0.508454
1577 0.510367
1578 0.50959
1579 0.507238
1580 0.507368
1581 0.506719
1582 0.512006
1583 0.514325
1584 0.511655
1585 0.513868
1586 0.515883
1587 0.515642
1588 0.523343
1589 0.521488
1590 0.511747
1591 0.514324
1592 0.513008
1593 0.511006
1594 0.508147
1595 0.511646
1596 0.532281
1597 0.523866
1598 0.529636
1599 0.53234
1600 0.548969
1601 0.533243
1602 0.535784
1603 0.535194
1604 0.534906
1605 0.537443
1606 0.532727
1607 0.52982
1608 0.527823
1609 0.516089
1610 0.514502
1611 0.516396
1612 0.518949
1613 0.517048
1614 0.50988
1615 0.509718
1616 0.518393
1617 0.512001
1618 0.51194
1619 0.513251
1620 0.520858
1621 0.527197
1622 0.519011
1623 0.516762
1624 0.515044
1625 0.515608
1626 0.516468
1627 0.516479
1628 0.515369
1629 0.518928
1630 0.526053
1631 0.521184
1632 0.524924
1633 0.531623
1634 0.532881
1635 0.5365
1636 0.545744
1637 0.543586
1638 0.553964
1639 0.56174
1640 0.567154
1641 0.561543
1642 0.56417
1643 0.56071
1644 0.564592
1645 0.563277
1646 0.55971
1647 0.558256
1648 0.552186
1649 0.553806
1650 0.562272
1651 0.56147
1652 0.562619
1653 0.55873
1654 0.555016
1655 0.5542
1656 0.563924
1657 0.566224
1658 0.565894
1659 0.570993
1660 0.570871
1661 0.579588
1662 0.577871
1663 0.57492
1664 0.582143
1665 0.581737
1666 0.58619
1667 0.59353
1668 0.589182
1669 0.581325
1670 0.579106
1671 0.586244
1672 0.582283
1673 0.582016
1674 0.564882
1675 0.569303
1676 0.573968
1677 0.571057
1678 0.572846
1679 0.572701
1680 0.577113
1681 0.579756
1682 0.570726
1683 0.553083
1684 0.549372
1685 0.548329
1686 0.550965
1687 0.549259
1688 0.555787
1689 0.557631
1690 0.553598
1691 0.560322
1692 0.561234
1693 0.55472
1694 0.557357
1695 0.548633
1696 0.553994
1697 0.551108
1698 0.544249
1699 0.533826
1700 0.514676
1701 0.512414
1702 0.517083
1703 0.523555
1704 0.534525
1705 0.53461
1706 0.535062
1707 0.539081
1708 0.543003
1709 0.538659
1710 0.533936
1711 0.533265
1712 0.536799
1713 0.535674
1714 0.531662
1715 0.532546
1716 0.532411
1717 0.540844
1718 0.53807
1719 0.5185
1720 0.517384
1721 0.518237
1722 0.516667
1723 0.514717
1724 0.517883
1725 0.522024
1726 0.534709
1727 0.531449
1728 0.53124
1729 0.528132
1730 0.526616
1731 0.524112
1732 0.527388
1733 0.528914
1734 0.531328
1735 0.533824
1736 0.542377
1737 0.543731
1738 0.547044
1739 0.549088
1740 0.549139
1741 0.555779
1742 0.557945
1743 0.544957
1744 0.545552
1745 0.542303
1746 0.542204
1747 0.539276
1748 0.53845
1749 0.555598
1750 0.541114
1751 0.545534
1752 0.552569
1753 0.55478
1754 0.547493
1755 0.544736
1756 0.517745
1757 0.516267
1758 0.525901
1759 0.549955
1760 0.550573
1761 0.543921
1762 0.544084
1763 0.546706
1764 0.544984
1765 0.543735
1766 0.541634
1767 0.544538
1768 0.546152
1769 0.558764
1770 0.56885
1771 0.572821
1772 0.563364
1773 0.547279
1774 0.548437
1775 0.545809
1776 0.545896
1777 0.58526
1778 0.590642
1779 0.593412
1780 0.592373
1781 0.589616
1782 0.590471
1783 0.589394
1784 0.587622
1785 0.597589
1786 0.602218
1787 0.599181
1788 0.60195
1789 0.596341
1790 0.593245
1791 0.585402
1792 0.587131
1793 0.590123
1794 0.588048
1795 0.585506
1796 0.584383
1797 0.58339
1798 0.58145
1799 0.631336
1800 0.608333
1801 0.608558
1802 0.609427
1803 0.606443
1804 0.590053
1805 0.596646
1806 0.589748
1807 0.5929
1808 0.591694
1809 0.586901
1810 0.583976
1811 0.582226
1812 0.59714
1813 0.598449
1814 0.597562
1815 0.590231
1816 0.579685
1817 0.582277
1818 0.5797
1819 0.580574
1820 0.583902
1821 0.588959
1822 0.592346
1823 0.598096
1824 0.593262
1825 0.584187
1826 0.602329
1827 0.597682
1828 0.593133
1829 0.597378
1830 0.596456
1831 0.591117
1832 0.593744
1833 0.586105
1834 0.580947
1835 0.580363
1836 0.586186
1837 0.567533
1838 0.564816
1839 0.564652
1840 0.564507
1841 0.567044
1842 0.564668
1843 0.570605
1844 0.556109
1845 0.560488
1846 0.55576
1847 0.555014
1848 0.554321
1849 0.546039
1850 0.544457
1851 0.543316
1852 0.538303
1853 0.535248
1854 0.533768
1855 0.536236
1856 0.536948
1857 0.535002
1858 0.55269
1859 0.558732
1860 0.557682
1861 0.557581
1862 0.553194
1863 0.545447
1864 0.535737
1865 0.522299
1866 0.530401
1867 0.531209
1868 0.529895
1869 0.52976
1870 0.520364
1871 0.523924
1872 0.518642
1873 0.525994
1874 0.523685
1875 0.523519
1876 0.531321
1877 0.528325
1878 0.528887
1879 0.531739
1880 0.531278
1881 0.538914
1882 0.539392
1883 0.540952
1884 0.522507
1885 0.523472
1886 0.528243
1887 0.541363
1888 0.541993
1889 0.547094
1890 0.545955
1891 0.538965
1892 0.537731
1893 0.541357
1894 0.542508
1895 0.553306
1896 0.550617
1897 0.547867
1898 0.552016
1899 0.563289
1900 0.573817
1901 0.567741
1902 0.568093
1903 0.571538
1904 0.569904
1905 0.57012
1906 0.566994
1907 0.570354
1908 0.575978
1909 0.573662
1910 0.578914
1911 0.561909
1912 0.566051
1913 0.574721
1914 0.571518
1915 0.566986
1916 0.558234
1917 0.55775
1918 0.555395
1919 0.551415
1920 0.53524
1921 0.547234
1922 0.547486
1923 0.537543
1924 0.542132
1925 0.54379
1926 0.543921
1927 0.543585
1928 0.546196
1929 0.556862
1930 0.564661
1931 0.56517
1932 0.581113
1933 0.580646
1934 0.582448
1935 0.584214
1936 0.580953
1937 0.578435
1938 0.581615
1939 0.586568
1940 0.583584
1941 0.586209
1942 0.589696
1943 0.590322
1944 0.595336
1945 0.603873
1946 0.598235
1947 0.59743
1948 0.595653
1949 0.595988
1950 0.605325
1951 0.596888
1952 0.590508
1953 0.591856
1954 0.594776
1955 0.601211
1956 0.594733
1957 0.596214
1958 0.593578
1959 0.594954
1960 0.596706
1961 0.601056
1962 0.603496
1963 0.600483
1964 0.593158
1965 0.598469
1966 0.592234
1967 0.589078
1968 0.591506
1969 0.595408
1970 0.60324
1971 0.603985
1972 0.6055
1973 0.606128
1974 0.598731
1975 0.592918
1976 0.591952
1977 0.584605
1978 0.589849
1979 0.588509
1980 0.590167
1981 0.592159
1982 0.601589
1983 0.595944
1984 0.581298
1985 0.581195
1986 0.588245
1987 0.576915
1988 0.574893
1989 0.582003
1990 0.576377
1991 0.583715
1992 0.586222
1993 0.584187
1994 0.587536
1995 0.587182
1996 0.587571
1997 0.591047
1998 0.589888
1999 0.588752
2000 0.598175
