1 10.896
2 10.875
3 10.7714
4 10.6998
5 10.593
6 10.4383
7 10.3665
8 10.2833
9 10.2282
10 10.1352
11 9.99462
12 9.86839
13 9.81794
14 9.7206
15 9.66364
16 9.62085
17 9.55073
18 9.46171
19 9.32764
20 9.16762
21 8.9971
22 8.91881
23 8.78621
24 8.68018
25 8.53079
26 8.44224
27 8.37869
28 8.28319
29 8.2178
30 8.14069
31 8.05367
32 7.90838
33 7.87224
34 7.79668
35 7.72419
36 7.69074
37 7.65165
38 7.63566
39 7.52265
40 7.48426
41 7.44846
42 7.29267
43 7.22603
44 7.19633
45 7.12263
46 7.05747
47 6.98339
48 6.88051
49 6.80645
50 6.74814
51 6.61277
52 6.54445
53 6.44347
54 6.39969
55 6.35331
56 6.29718
57 6.23294
58 6.19993
59 6.14334
60 6.10883
61 6.0615
62 6.00865
63 5.94385
64 5.88178
65 5.85098
66 5.75075
67 5.7319
68 5.67495
69 5.65531
70 5.61388
71 5.58271
72 5.53637
73 5.50612
74 5.48977
75 5.43555
76 5.41649
77 5.36604
78 5.29959
79 5.19686
80 5.144
81 5.11916
82 5.04999
83 4.99733
84 4.96241
85 4.91299
86 4.88571
87 4.85475
88 4.8155
89 4.77009
90 4.71898
91 4.68509
92 4.64528
93 4.61153
94 4.59192
95 4.5531
96 4.5317
97 4.50609
98 4.4729
99 4.46044
100 4.44656
101 4.41961
102 4.3925
103 4.36343
104 4.3338
105 4.27834
106 4.26732
107 4.2151
108 4.19573
109 4.18225
110 4.16871
111 4.12786
112 4.11857
113 4.07147
114 4.06396
115 4.01809
116 3.97822
117 3.90456
118 3.87731
119 3.84917
120 3.81079
121 3.78298
122 3.76603
123 3.74507
124 3.70357
125 3.65701
126 3.63129
127 3.59915
128 3.54331
129 3.51344
130 3.49112
131 3.45522
132 3.4388
133 3.39914
134 3.37453
135 3.35584
136 3.33539
137 3.32148
138 3.30111
139 3.28177
140 3.25729
141 3.20093
142 3.17484
143 3.14017
144 3.12116
145 3.09301
146 3.08692
147 3.04894
148 3.00331
149 2.93072
150 2.89684
151 2.87656
152 2.85579
153 2.84169
154 2.82129
155 2.81324
156 2.77247
157 2.73846
158 2.721
159 2.70622
160 2.68493
161 2.6698
162 2.6573
163 2.62724
164 2.61852
165 2.60764
166 2.59596
167 2.58611
168 2.57116
169 2.55833
170 2.54154
171 2.52953
172 2.5082
173 2.48699
174 2.47392
175 2.45605
176 2.43797
177 2.41291
178 2.39918
179 2.36879
180 2.36379
181 2.34807
182 2.3193
183 2.296
184 2.28198
185 2.25691
186 2.23808
187 2.22163
188 2.20286
189 2.19069
190 2.18429
191 2.15203
192 2.14278
193 2.12028
194 2.10863
195 2.09366
196 2.08652
197 2.07905
198 2.06998
199 2.06022
200 2.03134
201 2.0124
202 1.99289
203 1.96975
204 1.96078
205 1.95646
206 1.94807
207 1.93521
208 1.91872
209 1.8968
210 1.87912
211 1.86779
212 1.85674
213 1.84895
214 1.83331
215 1.82883
216 1.81755
217 1.79274
218 1.78571
219 1.77289
220 1.77044
221 1.75656
222 1.74929
223 1.73364
224 1.71928
225 1.71122
226 1.70487
227 1.69142
228 1.6814
229 1.67565
230 1.65744
231 1.64599
232 1.64258
233 1.63691
234 1.62548
235 1.62328
236 1.61025
237 1.6022
238 1.58548
239 1.56815
240 1.55301
241 1.54745
242 1.52918
243 1.52118
244 1.51058
245 1.5026
246 1.48525
247 1.46946
248 1.46715
249 1.46528
250 1.45397
251 1.44998
252 1.44039
253 1.42258
254 1.41449
255 1.40783
256 1.40505
257 1.3947
258 1.38568
259 1.38136
260 1.36851
261 1.36441
262 1.3568
263 1.35244
264 1.34973
265 1.34328
266 1.34
267 1.33245
268 1.32591
269 1.31706
270 1.31125
271 1.29385
272 1.27508
273 1.26719
274 1.25373
275 1.24835
276 1.24496
277 1.23927
278 1.23281
279 1.22847
280 1.21959
281 1.20541
282 1.19943
283 1.19213
284 1.18304
285 1.1759
286 1.16705
287 1.16229
288 1.15118
289 1.14876
290 1.12393
291 1.12024
292 1.11433
293 1.09652
294 1.08961
295 1.0851
296 1.08375
297 1.07775
298 1.07278
299 1.07385
300 1.06986
301 1.07033
302 1.06635
303 1.06286
304 1.05715
305 1.04763
306 1.04719
307 1.0392
308 1.03489
309 1.02721
310 1.01912
311 1.00932
312 1.00834
313 1.00063
314 0.993328
315 0.975546
316 0.969622
317 0.966673
318 0.963341
319 0.956233
320 0.954194
321 0.945888
322 0.946871
323 0.948809
324 0.942867
325 0.942035
326 0.931041
327 0.925128
328 0.918624
329 0.912944
330 0.897949
331 0.89339
332 0.888208
333 0.880193
334 0.878592
335 0.875962
336 0.862313
337 0.858129
338 0.852489
339 0.846953
340 0.842121
341 0.836613
342 0.830124
343 0.826209
344 0.824345
345 0.815074
346 0.804472
347 0.796347
348 0.789999
349 0.786879
350 0.7752
351 0.764233
352 0.764749
353 0.761495
354 0.760285
355 0.757146
356 0.760808
357 0.755498
358 0.750404
359 0.740632
360 0.735232
361 0.72379
362 0.721908
363 0.708272
364 0.705899
365 0.703942
366 0.702744
367 0.701346
368 0.701119
369 0.702902
370 0.701698
371 0.701413
372 0.697563
373 0.694651
374 0.692464
375 0.684562
376 0.681665
377 0.680407
378 0.681602
379 0.679652
380 0.676427
381 0.671536
382 0.668829
383 0.663367
384 0.660758
385 0.654538
386 0.657149
387 0.651452
388 0.643233
389 0.641124
390 0.641525
391 0.6382
392 0.635628
393 0.632592
394 0.63369
395 0.637967
396 0.639326
397 0.631409
398 0.622873
399 0.621987
400 0.614807
401 0.61315
402 0.613129
403 0.609454
404 0.603333
405 0.600786
406 0.601388
407 0.59694
408 0.595435
409 0.584571
410 0.583797
411 0.578446
412 0.57459
413 0.572614
414 0.569244
415 0.567911
416 0.568878
417 0.566845
418 0.564706
419 0.559846
420 0.555562
421 0.552812
422 0.546629
423 0.54314
424 0.538129
425 0.533663
426 0.534019
427 0.533015
428 0.524165
429 0.527086
430 0.524638
431 0.518237
432 0.513504
433 0.510219
434 0.512486
435 0.509102
436 0.504421
437 0.506907
438 0.499712
439 0.49591
440 0.495116
441 0.495238
442 0.494858
443 0.493142
444 0.492993
445 0.490762
446 0.481045
447 0.479776
448 0.478396
449 0.478961
450 0.476619
451 0.472795
452 0.469252
453 0.466484
454 0.466663
455 0.465526
456 0.465825
457 0.468415
458 0.465254
459 0.471742
460 0.470341
461 0.470718
462 0.464274
463 0.466036
464 0.467116
465 0.467622
466 0.459344
467 0.455662
468 0.456767
469 0.454862
470 0.44025
471 0.442461
472 0.437543
473 0.432809
474 0.436323
475 0.437447
476 0.430496
477 0.427554
478 0.425395
479 0.422906
480 0.420801
481 0.419799
482 0.419437
483 0.421018
484 0.416994
485 0.416378
486 0.411947
487 0.41419
488 0.415652
489 0.416985
490 0.421061
491 0.416893
492 0.418235
493 0.418163
494 0.417736
495 0.40621
496 0.405298
497 0.400577
498 0.391913
499 0.393503
500 0.394783
501 0.393707
502 0.39374
503 0.390679
504 0.389068
505 0.388385
506 0.389958
507 0.390529
508 0.391308
509 0.390864
510 0.390652
511 0.392005
512 0.387567
513 0.379158
514 0.377625
515 0.376789
516 0.377558
517 0.375672
518 0.375899
519 0.370242
520 0.365149
521 0.359633
522 0.360255
523 0.359819
524 0.357
525 0.352548
526 0.351694
527 0.353342
528 0.353567
529 0.354825
530 0.351898
531 0.355276
532 0.356856
533 0.357586
534 0.356252
535 0.349838
536 0.347565
537 0.349684
538 0.349488
539 0.347116
540 0.344631
541 0.340503
542 0.330455
543 0.330171
544 0.330437
545 0.331757
546 0.333901
547 0.331825
548 0.330634
549 0.328132
550 0.327382
551 0.331806
552 0.33128
553 0.334987
554 0.333863
555 0.331733
556 0.333263
557 0.331335
558 0.333973
559 0.33238
560 0.335955
561 0.340117
562 0.339535
563 0.338529
564 0.335506
565 0.336075
566 0.337901
567 0.329851
568 0.331369
569 0.327842
570 0.32494
571 0.319858
572 0.320526
573 0.321965
574 0.322118
575 0.325913
576 0.325779
577 0.326143
578 0.331117
579 0.332828
580 0.330791
581 0.329154
582 0.331057
583 0.331479
584 0.339301
585 0.337346
586 0.330836
587 0.32565
588 0.323222
589 0.31446
590 0.311038
591 0.310396
592 0.311578
593 0.308017
594 0.305526
595 0.30722
596 0.302958
597 0.305859
598 0.300161
599 0.296048
600 0.296002
601 0.288291
602 0.290066
603 0.286502
604 0.283225
605 0.277938
606 0.283307
607 0.276194
608 0.27643
609 0.274495
610 0.274736
611 0.27181
612 0.268671
613 0.266261
614 0.264805
615 0.261235
616 0.258487
617 0.254384
618 0.254661
619 0.256876
620 0.259807
621 0.259202
622 0.259983
623 0.259285
624 0.265568
625 0.266099
626 0.258342
627 0.265196
628 0.257821
629 0.257594
630 0.255502
631 0.259333
632 0.261662
633 0.261516
634 0.261374
635 0.261758
636 0.260553
637 0.259249
638 0.258975
639 0.26001
640 0.258113
641 0.259539
642 0.26388
643 0.264542
644 0.27129
645 0.273652
646 0.270836
647 0.27008
648 0.270839
649 0.26848
650 0.265452
651 0.268128
652 0.271406
653 0.272313
654 0.272773
655 0.273537
656 0.277249
657 0.273837
658 0.272934
659 0.272125
660 0.272604
661 0.271686
662 0.276097
663 0.276206
664 0.273052
665 0.270699
666 0.268137
667 0.27049
668 0.274473
669 0.270315
670 0.270424
671 0.2711
672 0.270633
673 0.267193
674 0.26561
675 0.265973
676 0.263432
677 0.259528
678 0.259652
679 0.263926
680 0.268771
681 0.270385
682 0.269308
683 0.26957
684 0.270391
685 0.267183
686 0.269503
687 0.267672
688 0.271544
689 0.273441
690 0.273225
691 0.270523
692 0.269867
693 0.262367
694 0.257398
695 0.256156
696 0.256691
697 0.254662
698 0.255508
699 0.254873
700 0.250554
701 0.248573
702 0.250156
703 0.244658
704 0.241225
705 0.246164
706 0.245184
707 0.252366
708 0.255389
709 0.257056
710 0.257691
711 0.256632
712 0.253853
713 0.252518
714 0.252267
715 0.244147
716 0.242102
717 0.243916
718 0.242724
719 0.239857
720 0.235217
721 0.240486
722 0.239227
723 0.241266
724 0.237255
725 0.235762
726 0.235336
727 0.236547
728 0.237713
729 0.23578
730 0.231567
731 0.226632
732 0.229394
733 0.23265
734 0.235789
735 0.240079
736 0.240957
737 0.241904
738 0.243092
739 0.242018
740 0.240331
741 0.242499
742 0.243418
743 0.24171
744 0.243473
745 0.24704
746 0.246615
747 0.248908
748 0.248891
749 0.25124
750 0.246599
751 0.24877
752 0.248192
753 0.246101
754 0.245415
755 0.24505
756 0.249279
757 0.25031
758 0.250287
759 0.250353
760 0.257249
761 0.257819
762 0.258473
763 0.25867
764 0.262045
765 0.265967
766 0.267359
767 0.270201
768 0.27555
769 0.276428
770 0.280075
771 0.280174
772 0.280788
773 0.286181
774 0.294257
775 0.293788
776 0.294271
777 0.296001
778 0.294892
779 0.295477
780 0.294723
781 0.299336
782 0.30209
783 0.30344
784 0.301059
785 0.300247
786 0.298045
787 0.300828
788 0.302397
789 0.302489
790 0.295608
791 0.305118
792 0.311505
793 0.309671
794 0.303493
795 0.30386
796 0.308092
797 0.301098
798 0.300487
799 0.302534
800 0.312271
801 0.31655
802 0.314695
803 0.320838
804 0.324172
805 0.324421
806 0.33044
807 0.327472
808 0.322423
809 0.320549
810 0.318332
811 0.313238
812 0.311626
813 0.309557
814 0.300076
815 0.296551
816 0.296468
817 0.292855
818 0.284299
819 0.282278
820 0.282111
821 0.281871
822 0.281764
823 0.276905
824 0.274652
825 0.278799
826 0.276326
827 0.271723
828 0.268924
829 0.272557
830 0.27128
831 0.272724
832 0.276055
833 0.270725
834 0.271688
835 0.268969
836 0.268857
837 0.269748
838 0.27447
839 0.269074
840 0.273803
841 0.276037
842 0.274332
843 0.277732
844 0.273226
845 0.273558
846 0.27441
847 0.274392
848 0.270953
849 0.275491
850 0.272452
851 0.273686
852 0.271793
853 0.270831
854 0.267991
855 0.271682
856 0.271918
857 0.270862
858 0.26322
859 0.265657
860 0.276515
861 0.268643
862 0.266829
863 0.274048
864 0.270416
865 0.263872
866 0.263313
867 0.258935
868 0.256045
869 0.257168
870 0.253299
871 0.250612
872 0.242511
873 0.243666
874 0.245601
875 0.244591
876 0.241648
877 0.237778
878 0.23111
879 0.230798
880 0.232339
881 0.234992
882 0.227949
883 0.228817
884 0.233139
885 0.227119
886 0.230892
887 0.235195
888 0.236587
889 0.233682
890 0.233529
891 0.235363
892 0.23499
893 0.234609
894 0.231456
895 0.231612
896 0.233497
897 0.231613
898 0.231585
899 0.230906
900 0.231968
901 0.227409
902 0.226518
903 0.223263
904 0.227056
905 0.234841
906 0.234469
907 0.238458
908 0.238873
909 0.236335
910 0.230144
911 0.23627
912 0.235604
913 0.230884
914 0.239507
915 0.239513
916 0.247586
917 0.248947
918 0.250745
919 0.248044
920 0.24429
921 0.242861
922 0.242012
923 0.241588
924 0.239361
925 0.233914
926 0.236081
927 0.240751
928 0.244644
929 0.238765
930 0.242261
931 0.246828
932 0.244711
933 0.241756
934 0.241578
935 0.244197
936 0.248835
937 0.250162
938 0.248893
939 0.256845
940 0.257808
941 0.257964
942 0.261141
943 0.264672
944 0.255298
945 0.253978
946 0.24849
947 0.245947
948 0.249297
949 0.246609
950 0.246282
951 0.245946
952 0.245216
953 0.243409
954 0.235845
955 0.23681
956 0.234684
957 0.237466
958 0.235147
959 0.232301
960 0.239082
961 0.23912
962 0.239105
963 0.239097
964 0.233008
965 0.238503
966 0.238992
967 0.238961
968 0.240568
969 0.243546
970 0.248294
971 0.249303
972 0.241926
973 0.241675
974 0.244817
975 0.251397
976 0.25659
977 0.255746
978 0.251311
979 0.245686
980 0.243086
981 0.243987
982 0.243309
983 0.244468
984 0.247551
985 0.252225
986 0.252278
987 0.256844
988 0.259655
989 0.258685
990 0.262903
991 0.264293
992 0.263777
993 0.262413
994 0.261622
995 0.260889
996 0.262234
997 0.262811
998 0.260746
999 0.260377
1000 0.261617
1001 0.265538
1002 0.266838
1003 0.25989
1004 0.257575
1005 0.256087
1006 0.255335
1007 0.253062
1008 0.25155
1009 0.248739
1010 0.244738
1011 0.24731
1012 0.245582
1013 0.244619
1014 0.239951
1015 0.241313
1016 0.241165
1017 0.239965
1018 0.2414
1019 0.234137
1020 0.234681
1021 0.229304
1022 0.228148
1023 0.22733
1024 0.227272
1025 0.223407
1026 0.221466
1027 0.220392
1028 0.223698
1029 0.220727
1030 0.224422
1031 0.217376
1032 0.21729
1033 0.214813
1034 0.212414
1035 0.216512
1036 0.219681
1037 0.222279
1038 0.223808
1039 0.223548
1040 0.219636
1041 0.221975
1042 0.220734
1043 0.216592
1044 0.213996
1045 0.213206
1046 0.212207
1047 0.212048
1048 0.212426
1049 0.213602
1050 0.215456
1051 0.214567
1052 0.212707
1053 0.216713
1054 0.214353
1055 0.209426
1056 0.214245
1057 0.21875
1058 0.221997
1059 0.222847
1060 0.221909
1061 0.224688
1062 0.224916
1063 0.231474
1064 0.233814
1065 0.233461
1066 0.233883
1067 0.231773
1068 0.229478
1069 0.223745
1070 0.224537
1071 0.228601
1072 0.228486
1073 0.23033
1074 0.226498
1075 0.226534
1076 0.228416
1077 0.232411
1078 0.230813
1079 0.235344
1080 0.232982
1081 0.238347
1082 0.235804
1083 0.234335
1084 0.231087
1085 0.236577
1086 0.238968
1087 0.240397
1088 0.233301
1089 0.230092
1090 0.230997
1091 0.22488
1092 0.232066
1093 0.232455
1094 0.241806
1095 0.241093
1096 0.242968
1097 0.238353
1098 0.241614
1099 0.239849
1100 0.240986
1101 0.243455
1102 0.236656
1103 0.236119
1104 0.23229
1105 0.229546
1106 0.228807
1107 0.229447
1108 0.233579
1109 0.233265
1110 0.234036
1111 0.230821
1112 0.22939
1113 0.231714
1114 0.231417
1115 0.22675
1116 0.224441
1117 0.227943
1118 0.228397
1119 0.222859
1120 0.22536
1121 0.218142
1122 0.220996
1123 0.223136
1124 0.220801
1125 0.22103
1126 0.220693
1127 0.223733
1128 0.219586
1129 0.22333
1130 0.226817
1131 0.222123
1132 0.216418
1133 0.220435
1134 0.22412
1135 0.216769
1136 0.216812
1137 0.21144
1138 0.209011
1139 0.208827
1140 0.21136
1141 0.211872
1142 0.216951
1143 0.219851
1144 0.220819
1145 0.220034
1146 0.222206
1147 0.223706
1148 0.214837
1149 0.215844
1150 0.214421
1151 0.215923
1152 0.219613
1153 0.218861
1154 0.218139
1155 0.221157
1156 0.212726
1157 0.212482
1158 0.218742
1159 0.215063
1160 0.212593
1161 0.209354
1162 0.211803
1163 0.209799
1164 0.207814
1165 0.207443
1166 0.209919
1167 0.204719
1168 0.207218
1169 0.203083
1170 0.202386
1171 0.204951
1172 0.207445
1173 0.212788
1174 0.213697
1175 0.219313
1176 0.221999
1177 0.221098
1178 0.224664
1179 0.228415
1180 0.233329
1181 0.229812
1182 0.231571
1183 0.229317
1184 0.226917
1185 0.228632
1186 0.228268
1187 0.231379
1188 0.226294
1189 0.22597
1190 0.224041
1191 0.225717
1192 0.22807
1193 0.227735
1194 0.228971
1195 0.226876
1196 0.22333
1197 0.223151
1198 0.225627
1199 0.217592
1200 0.214933
1201 0.218239
1202 0.222257
1203 0.221239
1204 0.222316
1205 0.223194
1206 0.221006
1207 0.21868
1208 0.220626
1209 0.219496
1210 0.221088
1211 0.220515
1212 0.222957
1213 0.218042
1214 0.219336
1215 0.220152
1216 0.224422
1217 0.231597
1218 0.231019
1219 0.230084
1220 0.229911
1221 0.235969
1222 0.235953
1223 0.235192
1224 0.234543
1225 0.236366
1226 0.241743
1227 0.236558
1228 0.233613
1229 0.234148
1230 0.233403
1231 0.229438
1232 0.230715
1233 0.231487
1234 0.231392
1235 0.232828
1236 0.234131
1237 0.228013
1238 0.228791
1239 0.224514
1240 0.22248
1241 0.221144
1242 0.227007
1243 0.224851
1244 0.224685
1245 0.228441
1246 0.227706
1247 0.229447
1248 0.219467
1249 0.215997
1250 0.216186
1251 0.221896
1252 0.227232
1253 0.230839
1254 0.234112
1255 0.233511
1256 0.233448
1257 0.230668
1258 0.223523
1259 0.224576
1260 0.221646
1261 0.229709
1262 0.224676
1263 0.226952
1264 0.22445
1265 0.222391
1266 0.221815
1267 0.222548
1268 0.22415
1269 0.220312
1270 0.212392
1271 0.214191
1272 0.2145
1273 0.219944
1274 0.218672
1275 0.217413
1276 0.216336
1277 0.215427
1278 0.219127
1279 0.212211
1280 0.215528
1281 0.216556
1282 0.213959
1283 0.205022
1284 0.218024
1285 0.218399
1286 0.218994
1287 0.218245
1288 0.219352
1289 0.217846
1290 0.217668
1291 0.215614
1292 0.21116
1293 0.213902
1294 0.211531
1295 0.213688
1296 0.21033
1297 0.207534
1298 0.207553
1299 0.205219
1300 0.204401
1301 0.203237
1302 0.202015
1303 0.207245
1304 0.210642
1305 0.213539
1306 0.206081
1307 0.208968
1308 0.208472
1309 0.207079
1310 0.204369
1311 0.207997
1312 0.206209
1313 0.206537
1314 0.207402
1315 0.20673
1316 0.208116
1317 0.208162
1318 0.211025
1319 0.206792
1320 0.20179
1321 0.195839
1322 0.199488
1323 0.195651
1324 0.20221
1325 0.203272
1326 0.205303
1327 0.212056
1328 0.215478
1329 0.226277
1330 0.233372
1331 0.232644
1332 0.232878
1333 0.236518
1334 0.238901
1335 0.235008
1336 0.23887
1337 0.246747
1338 0.243606
1339 0.24198
1340 0.24469
1341 0.24843
1342 0.248578
1343 0.248437
1344 0.241501
1345 0.238112
1346 0.234729
1347 0.233037
1348 0.227105
1349 0.225223
1350 0.223278
1351 0.224487
1352 0.231414
1353 0.228556
1354 0.224553
1355 0.221551
1356 0.224189
1357 0.227722
1358 0.221791
1359 0.221781
1360 0.225481
1361 0.229273
1362 0.227852
1363 0.229349
1364 0.225456
1365 0.222665
1366 0.227555
1367 0.224591
1368 0.223269
1369 0.222767
1370 0.220252
1371 0.220499
1372 0.222978
1373 0.223626
1374 0.222326
1375 0.217749
1376 0.22143
1377 0.224435
1378 0.225873
1379 0.228904
1380 0.232125
1381 0.234051
1382 0.235326
1383 0.239008
1384 0.238256
1385 0.239997
1386 0.238927
1387 0.239557
1388 0.240481
1389 0.237953
1390 0.237312
1391 0.229183
1392 0.226579
1393 0.224417
1394 0.221109
1395 0.222857
1396 0.223759
1397 0.224219
1398 0.225994
1399 0.229396
1400 0.231571
1401 0.236365
1402 0.242078
1403 0.242641
1404 0.241178
1405 0.24744
1406 0.248502
1407 0.248199
1408 0.244889
1409 0.253299
1410 0.251258
1411 0.249347
1412 0.258219
1413 0.262127
1414 0.260775
1415 0.264317
1416 0.259627
1417 0.256618
1418 0.256973
1419 0.261464
1420 0.266894
1421 0.274255
1422 0.279308
1423 0.274849
1424 0.270502
1425 0.267502
1426 0.271284
1427 0.272617
1428 0.275619
1429 0.276368
1430 0.277327
1431 0.275549
1432 0.273732
1433 0.273082
1434 0.266795
1435 0.267967
1436 0.266213
1437 0.263126
1438 0.263729
1439 0.264434
1440 0.267814
1441 0.268459
1442 0.267895
1443 0.269817
1444 0.267575
1445 0.275113
1446 0.269555
1447 0.26196
1448 0.260362
1449 0.251227
1450 0.253898
1451 0.252769
1452 0.248207
1453 0.252483
1454 0.245954
1455 0.245209
1456 0.244381
1457 0.239146
1458 0.23758
1459 0.234096
1460 0.23694
1461 0.225562
1462 0.225212
1463 0.227541
1464 0.232527
1465 0.239478
1466 0.238238
1467 0.242274
1468 0.249303
1469 0.245254
1470 0.244623
1471 0.249001
1472 0.246985
1473 0.244073
1474 0.246468
1475 0.246507
1476 0.248114
1477 0.245185
1478 0.247091
1479 0.250466
1480 0.247287
1481 0.249065
1482 0.248801
1483 0.247263
1484 0.244794
1485 0.24321
1486 0.242505
1487 0.244014
1488 0.245221
1489 0.241452
1490 0.241514
1491 0.238453
1492 0.237407
1493 0.239572
1494 0.237714
1495 0.235746
1496 0.239184
1497 0.244135
1498 0.242623
1499 0.241188
1500 0.242815
1501 0.241724
1502 0.243397
1503 0.247703
1504 0.238333
1505 0.2401
1506 0.244474
1507 0.239229
1508 0.242064
1509 0.245713
1510 0.246131
1511 0.248927
1512 0.25019
1513 0.246753
1514 0.25078
1515 0.250536
1516 0.251433
1517 0.254367
1518 0.250653
1519 0.242601
1520 0.250027
1521 0.255973
1522 0.25437
1523 0.257174
1524 0.261533
1525 0.263378
1526 0.262232
1527 0.259685
1528 0.259279
1529 0.258301
1530 0.259531
1531 0.261315
1532 0.259453
1533 0.25389
1534 0.253422
1535 0.252236
1536 0.253171
1537 0.254257
1538 0.254955
1539 0.265007
1540 0.264885
1541 0.26404
1542 0.267082
1543 0.263961
1544 0.262419
1545 0.265028
1546 0.268689
1547 0.270859
1548 0.268855
1549 0.268271
1550 0.267618
1551 0.260974
1552 0.263987
1553 0.259564
1554 0.258565
1555 0.256198
1556 0.259876
1557 0.255585
1558 0.253867
1559 0.248308
1560 0.244347
1561 0.245105
1562 0.244658
1563 0.247041
1564 0.245188
1565 0.252128
1566 0.255017
1567 0.254312
1568 0.257669
1569 0.259395
1570 0.256683
1571 0.255963
1572 0.255203
1573 0.257682
1574 0.255237
1575 0.25718
1576 0.262303
1577 0.260323
1578 0.258797
1579 0.260143
1580 0.256633
1581 0.253587
1582 0.249941
1583 0.25039
1584 0.250574
1585 0.246331
1586 0.247097
1587 0.240974
1588 0.237954
1589 0.233747
1590 0.237058
1591 0.237005
1592 0.240862
1593 0.238353
1594 0.244032
1595 0.237729
1596 0.241826
1597 0.244616
1598 0.245938
1599 0.25084
1600 0.253832
1601 0.256568
1602 0.254489
1603 0.255118
1604 0.257329
1605 0.255799
1606 0.251645
1607 0.248709
1608 0.247111
1609 0.243195
1610 0.245906
1611 0.245152
1612 0.249234
1613 0.249079
1614 0.254358
1615 0.255449
1616 0.253202
1617 0.246611
1618 0.248795
1619 0.254089
1620 0.253588
1621 0.252049
1622 0.251966
1623 0.250814
1624 0.250227
1625 0.248972
1626 0.250715
1627 0.251408
1628 0.243629
1629 0.244484
1630 0.241607
1631 0.248273
1632 0.250033
1633 0.252495
1634 0.251379
1635 0.254218
1636 0.254529
1637 0.255688
1638 0.253751
1639 0.250433
1640 0.252143
1641 0.258125
1642 0.262088
1643 0.262488
1644 0.265056
1645 0.263541
1646 0.262315
1647 0.266191
1648 0.271493
1649 0.270217
1650 0.272635
1651 0.273595
1652 0.271631
1653 0.274762
1654 0.272465
1655 0.275315
1656 0.278575
1657 0.282911
1658 0.28015
1659 0.279567
1660 0.28135
1661 0.272371
1662 0.26645
1663 0.265179
1664 0.258559
1665 0.254129
1666 0.256804
1667 0.258432
1668 0.253973
1669 0.255463
1670 0.2537
1671 0.248409
1672 0.244605
1673 0.247357
1674 0.245921
1675 0.243968
1676 0.245081
1677 0.243233
1678 0.248375
1679 0.25068
1680 0.253037
1681 0.248393
1682 0.246517
1683 0.246888
1684 0.245602
1685 0.248968
1686 0.246488
1687 0.242993
1688 0.247727
1689 0.252576
1690 0.248911
1691 0.241886
1692 0.244821
1693 0.243266
1694 0.246919
1695 0.236277
1696 0.241206
1697 0.24358
1698 0.245499
1699 0.242231
1700 0.241633
1701 0.245032
1702 0.245057
1703 0.24342
1704 0.246236
1705 0.240064
1706 0.240047
1707 0.240639
1708 0.249294
1709 0.248531
1710 0.24951
1711 0.250501
1712 0.251483
1713 0.249168
1714 0.246797
1715 0.243691
1716 0.24572
1717 0.245103
1718 0.244482
1719 0.242883
1720 0.24756
1721 0.251198
1722 0.250243
1723 0.247348
1724 0.249296
1725 0.253524
1726 0.255082
1727 0.251445
1728 0.254116
1729 0.252521
1730 0.246042
1731 0.245232
1732 0.239041
1733 0.241855
1734 0.242464
1735 0.243291
1736 0.246689
1737 0.2507
1738 0.250903
1739 0.249087
1740 0.249121
1741 0.255527
1742 0.255621
1743 0.26069
1744 0.260535
1745 0.258179
1746 0.262849
1747 0.261584
1748 0.260369
1749 0.259879
1750 0.25686
1751 0.256157
1752 0.248676
1753 0.240874
1754 0.24313
1755 0.249152
1756 0.242614
1757 0.244899
1758 0.247827
1759 0.259014
1760 0.258266
1761 0.255773
1762 0.259685
1763 0.262714
1764 0.258963
1765 0.25669
1766 0.254041
1767 0.257764
1768 0.252763
1769 0.256853
1770 0.263331
1771 0.264007
1772 0.264657
1773 0.263729
1774 0.259879
1775 0.260948
1776 0.258896
1777 0.263839
1778 0.266628
1779 0.269192
1780 0.266882
1781 0.263811
1782 0.259419
1783 0.262422
1784 0.263224
1785 0.267546
1786 0.269945
1787 0.269382
1788 0.274745
1789 0.278107
1790 0.279987
1791 0.279811
1792 0.27335
1793 0.272822
1794 0.26981
1795 0.266427
1796 0.263086
1797 0.260738
1798 0.254116
1799 0.264553
1800 0.26102
1801 0.260454
1802 0.265512
1803 0.266367
1804 0.261178
1805 0.260019
1806 0.259481
1807 0.262423
1808 0.261646
1809 0.258043
1810 0.259902
1811 0.259517
1812 0.260735
1813 0.260983
1814 0.261643
1815 0.256105
1816 0.255102
1817 0.261454
1818 0.256729
1819 0.256078
1820 0.24967
1821 0.246357
1822 0.243665
1823 0.242738
1824 0.240973
1825 0.240522
1826 0.240695
1827 0.244204
1828 0.24569
1829 0.247725
1830 0.248112
1831 0.246604
1832 0.247593
1833 0.246443
1834 0.246787
1835 0.235199
1836 0.238807
1837 0.242215
1838 0.240781
1839 0.241948
1840 0.242759
1841 0.241741
1842 0.240484
1843 0.240857
1844 0.240885
1845 0.237044
1846 0.237252
1847 0.235482
1848 0.238961
1849 0.233561
1850 0.231878
1851 0.231052
1852 0.229242
1853 0.230805
1854 0.232265
1855 0.22963
1856 0.228995
1857 0.229179
1858 0.232524
1859 0.236719
1860 0.23696
1861 0.229327
1862 0.226589
1863 0.230903
1864 0.236882
1865 0.239564
1866 0.237617
1867 0.237578
1868 0.236666
1869 0.235399
1870 0.237132
1871 0.235176
1872 0.227061
1873 0.227855
1874 0.221953
1875 0.222799
1876 0.228035
1877 0.225731
1878 0.227363
1879 0.226226
1880 0.229938
1881 0.228716
1882 0.230831
1883 0.2308
1884 0.227085
1885 0.226703
1886 0.229962
1887 0.225014
1888 0.224892
1889 0.227479
1890 0.231059
1891 0.232326
1892 0.23597
1893 0.23833
1894 0.236024
1895 0.23894
1896 0.241349
1897 0.240859
1898 0.238584
1899 0.236516
1900 0.240938
1901 0.242437
1902 0.249132
1903 0.250927
1904 0.249077
1905 0.242913
1906 0.240988
1907 0.240525
1908 0.242079
1909 0.246803
1910 0.25105
1911 0.252426
1912 0.252985
1913 0.254333
1914 0.251679
1915 0.250503
1916 0.245372
1917 0.243436
1918 0.243228
1919 0.244668
1920 0.241869
1921 0.24614
1922 0.241684
1923 0.239604
1924 0.242282
1925 0.236811
1926 0.240177
1927 0.238269
1928 0.241641
1929 0.233315
1930 0.236201
1931 0.237395
1932 0.239353
1933 0.241092
1934 0.249604
1935 0.254349
1936 0.250854
1937 0.247079
1938 0.242911
1939 0.241267
1940 0.247424
1941 0.249689
1942 0.247933
1943 0.243352
1944 0.242354
1945 0.245007
1946 0.24031
1947 0.238677
1948 0.237253
1949 0.237545
1950 0.243387
1951 0.241608
1952 0.239691
1953 0.243077
1954 0.236172
1955 0.231238
1956 0.229485
1957 0.226001
1958 0.225636
1959 0.228852
1960 0.228311
1961 0.232034
1962 0.231477
1963 0.23346
1964 0.233431
1965 0.239281
1966 0.236542
1967 0.23071
1968 0.227579
1969 0.22515
1970 0.227951
1971 0.230652
1972 0.228124
1973 0.228183
1974 0.222214
1975 0.224832
1976 0.226296
1977 0.221072
1978 0.223693
1979 0.223784
1980 0.221093
1981 0.215921
1982 0.220775
1983 0.229152
1984 0.229001
1985 0.230171
1986 0.230976
1987 0.232185
1988 0.228396
1989 0.234082
1990 0.232767
1991 0.233942
1992 0.232709
1993 0.235691
1994 0.243482
1995 0.242362
1996 0.240706
1997 0.2431
1998 0.240531
1999 0.240905
2000 0.240908
