100 56.9046
200 51.6055
300 47.235
400 43.0576
500 39.248
600 35.948
700 32.87
800 30.1013
900 27.4732
1000 24.9839
1100 22.9113
1200 20.9359
1300 19.1791
1400 17.6225
1500 16.1838
1600 14.8385
1700 13.6072
1800 12.4963
1900 11.4652
2000 10.4995
2100 9.66995
2200 8.92384
2300 8.22902
2400 7.54583
2500 6.94377
2600 6.37098
2700 5.85501
2800 5.42073
2900 4.9471
3000 4.57951
3100 4.20681
3200 3.88029
3300 3.59308
3400 3.30941
3500 3.04167
3600 2.80615
3700 2.59199
3800 2.40195
3900 2.21235
4000 2.04718
4100 1.89413
4200 1.74207
4300 1.60593
4400 1.48517
4500 1.36993
4600 1.26218
4700 1.16847
4800 1.07816
4900 0.994886
5000 0.9162
5100 0.845445
5200 0.784298
5300 0.722887
5400 0.669388
5500 0.617012
5600 0.571016
5700 0.528489
5800 0.489627
5900 0.452762
6000 0.417665
6100 0.386533
6200 0.356719
6300 0.328986
6400 0.304107
6500 0.281877
6600 0.261458
6700 0.242081
6800 0.2242
6900 0.207648
7000 0.192491
7100 0.178637
7200 0.165807
7300 0.15345
7400 0.141931
7500 0.132351
7600 0.123067
7700 0.113699
7800 0.104948
7900 0.0974292
8000 0.0905633
8100 0.0838296
8200 0.0773772
8300 0.0721836
8400 0.0670639
8500 0.0624156
8600 0.0579278
8700 0.0540539
8800 0.0504534
8900 0.0472843
9000 0.0443628
9100 0.0416745
9200 0.0389974
9300 0.0362084
9400 0.0339828
9500 0.031759
9600 0.0299823
9700 0.0282651
9800 0.0265129
9900 0.0249721
10000 0.0236953
10100 0.0224845
10200 0.0212497
10300 0.019965
10400 0.0191422
10500 0.0185069
10600 0.0179099
10700 0.0169214
10800 0.016407
10900 0.0160777
11000 0.0161843
11100 0.0155376
11200 0.0149642
11300 0.0144367
11400 0.0140898
11500 0.0138522
11600 0.0136602
11700 0.0134381
11800 0.0131705
11900 0.0129275
12000 0.0128988
12100 0.0128308
12200 0.0129313
12300 0.013108
12400 0.0131805
12500 0.0129976
12600 0.0130568
12700 0.0128374
12800 0.0124967
12900 0.0123363
13000 0.012648
13100 0.0125178
13200 0.0125934
13300 0.0124613
13400 0.0124438
13500 0.0121082
13600 0.0122551
13700 0.0122764
13800 0.012308
13900 0.0123409
14000 0.0122683
14100 0.0123457
14200 0.0121427
14300 0.012169
14400 0.0122954
14500 0.0123359
14600 0.0122541
14700 0.012646
14800 0.0126789
14900 0.0125889
15000 0.0123274
15100 0.012384
15200 0.0124479
15300 0.0121803
15400 0.0122879
15500 0.0121383
15600 0.0120259
15700 0.0120691
15800 0.0122702
15900 0.0122891
16000 0.012264
16100 0.0121152
16200 0.0120342
16300 0.0118429
16400 0.0119531
16500 0.012039
16600 0.0122801
16700 0.012489
16800 0.0123974
16900 0.0123984
17000 0.0126257
17100 0.012322
17200 0.0121181
17300 0.0120262
17400 0.0120633
17500 0.0122721
17600 0.0122617
17700 0.0124975
17800 0.0125787
17900 0.0125843
18000 0.0129219
18100 0.0127703
18200 0.0124703
18300 0.0127433
18400 0.012969
18500 0.0129208
18600 0.012859
18700 0.0127751
18800 0.0127036
18900 0.0124978
19000 0.0125621
19100 0.0123296
19200 0.0121558
19300 0.0121988
19400 0.0120651
19500 0.0120546
19600 0.0123184
19700 0.0122588
19800 0.0120943
19900 0.012053
20000 0.0120411
20100 0.0119389
20200 0.0122198
20300 0.0123079
20400 0.0124505
20500 0.0123745
20600 0.0121541
20700 0.0124011
20800 0.0125436
20900 0.0126941
21000 0.012413
21100 0.0123736
21200 0.012151
21300 0.0118387
21400 0.0120847
21500 0.0120432
21600 0.0117679
21700 0.0115668
21800 0.0115649
21900 0.0115086
22000 0.0117359
22100 0.0116515
22200 0.0120829
22300 0.0122919
22400 0.012294
22500 0.0123109
22600 0.0124002
22700 0.0122171
22800 0.0125686
22900 0.0124744
23000 0.0124391
23100 0.0123322
23200 0.0121512
23300 0.012139
23400 0.0120985
23500 0.0123018
23600 0.0125013
23700 0.0124004
23800 0.0122296
23900 0.0120199
24000 0.0118887
24100 0.0119179
24200 0.0121356
24300 0.0120082
24400 0.0120912
24500 0.0119264
24600 0.011907
24700 0.0119727
24800 0.0116971
24900 0.0115323
25000 0.0118749
25100 0.0115716
25200 0.0121227
25300 0.012166
25400 0.012036
25500 0.0123392
25600 0.0123197
25700 0.0125112
25800 0.0129577
25900 0.0128446
26000 0.0127415
26100 0.0127723
26200 0.0129765
26300 0.0128409
26400 0.0127859
26500 0.0126834
26600 0.0124138
26700 0.0124369
26800 0.0121628
26900 0.0122286
27000 0.0123553
27100 0.0121194
27200 0.0121844
27300 0.012228
27400 0.0121716
27500 0.0124944
27600 0.0121925
27700 0.0121736
27800 0.0118736
27900 0.012302
28000 0.0121708
28100 0.0124061
28200 0.0124695
28300 0.0123062
28400 0.0124416
28500 0.012537
28600 0.0124329
28700 0.0121527
28800 0.0121703
28900 0.0123416
29000 0.0120466
29100 0.0122281
29200 0.0122629
29300 0.0119433
29400 0.0117606
29500 0.0116033
29600 0.0119638
29700 0.0116552
29800 0.0114842
29900 0.0117566
30000 0.0119276
30100 0.0119535
30200 0.012118
30300 0.0123416
30400 0.0123319
30500 0.0122589
30600 0.0123649
30700 0.0124911
30800 0.0125127
30900 0.0125719
31000 0.0131288
31100 0.0132662
31200 0.0133683
31300 0.0130976
31400 0.012988
31500 0.012761
31600 0.0127138
31700 0.0126655
31800 0.012555
31900 0.0124545
32000 0.012436
32100 0.0125299
32200 0.0128617
32300 0.0128453
32400 0.0128792
32500 0.0129299
32600 0.0128871
32700 0.012769
32800 0.0126377
32900 0.012551
33000 0.012562
33100 0.0123314
33200 0.0122983
33300 0.0125443
33400 0.0121036
33500 0.0125888
33600 0.0127663
33700 0.0128802
33800 0.0126156
33900 0.0126731
34000 0.012454
34100 0.012672
34200 0.0131591
34300 0.0130118
34400 0.0129903
34500 0.012954
34600 0.0128544
34700 0.01281
34800 0.0126847
34900 0.0127676
35000 0.0134525
35100 0.0132836
35200 0.0131394
35300 0.0129492
35400 0.0128478
35500 0.0127328
35600 0.0127014
35700 0.0125672
35800 0.0125415
35900 0.0126004
36000 0.0125931
36100 0.0125663
36200 0.0124886
36300 0.012532
36400 0.0126583
36500 0.0128148
36600 0.0128327
36700 0.012586
36800 0.0126322
36900 0.0126781
37000 0.0130402
37100 0.0128578
37200 0.0128397
37300 0.0126869
37400 0.0127183
37500 0.0127251
37600 0.0126223
37700 0.0125327
37800 0.012771
37900 0.012675
38000 0.0128328
38100 0.0128429
38200 0.0127671
38300 0.0126695
38400 0.0123904
38500 0.0121922
38600 0.012095
38700 0.0117363
38800 0.0117324
38900 0.0120981
39000 0.0124073
39100 0.0126561
39200 0.0123463
39300 0.0124913
39400 0.0122982
39500 0.0125921
39600 0.0130615
39700 0.0125577
39800 0.0125661
39900 0.0124011
40000 0.01217
40100 0.0123077
40200 0.0124619
40300 0.012372
40400 0.0122941
40500 0.012451
40600 0.0127567
40700 0.0124378
40800 0.0125769
40900 0.0127631
41000 0.0126772
41100 0.0131504
41200 0.0130939
41300 0.012901
41400 0.0128159
41500 0.0125865
41600 0.0127191
41700 0.0125633
41800 0.0125893
41900 0.0125442
42000 0.0124641
42100 0.0122034
42200 0.0121433
42300 0.0123468
42400 0.0125754
42500 0.0124839
42600 0.0125197
42700 0.0123166
42800 0.0124288
42900 0.0122954
43000 0.0121379
43100 0.0126471
43200 0.0128096
43300 0.0126659
43400 0.0124648
43500 0.0125493
43600 0.0127907
43700 0.0124293
43800 0.012545
43900 0.0123832
44000 0.0126175
44100 0.0125652
44200 0.0125827
44300 0.0128589
44400 0.0129082
44500 0.0126384
44600 0.0128821
44700 0.0126056
44800 0.0124869
44900 0.0122525
45000 0.0119797
45100 0.0122029
45200 0.0123457
45300 0.0122485
45400 0.0127831
45500 0.0129518
45600 0.0130649
45700 0.0128965
45800 0.0127846
45900 0.0127505
46000 0.0126461
46100 0.0124602
46200 0.0122795
46300 0.0126722
46400 0.0125708
46500 0.0125183
46600 0.0125611
46700 0.0127
46800 0.0123468
46900 0.0122458
47000 0.0122286
47100 0.0122725
47200 0.0121629
47300 0.0119207
47400 0.0121913
47500 0.0122597
47600 0.0123322
47700 0.0125078
47800 0.0125022
47900 0.0127173
48000 0.0126104
48100 0.0125467
48200 0.0126729
48300 0.0126288
48400 0.0125396
48500 0.0122208
48600 0.0121142
48700 0.012181
48800 0.0120503
48900 0.01189
49000 0.0120491
49100 0.0120885
49200 0.0121301
49300 0.0119723
49400 0.012063
49500 0.0120683
49600 0.0120953
49700 0.0123586
49800 0.0120129
49900 0.0121404
50000 0.0124938
50100 0.0125901
50200 0.0124011
50300 0.0122423
50400 0.0122414
50500 0.011987
50600 0.0117803
50700 0.012971
50800 0.0130396
50900 0.012841
51000 0.0127262
51100 0.0126772
51200 0.0126197
51300 0.0128666
51400 0.0129382
51500 0.0126202
51600 0.0128264
51700 0.0128003
51800 0.0122871
51900 0.0120764
52000 0.0117526
52100 0.0116085
52200 0.0114493
52300 0.0115609
52400 0.0116192
52500 0.0120539
52600 0.0121194
52700 0.0122179
52800 0.0121283
52900 0.0122785
53000 0.0123163
53100 0.0122932
53200 0.0127155
53300 0.0126146
53400 0.0125726
53500 0.0126945
53600 0.0126568
53700 0.0127696
53800 0.012699
53900 0.0125743
54000 0.0130731
54100 0.0131781
54200 0.0131321
54300 0.0130227
54400 0.0127825
54500 0.0128599
54600 0.0126098
54700 0.0126374
54800 0.0126157
54900 0.0124814
55000 0.0123629
55100 0.0123422
55200 0.0125554
55300 0.0125086
55400 0.0127909
55500 0.0129081
55600 0.0128599
55700 0.0131294
55800 0.0128768
55900 0.0124692
56000 0.0126681
56100 0.0128921
56200 0.0135308
56300 0.0132798
56400 0.0127737
56500 0.0124477
56600 0.0125044
56700 0.0128228
56800 0.0127341
56900 0.0126691
57000 0.0125746
57100 0.012499
57200 0.0122364
57300 0.012383
57400 0.0123285
57500 0.0125396
57600 0.0125447
57700 0.0124334
57800 0.0126579
57900 0.0126684
58000 0.0122107
58100 0.0122819
58200 0.0123939
58300 0.0123211
58400 0.0129183
58500 0.0126814
58600 0.0125524
58700 0.012641
58800 0.0124982
58900 0.0125967
59000 0.012396
59100 0.0122413
59200 0.0121016
59300 0.0120953
59400 0.012307
59500 0.0123092
59600 0.0122185
59700 0.012174
59800 0.0125216
59900 0.0122295
60000 0.0120558
60100 0.0118764
60200 0.0122354
60300 0.0121327
60400 0.012681
60500 0.012554
60600 0.012668
60700 0.0126216
60800 0.0127662
60900 0.0129914
61000 0.0129338
61100 0.0128814
61200 0.0127026
61300 0.0128157
61400 0.0128196
61500 0.0129829
61600 0.0128021
61700 0.0126104
61800 0.0127111
61900 0.0128985
62000 0.0128039
62100 0.0126012
62200 0.0123972
62300 0.012153
62400 0.0119005
62500 0.0118967
62600 0.0120301
62700 0.0124088
62800 0.0123298
62900 0.0126518
63000 0.0127942
63100 0.0126303
63200 0.0123305
63300 0.0125346
63400 0.0125224
63500 0.0122889
63600 0.0123082
63700 0.0124992
63800 0.0121953
63900 0.0125115
64000 0.0122102
64100 0.0121522
64200 0.0121449
64300 0.0120041
64400 0.0128805
64500 0.0128097
64600 0.0128166
64700 0.0128901
64800 0.0126867
64900 0.0126859
65000 0.0125769
65100 0.0123895
65200 0.0126709
65300 0.012552
65400 0.0125232
65500 0.0123918
65600 0.0128215
65700 0.0127447
65800 0.0127917
65900 0.0125337
66000 0.0125904
66100 0.0124857
66200 0.0122118
66300 0.0122829
66400 0.0124535
66500 0.0124197
66600 0.0125406
66700 0.0125734
66800 0.0122671
66900 0.0122424
67000 0.0121487
67100 0.0121593
67200 0.0124047
67300 0.0126757
67400 0.0124713
67500 0.0121607
67600 0.0121617
67700 0.0121876
67800 0.0123649
67900 0.0123494
68000 0.0121863
68100 0.0121794
68200 0.0120676
68300 0.0121037
68400 0.0121066
68500 0.0122994
68600 0.0122691
68700 0.0120157
68800 0.0125541
68900 0.0123484
69000 0.0126284
69100 0.0127001
69200 0.0129781
69300 0.0128512
69400 0.0127521
69500 0.012387
69600 0.0125845
69700 0.0124298
69800 0.012305
69900 0.0125968
70000 0.0126623
70100 0.012609
70200 0.0127151
70300 0.0124617
70400 0.0126686
70500 0.0124505
70600 0.0126411
70700 0.0126561
70800 0.0125103
70900 0.0125036
71000 0.0123012
71100 0.012235
71200 0.0120859
71300 0.011996
71400 0.0117463
71500 0.012177
71600 0.0122796
71700 0.0122561
71800 0.0123149
71900 0.0126261
72000 0.0122145
72100 0.0122252
72200 0.0124463
72300 0.0125753
72400 0.0126107
72500 0.0126253
72600 0.0126955
72700 0.0126361
72800 0.012373
72900 0.0120314
73000 0.0126461
73100 0.0124221
73200 0.0125307
73300 0.0123024
73400 0.0121528
73500 0.0121487
73600 0.0118396
73700 0.0120036
73800 0.0119366
73900 0.0121196
74000 0.0119288
74100 0.0122372
74200 0.0123866
74300 0.0122243
74400 0.0120505
74500 0.0120983
74600 0.0120124
74700 0.0121539
74800 0.0123038
74900 0.0125238
75000 0.012757
75100 0.0125268
75200 0.0124314
75300 0.0126662
75400 0.0126148
75500 0.012428
75600 0.0123477
75700 0.0121593
75800 0.0121755
75900 0.0123111
76000 0.012507
76100 0.0124632
76200 0.0122944
76300 0.0125627
76400 0.0124984
76500 0.0124921
76600 0.0123514
76700 0.0122999
76800 0.0124949
76900 0.0128449
77000 0.0125638
77100 0.0133566
77200 0.0135427
77300 0.0132534
77400 0.0129704
77500 0.0129135
77600 0.0124346
77700 0.0120317
77800 0.0117365
77900 0.0119809
78000 0.012068
78100 0.0119172
78200 0.0118218
78300 0.0119145
78400 0.0119949
78500 0.0121189
78600 0.012395
78700 0.0123472
78800 0.0122978
78900 0.012146
79000 0.0123776
79100 0.012435
79200 0.0124063
79300 0.0123756
79400 0.012461
79500 0.012841
79600 0.0126343
79700 0.0127369
79800 0.0126244
79900 0.0125934
80000 0.0124249
80100 0.0123427
80200 0.0120593
80300 0.0122564
80400 0.0119745
80500 0.0120498
80600 0.0120067
80700 0.0120421
80800 0.0120288
80900 0.012204
81000 0.0124853
81100 0.0132943
81200 0.0132255
81300 0.0131226
81400 0.0127854
81500 0.0127897
81600 0.0126752
81700 0.0126062
81800 0.0127197
81900 0.0127516
82000 0.0127035
82100 0.01273
82200 0.0125795
82300 0.0127351
82400 0.0128825
82500 0.0128153
82600 0.0127643
82700 0.0126559
82800 0.012551
82900 0.012412
83000 0.0124101
83100 0.0121578
83200 0.0122277
83300 0.0121171
83400 0.0122604
83500 0.0123778
83600 0.0123633
83700 0.0122139
83800 0.0122144
83900 0.0124383
84000 0.0122481
84100 0.0120269
84200 0.0119643
84300 0.0123173
84400 0.0121447
84500 0.0120925
84600 0.0121311
84700 0.0120153
84800 0.0122894
84900 0.0121513
85000 0.0121069
85100 0.0124063
85200 0.0121944
85300 0.0123832
85400 0.0125315
85500 0.0127464
85600 0.0126596
85700 0.0127324
85800 0.0125377
85900 0.0125533
86000 0.0124252
86100 0.012528
86200 0.0122909
86300 0.0120247
86400 0.0121921
86500 0.012424
86600 0.0124109
86700 0.0124213
86800 0.0126461
86900 0.0126891
87000 0.0122749
87100 0.0120292
87200 0.0120547
87300 0.0123211
87400 0.0124243
87500 0.012375
87600 0.0126349
87700 0.0124858
87800 0.0122345
87900 0.0121571
88000 0.0123908
88100 0.0126106
88200 0.0125817
88300 0.0123895
88400 0.0120974
88500 0.011892
88600 0.0119909
88700 0.0121278
88800 0.0120927
88900 0.0119212
89000 0.0118812
89100 0.01203
89200 0.0124916
89300 0.0123042
89400 0.0122674
89500 0.0119924
89600 0.0123034
89700 0.012242
89800 0.0123282
89900 0.0123244
90000 0.0125684
90100 0.0124175
90200 0.012567
90300 0.0125116
90400 0.0126271
90500 0.0127622
90600 0.012825
90700 0.0125467
90800 0.0125112
90900 0.0123154
91000 0.0122184
91100 0.0125116
91200 0.0125255
91300 0.0123435
91400 0.0129428
91500 0.0130163
91600 0.0130108
91700 0.0129922
91800 0.013051
91900 0.012703
92000 0.0125694
92100 0.0125414
92200 0.0124022
92300 0.0125305
92400 0.0123157
92500 0.0121894
92600 0.0121226
92700 0.012092
92800 0.0120663
92900 0.0122661
93000 0.0120769
93100 0.0118781
93200 0.0120941
93300 0.0120525
93400 0.0121203
93500 0.0124702
93600 0.0125487
93700 0.0127019
93800 0.0126549
93900 0.0124636
94000 0.0124155
94100 0.0123804
94200 0.0122212
94300 0.012191
94400 0.0117787
94500 0.0120368
94600 0.0120306
94700 0.0122936
94800 0.0124642
94900 0.0124111
95000 0.012452
95100 0.012447
95200 0.0126513
95300 0.0127062
95400 0.0127954
95500 0.0128107
95600 0.012752
95700 0.012581
95800 0.0123934
95900 0.0126052
96000 0.0124966
96100 0.0125984
96200 0.012246
96300 0.012587
96400 0.0126568
96500 0.0125563
96600 0.0126617
96700 0.0128189
96800 0.0127637
96900 0.0124658
97000 0.0124241
97100 0.0126542
97200 0.0125404
97300 0.0125737
97400 0.0126843
97500 0.0129764
97600 0.0130678
97700 0.013115
97800 0.0128241
97900 0.0126947
98000 0.0127157
98100 0.0128196
98200 0.0128432
98300 0.0124559
98400 0.0124332
98500 0.0126024
98600 0.0127173
98700 0.0124869
98800 0.0128679
98900 0.0126576
99000 0.0124073
99100 0.0122485
99200 0.0123188
99300 0.0125807
99400 0.0127029
99500 0.0126533
99600 0.0126051
99700 0.0123819
99800 0.0123707
99900 0.0122721
100000 0.0122604
100100 0.0123449
100200 0.0123251
100300 0.0125121
100400 0.0128032
100500 0.0128293
100600 0.0126856
100700 0.0124515
100800 0.0122238
100900 0.012319
101000 0.0120337
101100 0.0120513
101200 0.0121061
101300 0.0121476
101400 0.0121518
101500 0.0125036
101600 0.0126615
101700 0.0124113
101800 0.0125109
101900 0.0119862
102000 0.012063
102100 0.0125176
102200 0.0125169
102300 0.0128168
102400 0.0124526
102500 0.0122779
102600 0.0122442
102700 0.0120904
102800 0.0122387
102900 0.0122019
103000 0.0122018
103100 0.0121987
103200 0.0121767
103300 0.0120737
103400 0.0122517
103500 0.0124938
103600 0.01237
103700 0.0122006
103800 0.0120861
103900 0.0124454
104000 0.0121928
104100 0.0121702
104200 0.0122386
104300 0.012178
104400 0.0122564
104500 0.0117791
104600 0.0120623
104700 0.0123402
104800 0.012078
104900 0.0119499
105000 0.0120175
105100 0.0120526
105200 0.0123372
105300 0.0124599
105400 0.0125083
105500 0.012647
105600 0.0128173
105700 0.0128074
105800 0.0126566
105900 0.0128422
106000 0.0126038
106100 0.0124968
106200 0.0126871
106300 0.0124908
106400 0.0123709
106500 0.0126729
106600 0.0126054
106700 0.0125887
106800 0.0124183
106900 0.0121668
107000 0.0122671
107100 0.0120946
107200 0.0120846
107300 0.0122558
107400 0.0123255
107500 0.0121449
107600 0.0120382
107700 0.0123323
107800 0.0121945
107900 0.0121738
108000 0.0121437
108100 0.0121988
108200 0.0123533
108300 0.0122816
108400 0.0123893
108500 0.0123831
108600 0.0122404
108700 0.0118952
108800 0.0119456
108900 0.0117757
109000 0.012118
109100 0.0120992
109200 0.0122639
109300 0.0119792
109400 0.0120935
109500 0.0119538
109600 0.0119437
109700 0.0125252
109800 0.0121178
109900 0.0120973
110000 0.0127597
110100 0.0130049
110200 0.0129977
110300 0.0134408
110400 0.0136768
110500 0.0134746
110600 0.0133389
110700 0.0133286
110800 0.0133197
110900 0.0130285
111000 0.0127373
111100 0.0127492
111200 0.0126338
111300 0.0125756
111400 0.0123832
111500 0.0121703
111600 0.0124148
111700 0.0122806
111800 0.0126927
111900 0.0124583
112000 0.0123279
112100 0.0125794
112200 0.0124799
112300 0.0124124
112400 0.0122702
112500 0.0122843
112600 0.0126406
112700 0.0125009
112800 0.0129635
112900 0.0130266
113000 0.0130063
113100 0.0126734
113200 0.0127952
113300 0.0126574
113400 0.0127867
113500 0.0128186
113600 0.0127942
113700 0.0124989
113800 0.0125765
113900 0.01278
114000 0.0129846
114100 0.0131093
114200 0.013039
114300 0.0128585
114400 0.0131026
114500 0.0129967
114600 0.012749
114700 0.0126623
114800 0.012536
114900 0.0122729
115000 0.0124229
115100 0.0121164
115200 0.0122609
115300 0.0122756
115400 0.0120426
115500 0.0119076
115600 0.0119931
115700 0.0119365
115800 0.0119185
115900 0.0120477
116000 0.0119204
116100 0.0121357
116200 0.0118359
116300 0.0117665
116400 0.0119901
116500 0.0118081
116600 0.0118125
116700 0.0120446
116800 0.0121248
116900 0.0120359
117000 0.01214
117100 0.0121285
117200 0.012011
117300 0.0120514
117400 0.0119594
117500 0.0118393
117600 0.0121798
117700 0.0122339
117800 0.0121403
117900 0.0118781
118000 0.0119278
118100 0.0119881
118200 0.0119892
118300 0.0118991
118400 0.0123906
118500 0.0124968
118600 0.0124903
118700 0.0127143
118800 0.0121562
118900 0.0118669
119000 0.0116208
119100 0.011708
119200 0.0116794
119300 0.012015
119400 0.0125319
119500 0.0123886
119600 0.0122966
119700 0.0120941
119800 0.0118357
119900 0.0119987
120000 0.0119731
120100 0.0118968
120200 0.0118694
120300 0.0121134
120400 0.0116873
120500 0.0115692
120600 0.011843
120700 0.0120154
120800 0.0120883
120900 0.0123674
121000 0.012389
121100 0.0124174
121200 0.0121798
121300 0.0123379
121400 0.0120511
121500 0.0125841
121600 0.0126226
121700 0.012541
121800 0.0125493
121900 0.0128038
122000 0.0126582
122100 0.0126483
122200 0.0124954
122300 0.0124886
122400 0.0124659
122500 0.0124625
122600 0.0121812
122700 0.0123911
122800 0.0121969
122900 0.0122884
123000 0.0120251
123100 0.0120672
123200 0.0121308
123300 0.0120763
123400 0.0121484
123500 0.0120073
123600 0.0121882
123700 0.0122059
123800 0.0122391
123900 0.0122207
124000 0.012715
124100 0.0127749
124200 0.0126106
124300 0.0126281
124400 0.0126863
124500 0.012624
124600 0.0128176
124700 0.0127681
124800 0.012694
124900 0.0125432
125000 0.0126619
125100 0.0127953
125200 0.0130291
125300 0.0126584
125400 0.0127261
125500 0.012825
125600 0.0128588
125700 0.0125977
125800 0.0130321
125900 0.0128429
126000 0.0126996
126100 0.0125397
126200 0.0123344
126300 0.012601
126400 0.0123699
126500 0.0121211
126600 0.0122836
126700 0.0125106
126800 0.0125093
126900 0.0125873
127000 0.0123792
127100 0.012542
127200 0.0130697
127300 0.0128211
127400 0.0127365
127500 0.0126095
127600 0.0125041
127700 0.0125079
127800 0.0124639
127900 0.0124939
128000 0.012437
128100 0.0124222
128200 0.0127507
128300 0.0124368
128400 0.012656
128500 0.0126589
128600 0.0126821
128700 0.0128001
128800 0.0129335
128900 0.012942
129000 0.0127526
129100 0.0125982
129200 0.0124479
129300 0.0126275
129400 0.0124783
129500 0.0123633
129600 0.0118307
129700 0.0117687
129800 0.0119477
129900 0.0116261
130000 0.0118332
130100 0.0114205
130200 0.0118813
130300 0.0119738
130400 0.011859
130500 0.0117207
130600 0.0117099
130700 0.0117586
130800 0.0117969
130900 0.0121094
131000 0.0119617
131100 0.011994
131200 0.0120833
131300 0.0120054
131400 0.0119596
131500 0.0121711
131600 0.0118702
131700 0.011912
131800 0.0124031
131900 0.0125665
132000 0.0122575
132100 0.0124747
132200 0.0126527
132300 0.012553
132400 0.0124019
132500 0.0123827
132600 0.0125858
132700 0.0123461
132800 0.012453
132900 0.0127656
133000 0.0123582
133100 0.0123053
133200 0.0123517
133300 0.0123851
133400 0.0125795
133500 0.0123782
133600 0.0126279
133700 0.012447
133800 0.0125103
133900 0.0127828
134000 0.0128024
134100 0.0123782
134200 0.0123499
134300 0.0127189
134400 0.0124674
134500 0.0128174
134600 0.012717
134700 0.0122715
134800 0.0123887
134900 0.0123118
135000 0.0122522
135100 0.0121474
135200 0.0121694
135300 0.0125268
135400 0.0125371
135500 0.0122185
135600 0.0119418
135700 0.0118767
135800 0.012046
135900 0.0120609
136000 0.0120615
136100 0.0120059
136200 0.011833
136300 0.0119323
136400 0.0122159
136500 0.0124049
136600 0.0122304
136700 0.0121836
136800 0.0123297
136900 0.012515
137000 0.0121849
137100 0.0122875
137200 0.0122411
137300 0.0123318
137400 0.0121626
137500 0.0120086
137600 0.0124584
137700 0.0126605
137800 0.0127157
137900 0.0125291
138000 0.0124164
138100 0.0120275
138200 0.0121671
138300 0.0124175
138400 0.0122434
138500 0.012036
138600 0.012074
138700 0.0121142
138800 0.0124257
138900 0.01254
139000 0.0124555
139100 0.0126147
139200 0.0124781
139300 0.0127686
139400 0.0123923
139500 0.0121739
139600 0.0123554
139700 0.0120167
139800 0.0124411
139900 0.012472
140000 0.0124002
140100 0.0122831
140200 0.0122998
140300 0.0122677
140400 0.0124801
140500 0.0123354
140600 0.0123833
140700 0.0124534
140800 0.0122851
140900 0.012115
141000 0.012253
141100 0.0122184
141200 0.0122901
141300 0.0122591
141400 0.0121882
141500 0.0119407
141600 0.0118818
141700 0.0117952
141800 0.0116513
141900 0.0121114
142000 0.0122405
142100 0.0121886
142200 0.0120832
142300 0.012366
142400 0.0123423
142500 0.0123384
142600 0.0122666
142700 0.012104
142800 0.0123191
142900 0.0123371
143000 0.0124699
143100 0.0124686
143200 0.0125332
143300 0.0124612
143400 0.0122605
143500 0.0121346
143600 0.0123656
143700 0.0120214
143800 0.0122983
143900 0.012123
144000 0.0120956
144100 0.012039
144200 0.0120488
144300 0.011898
144400 0.0117607
144500 0.0118769
144600 0.0117528
144700 0.0118315
144800 0.0118193
144900 0.0117517
145000 0.0115413
145100 0.0117499
145200 0.0117017
145300 0.0121231
145400 0.012343
145500 0.0123862
145600 0.012439
145700 0.0124985
145800 0.0124901
145900 0.012468
146000 0.0127617
146100 0.0125485
146200 0.0125803
146300 0.0129877
146400 0.0129001
146500 0.0128227
146600 0.0128834
146700 0.0127995
146800 0.0131937
146900 0.0128862
147000 0.0128029
147100 0.0125521
147200 0.0123045
147300 0.0123732
147400 0.0123762
147500 0.0124665
147600 0.0127052
147700 0.0125706
147800 0.0120234
147900 0.0122034
148000 0.0122911
148100 0.0122142
148200 0.012298
148300 0.0123176
148400 0.0125253
148500 0.0125482
148600 0.0124836
148700 0.0124065
148800 0.0126828
148900 0.0125126
149000 0.0125607
149100 0.0125106
149200 0.012063
149300 0.0120844
149400 0.0121654
149500 0.0122624
149600 0.0122873
149700 0.012225
149800 0.0124969
149900 0.0124983
150000 0.012595
150100 0.0124782
150200 0.012518
150300 0.0124666
150400 0.0125237
150500 0.0124292
150600 0.0123689
150700 0.0122025
150800 0.0126734
150900 0.0127487
151000 0.0127432
151100 0.012733
151200 0.013058
151300 0.0128672
151400 0.0127518
151500 0.0125769
151600 0.0125013
151700 0.0126076
151800 0.0127637
151900 0.0128235
152000 0.0128009
152100 0.012421
152200 0.0126393
152300 0.0126125
152400 0.0125308
152500 0.0126575
152600 0.0124416
152700 0.0125839
152800 0.0129271
152900 0.0131478
153000 0.0130052
153100 0.0129593
153200 0.0127372
153300 0.0127778
153400 0.0127925
153500 0.0125742
153600 0.0126102
153700 0.0124567
153800 0.0122259
153900 0.0120955
154000 0.0122239
154100 0.0126037
154200 0.0124435
154300 0.0124511
154400 0.012551
154500 0.012528
154600 0.0123853
154700 0.0121636
154800 0.0121064
154900 0.0123465
155000 0.0131339
155100 0.0131036
155200 0.0130558
155300 0.0130924
155400 0.0132027
155500 0.0128395
155600 0.012539
155700 0.0126344
155800 0.0122842
155900 0.0119673
156000 0.0120463
156100 0.0119448
156200 0.0119835
156300 0.0120925
156400 0.0119553
156500 0.0116464
156600 0.0119815
156700 0.0119957
156800 0.0119432
156900 0.0115682
157000 0.0117123
157100 0.0119633
157200 0.0119598
157300 0.0121611
157400 0.012153
157500 0.0122808
157600 0.0128763
157700 0.0127388
157800 0.0123432
157900 0.0125195
158000 0.0126414
158100 0.012519
158200 0.012422
158300 0.0127946
158400 0.0125729
158500 0.0127443
158600 0.0125602
158700 0.0126018
158800 0.0122652
158900 0.0122359
159000 0.0121225
159100 0.0126464
159200 0.012488
159300 0.0125471
159400 0.0125065
159500 0.0125535
159600 0.012722
159700 0.0126414
159800 0.012773
159900 0.0127213
160000 0.0124145
160100 0.0123703
160200 0.0132244
160300 0.0133066
160400 0.0131558
160500 0.0130546
160600 0.013016
160700 0.012909
160800 0.0125425
160900 0.0125642
161000 0.0125482
161100 0.0125018
161200 0.0124203
161300 0.0123414
161400 0.0123212
161500 0.0123016
161600 0.0123972
161700 0.0122828
161800 0.012228
161900 0.0122936
162000 0.012387
162100 0.0123751
162200 0.0124413
162300 0.0125809
162400 0.0128409
162500 0.0124016
162600 0.0124708
162700 0.0124252
162800 0.0125673
162900 0.012388
163000 0.0123884
163100 0.0120492
163200 0.0120179
163300 0.0122905
163400 0.0126743
163500 0.0125764
163600 0.0126019
163700 0.0126701
163800 0.0126827
163900 0.0131246
164000 0.012974
164100 0.0128802
164200 0.0126677
164300 0.0126046
164400 0.0123864
164500 0.0124346
164600 0.012046
164700 0.0121759
164800 0.0124057
164900 0.0124218
165000 0.0124964
165100 0.0124548
165200 0.0121982
165300 0.0123468
165400 0.0124341
165500 0.0127995
165600 0.0127088
165700 0.0125858
165800 0.0125454
165900 0.0121447
166000 0.0124094
166100 0.0125736
166200 0.0127295
166300 0.0127034
166400 0.012647
166500 0.012388
166600 0.0121537
166700 0.0120325
166800 0.0121461
166900 0.0124356
167000 0.0124288
167100 0.0124098
167200 0.012454
167300 0.0124218
167400 0.0123928
167500 0.0122977
167600 0.0122532
167700 0.0123341
167800 0.0123792
167900 0.0122645
168000 0.0120817
168100 0.0123721
168200 0.0121603
168300 0.0120512
168400 0.012241
168500 0.0124879
168600 0.0124326
168700 0.0122889
168800 0.0121564
168900 0.0120819
169000 0.0123686
169100 0.0124595
169200 0.0123404
169300 0.0124927
169400 0.0123011
169500 0.012685
169600 0.0127872
169700 0.0123164
169800 0.0124788
169900 0.0125119
170000 0.0124233
170100 0.0123888
170200 0.0124031
170300 0.0126798
170400 0.0123711
170500 0.012269
170600 0.0121349
170700 0.0117694
170800 0.0116811
170900 0.0120501
171000 0.0119938
171100 0.0121015
171200 0.012302
171300 0.0121591
171400 0.0119719
171500 0.012243
171600 0.0122515
171700 0.0119814
171800 0.0116707
171900 0.0117075
172000 0.0119744
172100 0.0119959
172200 0.0119024
172300 0.0118719
172400 0.0116043
172500 0.0122232
172600 0.0122237
172700 0.0122208
172800 0.0122019
172900 0.0122005
173000 0.0121271
173100 0.012261
173200 0.0121526
173300 0.0122894
173400 0.0122453
173500 0.0123112
173600 0.0120214
173700 0.0121671
173800 0.012048
173900 0.0119643
174000 0.0118876
174100 0.0122291
174200 0.012457
174300 0.0127393
174400 0.0127905
174500 0.0126503
174600 0.0127178
174700 0.012351
174800 0.0123992
174900 0.012451
175000 0.0126213
175100 0.0128106
175200 0.0123265
175300 0.0123383
175400 0.0125829
175500 0.0123347
175600 0.0124951
175700 0.0126529
175800 0.0124375
175900 0.0125991
176000 0.012571
176100 0.0126636
176200 0.0127496
176300 0.0126851
176400 0.0125766
176500 0.0123535
176600 0.0121302
176700 0.012601
176800 0.0123938
176900 0.0123487
177000 0.0123046
177100 0.0124794
177200 0.0121127
177300 0.0121975
177400 0.0120008
177500 0.0120214
177600 0.0119596
177700 0.0119375
177800 0.011891
177900 0.011854
178000 0.0117521
178100 0.0118892
178200 0.0119312
178300 0.0119938
178400 0.0120505
178500 0.0122241
178600 0.0124589
178700 0.0126217
178800 0.0126085
178900 0.0122346
179000 0.0122975
179100 0.0126181
179200 0.0123943
179300 0.0124166
179400 0.0124516
179500 0.0124382
179600 0.012703
179700 0.0127863
179800 0.0127096
179900 0.0128178
180000 0.0125301
180100 0.0126452
180200 0.0124905
180300 0.0126488
180400 0.0128623
180500 0.01259
180600 0.0126002
180700 0.0123467
180800 0.0123883
180900 0.0125028
181000 0.0123054
181100 0.012152
181200 0.0122538
181300 0.0123405
181400 0.0120527
181500 0.0121581
181600 0.0120406
181700 0.0118373
181800 0.0117367
181900 0.0118959
182000 0.011581
182100 0.0117765
182200 0.0118317
182300 0.0118946
182400 0.0118538
182500 0.0118255
182600 0.0120068
182700 0.0118769
182800 0.0123162
182900 0.0122601
183000 0.0122414
183100 0.0121411
183200 0.0121574
183300 0.0122743
183400 0.0125834
183500 0.0125381
183600 0.012504
183700 0.0123411
183800 0.0122066
183900 0.0120806
184000 0.0122932
184100 0.012425
184200 0.0125245
184300 0.0124064
184400 0.012492
184500 0.0124233
184600 0.012213
184700 0.0123079
184800 0.0121792
184900 0.0120903
185000 0.0118693
185100 0.0118558
185200 0.0125607
185300 0.0126122
185400 0.0124404
185500 0.0121731
185600 0.0122398
185700 0.0124949
185800 0.0121469
185900 0.0119747
186000 0.0121088
186100 0.0119223
186200 0.0119442
186300 0.0120916
186400 0.0121617
186500 0.0123446
186600 0.0123372
186700 0.0122871
186800 0.0123023
186900 0.0120081
187000 0.0119235
187100 0.0120388
187200 0.0118318
187300 0.0116541
187400 0.0118491
187500 0.0119338
187600 0.0121612
187700 0.012068
187800 0.0120458
187900 0.0120997
188000 0.0121738
188100 0.0122379
188200 0.0122009
188300 0.0123951
188400 0.0123733
188500 0.0123085
188600 0.0125448
188700 0.0123092
188800 0.0123748
188900 0.0123055
189000 0.0124555
189100 0.0122766
189200 0.0122402
189300 0.01228
189400 0.0122751
189500 0.0123186
189600 0.0123517
189700 0.0124082
189800 0.0125562
189900 0.0125397
190000 0.0125133
190100 0.0120237
190200 0.0121836
190300 0.0121738
190400 0.0120024
190500 0.0121157
190600 0.0120182
190700 0.0123318
190800 0.0123004
190900 0.011926
191000 0.0119276
191100 0.0118542
191200 0.0121742
191300 0.0121333
191400 0.0121472
191500 0.0124148
191600 0.012499
191700 0.0125744
191800 0.0125593
191900 0.0126047
192000 0.0126478
192100 0.0128365
192200 0.0126364
192300 0.0126674
192400 0.0126458
192500 0.0125624
192600 0.0126311
192700 0.0124377
192800 0.0124609
192900 0.0123331
193000 0.0122171
193100 0.0123412
193200 0.0129385
193300 0.0129061
193400 0.0126797
193500 0.0125322
193600 0.0124579
193700 0.0122484
193800 0.0122975
193900 0.0121575
194000 0.0119478
194100 0.0119912
194200 0.0123106
194300 0.0122887
194400 0.0121945
194500 0.0121835
194600 0.0123814
194700 0.0126473
194800 0.0126748
194900 0.0128553
195000 0.0127017
195100 0.0128279
195200 0.0124754
195300 0.0125674
195400 0.0123576
195500 0.0123605
195600 0.0125757
195700 0.0123969
195800 0.0121766
195900 0.0121933
196000 0.0120355
196100 0.012231
196200 0.0122467
196300 0.012445
196400 0.0125601
196500 0.0122421
196600 0.012324
196700 0.012226
196800 0.0118846
196900 0.0119039
197000 0.0124433
197100 0.0126433
197200 0.0124908
197300 0.0124377
197400 0.0122006
197500 0.012268
197600 0.0122232
197700 0.0120616
197800 0.0119994
197900 0.0118946
198000 0.0121291
198100 0.0121713
198200 0.0121226
198300 0.0124505
198400 0.0121301
198500 0.0122714
198600 0.0123837
198700 0.0125467
198800 0.0125341
198900 0.0127152
199000 0.0128323
199100 0.0126987
199200 0.0126764
199300 0.0127242
199400 0.0126045
199500 0.0124496
199600 0.0123469
199700 0.0125364
199800 0.0126129
199900 0.0124011
200000 0.012352
200100 0.0122645
200200 0.0124691
200300 0.0123833
200400 0.0126173
200500 0.0124397
200600 0.0126496
200700 0.0129378
200800 0.0127455
200900 0.0126003
201000 0.0127445
201100 0.0131234
201200 0.0130238
201300 0.0130297
201400 0.0132502
201500 0.0132355
201600 0.0127521
201700 0.0131176
201800 0.0131606
201900 0.0129315
202000 0.0128688
202100 0.0131583
202200 0.0128671
202300 0.0127246
202400 0.0126329
202500 0.012366
202600 0.0122112
202700 0.0120506
202800 0.0123046
202900 0.0122454
203000 0.0120881
203100 0.0121771
203200 0.012296
203300 0.0121571
203400 0.0125467
203500 0.0125913
203600 0.0124366
203700 0.0124864
203800 0.0123457
203900 0.0122853
204000 0.0123992
204100 0.0122155
204200 0.0130349
204300 0.0127877
204400 0.0127557
204500 0.012731
204600 0.0126357
204700 0.0124475
204800 0.0124405
204900 0.0123589
205000 0.0127669
205100 0.0126819
205200 0.0128114
205300 0.0126118
205400 0.0127479
205500 0.0128191
205600 0.0126844
205700 0.0127878
205800 0.012617
205900 0.0126203
206000 0.0126052
206100 0.0123307
206200 0.0123679
206300 0.0123162
206400 0.0120343
206500 0.0120027
206600 0.0122942
206700 0.0125443
206800 0.0124142
206900 0.0123875
207000 0.0125713
207100 0.0125244
207200 0.0122242
207300 0.0127317
207400 0.0126428
207500 0.0126393
207600 0.0127301
207700 0.0124768
207800 0.0126
207900 0.0126352
208000 0.0125196
208100 0.0125994
208200 0.0123409
208300 0.0126015
208400 0.0123759
208500 0.0122676
208600 0.0125136
208700 0.0125962
208800 0.0126066
208900 0.0125727
209000 0.0124396
209100 0.012315
209200 0.0125251
209300 0.0124338
209400 0.0126216
209500 0.0124622
209600 0.0123947
209700 0.0126629
209800 0.012568
209900 0.0127055
210000 0.0128077
210100 0.0127068
210200 0.0125785
210300 0.0123834
210400 0.0123294
210500 0.0122709
210600 0.0121756
210700 0.0122726
210800 0.0123628
210900 0.0121499
211000 0.0120596
211100 0.0118348
211200 0.0121116
211300 0.012085
211400 0.0124186
211500 0.0123598
211600 0.0125739
211700 0.0125269
211800 0.012743
211900 0.012664
212000 0.0124079
212100 0.0131647
212200 0.0128943
212300 0.012914
212400 0.0129409
212500 0.0126804
212600 0.012439
212700 0.0125804
212800 0.0124808
212900 0.0128399
213000 0.0129243
213100 0.0128888
213200 0.0124914
213300 0.0123483
213400 0.0123062
213500 0.0121311
213600 0.0122224
213700 0.0121157
213800 0.0120911
213900 0.0122057
214000 0.0122429
214100 0.0121958
214200 0.0123738
214300 0.0124383
214400 0.0123751
214500 0.0122451
214600 0.0122672
214700 0.0121446
214800 0.0124865
214900 0.0126123
215000 0.0124777
215100 0.0124683
215200 0.0122167
215300 0.0125848
215400 0.0125166
215500 0.012681
215600 0.0128239
215700 0.0126367
215800 0.0126702
215900 0.0122408
216000 0.0122674
216100 0.0131102
216200 0.012908
216300 0.0126832
216400 0.0126298
216500 0.0127448
216600 0.0125605
216700 0.0124722
216800 0.0123725
216900 0.0121074
217000 0.0122494
217100 0.0120862
217200 0.01208
217300 0.0119694
217400 0.0120719
217500 0.011791
217600 0.0118235
217700 0.0119719
217800 0.0122525
217900 0.0123928
218000 0.0125893
218100 0.0129059
218200 0.0127368
218300 0.0125561
218400 0.0125726
218500 0.0124235
218600 0.0123918
218700 0.01259
218800 0.012633
218900 0.0126375
219000 0.0124395
219100 0.0124502
219200 0.0125135
219300 0.0126183
219400 0.0123726
219500 0.012323
219600 0.0124395
219700 0.0123163
219800 0.0124369
219900 0.0124389
220000 0.0127435
220100 0.0127745
220200 0.01272
220300 0.0126275
220400 0.0125631
220500 0.0126808
220600 0.0127452
220700 0.0123147
220800 0.0122508
220900 0.012392
221000 0.0125387
221100 0.0124181
221200 0.0125293
221300 0.0128184
221400 0.0128042
221500 0.0127521
221600 0.0131478
221700 0.0128445
221800 0.0126408
221900 0.0125246
222000 0.0125888
222100 0.0124276
222200 0.0125358
222300 0.0122
222400 0.0125367
222500 0.0127159
222600 0.0127789
222700 0.0124074
222800 0.0121535
222900 0.0124128
223000 0.0128856
223100 0.012946
223200 0.0127489
223300 0.0128936
223400 0.0126084
223500 0.0124383
223600 0.0124419
223700 0.0124784
223800 0.0125759
223900 0.0125839
224000 0.0129493
224100 0.012653
224200 0.0127519
224300 0.0125985
224400 0.0126041
224500 0.0123912
224600 0.0123656
224700 0.012663
224800 0.0126251
224900 0.012309
225000 0.0124481
225100 0.0122068
225200 0.012427
225300 0.012514
225400 0.0123341
225500 0.0122684
225600 0.012296
225700 0.0123511
225800 0.012244
225900 0.012183
226000 0.0123215
226100 0.0123217
226200 0.0122327
226300 0.0124866
226400 0.0128492
226500 0.0127633
226600 0.0124206
226700 0.0124251
226800 0.0126655
226900 0.0125363
227000 0.0125001
227100 0.0123961
227200 0.0126239
227300 0.0128371
227400 0.0125793
227500 0.0121911
227600 0.0123196
227700 0.012482
227800 0.0123892
227900 0.0123933
228000 0.0123713
228100 0.0123971
228200 0.0122168
228300 0.0124615
228400 0.0125941
228500 0.0122872
228600 0.0122429
228700 0.0120515
228800 0.0121318
228900 0.0121269
229000 0.0123479
229100 0.0122462
229200 0.012326
229300 0.0121997
229400 0.0120056
229500 0.012022
229600 0.0119463
229700 0.0117189
229800 0.0117202
229900 0.0119243
230000 0.0117937
230100 0.0120488
230200 0.0119165
230300 0.0121624
230400 0.0121514
230500 0.0122641
230600 0.0123789
230700 0.0122915
230800 0.0125228
230900 0.0124922
231000 0.0126541
231100 0.0127386
231200 0.0126165
231300 0.0124711
231400 0.0124586
231500 0.0126762
231600 0.012732
231700 0.0127583
231800 0.0126562
231900 0.012872
232000 0.0127254
232100 0.0128216
232200 0.0128704
232300 0.0129322
232400 0.0129983
232500 0.0129197
232600 0.0128375
232700 0.0129621
232800 0.0128988
232900 0.0128561
233000 0.0126442
233100 0.0126614
233200 0.0124337
233300 0.01242
233400 0.0124432
233500 0.0125188
233600 0.0123174
233700 0.0123093
233800 0.0124003
233900 0.0126578
234000 0.0125259
234100 0.0124427
234200 0.0127732
234300 0.0125753
234400 0.0123701
234500 0.0122046
234600 0.0123157
234700 0.0123504
234800 0.0122372
234900 0.0124304
235000 0.0124388
235100 0.0124694
235200 0.0129275
235300 0.0127946
235400 0.0126098
235500 0.0123099
235600 0.0123282
235700 0.012307
235800 0.0123693
235900 0.0125991
236000 0.0127859
236100 0.0125914
236200 0.0124132
236300 0.0124286
236400 0.0123267
236500 0.0124001
236600 0.0122662
236700 0.0125407
236800 0.0127371
236900 0.0125533
237000 0.0125685
237100 0.0122124
237200 0.0122767
237300 0.0124395
237400 0.012578
237500 0.0126191
237600 0.0124733
237700 0.012623
237800 0.0123291
237900 0.0123995
238000 0.0125827
238100 0.0124934
238200 0.0126524
238300 0.0126429
238400 0.0126649
238500 0.0125174
238600 0.0124623
238700 0.0123573
238800 0.0123517
238900 0.0125643
239000 0.0124486
239100 0.0125022
239200 0.0123034
239300 0.0121175
239400 0.0121425
239500 0.0123048
239600 0.0127757
239700 0.0126554
239800 0.0126815
239900 0.0123943
240000 0.0123183
240100 0.012578
240200 0.0124987
240300 0.0126697
240400 0.0126406
240500 0.0130669
240600 0.0128444
240700 0.0127369
240800 0.0126648
240900 0.0124183
241000 0.0123343
241100 0.0124128
241200 0.0121944
241300 0.0122185
241400 0.0121779
241500 0.0121079
241600 0.0122759
241700 0.0127746
241800 0.0129262
241900 0.0127823
242000 0.0124222
242100 0.0121302
242200 0.0122449
242300 0.0121892
242400 0.0122858
242500 0.0122571
242600 0.012351
242700 0.0124421
242800 0.012571
242900 0.012648
243000 0.0124206
243100 0.0125077
243200 0.0125203
243300 0.0126219
243400 0.0126026
243500 0.0126116
243600 0.0125978
243700 0.0123729
243800 0.0121167
243900 0.0121334
244000 0.0124066
244100 0.0123762
244200 0.0125257
244300 0.0122776
244400 0.0123569
244500 0.012293
244600 0.0123058
244700 0.0124458
244800 0.0124641
244900 0.0124372
245000 0.0129288
245100 0.0127804
245200 0.0126148
245300 0.0123703
245400 0.0120906
245500 0.0122729
245600 0.0124768
245700 0.012523
245800 0.0124099
245900 0.0121873
246000 0.0126499
246100 0.0124974
246200 0.0130872
246300 0.0129727
246400 0.0126679
246500 0.0125468
246600 0.0127154
246700 0.0123189
246800 0.0121892
246900 0.0120399
247000 0.0123733
247100 0.0122574
247200 0.0120164
247300 0.0120379
247400 0.0118101
247500 0.0118768
247600 0.0118724
247700 0.0118662
247800 0.0117819
247900 0.0118149
248000 0.011964
248100 0.0121325
248200 0.0122082
248300 0.0121907
248400 0.0120712
248500 0.0122744
248600 0.0122697
248700 0.0121594
248800 0.0118608
248900 0.0118308
249000 0.0119755
249100 0.012234
249200 0.0120925
249300 0.0125926
249400 0.0124253
249500 0.0125622
249600 0.0124692
249700 0.0124779
249800 0.0126121
249900 0.0125457
250000 0.0126095
250100 0.0125596
250200 0.0127431
250300 0.0127886
250400 0.0125156
250500 0.0126474
250600 0.0123582
250700 0.0125224
250800 0.0123314
250900 0.0121622
251000 0.0121335
251100 0.0124147
251200 0.0121047
251300 0.0119796
251400 0.0121394
251500 0.0121681
251600 0.0124433
251700 0.0123928
251800 0.0132788
251900 0.0130639
252000 0.0127097
252100 0.0125493
252200 0.0123258
252300 0.0122684
252400 0.0124493
252500 0.0121714
252600 0.0122722
252700 0.0122765
252800 0.0122961
252900 0.0121539
253000 0.0120906
253100 0.0118378
253200 0.0114645
253300 0.0115887
253400 0.0119966
253500 0.0120733
253600 0.0120019
253700 0.0119207
253800 0.0122829
253900 0.0122348
254000 0.0121532
254100 0.0118682
254200 0.011948
254300 0.0119201
254400 0.0121486
254500 0.0126916
254600 0.0127011
254700 0.0127335
254800 0.0124699
254900 0.0126734
255000 0.0124847
255100 0.012526
255200 0.0124282
255300 0.0125932
255400 0.0124092
255500 0.0123774
255600 0.0124333
255700 0.0124711
255800 0.0123993
255900 0.012638
256000 0.0125767
256100 0.0126395
256200 0.0124127
256300 0.0123607
256400 0.012166
256500 0.0122968
256600 0.0124591
256700 0.0124763
256800 0.0124876
256900 0.0123011
257000 0.0123184
257100 0.0120426
257200 0.0123579
257300 0.0122955
257400 0.012172
257500 0.0121701
257600 0.0124206
257700 0.0124255
257800 0.0121911
257900 0.0123639
258000 0.0121706
258100 0.011888
258200 0.0118831
258300 0.0117702
258400 0.0119483
258500 0.0116651
258600 0.0118007
258700 0.0121125
258800 0.0120822
258900 0.0120973
259000 0.0120897
259100 0.0121483
259200 0.0124728
259300 0.0125356
259400 0.0126532
259500 0.0127276
259600 0.0124901
259700 0.0123231
259800 0.0124632
259900 0.0125603
260000 0.0123496
260100 0.0122468
260200 0.012043
260300 0.0119773
260400 0.011825
260500 0.0119721
260600 0.0120673
260700 0.0121317
260800 0.0123088
260900 0.0123791
261000 0.0122721
261100 0.0127864
261200 0.0126376
261300 0.0125922
261400 0.0123579
261500 0.0123024
261600 0.0123634
261700 0.0123966
261800 0.0122837
261900 0.0122919
262000 0.0124682
262100 0.0129747
262200 0.0128982
262300 0.0128728
262400 0.0127117
262500 0.0125874
262600 0.0126417
262700 0.0123527
262800 0.012417
262900 0.0122786
263000 0.0122747
263100 0.0120143
263200 0.0120578
263300 0.0120422
263400 0.0122447
263500 0.0122175
263600 0.0122783
263700 0.0121419
263800 0.0127696
263900 0.0127581
264000 0.0126566
264100 0.0131156
264200 0.0130466
264300 0.0128886
264400 0.0127496
264500 0.0127615
264600 0.0124125
264700 0.0120354
264800 0.0120485
264900 0.0124042
265000 0.0124379
265100 0.0124746
265200 0.0124009
265300 0.0123805
265400 0.012451
265500 0.0126033
265600 0.0124385
265700 0.0124482
265800 0.0127438
265900 0.0126358
266000 0.0127391
266100 0.0123491
266200 0.0122807
266300 0.0123156
266400 0.0124167
266500 0.0124246
266600 0.011989
266700 0.0122699
266800 0.0122361
266900 0.0123789
267000 0.0121717
267100 0.0123147
267200 0.0123569
267300 0.0125293
267400 0.0125922
267500 0.0124017
267600 0.0124309
267700 0.012738
267800 0.0127836
267900 0.0127744
268000 0.0124438
268100 0.0122701
268200 0.0123687
268300 0.01226
268400 0.0125138
268500 0.0134808
268600 0.0131905
268700 0.0127062
268800 0.0127797
268900 0.012641
269000 0.012512
269100 0.0123643
269200 0.0121316
269300 0.0121895
269400 0.0126651
269500 0.0127419
269600 0.012434
269700 0.0122409
269800 0.0123498
269900 0.0123238
270000 0.0123151
270100 0.0125461
270200 0.0122358
270300 0.0121884
270400 0.0121684
270500 0.0120711
270600 0.0122636
270700 0.012541
270800 0.0123637
270900 0.0120636
271000 0.0117769
271100 0.0119682
271200 0.0117401
271300 0.0117826
271400 0.0118731
271500 0.0122539
271600 0.0122397
271700 0.0123193
271800 0.0123039
271900 0.0126824
272000 0.0126336
272100 0.0127492
272200 0.0127187
272300 0.0124238
272400 0.0125419
272500 0.012596
272600 0.0125786
272700 0.0122565
272800 0.0125731
272900 0.0125519
273000 0.0125265
273100 0.0123864
273200 0.0127022
273300 0.0127442
273400 0.0125379
273500 0.012483
273600 0.0122156
273700 0.0123253
273800 0.0121034
273900 0.0122922
274000 0.0122383
274100 0.0122251
274200 0.0122424
274300 0.0122238
274400 0.0121225
274500 0.012081
274600 0.012196
274700 0.0122091
274800 0.0120197
274900 0.0118795
275000 0.0119465
275100 0.0118448
275200 0.0119494
275300 0.0121563
275400 0.0123349
275500 0.0123274
275600 0.0121268
275700 0.0123739
275800 0.0123013
275900 0.0123742
276000 0.0122434
276100 0.0124638
276200 0.012576
276300 0.0126345
276400 0.0126393
276500 0.0127258
276600 0.0122221
276700 0.0122361
276800 0.0121726
276900 0.0119967
277000 0.0122172
277100 0.0126924
277200 0.0122132
277300 0.0122366
277400 0.0126941
277500 0.0126888
277600 0.0127161
277700 0.0127407
277800 0.0124906
277900 0.0124026
278000 0.0121234
278100 0.0121138
278200 0.012164
278300 0.0124547
278400 0.0124322
278500 0.0126285
278600 0.0126125
278700 0.0125259
278800 0.0125582
278900 0.0125683
279000 0.0126811
279100 0.012693
279200 0.012913
279300 0.012715
279400 0.0120337
279500 0.0122248
279600 0.0120295
279700 0.0122492
279800 0.0124828
279900 0.0124453
280000 0.0122592
280100 0.0124756
280200 0.0125125
280300 0.0125469
280400 0.0122693
280500 0.0123011
280600 0.012165
280700 0.0122166
280800 0.0120534
280900 0.0118972
281000 0.01185
281100 0.0120902
281200 0.0123453
281300 0.0122052
281400 0.0121412
281500 0.0119561
281600 0.0121083
281700 0.0121414
281800 0.0119317
281900 0.0121839
282000 0.0120011
282100 0.0121461
282200 0.0120445
282300 0.0119853
282400 0.0119215
282500 0.0120786
282600 0.0120324
282700 0.0120783
282800 0.0122271
282900 0.0122443
283000 0.0122156
283100 0.0124228
283200 0.0121247
283300 0.0120552
283400 0.0121945
283500 0.0120677
283600 0.0121562
283700 0.0121339
283800 0.0122553
283900 0.0121297
284000 0.0123175
284100 0.0121688
284200 0.0119786
284300 0.0121056
284400 0.0118771
284500 0.0121572
284600 0.0121829
284700 0.0122153
284800 0.0121835
284900 0.0124618
285000 0.0122837
285100 0.0122947
285200 0.012422
285300 0.0124589
285400 0.0129572
285500 0.0127052
285600 0.0130506
285700 0.013506
285800 0.0136029
285900 0.0134967
286000 0.0134112
286100 0.0132535
286200 0.013118
286300 0.0128664
286400 0.0124975
286500 0.0123505
286600 0.012407
286700 0.0124384
286800 0.0124215
286900 0.0126664
287000 0.0124174
287100 0.0123898
287200 0.0124852
287300 0.0124543
287400 0.0125855
287500 0.0123074
287600 0.0123499
287700 0.0121302
287800 0.0119615
287900 0.012107
288000 0.012154
288100 0.0118536
288200 0.0121415
288300 0.0120753
288400 0.0125609
288500 0.0124186
288600 0.0127062
288700 0.0129828
288800 0.0129347
288900 0.0130237
289000 0.0128716
289100 0.0129142
289200 0.012904
289300 0.0128371
289400 0.0126388
289500 0.0125276
289600 0.012943
289700 0.0127524
289800 0.0128175
289900 0.0127319
290000 0.0128195
290100 0.0126293
290200 0.0124392
290300 0.0122148
290400 0.0123992
290500 0.0124982
290600 0.0123999
290700 0.0123266
290800 0.0125477
290900 0.0122087
291000 0.0123289
291100 0.012439
291200 0.0123017
291300 0.0127761
291400 0.0129257
291500 0.0128363
291600 0.0128379
291700 0.0133615
291800 0.0130596
291900 0.0128086
292000 0.0132113
292100 0.0134191
292200 0.0131567
292300 0.0129371
292400 0.0127239
292500 0.0126299
292600 0.0126543
292700 0.0128702
292800 0.0130597
292900 0.0128366
293000 0.0128988
293100 0.0126445
293200 0.0126015
293300 0.0126751
293400 0.0124179
293500 0.0124632
293600 0.0122364
293700 0.0123108
293800 0.0122955
293900 0.0123552
294000 0.0123784
294100 0.0124359
294200 0.0125972
294300 0.0123896
294400 0.0122699
294500 0.0121329
294600 0.01176
294700 0.0119737
294800 0.0122672
294900 0.0122336
295000 0.0120781
295100 0.0120669
295200 0.011995
295300 0.0119461
295400 0.0124984
295500 0.0126653
295600 0.0126509
295700 0.012707
295800 0.0126587
295900 0.0125265
296000 0.0124488
296100 0.0122386
296200 0.0122105
296300 0.0119852
296400 0.0117672
296500 0.0121705
296600 0.0119374
296700 0.0121148
296800 0.0125398
296900 0.0125261
297000 0.0125895
297100 0.012718
297200 0.012605
297300 0.0124715
297400 0.0125383
297500 0.0125458
297600 0.0125069
297700 0.0126428
297800 0.0127611
297900 0.0127445
298000 0.0127048
298100 0.0126465
298200 0.0123714
298300 0.012159
298400 0.0119545
298500 0.0123358
298600 0.0121796
298700 0.0123189
298800 0.0124776
298900 0.0124843
299000 0.0122604
299100 0.0121271
299200 0.0119971
299300 0.011775
299400 0.0119259
299500 0.0115754
299600 0.0118073
299700 0.0118574
299800 0.011889
299900 0.0118653
300000 0.0120639
300100 0.0121055
300200 0.0124132
300300 0.0121638
300400 0.012364
300500 0.0123824
300600 0.0124827
300700 0.0124137
300800 0.0119662
300900 0.0118991
301000 0.0118474
301100 0.0120384
301200 0.0123254
301300 0.01245
301400 0.0124995
301500 0.0125922
301600 0.0126738
301700 0.0126145
301800 0.012493
301900 0.0124041
302000 0.0122902
302100 0.0124147
302200 0.012499
302300 0.012492
302400 0.0125331
302500 0.0126704
302600 0.0127824
302700 0.0133941
302800 0.0130086
302900 0.0127738
303000 0.0126454
303100 0.0126537
303200 0.0122663
303300 0.0127603
303400 0.0125823
303500 0.0125898
303600 0.012799
303700 0.0125615
303800 0.0122925
303900 0.0122
304000 0.0121109
304100 0.0125245
304200 0.012528
304300 0.0123014
304400 0.0123073
304500 0.0123708
304600 0.0124621
304700 0.0123285
304800 0.0123908
304900 0.012429
305000 0.0123288
305100 0.0124475
305200 0.0123541
305300 0.0120003
305400 0.011869
305500 0.0117504
305600 0.0121789
305700 0.0119511
305800 0.0119061
305900 0.0117665
306000 0.0121074
306100 0.0121181
306200 0.0118773
306300 0.0118147
306400 0.0122674
306500 0.0120302
306600 0.0124656
306700 0.0125252
306800 0.0124605
306900 0.0120986
307000 0.0121059
307100 0.011999
307200 0.0121362
307300 0.0122333
307400 0.012143
307500 0.0121227
307600 0.0124151
307700 0.0124382
307800 0.0122752
307900 0.0121968
308000 0.0119167
308100 0.0121727
308200 0.0120566
308300 0.0122909
308400 0.012203
308500 0.0121207
308600 0.0119082
308700 0.0118701
308800 0.0119758
308900 0.0117576
309000 0.0116388
309100 0.0119583
309200 0.0120386
309300 0.0122241
309400 0.0125202
309500 0.0128075
309600 0.012457
309700 0.0125725
309800 0.0124218
309900 0.0126245
310000 0.012634
310100 0.0126983
310200 0.0129386
310300 0.0126377
310400 0.012704
310500 0.0127984
310600 0.0128082
310700 0.0127062
310800 0.0126053
310900 0.0127637
311000 0.0124838
311100 0.0125757
311200 0.0125088
311300 0.0124687
311400 0.0123906
311500 0.0124509
311600 0.0122892
311700 0.0123608
311800 0.0125473
311900 0.0129173
312000 0.0124205
312100 0.0124204
312200 0.0123983
312300 0.012313
312400 0.0124415
312500 0.0120795
312600 0.0121815
312700 0.0121812
312800 0.0121742
312900 0.0124709
313000 0.0123068
313100 0.0121996
313200 0.0120199
313300 0.0122968
313400 0.0122316
313500 0.0120177
313600 0.0120527
313700 0.0119432
313800 0.0118407
313900 0.0120633
314000 0.0120931
314100 0.0120009
314200 0.0119282
314300 0.0118898
314400 0.0121001
314500 0.0120483
314600 0.0119846
314700 0.012178
314800 0.0121634
314900 0.012246
315000 0.0121607
315100 0.0121056
315200 0.0123405
315300 0.0121142
315400 0.0121299
315500 0.0124191
315600 0.0122926
315700 0.0123988
315800 0.0121873
315900 0.0119938
316000 0.0120436
316100 0.012023
316200 0.012197
316300 0.0122384
316400 0.0119965
316500 0.0120502
316600 0.0122347
316700 0.0125309
316800 0.0125231
316900 0.0126841
317000 0.0124808
317100 0.0122923
317200 0.0121712
317300 0.0119555
317400 0.012176
317500 0.0118751
317600 0.012545
317700 0.012581
317800 0.0128584
317900 0.0127585
318000 0.0127886
318100 0.0124439
318200 0.0120941
318300 0.012486
318400 0.0124641
318500 0.0124586
318600 0.0121842
318700 0.0123933
318800 0.0124691
318900 0.0125051
319000 0.0124696
319100 0.0125649
319200 0.0124999
319300 0.0124626
319400 0.0125101
319500 0.0125289
319600 0.0125507
319700 0.0124512
319800 0.0127766
319900 0.0128844
320000 0.0127399
320100 0.0127722
320200 0.0127586
320300 0.0125699
320400 0.012178
320500 0.0121213
320600 0.012184
320700 0.0123012
320800 0.0121993
320900 0.0124712
321000 0.0128773
321100 0.012774
321200 0.0127789
321300 0.0128608
321400 0.0126418
321500 0.0125375
321600 0.0124294
321700 0.0124067
321800 0.0122628
321900 0.0124666
322000 0.0125678
322100 0.0126246
322200 0.0125872
322300 0.0130172
322400 0.0127303
322500 0.0125814
322600 0.0130018
322700 0.0130805
322800 0.0128698
322900 0.0131397
323000 0.013191
323100 0.0130057
323200 0.0126738
323300 0.0125197
323400 0.0125684
323500 0.0121691
323600 0.0120232
323700 0.0119731
323800 0.0122029
323900 0.0123566
324000 0.0123869
324100 0.0122962
324200 0.0122823
324300 0.0124518
324400 0.0123396
324500 0.0123937
324600 0.0121612
324700 0.0121508
324800 0.011845
324900 0.0123369
325000 0.0123569
325100 0.0126459
325200 0.0122645
325300 0.0123265
325400 0.0124789
325500 0.0121306
325600 0.0120291
325700 0.0118102
325800 0.0120532
325900 0.0120109
326000 0.012132
326100 0.0119568
326200 0.0121487
326300 0.0120387
326400 0.0119794
326500 0.0119068
326600 0.0121949
326700 0.0124603
326800 0.0122647
326900 0.0122449
327000 0.0120723
327100 0.0120709
327200 0.0121083
327300 0.0118988
327400 0.0117689
327500 0.011911
327600 0.0121179
327700 0.0119405
327800 0.0123058
327900 0.0121869
328000 0.0122373
328100 0.0122954
328200 0.012117
328300 0.0122594
328400 0.0121619
328500 0.012174
328600 0.0124189
328700 0.0123065
328800 0.0125899
328900 0.012559
329000 0.0124146
329100 0.0126487
329200 0.0126279
329300 0.0125178
329400 0.0121635
329500 0.0118386
329600 0.0117405
329700 0.0115431
329800 0.0116885
329900 0.0115058
330000 0.0118631
330100 0.0117901
330200 0.0118367
330300 0.0120554
330400 0.0124149
330500 0.0124948
330600 0.0123732
330700 0.0125571
330800 0.0125353
330900 0.0125268
331000 0.0123439
331100 0.0121645
331200 0.011943
331300 0.0119021
331400 0.0122657
331500 0.0122549
331600 0.0120804
331700 0.0121221
331800 0.0119863
331900 0.011915
332000 0.0118299
332100 0.0119841
332200 0.0120251
332300 0.0121911
332400 0.0124028
332500 0.0125342
332600 0.012335
332700 0.0122939
332800 0.012159
332900 0.0120079
333000 0.0118663
333100 0.012151
333200 0.0121262
333300 0.0123121
333400 0.0122442
333500 0.0123949
333600 0.0124079
333700 0.0123486
333800 0.0121194
333900 0.0120143
334000 0.012033
334100 0.0120497
334200 0.0122996
334300 0.0122592
334400 0.0121939
334500 0.0119557
334600 0.0120805
334700 0.0119721
334800 0.0120482
334900 0.0119336
335000 0.0116458
335100 0.0117768
335200 0.0121779
335300 0.0123376
335400 0.0124009
335500 0.0123517
335600 0.0124973
335700 0.0123681
335800 0.0124504
335900 0.0124911
336000 0.0122891
336100 0.0122808
336200 0.0121637
336300 0.0118371
336400 0.011894
336500 0.012035
336600 0.0120736
336700 0.012096
336800 0.0122835
336900 0.0124098
337000 0.012404
337100 0.0124804
337200 0.0124457
337300 0.0122326
337400 0.012198
337500 0.0121252
337600 0.0122209
337700 0.0121604
337800 0.0123506
337900 0.0122178
338000 0.0119937
338100 0.0121137
338200 0.0122467
338300 0.0125959
338400 0.01224
338500 0.0122274
338600 0.0119957
338700 0.0121403
338800 0.0123344
338900 0.0121654
339000 0.0121158
339100 0.0123744
339200 0.0125805
339300 0.01253
339400 0.012496
339500 0.0123526
339600 0.0124038
339700 0.0124257
339800 0.0125076
339900 0.0123716
340000 0.0121686
340100 0.0121696
340200 0.0120694
340300 0.0121062
340400 0.0123016
340500 0.0125865
340600 0.0128881
340700 0.0130206
340800 0.0136376
340900 0.0134022
341000 0.0132621
341100 0.0130954
341200 0.0128763
341300 0.0129875
341400 0.0131087
341500 0.0129378
341600 0.0126646
341700 0.0125041
341800 0.0124897
341900 0.0124251
342000 0.012597
342100 0.012913
342200 0.0126568
342300 0.0125061
342400 0.0124919
342500 0.0126
342600 0.0123283
342700 0.0125652
342800 0.0125979
342900 0.0123934
343000 0.0123004
343100 0.0123254
343200 0.0122888
343300 0.0122408
343400 0.0121752
343500 0.0122487
343600 0.0121366
343700 0.0120808
343800 0.0122182
343900 0.0119795
344000 0.0124785
344100 0.0125359
344200 0.0125799
344300 0.0126877
344400 0.0128172
344500 0.0127469
344600 0.0125898
344700 0.0121233
344800 0.0132333
344900 0.013029
345000 0.0129899
345100 0.012975
345200 0.012944
345300 0.0130397
345400 0.0128232
345500 0.0126753
345600 0.012761
345700 0.0125418
345800 0.0123672
345900 0.0124023
346000 0.0121161
346100 0.012391
346200 0.01228
346300 0.0121371
346400 0.0121795
346500 0.012253
346600 0.0125475
346700 0.0127539
346800 0.0127574
346900 0.0125149
347000 0.0121949
347100 0.0121021
347200 0.0117784
347300 0.0118092
347400 0.0125143
347500 0.0126759
347600 0.0127354
347700 0.012739
347800 0.0127054
347900 0.0125224
348000 0.0123788
348100 0.0123252
348200 0.0124648
348300 0.0122843
348400 0.0122245
348500 0.0124418
348600 0.0122133
348700 0.012114
348800 0.0122582
348900 0.012354
349000 0.0122484
349100 0.0124965
349200 0.0126555
349300 0.0123533
349400 0.0125717
349500 0.0124073
349600 0.0126118
349700 0.0123884
349800 0.0124246
349900 0.0125196
350000 0.0122391
350100 0.0121505
350200 0.0119294
350300 0.0118085
350400 0.0118753
350500 0.0119715
350600 0.0120084
350700 0.0123221
350800 0.0127211
350900 0.0127032
351000 0.0126501
351100 0.0124755
351200 0.0125754
351300 0.012637
351400 0.0124782
351500 0.0120739
351600 0.0118625
351700 0.0120081
351800 0.011821
351900 0.011775
352000 0.0119293
352100 0.0120629
352200 0.0120294
352300 0.0121073
352400 0.0123355
352500 0.0123573
352600 0.0126882
352700 0.0125667
352800 0.0124963
352900 0.0123779
353000 0.0124235
353100 0.0126433
353200 0.0126224
353300 0.013011
353400 0.012909
353500 0.012893
353600 0.0128797
353700 0.0128463
353800 0.0125592
353900 0.0124497
354000 0.0122649
354100 0.0123248
354200 0.0122875
354300 0.0122286
354400 0.0124364
354500 0.0122854
354600 0.0122379
354700 0.0120994
354800 0.0119268
354900 0.0118434
355000 0.0119651
355100 0.0122679
355200 0.0118496
355300 0.0118377
355400 0.0118567
355500 0.0119301
355600 0.0121816
355700 0.0119593
355800 0.0118226
355900 0.011775
356000 0.0119416
356100 0.0120531
356200 0.0121579
356300 0.011986
356400 0.0122406
356500 0.0122081
356600 0.012024
356700 0.0117688
356800 0.0116816
356900 0.0118216
357000 0.012349
357100 0.0121365
357200 0.0122567
357300 0.0119826
357400 0.0120593
357500 0.0121791
357600 0.0119504
357700 0.011928
357800 0.0119193
357900 0.0116691
358000 0.0115952
358100 0.0124525
358200 0.012298
358300 0.012331
358400 0.0124782
358500 0.0123483
358600 0.0121413
358700 0.0120465
358800 0.0118475
358900 0.0115265
359000 0.0115021
359100 0.0115887
359200 0.0117439
359300 0.0120106
359400 0.0121438
359500 0.0123038
359600 0.0124903
359700 0.0122133
359800 0.0122573
359900 0.0122832
360000 0.0120723
360100 0.0119058
360200 0.0119511
360300 0.0122425
360400 0.012369
360500 0.0121644
360600 0.0121418
360700 0.0123293
360800 0.0120475
360900 0.0120538
361000 0.0119231
361100 0.0118617
361200 0.0120969
361300 0.0118492
361400 0.0121989
361500 0.0120789
361600 0.0120394
361700 0.0120035
361800 0.0121182
361900 0.0124521
362000 0.0121895
362100 0.0121913
362200 0.012273
362300 0.011986
362400 0.0119967
362500 0.0120716
362600 0.0119606
362700 0.0122386
362800 0.0120519
362900 0.0121802
363000 0.0124295
363100 0.0126878
363200 0.0126168
363300 0.0125104
363400 0.0129069
363500 0.0130816
363600 0.0129213
363700 0.0127872
363800 0.0123881
363900 0.0123396
364000 0.0121669
364100 0.0121663
364200 0.0123015
364300 0.0123283
364400 0.0122994
364500 0.0121155
364600 0.0119634
364700 0.0120906
364800 0.0120749
364900 0.0118737
365000 0.0115628
365100 0.0118758
365200 0.0121119
365300 0.012092
365400 0.0121457
365500 0.0120685
365600 0.0122756
365700 0.0122238
365800 0.0122504
365900 0.0122115
366000 0.0124291
366100 0.0124626
366200 0.0121051
366300 0.0120655
366400 0.0121872
366500 0.0125061
366600 0.0122595
366700 0.012086
366800 0.0123069
366900 0.0120726
367000 0.0121143
367100 0.0121165
367200 0.0124066
367300 0.012318
367400 0.0121545
367500 0.0119435
367600 0.0119129
367700 0.0119414
367800 0.0115377
367900 0.0117903
368000 0.0115107
368100 0.0116378
368200 0.011818
368300 0.0119215
368400 0.0119993
368500 0.0121165
368600 0.012239
368700 0.0121771
368800 0.0122295
368900 0.0120205
369000 0.012323
369100 0.0122033
369200 0.0122842
369300 0.0124126
369400 0.0122279
369500 0.012285
369600 0.0121232
369700 0.0120025
369800 0.0121401
369900 0.0124181
370000 0.0127698
370100 0.0124879
370200 0.01229
370300 0.0119975
370400 0.0118172
370500 0.0122123
370600 0.0124052
370700 0.012317
370800 0.0122992
370900 0.0121087
371000 0.0119517
371100 0.0119928
371200 0.0120307
371300 0.0117264
371400 0.0118948
371500 0.011959
371600 0.0119331
371700 0.012112
371800 0.0124075
371900 0.0125547
372000 0.0126609
372100 0.0127121
372200 0.0126556
372300 0.0124739
372400 0.012374
372500 0.0123456
372600 0.0122166
372700 0.0122209
372800 0.0124373
372900 0.0122552
373000 0.0126376
373100 0.0125639
373200 0.012348
373300 0.0121654
373400 0.0121883
373500 0.0119978
373600 0.0119738
373700 0.011959
373800 0.0120404
373900 0.0120518
374000 0.0120031
374100 0.0119462
374200 0.0117901
374300 0.0120487
374400 0.0123163
374500 0.0126088
374600 0.0125412
374700 0.0130566
374800 0.0128537
374900 0.0125807
375000 0.0123271
375100 0.0122969
375200 0.0123487
375300 0.0123415
375400 0.01233
375500 0.0124411
375600 0.0123261
375700 0.0123678
375800 0.0124351
375900 0.0122652
376000 0.0122597
376100 0.0119311
376200 0.0121574
376300 0.0121635
376400 0.0122646
376500 0.0126292
376600 0.0125541
376700 0.01251
376800 0.0124335
376900 0.01274
377000 0.0125249
377100 0.0121841
377200 0.012613
377300 0.0126668
377400 0.0121521
377500 0.0119965
377600 0.0120418
377700 0.0121746
377800 0.0122354
377900 0.0123251
378000 0.0123012
378100 0.0121176
378200 0.0122986
378300 0.0122132
378400 0.0121582
378500 0.0120797
378600 0.0119884
378700 0.0118219
378800 0.0122539
378900 0.0122669
379000 0.0123271
379100 0.0122611
379200 0.0122
379300 0.0120125
379400 0.0119207
379500 0.0119327
379600 0.0121036
379700 0.0126546
379800 0.0126985
379900 0.0129889
380000 0.0128249
380100 0.0125731
380200 0.0122856
380300 0.0122174
380400 0.0121343
380500 0.0127007
380600 0.012609
380700 0.0125664
380800 0.0124627
380900 0.0125972
381000 0.0124468
381100 0.0123039
381200 0.0123116
381300 0.0122696
381400 0.0124468
381500 0.012189
381600 0.0122268
381700 0.012122
381800 0.012002
381900 0.0122097
382000 0.0118909
382100 0.0120753
382200 0.0122358
382300 0.0122041
382400 0.0124039
382500 0.0136414
382600 0.0136961
382700 0.013492
382800 0.0136421
382900 0.0136361
383000 0.0133663
383100 0.0128958
383200 0.012666
383300 0.0128453
383400 0.0130398
383500 0.0128778
383600 0.0128945
383700 0.0125208
383800 0.012661
383900 0.012888
384000 0.0126224
384100 0.0124765
384200 0.0122046
384300 0.012275
384400 0.0123609
384500 0.0123843
384600 0.012387
384700 0.0127111
384800 0.0127557
384900 0.0123983
385000 0.0123299
385100 0.0124098
385200 0.0122879
385300 0.012295
385400 0.01243
385500 0.0123271
385600 0.0124157
385700 0.0126954
385800 0.012391
385900 0.0120489
386000 0.0118136
386100 0.0117586
386200 0.0118671
386300 0.011996
386400 0.0121703
386500 0.0119293
386600 0.0123586
386700 0.0126408
386800 0.0126024
386900 0.0126109
387000 0.0125892
387100 0.012697
387200 0.0125931
387300 0.0128126
387400 0.012983
387500 0.0127511
387600 0.0125124
387700 0.01231
387800 0.0123899
387900 0.0126709
388000 0.0128135
388100 0.0127353
388200 0.0123664
388300 0.0124874
388400 0.0123044
388500 0.0122936
388600 0.012351
388700 0.012107
388800 0.0122229
388900 0.012575
389000 0.0123547
389100 0.0123602
389200 0.0126514
389300 0.012621
389400 0.0130846
389500 0.0127253
389600 0.0124656
389700 0.0123006
389800 0.0121824
389900 0.0121974
390000 0.0123328
390100 0.0123081
390200 0.0123893
390300 0.012365
390400 0.012435
390500 0.0124917
390600 0.0123964
390700 0.0122378
390800 0.0122567
390900 0.0121136
391000 0.0119407
391100 0.0118401
391200 0.0118421
391300 0.0121289
391400 0.0123569
391500 0.0124705
391600 0.0125161
391700 0.0124065
391800 0.0122744
391900 0.012324
392000 0.0122528
392100 0.0122765
392200 0.0125328
392300 0.0124105
392400 0.0126751
392500 0.0125678
392600 0.0125912
392700 0.0123819
392800 0.0124954
392900 0.0123854
393000 0.0125107
393100 0.01234
393200 0.012244
393300 0.0124919
393400 0.0126597
393500 0.0130419
393600 0.0127053
393700 0.0126238
393800 0.0125316
393900 0.0122866
394000 0.0124716
394100 0.0123638
394200 0.0121469
394300 0.0122078
394400 0.0120579
394500 0.012362
394600 0.0124566
394700 0.012211
394800 0.0123206
394900 0.0123734
395000 0.012675
395100 0.0126945
395200 0.0124589
395300 0.0123436
395400 0.0126305
395500 0.0126963
395600 0.0125504
395700 0.0124595
395800 0.0123199
395900 0.0123167
396000 0.0124555
396100 0.0124682
396200 0.0124072
396300 0.0124271
396400 0.012274
396500 0.0121224
396600 0.0122293
396700 0.0123282
396800 0.0124444
396900 0.0122725
397000 0.0118596
397100 0.0119722
397200 0.0123665
397300 0.0122916
397400 0.0120933
397500 0.0121326
397600 0.0118445
397700 0.0116608
397800 0.0117677
397900 0.0116943
398000 0.0119345
398100 0.0124235
398200 0.0121503
398300 0.012397
398400 0.0128953
398500 0.0128603
398600 0.0128789
398700 0.0131385
398800 0.0128783
398900 0.0126358
399000 0.0124881
399100 0.012396
399200 0.0125783
399300 0.0125037
399400 0.0122923
399500 0.0124141
399600 0.0124622
399700 0.0123525
399800 0.0124299
399900 0.0125603
400000 0.0125287
400100 0.0125969
400200 0.0128555
400300 0.0129384
400400 0.0127734
400500 0.0127749
400600 0.0124958
400700 0.0123669
400800 0.0126036
400900 0.0125838
401000 0.0124269
401100 0.0120762
401200 0.0118611
401300 0.0118255
401400 0.0118607
401500 0.011706
401600 0.0118664
401700 0.0115066
401800 0.01187
401900 0.0119154
402000 0.0118736
402100 0.0117733
402200 0.0118529
402300 0.0122295
402400 0.0122022
402500 0.0121895
402600 0.0122897
402700 0.0121381
402800 0.0122954
402900 0.0122907
403000 0.0122662
403100 0.012148
403200 0.0122227
403300 0.012458
403400 0.0122548
403500 0.0121133
403600 0.0120849
403700 0.0120932
403800 0.0120305
403900 0.0117707
404000 0.0118666
404100 0.0117756
404200 0.0119893
404300 0.0119691
404400 0.0117363
404500 0.0116539
404600 0.0118314
404700 0.0117742
404800 0.0120902
404900 0.0121384
405000 0.0120859
405100 0.0121604
405200 0.0125123
405300 0.0122276
405400 0.0122825
405500 0.0121229
405600 0.0122114
405700 0.0121707
405800 0.0119508
405900 0.0119835
406000 0.0121593
406100 0.0121265
406200 0.012067
406300 0.012099
406400 0.0122786
406500 0.0122976
406600 0.0122685
406700 0.0124585
406800 0.0121183
406900 0.0119484
407000 0.0120192
407100 0.0118773
407200 0.0119208
407300 0.0121468
407400 0.0122764
407500 0.0121364
407600 0.0122569
407700 0.0121989
407800 0.012106
407900 0.012403
408000 0.0123693
408100 0.0121651
408200 0.0120218
408300 0.0118748
408400 0.0118844
408500 0.0122025
408600 0.0119991
408700 0.0118229
408800 0.0118996
408900 0.0119065
409000 0.012036
409100 0.0125402
409200 0.0122553
409300 0.0122204
409400 0.0122842
409500 0.0121535
409600 0.0119315
409700 0.0119187
409800 0.011952
409900 0.0120776
410000 0.0120792
410100 0.0120575
410200 0.0120781
410300 0.011832
410400 0.0119034
410500 0.0122468
410600 0.0123328
410700 0.0121962
410800 0.0123661
410900 0.0124698
411000 0.0123769
411100 0.0124381
411200 0.0123999
411300 0.0125013
411400 0.0124389
411500 0.0124213
411600 0.012539
411700 0.0124813
411800 0.0123318
411900 0.012241
412000 0.0121319
412100 0.011972
412200 0.0120372
412300 0.0123184
412400 0.0125173
412500 0.0123286
412600 0.0123547
412700 0.0122742
412800 0.0118826
412900 0.0122579
413000 0.0123781
413100 0.0122307
413200 0.0124656
413300 0.0124578
413400 0.0126006
413500 0.0126214
413600 0.0127965
413700 0.0126074
413800 0.0126202
413900 0.0127283
414000 0.0123756
414100 0.0123271
414200 0.0121654
414300 0.0125025
414400 0.0122159
414500 0.0121799
414600 0.0126682
414700 0.012483
414800 0.0125274
414900 0.0127428
415000 0.0123491
415100 0.0124218
415200 0.0124745
415300 0.0127186
415400 0.0125868
415500 0.0125512
415600 0.012814
415700 0.0125418
415800 0.0122535
415900 0.0121535
416000 0.0120124
416100 0.0120646
416200 0.0120111
416300 0.0120721
416400 0.0121409
416500 0.0118848
416600 0.0118938
416700 0.0117853
416800 0.0118404
416900 0.0119983
417000 0.0116486
417100 0.0120907
417200 0.0118682
417300 0.0121598
417400 0.012621
417500 0.0127001
417600 0.012883
417700 0.0130199
417800 0.0129385
417900 0.0130182
418000 0.0127107
418100 0.0125799
418200 0.0125734
418300 0.0125539
418400 0.0124436
418500 0.0122798
418600 0.0123464
418700 0.0125375
418800 0.0125133
418900 0.0123945
419000 0.0122773
419100 0.0130478
419200 0.0128225
419300 0.0126659
419400 0.012972
419500 0.0129008
419600 0.012956
419700 0.0127187
419800 0.0125652
419900 0.0128492
420000 0.0128278
420100 0.0123365
420200 0.0121837
420300 0.0120609
420400 0.012412
420500 0.0123599
420600 0.0124397
420700 0.01228
420800 0.0120386
420900 0.0120752
421000 0.0122567
421100 0.0120713
421200 0.0119831
421300 0.0122189
421400 0.0126774
421500 0.0123325
421600 0.0123302
421700 0.0124664
421800 0.0126361
421900 0.0126877
422000 0.0129323
422100 0.012654
422200 0.0127481
422300 0.0125322
422400 0.012331
422500 0.0121305
422600 0.0122246
422700 0.0122222
422800 0.0122948
422900 0.0121048
423000 0.012156
423100 0.0122066
423200 0.0118093
423300 0.0118702
423400 0.0119521
423500 0.0120303
423600 0.0118759
423700 0.0121008
423800 0.0120116
423900 0.0127123
424000 0.0125688
424100 0.0124757
424200 0.0125882
424300 0.0126759
424400 0.0130196
424500 0.0127698
424600 0.0125334
424700 0.0124789
424800 0.0124534
424900 0.0124044
425000 0.012257
425100 0.0124963
425200 0.0123414
425300 0.0121717
425400 0.0121744
425500 0.0121494
425600 0.0121094
425700 0.0121055
425800 0.0123364
425900 0.0123287
426000 0.0124112
426100 0.0124594
426200 0.0125519
426300 0.0125575
426400 0.0124342
426500 0.0121539
426600 0.0124119
426700 0.0121012
426800 0.0124377
426900 0.0122955
427000 0.012515
427100 0.0125446
427200 0.012439
427300 0.0125634
427400 0.0124579
427500 0.0123646
427600 0.0122075
427700 0.0127823
427800 0.0127358
427900 0.0134609
428000 0.0129477
428100 0.0126864
428200 0.0125122
428300 0.0124762
428400 0.0125051
428500 0.0121392
428600 0.0124863
428700 0.0124984
428800 0.0123468
428900 0.0122581
429000 0.0122801
429100 0.0121714
429200 0.0122736
429300 0.0122473
429400 0.0118824
429500 0.0119625
429600 0.0119097
429700 0.0117067
429800 0.0120526
429900 0.012572
430000 0.0125016
430100 0.0123689
430200 0.0128174
430300 0.0129387
430400 0.0127355
430500 0.0127504
430600 0.0129576
430700 0.0131734
430800 0.0132074
430900 0.0129903
431000 0.0128463
431100 0.0125365
431200 0.0124023
431300 0.0123464
431400 0.0125136
431500 0.0120647
431600 0.0121697
431700 0.0122685
431800 0.0123873
431900 0.012477
432000 0.012499
432100 0.0123233
432200 0.0122162
432300 0.0124173
432400 0.0121619
432500 0.0120561
432600 0.0123321
432700 0.0124712
432800 0.0126799
432900 0.0126179
433000 0.0122764
433100 0.0121714
433200 0.0119631
433300 0.012325
433400 0.0122741
433500 0.0124133
433600 0.0126747
433700 0.0125346
433800 0.0124257
433900 0.0125292
434000 0.0122837
434100 0.0120848
434200 0.0120092
434300 0.012303
434400 0.0123199
434500 0.0124243
434600 0.0124827
434700 0.0123869
434800 0.0124116
434900 0.0121971
435000 0.0121748
435100 0.012389
435200 0.0124295
435300 0.0126817
435400 0.0125527
435500 0.0123902
435600 0.012471
435700 0.0125906
435800 0.0128329
435900 0.0128334
436000 0.012736
436100 0.0125341
436200 0.0127814
436300 0.0125221
436400 0.0124772
436500 0.0124682
436600 0.0126729
436700 0.0128698
436800 0.0130349
436900 0.0131535
437000 0.0128872
437100 0.0129453
437200 0.013196
437300 0.0130353
437400 0.0131989
437500 0.0129411
437600 0.0129952
437700 0.0126324
437800 0.0129815
437900 0.0128276
438000 0.0125528
438100 0.0126543
438200 0.0123764
438300 0.0127407
438400 0.0124893
438500 0.0125011
438600 0.0127
438700 0.0125439
438800 0.0124287
438900 0.0124655
439000 0.01215
439100 0.0123042
439200 0.0123598
439300 0.0122796
439400 0.0121869
439500 0.0118778
439600 0.0120878
439700 0.0118354
439800 0.0120479
439900 0.0119662
440000 0.0122059
440100 0.0121829
440200 0.0122992
440300 0.0120889
440400 0.0121484
440500 0.0120282
440600 0.0122067
440700 0.0120817
440800 0.0122735
440900 0.0121576
441000 0.0120464
441100 0.0119532
441200 0.0120354
441300 0.0122017
441400 0.0119832
441500 0.0118901
441600 0.0120977
441700 0.0120572
441800 0.0119464
441900 0.0117194
442000 0.0115748
442100 0.0114051
442200 0.0115652
442300 0.0116607
442400 0.0115916
442500 0.0118502
442600 0.0120498
442700 0.0123181
442800 0.0122064
442900 0.0121985
443000 0.012176
443100 0.0121824
443200 0.0121905
443300 0.0121432
443400 0.0123237
443500 0.0121094
443600 0.012159
443700 0.0121304
443800 0.0121592
443900 0.0123267
444000 0.0121696
444100 0.0121551
444200 0.0120714
444300 0.0120678
444400 0.0121231
444500 0.012282
444600 0.0120825
444700 0.0120224
444800 0.0122126
444900 0.0121395
445000 0.0121631
445100 0.0127849
445200 0.0124072
445300 0.0123018
445400 0.0120222
445500 0.0117604
445600 0.0119658
445700 0.0121689
445800 0.0124318
445900 0.0123954
446000 0.0126196
446100 0.0123925
446200 0.0122062
446300 0.0122428
446400 0.0125627
446500 0.0125463
446600 0.0126642
446700 0.0124708
446800 0.012587
446900 0.0125782
447000 0.0125447
447100 0.0123157
447200 0.0125164
447300 0.0126658
447400 0.0122831
447500 0.0121638
447600 0.012218
447700 0.0120956
447800 0.0122183
447900 0.012223
448000 0.012184
448100 0.0121865
448200 0.0121455
448300 0.0120105
448400 0.012271
448500 0.0124303
448600 0.0122205
448700 0.0121126
448800 0.0121741
448900 0.0120118
449000 0.0119387
449100 0.012159
449200 0.0120834
449300 0.0119586
449400 0.0119027
449500 0.0121042
449600 0.0127005
449700 0.0126499
449800 0.012403
449900 0.0127766
450000 0.012561
450100 0.0124447
450200 0.0121113
450300 0.0128196
450400 0.012447
450500 0.0125186
450600 0.0129815
450700 0.0128722
450800 0.0125492
450900 0.0126271
451000 0.0129331
451100 0.0128235
451200 0.0124823
451300 0.0124758
451400 0.012634
451500 0.0125832
451600 0.0122145
451700 0.0121994
451800 0.0119322
451900 0.0117414
452000 0.0116779
452100 0.0115503
452200 0.0119034
452300 0.0118406
452400 0.0120328
452500 0.011833
452600 0.012104
452700 0.0119621
452800 0.01191
452900 0.0122275
453000 0.0123661
453100 0.0124398
453200 0.0124776
453300 0.0120576
453400 0.0123966
453500 0.0124135
453600 0.0126446
453700 0.0126637
453800 0.0124879
453900 0.0121655
454000 0.0124699
454100 0.012206
454200 0.0122673
454300 0.0124967
454400 0.0128364
454500 0.012807
454600 0.0126089
454700 0.0124014
454800 0.0127277
454900 0.0126829
455000 0.0123225
455100 0.0125006
455200 0.0122753
455300 0.0120075
455400 0.0125898
455500 0.0125599
455600 0.012568
455700 0.0125426
455800 0.0126623
455900 0.0123144
456000 0.0126776
456100 0.0127626
456200 0.0124046
456300 0.0125137
456400 0.0126749
456500 0.0132806
456600 0.0132495
456700 0.0127169
456800 0.0125594
456900 0.0123102
457000 0.0125172
457100 0.0125501
457200 0.0124921
457300 0.0124082
457400 0.0126164
457500 0.0125272
457600 0.012403
457700 0.0125243
457800 0.012615
457900 0.0126803
458000 0.0126583
458100 0.0125901
458200 0.0128218
458300 0.0127901
458400 0.0126128
458500 0.0124643
458600 0.0125197
458700 0.0126624
458800 0.0125246
458900 0.0123975
459000 0.012384
459100 0.0121961
459200 0.0122414
459300 0.0120109
459400 0.012231
459500 0.0120494
459600 0.012013
459700 0.0120779
459800 0.0117136
459900 0.0120373
460000 0.0120243
460100 0.0117253
460200 0.0116573
460300 0.0118124
460400 0.0115391
460500 0.0116203
460600 0.0117034
460700 0.0119983
460800 0.0119419
460900 0.011679
461000 0.0115845
461100 0.0117084
461200 0.0119133
461300 0.0120687
461400 0.0119829
461500 0.0120617
461600 0.0117173
461700 0.0118301
461800 0.0118602
461900 0.0121609
462000 0.0122509
462100 0.0124786
462200 0.0125871
462300 0.012778
462400 0.0128438
462500 0.0128111
462600 0.0127804
462700 0.0126643
462800 0.0133628
462900 0.0129742
463000 0.01306
463100 0.0129614
463200 0.0130846
463300 0.0127192
463400 0.0125908
463500 0.0124673
463600 0.0123602
463700 0.0122153
463800 0.0120364
463900 0.0118869
464000 0.0119247
464100 0.0117865
464200 0.0116803
464300 0.0118861
464400 0.011603
464500 0.0117073
464600 0.0120513
464700 0.0119234
464800 0.0119023
464900 0.0122802
465000 0.0122119
465100 0.0124682
465200 0.0126723
465300 0.0127376
465400 0.0126625
465500 0.0126719
465600 0.0125124
465700 0.0124335
465800 0.012353
465900 0.0124289
466000 0.0121121
466100 0.0122848
466200 0.0121911
466300 0.0123127
466400 0.0123969
466500 0.0124929
466600 0.0123708
466700 0.0119967
466800 0.0120321
466900 0.011978
467000 0.0120984
467100 0.0121742
467200 0.0120631
467300 0.0122579
467400 0.0125774
467500 0.0128112
467600 0.0126874
467700 0.0126095
467800 0.0124116
467900 0.0124424
468000 0.012832
468100 0.0130955
468200 0.0131747
468300 0.0132849
468400 0.0134086
468500 0.0130799
468600 0.0127552
468700 0.0132053
468800 0.0130596
468900 0.012772
469000 0.0133018
469100 0.0130611
469200 0.0129928
469300 0.0126606
469400 0.0124283
469500 0.0126224
469600 0.012618
469700 0.0127154
469800 0.0128273
469900 0.0124389
470000 0.0123278
470100 0.0125011
470200 0.0124051
470300 0.0125151
470400 0.0124353
470500 0.0125523
470600 0.0125373
470700 0.012676
470800 0.0129273
470900 0.0128779
471000 0.0123989
471100 0.0127867
471200 0.0126355
471300 0.0125246
471400 0.0125611
471500 0.0126181
471600 0.0127201
471700 0.0123792
471800 0.0121508
471900 0.0124155
472000 0.0125581
472100 0.0126485
472200 0.0124134
472300 0.0124888
472400 0.0124743
472500 0.0123835
472600 0.0121009
472700 0.0120631
472800 0.0115756
472900 0.0117458
473000 0.0114851
473100 0.0113234
473200 0.0115261
473300 0.0116889
473400 0.0117043
473500 0.0119934
473600 0.0122375
473700 0.0125629
473800 0.0124161
473900 0.0125178
474000 0.0125273
474100 0.0123536
474200 0.0122543
474300 0.0118676
474400 0.0119819
474500 0.0119416
474600 0.0121393
474700 0.0120677
474800 0.0121018
474900 0.0120375
475000 0.0120623
475100 0.0119796
475200 0.0121601
475300 0.0125193
475400 0.0125895
475500 0.0132342
475600 0.0130391
475700 0.0128727
475800 0.0125017
475900 0.0122985
476000 0.0125018
476100 0.0125347
476200 0.0123549
476300 0.0123619
476400 0.0121855
476500 0.0119378
476600 0.0117938
476700 0.0118693
476800 0.0120828
476900 0.0121275
477000 0.0121177
477100 0.0119859
477200 0.0120206
477300 0.0120542
477400 0.0121238
477500 0.012086
477600 0.0119372
477700 0.0122061
477800 0.0121588
477900 0.0120147
478000 0.0122502
478100 0.0122994
478200 0.0123106
478300 0.0125097
478400 0.0127708
478500 0.0126573
478600 0.0124919
478700 0.0120242
478800 0.0118452
478900 0.0119772
479000 0.012166
479100 0.0119083
479200 0.0120938
479300 0.0118296
479400 0.0117893
479500 0.0118764
479600 0.0117897
479700 0.0121087
479800 0.0123546
479900 0.0120812
480000 0.0122067
480100 0.0123196
480200 0.0125841
480300 0.0124804
480400 0.01267
480500 0.0126415
480600 0.0124283
480700 0.0122543
480800 0.0122454
480900 0.0123958
481000 0.012505
481100 0.0123761
481200 0.0122892
481300 0.0123683
481400 0.012244
481500 0.0122278
481600 0.0123121
481700 0.0120569
481800 0.0121047
481900 0.0124003
482000 0.012157
482100 0.0123836
482200 0.0125715
482300 0.0124561
482400 0.0123419
482500 0.0121745
482600 0.0121178
482700 0.0118378
482800 0.0115219
482900 0.0111783
483000 0.0111593
483100 0.0114298
483200 0.0114333
483300 0.0113378
483400 0.011286
483500 0.0112404
483600 0.0114778
483700 0.0114499
483800 0.0115797
483900 0.0118389
484000 0.0123519
484100 0.0127329
484200 0.0126017
484300 0.0129525
484400 0.012686
484500 0.0125482
484600 0.0122474
484700 0.0122995
484800 0.0126821
484900 0.0126895
485000 0.0125175
485100 0.0127659
485200 0.0128517
485300 0.0126071
485400 0.0124492
485500 0.0125946
485600 0.0126716
485700 0.0126534
485800 0.0128693
485900 0.0124312
486000 0.0123438
486100 0.0123927
486200 0.0122303
486300 0.0122455
486400 0.0123171
486500 0.0125599
486600 0.012439
486700 0.0128319
486800 0.0125093
486900 0.0123912
487000 0.012364
487100 0.0123419
487200 0.0122177
487300 0.0122415
487400 0.0125736
487500 0.0124072
487600 0.0121497
487700 0.0124274
487800 0.0124725
487900 0.0122572
488000 0.01222
488100 0.012178
488200 0.0121782
488300 0.0122028
488400 0.0123087
488500 0.012443
488600 0.0121962
488700 0.012246
488800 0.012415
488900 0.0122288
489000 0.012387
489100 0.012001
489200 0.0119411
489300 0.0118498
489400 0.0116241
489500 0.0117838
489600 0.0116471
489700 0.01151
489800 0.0118714
489900 0.012296
490000 0.0121834
490100 0.0118988
490200 0.0117036
490300 0.0120557
490400 0.0121285
490500 0.0120398
490600 0.0118955
490700 0.0119953
490800 0.0119898
490900 0.0120733
491000 0.0118994
491100 0.0122003
491200 0.0119717
491300 0.0120688
491400 0.0119031
491500 0.0119075
491600 0.0121032
491700 0.0122663
491800 0.0121798
491900 0.0120871
492000 0.0120901
492100 0.0123426
492200 0.0129497
492300 0.0126078
492400 0.0124322
492500 0.0124631
492600 0.0125577
492700 0.0126293
492800 0.0130638
492900 0.0128023
493000 0.012663
493100 0.012332
493200 0.0121124
493300 0.0118516
493400 0.0118684
493500 0.0119696
493600 0.0120356
493700 0.0117512
493800 0.0117307
493900 0.0116221
494000 0.0118591
494100 0.0117129
494200 0.0122211
494300 0.0119946
494400 0.0121558
494500 0.0123672
494600 0.0123506
494700 0.0122548
494800 0.0122095
494900 0.0121425
495000 0.0122595
495100 0.0122065
495200 0.0122975
495300 0.012371
495400 0.0126033
495500 0.012638
495600 0.0127223
495700 0.0128457
495800 0.0128751
495900 0.0126214
496000 0.0125985
496100 0.0126246
496200 0.0126578
496300 0.0127082
496400 0.0127191
496500 0.0126025
496600 0.0126698
496700 0.0126529
496800 0.0126485
496900 0.0125868
497000 0.0125633
497100 0.0124356
497200 0.0126361
497300 0.0128052
497400 0.0127031
497500 0.0127758
497600 0.0127895
497700 0.012464
497800 0.0124814
497900 0.0126658
498000 0.0123663
498100 0.0122824
498200 0.0120566
498300 0.0120743
498400 0.012063
498500 0.0119337
498600 0.011803
498700 0.0118692
498800 0.0121222
498900 0.0123414
499000 0.0121444
499100 0.0118817
499200 0.0122032
499300 0.0120586
499400 0.0119684
499500 0.0119552
499600 0.0120875
499700 0.0119545
499800 0.0121716
499900 0.0122725
500000 0.012371
