100 58.8592
200 52.9173
300 48.3776
400 44.125
500 39.5388
600 35.9362
700 31.9584
800 29.0452
900 26.6682
1000 24.6113
1100 22.073
1200 20.1255
1300 18.1612
1400 16.8175
1500 15.2381
1600 13.8625
1700 12.7884
1800 11.7295
1900 10.596
2000 9.60746
2100 8.7536
2200 7.92268
2300 7.26525
2400 6.60188
2500 5.97705
2600 5.49768
2700 5.04647
2800 4.56554
2900 4.15179
3000 3.77805
3100 3.44645
3200 3.14664
3300 2.88045
3400 2.62397
3500 2.39708
3600 2.19826
3700 2.02335
3800 1.86494
3900 1.68433
4000 1.51138
4100 1.37191
4200 1.24444
4300 1.13501
4400 1.04034
4500 0.939298
4600 0.843525
4700 0.770521
4800 0.705942
4900 0.639597
5000 0.583083
5100 0.531316
5200 0.487535
5300 0.445599
5400 0.401403
5500 0.358579
5600 0.332942
5700 0.30841
5800 0.282438
5900 0.260562
6000 0.240705
6100 0.222387
6200 0.20712
6300 0.19142
6400 0.17599
6500 0.158785
6600 0.146939
6700 0.138192
6800 0.127784
6900 0.122412
7000 0.11645
7100 0.112189
7200 0.105586
7300 0.101877
7400 0.0959284
7500 0.0912342
7600 0.0898998
7700 0.0889283
7800 0.085667
7900 0.0834394
8000 0.0816303
8100 0.0796478
8200 0.0783733
8300 0.0771293
8400 0.0763323
8500 0.0768185
8600 0.0765919
8700 0.0772041
8800 0.074816
8900 0.0753563
9000 0.0748194
9100 0.0764633
9200 0.0763419
9300 0.0770771
9400 0.0778142
9500 0.0835468
9600 0.081872
9700 0.0818685
9800 0.0803008
9900 0.0794187
10000 0.0779802
10100 0.0769969
10200 0.0756938
10300 0.0757801
10400 0.0743093
10500 0.0760291
10600 0.0761249
10700 0.0773101
10800 0.0761567
10900 0.0780232
11000 0.0909044
11100 0.0886193
11200 0.0849524
11300 0.0839117
11400 0.0866706
11500 0.0854959
11600 0.0818095
11700 0.0810437
11800 0.0780413
11900 0.0767952
12000 0.0771066
12100 0.077995
12200 0.0790658
12300 0.0785584
12400 0.0775641
12500 0.0792414
12600 0.0804551
12700 0.0783731
12800 0.0793033
12900 0.0791519
13000 0.0789052
13100 0.0775054
13200 0.0780693
13300 0.0775875
13400 0.0760761
13500 0.0755335
13600 0.0763216
13700 0.0760714
13800 0.0750932
13900 0.07564
14000 0.0793504
14100 0.0792367
14200 0.0790498
14300 0.0774483
14400 0.0777584
14500 0.0756099
14600 0.0776114
14700 0.0766457
14800 0.0975988
14900 0.0960039
15000 0.0936799
15100 0.0922919
15200 0.0901011
15300 0.0872621
15400 0.0862883
15500 0.0843447
15600 0.0843525
15700 0.0835315
15800 0.0820797
15900 0.0807106
16000 0.0787848
16100 0.0778671
16200 0.0773509
16300 0.0756456
16400 0.0757578
16500 0.0771312
16600 0.0768863
16700 0.0785105
16800 0.07722
16900 0.0749181
17000 0.0747266
17100 0.0750954
17200 0.0760315
17300 0.0753298
17400 0.0739046
17500 0.0750589
17600 0.0754678
17700 0.0749764
17800 0.0744996
17900 0.0760081
18000 0.0758032
18100 0.0730849
18200 0.0732248
18300 0.0758961
18400 0.076605
18500 0.0780133
18600 0.0768293
18700 0.0772188
18800 0.0768734
18900 0.0769993
19000 0.0887159
19100 0.0874267
19200 0.0848943
19300 0.0839198
19400 0.0804164
19500 0.0795578
19600 0.0778634
19700 0.0764828
19800 0.0762143
19900 0.0782971
20000 0.0783705
20100 0.0771337
20200 0.0795506
20300 0.0791602
20400 0.0792905
20500 0.0793002
20600 0.078038
20700 0.0808839
20800 0.0790392
20900 0.0775067
21000 0.0775851
21100 0.0789906
21200 0.0790465
21300 0.0823491
21400 0.0800027
21500 0.0775297
21600 0.0785795
21700 0.0782763
21800 0.0749505
21900 0.0738667
22000 0.0741502
22100 0.0762281
22200 0.0725305
22300 0.0726616
22400 0.0722251
22500 0.0733247
22600 0.0739977
22700 0.0736191
22800 0.0746646
22900 0.0785461
23000 0.078238
23100 0.0787416
23200 0.076792
23300 0.0767284
23400 0.077486
23500 0.0760088
23600 0.0749158
23700 0.0745965
23800 0.0736789
23900 0.0733382
24000 0.0711606
24100 0.0735326
24200 0.0723204
24300 0.0767878
24400 0.0758843
24500 0.0781153
24600 0.0766125
24700 0.0783774
24800 0.0788111
24900 0.0761751
25000 0.0753493
25100 0.0755469
25200 0.0793918
25300 0.079997
25400 0.0794192
25500 0.0786025
25600 0.0781216
25700 0.0784571
25800 0.078071
25900 0.0777825
26000 0.07684
26100 0.0802899
26200 0.0785097
26300 0.0774115
26400 0.0779051
26500 0.0809405
26600 0.0782192
26700 0.077288
26800 0.0760275
26900 0.0765438
27000 0.0756694
27100 0.0768986
27200 0.0843584
27300 0.0819004
27400 0.0821903
27500 0.0822486
27600 0.0818889
27700 0.0791832
27800 0.080506
27900 0.0784587
28000 0.079206
28100 0.0792806
28200 0.0798333
28300 0.0801106
28400 0.082887
28500 0.0817319
28600 0.079815
28700 0.0782461
28800 0.075328
28900 0.0775621
29000 0.078317
29100 0.0784808
29200 0.0787433
29300 0.0794327
29400 0.0787185
29500 0.0782793
29600 0.0786825
29700 0.0765659
29800 0.0746385
29900 0.0756989
30000 0.0751313
