10 30.725
20 30.4004
30 30.103
40 29.7817
50 29.4648
60 29.1665
70 28.8518
80 28.5667
90 28.3253
100 28.0723
110 27.8019
120 27.5567
130 27.2626
140 26.9842
150 26.7144
160 26.4571
170 26.1771
180 25.9422
190 25.7014
200 25.4384
210 25.1973
220 24.9593
230 24.7179
240 24.4837
250 24.2407
260 23.9982
270 23.7964
280 23.5696
290 23.3516
300 23.1366
310 22.9141
320 22.6952
330 22.4512
340 22.2343
350 22.0055
360 21.8081
370 21.5889
380 21.3852
390 21.1731
400 20.9543
410 20.7667
420 20.5739
430 20.371
440 20.1776
450 19.9972
460 19.8132
470 19.6357
480 19.4565
490 19.254
500 19.0813
510 18.9075
520 18.7281
530 18.5454
540 18.3728
550 18.1894
560 18.0059
570 17.8499
580 17.679
590 17.5368
600 17.374
610 17.2304
620 17.0783
630 16.9324
640 16.7564
650 16.5897
660 16.4434
670 16.2786
680 16.122
690 15.9836
700 15.8276
710 15.6864
720 15.5454
730 15.4038
740 15.2872
750 15.1389
760 14.9983
770 14.8606
780 14.735
790 14.5864
800 14.4582
810 14.3245
820 14.1952
830 14.0799
840 13.9521
850 13.8171
860 13.7007
870 13.5794
880 13.466
890 13.3295
900 13.2071
910 13.0779
920 12.9565
930 12.8423
940 12.7282
950 12.6152
960 12.5074
970 12.3883
980 12.2594
990 12.1461
1000 12.0283
1010 11.9164
1020 11.8039
1030 11.6888
1040 11.5848
1050 11.4721
1060 11.363
1070 11.2642
1080 11.1692
1090 11.0707
1100 10.976
1110 10.8762
1120 10.7837
1130 10.6803
1140 10.5854
1150 10.4961
1160 10.3954
1170 10.2979
1180 10.2063
1190 10.1239
1200 10.0359
1210 9.9402
1220 9.85936
1230 9.77856
1240 9.68531
1250 9.59779
1260 9.5194
1270 9.43095
1280 9.35368
1290 9.27172
1300 9.18941
1310 9.11571
1320 9.0301
1330 8.95135
1340 8.87276
1350 8.7877
1360 8.70513
1370 8.63418
1380 8.56221
1390 8.48726
1400 8.40781
1410 8.33761
1420 8.26761
1430 8.19398
1440 8.12737
1450 8.05649
1460 7.98726
1470 7.91661
1480 7.84611
1490 7.77907
1500 7.70555
1510 7.63948
1520 7.57231
1530 7.5119
1540 7.44745
1550 7.38742
1560 7.32993
1570 7.26871
1580 7.20961
1590 7.15212
1600 7.09186
1610 7.03174
1620 6.97043
1630 6.91718
1640 6.85529
1650 6.79225
1660 6.73334
1670 6.67453
1680 6.61476
1690 6.55858
1700 6.50774
1710 6.45403
1720 6.39842
1730 6.34225
1740 6.29101
1750 6.24131
1760 6.18943
1770 6.13316
1780 6.07893
1790 6.02604
1800 5.9782
1810 5.92902
1820 5.87873
1830 5.83035
1840 5.78475
1850 5.74246
1860 5.69277
1870 5.64392
1880 5.59365
1890 5.54819
1900 5.49683
1910 5.4599
1920 5.41124
1930 5.36361
1940 5.31484
1950 5.27354
1960 5.23281
1970 5.1878
1980 5.14308
1990 5.09907
2000 5.05318
2010 5.0092
2020 4.96845
2030 4.92418
2040 4.88815
2050 4.85012
2060 4.80779
2070 4.76699
2080 4.72528
2090 4.68515
2100 4.64813
2110 4.61428
2120 4.58116
2130 4.54598
2140 4.5083
2150 4.47107
2160 4.43282
2170 4.39032
2180 4.34957
2190 4.31413
2200 4.27649
2210 4.23931
2220 4.20318
2230 4.1678
2240 4.13453
2250 4.10125
2260 4.06605
2270 4.03291
2280 4.00088
2290 3.96735
2300 3.93942
2310 3.9097
2320 3.87852
2330 3.84456
2340 3.81426
2350 3.78241
2360 3.75249
2370 3.7229
2380 3.69198
2390 3.66508
2400 3.63715
2410 3.60626
2420 3.57851
2430 3.54987
2440 3.52007
2450 3.49314
2460 3.46856
2470 3.43621
2480 3.41103
2490 3.38305
2500 3.35696
2510 3.33093
2520 3.3057
2530 3.27924
2540 3.2519
2550 3.22836
2560 3.20142
2570 3.17565
2580 3.14978
2590 3.11995
2600 3.09508
2610 3.07011
2620 3.04652
2630 3.02208
2640 2.99725
2650 2.97388
2660 2.94569
2670 2.9202
2680 2.8999
2690 2.8736
2700 2.85065
2710 2.82894
2720 2.80751
2730 2.78603
2740 2.76185
2750 2.73998
2760 2.71643
2770 2.69517
2780 2.67486
2790 2.65352
2800 2.63369
2810 2.61471
2820 2.59611
2830 2.57796
2840 2.55346
2850 2.5334
2860 2.51474
2870 2.49546
2880 2.47685
2890 2.45894
2900 2.43969
2910 2.42062
2920 2.40154
2930 2.38198
2940 2.36271
2950 2.3442
2960 2.32487
2970 2.30429
2980 2.28351
2990 2.26461
3000 2.24619
3010 2.22809
3020 2.20912
3030 2.19045
3040 2.17409
3050 2.1564
3060 2.13979
3070 2.12339
3080 2.10777
3090 2.09159
3100 2.07579
3110 2.05997
3120 2.04423
3130 2.02885
3140 2.01159
3150 1.99881
3160 1.98297
3170 1.96702
3180 1.95073
3190 1.93559
3200 1.9201
3210 1.90564
3220 1.88821
3230 1.87287
3240 1.85859
3250 1.84561
3260 1.83154
3270 1.81686
3280 1.80417
3290 1.78951
3300 1.77558
3310 1.76221
3320 1.7471
3330 1.73353
3340 1.72102
3350 1.71002
3360 1.69713
3370 1.68419
3380 1.67075
3390 1.65882
3400 1.64651
3410 1.63548
3420 1.62465
3430 1.61148
3440 1.59813
3450 1.58646
3460 1.57317
3470 1.55901
3480 1.54721
3490 1.53429
3500 1.52201
3510 1.51118
3520 1.49902
3530 1.48756
3540 1.47533
3550 1.46362
3560 1.45167
3570 1.44037
3580 1.43032
3590 1.42038
3600 1.41099
3610 1.39895
3620 1.38928
3630 1.37844
3640 1.36722
3650 1.35696
3660 1.34751
3670 1.33675
3680 1.32601
3690 1.31652
3700 1.30751
3710 1.29812
3720 1.2876
3730 1.27762
3740 1.26702
3750 1.25831
3760 1.24779
3770 1.2381
3780 1.22844
3790 1.21974
3800 1.21146
3810 1.20314
3820 1.19456
3830 1.18424
3840 1.17556
3850 1.16725
3860 1.15912
3870 1.14958
3880 1.14135
3890 1.13316
3900 1.12559
3910 1.11745
3920 1.10978
3930 1.10131
3940 1.09224
3950 1.08326
3960 1.07531
3970 1.06751
3980 1.05944
3990 1.05177
4000 1.04493
4010 1.03805
4020 1.03117
4030 1.02338
4040 1.01619
4050 1.00854
4060 1.00002
4070 0.993232
4080 0.986531
4090 0.980151
4100 0.97244
4110 0.965932
4120 0.959376
4130 0.952492
4140 0.944522
4150 0.937721
4160 0.929916
4170 0.923502
4180 0.916956
4190 0.91037
4200 0.904117
4210 0.897875
4220 0.891514
4230 0.88544
4240 0.878202
4250 0.871336
4260 0.863669
4270 0.857417
4280 0.850617
4290 0.844627
4300 0.839262
4310 0.832877
4320 0.827037
4330 0.820559
4340 0.813919
4350 0.808603
4360 0.803426
4370 0.798439
4380 0.7928
4390 0.786794
4400 0.780886
4410 0.775005
4420 0.769212
4430 0.763245
4440 0.757551
4450 0.752126
4460 0.747092
4470 0.74169
4480 0.736729
4490 0.73139
4500 0.726949
4510 0.721235
4520 0.715719
4530 0.710073
4540 0.705093
4550 0.699759
4560 0.694519
4570 0.689216
4580 0.684024
4590 0.679318
4600 0.673502
4610 0.66841
4620 0.662927
4630 0.658401
4640 0.653414
4650 0.649105
4660 0.645348
4670 0.641393
4680 0.637179
4690 0.633383
4700 0.62935
4710 0.624714
4720 0.620405
4730 0.615593
4740 0.610763
4750 0.606061
4760 0.601547
4770 0.597136
4780 0.592518
4790 0.5876
4800 0.584184
4810 0.579807
4820 0.575228
4830 0.571353
4840 0.567885
4850 0.564214
4860 0.560373
4870 0.556557
4880 0.552515
4890 0.549286
4900 0.545322
4910 0.541918
4920 0.53846
4930 0.534729
4940 0.531548
4950 0.526795
4960 0.523476
4970 0.519874
4980 0.51603
4990 0.512576
5000 0.509222
5010 0.50568
5020 0.501795
5030 0.498816
5040 0.495289
5050 0.492229
5060 0.488233
5070 0.485184
5080 0.481823
5090 0.478581
5100 0.474963
5110 0.472247
5120 0.468725
5130 0.464894
5140 0.460985
5150 0.457501
5160 0.455065
5170 0.452192
5180 0.449038
5190 0.445587
5200 0.442543
5210 0.439415
5220 0.436938
5230 0.434684
5240 0.431001
5250 0.427699
5260 0.424961
5270 0.422329
5280 0.420097
5290 0.417601
5300 0.414619
5310 0.412334
5320 0.409767
5330 0.406582
5340 0.404397
5350 0.402101
5360 0.399277
5370 0.396375
5380 0.393755
5390 0.391429
5400 0.388545
5410 0.385553
5420 0.383825
5430 0.381456
5440 0.379407
5450 0.37738
5460 0.374868
5470 0.372466
5480 0.371052
5490 0.368236
5500 0.366235
5510 0.363187
5520 0.360675
5530 0.358158
5540 0.355611
5550 0.353232
5560 0.350687
5570 0.348221
5580 0.345642
5590 0.343749
5600 0.341216
5610 0.339874
5620 0.337476
5630 0.335092
5640 0.332241
5650 0.330554
5660 0.328031
5670 0.326273
5680 0.32431
5690 0.322197
5700 0.319708
5710 0.317041
5720 0.315426
5730 0.31349
5740 0.312093
5750 0.309901
5760 0.308545
5770 0.306508
5780 0.305048
5790 0.302499
5800 0.300862
5810 0.298466
5820 0.296339
5830 0.294944
5840 0.292873
5850 0.290819
5860 0.288074
5870 0.285702
5880 0.284687
5890 0.282261
5900 0.281461
5910 0.279884
5920 0.278106
5930 0.276309
5940 0.274702
5950 0.272769
5960 0.271258
5970 0.26961
5980 0.268363
5990 0.266756
6000 0.264974
6010 0.263645
6020 0.262259
6030 0.260022
6040 0.258636
6050 0.25733
6060 0.255851
6070 0.25384
6080 0.252082
6090 0.250226
6100 0.248202
6110 0.246409
6120 0.245224
6130 0.243381
6140 0.241952
6150 0.240174
6160 0.239017
6170 0.238269
6180 0.236721
6190 0.23547
6200 0.234484
6210 0.233702
6220 0.232419
6230 0.231274
6240 0.230006
6250 0.22894
6260 0.227001
6270 0.22486
6280 0.222766
6290 0.220702
6300 0.219523
6310 0.217931
6320 0.216007
6330 0.214611
6340 0.212849
6350 0.21166
6360 0.210065
6370 0.209275
6380 0.208178
6390 0.206627
6400 0.205396
6410 0.205237
6420 0.204265
6430 0.203074
6440 0.201627
6450 0.200068
6460 0.199209
6470 0.197976
6480 0.196519
6490 0.19485
6500 0.193525
6510 0.192873
6520 0.191984
6530 0.190964
6540 0.1892
6550 0.188412
6560 0.187055
6570 0.185986
6580 0.184442
6590 0.182991
6600 0.181772
6610 0.180608
6620 0.180223
6630 0.179014
6640 0.178039
6650 0.177179
6660 0.176357
6670 0.175029
6680 0.17468
6690 0.173763
6700 0.173424
6710 0.172556
6720 0.171712
6730 0.1707
6740 0.169593
6750 0.169355
6760 0.168285
6770 0.167678
6780 0.166669
6790 0.165675
6800 0.164825
6810 0.163429
6820 0.16318
6830 0.162111
6840 0.160962
6850 0.160142
6860 0.15917
6870 0.158211
6880 0.157603
6890 0.156303
6900 0.15574
6910 0.154875
6920 0.154566
6930 0.154994
6940 0.15338
6950 0.152564
6960 0.15217
6970 0.151851
6980 0.151021
6990 0.150874
7000 0.150741
7010 0.149874
7020 0.148666
7030 0.148545
7040 0.148112
7050 0.147569
7060 0.146683
7070 0.146268
7080 0.145754
7090 0.145725
7100 0.145128
7110 0.144605
7120 0.144383
7130 0.143907
7140 0.143942
7150 0.143637
7160 0.142903
7170 0.14279
7180 0.143011
7190 0.14173
7200 0.141189
7210 0.140575
7220 0.140346
7230 0.139606
7240 0.138546
7250 0.138306
7260 0.137898
7270 0.137336
7280 0.136706
7290 0.136436
7300 0.13569
7310 0.135358
7320 0.135364
7330 0.134724
7340 0.135064
7350 0.134503
7360 0.134195
7370 0.133874
7380 0.133661
7390 0.133227
7400 0.133214
7410 0.132596
7420 0.132378
7430 0.13121
7440 0.131464
7450 0.130996
7460 0.130782
7470 0.129875
7480 0.129328
7490 0.128538
7500 0.127551
7510 0.127239
7520 0.126682
7530 0.126983
7540 0.125949
7550 0.125587
7560 0.125159
7570 0.124749
7580 0.123977
7590 0.123482
7600 0.123244
7610 0.123162
7620 0.122803
7630 0.122787
7640 0.122553
7650 0.121856
7660 0.121625
7670 0.12146
7680 0.12116
7690 0.120446
7700 0.120302
7710 0.11956
7720 0.119537
7730 0.119387
7740 0.118826
7750 0.118284
7760 0.118531
7770 0.118955
7780 0.118288
7790 0.118025
7800 0.118352
7810 0.118421
7820 0.118291
7830 0.118424
7840 0.118301
7850 0.1175
7860 0.117074
7870 0.117137
7880 0.11645
7890 0.116831
7900 0.116327
7910 0.11632
7920 0.115701
7930 0.115295
7940 0.114796
7950 0.114821
7960 0.115201
7970 0.114567
7980 0.1145
7990 0.114079
8000 0.114201
8010 0.114068
8020 0.114154
8030 0.114659
8040 0.115018
8050 0.114829
8060 0.114868
8070 0.114788
8080 0.114401
8090 0.11452
8100 0.113814
8110 0.113326
8120 0.112558
8130 0.111701
8140 0.111807
8150 0.11191
8160 0.111004
8170 0.111253
8180 0.11076
8190 0.11004
8200 0.109989
8210 0.109295
8220 0.109119
8230 0.108901
8240 0.108571
8250 0.108559
8260 0.108486
8270 0.10789
8280 0.108317
8290 0.109066
8300 0.108801
8310 0.108212
8320 0.10839
8330 0.108399
8340 0.108037
8350 0.107309
8360 0.107579
8370 0.10784
8380 0.108433
8390 0.10801
8400 0.107324
8410 0.107532
8420 0.107792
8430 0.107697
8440 0.108138
8450 0.107942
8460 0.107968
8470 0.107668
8480 0.107639
8490 0.108146
8500 0.108436
8510 0.108194
8520 0.107685
8530 0.107618
8540 0.107695
8550 0.107965
8560 0.107051
8570 0.10683
8580 0.105898
8590 0.105762
8600 0.105879
8610 0.104974
8620 0.104805
8630 0.105093
8640 0.104936
8650 0.104684
8660 0.10428
8670 0.104041
8680 0.103821
8690 0.104131
8700 0.103599
8710 0.103779
8720 0.10419
8730 0.104204
8740 0.104394
8750 0.103219
8760 0.103294
8770 0.102308
8780 0.10239
8790 0.10186
8800 0.101514
8810 0.102267
8820 0.101513
8830 0.100818
8840 0.100473
8850 0.0995649
8860 0.0990543
8870 0.100055
8880 0.100539
8890 0.100766
8900 0.100628
8910 0.100378
8920 0.0996324
8930 0.0991651
8940 0.0986354
8950 0.0984551
8960 0.0981832
8970 0.0975653
8980 0.0978945
8990 0.0989709
9000 0.0989454
9010 0.0995076
9020 0.0990223
9030 0.0981586
9040 0.0980674
9050 0.0977935
9060 0.0972414
9070 0.0972611
9080 0.0976419
9090 0.098494
9100 0.0989509
9110 0.0986734
9120 0.0989904
9130 0.0996012
9140 0.0994031
9150 0.099551
9160 0.0989096
9170 0.0986412
9180 0.0983278
9190 0.0983834
9200 0.0985584
9210 0.09863
9220 0.0982732
9230 0.098401
9240 0.0988081
9250 0.0988638
9260 0.0988164
9270 0.0994862
9280 0.0991129
9290 0.0990301
9300 0.0991984
9310 0.0988231
9320 0.0986943
9330 0.0986492
9340 0.0981108
9350 0.0984003
9360 0.0980279
9370 0.0977453
9380 0.0981464
9390 0.0973629
9400 0.097385
9410 0.0976092
9420 0.0975316
9430 0.0974701
9440 0.0976886
9450 0.0973771
9460 0.0977392
9470 0.0979504
9480 0.097965
9490 0.0980827
9500 0.0969231
9510 0.0970892
9520 0.0969263
9530 0.0971761
9540 0.0963702
9550 0.0956278
9560 0.0955324
9570 0.096071
9580 0.0953737
9590 0.0952303
9600 0.0951054
9610 0.0942055
9620 0.0941455
9630 0.0941454
9640 0.0943331
9650 0.0944405
9660 0.0950104
9670 0.0947915
9680 0.0953203
9690 0.0953775
9700 0.095954
9710 0.0958292
9720 0.0956231
9730 0.0960561
9740 0.0955402
9750 0.0952799
9760 0.0951028
9770 0.0952286
9780 0.0946149
9790 0.0944668
9800 0.0941512
9810 0.0942703
9820 0.0937597
9830 0.0934646
9840 0.0935425
9850 0.0934984
9860 0.0938372
9870 0.0942922
9880 0.094033
9890 0.0936993
9900 0.0941691
9910 0.0935912
9920 0.094047
9930 0.0940693
9940 0.094178
9950 0.0941271
9960 0.0940404
9970 0.0948158
9980 0.0953288
9990 0.0951522
10000 0.094679
10010 0.0942754
10020 0.0946189
10030 0.094292
10040 0.0945619
10050 0.0942117
10060 0.0945215
10070 0.0944025
10080 0.0942241
10090 0.0942819
10100 0.094692
10110 0.0938441
10120 0.0934821
10130 0.0936323
10140 0.0933413
10150 0.0932055
10160 0.0931067
10170 0.0926283
10180 0.0931916
10190 0.0930746
10200 0.0934075
10210 0.0930027
10220 0.0940004
10230 0.0936605
10240 0.0926651
10250 0.0929708
10260 0.0931109
10270 0.0932344
10280 0.0924861
10290 0.0932332
10300 0.0929506
10310 0.0930647
10320 0.0934471
10330 0.0938419
10340 0.094787
10350 0.093935
10360 0.0942948
10370 0.0948298
10380 0.0950273
10390 0.0948706
10400 0.0948108
10410 0.0958764
10420 0.0965392
10430 0.0966304
10440 0.0959025
10450 0.0957806
10460 0.0960755
10470 0.0966337
10480 0.0966578
10490 0.097635
10500 0.0977765
10510 0.0984602
10520 0.0985679
10530 0.0994418
10540 0.0986814
10550 0.0987816
10560 0.0994714
10570 0.09946
10580 0.0992136
10590 0.098793
10600 0.0979632
10610 0.096892
10620 0.0962387
10630 0.0963093
10640 0.0960234
10650 0.0956958
10660 0.0959239
10670 0.0952162
10680 0.0947667
10690 0.0947025
10700 0.0944156
10710 0.0949898
10720 0.0943977
10730 0.0949981
10740 0.0954937
10750 0.0956688
10760 0.0953122
10770 0.0945907
10780 0.0944363
10790 0.0938827
10800 0.0947101
10810 0.0950478
10820 0.0948426
10830 0.0945525
10840 0.0948092
10850 0.0940489
10860 0.0939616
10870 0.0937399
10880 0.0941898
10890 0.0940275
10900 0.0940433
10910 0.0945697
10920 0.0942283
10930 0.0957623
10940 0.0955041
10950 0.0955966
10960 0.095476
10970 0.0946959
10980 0.0948101
10990 0.0941538
11000 0.0940086
11010 0.0946112
11020 0.0949428
11030 0.0953668
11040 0.0953839
11050 0.0953107
11060 0.0958421
11070 0.0955537
11080 0.0958511
11090 0.0955906
11100 0.0953525
11110 0.0950346
11120 0.0952622
11130 0.0947024
11140 0.0945155
11150 0.095062
11160 0.0947418
11170 0.0951544
11180 0.0951592
11190 0.0960128
11200 0.095532
11210 0.0955992
11220 0.0959396
11230 0.0964305
11240 0.0968186
11250 0.097333
11260 0.0973857
11270 0.0972674
11280 0.0966826
11290 0.0968256
11300 0.0971378
11310 0.0970425
11320 0.0969696
11330 0.0971839
11340 0.0971115
11350 0.0973859
11360 0.0969638
11370 0.0977912
11380 0.0980358
11390 0.0980475
11400 0.0983075
11410 0.0987034
11420 0.098444
11430 0.0982523
11440 0.0980644
11450 0.0974505
11460 0.0975633
11470 0.0962205
11480 0.0959822
11490 0.0962842
11500 0.0966934
11510 0.0966354
11520 0.0963304
11530 0.0962945
11540 0.0954043
11550 0.0950291
11560 0.095016
11570 0.0950697
11580 0.0954561
11590 0.0952473
11600 0.0952961
11610 0.0954364
11620 0.0964274
11630 0.097041
11640 0.0966521
11650 0.0970138
11660 0.0969168
11670 0.0972157
11680 0.0965034
11690 0.0966558
11700 0.0967909
11710 0.0966036
11720 0.0964887
11730 0.0965174
11740 0.0977344
11750 0.0977484
11760 0.0983706
11770 0.0984246
11780 0.0988787
11790 0.098672
11800 0.0990645
11810 0.100039
11820 0.100284
11830 0.1006
11840 0.101419
11850 0.101454
11860 0.10045
11870 0.100168
11880 0.0998104
11890 0.0999204
11900 0.0996879
11910 0.0993089
11920 0.0996838
11930 0.1
11940 0.10022
11950 0.10034
11960 0.09998
11970 0.0995645
11980 0.0996335
11990 0.0991023
12000 0.0996068
12010 0.100259
12020 0.100218
12030 0.100685
12040 0.100685
12050 0.101951
12060 0.101818
12070 0.101763
12080 0.101648
12090 0.101816
12100 0.101305
12110 0.101878
12120 0.101879
12130 0.101443
12140 0.10187
12150 0.101686
12160 0.101247
12170 0.101213
12180 0.101237
12190 0.100831
12200 0.101132
12210 0.100544
12220 0.0999223
12230 0.0997845
12240 0.0995249
12250 0.0992403
12260 0.0983842
12270 0.0976532
12280 0.096839
12290 0.097393
12300 0.0972361
12310 0.0977655
12320 0.0983025
12330 0.0991941
12340 0.0986158
12350 0.0978239
12360 0.0974361
12370 0.0975891
12380 0.0982814
12390 0.0982035
12400 0.0982879
12410 0.0989913
12420 0.0988752
12430 0.099132
12440 0.0986844
12450 0.0980542
12460 0.0979798
12470 0.097876
12480 0.0980314
12490 0.0977147
12500 0.0976355
12510 0.0984187
12520 0.0987408
12530 0.0986136
12540 0.0985412
12550 0.0994694
12560 0.099499
12570 0.0985488
12580 0.097555
12590 0.0978021
12600 0.0975654
12610 0.0973651
12620 0.0978149
12630 0.0979254
12640 0.0976247
12650 0.0981832
12660 0.0970755
12670 0.0970487
12680 0.0974536
12690 0.0975216
12700 0.0975447
12710 0.097995
12720 0.0983617
12730 0.09889
12740 0.0990192
12750 0.098751
12760 0.0984537
12770 0.09798
12780 0.09824
12790 0.0983892
12800 0.0980424
12810 0.0979817
12820 0.0976285
12830 0.0968727
12840 0.0965293
12850 0.0969193
12860 0.0969155
12870 0.0966938
12880 0.0979932
12890 0.0984105
12900 0.0983454
12910 0.0990918
12920 0.0990078
12930 0.0993939
12940 0.0991333
12950 0.0999997
12960 0.100537
12970 0.101237
12980 0.101241
12990 0.100755
13000 0.0999564
13010 0.0998575
13020 0.0998332
13030 0.0994036
13040 0.0993662
13050 0.0989083
13060 0.0983318
13070 0.0986127
13080 0.097985
13090 0.0973301
13100 0.0967245
13110 0.0963704
13120 0.0969257
13130 0.097459
13140 0.0968929
13150 0.0967203
13160 0.0964717
13170 0.0970445
13180 0.097641
13190 0.0982534
13200 0.0978632
13210 0.0971823
13220 0.0972822
13230 0.0972865
13240 0.0967673
13250 0.0971292
13260 0.0970182
13270 0.0970365
13280 0.0968276
13290 0.0978894
13300 0.0980929
13310 0.0985452
13320 0.0987108
13330 0.0985742
13340 0.0981484
13350 0.0979194
13360 0.098022
13370 0.0982254
13380 0.0984007
13390 0.0976159
13400 0.0975301
13410 0.0973841
13420 0.0972399
13430 0.0974243
13440 0.0972515
13450 0.0980538
13460 0.0979368
13470 0.0976822
13480 0.0977381
13490 0.0978368
13500 0.0987056
13510 0.0986214
13520 0.0989352
13530 0.0983034
13540 0.0986793
13550 0.0981265
13560 0.0976383
13570 0.0980141
13580 0.0980614
13590 0.0980363
13600 0.098225
13610 0.0984196
13620 0.0987679
13630 0.0990749
13640 0.0990045
13650 0.0987379
13660 0.0985049
13670 0.0989204
13680 0.0996799
13690 0.0996924
13700 0.100902
13710 0.101139
13720 0.10113
13730 0.10206
13740 0.102338
13750 0.102724
13760 0.102883
13770 0.102897
13780 0.102171
13790 0.101691
13800 0.10247
13810 0.102096
13820 0.100995
13830 0.100651
13840 0.100573
13850 0.101389
13860 0.101539
13870 0.101133
13880 0.101464
13890 0.101337
13900 0.102037
13910 0.10158
13920 0.102562
13930 0.102859
13940 0.102391
13950 0.102287
13960 0.101484
13970 0.101582
13980 0.101424
13990 0.102186
14000 0.10206
14010 0.102697
14020 0.103255
14030 0.103584
14040 0.102857
14050 0.103098
14060 0.102846
14070 0.103471
14080 0.103785
14090 0.10357
14100 0.103536
14110 0.103684
14120 0.103823
14130 0.10284
14140 0.102983
14150 0.102696
14160 0.102755
14170 0.102904
14180 0.102687
14190 0.102019
14200 0.102107
14210 0.101855
14220 0.100851
14230 0.100768
14240 0.100478
14250 0.100359
14260 0.100035
14270 0.10025
14280 0.1007
14290 0.100632
14300 0.100803
14310 0.100472
14320 0.100334
14330 0.0997615
14340 0.0995765
14350 0.100203
14360 0.100122
14370 0.0993959
14380 0.0988439
14390 0.0987652
14400 0.0987687
14410 0.09929
14420 0.0996775
14430 0.10037
14440 0.100389
14450 0.100559
14460 0.100262
14470 0.100837
14480 0.100418
14490 0.0999379
14500 0.100392
14510 0.100696
14520 0.100807
14530 0.10052
14540 0.100186
14550 0.100025
14560 0.100055
14570 0.0999925
14580 0.100066
14590 0.100298
14600 0.100066
14610 0.0993968
14620 0.0989443
14630 0.0985314
14640 0.0982477
14650 0.0984698
14660 0.0979318
14670 0.0982853
14680 0.0992039
14690 0.0991442
14700 0.0998908
14710 0.0996968
14720 0.0993188
14730 0.0999199
14740 0.099724
14750 0.10048
14760 0.10067
14770 0.100731
14780 0.100543
14790 0.100988
14800 0.10073
14810 0.100985
14820 0.100937
14830 0.101145
14840 0.101612
14850 0.102015
14860 0.101977
14870 0.100868
14880 0.100634
14890 0.0997799
14900 0.100326
14910 0.100485
14920 0.100624
14930 0.10177
14940 0.101523
14950 0.100675
14960 0.100906
14970 0.101072
14980 0.101661
14990 0.101439
15000 0.102216
15010 0.10235
15020 0.101694
15030 0.102123
15040 0.102482
15050 0.102599
15060 0.102708
15070 0.102224
15080 0.102433
15090 0.10247
15100 0.102504
15110 0.102312
15120 0.102732
15130 0.101799
15140 0.101415
15150 0.101084
15160 0.100876
15170 0.101024
15180 0.101153
15190 0.101429
15200 0.101095
15210 0.101256
15220 0.102093
15230 0.102284
15240 0.10185
15250 0.102078
15260 0.102278
15270 0.10302
15280 0.103274
15290 0.102438
15300 0.102348
15310 0.101555
15320 0.102223
15330 0.102683
15340 0.103011
15350 0.102135
15360 0.102172
15370 0.101762
15380 0.102657
15390 0.102445
15400 0.102208
15410 0.101353
15420 0.102229
15430 0.1025
15440 0.102272
15450 0.102223
15460 0.102529
15470 0.102509
15480 0.101682
15490 0.101607
15500 0.101851
15510 0.101999
15520 0.101812
15530 0.101214
15540 0.101775
15550 0.101677
15560 0.100651
15570 0.100018
15580 0.0983833
15590 0.0980337
15600 0.0982637
15610 0.0985295
15620 0.0981802
15630 0.0974736
15640 0.0977749
15650 0.0972496
15660 0.0972072
15670 0.0977461
15680 0.0975069
15690 0.0971017
15700 0.0974235
15710 0.0972471
15720 0.0972976
15730 0.0971211
15740 0.0972912
15750 0.0971975
15760 0.0972141
15770 0.097687
15780 0.0972315
15790 0.0970232
15800 0.0975955
15810 0.0978777
15820 0.09782
15830 0.0968644
15840 0.0961835
15850 0.0967825
15860 0.0964824
15870 0.0965095
15880 0.0970979
15890 0.0968883
15900 0.0971991
15910 0.0971236
15920 0.0971942
15930 0.0975685
15940 0.0972717
15950 0.097393
15960 0.0978719
15970 0.0973979
15980 0.0973759
15990 0.0971319
16000 0.0971962
16010 0.0977929
16020 0.0978931
16030 0.0975773
16040 0.0973073
16050 0.097812
16060 0.0978017
16070 0.0969193
16080 0.0973776
16090 0.096993
16100 0.096217
16110 0.0956564
16120 0.0953775
16130 0.0957384
16140 0.0956779
16150 0.0961554
16160 0.096446
16170 0.096461
16180 0.0965086
16190 0.0964419
16200 0.0966037
16210 0.0965808
16220 0.0966477
16230 0.0967763
16240 0.0969814
16250 0.0971433
16260 0.0962468
16270 0.0956254
16280 0.0952089
16290 0.0951314
16300 0.0952479
16310 0.0961158
16320 0.0962099
16330 0.0967194
16340 0.0963549
16350 0.0961997
16360 0.0963451
16370 0.0950852
16380 0.0955244
16390 0.0950522
16400 0.0943305
16410 0.094844
16420 0.0947895
16430 0.0950078
16440 0.0944382
16450 0.0943865
16460 0.0944606
16470 0.0945362
16480 0.0945239
16490 0.0945394
16500 0.0939475
16510 0.0943047
16520 0.0946549
16530 0.094195
16540 0.0940927
16550 0.0939377
16560 0.0946186
16570 0.0944583
16580 0.0950657
16590 0.09515
16600 0.0954593
16610 0.0947743
16620 0.0943636
16630 0.0943867
16640 0.0944091
16650 0.0946527
16660 0.09432
16670 0.0940058
16680 0.0934443
16690 0.0938385
16700 0.0937474
16710 0.0941888
16720 0.0939694
16730 0.0939698
16740 0.0938293
16750 0.0946367
16760 0.0956735
16770 0.0966111
16780 0.0965895
16790 0.0965279
16800 0.0969239
16810 0.096528
16820 0.0957574
16830 0.0952781
16840 0.0951661
16850 0.0951152
16860 0.0948878
16870 0.0941829
16880 0.0931922
16890 0.0928431
16900 0.0935955
16910 0.0935816
16920 0.094013
16930 0.0945115
16940 0.0946667
16950 0.0949186
16960 0.0947669
16970 0.0949893
16980 0.0951681
16990 0.0948703
17000 0.0950274
17010 0.0953971
17020 0.0962276
17030 0.0959031
17040 0.0958828
17050 0.0958349
17060 0.0953007
17070 0.0950555
17080 0.0946061
17090 0.0939644
17100 0.093873
17110 0.0941867
17120 0.0941112
17130 0.0940486
17140 0.0943265
17150 0.0951486
17160 0.0950862
17170 0.0941547
17180 0.0945768
17190 0.0938444
17200 0.0934345
17210 0.0931262
17220 0.0936708
17230 0.0936076
17240 0.093483
17250 0.0930569
17260 0.093557
17270 0.0942964
17280 0.0941359
17290 0.0944085
17300 0.0944259
17310 0.0943475
17320 0.0942539
17330 0.094505
17340 0.0940382
17350 0.0939795
17360 0.0945646
17370 0.0947425
17380 0.0942326
17390 0.0944789
17400 0.0935644
17410 0.0935734
17420 0.0928631
17430 0.093315
17440 0.0932148
17450 0.0928669
17460 0.0920325
17470 0.0926675
17480 0.0929228
17490 0.0936527
17500 0.0935467
17510 0.093804
17520 0.0934172
17530 0.0934434
17540 0.0931797
17550 0.0944062
17560 0.0943431
17570 0.0951426
17580 0.0954013
17590 0.0957201
17600 0.0955115
17610 0.0957977
17620 0.096263
17630 0.0968163
17640 0.0972603
17650 0.0971817
17660 0.0973651
17670 0.0975746
17680 0.0974925
17690 0.0969879
17700 0.0964874
17710 0.0955801
17720 0.0959778
17730 0.0965411
17740 0.0968644
17750 0.0967305
17760 0.0969061
17770 0.0965824
17780 0.0962344
17790 0.0958068
17800 0.0962768
17810 0.096439
17820 0.096186
17830 0.0954925
17840 0.0957946
17850 0.0951152
17860 0.0943108
17870 0.0938078
17880 0.0937923
17890 0.0935957
17900 0.0941731
17910 0.0938138
17920 0.0941288
17930 0.0940751
17940 0.0944113
17950 0.0948326
17960 0.0950892
17970 0.0948056
17980 0.0946307
17990 0.0951702
18000 0.0959821
18010 0.0968033
18020 0.0962888
18030 0.0961595
18040 0.0962308
18050 0.0962086
18060 0.0964081
18070 0.0964179
18080 0.0964794
18090 0.0981243
18100 0.0980986
18110 0.0983724
18120 0.0976848
18130 0.0974613
18140 0.0972624
18150 0.0973993
18160 0.0971993
18170 0.0975167
18180 0.0972321
18190 0.0971132
18200 0.0971791
18210 0.0970318
18220 0.0970647
18230 0.0973059
18240 0.0974828
18250 0.0981326
18260 0.0983273
18270 0.0980211
18280 0.0976167
18290 0.096819
18300 0.0967639
18310 0.0973278
18320 0.0967767
18330 0.0965595
18340 0.0959054
18350 0.0954218
18360 0.0957722
18370 0.0951395
18380 0.0951834
18390 0.0951858
18400 0.0951423
18410 0.0952833
18420 0.0956297
18430 0.0962152
18440 0.0957053
18450 0.0958645
18460 0.0957332
18470 0.0957189
18480 0.0947479
18490 0.0946133
18500 0.0947389
18510 0.0946633
18520 0.0945629
18530 0.0941833
18540 0.0943964
18550 0.0944578
18560 0.0947264
18570 0.0945839
18580 0.0945097
18590 0.0946109
18600 0.0935745
18610 0.0941115
18620 0.094177
18630 0.0949013
18640 0.0957465
18650 0.0957314
18660 0.0962508
18670 0.0966018
18680 0.0975678
18690 0.0978058
18700 0.0970589
18710 0.0966624
18720 0.097083
18730 0.0977135
18740 0.0970832
18750 0.0965429
18760 0.0964162
18770 0.0968071
18780 0.0970336
18790 0.0976139
18800 0.0970871
18810 0.0976767
18820 0.0969545
18830 0.0970121
18840 0.0965011
18850 0.0959006
18860 0.0962661
18870 0.0963661
18880 0.0965822
18890 0.0960094
18900 0.0958725
18910 0.0960563
18920 0.0961607
18930 0.0957854
18940 0.0965205
18950 0.0966279
18960 0.0966011
18970 0.0961173
18980 0.0969564
18990 0.0970255
19000 0.0970061
19010 0.097367
19020 0.0967559
19030 0.0953451
19040 0.0961532
19050 0.0957532
19060 0.0955866
19070 0.0962552
19080 0.096653
19090 0.0965196
19100 0.0967454
19110 0.0963922
19120 0.0968003
19130 0.0966328
19140 0.0971402
19150 0.0972017
19160 0.0971418
19170 0.0972137
19180 0.0971312
19190 0.0963473
19200 0.0963974
19210 0.0966727
19220 0.0962613
19230 0.0959133
19240 0.0959019
19250 0.0959823
19260 0.0965357
19270 0.0964395
19280 0.0972094
19290 0.0975627
19300 0.0972206
19310 0.0966023
19320 0.0968112
19330 0.0968961
19340 0.0964794
19350 0.0962706
19360 0.0969831
19370 0.0973243
19380 0.096813
19390 0.0970183
19400 0.0971166
19410 0.0967284
19420 0.0965389
19430 0.0964037
19440 0.0965402
19450 0.0972088
19460 0.0966597
19470 0.0963727
19480 0.0959476
19490 0.0961272
19500 0.0959644
19510 0.0962829
19520 0.0960707
19530 0.09666
19540 0.0970743
19550 0.0964811
19560 0.0964636
19570 0.0962315
19580 0.0961321
19590 0.0958909
19600 0.0962531
19610 0.0968754
19620 0.0962943
19630 0.0964044
19640 0.0973767
19650 0.0976005
19660 0.0982568
19670 0.097738
19680 0.0967877
19690 0.0961129
19700 0.095966
19710 0.0955943
19720 0.0958823
19730 0.0964445
19740 0.0962384
19750 0.0956073
19760 0.0967076
19770 0.0964733
19780 0.0966118
19790 0.0960393
19800 0.0962595
19810 0.0958188
19820 0.0962579
19830 0.0957728
19840 0.0959225
19850 0.0956299
19860 0.0953677
19870 0.0948741
19880 0.0953476
19890 0.0955748
19900 0.0955607
19910 0.0952157
19920 0.0953131
19930 0.0955135
19940 0.0959867
19950 0.0963555
19960 0.0965217
19970 0.0960164
19980 0.0959161
19990 0.0955531
20000 0.0951882
