1 10.7849
2 10.7208
3 10.6257
4 10.527
5 10.4135
6 10.2709
7 10.151
8 10.0582
9 10.0113
10 9.8858
11 9.77846
12 9.65354
13 9.59109
14 9.46096
15 9.40264
16 9.29522
17 9.23829
18 9.15281
19 9.02813
20 8.94603
21 8.84365
22 8.74839
23 8.63849
24 8.51918
25 8.42853
26 8.31544
27 8.23514
28 8.17813
29 8.09269
30 8.03362
31 7.94435
32 7.8182
33 7.76699
34 7.72138
35 7.65412
36 7.5839
37 7.53161
38 7.50257
39 7.4156
40 7.36135
41 7.29911
42 7.1753
43 7.12616
44 7.07617
45 7.00304
46 6.93103
47 6.85512
48 6.78017
49 6.71015
50 6.66154
51 6.57559
52 6.52876
53 6.45767
54 6.39845
55 6.3679
56 6.30851
57 6.25444
58 6.20504
59 6.16448
60 6.11991
61 6.07241
62 6.01163
63 5.96077
64 5.89032
65 5.83771
66 5.74699
67 5.713
68 5.65681
69 5.62899
70 5.60427
71 5.57191
72 5.50116
73 5.46287
74 5.40819
75 5.36835
76 5.3238
77 5.2684
78 5.21545
79 5.14215
80 5.1
81 5.08695
82 5.01742
83 4.9777
84 4.92944
85 4.86193
86 4.83763
87 4.7904
88 4.75491
89 4.71437
90 4.67381
91 4.64865
92 4.6105
93 4.58141
94 4.5542
95 4.51802
96 4.49424
97 4.45765
98 4.42978
99 4.41034
100 4.38754
101 4.36676
102 4.33274
103 4.28347
104 4.23687
105 4.18719
106 4.1631
107 4.11982
108 4.09042
109 4.0513
110 4.03948
111 4.01129
112 3.98496
113 3.95005
114 3.91329
115 3.88234
116 3.83987
117 3.8001
118 3.76759
119 3.73293
120 3.70724
121 3.67227
122 3.63632
123 3.6237
124 3.59478
125 3.56961
126 3.54462
127 3.50534
128 3.4743
129 3.43827
130 3.41092
131 3.38023
132 3.35178
133 3.31325
134 3.28324
135 3.25457
136 3.22506
137 3.20066
138 3.17733
139 3.15657
140 3.14315
141 3.10758
142 3.07106
143 3.04583
144 3.02116
145 2.99429
146 2.97195
147 2.95542
148 2.92937
149 2.88722
150 2.85937
151 2.84366
152 2.82102
153 2.79119
154 2.77059
155 2.75672
156 2.72393
157 2.69976
158 2.68051
159 2.66225
160 2.64481
161 2.63341
162 2.61694
163 2.59983
164 2.58949
165 2.56875
166 2.54284
167 2.53435
168 2.51777
169 2.49034
170 2.47157
171 2.45622
172 2.42731
173 2.41291
174 2.39742
175 2.38558
176 2.36945
177 2.34392
178 2.32187
179 2.30568
180 2.2905
181 2.2648
182 2.24218
183 2.22548
184 2.19888
185 2.1903
186 2.16769
187 2.1535
188 2.13834
189 2.11657
190 2.09598
191 2.07138
192 2.05538
193 2.01349
194 1.9878
195 1.97736
196 1.9665
197 1.9551
198 1.93639
199 1.92707
200 1.90144
201 1.88882
202 1.86516
203 1.85402
204 1.84288
205 1.83624
206 1.82031
207 1.80872
208 1.79575
209 1.77614
210 1.76862
211 1.75451
212 1.74212
213 1.73201
214 1.7135
215 1.70299
216 1.68239
217 1.6609
218 1.6505
219 1.635
220 1.62711
221 1.60823
222 1.59952
223 1.58474
224 1.56247
225 1.5535
226 1.54682
227 1.52721
228 1.52175
229 1.51432
230 1.50091
231 1.48837
232 1.48327
233 1.48087
234 1.46921
235 1.46254
236 1.45171
237 1.44265
238 1.42831
239 1.41197
240 1.4037
241 1.3947
242 1.38193
243 1.37011
244 1.3539
245 1.3401
246 1.32308
247 1.30699
248 1.29848
249 1.29253
250 1.28106
251 1.27647
252 1.26603
253 1.25285
254 1.24545
255 1.23842
256 1.23351
257 1.22382
258 1.21314
259 1.20937
260 1.20081
261 1.19544
262 1.18511
263 1.18192
264 1.1713
265 1.16521
266 1.1593
267 1.15101
268 1.14158
269 1.13135
270 1.12433
271 1.11245
272 1.10265
273 1.09559
274 1.08938
275 1.08411
276 1.07934
277 1.07266
278 1.0661
279 1.05875
280 1.05414
281 1.04155
282 1.03309
283 1.02845
284 1.02154
285 1.01512
286 1.00537
287 1.00104
288 0.991928
289 0.984598
290 0.974233
291 0.968497
292 0.962413
293 0.951536
294 0.944278
295 0.939007
296 0.934801
297 0.926473
298 0.919159
299 0.91407
300 0.904528
301 0.89891
302 0.895641
303 0.890683
304 0.880296
305 0.87324
306 0.871059
307 0.862947
308 0.856297
309 0.851916
310 0.843352
311 0.835303
312 0.830671
313 0.820936
314 0.816092
315 0.810957
316 0.81023
317 0.805715
318 0.803004
319 0.798058
320 0.794122
321 0.790168
322 0.787391
323 0.785223
324 0.780187
325 0.774981
326 0.76597
327 0.757711
328 0.753635
329 0.746409
330 0.735785
331 0.731544
332 0.723098
333 0.716866
334 0.710725
335 0.707743
336 0.697684
337 0.687408
338 0.682347
339 0.674478
340 0.66745
341 0.662331
342 0.658269
343 0.655542
344 0.649354
345 0.642924
346 0.636561
347 0.629127
348 0.623606
349 0.620047
350 0.61702
351 0.614464
352 0.612772
353 0.610859
354 0.60489
355 0.599483
356 0.601548
357 0.599058
358 0.596144
359 0.591266
360 0.588171
361 0.58476
362 0.581388
363 0.57454
364 0.572632
365 0.568638
366 0.56646
367 0.56467
368 0.560338
369 0.557474
370 0.55741
371 0.55425
372 0.546549
373 0.540864
374 0.540247
375 0.536415
376 0.535142
377 0.531116
378 0.529884
379 0.527202
380 0.522088
381 0.519302
382 0.510896
383 0.510621
384 0.504991
385 0.502454
386 0.49938
387 0.497303
388 0.48941
389 0.48701
390 0.48571
391 0.482957
392 0.481387
393 0.480526
394 0.477384
395 0.476389
396 0.476533
397 0.474832
398 0.469335
399 0.467261
400 0.465505
401 0.465
402 0.463014
403 0.460569
404 0.456406
405 0.453517
406 0.452134
407 0.448245
408 0.445229
409 0.440911
410 0.440079
411 0.430166
412 0.426009
413 0.424972
414 0.422762
415 0.422428
416 0.420751
417 0.419794
418 0.416274
419 0.413327
420 0.413859
421 0.410474
422 0.405516
423 0.399929
424 0.39617
425 0.39184
426 0.391341
427 0.392022
428 0.386039
429 0.386632
430 0.384226
431 0.380895
432 0.381489
433 0.377303
434 0.376764
435 0.372647
436 0.370112
437 0.370021
438 0.366408
439 0.364702
440 0.363217
441 0.362301
442 0.359452
443 0.357094
444 0.356661
445 0.354331
446 0.352933
447 0.349608
448 0.350122
449 0.350732
450 0.345957
451 0.348273
452 0.346988
453 0.34457
454 0.341159
455 0.338172
456 0.339271
457 0.340978
458 0.335178
459 0.335153
460 0.332845
461 0.334771
462 0.333491
463 0.332444
464 0.331488
465 0.324817
466 0.318169
467 0.314479
468 0.31588
469 0.313837
470 0.308588
471 0.308304
472 0.30694
473 0.304164
474 0.306613
475 0.308741
476 0.303277
477 0.301559
478 0.301195
479 0.298885
480 0.293911
481 0.292454
482 0.292158
483 0.290651
484 0.288907
485 0.287903
486 0.287467
487 0.290214
488 0.289765
489 0.289527
490 0.289998
491 0.288965
492 0.288274
493 0.287516
494 0.287677
495 0.28167
496 0.279898
497 0.276065
498 0.272693
499 0.271795
500 0.27175
501 0.2739
502 0.271302
503 0.266972
504 0.263525
505 0.263717
506 0.262952
507 0.260762
508 0.261842
509 0.260365
510 0.258249
511 0.256677
512 0.252598
513 0.24764
514 0.247432
515 0.250015
516 0.249253
517 0.245592
518 0.247674
519 0.242608
520 0.238366
521 0.236911
522 0.237018
523 0.236004
524 0.234677
525 0.233595
526 0.23207
527 0.232498
528 0.232245
529 0.230949
530 0.227243
531 0.228253
532 0.225454
533 0.224767
534 0.225427
535 0.221115
536 0.219907
537 0.217237
538 0.218639
539 0.218137
540 0.213911
541 0.211371
542 0.210992
543 0.208266
544 0.208598
545 0.210202
546 0.21212
547 0.21194
548 0.210345
549 0.208814
550 0.20823
551 0.206691
552 0.207797
553 0.21011
554 0.208462
555 0.210831
556 0.213624
557 0.211041
558 0.212077
559 0.211709
560 0.213414
561 0.21739
562 0.216725
563 0.216738
564 0.218777
565 0.216421
566 0.217379
567 0.21416
568 0.215858
569 0.214054
570 0.212028
571 0.211058
572 0.209015
573 0.209275
574 0.208218
575 0.21292
576 0.214035
577 0.212395
578 0.215341
579 0.214308
580 0.214575
581 0.212735
582 0.211991
583 0.212406
584 0.214724
585 0.216424
586 0.214181
587 0.209676
588 0.204468
589 0.199578
590 0.199604
591 0.197464
592 0.198564
593 0.199449
594 0.19833
595 0.198391
596 0.192331
597 0.19864
598 0.198335
599 0.195541
600 0.193283
601 0.19186
602 0.191772
603 0.190225
604 0.189411
605 0.188996
606 0.188003
607 0.186796
608 0.188585
609 0.188027
610 0.187441
611 0.188859
612 0.18771
613 0.187193
614 0.189683
615 0.186054
616 0.185719
617 0.179885
618 0.176207
619 0.17833
620 0.177556
621 0.176337
622 0.17383
623 0.172316
624 0.175002
625 0.174907
626 0.173144
627 0.17176
628 0.170229
629 0.169794
630 0.167687
631 0.17164
632 0.171021
633 0.167581
634 0.167086
635 0.169066
636 0.17116
637 0.172541
638 0.176946
639 0.176559
640 0.175583
641 0.177817
642 0.177167
643 0.178133
644 0.183799
645 0.181641
646 0.186329
647 0.18598
648 0.188851
649 0.184845
650 0.18186
651 0.182371
652 0.184133
653 0.183762
654 0.183661
655 0.182878
656 0.185333
657 0.185366
658 0.185413
659 0.186624
660 0.184974
661 0.183578
662 0.184471
663 0.184031
664 0.183223
665 0.183665
666 0.181558
667 0.182829
668 0.180791
669 0.179438
670 0.17573
671 0.175573
672 0.176358
673 0.175006
674 0.176495
675 0.17611
676 0.175638
677 0.175157
678 0.176795
679 0.176956
680 0.176467
681 0.172364
682 0.171006
683 0.170061
684 0.170833
685 0.171264
686 0.171095
687 0.170505
688 0.170891
689 0.174439
690 0.177309
691 0.176478
692 0.17607
693 0.1716
694 0.167445
695 0.166451
696 0.165984
697 0.165225
698 0.162744
699 0.16522
700 0.164085
701 0.166381
702 0.16793
703 0.168153
704 0.169664
705 0.169746
706 0.170406
707 0.171227
708 0.17149
709 0.17285
710 0.171773
711 0.169915
712 0.168602
713 0.169657
714 0.168587
715 0.170414
716 0.172644
717 0.171626
718 0.171888
719 0.167475
720 0.168015
721 0.168866
722 0.171356
723 0.171708
724 0.171416
725 0.172449
726 0.169925
727 0.168169
728 0.170209
729 0.171152
730 0.168211
731 0.166716
732 0.169111
733 0.167789
734 0.167794
735 0.166419
736 0.166023
737 0.161427
738 0.157334
739 0.158297
740 0.157093
741 0.158781
742 0.161927
743 0.165179
744 0.167012
745 0.167044
746 0.167444
747 0.16669
748 0.165943
749 0.166141
750 0.162524
751 0.166348
752 0.165564
753 0.163907
754 0.163812
755 0.162983
756 0.166566
757 0.166534
758 0.167394
759 0.172156
760 0.174276
761 0.174045
762 0.170982
763 0.173223
764 0.171764
765 0.167317
766 0.166777
767 0.164246
768 0.159592
769 0.161209
770 0.16039
771 0.163071
772 0.160847
773 0.164168
774 0.163464
775 0.167603
776 0.166674
777 0.167975
778 0.163874
779 0.164188
780 0.163869
781 0.16693
782 0.170267
783 0.170187
784 0.165753
785 0.166267
786 0.162575
787 0.164569
788 0.1648
789 0.164117
790 0.162786
791 0.167441
792 0.171447
793 0.170099
794 0.165402
795 0.165419
796 0.163285
797 0.159844
798 0.158367
799 0.159636
800 0.161973
801 0.162597
802 0.15912
803 0.161812
804 0.161362
805 0.160189
806 0.160708
807 0.158746
808 0.157493
809 0.15698
810 0.151449
811 0.152379
812 0.153584
813 0.152053
814 0.151735
815 0.149055
816 0.150331
817 0.148988
818 0.145281
819 0.145163
820 0.148903
821 0.150843
822 0.152796
823 0.1516
824 0.149325
825 0.150002
826 0.148621
827 0.150387
828 0.153458
829 0.156452
830 0.154345
831 0.154704
832 0.154405
833 0.15171
834 0.149208
835 0.149481
836 0.149933
837 0.147662
838 0.146722
839 0.148587
840 0.152938
841 0.153207
842 0.152984
843 0.148176
844 0.147682
845 0.149286
846 0.15111
847 0.149143
848 0.147418
849 0.14878
850 0.148693
851 0.150746
852 0.15072
853 0.15028
854 0.148386
855 0.152132
856 0.150025
857 0.152255
858 0.149651
859 0.149214
860 0.152554
861 0.152787
862 0.151717
863 0.156369
864 0.153682
865 0.155769
866 0.153524
867 0.147448
868 0.148205
869 0.149782
870 0.150601
871 0.15066
872 0.151105
873 0.150179
874 0.150209
875 0.153367
876 0.151273
877 0.149968
878 0.149594
879 0.149233
880 0.15152
881 0.152498
882 0.150445
883 0.151953
884 0.150879
885 0.150388
886 0.152285
887 0.154358
888 0.154164
889 0.154004
890 0.156184
891 0.155687
892 0.155001
893 0.158821
894 0.158174
895 0.154113
896 0.15578
897 0.16068
898 0.162085
899 0.158952
900 0.156427
901 0.158008
902 0.160056
903 0.158534
904 0.162306
905 0.165244
906 0.164051
907 0.16589
908 0.169821
909 0.169263
910 0.168447
911 0.17245
912 0.173171
913 0.171232
914 0.171117
915 0.170309
916 0.173906
917 0.177954
918 0.177325
919 0.179737
920 0.173726
921 0.174507
922 0.172913
923 0.173246
924 0.171255
925 0.170054
926 0.16974
927 0.170594
928 0.17257
929 0.171499
930 0.1686
931 0.170691
932 0.168138
933 0.16792
934 0.164553
935 0.164283
936 0.165562
937 0.165498
938 0.169738
939 0.168783
940 0.168373
941 0.170279
942 0.169405
943 0.170042
944 0.168168
945 0.169398
946 0.168158
947 0.168245
948 0.16476
949 0.164039
950 0.162013
951 0.162027
952 0.161458
953 0.163336
954 0.164044
955 0.161804
956 0.161757
957 0.161901
958 0.16236
959 0.15612
960 0.157966
961 0.157245
962 0.155434
963 0.157535
964 0.154843
965 0.15576
966 0.155727
967 0.156168
968 0.15553
969 0.15866
970 0.16236
971 0.16396
972 0.16316
973 0.161774
974 0.165841
975 0.171641
976 0.171259
977 0.167075
978 0.164286
979 0.161453
980 0.162993
981 0.163965
982 0.166294
983 0.166603
984 0.167087
985 0.168651
986 0.165003
987 0.167546
988 0.169579
989 0.167607
990 0.171178
991 0.174167
992 0.17678
993 0.175084
994 0.175477
995 0.175118
996 0.172689
997 0.172519
998 0.173358
999 0.174854
1000 0.172917
1001 0.17053
1002 0.170532
1003 0.168865
1004 0.167434
1005 0.164469
1006 0.165509
1007 0.16924
1008 0.167332
1009 0.159875
1010 0.155485
1011 0.157744
1012 0.15763
1013 0.158637
1014 0.160258
1015 0.157139
1016 0.157187
1017 0.1594
1018 0.157687
1019 0.154499
1020 0.155609
1021 0.154151
1022 0.150913
1023 0.148479
1024 0.147812
1025 0.146652
1026 0.145508
1027 0.146329
1028 0.144364
1029 0.144064
1030 0.145325
1031 0.143316
1032 0.143814
1033 0.14463
1034 0.144414
1035 0.146977
1036 0.155243
1037 0.154737
1038 0.156348
1039 0.159156
1040 0.153462
1041 0.153538
1042 0.154156
1043 0.152154
1044 0.152397
1045 0.152109
1046 0.155224
1047 0.155034
1048 0.154933
1049 0.156976
1050 0.157469
1051 0.159117
1052 0.160857
1053 0.162136
1054 0.164028
1055 0.160665
1056 0.16213
1057 0.162343
1058 0.158706
1059 0.158689
1060 0.153655
1061 0.154067
1062 0.151762
1063 0.151573
1064 0.151259
1065 0.148564
1066 0.149722
1067 0.153071
1068 0.151686
1069 0.152847
1070 0.151229
1071 0.154513
1072 0.155578
1073 0.155091
1074 0.153261
1075 0.150443
1076 0.150313
1077 0.149878
1078 0.150173
1079 0.149325
1080 0.149074
1081 0.148308
1082 0.148126
1083 0.147436
1084 0.143896
1085 0.145587
1086 0.143394
1087 0.143349
1088 0.146175
1089 0.144384
1090 0.141285
1091 0.136245
1092 0.138371
1093 0.140177
1094 0.144344
1095 0.144614
1096 0.142256
1097 0.144759
1098 0.146775
1099 0.150371
1100 0.147688
1101 0.146375
1102 0.146056
1103 0.146797
1104 0.144756
1105 0.143235
1106 0.14528
1107 0.146926
1108 0.147314
1109 0.147651
1110 0.147133
1111 0.147434
1112 0.148486
1113 0.149564
1114 0.1504
1115 0.150582
1116 0.150312
1117 0.151006
1118 0.150224
1119 0.150805
1120 0.150454
1121 0.148952
1122 0.151847
1123 0.152266
1124 0.152595
1125 0.152147
1126 0.152005
1127 0.150868
1128 0.15027
1129 0.149677
1130 0.149269
1131 0.147257
1132 0.148553
1133 0.148178
1134 0.147604
1135 0.147241
1136 0.145791
1137 0.139995
1138 0.1401
1139 0.14097
1140 0.141111
1141 0.143273
1142 0.143777
1143 0.143981
1144 0.141464
1145 0.138968
1146 0.138864
1147 0.141892
1148 0.141857
1149 0.141245
1150 0.140356
1151 0.141895
1152 0.140907
1153 0.137586
1154 0.139529
1155 0.141962
1156 0.142027
1157 0.139348
1158 0.14371
1159 0.140373
1160 0.140205
1161 0.141246
1162 0.141607
1163 0.139147
1164 0.138327
1165 0.138461
1166 0.137518
1167 0.136567
1168 0.137027
1169 0.136918
1170 0.13744
1171 0.138139
1172 0.139243
1173 0.138415
1174 0.139339
1175 0.138548
1176 0.139481
1177 0.137935
1178 0.135194
1179 0.135164
1180 0.134983
1181 0.132128
1182 0.130192
1183 0.131194
1184 0.128429
1185 0.131856
1186 0.130511
1187 0.13269
1188 0.134281
1189 0.14033
1190 0.139522
1191 0.13809
1192 0.137794
1193 0.140065
1194 0.140392
1195 0.1383
1196 0.141356
1197 0.139974
1198 0.143952
1199 0.143071
1200 0.143743
1201 0.145723
1202 0.144977
1203 0.145555
1204 0.145474
1205 0.147552
1206 0.147401
1207 0.146161
1208 0.143443
1209 0.141255
1210 0.142003
1211 0.142365
1212 0.144661
1213 0.137527
1214 0.138555
1215 0.13919
1216 0.14111
1217 0.13819
1218 0.140386
1219 0.14042
1220 0.143173
1221 0.148184
1222 0.149686
1223 0.14806
1224 0.149508
1225 0.147935
1226 0.148937
1227 0.147409
1228 0.145466
1229 0.148728
1230 0.147215
1231 0.146498
1232 0.145636
1233 0.144784
1234 0.147235
1235 0.14539
1236 0.144731
1237 0.1421
1238 0.143698
1239 0.142472
1240 0.141608
1241 0.142188
1242 0.140114
1243 0.141654
1244 0.14288
1245 0.141973
1246 0.146053
1247 0.148621
1248 0.143387
1249 0.139335
1250 0.140119
1251 0.141732
1252 0.141937
1253 0.147052
1254 0.14833
1255 0.148574
1256 0.14666
1257 0.146925
1258 0.141152
1259 0.138074
1260 0.138782
1261 0.139956
1262 0.14102
1263 0.145678
1264 0.144595
1265 0.143876
1266 0.141459
1267 0.145081
1268 0.146215
1269 0.144309
1270 0.140649
1271 0.142303
1272 0.141517
1273 0.141886
1274 0.13946
1275 0.139526
1276 0.139902
1277 0.142585
1278 0.149523
1279 0.145242
1280 0.146481
1281 0.14683
1282 0.145963
1283 0.146003
1284 0.148786
1285 0.148166
1286 0.147097
1287 0.146841
1288 0.146652
1289 0.145447
1290 0.147629
1291 0.149213
1292 0.14713
1293 0.147622
1294 0.146173
1295 0.14802
1296 0.146709
1297 0.146024
1298 0.152272
1299 0.150693
1300 0.1539
1301 0.154359
1302 0.151818
1303 0.151207
1304 0.153737
1305 0.157695
1306 0.15574
1307 0.157512
1308 0.159508
1309 0.158284
1310 0.161565
1311 0.157543
1312 0.158375
1313 0.16065
1314 0.159312
1315 0.160707
1316 0.154924
1317 0.159588
1318 0.159463
1319 0.160733
1320 0.158888
1321 0.162816
1322 0.165307
1323 0.166973
1324 0.169381
1325 0.166003
1326 0.164005
1327 0.168096
1328 0.167786
1329 0.167789
1330 0.167091
1331 0.169019
1332 0.170074
1333 0.169073
1334 0.169581
1335 0.169624
1336 0.169978
1337 0.171884
1338 0.16965
1339 0.168871
1340 0.167728
1341 0.166508
1342 0.163977
1343 0.16567
1344 0.160338
1345 0.160433
1346 0.157833
1347 0.158162
1348 0.154096
1349 0.154383
1350 0.148433
1351 0.149244
1352 0.148763
1353 0.14754
1354 0.147073
1355 0.1471
1356 0.148117
1357 0.149845
1358 0.149563
1359 0.150343
1360 0.148637
1361 0.147105
1362 0.149316
1363 0.148312
1364 0.149989
1365 0.148714
1366 0.155334
1367 0.15932
1368 0.158832
1369 0.159727
1370 0.162044
1371 0.16229
1372 0.165295
1373 0.163969
1374 0.162868
1375 0.160829
1376 0.161496
1377 0.157831
1378 0.158935
1379 0.157034
1380 0.160333
1381 0.157215
1382 0.159464
1383 0.155877
1384 0.15218
1385 0.15447
1386 0.15268
1387 0.152788
1388 0.148536
1389 0.15057
1390 0.147716
1391 0.150266
1392 0.147717
1393 0.145678
1394 0.143725
1395 0.145506
1396 0.145207
1397 0.145831
1398 0.145618
1399 0.14041
1400 0.139788
1401 0.141808
1402 0.143996
1403 0.141352
1404 0.141576
1405 0.14725
1406 0.149902
1407 0.146824
1408 0.146118
1409 0.143088
1410 0.146148
1411 0.143092
1412 0.145357
1413 0.14801
1414 0.149119
1415 0.150294
1416 0.151781
1417 0.149123
1418 0.153649
1419 0.158195
1420 0.152368
1421 0.151891
1422 0.152213
1423 0.14907
1424 0.148863
1425 0.148024
1426 0.147649
1427 0.147169
1428 0.148046
1429 0.14814
1430 0.147244
1431 0.148335
1432 0.15021
1433 0.149618
1434 0.149166
1435 0.148996
1436 0.15008
1437 0.148809
1438 0.151604
1439 0.152728
1440 0.153865
1441 0.152804
1442 0.155
1443 0.153612
1444 0.152231
1445 0.153834
1446 0.153288
1447 0.152369
1448 0.151554
1449 0.150997
1450 0.151261
1451 0.150935
1452 0.149812
1453 0.152999
1454 0.148858
1455 0.150108
1456 0.149352
1457 0.147912
1458 0.148841
1459 0.147464
1460 0.148139
1461 0.141047
1462 0.140022
1463 0.141395
1464 0.145047
1465 0.147118
1466 0.148256
1467 0.149074
1468 0.152515
1469 0.149147
1470 0.151784
1471 0.151909
1472 0.152951
1473 0.150538
1474 0.149939
1475 0.149252
1476 0.146716
1477 0.149684
1478 0.146175
1479 0.14699
1480 0.144147
1481 0.146506
1482 0.149927
1483 0.152245
1484 0.153056
1485 0.151542
1486 0.152228
1487 0.150126
1488 0.149898
1489 0.146784
1490 0.146808
1491 0.146673
1492 0.149079
1493 0.146889
1494 0.144809
1495 0.145375
1496 0.14651
1497 0.147652
1498 0.147347
1499 0.14435
1500 0.141172
1501 0.140626
1502 0.143706
1503 0.143677
1504 0.142159
1505 0.143971
1506 0.140554
1507 0.137071
1508 0.139196
1509 0.142674
1510 0.144598
1511 0.145372
1512 0.146215
1513 0.144818
1514 0.14449
1515 0.144746
1516 0.147094
1517 0.150853
1518 0.15048
1519 0.150055
1520 0.150817
1521 0.15442
1522 0.156746
1523 0.160577
1524 0.161858
1525 0.16184
1526 0.158084
1527 0.157879
1528 0.156615
1529 0.159321
1530 0.162276
1531 0.163609
1532 0.164672
1533 0.165647
1534 0.162162
1535 0.160504
1536 0.164001
1537 0.166832
1538 0.165032
1539 0.165914
1540 0.166874
1541 0.165658
1542 0.166868
1543 0.163064
1544 0.165412
1545 0.16796
1546 0.166031
1547 0.164896
1548 0.161413
1549 0.164141
1550 0.1633
1551 0.162889
1552 0.165408
1553 0.165848
1554 0.167244
1555 0.165988
1556 0.163913
1557 0.165558
1558 0.163732
1559 0.160362
1560 0.158309
1561 0.15969
1562 0.156686
1563 0.155351
1564 0.155897
1565 0.158646
1566 0.158467
1567 0.156538
1568 0.153609
1569 0.151779
1570 0.15218
1571 0.152911
1572 0.154476
1573 0.152249
1574 0.153957
1575 0.155954
1576 0.156965
1577 0.158135
1578 0.159406
1579 0.159353
1580 0.159038
1581 0.155755
1582 0.155188
1583 0.154709
1584 0.157045
1585 0.151207
1586 0.149746
1587 0.152532
1588 0.153063
1589 0.151301
1590 0.151394
1591 0.147905
1592 0.149415
1593 0.148317
1594 0.148084
1595 0.148892
1596 0.150365
1597 0.152192
1598 0.148821
1599 0.152053
1600 0.151163
1601 0.150167
1602 0.148917
1603 0.144146
1604 0.140136
1605 0.14159
1606 0.141486
1607 0.14181
1608 0.139587
1609 0.138822
1610 0.136677
1611 0.13752
1612 0.139273
1613 0.142841
1614 0.140162
1615 0.141178
1616 0.138998
1617 0.134575
1618 0.134179
1619 0.139118
1620 0.141949
1621 0.141237
1622 0.141608
1623 0.142188
1624 0.13954
1625 0.137152
1626 0.140858
1627 0.139896
1628 0.142543
1629 0.144907
1630 0.142973
1631 0.146456
1632 0.143943
1633 0.140508
1634 0.137626
1635 0.138135
1636 0.138887
1637 0.138183
1638 0.140486
1639 0.140241
1640 0.137033
1641 0.137009
1642 0.144291
1643 0.145825
1644 0.14402
1645 0.141591
1646 0.143771
1647 0.147263
1648 0.15144
1649 0.151455
1650 0.147142
1651 0.146611
1652 0.145954
1653 0.146584
1654 0.142876
1655 0.142664
1656 0.143096
1657 0.145927
1658 0.145274
1659 0.147642
1660 0.151908
1661 0.152632
1662 0.150171
1663 0.152848
1664 0.149994
1665 0.152303
1666 0.15423
1667 0.157001
1668 0.156225
1669 0.160132
1670 0.158646
1671 0.158978
1672 0.156565
1673 0.158074
1674 0.158975
1675 0.161518
1676 0.165816
1677 0.165217
1678 0.166996
1679 0.166953
1680 0.166167
1681 0.167105
1682 0.166121
1683 0.166953
1684 0.167818
1685 0.171073
1686 0.169824
1687 0.168994
1688 0.166599
1689 0.167375
1690 0.167795
1691 0.161206
1692 0.16023
1693 0.161787
1694 0.163661
1695 0.164952
1696 0.166563
1697 0.166177
1698 0.164716
1699 0.161821
1700 0.158965
1701 0.161706
1702 0.160395
1703 0.158106
1704 0.158386
1705 0.154364
1706 0.154851
1707 0.157446
1708 0.157474
1709 0.15392
1710 0.153881
1711 0.154393
1712 0.154381
1713 0.153256
1714 0.153639
1715 0.154575
1716 0.155322
1717 0.156848
1718 0.152493
1719 0.152717
1720 0.152922
1721 0.150416
1722 0.150769
1723 0.152119
1724 0.152503
1725 0.152509
1726 0.150704
1727 0.150201
1728 0.149973
1729 0.148136
1730 0.14911
1731 0.147857
1732 0.146487
1733 0.145267
1734 0.142935
1735 0.144344
1736 0.145354
1737 0.14921
1738 0.149606
1739 0.147299
1740 0.148079
1741 0.152865
1742 0.15007
1743 0.148111
1744 0.148363
1745 0.151191
1746 0.15257
1747 0.150133
1748 0.154322
1749 0.151993
1750 0.15415
1751 0.149577
1752 0.149273
1753 0.146875
1754 0.145215
1755 0.1521
1756 0.15408
1757 0.153645
1758 0.154331
1759 0.157749
1760 0.156178
1761 0.153177
1762 0.155218
1763 0.15791
1764 0.158184
1765 0.155891
1766 0.152843
1767 0.152817
1768 0.151169
1769 0.152867
1770 0.153213
1771 0.156314
1772 0.157116
1773 0.153104
1774 0.149023
1775 0.148358
1776 0.146776
1777 0.14922
1778 0.147762
1779 0.148941
1780 0.149704
1781 0.149741
1782 0.152072
1783 0.152398
1784 0.148988
1785 0.147725
1786 0.148007
1787 0.149602
1788 0.150907
1789 0.155261
1790 0.154622
1791 0.153932
1792 0.155772
1793 0.156095
1794 0.158089
1795 0.157702
1796 0.153652
1797 0.15422
1798 0.154291
1799 0.157876
1800 0.156225
1801 0.16116
1802 0.163547
1803 0.158336
1804 0.154543
1805 0.154874
1806 0.153226
1807 0.156327
1808 0.161082
1809 0.162267
1810 0.165528
1811 0.166002
1812 0.166114
1813 0.164058
1814 0.161701
1815 0.160591
1816 0.158428
1817 0.164329
1818 0.160693
1819 0.160765
1820 0.159139
1821 0.159688
1822 0.159115
1823 0.159899
1824 0.157377
1825 0.157095
1826 0.153426
1827 0.156373
1828 0.159267
1829 0.157232
1830 0.158701
1831 0.158747
1832 0.157688
1833 0.15933
1834 0.158409
1835 0.15281
1836 0.150769
1837 0.152444
1838 0.150084
1839 0.147114
1840 0.148187
1841 0.146692
1842 0.147134
1843 0.148352
1844 0.149365
1845 0.149807
1846 0.147379
1847 0.146536
1848 0.149151
1849 0.147075
1850 0.15242
1851 0.153727
1852 0.157866
1853 0.159665
1854 0.157965
1855 0.15658
1856 0.159164
1857 0.156235
1858 0.160477
1859 0.161546
1860 0.162043
1861 0.162241
1862 0.161435
1863 0.159873
1864 0.163858
1865 0.162606
1866 0.160666
1867 0.160173
1868 0.157809
1869 0.163795
1870 0.161773
1871 0.159417
1872 0.155271
1873 0.158019
1874 0.154443
1875 0.155768
1876 0.152845
1877 0.151247
1878 0.148652
1879 0.149344
1880 0.150645
1881 0.147914
1882 0.149526
1883 0.148983
1884 0.148202
1885 0.147613
1886 0.149731
1887 0.149634
1888 0.152388
1889 0.154334
1890 0.15382
1891 0.155945
1892 0.15622
1893 0.155537
1894 0.156134
1895 0.155076
1896 0.156809
1897 0.156497
1898 0.15244
1899 0.153104
1900 0.154372
1901 0.15518
1902 0.151638
1903 0.151973
1904 0.15619
1905 0.151015
1906 0.148996
1907 0.151238
1908 0.15118
1909 0.154524
1910 0.154642
1911 0.151394
1912 0.153555
1913 0.152821
1914 0.155126
1915 0.152448
1916 0.148588
1917 0.148385
1918 0.149373
1919 0.148143
1920 0.144053
1921 0.143519
1922 0.13976
1923 0.14037
1924 0.13824
1925 0.136873
1926 0.137359
1927 0.139242
1928 0.144862
1929 0.142984
1930 0.140932
1931 0.147542
1932 0.149869
1933 0.153154
1934 0.156391
1935 0.158043
1936 0.157485
1937 0.15611
1938 0.162674
1939 0.164124
1940 0.168561
1941 0.165608
1942 0.163115
1943 0.161805
1944 0.162914
1945 0.161489
1946 0.161274
1947 0.162634
1948 0.162593
1949 0.158901
1950 0.162039
1951 0.160688
1952 0.158582
1953 0.157945
1954 0.155482
1955 0.15267
1956 0.154809
1957 0.151583
1958 0.151047
1959 0.154199
1960 0.15203
1961 0.152485
1962 0.151641
1963 0.154422
1964 0.154049
1965 0.154763
1966 0.153053
1967 0.150968
1968 0.149712
1969 0.149318
1970 0.150946
1971 0.152302
1972 0.152068
1973 0.151638
1974 0.152267
1975 0.153856
1976 0.153551
1977 0.153547
1978 0.15601
1979 0.160233
1980 0.159252
1981 0.156783
1982 0.159211
1983 0.160742
1984 0.160449
1985 0.162907
1986 0.163996
1987 0.162835
1988 0.157932
1989 0.158198
1990 0.161267
1991 0.17151
1992 0.170164
1993 0.172508
1994 0.171838
1995 0.171044
1996 0.169379
1997 0.169154
1998 0.16734
1999 0.165404
2000 0.166929
