10 30.7257
20 30.434
30 30.1458
40 29.8372
50 29.5313
60 29.2436
70 28.9486
80 28.6588
90 28.3959
100 28.1362
110 27.8661
120 27.6176
130 27.33
140 27.0561
150 26.7857
160 26.5205
170 26.2587
180 26.0097
190 25.7532
200 25.4942
210 25.239
220 25.004
230 24.7786
240 24.5305
250 24.2957
260 24.0472
270 23.8312
280 23.5986
290 23.3705
300 23.1418
310 22.9182
320 22.7039
330 22.473
340 22.2643
350 22.0301
360 21.8242
370 21.588
380 21.3831
390 21.175
400 20.971
410 20.7818
420 20.5971
430 20.4053
440 20.2111
450 20.0325
460 19.8432
470 19.6527
480 19.4685
490 19.272
500 19.1055
510 18.9139
520 18.7366
530 18.5496
540 18.3764
550 18.2044
560 18.0267
570 17.8741
580 17.7123
590 17.5596
600 17.4034
610 17.246
620 17.0901
630 16.9278
640 16.7654
650 16.6003
660 16.4546
670 16.2881
680 16.1251
690 15.9786
700 15.8238
710 15.6837
720 15.5361
730 15.3937
740 15.2741
750 15.1299
760 14.9899
770 14.8517
780 14.7165
790 14.5716
800 14.4404
810 14.3084
820 14.1795
830 14.061
840 13.9319
850 13.8025
860 13.6716
870 13.5472
880 13.4215
890 13.2876
900 13.1759
910 13.0517
920 12.9313
930 12.8165
940 12.707
950 12.5878
960 12.4762
970 12.3574
980 12.2305
990 12.1203
1000 12.0073
1010 11.8959
1020 11.7894
1030 11.6837
1040 11.5827
1050 11.4758
1060 11.3691
1070 11.2641
1080 11.1593
1090 11.0641
1100 10.9722
1110 10.8761
1120 10.7781
1130 10.6798
1140 10.5847
1150 10.4977
1160 10.4003
1170 10.308
1180 10.2172
1190 10.1265
1200 10.0329
1210 9.94185
1220 9.85481
1230 9.77519
1240 9.68531
1250 9.59809
1260 9.51693
1270 9.43172
1280 9.35094
1290 9.27055
1300 9.18491
1310 9.1073
1320 9.02819
1330 8.94652
1340 8.86963
1350 8.78839
1360 8.71049
1370 8.63517
1380 8.56262
1390 8.48726
1400 8.4082
1410 8.33429
1420 8.26475
1430 8.1925
1440 8.1227
1450 8.05293
1460 7.98253
1470 7.91257
1480 7.84303
1490 7.77538
1500 7.70212
1510 7.63327
1520 7.57088
1530 7.50942
1540 7.44301
1550 7.37984
1560 7.3201
1570 7.25879
1580 7.19943
1590 7.1413
1600 7.08011
1610 7.02019
1620 6.95926
1630 6.90466
1640 6.84439
1650 6.78615
1660 6.72699
1670 6.66993
1680 6.61194
1690 6.55574
1700 6.50107
1710 6.44876
1720 6.39161
1730 6.33546
1740 6.283
1750 6.23299
1760 6.18187
1770 6.1287
1780 6.07383
1790 6.02388
1800 5.97654
1810 5.92759
1820 5.87649
1830 5.82894
1840 5.78234
1850 5.73654
1860 5.68989
1870 5.64287
1880 5.59383
1890 5.54688
1900 5.49587
1910 5.45592
1920 5.41053
1930 5.36213
1940 5.31441
1950 5.2697
1960 5.22595
1970 5.17967
1980 5.13661
1990 5.09318
2000 5.04938
2010 5.0042
2020 4.96308
2030 4.92279
2040 4.88568
2050 4.8454
2060 4.80451
2070 4.76196
2080 4.72046
2090 4.68125
2100 4.6423
2110 4.6066
2120 4.57041
2130 4.53365
2140 4.49735
2150 4.45913
2160 4.42272
2170 4.38303
2180 4.34563
2190 4.31028
2200 4.27356
2210 4.23776
2220 4.20137
2230 4.1663
2240 4.13034
2250 4.09817
2260 4.06492
2270 4.03074
2280 3.99817
2290 3.96473
2300 3.93587
2310 3.90339
2320 3.87171
2330 3.83955
2340 3.80921
2350 3.77735
2360 3.74721
2370 3.71606
2380 3.68738
2390 3.65859
2400 3.63026
2410 3.6005
2420 3.57062
2430 3.54341
2440 3.51398
2450 3.48592
2460 3.45973
2470 3.42949
2480 3.40333
2490 3.37567
2500 3.34735
2510 3.32139
2520 3.29554
2530 3.26895
2540 3.24144
2550 3.21729
2560 3.19172
2570 3.16776
2580 3.14342
2590 3.11576
2600 3.09125
2610 3.066
2620 3.04194
2630 3.01772
2640 2.99381
2650 2.96956
2660 2.9438
2670 2.91926
2680 2.89904
2690 2.87539
2700 2.8526
2710 2.83032
2720 2.80898
2730 2.78636
2740 2.76348
2750 2.74263
2760 2.72003
2770 2.69866
2780 2.67752
2790 2.6551
2800 2.63454
2810 2.61403
2820 2.59455
2830 2.57347
2840 2.55116
2850 2.53111
2860 2.5116
2870 2.4911
2880 2.47144
2890 2.45186
2900 2.43286
2910 2.41211
2920 2.39323
2930 2.37397
2940 2.35396
2950 2.33435
2960 2.31597
2970 2.29643
2980 2.27702
2990 2.25795
3000 2.23925
3010 2.22114
3020 2.20337
3030 2.18564
3040 2.16816
3050 2.15059
3060 2.13442
3070 2.1185
3080 2.10236
3090 2.08615
3100 2.07022
3110 2.0544
3120 2.03948
3130 2.02272
3140 2.00681
3150 1.9921
3160 1.97685
3170 1.96111
3180 1.94523
3190 1.92939
3200 1.91398
3210 1.89865
3220 1.88235
3230 1.86713
3240 1.85332
3250 1.84044
3260 1.82634
3270 1.81205
3280 1.79921
3290 1.78531
3300 1.77175
3310 1.75739
3320 1.74262
3330 1.72841
3340 1.71461
3350 1.70238
3360 1.68966
3370 1.67663
3380 1.66408
3390 1.65132
3400 1.63928
3410 1.6272
3420 1.61562
3430 1.60275
3440 1.5896
3450 1.57742
3460 1.56462
3470 1.55161
3480 1.54005
3490 1.528
3500 1.51575
3510 1.50461
3520 1.49332
3530 1.48191
3540 1.46932
3550 1.45837
3560 1.44654
3570 1.43487
3580 1.42436
3590 1.41386
3600 1.40416
3610 1.39314
3620 1.3832
3630 1.37252
3640 1.36175
3650 1.35188
3660 1.34215
3670 1.33173
3680 1.3206
3690 1.31121
3700 1.30194
3710 1.29216
3720 1.2825
3730 1.27303
3740 1.26294
3750 1.25373
3760 1.24379
3770 1.23392
3780 1.22462
3790 1.21609
3800 1.20727
3810 1.19858
3820 1.18961
3830 1.18003
3840 1.17067
3850 1.1624
3860 1.15434
3870 1.14485
3880 1.13609
3890 1.12791
3900 1.11991
3910 1.11186
3920 1.10379
3930 1.0954
3940 1.08631
3950 1.07824
3960 1.06962
3970 1.06161
3980 1.05354
3990 1.04578
4000 1.03837
4010 1.03169
4020 1.02439
4030 1.01657
4040 1.00932
4050 1.00173
4060 0.993035
4070 0.986082
4080 0.978968
4090 0.972417
4100 0.964828
4110 0.957994
4120 0.951367
4130 0.944627
4140 0.937399
4150 0.930452
4160 0.922851
4170 0.916103
4180 0.909305
4190 0.902854
4200 0.8963
4210 0.889572
4220 0.882725
4230 0.876784
4240 0.869411
4250 0.862566
4260 0.855374
4270 0.849418
4280 0.842463
4290 0.836571
4300 0.830443
4310 0.824175
4320 0.818114
4330 0.812135
4340 0.805436
4350 0.799685
4360 0.793827
4370 0.788411
4380 0.782493
4390 0.776134
4400 0.770533
4410 0.764502
4420 0.758865
4430 0.753173
4440 0.747408
4450 0.741656
4460 0.73619
4470 0.730964
4480 0.725811
4490 0.720387
4500 0.715469
4510 0.709671
4520 0.704537
4530 0.699028
4540 0.693829
4550 0.689024
4560 0.684049
4570 0.679112
4580 0.67394
4590 0.668888
4600 0.663283
4610 0.658074
4620 0.653024
4630 0.648557
4640 0.643396
4650 0.638862
4660 0.634411
4670 0.629926
4680 0.626003
4690 0.621787
4700 0.617892
4710 0.613302
4720 0.608769
4730 0.603924
4740 0.599406
4750 0.594773
4760 0.590694
4770 0.586556
4780 0.581772
4790 0.577365
4800 0.573389
4810 0.56938
4820 0.565308
4830 0.561101
4840 0.557191
4850 0.553184
4860 0.54932
4870 0.545236
4880 0.541442
4890 0.537662
4900 0.533738
4910 0.530012
4920 0.526211
4930 0.522558
4940 0.518621
4950 0.514376
4960 0.510824
4970 0.507001
4980 0.50328
4990 0.499281
5000 0.496063
5010 0.492669
5020 0.48913
5030 0.486007
5040 0.482519
5050 0.479506
5060 0.476001
5070 0.473025
5080 0.469753
5090 0.467054
5100 0.463835
5110 0.461004
5120 0.457533
5130 0.454104
5140 0.450807
5150 0.447295
5160 0.444745
5170 0.442077
5180 0.438963
5190 0.435989
5200 0.432946
5210 0.42981
5220 0.427431
5230 0.424918
5240 0.42142
5250 0.418121
5260 0.415675
5270 0.41322
5280 0.410613
5290 0.407826
5300 0.404654
5310 0.401805
5320 0.399185
5330 0.396369
5340 0.393762
5350 0.391434
5360 0.388605
5370 0.385808
5380 0.38298
5390 0.380492
5400 0.377333
5410 0.374517
5420 0.372404
5430 0.369779
5440 0.367504
5450 0.365171
5460 0.362636
5470 0.360065
5480 0.358201
5490 0.355277
5500 0.352983
5510 0.350244
5520 0.347705
5530 0.344983
5540 0.342506
5550 0.3402
5560 0.337324
5570 0.335051
5580 0.332586
5590 0.33039
5600 0.327904
5610 0.325864
5620 0.323465
5630 0.321299
5640 0.318599
5650 0.316824
5660 0.314357
5670 0.312539
5680 0.3103
5690 0.308106
5700 0.305894
5710 0.303819
5720 0.301807
5730 0.299647
5740 0.297814
5750 0.295594
5760 0.293713
5770 0.291688
5780 0.290045
5790 0.287756
5800 0.286003
5810 0.284313
5820 0.282361
5830 0.280381
5840 0.278308
5850 0.276412
5860 0.274094
5870 0.272092
5880 0.270547
5890 0.268546
5900 0.2674
5910 0.266143
5920 0.264396
5930 0.262755
5940 0.26077
5950 0.259035
5960 0.25781
5970 0.256107
5980 0.254477
5990 0.252564
6000 0.250616
6010 0.249283
6020 0.247792
6030 0.246158
6040 0.244415
6050 0.242817
6060 0.241204
6070 0.239244
6080 0.237762
6090 0.236251
6100 0.234428
6110 0.232729
6120 0.231447
6130 0.229915
6140 0.228536
6150 0.226978
6160 0.225459
6170 0.224102
6180 0.222622
6190 0.221337
6200 0.220002
6210 0.21863
6220 0.217386
6230 0.216331
6240 0.215335
6250 0.214346
6260 0.21279
6270 0.211087
6280 0.209431
6290 0.207636
6300 0.206665
6310 0.205224
6320 0.203476
6330 0.202034
6340 0.200416
6350 0.199197
6360 0.197786
6370 0.196583
6380 0.195442
6390 0.194126
6400 0.192874
6410 0.191801
6420 0.190623
6430 0.1894
6440 0.187745
6450 0.186852
6460 0.185905
6470 0.184544
6480 0.183131
6490 0.181731
6500 0.180339
6510 0.17956
6520 0.178696
6530 0.177797
6540 0.17655
6550 0.175465
6560 0.174327
6570 0.173143
6580 0.171903
6590 0.170634
6600 0.169121
6610 0.168294
6620 0.167424
6630 0.166425
6640 0.165489
6650 0.164312
6660 0.163427
6670 0.16209
6680 0.161481
6690 0.160326
6700 0.159413
6710 0.158195
6720 0.157536
6730 0.156431
6740 0.15543
6750 0.154795
6760 0.15335
6770 0.152612
6780 0.151707
6790 0.150824
6800 0.150129
6810 0.148966
6820 0.148193
6830 0.147377
6840 0.146578
6850 0.145527
6860 0.144602
6870 0.143761
6880 0.143219
6890 0.142238
6900 0.141721
6910 0.14056
6920 0.139799
6930 0.139214
6940 0.137809
6950 0.137067
6960 0.136425
6970 0.135547
6980 0.134809
6990 0.134765
7000 0.134587
7010 0.134082
7020 0.133113
7030 0.132501
7040 0.13185
7050 0.131087
7060 0.130116
7070 0.129718
7080 0.129331
7090 0.128789
7100 0.128309
7110 0.127758
7120 0.127321
7130 0.126171
7140 0.125768
7150 0.125351
7160 0.124857
7170 0.124647
7180 0.124343
7190 0.123235
7200 0.122448
7210 0.121548
7220 0.120957
7230 0.120341
7240 0.119465
7250 0.118913
7260 0.118438
7270 0.117899
7280 0.117398
7290 0.116845
7300 0.116504
7310 0.115819
7320 0.115737
7330 0.115415
7340 0.115314
7350 0.114686
7360 0.114189
7370 0.113732
7380 0.113599
7390 0.113068
7400 0.113034
7410 0.11221
7420 0.112089
7430 0.111074
7440 0.110296
7450 0.110155
7460 0.109753
7470 0.109169
7480 0.108191
7490 0.107816
7500 0.107219
7510 0.106524
7520 0.105782
7530 0.10541
7540 0.104788
7550 0.104141
7560 0.103614
7570 0.10318
7580 0.102429
7590 0.102078
7600 0.10196
7610 0.10161
7620 0.101006
7630 0.101162
7640 0.101125
7650 0.100532
7660 0.100035
7670 0.0998056
7680 0.099317
7690 0.0986808
7700 0.0985699
7710 0.0979667
7720 0.0977916
7730 0.0975937
7740 0.0973904
7750 0.0966517
7760 0.0962117
7770 0.095785
7780 0.0954392
7790 0.0952086
7800 0.094967
7810 0.0946307
7820 0.0943519
7830 0.0947076
7840 0.094445
7850 0.0939916
7860 0.0934293
7870 0.0931468
7880 0.0925983
7890 0.0926827
7900 0.0919691
7910 0.0916461
7920 0.0914137
7930 0.0906454
7940 0.0902304
7950 0.0897198
7960 0.0894636
7970 0.0891256
7980 0.0887358
7990 0.088167
8000 0.0881955
8010 0.0879215
8020 0.0881287
8030 0.088177
8040 0.08836
8050 0.088103
8060 0.0876169
8070 0.0871832
8080 0.0873709
8090 0.0869936
8100 0.0868308
8110 0.08616
8120 0.0853069
8130 0.084787
8140 0.084836
8150 0.0845527
8160 0.0837456
8170 0.0838543
8180 0.0837977
8190 0.0834438
8200 0.0832537
8210 0.0831862
8220 0.0827632
8230 0.0828697
8240 0.0826446
8250 0.0825792
8260 0.0826068
8270 0.0823193
8280 0.0822661
8290 0.0820076
8300 0.0813041
8310 0.0807578
8320 0.0806597
8330 0.0805717
8340 0.0803628
8350 0.0804756
8360 0.0803349
8370 0.0803931
8380 0.0801575
8390 0.0798705
8400 0.0799176
8410 0.0800212
8420 0.0800417
8430 0.0799802
8440 0.0800737
8450 0.0797044
8460 0.0794085
8470 0.0789388
8480 0.0791839
8490 0.0793784
8500 0.0793439
8510 0.0791869
8520 0.0790252
8530 0.0784881
8540 0.0782261
8550 0.0781929
8560 0.0778708
8570 0.0782637
8580 0.0779486
8590 0.077972
8600 0.0779147
8610 0.0773696
8620 0.0776508
8630 0.0771741
8640 0.0773625
8650 0.0774403
8660 0.0768987
8670 0.0770986
8680 0.076994
8690 0.0764685
8700 0.0762547
8710 0.0761785
8720 0.0762682
8730 0.0761942
8740 0.0764609
8750 0.0758839
8760 0.0759262
8770 0.0759327
8780 0.075915
8790 0.0757307
8800 0.075055
8810 0.0753378
8820 0.0749951
8830 0.0747245
8840 0.074757
8850 0.0742606
8860 0.0742237
8870 0.0747258
8880 0.0745277
8890 0.0743727
8900 0.0744703
8910 0.0741122
8920 0.0736889
8930 0.0731244
8940 0.0730497
8950 0.0731041
8960 0.0724451
8970 0.0725307
8980 0.0728743
8990 0.0736272
9000 0.0738967
9010 0.0742258
9020 0.0741273
9030 0.0734803
9040 0.0730047
9050 0.0728157
9060 0.0726237
9070 0.0728076
9080 0.0727426
9090 0.0732012
9100 0.073257
9110 0.0726077
9120 0.0723699
9130 0.0727008
9140 0.0726721
9150 0.0724977
9160 0.0719157
9170 0.07164
9180 0.0714113
9190 0.0713873
9200 0.071528
9210 0.0717406
9220 0.0715586
9230 0.0712962
9240 0.0710768
9250 0.07105
9260 0.0712801
9270 0.0718575
9280 0.0711121
9290 0.0713175
9300 0.07154
9310 0.0713821
9320 0.071313
9330 0.0708212
9340 0.0707764
9350 0.0706617
9360 0.0702879
9370 0.0702889
9380 0.0701374
9390 0.0701627
9400 0.0699233
9410 0.06995
9420 0.069955
9430 0.0702056
9440 0.0703888
9450 0.0700117
9460 0.0704745
9470 0.0703293
9480 0.0702824
9490 0.070113
9500 0.069351
9510 0.0692697
9520 0.0685002
9530 0.0687315
9540 0.0685439
9550 0.0686174
9560 0.0684441
9570 0.0685468
9580 0.0683099
9590 0.068064
9600 0.0679966
9610 0.0677013
9620 0.0675737
9630 0.0683579
9640 0.068246
9650 0.0681595
9660 0.0681059
9670 0.0677948
9680 0.0680389
9690 0.0673582
9700 0.0676455
9710 0.067542
9720 0.0675556
9730 0.0682512
9740 0.0682861
9750 0.0684126
9760 0.0687067
9770 0.0687882
9780 0.0681926
9790 0.0680211
9800 0.067927
9810 0.0678645
9820 0.0677334
9830 0.0677008
9840 0.0679754
9850 0.068079
9860 0.0678767
9870 0.0676089
9880 0.067352
9890 0.0675415
9900 0.067534
9910 0.0679748
9920 0.0683105
9930 0.0679746
9940 0.0680595
9950 0.0682946
9960 0.0684011
9970 0.0686124
9980 0.0686921
9990 0.0683454
10000 0.0681292
10010 0.0678401
10020 0.0683384
10030 0.0678221
10040 0.0680237
10050 0.0679777
10060 0.0680721
10070 0.0683161
10080 0.0681506
10090 0.067933
10100 0.0678719
10110 0.0676983
10120 0.067849
10130 0.0676882
10140 0.0671955
10150 0.0667813
10160 0.0664799
10170 0.0663239
10180 0.0672159
10190 0.0672629
10200 0.0669963
10210 0.0667238
10220 0.0672317
10230 0.0677329
10240 0.0674792
10250 0.0674669
10260 0.0675122
10270 0.0674745
10280 0.0667393
10290 0.0670415
10300 0.0669426
10310 0.066542
10320 0.066812
10330 0.066499
10340 0.0668439
10350 0.0664216
10360 0.0662823
10370 0.0667549
10380 0.0667615
10390 0.0665618
10400 0.0668387
10410 0.0671616
10420 0.0673873
10430 0.0676524
10440 0.0671497
10450 0.0668333
10460 0.0666778
10470 0.0668995
10480 0.0664751
10490 0.066755
10500 0.0669305
10510 0.0672073
10520 0.0672231
10530 0.0673659
10540 0.0671224
10550 0.066969
10560 0.0670763
10570 0.0671356
10580 0.066732
10590 0.0664605
10600 0.0666687
10610 0.0660017
10620 0.0659689
10630 0.066553
10640 0.0662048
10650 0.0656357
10660 0.0657096
10670 0.0653809
10680 0.0655622
10690 0.0658452
10700 0.0658143
10710 0.0659456
10720 0.065429
10730 0.0654755
10740 0.0655949
10750 0.0658939
10760 0.0659562
10770 0.0661017
10780 0.0664912
10790 0.0660819
10800 0.0660365
10810 0.0666954
10820 0.0668461
10830 0.0675157
10840 0.0675252
10850 0.0672909
10860 0.0670938
10870 0.0671917
10880 0.0674466
10890 0.0673906
10900 0.0673934
10910 0.0675148
10920 0.0672876
10930 0.0679654
10940 0.0675641
10950 0.0675121
10960 0.0673327
10970 0.0666141
10980 0.066605
10990 0.0666168
11000 0.0666377
11010 0.0672506
11020 0.0673472
11030 0.0672295
11040 0.0673964
11050 0.0674493
11060 0.0676923
11070 0.0680009
11080 0.0678249
11090 0.0682775
11100 0.0680395
11110 0.0678449
11120 0.0677002
11130 0.0679002
11140 0.0680077
11150 0.0683323
11160 0.0689495
11170 0.0689944
11180 0.0684974
11190 0.068287
11200 0.0682051
11210 0.0682741
11220 0.0688108
11230 0.0687105
11240 0.0690075
11250 0.0685822
11260 0.0687087
11270 0.0685358
11280 0.0681733
11290 0.0680345
11300 0.0682928
11310 0.0686112
11320 0.0681659
11330 0.0683142
11340 0.0681978
11350 0.0683404
11360 0.0676017
11370 0.068004
11380 0.0678774
11390 0.0678849
11400 0.0679657
11410 0.06811
11420 0.0679388
11430 0.0675917
11440 0.0677251
11450 0.0676336
11460 0.0677839
11470 0.0671858
11480 0.0667803
11490 0.0666484
11500 0.0671126
11510 0.0668099
11520 0.0665642
11530 0.0667799
11540 0.0664052
11550 0.0667734
11560 0.066538
11570 0.0670033
11580 0.0668696
11590 0.0666135
11600 0.066781
11610 0.0668504
11620 0.0669915
11630 0.0670873
11640 0.0666622
11650 0.0666133
11660 0.0669184
11670 0.0671033
11680 0.0671254
11690 0.0675513
11700 0.0670852
11710 0.0668759
11720 0.0668762
11730 0.066995
11740 0.0671061
11750 0.0668501
11760 0.0670318
11770 0.0667406
11780 0.0671792
11790 0.0674098
11800 0.0675542
11810 0.0674427
11820 0.0678071
11830 0.0679463
11840 0.0685569
11850 0.068607
11860 0.0682877
11870 0.0680021
11880 0.0677268
11890 0.0678612
11900 0.068104
11910 0.0678601
11920 0.0674783
11930 0.0675574
11940 0.0678707
11950 0.0673114
11960 0.0676339
11970 0.067504
11980 0.0679485
11990 0.0677936
12000 0.0678
12010 0.0678135
12020 0.0681967
12030 0.0686471
12040 0.0688719
12050 0.0694135
12060 0.0696224
12070 0.0694443
12080 0.0693894
12090 0.069655
12100 0.0690809
12110 0.0687095
12120 0.0688212
12130 0.0689557
12140 0.0690378
12150 0.0690315
12160 0.0686666
12170 0.0691895
12180 0.0692183
12190 0.0689915
12200 0.0692139
12210 0.0690427
12220 0.0692438
12230 0.0690566
12240 0.0692946
12250 0.0689636
12260 0.0685253
12270 0.0680894
12280 0.0675283
12290 0.0673975
12300 0.0678787
12310 0.0686374
12320 0.0683161
12330 0.0688706
12340 0.0683459
12350 0.0678524
12360 0.0674888
12370 0.067656
12380 0.0681876
12390 0.0686415
12400 0.068777
12410 0.0691264
12420 0.0690143
12430 0.0697755
12440 0.0689459
12450 0.0684581
12460 0.0685244
12470 0.0686631
12480 0.0691165
12490 0.0692556
12500 0.0695819
12510 0.069724
12520 0.0700327
12530 0.0697162
12540 0.0695393
12550 0.0694275
12560 0.0692222
12570 0.0686193
12580 0.0683879
12590 0.0685141
12600 0.0688234
12610 0.0688192
12620 0.0692045
12630 0.0692623
12640 0.0692017
12650 0.0696505
12660 0.069737
12670 0.0695587
12680 0.0696271
12690 0.0696037
12700 0.0700462
12710 0.0706807
12720 0.0710092
12730 0.07096
12740 0.0710552
12750 0.0709241
12760 0.0708399
12770 0.0707301
12780 0.0705689
12790 0.0708396
12800 0.0704273
12810 0.0701934
12820 0.0699338
12830 0.0698709
12840 0.0696006
12850 0.0697654
12860 0.0697546
12870 0.0696629
12880 0.0696256
12890 0.0700615
12900 0.0698697
12910 0.0702879
12920 0.0700133
12930 0.0704199
12940 0.0707468
12950 0.0711003
12960 0.0715003
12970 0.0714865
12980 0.0712748
12990 0.0709376
13000 0.0704333
13010 0.0702847
13020 0.0699962
13030 0.0700044
13040 0.0701821
13050 0.0698722
13060 0.0696422
13070 0.0696837
13080 0.0694755
13090 0.0688388
13100 0.0686318
13110 0.0686252
13120 0.0688505
13130 0.0692622
13140 0.0694344
13150 0.0699447
13160 0.0707194
13170 0.0712167
13180 0.0715578
13190 0.0717468
13200 0.071818
13210 0.0717279
13220 0.0718383
13230 0.0714116
13240 0.0713129
13250 0.0715825
13260 0.0713564
13270 0.0712634
13280 0.0710211
13290 0.071841
13300 0.0720003
13310 0.0721064
13320 0.0715923
13330 0.0711151
13340 0.0710462
13350 0.0707135
13360 0.0709563
13370 0.0707088
13380 0.0705818
13390 0.0703627
13400 0.0700147
13410 0.0697618
13420 0.0697861
13430 0.070132
13440 0.070647
13450 0.071006
13460 0.0710862
13470 0.0715986
13480 0.0716393
13490 0.0713045
13500 0.0720178
13510 0.072265
13520 0.0722301
13530 0.0720826
13540 0.0718436
13550 0.0718175
13560 0.0712672
13570 0.0713834
13580 0.0715571
13590 0.0715619
13600 0.0717486
13610 0.071108
13620 0.0709594
13630 0.0711799
13640 0.0713041
13650 0.0713382
13660 0.0710676
13670 0.0713451
13680 0.0714532
13690 0.0719312
13700 0.0725966
13710 0.0725803
13720 0.0728609
13730 0.0729274
13740 0.0728882
13750 0.0732459
13760 0.0734651
13770 0.0731343
13780 0.0729631
13790 0.0728913
13800 0.0731042
13810 0.0724319
13820 0.0715047
13830 0.0712108
13840 0.0710775
13850 0.0712454
13860 0.0710956
13870 0.0707805
13880 0.0712714
13890 0.0715348
13900 0.0715422
13910 0.0714516
13920 0.0716518
13930 0.0718916
13940 0.0712385
13950 0.071483
13960 0.0712754
13970 0.07076
13980 0.0708342
13990 0.0709062
14000 0.0707151
14010 0.0707009
14020 0.0709336
14030 0.0702673
14040 0.0703288
14050 0.0705379
14060 0.070288
14070 0.0705166
14080 0.0704109
14090 0.0699358
14100 0.0701431
14110 0.0702501
14120 0.070083
14130 0.0699031
14140 0.0698647
14150 0.0695595
14160 0.0692303
14170 0.0693542
14180 0.0693689
14190 0.0694765
14200 0.0700033
14210 0.070042
14220 0.0698793
14230 0.0701008
14240 0.0701481
14250 0.0700716
14260 0.0702155
14270 0.0703723
14280 0.0700979
14290 0.0700032
14300 0.070336
14310 0.0704522
14320 0.0698804
14330 0.0695716
14340 0.0696127
14350 0.0697991
14360 0.0701314
14370 0.0703589
14380 0.0697414
14390 0.0700594
14400 0.0705475
14410 0.0706124
14420 0.0704569
14430 0.0704888
14440 0.070546
14450 0.0707138
14460 0.0700139
14470 0.0703959
14480 0.0696548
14490 0.0700749
14500 0.0702794
14510 0.0702412
14520 0.0706507
14530 0.0707444
14540 0.0706771
14550 0.0707597
14560 0.0704766
14570 0.0705535
14580 0.0706152
14590 0.0703224
14600 0.0704439
14610 0.0698543
14620 0.0694503
14630 0.0691034
14640 0.0689028
14650 0.0691379
14660 0.0688057
14670 0.0690482
14680 0.0695199
14690 0.070363
14700 0.071019
14710 0.0709769
14720 0.0708034
14730 0.0710367
14740 0.0710918
14750 0.0716196
14760 0.0719366
14770 0.0718357
14780 0.0716572
14790 0.0717358
14800 0.0717965
14810 0.0722671
14820 0.0723942
14830 0.0728222
14840 0.0731646
14850 0.0732301
14860 0.07271
14870 0.0719163
14880 0.0714718
14890 0.0711761
14900 0.0719712
14910 0.0716276
14920 0.0718582
14930 0.0726402
14940 0.07257
14950 0.0723293
14960 0.0722801
14970 0.072595
14980 0.0727043
14990 0.0729043
15000 0.0734575
15010 0.073671
15020 0.0733405
15030 0.0732896
15040 0.0734239
15050 0.0734429
15060 0.0733247
15070 0.0732546
15080 0.0736262
15090 0.0738199
15100 0.0737878
15110 0.073644
15120 0.0734651
15130 0.0733114
15140 0.0733126
15150 0.0736559
15160 0.0735203
15170 0.0734263
15180 0.0732009
15190 0.0732998
15200 0.072863
15210 0.0730858
15220 0.073426
15230 0.0735394
15240 0.0736248
15250 0.0740056
15260 0.0734677
15270 0.0736438
15280 0.0736253
15290 0.0730357
15300 0.0728698
15310 0.072806
15320 0.0729019
15330 0.073258
15340 0.0736084
15350 0.0732818
15360 0.0732617
15370 0.0730561
15380 0.07329
15390 0.0731756
15400 0.0732748
15410 0.0730733
15420 0.0730951
15430 0.072955
15440 0.0725258
15450 0.072497
15460 0.0717251
15470 0.0717846
15480 0.07178
15490 0.0719451
15500 0.0720144
15510 0.0719202
15520 0.0720619
15530 0.0720545
15540 0.0720239
15550 0.0720761
15560 0.0720848
15570 0.0715802
15580 0.0707697
15590 0.0709599
15600 0.0709397
15610 0.0711871
15620 0.070798
15630 0.0697337
15640 0.0696958
15650 0.0699434
15660 0.0699984
15670 0.0704048
15680 0.0701328
15690 0.0703387
15700 0.0709104
15710 0.070743
15720 0.0708266
15730 0.0706106
15740 0.0702005
15750 0.07023
15760 0.0699074
15770 0.0699145
15780 0.0697316
15790 0.0692611
15800 0.0693157
15810 0.0694536
15820 0.0689117
15830 0.0682462
15840 0.0682753
15850 0.0683341
15860 0.0684773
15870 0.0685967
15880 0.0685374
15890 0.0681103
15900 0.0683971
15910 0.0685486
15920 0.0682697
15930 0.0687075
15940 0.068787
15950 0.0690489
15960 0.0692758
15970 0.0688687
15980 0.0684554
15990 0.0682279
16000 0.0681695
16010 0.0678667
16020 0.0679281
16030 0.0679386
16040 0.0680743
16050 0.0682808
16060 0.0685241
16070 0.0684721
16080 0.0684119
16090 0.0686027
16100 0.0680308
16110 0.0681394
16120 0.0683145
16130 0.0684559
16140 0.068055
16150 0.0683785
16160 0.0684276
16170 0.068413
16180 0.0684705
16190 0.0683986
16200 0.0681967
16210 0.0679728
16220 0.06806
16230 0.068209
16240 0.0684624
16250 0.0683104
16260 0.0681509
16270 0.0679754
16280 0.067923
16290 0.0675883
16300 0.0674863
16310 0.0684329
16320 0.0683748
16330 0.0688068
16340 0.068811
16350 0.068489
16360 0.0691902
16370 0.0689418
16380 0.0693195
16390 0.0694115
16400 0.0692759
16410 0.0698214
16420 0.0693665
16430 0.0696836
16440 0.0699119
16450 0.0697759
16460 0.0694715
16470 0.0698131
16480 0.0700428
16490 0.0698234
16500 0.0692325
16510 0.069528
16520 0.0691562
16530 0.0683738
16540 0.0686164
16550 0.0687577
16560 0.0688594
16570 0.0687152
16580 0.069261
16590 0.0695002
16600 0.069607
16610 0.0694033
16620 0.0692179
16630 0.0691642
16640 0.0691678
16650 0.0692623
16660 0.0691348
16670 0.0692163
16680 0.0690739
16690 0.0693272
16700 0.0692705
16710 0.0692117
16720 0.0690455
16730 0.0690584
16740 0.0688453
16750 0.0692858
16760 0.0699389
16770 0.0699054
16780 0.0701464
16790 0.0701513
16800 0.0707105
16810 0.070277
16820 0.0702655
16830 0.0702674
16840 0.070381
16850 0.0704409
16860 0.0703241
16870 0.0695931
16880 0.0691338
16890 0.0687402
16900 0.0689884
16910 0.0690048
16920 0.0695602
16930 0.069764
16940 0.0698253
16950 0.0696987
16960 0.0699648
16970 0.0695748
16980 0.0695853
16990 0.0691284
17000 0.0691015
17010 0.069438
17020 0.0694957
17030 0.069622
17040 0.0699375
17050 0.0699794
17060 0.0695373
17070 0.0691325
17080 0.0697129
17090 0.0698586
17100 0.0694011
17110 0.069137
17120 0.0691506
17130 0.0695156
17140 0.069882
17150 0.0703175
17160 0.0707294
17170 0.0705791
17180 0.0707389
17190 0.0702106
17200 0.0698258
17210 0.0697859
17220 0.070024
17230 0.0696527
17240 0.0697852
17250 0.069214
17260 0.0694103
17270 0.0697318
17280 0.0698375
17290 0.0695271
17300 0.0693822
17310 0.0692435
17320 0.0689465
17330 0.068816
17340 0.0685727
17350 0.0683687
17360 0.0680716
17370 0.0675041
17380 0.0675145
17390 0.067346
17400 0.0670286
17410 0.0668284
17420 0.066632
17430 0.0668713
17440 0.0667499
17450 0.0671393
17460 0.0668042
17470 0.0666579
17480 0.0664043
17490 0.0675093
17500 0.0675163
17510 0.0671159
17520 0.0674044
17530 0.0673446
17540 0.0670519
17550 0.0671939
17560 0.0673174
17570 0.0681681
17580 0.0684699
17590 0.0688755
17600 0.0686175
17610 0.0687763
17620 0.0693044
17630 0.0697013
17640 0.0699122
17650 0.0700256
17660 0.0699527
17670 0.0699281
17680 0.0697379
17690 0.0697737
17700 0.0695879
17710 0.0693759
17720 0.0694205
17730 0.0694493
17740 0.0699115
17750 0.0698527
17760 0.0700542
17770 0.0702464
17780 0.0697409
17790 0.06947
17800 0.0696874
17810 0.069826
17820 0.0696496
17830 0.0696391
17840 0.0696294
17850 0.0688053
17860 0.0685366
17870 0.0682493
17880 0.0682381
17890 0.0678648
17900 0.068151
17910 0.0678499
17920 0.0681339
17930 0.0681058
17940 0.0681676
17950 0.0681274
17960 0.0684665
17970 0.0682448
17980 0.0679768
17990 0.0676767
18000 0.06758
18010 0.0678818
18020 0.0676924
18030 0.0674264
18040 0.0675953
18050 0.0678289
18060 0.0683387
18070 0.0681914
18080 0.0679659
18090 0.0684182
18100 0.0688544
18110 0.0686221
18120 0.0678855
18130 0.067802
18140 0.0676138
18150 0.067854
18160 0.0680073
18170 0.0682921
18180 0.0679341
18190 0.0679596
18200 0.0679467
18210 0.0678233
18220 0.0679324
18230 0.0674911
18240 0.06745
18250 0.0677882
18260 0.0678699
18270 0.0680355
18280 0.0683139
18290 0.068478
18300 0.0686735
18310 0.0688426
18320 0.0687503
18330 0.068358
18340 0.0683429
18350 0.0686129
18360 0.0688477
18370 0.068514
18380 0.0687467
18390 0.0685961
18400 0.0685557
18410 0.0685694
18420 0.0685356
18430 0.0687103
18440 0.0689127
18450 0.0682775
18460 0.06854
18470 0.0686347
18480 0.0677784
18490 0.0678629
18500 0.0681687
18510 0.0681255
18520 0.0676273
18530 0.067405
18540 0.0676314
18550 0.0673861
18560 0.066928
18570 0.0667669
18580 0.0662915
18590 0.0666068
18600 0.0663888
18610 0.0663469
18620 0.0667737
18630 0.0667442
18640 0.0667055
18650 0.0665101
18660 0.0669205
18670 0.0674266
18680 0.0677936
18690 0.0678275
18700 0.0672775
18710 0.0663489
18720 0.0664456
18730 0.0669479
18740 0.0667588
18750 0.0665554
18760 0.0666358
18770 0.0665633
18780 0.0661329
18790 0.0662914
18800 0.0658011
18810 0.0657976
18820 0.0658432
18830 0.0657326
18840 0.0656851
18850 0.0654078
18860 0.065599
18870 0.065907
18880 0.0659861
18890 0.0660489
18900 0.0662711
18910 0.066432
18920 0.0663441
18930 0.0656526
18940 0.0661605
18950 0.0662479
18960 0.0667595
18970 0.0664324
18980 0.0671644
18990 0.0673473
19000 0.0680158
19010 0.0681609
19020 0.0680077
19030 0.0674272
19040 0.067603
19050 0.067189
19060 0.0670068
19070 0.0672232
19080 0.0675923
19090 0.0678937
19100 0.0683118
19110 0.0679838
19120 0.0686357
19130 0.0687225
19140 0.0689297
19150 0.0688526
19160 0.0690112
19170 0.0691357
19180 0.0690181
19190 0.0688859
19200 0.0687428
19210 0.0682632
19220 0.0677747
19230 0.0675874
19240 0.0675025
19250 0.0679015
19260 0.0680878
19270 0.0688353
19280 0.0689145
19290 0.0689252
19300 0.0686236
19310 0.0687859
19320 0.0688291
19330 0.0690949
19340 0.0689618
19350 0.0686488
19360 0.0687984
19370 0.0691364
19380 0.0691181
19390 0.0695783
19400 0.0698249
19410 0.0700145
19420 0.0699496
19430 0.0699096
19440 0.0699298
19450 0.0701558
19460 0.0698867
19470 0.0694408
19480 0.0690917
19490 0.0694572
19500 0.0692114
19510 0.0693558
19520 0.0691353
19530 0.0696503
19540 0.0695897
19550 0.0694447
19560 0.0695847
19570 0.0696242
19580 0.0694527
19590 0.0695279
19600 0.0697033
19610 0.0697076
19620 0.0692279
19630 0.0689512
19640 0.0692839
19650 0.0699197
19660 0.0704626
19670 0.070129
19680 0.0700399
19690 0.0689432
19700 0.0688599
19710 0.0681669
19720 0.0681918
19730 0.0686314
19740 0.0688869
19750 0.0685046
19760 0.068605
19770 0.0685852
19780 0.0684437
19790 0.0685143
19800 0.068802
19810 0.0688111
19820 0.068854
19830 0.068574
19840 0.0688582
19850 0.068685
19860 0.0689773
19870 0.0691884
19880 0.0695405
19890 0.0701407
19900 0.0704818
19910 0.0696633
19920 0.0697342
19930 0.0703886
19940 0.0705481
19950 0.0704613
19960 0.0706098
19970 0.0706062
19980 0.0702752
19990 0.0699253
20000 0.0697204
