100 56.8493
200 51.6627
300 47.302
400 43.0716
500 39.3163
600 35.9557
700 32.8432
800 30.0222
900 27.419
1000 25.0243
1100 22.8834
1200 20.8699
1300 19.1291
1400 17.5667
1500 16.0976
1600 14.7546
1700 13.517
1800 12.437
1900 11.4084
2000 10.4666
2100 9.63069
2200 8.85323
2300 8.14846
2400 7.47294
2500 6.8567
2600 6.30714
2700 5.78269
2800 5.32958
2900 4.88263
3000 4.49426
3100 4.13081
3200 3.80117
3300 3.49981
3400 3.21697
3500 2.95861
3600 2.73229
3700 2.51894
3800 2.32769
3900 2.14368
4000 1.97853
4100 1.82447
4200 1.67904
4300 1.54601
4400 1.4259
4500 1.31576
4600 1.21351
4700 1.11898
4800 1.03269
4900 0.953476
5000 0.878672
5100 0.811807
5200 0.75183
5300 0.69377
5400 0.640384
5500 0.59162
5600 0.545997
5700 0.504951
5800 0.466807
5900 0.432526
6000 0.400082
6100 0.369363
6200 0.341593
6300 0.315488
6400 0.292254
6500 0.270659
6600 0.250951
6700 0.232587
6800 0.21541
6900 0.199005
7000 0.184032
7100 0.170219
7200 0.15803
7300 0.146437
7400 0.135062
7500 0.125501
7600 0.116427
7700 0.107862
7800 0.0997471
7900 0.0926073
8000 0.0858416
8100 0.0793767
8200 0.0733618
8300 0.0681217
8400 0.0631273
8500 0.0586407
8600 0.0544455
8700 0.0505882
8800 0.0469118
8900 0.0436326
9000 0.0406757
9100 0.0378544
9200 0.0353386
9300 0.0328495
9400 0.0305941
9500 0.028544
9600 0.0266858
9700 0.024881
9800 0.0230842
9900 0.0215697
10000 0.020072
10100 0.018842
10200 0.0175865
10300 0.0164586
10400 0.015607
10500 0.0147334
10600 0.0139479
10700 0.0131098
10800 0.0126337
10900 0.0122666
11000 0.011925
11100 0.0114903
11200 0.0109936
11300 0.0105445
11400 0.0102351
11500 0.00992554
11600 0.00968961
11700 0.00956287
11800 0.00939411
11900 0.00919962
12000 0.00908436
12100 0.00894328
12200 0.00879446
12300 0.00868066
12400 0.00847627
12500 0.00829579
12600 0.00839124
12700 0.00823518
12800 0.00805302
12900 0.00792238
13000 0.00786157
13100 0.00792839
13200 0.00788233
13300 0.00797799
13400 0.00821105
13500 0.0081338
13600 0.00790279
13700 0.00791613
13800 0.00786744
13900 0.00803531
14000 0.00784477
14100 0.00779019
14200 0.00769477
14300 0.00766981
14400 0.00762417
14500 0.00762422
14600 0.00759194
14700 0.00764294
14800 0.00767652
14900 0.00781701
15000 0.00768681
15100 0.00767146
15200 0.00775558
15300 0.00764251
15400 0.00764436
15500 0.00750237
15600 0.00742843
15700 0.00737445
15800 0.00752639
15900 0.00745789
16000 0.00742994
16100 0.00731777
16200 0.00748682
16300 0.00740861
16400 0.00741672
16500 0.00748795
16600 0.00771311
16700 0.0078962
16800 0.00767481
16900 0.00776188
17000 0.00770882
17100 0.0076338
17200 0.00768812
17300 0.00756875
17400 0.00759037
17500 0.00763081
17600 0.00768783
17700 0.00777172
17800 0.00783916
17900 0.0078237
18000 0.00792965
18100 0.00791662
18200 0.00781074
18300 0.00768943
18400 0.00783385
18500 0.007637
18600 0.00762039
18700 0.00774524
18800 0.00765695
18900 0.0076605
19000 0.00759451
19100 0.00743863
19200 0.00763412
19300 0.00756915
19400 0.00761007
19500 0.00768222
19600 0.00791182
19700 0.00770146
19800 0.00763778
19900 0.00759779
20000 0.00763173
20100 0.00752627
20200 0.00753088
20300 0.00760558
20400 0.0077123
20500 0.00766344
20600 0.00734196
20700 0.00738738
20800 0.00754137
20900 0.00772753
21000 0.00779678
21100 0.0077776
21200 0.00758673
21300 0.00753764
21400 0.00761431
21500 0.00764221
21600 0.00766919
21700 0.00759606
21800 0.00751847
21900 0.00752348
22000 0.00760375
22100 0.00743178
22200 0.00773755
22300 0.007835
22400 0.00791952
22500 0.00785386
22600 0.0079136
22700 0.00777891
22800 0.00792222
22900 0.00779793
23000 0.00773704
23100 0.00759364
23200 0.00735333
23300 0.00725263
23400 0.00732802
23500 0.00731368
23600 0.00741567
23700 0.0074073
23800 0.00750544
23900 0.00768354
24000 0.00762369
24100 0.00763977
24200 0.00783336
24300 0.00784955
24400 0.00793076
24500 0.00788994
24600 0.00818389
24700 0.00788334
24800 0.0077582
24900 0.00777292
25000 0.00759327
25100 0.00740729
25200 0.00780219
25300 0.00785417
25400 0.00782116
25500 0.00777748
25600 0.00775207
25700 0.00774745
25800 0.00788523
25900 0.00775872
26000 0.00766461
26100 0.00759415
26200 0.00763898
26300 0.00760447
26400 0.00772905
26500 0.00775004
26600 0.00784749
26700 0.00778507
26800 0.00778845
26900 0.0078293
27000 0.00787839
27100 0.00784623
27200 0.00774581
27300 0.00779488
27400 0.00776155
27500 0.00768177
27600 0.00769364
27700 0.00744855
27800 0.00729082
27900 0.00750267
28000 0.00743836
28100 0.00757462
28200 0.00746244
28300 0.00740178
28400 0.00748909
28500 0.00769208
28600 0.00754799
28700 0.00738654
28800 0.00753469
28900 0.00770236
29000 0.00753101
29100 0.00756398
29200 0.00763881
29300 0.00772177
29400 0.00780605
29500 0.00772739
29600 0.00769451
29700 0.00769928
29800 0.00785037
29900 0.0078299
30000 0.00780826
30100 0.0077789
30200 0.0078162
30300 0.00786532
30400 0.00787114
30500 0.00785968
30600 0.00774436
30700 0.0076549
30800 0.00786345
30900 0.00794388
31000 0.00799761
31100 0.00810483
31200 0.00822532
31300 0.00799272
31400 0.00800756
31500 0.00778332
31600 0.00782955
31700 0.00777682
31800 0.00776124
31900 0.00773767
32000 0.00760722
32100 0.00762353
32200 0.00771924
32300 0.00777167
32400 0.00791007
32500 0.00787651
32600 0.00788607
32700 0.00775004
32800 0.00782538
32900 0.00790487
33000 0.00783703
33100 0.00776465
33200 0.00770777
33300 0.00773084
33400 0.00752657
33500 0.00754523
33600 0.0076898
33700 0.00779891
33800 0.00770934
33900 0.00754755
34000 0.00754343
34100 0.00753633
34200 0.0075792
34300 0.00770735
34400 0.00773763
34500 0.00771636
34600 0.00758947
34700 0.00768136
34800 0.00761401
34900 0.00770255
35000 0.00805828
35100 0.00802288
35200 0.00789702
35300 0.00808375
35400 0.00800096
35500 0.00784134
35600 0.00797431
35700 0.00792329
35800 0.00789154
35900 0.00784091
36000 0.00797228
36100 0.00789748
36200 0.00803068
36300 0.00812122
36400 0.00808253
36500 0.00806438
36600 0.0081044
36700 0.00801862
36800 0.00792521
36900 0.00786877
37000 0.00791425
37100 0.00788915
37200 0.0079785
37300 0.00787531
37400 0.00787144
37500 0.00789363
37600 0.00772325
37700 0.00770693
37800 0.00758035
37900 0.00773755
38000 0.00761058
38100 0.0077278
38200 0.00755409
38300 0.00750358
38400 0.00750434
38500 0.00755638
38600 0.00762153
38700 0.00763052
38800 0.00758637
38900 0.00768825
39000 0.00776487
39100 0.00784463
39200 0.00767446
39300 0.007834
39400 0.00792576
39500 0.00821276
39600 0.00822432
39700 0.0080553
39800 0.00803907
39900 0.00800527
40000 0.00784388
40100 0.00782007
40200 0.00781381
40300 0.00777038
40400 0.00783644
40500 0.00782013
40600 0.00791823
40700 0.00783708
40800 0.00774758
40900 0.00766533
41000 0.00756305
41100 0.00770288
41200 0.00768513
41300 0.00762184
41400 0.00762886
41500 0.00755239
41600 0.00759793
41700 0.00765074
41800 0.00768853
41900 0.0076467
42000 0.00755255
42100 0.00747055
42200 0.00755933
42300 0.00752855
42400 0.00757356
42500 0.00770607
42600 0.00792865
42700 0.00790244
42800 0.00778389
42900 0.00775007
43000 0.00774658
43100 0.0078931
43200 0.00791058
43300 0.00792973
43400 0.00795692
43500 0.00796605
43600 0.00800149
43700 0.00786702
43800 0.00788966
43900 0.00768474
44000 0.00768396
44100 0.00783091
44200 0.00781857
44300 0.00788912
44400 0.0078707
44500 0.00770337
44600 0.007814
44700 0.00772316
44800 0.00755827
44900 0.0074207
45000 0.0073385
45100 0.00756012
45200 0.0075697
45300 0.0074553
45400 0.00767335
45500 0.00777201
45600 0.00760346
45700 0.00770304
45800 0.00772057
45900 0.00755947
46000 0.00756156
46100 0.00740495
46200 0.00739549
46300 0.00756158
46400 0.0075173
46500 0.00736517
46600 0.00738046
46700 0.00755041
46800 0.00736961
46900 0.0073578
47000 0.00732461
47100 0.00736478
47200 0.00764733
47300 0.00760446
47400 0.00757898
47500 0.00761502
47600 0.00784969
47700 0.00785008
47800 0.00773057
47900 0.0077601
48000 0.00767859
48100 0.00771677
48200 0.0077554
48300 0.00758777
48400 0.00757117
48500 0.00744247
48600 0.00756276
48700 0.00758897
48800 0.00758434
48900 0.0075838
49000 0.00764648
49100 0.00755806
49200 0.00778164
49300 0.00786876
49400 0.00790026
49500 0.0078296
49600 0.00784346
49700 0.00808765
49800 0.00799997
49900 0.00788259
50000 0.0079082
50100 0.00797805
50200 0.00796063
50300 0.00801712
50400 0.00796432
50500 0.00788041
50600 0.00764406
50700 0.00800913
50800 0.00791774
50900 0.00772424
51000 0.00769915
51100 0.00761664
51200 0.00754543
51300 0.00748257
51400 0.00761429
51500 0.00755469
51600 0.00761124
51700 0.00770976
51800 0.0076452
51900 0.0076745
52000 0.00749198
52100 0.00738068
52200 0.00731724
52300 0.00752713
52400 0.00773052
52500 0.00777402
52600 0.00785207
52700 0.00785198
52800 0.00781401
52900 0.0078558
53000 0.00774305
53100 0.00774312
53200 0.00772508
53300 0.00756609
53400 0.00752217
53500 0.00781832
53600 0.00795929
53700 0.00791368
53800 0.00784705
53900 0.00781258
54000 0.00802276
54100 0.00785773
54200 0.00797816
54300 0.00790754
54400 0.00786306
54500 0.00780273
54600 0.00758532
54700 0.00763024
54800 0.00765671
54900 0.00775863
55000 0.00765188
55100 0.00770016
55200 0.00787877
55300 0.00802908
55400 0.00812103
55500 0.0081403
55600 0.0080551
55700 0.00806737
55800 0.00813744
55900 0.00794397
56000 0.00787023
56100 0.00795024
56200 0.00803286
56300 0.00784264
56400 0.00767879
56500 0.0076414
56600 0.00772472
56700 0.00790086
56800 0.00774598
56900 0.0078025
57000 0.00788648
57100 0.00774563
57200 0.00751245
57300 0.00747998
57400 0.00759067
57500 0.00763114
57600 0.00755812
57700 0.00765779
57800 0.00756184
57900 0.00770477
58000 0.00748767
58100 0.00768499
58200 0.00762208
58300 0.00743745
58400 0.00765437
58500 0.00753145
58600 0.00765908
58700 0.00758284
58800 0.00782226
58900 0.00782933
59000 0.00773823
59100 0.00779587
59200 0.00772962
59300 0.00784686
59400 0.00777575
59500 0.00773843
59600 0.00751866
59700 0.0074644
59800 0.00759999
59900 0.00731927
60000 0.00736193
60100 0.00744916
60200 0.00748878
60300 0.00739247
60400 0.00770236
60500 0.00771819
60600 0.00768786
60700 0.00767048
60800 0.00784325
60900 0.00785812
61000 0.00796381
61100 0.00792177
61200 0.00787748
61300 0.00794489
61400 0.00790763
61500 0.00783011
61600 0.00774828
61700 0.00770389
61800 0.0077567
61900 0.00767286
62000 0.00781123
62100 0.00778017
62200 0.00762705
62300 0.00769872
62400 0.00754583
62500 0.00745994
62600 0.0074435
62700 0.00763116
62800 0.00764613
62900 0.00792009
63000 0.0080078
63100 0.0078344
63200 0.007886
63300 0.00786762
63400 0.00787074
63500 0.00787466
63600 0.00783268
63700 0.00775852
63800 0.00769802
63900 0.00769921
64000 0.00773453
64100 0.00770126
64200 0.00773517
64300 0.00770041
64400 0.00774362
64500 0.00780478
64600 0.00765711
64700 0.00787423
64800 0.00758675
64900 0.007683
65000 0.00760341
65100 0.00754153
65200 0.0076859
65300 0.00778327
65400 0.00779458
65500 0.00780353
65600 0.00784214
65700 0.00783587
65800 0.00789894
65900 0.00786388
66000 0.00782084
66100 0.00770581
66200 0.00770335
66300 0.00776727
66400 0.0078296
66500 0.00773211
66600 0.00775955
66700 0.00762813
66800 0.00758574
66900 0.00772331
67000 0.00757838
67100 0.00751128
67200 0.00753716
67300 0.00755251
67400 0.00743254
67500 0.00749265
67600 0.00761085
67700 0.00755874
67800 0.00764362
67900 0.00754789
68000 0.00772319
68100 0.00754793
68200 0.00766713
68300 0.0076948
68400 0.00768857
68500 0.00783555
68600 0.0077905
68700 0.00777258
68800 0.0077786
68900 0.00775997
69000 0.00774799
69100 0.00778916
69200 0.0077844
69300 0.00764062
69400 0.0076456
69500 0.00773298
69600 0.00753835
69700 0.00758586
69800 0.00751651
69900 0.00761254
70000 0.00760251
70100 0.00778033
70200 0.00781057
70300 0.00766414
70400 0.00770371
70500 0.00771931
70600 0.00774661
70700 0.00764054
70800 0.00754608
70900 0.00744677
71000 0.00747605
71100 0.00750262
71200 0.00758873
71300 0.00756183
71400 0.00753699
71500 0.00768028
71600 0.00777844
71700 0.0078052
71800 0.00788156
71900 0.00789873
72000 0.00791214
72100 0.00784314
72200 0.00786156
72300 0.00799051
72400 0.00801316
72500 0.00807252
72600 0.00807775
72700 0.00807795
72800 0.00792317
72900 0.007758
73000 0.00784786
73100 0.00772355
73200 0.00770236
73300 0.00765755
73400 0.00773894
73500 0.00774431
73600 0.00771135
73700 0.00784904
73800 0.00780682
73900 0.00804253
74000 0.00800141
74100 0.00807764
74200 0.00809558
74300 0.00804346
74400 0.00798018
74500 0.00794715
74600 0.00776528
74700 0.00763511
74800 0.00759348
74900 0.00771441
75000 0.00783286
75100 0.00772278
75200 0.00775543
75300 0.00778221
75400 0.00775662
75500 0.00769466
75600 0.00773692
75700 0.00774387
75800 0.00764793
75900 0.00761673
76000 0.0076678
76100 0.0076272
76200 0.00756984
76300 0.00777807
76400 0.0075711
76500 0.00750984
76600 0.00736929
76700 0.00740073
76800 0.00755286
76900 0.00771718
77000 0.00769291
77100 0.00782325
77200 0.00787051
77300 0.00775837
77400 0.00775462
77500 0.00781996
77600 0.0078266
77700 0.00775944
77800 0.00757218
77900 0.00772533
78000 0.00772837
78100 0.00792662
78200 0.00777379
78300 0.0077798
78400 0.00769335
78500 0.0077643
78600 0.00777541
78700 0.00788915
78800 0.00782352
78900 0.00788216
79000 0.00793753
79100 0.00793288
79200 0.00766888
79300 0.00769307
79400 0.00765523
79500 0.00766762
79600 0.00774716
79700 0.00762618
79800 0.0075493
79900 0.00751673
80000 0.00768234
80100 0.00744394
80200 0.0076323
80300 0.00769744
80400 0.00779561
80500 0.0076481
80600 0.0077251
80700 0.00762408
80800 0.00752565
80900 0.00767405
81000 0.00782169
81100 0.008062
81200 0.00813627
81300 0.00803683
81400 0.00795571
81500 0.00783009
81600 0.007792
81700 0.00767873
81800 0.00791656
81900 0.00773698
82000 0.00768616
82100 0.00785033
82200 0.00786966
82300 0.00794024
82400 0.00789545
82500 0.00780108
82600 0.00781401
82700 0.00784433
82800 0.00776216
82900 0.00775196
83000 0.00799707
83100 0.00796645
83200 0.00788254
83300 0.00785646
83400 0.00788893
83500 0.00806639
83600 0.00790352
83700 0.00793307
83800 0.00798965
83900 0.00801774
84000 0.0077686
84100 0.00765291
84200 0.00770629
84300 0.0078768
84400 0.00788824
84500 0.0079412
84600 0.00796373
84700 0.00809474
84800 0.00808028
84900 0.00801308
85000 0.0078366
85100 0.00760566
85200 0.00753646
85300 0.00747505
85400 0.00754781
85500 0.00765859
85600 0.00777451
85700 0.00773554
85800 0.00761734
85900 0.00772526
86000 0.00743427
86100 0.00747963
86200 0.00753254
86300 0.00737945
86400 0.00751731
86500 0.00757598
86600 0.00764871
86700 0.00765872
86800 0.00768634
86900 0.00776379
87000 0.00760482
87100 0.0075352
87200 0.00747273
87300 0.00744396
87400 0.00760236
87500 0.00759114
87600 0.00766177
87700 0.00778433
87800 0.00762034
87900 0.00755552
88000 0.00766881
88100 0.00773086
88200 0.00766322
88300 0.00762182
88400 0.00762566
88500 0.00760669
88600 0.00762726
88700 0.00764452
88800 0.00763054
88900 0.00747164
89000 0.00747616
89100 0.00754882
89200 0.00764689
89300 0.00749268
89400 0.00740187
89500 0.0073782
89600 0.00738793
89700 0.00748322
89800 0.00768416
89900 0.00786152
90000 0.00781454
90100 0.00778903
90200 0.00785474
90300 0.00781356
90400 0.00780311
90500 0.00758144
90600 0.00774428
90700 0.00762725
90800 0.00776683
90900 0.00781701
91000 0.00773043
91100 0.00786686
91200 0.00793925
91300 0.00795688
91400 0.00819591
91500 0.00818415
91600 0.00796363
91700 0.00783149
91800 0.00775396
91900 0.00770937
92000 0.00757344
92100 0.00761981
92200 0.00764054
92300 0.00763553
92400 0.00764239
92500 0.00751408
92600 0.00760069
92700 0.00782395
92800 0.00771339
92900 0.00776992
93000 0.0079341
93100 0.00796675
93200 0.00801502
93300 0.00792293
93400 0.00794099
93500 0.00794561
93600 0.00806792
93700 0.00801733
93800 0.00804718
93900 0.00813738
94000 0.00809562
94100 0.00809906
94200 0.00795844
94300 0.00787029
94400 0.0076984
94500 0.00764227
94600 0.00772677
94700 0.00771865
94800 0.00779378
94900 0.0078518
95000 0.00785249
95100 0.00786252
95200 0.00792911
95300 0.00789102
95400 0.00808083
95500 0.00797072
95600 0.00788098
95700 0.00773201
95800 0.00762603
95900 0.00774813
96000 0.00774687
96100 0.00770655
96200 0.0076103
96300 0.00769672
96400 0.00783291
96500 0.00759603
96600 0.00767418
96700 0.00774962
96800 0.00777103
96900 0.00764233
97000 0.00779247
97100 0.0079479
97200 0.00783
97300 0.0076496
97400 0.00766598
97500 0.00770838
97600 0.00780913
97700 0.00780392
97800 0.00783163
97900 0.00793767
98000 0.00778869
98100 0.00793878
98200 0.00803956
98300 0.0078615
98400 0.00798843
98500 0.00793011
98600 0.00793045
98700 0.00792011
98800 0.00820315
98900 0.0080704
99000 0.00805425
99100 0.00808601
99200 0.00801916
99300 0.00818771
99400 0.00819919
99500 0.0080466
99600 0.00799567
99700 0.00777023
99800 0.00779305
99900 0.00771372
100000 0.00789956
100100 0.0077395
100200 0.00763865
100300 0.0077429
100400 0.00780061
100500 0.00792978
100600 0.00787821
100700 0.00788889
100800 0.0077528
100900 0.0077977
101000 0.00778374
101100 0.00776659
101200 0.00788802
101300 0.00800561
101400 0.00796188
101500 0.00813698
101600 0.00817524
101700 0.0081436
101800 0.00800228
101900 0.00776196
102000 0.00796376
102100 0.00808437
102200 0.00812941
102300 0.0081144
102400 0.00790096
102500 0.0078058
102600 0.00775459
102700 0.00748249
102800 0.00752071
102900 0.00758042
103000 0.0077284
103100 0.00774134
103200 0.00784438
103300 0.00765817
103400 0.0079178
103500 0.00791106
103600 0.00795013
103700 0.00797448
103800 0.0079917
103900 0.0080213
104000 0.00806237
104100 0.00809627
104200 0.00823327
104300 0.0079832
104400 0.00785721
104500 0.0078728
104600 0.00810475
104700 0.00805829
104800 0.00794848
104900 0.00773569
105000 0.00785897
105100 0.00781493
105200 0.00789663
105300 0.00780925
105400 0.00790012
105500 0.00800694
105600 0.008078
105700 0.00800845
105800 0.00778623
105900 0.00808676
106000 0.00797201
106100 0.00778744
106200 0.00784789
106300 0.00770853
106400 0.00787601
106500 0.00784217
106600 0.00795123
106700 0.00799886
106800 0.00803726
106900 0.00801515
107000 0.00807004
107100 0.00800524
107200 0.00786448
107300 0.00786147
107400 0.00796593
107500 0.00787742
107600 0.00802814
107700 0.00811696
107800 0.00799927
107900 0.00810861
108000 0.00797784
108100 0.00814018
108200 0.00809988
108300 0.00816969
108400 0.00832309
108500 0.00829684
108600 0.0082335
108700 0.0080592
108800 0.008075
108900 0.00807122
109000 0.00806823
109100 0.00783487
109200 0.00792095
109300 0.00778937
109400 0.00789076
109500 0.00771338
109600 0.00782489
109700 0.00788047
109800 0.00780739
109900 0.007702
110000 0.00796292
110100 0.00804215
110200 0.00800291
110300 0.00817816
110400 0.00814741
110500 0.00820931
110600 0.0080845
110700 0.00806569
110800 0.00792265
110900 0.00783389
111000 0.00776269
111100 0.00787619
111200 0.00793894
111300 0.00794861
111400 0.0080454
111500 0.00808997
111600 0.00796435
111700 0.00783245
111800 0.00792117
111900 0.00779504
112000 0.00767725
112100 0.00794013
112200 0.00793562
112300 0.00809179
112400 0.00795645
112500 0.0080936
112600 0.0082482
112700 0.00796523
112800 0.00810012
112900 0.00821694
113000 0.00815976
113100 0.00812816
113200 0.00806194
113300 0.00814666
113400 0.00805099
113500 0.00789167
113600 0.00785102
113700 0.00784814
113800 0.00801223
113900 0.00805299
114000 0.00800867
114100 0.00800108
114200 0.00812774
114300 0.00793111
114400 0.00799338
114500 0.00807015
114600 0.00771147
114700 0.0078652
114800 0.00776444
114900 0.0077109
115000 0.00782018
115100 0.00762092
115200 0.0076342
115300 0.00776114
115400 0.00782704
115500 0.00770672
115600 0.00782586
115700 0.00776179
115800 0.00767728
115900 0.007701
116000 0.00747329
116100 0.00737974
116200 0.00728132
116300 0.00735366
116400 0.00751326
116500 0.00770475
116600 0.00758921
116700 0.0076597
116800 0.00764285
116900 0.00757816
117000 0.00757709
117100 0.00758507
117200 0.00737209
117300 0.00744372
117400 0.00748483
117500 0.00745257
117600 0.00746005
117700 0.00738644
117800 0.00729414
117900 0.00712417
118000 0.00741567
118100 0.00735954
118200 0.00745767
118300 0.00760538
118400 0.00775141
118500 0.00785099
118600 0.00782796
118700 0.0078834
118800 0.00765137
118900 0.00751327
119000 0.00747696
119100 0.00764319
119200 0.00754515
119300 0.00757029
119400 0.00762757
119500 0.00762056
119600 0.00773788
119700 0.00762573
119800 0.00766254
119900 0.00780346
120000 0.00794264
120100 0.0079491
120200 0.00803745
120300 0.00816903
120400 0.00800228
120500 0.00796434
120600 0.00808957
120700 0.00811978
120800 0.00803265
120900 0.00818054
121000 0.00806256
121100 0.00807715
121200 0.00781458
121300 0.0078289
121400 0.00756489
121500 0.00778356
121600 0.00786122
121700 0.00800702
121800 0.00773694
121900 0.00779504
122000 0.00772394
122100 0.00787219
122200 0.00769716
122300 0.0076638
122400 0.00763545
122500 0.0077065
122600 0.00768248
122700 0.00761908
122800 0.00753905
122900 0.00760199
123000 0.00760802
123100 0.00755353
123200 0.00762554
123300 0.00763736
123400 0.00768263
123500 0.00771855
123600 0.00770449
123700 0.00762624
123800 0.00764455
123900 0.00751513
124000 0.00764428
124100 0.00771765
124200 0.00772246
124300 0.0077287
124400 0.00768254
124500 0.00782133
124600 0.00775657
124700 0.007923
124800 0.00780047
124900 0.00781247
125000 0.00779799
125100 0.00770846
125200 0.00771476
125300 0.00775476
125400 0.00775735
125500 0.00769653
125600 0.00789674
125700 0.00774669
125800 0.00813917
125900 0.00808129
126000 0.00795386
126100 0.00780428
126200 0.00748883
126300 0.00753988
126400 0.00759377
126500 0.00751249
126600 0.00770743
126700 0.00761577
126800 0.00792916
126900 0.00775605
127000 0.00778087
127100 0.00810834
127200 0.00815214
127300 0.00824566
127400 0.0082008
127500 0.00805571
127600 0.00793021
127700 0.00783574
127800 0.00777969
127900 0.00771397
128000 0.00773433
128100 0.00767598
128200 0.00761961
128300 0.00749704
128400 0.00753614
128500 0.00748616
128600 0.00748262
128700 0.00751875
128800 0.00745704
128900 0.00772997
129000 0.00771366
129100 0.00771877
129200 0.00758578
129300 0.00737377
129400 0.00746534
129500 0.00753573
129600 0.00756652
129700 0.0075258
129800 0.00764905
129900 0.00766011
130000 0.00778421
130100 0.00759266
130200 0.00767235
130300 0.00777093
130400 0.00762999
130500 0.00780608
130600 0.00760856
130700 0.00763892
130800 0.00767577
130900 0.00783826
131000 0.00775842
131100 0.00780963
131200 0.00781649
131300 0.00783397
131400 0.00792414
131500 0.00801732
131600 0.00784807
131700 0.00779056
131800 0.00788562
131900 0.00797851
132000 0.0079374
132100 0.00789235
132200 0.00790295
132300 0.0079799
132400 0.00797964
132500 0.0079902
132600 0.00792983
132700 0.00785373
132800 0.00805815
132900 0.00806916
133000 0.00782612
133100 0.00768155
133200 0.00765744
133300 0.00769861
133400 0.00769443
133500 0.00771105
133600 0.00770168
133700 0.00762937
133800 0.00773672
133900 0.00786432
134000 0.0078155
134100 0.00786416
134200 0.00780615
134300 0.00778264
134400 0.00757626
134500 0.00765367
134600 0.00756715
134700 0.00752121
134800 0.00775487
134900 0.00766596
135000 0.00776352
135100 0.00774596
135200 0.00767213
135300 0.0076081
135400 0.00770044
135500 0.00767054
135600 0.00754542
135700 0.0074508
135800 0.00757771
135900 0.00767822
136000 0.00754566
136100 0.0075746
136200 0.00745367
136300 0.00750555
136400 0.00768382
136500 0.00761709
136600 0.00761317
136700 0.00756156
136800 0.00783913
136900 0.00773811
137000 0.0076576
137100 0.00771893
137200 0.00763294
137300 0.00767759
137400 0.00787042
137500 0.00771639
137600 0.00784707
137700 0.00798093
137800 0.00801061
137900 0.00777921
138000 0.00766652
138100 0.00745028
138200 0.00752692
138300 0.00785083
138400 0.00769279
138500 0.00754311
138600 0.00777518
138700 0.00772483
138800 0.00802016
138900 0.00801261
139000 0.00798924
139100 0.00788131
139200 0.00757864
139300 0.00791936
139400 0.00787103
139500 0.0077898
139600 0.0078434
139700 0.00777427
139800 0.00790774
139900 0.00789835
140000 0.00801101
140100 0.00801586
140200 0.0079706
140300 0.0079785
140400 0.00790456
140500 0.00789709
140600 0.00781701
140700 0.00785172
140800 0.00781231
140900 0.00753085
141000 0.00757902
141100 0.00763911
141200 0.00763427
141300 0.00753329
141400 0.00729067
141500 0.00740981
141600 0.00720979
141700 0.00735657
141800 0.00735797
141900 0.00749346
142000 0.00769101
142100 0.00775556
142200 0.00769606
142300 0.00781563
142400 0.00776994
142500 0.00785352
142600 0.00781115
142700 0.00755152
142800 0.00754041
142900 0.00767759
143000 0.00773285
143100 0.00783903
143200 0.00769326
143300 0.00771492
143400 0.00769321
143500 0.00764171
143600 0.00787426
143700 0.00784011
143800 0.00782902
143900 0.00785998
144000 0.00792212
144100 0.00787712
144200 0.0078215
144300 0.00778807
144400 0.00771235
144500 0.00763954
144600 0.00743525
144700 0.00744599
144800 0.00753377
144900 0.00761669
145000 0.00765218
145100 0.0076334
145200 0.00757978
145300 0.00766264
145400 0.0076889
145500 0.00778686
145600 0.00788672
145700 0.00778277
145800 0.00778054
145900 0.00787991
146000 0.00789331
146100 0.00800515
146200 0.00809768
146300 0.00818682
146400 0.00811504
146500 0.00807869
146600 0.00801387
146700 0.00801811
146800 0.00813203
146900 0.00799168
147000 0.00793122
147100 0.00782245
147200 0.00779996
147300 0.00778225
147400 0.00772524
147500 0.00781881
147600 0.00786686
147700 0.00780494
147800 0.00770302
147900 0.0078036
148000 0.00767103
148100 0.0075825
148200 0.00761494
148300 0.00758139
148400 0.00767954
148500 0.0077127
148600 0.00762236
148700 0.00762489
148800 0.00767402
148900 0.00758516
149000 0.00770708
149100 0.00783689
149200 0.00785487
149300 0.00791575
149400 0.00797205
149500 0.0079344
149600 0.00788963
149700 0.00767121
149800 0.00785108
149900 0.00805618
150000 0.00802252
150100 0.00792168
150200 0.00782561
150300 0.00783811
150400 0.00775149
150500 0.00770598
150600 0.00758097
150700 0.00749576
150800 0.00778195
150900 0.00774918
151000 0.00778438
151100 0.00773026
151200 0.00801986
151300 0.00780363
151400 0.00789936
151500 0.00783154
151600 0.0080336
151700 0.00785131
151800 0.00791093
151900 0.00809984
152000 0.00817931
152100 0.00802283
152200 0.00793904
152300 0.00782649
152400 0.00777956
152500 0.00779132
152600 0.0079352
152700 0.00793888
152800 0.00795341
152900 0.00820301
153000 0.00812556
153100 0.00808402
153200 0.00781263
153300 0.00773886
153400 0.0078164
153500 0.00768305
153600 0.00759089
153700 0.00764774
153800 0.00755264
153900 0.00752385
154000 0.00751882
154100 0.00761473
154200 0.00769316
154300 0.00760615
154400 0.00773745
154500 0.0077955
154600 0.00767213
154700 0.00772603
154800 0.00762167
154900 0.00768905
155000 0.00784752
155100 0.0077225
155200 0.00779101
155300 0.00774041
155400 0.00783772
155500 0.00770778
155600 0.00785065
155700 0.00792816
155800 0.00794585
155900 0.00781884
156000 0.00784475
156100 0.00772669
156200 0.00781093
156300 0.00784266
156400 0.0079335
156500 0.00777251
156600 0.0078509
156700 0.00776561
156800 0.00766922
156900 0.00755258
157000 0.0075259
157100 0.00764622
157200 0.00757162
157300 0.00761486
157400 0.00762849
157500 0.00763979
157600 0.00786419
157700 0.00784232
157800 0.00778556
157900 0.00767731
158000 0.00761546
158100 0.00763351
158200 0.0076187
158300 0.0077425
158400 0.00769785
158500 0.00775097
158600 0.00785085
158700 0.00804715
158800 0.00791756
158900 0.0078866
159000 0.00787495
159100 0.00783735
159200 0.00771805
159300 0.00767741
159400 0.00767957
159500 0.00753324
159600 0.00772242
159700 0.00781236
159800 0.0078103
159900 0.0078297
160000 0.0076855
160100 0.00776816
160200 0.00800315
160300 0.00808634
160400 0.00800793
160500 0.00796419
160600 0.00803418
160700 0.00784232
160800 0.00784492
160900 0.00786642
161000 0.00789542
161100 0.00788999
161200 0.00790873
161300 0.00773979
161400 0.0076451
161500 0.00764744
161600 0.00759991
161700 0.00735192
161800 0.00752585
161900 0.00751408
162000 0.00776812
162100 0.00773478
162200 0.00770479
162300 0.00775759
162400 0.00777276
162500 0.00768222
162600 0.00778575
162700 0.007873
162800 0.00775281
162900 0.0074863
163000 0.00750371
163100 0.00753718
163200 0.00767232
163300 0.00765402
163400 0.00768279
163500 0.00777197
163600 0.00769555
163700 0.00757363
163800 0.00755901
163900 0.00775967
164000 0.00775718
164100 0.0076874
164200 0.00762216
164300 0.00752376
164400 0.00757955
164500 0.00773161
164600 0.00760677
164700 0.00763872
164800 0.00775995
164900 0.00779134
165000 0.00802126
165100 0.00801142
165200 0.00768923
165300 0.00767885
165400 0.00777398
165500 0.00789377
165600 0.00783809
165700 0.00800741
165800 0.00790367
165900 0.00787685
166000 0.00782055
166100 0.00787278
166200 0.00781177
166300 0.00770568
166400 0.0077787
166500 0.00780802
166600 0.00796299
166700 0.00785221
166800 0.00768935
166900 0.0079274
167000 0.008031
167100 0.00801346
167200 0.00783792
167300 0.00789644
167400 0.00794416
167500 0.00781465
167600 0.00785677
167700 0.00782801
167800 0.00800865
167900 0.00801012
168000 0.00799349
168100 0.00791854
168200 0.00780905
168300 0.00782146
168400 0.00778258
168500 0.00794023
168600 0.00794243
168700 0.00775426
168800 0.00776328
168900 0.00765798
169000 0.0078425
169100 0.00786008
169200 0.00782231
169300 0.00802046
169400 0.00785869
169500 0.00791004
169600 0.0079591
169700 0.00770457
169800 0.00773368
169900 0.00778072
170000 0.00765884
170100 0.00764808
170200 0.00766897
170300 0.00758795
170400 0.00762114
170500 0.00770041
170600 0.00742524
170700 0.00730703
170800 0.0072787
170900 0.00755282
171000 0.00775194
171100 0.0078674
171200 0.00789642
171300 0.00791417
171400 0.00783688
171500 0.00800511
171600 0.00791981
171700 0.00783
171800 0.00770389
171900 0.00767785
172000 0.00770002
172100 0.00769332
172200 0.00757263
172300 0.00753836
172400 0.00732977
172500 0.00765118
172600 0.00761695
172700 0.00764892
172800 0.00762354
172900 0.00767227
173000 0.00776312
173100 0.00787799
173200 0.00774845
173300 0.0077788
173400 0.00760612
173500 0.00761423
173600 0.00751441
173700 0.00762955
173800 0.00753201
173900 0.00765771
174000 0.00763767
174100 0.00793463
174200 0.00804277
174300 0.00809615
174400 0.00807798
174500 0.00811067
174600 0.00800237
174700 0.00778403
174800 0.00778079
174900 0.00774526
175000 0.00763991
175100 0.00774704
175200 0.00772593
175300 0.00777591
175400 0.00781644
175500 0.00760153
175600 0.00764212
175700 0.00758694
175800 0.00733966
175900 0.00753848
176000 0.00748524
176100 0.00735732
176200 0.0074643
176300 0.00743611
176400 0.00758648
176500 0.00753186
176600 0.00751022
176700 0.00778268
176800 0.00775831
176900 0.00773069
177000 0.00766029
177100 0.00752
177200 0.00754234
177300 0.00750132
177400 0.00745842
177500 0.00733323
177600 0.00743264
177700 0.00739499
177800 0.00748113
177900 0.00732381
178000 0.00728925
178100 0.00729574
178200 0.00741642
178300 0.00728163
178400 0.00735377
178500 0.00736313
178600 0.0075859
178700 0.00749045
178800 0.00743008
178900 0.00724381
179000 0.00734994
179100 0.00742994
179200 0.00755948
179300 0.00750629
179400 0.0074039
179500 0.0073983
179600 0.0074355
179700 0.00750632
179800 0.00741114
179900 0.00768711
180000 0.00759573
180100 0.00760043
180200 0.0074479
180300 0.0075491
180400 0.00762859
180500 0.00764569
180600 0.00767889
180700 0.00767153
180800 0.00769123
180900 0.0077928
181000 0.00769238
181100 0.00772046
181200 0.00779081
181300 0.00783998
181400 0.00769872
181500 0.00777285
181600 0.00775325
181700 0.0077043
181800 0.00760451
181900 0.0075553
182000 0.0074838
182100 0.0076316
182200 0.00749622
182300 0.007568
182400 0.00763926
182500 0.00757256
182600 0.00760134
182700 0.00762035
182800 0.00773488
182900 0.00778413
183000 0.00775076
183100 0.00749017
183200 0.00759602
183300 0.00782402
183400 0.00792871
183500 0.00791675
183600 0.00791039
183700 0.00784875
183800 0.00776728
183900 0.00791814
184000 0.00786799
184100 0.00776247
184200 0.0078846
184300 0.00783122
184400 0.00781299
184500 0.00783352
184600 0.0078787
184700 0.00793063
184800 0.00784089
184900 0.00772172
185000 0.00772781
185100 0.00767113
185200 0.00795139
185300 0.00805451
185400 0.00793854
185500 0.00769628
185600 0.00780094
185700 0.00777628
185800 0.00760486
185900 0.00762973
186000 0.00756523
186100 0.0074838
186200 0.00743179
186300 0.00760239
186400 0.00774248
186500 0.00785286
186600 0.00772809
186700 0.00749386
186800 0.00752977
186900 0.00749905
187000 0.00750232
187100 0.00764947
187200 0.00763544
187300 0.00744967
187400 0.00745146
187500 0.00736058
187600 0.00744123
187700 0.00740604
187800 0.00735251
187900 0.00741693
188000 0.00745759
188100 0.00741787
188200 0.00752244
188300 0.00770129
188400 0.00779711
188500 0.00782998
188600 0.00786856
188700 0.00786015
188800 0.00792973
188900 0.00797348
189000 0.00794072
189100 0.00788852
189200 0.00780262
189300 0.00770377
189400 0.00787682
189500 0.00779591
189600 0.00769203
189700 0.00770882
189800 0.00770002
189900 0.00769502
190000 0.00753821
190100 0.0074412
190200 0.00759792
190300 0.00758308
190400 0.00765778
190500 0.00758702
190600 0.00756117
190700 0.00771722
190800 0.00764319
190900 0.00755975
191000 0.00751157
191100 0.00754465
191200 0.00757479
191300 0.00769434
191400 0.00761574
191500 0.00760281
191600 0.0076218
191700 0.00769962
191800 0.00783338
191900 0.00771735
192000 0.00782731
192100 0.00782757
192200 0.00787828
192300 0.00793938
192400 0.00777116
192500 0.00767471
192600 0.00770965
192700 0.00747467
192800 0.00743911
192900 0.00745804
193000 0.00737459
193100 0.00742157
193200 0.00776696
193300 0.00779448
193400 0.00777386
193500 0.00761287
193600 0.00767773
193700 0.00758057
193800 0.00754139
193900 0.0076358
194000 0.00764575
194100 0.00763723
194200 0.00772441
194300 0.00778681
194400 0.00778989
194500 0.00785717
194600 0.00793515
194700 0.00790937
194800 0.00776982
194900 0.0077781
195000 0.00774976
195100 0.00762756
195200 0.00769926
195300 0.00774197
195400 0.00781538
195500 0.00775328
195600 0.00777945
195700 0.00765127
195800 0.00751621
195900 0.00752453
196000 0.00737062
196100 0.00725575
196200 0.00714908
196300 0.00742017
196400 0.00747986
196500 0.00764184
196600 0.00763258
196700 0.00751188
196800 0.00742356
196900 0.00755266
197000 0.00768801
197100 0.00776467
197200 0.0077034
197300 0.00764322
197400 0.00756122
197500 0.00758334
197600 0.00763891
197700 0.00744478
197800 0.00742381
197900 0.00751745
198000 0.00763417
198100 0.00783241
198200 0.00769487
198300 0.00783628
198400 0.00781486
198500 0.00790136
198600 0.00797381
198700 0.00796181
198800 0.00780354
198900 0.0078407
199000 0.00773026
199100 0.00781443
199200 0.00782342
199300 0.00780248
199400 0.00780684
199500 0.00768725
199600 0.00779262
199700 0.00773959
199800 0.00768475
199900 0.0075685
200000 0.007626
200100 0.00771259
200200 0.00766961
200300 0.00773528
200400 0.00795742
200500 0.00790646
200600 0.00806253
200700 0.00819908
200800 0.00811231
200900 0.00808416
201000 0.00797787
201100 0.00806321
201200 0.00794586
201300 0.00809319
201400 0.00834431
201500 0.00836578
201600 0.0081711
201700 0.00810464
201800 0.00808019
201900 0.00796389
202000 0.00800948
202100 0.0081185
202200 0.00782621
202300 0.00798197
202400 0.00789137
202500 0.00792837
202600 0.00793046
202700 0.00790457
202800 0.00789922
202900 0.00785433
203000 0.00773912
203100 0.00792977
203200 0.00792298
203300 0.00786504
203400 0.00792118
203500 0.00797417
203600 0.00785684
203700 0.00788828
203800 0.00799419
203900 0.0079234
204000 0.00790676
204100 0.00791693
204200 0.00817382
204300 0.00801946
204400 0.00783417
204500 0.00789824
204600 0.00816516
204700 0.0083255
204800 0.00842142
204900 0.00832337
205000 0.00832588
205100 0.00824589
205200 0.00824191
205300 0.00804124
205400 0.00786582
205500 0.00787625
205600 0.00776127
205700 0.00774889
205800 0.00779883
205900 0.00780694
206000 0.00773833
206100 0.0075238
206200 0.00760388
206300 0.00753889
206400 0.00759533
206500 0.00756182
206600 0.00754938
206700 0.0075993
206800 0.00762794
206900 0.00759364
207000 0.0075883
207100 0.00766679
207200 0.00747578
207300 0.0074494
207400 0.00763927
207500 0.00752883
207600 0.00754168
207700 0.0075382
207800 0.00763974
207900 0.00769915
208000 0.00757104
208100 0.00786212
208200 0.00781338
208300 0.00791312
208400 0.00776451
208500 0.00786143
208600 0.00791921
208700 0.00804051
208800 0.00786599
208900 0.00778689
209000 0.00774824
209100 0.00771366
209200 0.00783768
209300 0.00780685
209400 0.00777322
209500 0.00768079
209600 0.00762427
209700 0.00779279
209800 0.00785792
209900 0.00792112
210000 0.00783531
210100 0.00770559
210200 0.00755725
210300 0.00757625
210400 0.00753012
210500 0.00767629
210600 0.00776004
210700 0.00792255
210800 0.00782401
210900 0.00784499
211000 0.00764149
211100 0.00770433
211200 0.00783518
211300 0.00772115
211400 0.00784107
211500 0.00782382
211600 0.00785185
211700 0.00800798
211800 0.00806165
211900 0.00813862
212000 0.00800345
212100 0.00801711
212200 0.00799555
212300 0.0080861
212400 0.00818379
212500 0.00806955
212600 0.00801556
212700 0.00803039
212800 0.00797338
212900 0.00807255
213000 0.00803418
213100 0.00810149
213200 0.00807404
213300 0.00802935
213400 0.0080141
213500 0.00786228
213600 0.00796452
213700 0.0078865
213800 0.00782595
213900 0.0079017
214000 0.00773214
214100 0.00776059
214200 0.00790743
214300 0.00799512
214400 0.00803953
214500 0.00778186
214600 0.00799492
214700 0.0080127
214800 0.00800503
214900 0.00820633
215000 0.00809164
215100 0.00802316
215200 0.00780063
215300 0.00791576
215400 0.00787061
215500 0.00806805
215600 0.00812163
215700 0.008034
215800 0.00799022
215900 0.00791523
216000 0.00775165
216100 0.00800405
216200 0.00789095
216300 0.00783816
216400 0.00781046
216500 0.00770566
216600 0.00772213
216700 0.0075074
216800 0.00742613
216900 0.00738282
217000 0.00767268
217100 0.00772529
217200 0.00759647
217300 0.00741267
217400 0.00743198
217500 0.00738995
217600 0.00726114
217700 0.00734121
217800 0.00741871
217900 0.00758669
218000 0.00764738
218100 0.00792536
218200 0.00780799
218300 0.00791614
218400 0.00794227
218500 0.00789772
218600 0.00793073
218700 0.00814529
218800 0.00816692
218900 0.00803511
219000 0.00803165
219100 0.00782705
219200 0.0079203
219300 0.00803069
219400 0.00803364
219500 0.00795814
219600 0.00788148
219700 0.00777218
219800 0.00775396
219900 0.00771647
220000 0.00770941
220100 0.00770707
220200 0.00789638
220300 0.00784046
220400 0.00770923
220500 0.007653
220600 0.00766894
220700 0.00767527
220800 0.00799783
220900 0.00786224
221000 0.00803429
221100 0.00797833
221200 0.00794836
221300 0.00806706
221400 0.00804556
221500 0.00794561
221600 0.00799952
221700 0.00786499
221800 0.0077156
221900 0.00779648
222000 0.00772128
222100 0.00794474
222200 0.0078065
222300 0.00778223
222400 0.00771219
222500 0.00765257
222600 0.00776633
222700 0.00762482
222800 0.00741342
222900 0.00750542
223000 0.00765331
223100 0.00777755
223200 0.00774524
223300 0.00779203
223400 0.00767471
223500 0.00773643
223600 0.00771108
223700 0.00781158
223800 0.0077704
223900 0.00775682
224000 0.00791021
224100 0.00781322
224200 0.00785585
224300 0.00783931
224400 0.00786024
224500 0.00790753
224600 0.00780434
224700 0.00785846
224800 0.00785833
224900 0.00771241
225000 0.00796638
225100 0.00774776
225200 0.00783456
225300 0.00775212
225400 0.00779123
225500 0.0077807
225600 0.0077989
225700 0.00786948
225800 0.00797274
225900 0.00784401
226000 0.00780215
226100 0.00763622
226200 0.00753517
226300 0.00773015
226400 0.00798438
226500 0.00803731
226600 0.00780635
226700 0.00772118
226800 0.00777538
226900 0.00772649
227000 0.00785179
227100 0.00778814
227200 0.00779684
227300 0.00794154
227400 0.00786333
227500 0.00781063
227600 0.00786104
227700 0.00781073
227800 0.00775538
227900 0.00784308
228000 0.00791303
228100 0.00790027
228200 0.00787126
228300 0.00794449
228400 0.0079306
228500 0.00786118
228600 0.00783785
228700 0.00780895
228800 0.00779346
228900 0.00788146
229000 0.00788368
229100 0.00777825
229200 0.00779767
229300 0.00792025
229400 0.00774399
229500 0.00766566
229600 0.00742402
229700 0.00732939
229800 0.00725462
229900 0.00735601
230000 0.00749717
230100 0.00770189
230200 0.0074986
230300 0.00759617
230400 0.00754896
230500 0.00762288
230600 0.00774996
230700 0.00774924
230800 0.00795036
230900 0.00794422
231000 0.00798812
231100 0.0080404
231200 0.00788009
231300 0.00797246
231400 0.0080212
231500 0.00803544
231600 0.00799978
231700 0.00794337
231800 0.00788504
231900 0.00809535
232000 0.00792417
232100 0.00776943
232200 0.00782009
232300 0.00774073
232400 0.00768653
232500 0.00786183
232600 0.00796158
232700 0.00800471
232800 0.00787188
232900 0.0079338
233000 0.00778586
233100 0.00773876
233200 0.00757227
233300 0.00773972
233400 0.00760856
233500 0.00754436
233600 0.00749256
233700 0.00753425
233800 0.00742262
233900 0.00743558
234000 0.00750306
234100 0.00779686
234200 0.00777131
234300 0.00770265
234400 0.00759877
234500 0.00759226
234600 0.00766793
234700 0.00764308
234800 0.00766098
234900 0.00771979
235000 0.00778364
235100 0.00772705
235200 0.00763924
235300 0.00772895
235400 0.00760221
235500 0.00763276
235600 0.00766334
235700 0.00759525
235800 0.0075067
235900 0.007691
236000 0.0078704
236100 0.00770192
236200 0.00780132
236300 0.00776254
236400 0.00776953
236500 0.00785614
236600 0.00784099
236700 0.00792104
236800 0.00801135
236900 0.0079745
237000 0.00804185
237100 0.00796334
237200 0.00799449
237300 0.00808707
237400 0.00795514
237500 0.00792701
237600 0.00792826
237700 0.00791412
237800 0.00794502
237900 0.00797252
238000 0.00807629
238100 0.00793311
238200 0.00802552
238300 0.00794836
238400 0.0078685
238500 0.00782074
238600 0.00765165
238700 0.00774491
238800 0.00775389
238900 0.00772445
239000 0.00778546
239100 0.00769943
239200 0.00757781
239300 0.0075312
239400 0.00752723
239500 0.00765118
239600 0.00763775
239700 0.00772823
239800 0.00771965
239900 0.00786228
240000 0.00779935
240100 0.00793822
240200 0.00793841
240300 0.00811395
240400 0.00811062
240500 0.0081858
240600 0.00825797
240700 0.0081645
240800 0.00809236
240900 0.00794192
241000 0.00790458
241100 0.00779858
241200 0.00777017
241300 0.00779814
241400 0.00768018
241500 0.00778942
241600 0.00766265
241700 0.00798427
241800 0.00804377
241900 0.00793689
242000 0.00786629
242100 0.00778221
242200 0.0077282
242300 0.00779295
242400 0.00771108
242500 0.00788196
242600 0.00783852
242700 0.00787446
242800 0.00788875
242900 0.00807924
243000 0.00795761
243100 0.00801309
243200 0.00790143
243300 0.00798491
243400 0.0078548
243500 0.0078727
243600 0.00785899
243700 0.0078872
243800 0.00788745
243900 0.00781463
244000 0.00794243
244100 0.00791127
244200 0.00786021
244300 0.00774501
244400 0.00776588
244500 0.00776229
244600 0.00771515
244700 0.00778684
244800 0.00785648
244900 0.00788164
245000 0.00805905
245100 0.00799467
245200 0.00808194
245300 0.00784378
245400 0.00778571
245500 0.00766327
245600 0.00780286
245700 0.00776779
245800 0.00788919
245900 0.00769913
246000 0.00793965
246100 0.00781521
246200 0.00805333
246300 0.00796032
246400 0.00783148
246500 0.00764137
246600 0.00769516
246700 0.0075644
246800 0.0074188
246900 0.00738132
247000 0.00741789
247100 0.00738333
247200 0.0072931
247300 0.00739123
247400 0.00738147
247500 0.0073789
247600 0.00747772
247700 0.00760409
247800 0.00742461
247900 0.00733761
248000 0.0074976
248100 0.00752685
248200 0.00755911
248300 0.00752234
248400 0.00749989
248500 0.00753654
248600 0.00750976
248700 0.00761396
248800 0.0076096
248900 0.00771116
249000 0.00777956
249100 0.00780553
249200 0.00789769
249300 0.00800669
249400 0.00805814
249500 0.00785521
249600 0.00786194
249700 0.00772175
249800 0.00784406
249900 0.00796519
250000 0.00808439
250100 0.00813936
250200 0.00786867
250300 0.00783989
250400 0.00783657
250500 0.00782352
250600 0.00782448
250700 0.00773034
250800 0.00775503
250900 0.00779449
251000 0.00779111
251100 0.00784563
251200 0.00771125
251300 0.00757153
251400 0.00745975
251500 0.00743974
251600 0.00762685
251700 0.00781253
251800 0.00805253
251900 0.00801581
252000 0.00791644
252100 0.00777505
252200 0.00777771
252300 0.00783215
252400 0.00788121
252500 0.00776006
252600 0.00790666
252700 0.00780784
252800 0.00796516
252900 0.00799929
253000 0.00782349
253100 0.00760242
253200 0.00742725
253300 0.00755191
253400 0.00775561
253500 0.0078067
253600 0.00788095
253700 0.00778422
253800 0.00779013
253900 0.00790897
254000 0.0078724
254100 0.00797803
254200 0.00793171
254300 0.00787486
254400 0.00803411
254500 0.00802481
254600 0.00790253
254700 0.00802611
254800 0.00798669
254900 0.00799668
255000 0.00789524
255100 0.00792699
255200 0.00788746
255300 0.0080084
255400 0.00781896
255500 0.00787073
255600 0.0076956
255700 0.00771888
255800 0.00773417
255900 0.00759751
256000 0.00768093
256100 0.00770245
256200 0.00759913
256300 0.00755168
256400 0.00746482
256500 0.00768265
256600 0.00759611
256700 0.00776624
256800 0.00779904
256900 0.00787848
257000 0.00813217
257100 0.00814396
257200 0.00813357
257300 0.00816809
257400 0.00803138
257500 0.00802098
257600 0.00797451
257700 0.00811578
257800 0.00810638
257900 0.00808339
258000 0.00795822
258100 0.00785508
258200 0.00777417
258300 0.00766508
258400 0.00774175
258500 0.00769267
258600 0.00760469
258700 0.00770076
258800 0.00758455
258900 0.00751641
259000 0.00750654
259100 0.00776543
259200 0.00782319
259300 0.00794586
259400 0.00794058
259500 0.00801287
259600 0.00793041
259700 0.00791458
259800 0.00789736
259900 0.0079069
260000 0.00802647
260100 0.00797343
260200 0.00776318
260300 0.00783281
260400 0.00778463
260500 0.00765955
260600 0.00777841
260700 0.00776455
260800 0.00769064
260900 0.00766669
261000 0.00773223
261100 0.00761377
261200 0.00755181
261300 0.00748904
261400 0.00753343
261500 0.00759367
261600 0.00773829
261700 0.00762114
261800 0.00752708
261900 0.00752657
262000 0.00749049
262100 0.00762329
262200 0.00753417
262300 0.00762537
262400 0.00756544
262500 0.00755629
262600 0.00781009
262700 0.00775054
262800 0.00778483
262900 0.0079074
263000 0.00791452
263100 0.00767141
263200 0.00765714
263300 0.00758574
263400 0.00745072
263500 0.00739018
263600 0.00740513
263700 0.00754997
263800 0.00764172
263900 0.00786955
264000 0.0078413
264100 0.00791327
264200 0.0079827
264300 0.0078174
264400 0.00791439
264500 0.00778594
264600 0.00771187
264700 0.00763298
264800 0.00757362
264900 0.00763837
265000 0.00768274
265100 0.00764635
265200 0.00746628
265300 0.00761868
265400 0.00761656
265500 0.00771729
265600 0.00772462
265700 0.00766913
265800 0.0076565
265900 0.00769802
266000 0.00791251
266100 0.0078071
266200 0.00769313
266300 0.00761498
266400 0.00767041
266500 0.00758907
266600 0.00749593
266700 0.00759007
266800 0.00754362
266900 0.00752384
267000 0.00753676
267100 0.00762782
267200 0.00762791
267300 0.00769689
267400 0.00766732
267500 0.00752381
267600 0.00765608
267700 0.00770757
267800 0.00772833
267900 0.00767398
268000 0.007586
268100 0.00752156
268200 0.00762296
268300 0.00752961
268400 0.00776953
268500 0.00813367
268600 0.00827324
268700 0.00821432
268800 0.00814894
268900 0.00790433
269000 0.0077838
269100 0.00787018
269200 0.00763137
269300 0.00766588
269400 0.00776255
269500 0.00779457
269600 0.00760354
269700 0.00765869
269800 0.00786394
269900 0.00778325
270000 0.00799736
270100 0.00809191
270200 0.0078646
270300 0.00785547
270400 0.00781619
270500 0.00780041
270600 0.00787283
270700 0.0078482
270800 0.00773563
270900 0.00776068
271000 0.00763996
271100 0.00759895
271200 0.00754119
271300 0.00753385
271400 0.00763715
271500 0.00771771
271600 0.0076561
271700 0.00785122
271800 0.00772377
271900 0.00779009
272000 0.00769904
272100 0.00768014
272200 0.00779444
272300 0.00783531
272400 0.00788153
272500 0.0078815
272600 0.00780032
272700 0.00761077
272800 0.00781668
272900 0.00797415
273000 0.00798082
273100 0.00781338
273200 0.00791787
273300 0.00787242
273400 0.00786682
273500 0.00786801
273600 0.00776089
273700 0.00793851
273800 0.00787115
273900 0.00794558
274000 0.00785727
274100 0.00789799
274200 0.00796573
274300 0.0079667
274400 0.00778261
274500 0.00798385
274600 0.00812117
274700 0.00803332
274800 0.00808691
274900 0.00794828
275000 0.00786048
275100 0.00770158
275200 0.00769658
275300 0.00776454
275400 0.0079606
275500 0.00803095
275600 0.00780572
275700 0.00788012
275800 0.00781558
275900 0.00777819
276000 0.0076492
276100 0.00794174
276200 0.00795128
276300 0.00788908
276400 0.00792254
276500 0.00787786
276600 0.00776427
276700 0.00802323
276800 0.00786718
276900 0.00794696
277000 0.00807694
277100 0.00826669
277200 0.00813958
277300 0.00806204
277400 0.00808248
277500 0.00814968
277600 0.00807868
277700 0.00804792
277800 0.0079102
277900 0.00770352
278000 0.00767866
278100 0.00769285
278200 0.00780033
278300 0.00779161
278400 0.00761454
278500 0.00768773
278600 0.00761146
278700 0.00767853
278800 0.00763201
278900 0.00759783
279000 0.00774504
279100 0.00780018
279200 0.00781637
279300 0.00778599
279400 0.00765193
279500 0.00760649
279600 0.00749969
279700 0.00765002
279800 0.00766049
279900 0.00779941
280000 0.00764395
280100 0.0077654
280200 0.00776052
280300 0.007694
280400 0.00770887
280500 0.00757246
280600 0.00753544
280700 0.00760836
280800 0.00756501
280900 0.00747557
281000 0.00740583
281100 0.00753367
281200 0.00770246
281300 0.00769185
281400 0.00767918
281500 0.00775968
281600 0.00772877
281700 0.0077241
281800 0.00766923
281900 0.00774194
282000 0.00776346
282100 0.00767611
282200 0.00768892
282300 0.00772362
282400 0.00761827
282500 0.00764009
282600 0.00772636
282700 0.00759164
282800 0.00777015
282900 0.00775343
283000 0.00773853
283100 0.00794989
283200 0.00767436
283300 0.00775924
283400 0.00791095
283500 0.00785778
283600 0.00787616
283700 0.00777353
283800 0.00779304
283900 0.00786693
284000 0.00786106
284100 0.00773564
284200 0.00769256
284300 0.0078461
284400 0.00791216
284500 0.00794553
284600 0.00783791
284700 0.00777829
284800 0.00786752
284900 0.0078946
285000 0.00788884
285100 0.00771003
285200 0.00779893
285300 0.0079135
285400 0.00796078
285500 0.00798982
285600 0.00803324
285700 0.00805914
285800 0.00812401
285900 0.00810771
286000 0.0080287
286100 0.00807423
286200 0.00813439
286300 0.00803163
286400 0.0079512
286500 0.00775856
286600 0.00765025
286700 0.00762817
286800 0.0075161
286900 0.00756306
287000 0.00764379
287100 0.00771
287200 0.00795368
287300 0.0079416
287400 0.00806674
287500 0.00790359
287600 0.00792935
287700 0.00776884
287800 0.00761527
287900 0.00762794
288000 0.00773698
288100 0.00745795
288200 0.00751322
288300 0.00738811
288400 0.00754503
288500 0.00754779
288600 0.00776562
288700 0.00800832
288800 0.00795287
288900 0.00786592
289000 0.0078004
289100 0.00788583
289200 0.00788053
289300 0.00779024
289400 0.0077196
289500 0.00773199
289600 0.0079422
289700 0.00782757
289800 0.00807161
289900 0.00795221
290000 0.00806972
290100 0.00790393
290200 0.0079293
290300 0.00787391
290400 0.00791241
290500 0.0078712
290600 0.00777127
290700 0.00774547
290800 0.00781487
290900 0.00759879
291000 0.00759329
291100 0.00774253
291200 0.00761271
291300 0.00768203
291400 0.00804486
291500 0.00810012
291600 0.00806059
291700 0.00819691
291800 0.00809636
291900 0.00804887
292000 0.00809827
292100 0.00811035
292200 0.00805209
292300 0.00776811
292400 0.00778786
292500 0.00771314
292600 0.00771253
292700 0.0079331
292800 0.00800518
292900 0.0079278
293000 0.00810337
293100 0.00809274
293200 0.00814316
293300 0.00807039
293400 0.00794142
293500 0.00790589
293600 0.00785807
293700 0.00790344
293800 0.00788414
293900 0.00781209
294000 0.00788271
294100 0.00794899
294200 0.00788295
294300 0.00784576
294400 0.00771187
294500 0.00757549
294600 0.00741567
294700 0.00756849
294800 0.00761771
294900 0.00774104
295000 0.0075902
295100 0.00758004
295200 0.00774996
295300 0.00792924
295400 0.00813254
295500 0.00816077
295600 0.00822587
295700 0.00822797
295800 0.00817554
295900 0.00816087
296000 0.00789223
296100 0.00783197
296200 0.00790031
296300 0.00780466
296400 0.00782738
296500 0.00789555
296600 0.00775775
296700 0.0077502
296800 0.00781226
296900 0.00784844
297000 0.0078689
297100 0.00798593
297200 0.00808628
297300 0.0081053
297400 0.00816047
297500 0.00787179
297600 0.00783424
297700 0.00785977
297800 0.00797522
297900 0.00803545
298000 0.00789672
298100 0.00777198
298200 0.00776661
298300 0.0076031
298400 0.00766194
298500 0.00773885
298600 0.00770245
298700 0.0076863
298800 0.00786628
298900 0.0079119
299000 0.00781632
299100 0.00775874
299200 0.00786222
299300 0.00771141
299400 0.00755705
299500 0.00743074
299600 0.00733553
299700 0.00720519
299800 0.0073508
299900 0.00736344
300000 0.00752079
300100 0.00761084
300200 0.00777481
300300 0.00767811
300400 0.0076893
300500 0.00782701
300600 0.00781679
300700 0.00779694
300800 0.00779449
300900 0.00780977
301000 0.00779259
301100 0.00767988
301200 0.00784547
301300 0.00784941
301400 0.00777586
301500 0.00775939
301600 0.00787193
301700 0.00785751
301800 0.00786359
301900 0.00789832
302000 0.00790734
302100 0.00806366
302200 0.00801332
302300 0.00788386
302400 0.00783996
302500 0.00792769
302600 0.00791058
302700 0.00799397
302800 0.00788954
302900 0.00760641
303000 0.00761815
303100 0.00765991
303200 0.00748398
303300 0.00774195
303400 0.00788626
303500 0.00798659
303600 0.0080209
303700 0.00800896
303800 0.0079387
303900 0.00784352
304000 0.0077606
304100 0.00787176
304200 0.00793974
304300 0.00798347
304400 0.00800365
304500 0.00788551
304600 0.00782238
304700 0.00780828
304800 0.00782348
304900 0.00793139
305000 0.00797525
305100 0.00779262
305200 0.00791515
305300 0.0078142
305400 0.0078017
305500 0.00788315
305600 0.00788511
305700 0.00781115
305800 0.00777503
305900 0.00785545
306000 0.00774558
306100 0.00786596
306200 0.00805273
306300 0.0080641
306400 0.00800009
306500 0.00785903
306600 0.00805376
306700 0.00804791
306800 0.00784801
306900 0.0078436
307000 0.00769253
307100 0.00760856
307200 0.0077175
307300 0.00779314
307400 0.00771896
307500 0.00784565
307600 0.00806191
307700 0.008154
307800 0.00800148
307900 0.00788367
308000 0.00795178
308100 0.00802615
308200 0.00799011
308300 0.00795539
308400 0.00783407
308500 0.00793368
308600 0.00763689
308700 0.00780503
308800 0.00770729
308900 0.00761338
309000 0.00756642
309100 0.00782906
309200 0.00796235
309300 0.00799979
309400 0.00784626
309500 0.00794343
309600 0.00768495
309700 0.00766871
309800 0.007715
309900 0.00764152
310000 0.00764514
310100 0.00767123
310200 0.00767131
310300 0.00772354
310400 0.00771826
310500 0.00761106
310600 0.00762407
310700 0.00769621
310800 0.007863
310900 0.00791633
311000 0.00776261
311100 0.0079385
311200 0.00763275
311300 0.00754351
311400 0.00758463
311500 0.0076128
311600 0.00764408
311700 0.007786
311800 0.00778064
311900 0.00790957
312000 0.00776698
312100 0.00765897
312200 0.00770536
312300 0.00756904
312400 0.00765325
312500 0.00763962
312600 0.00788925
312700 0.00802127
312800 0.00802111
312900 0.00795779
313000 0.00788692
313100 0.00771489
313200 0.00764133
313300 0.00772544
313400 0.00764351
313500 0.00760049
313600 0.00770191
313700 0.00780441
313800 0.00780993
313900 0.00768675
314000 0.00773164
314100 0.00760466
314200 0.00753564
314300 0.00754243
314400 0.00768943
314500 0.00776514
314600 0.00774579
314700 0.00785851
314800 0.00795371
314900 0.00777354
315000 0.00777811
315100 0.00750626
315200 0.00746746
315300 0.00737279
315400 0.00750248
315500 0.00767982
315600 0.00778475
315700 0.00791919
315800 0.00779272
315900 0.0077734
316000 0.00773304
316100 0.00768296
316200 0.00774499
316300 0.00775322
316400 0.00770747
316500 0.00772057
316600 0.00785448
316700 0.00788234
316800 0.00765216
316900 0.00765736
317000 0.00762868
317100 0.00784603
317200 0.00772495
317300 0.00769585
317400 0.00788394
317500 0.00787626
317600 0.00800894
317700 0.00795621
317800 0.00788532
317900 0.00788776
318000 0.00794138
318100 0.0077447
318200 0.00792272
318300 0.00794307
318400 0.00795837
318500 0.00794325
318600 0.00797852
318700 0.00800285
318800 0.00796548
318900 0.00795277
319000 0.0079162
319100 0.00793572
319200 0.00777289
319300 0.00795476
319400 0.00790517
319500 0.00780189
319600 0.00785098
319700 0.00775775
319800 0.00795508
319900 0.0079061
320000 0.00778843
320100 0.0077051
320200 0.00789864
320300 0.00791849
320400 0.00787877
320500 0.00794763
320600 0.00797794
320700 0.00799902
320800 0.00791533
320900 0.00816522
321000 0.00821987
321100 0.00801156
321200 0.00792917
321300 0.00789457
321400 0.00789858
321500 0.00781592
321600 0.00772321
321700 0.00768875
321800 0.00773949
321900 0.00771074
322000 0.00776635
322100 0.00775256
322200 0.00786849
322300 0.00814791
322400 0.00805085
322500 0.00802866
322600 0.00822579
322700 0.0080901
322800 0.00817329
322900 0.00826894
323000 0.00820867
323100 0.00815325
323200 0.0080438
323300 0.00800212
323400 0.00779076
323500 0.00753041
323600 0.00777721
323700 0.0077226
323800 0.00781647
323900 0.00782797
324000 0.00778806
324100 0.00777443
324200 0.00783117
324300 0.00788711
324400 0.00786302
324500 0.00778122
324600 0.00775643
324700 0.0076928
324800 0.00768148
324900 0.00796166
325000 0.00796576
325100 0.00807536
325200 0.00790452
325300 0.00787543
325400 0.00784694
325500 0.00789827
325600 0.00786803
325700 0.00773137
325800 0.00780285
325900 0.00757789
326000 0.00757127
326100 0.00755645
326200 0.007631
326300 0.00761494
326400 0.00757624
326500 0.00761115
326600 0.00756768
326700 0.00753874
326800 0.00766738
326900 0.00756565
327000 0.00762944
327100 0.00764506
327200 0.00760314
327300 0.00756288
327400 0.00762068
327500 0.00752585
327600 0.00765251
327700 0.00751778
327800 0.00768499
327900 0.00768086
328000 0.00764
328100 0.00763745
328200 0.00762645
328300 0.00786505
328400 0.00785372
328500 0.00792825
328600 0.00802124
328700 0.00816439
328800 0.00818853
328900 0.00816526
329000 0.00810381
329100 0.00801124
329200 0.00781329
329300 0.0078484
329400 0.00780771
329500 0.00784812
329600 0.00772092
329700 0.00760084
329800 0.00757359
329900 0.00750373
330000 0.00759618
330100 0.00747889
330200 0.00752609
330300 0.00742183
330400 0.0077232
330500 0.00766367
330600 0.00762133
330700 0.00765099
330800 0.00762351
330900 0.00761378
331000 0.00744009
331100 0.00739493
331200 0.00737238
331300 0.00731245
331400 0.0076393
331500 0.00771367
331600 0.00764885
331700 0.0076415
331800 0.00770295
331900 0.00764688
332000 0.00763086
332100 0.00769616
332200 0.00750931
332300 0.00747082
332400 0.00757965
332500 0.00756823
332600 0.00747635
332700 0.00746526
332800 0.00762028
332900 0.0075784
333000 0.00740171
333100 0.00746527
333200 0.00760728
333300 0.00757411
333400 0.00736655
333500 0.00755855
333600 0.00735975
333700 0.00756316
333800 0.00769753
333900 0.00765775
334000 0.0075476
334100 0.00764079
334200 0.00756872
334300 0.00766297
334400 0.00765138
334500 0.0074828
334600 0.00744567
334700 0.00752187
334800 0.00750364
334900 0.00756036
335000 0.00747939
335100 0.0075281
335200 0.0076733
335300 0.00757985
335400 0.00759445
335500 0.00775681
335600 0.00770963
335700 0.00776331
335800 0.00773092
335900 0.00779252
336000 0.00781299
336100 0.00776216
336200 0.00776475
336300 0.00774224
336400 0.00755115
336500 0.00763551
336600 0.00758337
336700 0.00755888
336800 0.00754672
336900 0.00781642
337000 0.00788069
337100 0.00791295
337200 0.00773574
337300 0.00765609
337400 0.0077249
337500 0.00776579
337600 0.00772684
337700 0.00776576
337800 0.00787161
337900 0.00769533
338000 0.00755803
338100 0.00777131
338200 0.00786708
338300 0.00789328
338400 0.0077895
338500 0.00778433
338600 0.00767535
338700 0.00769773
338800 0.00781613
338900 0.00770198
339000 0.00764641
339100 0.0078894
339200 0.0080326
339300 0.00797811
339400 0.00802681
339500 0.00798206
339600 0.00798284
339700 0.00793019
339800 0.00782805
339900 0.00795608
340000 0.00807899
340100 0.00806428
340200 0.00789944
340300 0.00784405
340400 0.00789584
340500 0.00785177
340600 0.00799572
340700 0.00804967
340800 0.00820783
340900 0.00796729
341000 0.00792613
341100 0.0076648
341200 0.0076318
341300 0.00770807
341400 0.00781367
341500 0.00777339
341600 0.00764826
341700 0.00772675
341800 0.00783903
341900 0.00775443
342000 0.0079211
342100 0.00795745
342200 0.00790525
342300 0.00780739
342400 0.00780267
342500 0.00778737
342600 0.00769888
342700 0.00771387
342800 0.00780488
342900 0.00781113
343000 0.00769218
343100 0.00770777
343200 0.00771726
343300 0.00761875
343400 0.00766654
343500 0.00757038
343600 0.00751613
343700 0.00749679
343800 0.00749665
343900 0.00758717
344000 0.00769177
344100 0.00769284
344200 0.00772351
344300 0.00752021
344400 0.00759565
344500 0.00739649
344600 0.00758882
344700 0.00761467
344800 0.00783292
344900 0.00778654
345000 0.00771974
345100 0.00788333
345200 0.00776095
345300 0.00774154
345400 0.00771039
345500 0.00766009
345600 0.00774133
345700 0.00762418
345800 0.00762409
345900 0.00764337
346000 0.00766898
346100 0.00771963
346200 0.00784062
346300 0.00767166
346400 0.00766104
346500 0.0077118
346600 0.0079084
346700 0.00798466
346800 0.0078688
346900 0.00782037
347000 0.0076762
347100 0.00757144
347200 0.00737244
347300 0.00744877
347400 0.00765569
347500 0.00773352
347600 0.00780655
347700 0.00795912
347800 0.00776383
347900 0.00773901
348000 0.00768412
348100 0.00788939
348200 0.00787281
348300 0.00761199
348400 0.00757573
348500 0.00756484
348600 0.00734729
348700 0.00733763
348800 0.00768881
348900 0.00779711
349000 0.0077874
349100 0.0079995
349200 0.00791572
349300 0.00787392
349400 0.00794176
349500 0.00795187
349600 0.00802154
349700 0.00780907
349800 0.00766116
349900 0.00769016
350000 0.00753062
350100 0.00760318
350200 0.00758309
350300 0.00751708
350400 0.00751375
350500 0.00748201
350600 0.00764598
350700 0.00770497
350800 0.00791418
350900 0.00776178
351000 0.00789108
351100 0.00782122
351200 0.00791052
351300 0.00795947
351400 0.00777787
351500 0.00763013
351600 0.00753754
351700 0.00763764
351800 0.00749697
351900 0.00754615
352000 0.00755196
352100 0.0076689
352200 0.00767588
352300 0.00769345
352400 0.00772479
352500 0.00775496
352600 0.00778202
352700 0.00786135
352800 0.00770511
352900 0.00799453
353000 0.00814279
353100 0.00810107
353200 0.00797722
353300 0.00797583
353400 0.00802321
353500 0.00801253
353600 0.00814159
353700 0.00809889
353800 0.0080251
353900 0.00808237
354000 0.00803933
354100 0.00799523
354200 0.00806918
354300 0.00812916
354400 0.00799947
354500 0.00792629
354600 0.00766479
354700 0.00756619
354800 0.00759877
354900 0.0075766
355000 0.00747038
355100 0.00743778
355200 0.00746379
355300 0.00752726
355400 0.00753155
355500 0.00749772
355600 0.00766787
355700 0.00748886
355800 0.00734655
355900 0.00741033
356000 0.00748687
356100 0.00751929
356200 0.00731929
356300 0.0070874
356400 0.00718165
356500 0.00728609
356600 0.00734739
356700 0.00740761
356800 0.00734963
356900 0.00729994
357000 0.00738467
357100 0.00758474
357200 0.00768228
357300 0.00761352
357400 0.0075321
357500 0.0076819
357600 0.00763909
357700 0.00791347
357800 0.00780361
357900 0.00761778
358000 0.00752951
358100 0.00786209
358200 0.00800096
358300 0.00801585
358400 0.0079146
358500 0.00795161
358600 0.00798121
358700 0.00790818
358800 0.00774057
358900 0.00779817
359000 0.00794649
359100 0.00779312
359200 0.00783605
359300 0.00780926
359400 0.00790612
359500 0.00790075
359600 0.00779641
359700 0.00777161
359800 0.00783615
359900 0.00769171
360000 0.00777003
360100 0.00772296
360200 0.00772404
360300 0.00780958
360400 0.00793319
360500 0.00797001
360600 0.0078759
360700 0.00778819
360800 0.00783163
360900 0.00780071
361000 0.00801034
361100 0.00791062
361200 0.00812009
361300 0.00796962
361400 0.00803378
361500 0.0079759
361600 0.00799595
361700 0.00773768
361800 0.00779845
361900 0.0076747
362000 0.00765507
362100 0.007591
362200 0.00770327
362300 0.00766077
362400 0.00774098
362500 0.00773398
362600 0.00770013
362700 0.00771425
362800 0.00759016
362900 0.00765549
363000 0.00767497
363100 0.00774754
363200 0.00761161
363300 0.00744003
363400 0.00756085
363500 0.0075379
363600 0.00752742
363700 0.00770426
363800 0.00753323
363900 0.00764719
364000 0.00754507
364100 0.00763761
364200 0.00771462
364300 0.00783226
364400 0.00782362
364500 0.00769351
364600 0.00760446
364700 0.00755831
364800 0.00758178
364900 0.00753134
365000 0.00741175
365100 0.00743736
365200 0.00745814
365300 0.00750215
365400 0.00760369
365500 0.00751492
365600 0.00757007
365700 0.00750616
365800 0.0074874
365900 0.0075734
366000 0.00779375
366100 0.0077127
366200 0.00760257
366300 0.00757051
366400 0.00762941
366500 0.00776674
366600 0.00776078
366700 0.00760303
366800 0.00760911
366900 0.00748702
367000 0.00742191
367100 0.00748829
367200 0.00751793
367300 0.00749865
367400 0.00751579
367500 0.00748185
367600 0.00738336
367700 0.00747813
367800 0.00737364
367900 0.00735161
368000 0.00713209
368100 0.00727307
368200 0.00739636
368300 0.00743447
368400 0.00758741
368500 0.00770545
368600 0.00777341
368700 0.00778283
368800 0.00779734
368900 0.00784332
369000 0.00786594
369100 0.00783642
369200 0.00771751
369300 0.00764357
369400 0.00768341
369500 0.00758242
369600 0.00765899
369700 0.00772847
369800 0.00771988
369900 0.007758
370000 0.00780091
370100 0.00757684
370200 0.0073987
370300 0.00726895
370400 0.00723794
370500 0.00721627
370600 0.00720238
370700 0.00741737
370800 0.00747793
370900 0.00752562
371000 0.00750521
371100 0.00769742
371200 0.00757127
371300 0.00745688
371400 0.00758063
371500 0.00762691
371600 0.00780171
371700 0.00777579
371800 0.00784024
371900 0.00818474
372000 0.00821711
372100 0.00819642
372200 0.00827106
372300 0.00819924
372400 0.00805561
372500 0.00794013
372600 0.00770142
372700 0.00775753
372800 0.00797827
372900 0.00794077
373000 0.007937
373100 0.00796704
373200 0.00777007
373300 0.00781466
373400 0.00783403
373500 0.0079482
373600 0.00788842
373700 0.00783294
373800 0.00784793
373900 0.00777646
374000 0.00780855
374100 0.00789966
374200 0.00796123
374300 0.00786705
374400 0.00785744
374500 0.00778805
374600 0.0079025
374700 0.00798035
374800 0.00780002
374900 0.00760911
375000 0.00761474
375100 0.00753376
375200 0.00762129
375300 0.0076343
375400 0.00763515
375500 0.00761865
375600 0.00758087
375700 0.0076013
375800 0.0077471
375900 0.00776459
376000 0.00771627
376100 0.0076175
376200 0.00749952
376300 0.00747036
376400 0.00754112
376500 0.00778148
376600 0.00782476
376700 0.00765317
376800 0.00747393
376900 0.00764966
377000 0.00770346
377100 0.00773228
377200 0.00774153
377300 0.00746688
377400 0.00742901
377500 0.00755468
377600 0.00769348
377700 0.00767844
377800 0.00771562
377900 0.0079069
378000 0.00784991
378100 0.00793821
378200 0.00785445
378300 0.00776778
378400 0.00776604
378500 0.00774192
378600 0.0077089
378700 0.00775531
378800 0.00787463
378900 0.00797245
379000 0.00795514
379100 0.00786181
379200 0.00779449
379300 0.00789286
379400 0.00800586
379500 0.00796107
379600 0.00790835
379700 0.00824898
379800 0.0082591
379900 0.00854059
380000 0.00838638
380100 0.00821737
380200 0.00798434
380300 0.00790585
380400 0.0079788
380500 0.00803707
380600 0.00803952
380700 0.00804928
380800 0.00808633
380900 0.00791826
381000 0.00781002
381100 0.00771448
381200 0.00758728
381300 0.00750288
381400 0.00741311
381500 0.00746014
381600 0.00747859
381700 0.00770858
381800 0.00770875
381900 0.00779839
382000 0.00770108
382100 0.0076775
382200 0.00774497
382300 0.00788649
382400 0.00783126
382500 0.00810284
382600 0.00799216
382700 0.00791143
382800 0.00800387
382900 0.00813946
383000 0.00799829
383100 0.00793771
383200 0.0078597
383300 0.00780115
383400 0.00783307
383500 0.00783375
383600 0.00778133
383700 0.00763507
383800 0.007636
383900 0.00776686
384000 0.00753139
384100 0.0075525
384200 0.00765865
384300 0.0076481
384400 0.00764133
384500 0.00738655
384600 0.00728694
384700 0.00759866
384800 0.00775404
384900 0.00780184
385000 0.00773965
385100 0.0077698
385200 0.00757492
385300 0.00772782
385400 0.00786355
385500 0.0077582
385600 0.00781632
385700 0.00792275
385800 0.00794296
385900 0.00790325
386000 0.00807805
386100 0.00801987
386200 0.00798993
386300 0.00781999
386400 0.00777754
386500 0.00777323
386600 0.00783315
386700 0.00800692
386800 0.00796793
386900 0.0079445
387000 0.00789794
387100 0.00799422
387200 0.00792411
387300 0.00786121
387400 0.0079748
387500 0.00797459
387600 0.00776797
387700 0.00777841
387800 0.00766358
387900 0.00767245
388000 0.00765937
388100 0.00764314
388200 0.00761892
388300 0.00762908
388400 0.00754781
388500 0.0076446
388600 0.00755261
388700 0.00750719
388800 0.0074275
388900 0.0076108
389000 0.00731375
389100 0.00740817
389200 0.00758946
389300 0.00761892
389400 0.00767208
389500 0.00770615
389600 0.00780056
389700 0.00771709
389800 0.00787243
389900 0.00772176
390000 0.00783152
390100 0.00776539
390200 0.00770504
390300 0.00761789
390400 0.00749799
390500 0.00753991
390600 0.00741994
390700 0.00730926
390800 0.00723631
390900 0.00707545
391000 0.00722289
391100 0.00727154
391200 0.00740033
391300 0.00756935
391400 0.00768987
391500 0.00778621
391600 0.00780324
391700 0.00777757
391800 0.0076609
391900 0.00792223
392000 0.00785928
392100 0.00769813
392200 0.00762678
392300 0.00767945
392400 0.00784911
392500 0.00771623
392600 0.00774763
392700 0.00765754
392800 0.00791324
392900 0.00792527
393000 0.00786739
393100 0.00779054
393200 0.00764447
393300 0.00784164
393400 0.00804642
393500 0.00791985
393600 0.00767833
393700 0.00766823
393800 0.00765304
393900 0.00759582
394000 0.00765312
394100 0.00768077
394200 0.00762336
394300 0.00751801
394400 0.00768626
394500 0.00748269
394600 0.00755156
394700 0.00747112
394800 0.0075531
394900 0.00743923
395000 0.00764034
395100 0.0076404
395200 0.00768701
395300 0.0075442
395400 0.00766388
395500 0.00761434
395600 0.00768916
395700 0.00774774
395800 0.00777215
395900 0.00760198
396000 0.00774088
396100 0.00787259
396200 0.00792199
396300 0.00781775
396400 0.00778846
396500 0.00786241
396600 0.00798901
396700 0.00809055
396800 0.00807638
396900 0.00795401
397000 0.00788668
397100 0.00787627
397200 0.00803207
397300 0.00809887
397400 0.008124
397500 0.00782254
397600 0.00766132
397700 0.00741495
397800 0.00748136
397900 0.00748882
398000 0.00760028
398100 0.0077741
398200 0.00758514
398300 0.00776797
398400 0.00787602
398500 0.00791864
398600 0.00806749
398700 0.00807202
398800 0.00787531
398900 0.00779932
399000 0.00764234
399100 0.00758427
399200 0.00754195
399300 0.00740134
399400 0.00728151
399500 0.00742906
399600 0.00771608
399700 0.00772068
399800 0.00779713
399900 0.00769113
400000 0.0077521
400100 0.00779074
400200 0.00786681
400300 0.0077603
400400 0.00767347
400500 0.00761035
400600 0.0076818
400700 0.00743442
400800 0.00744049
400900 0.00736899
401000 0.00750204
401100 0.00742857
401200 0.00748257
401300 0.00761454
401400 0.0077675
401500 0.00766415
401600 0.00758879
401700 0.00748172
401800 0.00775806
401900 0.0077045
402000 0.00791305
402100 0.00792526
402200 0.00795248
402300 0.00790231
402400 0.00777823
402500 0.00768732
402600 0.00772327
402700 0.00764317
402800 0.00771518
402900 0.00761349
403000 0.00758088
403100 0.00744494
403200 0.00745083
403300 0.00748026
403400 0.00747285
403500 0.00746887
403600 0.00735698
403700 0.00747912
403800 0.00743872
403900 0.00746236
404000 0.00760463
404100 0.00749822
404200 0.00771405
404300 0.00760625
404400 0.00770248
404500 0.00762353
404600 0.00775935
404700 0.00761725
404800 0.00753111
404900 0.00749882
405000 0.00740831
405100 0.00743865
405200 0.00746699
405300 0.00759884
405400 0.00772318
405500 0.00760417
405600 0.00788828
405700 0.00769088
405800 0.00745789
405900 0.00748511
406000 0.00748639
406100 0.00752842
406200 0.0075739
406300 0.00766518
406400 0.00744892
406500 0.00747983
406600 0.00737895
406700 0.00741626
406800 0.0072974
406900 0.0073266
407000 0.00735098
407100 0.00732122
407200 0.00743182
407300 0.00746925
407400 0.00744735
407500 0.00727162
407600 0.00738326
407700 0.00744992
407800 0.00738047
407900 0.00760119
408000 0.00761891
408100 0.00752155
408200 0.00762194
408300 0.00750768
408400 0.00767067
408500 0.00779616
408600 0.00773517
408700 0.00769474
408800 0.00763143
408900 0.00743803
409000 0.00741838
409100 0.00759558
409200 0.00757887
409300 0.00771759
409400 0.00763578
409500 0.00756501
409600 0.00759631
409700 0.00756587
409800 0.00766004
409900 0.00762395
410000 0.00770829
410100 0.00764513
410200 0.00766672
410300 0.00765775
410400 0.00766953
410500 0.0078087
410600 0.00806916
410700 0.00800322
410800 0.00798349
410900 0.00813457
411000 0.00790208
411100 0.00779797
411200 0.00776157
411300 0.00770653
411400 0.00783968
411500 0.00781543
411600 0.0077966
411700 0.00798052
411800 0.00792761
411900 0.00777434
412000 0.00772697
412100 0.00781395
412200 0.0077934
412300 0.00770845
412400 0.00778707
412500 0.00769253
412600 0.00777243
412700 0.00752312
412800 0.00754248
412900 0.00769398
413000 0.00778199
413100 0.00787046
413200 0.00794138
413300 0.00790129
413400 0.00789437
413500 0.00796819
413600 0.0080462
413700 0.00796469
413800 0.00791823
413900 0.00793378
414000 0.00772279
414100 0.00780553
414200 0.00773547
414300 0.00788154
414400 0.00781725
414500 0.00774548
414600 0.00792645
414700 0.00786048
414800 0.00789618
414900 0.00801828
415000 0.00788033
415100 0.00786204
415200 0.00769582
415300 0.00766469
415400 0.00768482
415500 0.0077751
415600 0.00794442
415700 0.00782609
415800 0.00782053
415900 0.00774874
416000 0.00765372
416100 0.00782368
416200 0.00794183
416300 0.00783016
416400 0.00786666
416500 0.00782986
416600 0.00773052
416700 0.00767601
416800 0.00770126
416900 0.00755016
417000 0.00736123
417100 0.00743366
417200 0.00745319
417300 0.00758266
417400 0.00772308
417500 0.00778891
417600 0.00788443
417700 0.00790614
417800 0.00782181
417900 0.0078774
418000 0.00778999
418100 0.0077395
418200 0.00772925
418300 0.00758759
418400 0.00747607
418500 0.00747241
418600 0.00766959
418700 0.00771054
418800 0.00775886
418900 0.00769046
419000 0.0074358
419100 0.00738411
419200 0.00741544
419300 0.00756738
419400 0.00770524
419500 0.00760045
419600 0.00769612
419700 0.00759216
419800 0.00754714
419900 0.00763927
420000 0.00771413
420100 0.00776311
420200 0.00765925
420300 0.00769259
420400 0.00772937
420500 0.00778308
420600 0.00780675
420700 0.0077869
420800 0.00763455
420900 0.00755565
421000 0.00766886
421100 0.00756898
421200 0.00748628
421300 0.00740837
421400 0.00740212
421500 0.00738236
421600 0.00732911
421700 0.00722427
421800 0.00741782
421900 0.00744506
422000 0.00763958
422100 0.00757927
422200 0.0076779
422300 0.00770769
422400 0.00752874
422500 0.00743114
422600 0.00762233
422700 0.00759229
422800 0.00768952
422900 0.00775793
423000 0.00773001
423100 0.00775996
423200 0.00772403
423300 0.00766356
423400 0.00771934
423500 0.00770943
423600 0.00777966
423700 0.0077917
423800 0.00762781
423900 0.00789408
424000 0.00788828
424100 0.00803301
424200 0.00814735
424300 0.00816918
424400 0.00820653
424500 0.00811821
424600 0.00799767
424700 0.00801692
424800 0.00798085
424900 0.00808142
425000 0.00795356
425100 0.00787769
425200 0.00783491
425300 0.00782929
425400 0.00773773
425500 0.00773086
425600 0.00774706
425700 0.00791143
425800 0.00800971
425900 0.00806279
426000 0.00775825
426100 0.00775877
426200 0.00767857
426300 0.00761279
426400 0.00766959
426500 0.00780428
426600 0.00787196
426700 0.00790718
426800 0.00801112
426900 0.00800164
427000 0.00792237
427100 0.00784676
427200 0.00784967
427300 0.00778288
427400 0.00789509
427500 0.00793034
427600 0.00793316
427700 0.00815013
427800 0.00804253
427900 0.00821
428000 0.00820138
428100 0.00802832
428200 0.00804615
428300 0.00822462
428400 0.00821685
428500 0.00789948
428600 0.00794116
428700 0.00801973
428800 0.0078977
428900 0.00785862
429000 0.00783133
429100 0.00773913
429200 0.0075764
429300 0.00751989
429400 0.00752652
429500 0.00756609
429600 0.00766671
429700 0.00762256
429800 0.00764798
429900 0.00767344
430000 0.00785693
430100 0.0076595
430200 0.00782355
430300 0.00796333
430400 0.00780433
430500 0.0077225
430600 0.00775609
430700 0.00779966
430800 0.00782627
430900 0.00784887
431000 0.00789371
431100 0.00780819
431200 0.007658
431300 0.00777583
431400 0.00775289
431500 0.00763955
431600 0.00759935
431700 0.00761121
431800 0.00759791
431900 0.00766699
432000 0.00766625
432100 0.00763082
432200 0.00753097
432300 0.00758755
432400 0.00760718
432500 0.00750077
432600 0.00779075
432700 0.00785538
432800 0.00792418
432900 0.00785436
433000 0.0076965
433100 0.00759771
433200 0.00755938
433300 0.0077359
433400 0.00774798
433500 0.00786096
433600 0.00782237
433700 0.00779063
433800 0.00765005
433900 0.00763902
434000 0.00756224
434100 0.00758216
434200 0.00743028
434300 0.00741946
434400 0.00743029
434500 0.00749516
434600 0.00762989
434700 0.00789198
434800 0.00779802
434900 0.00777511
435000 0.0078025
435100 0.00792095
435200 0.00787359
435300 0.0079362
435400 0.00801571
435500 0.00792447
435600 0.00792049
435700 0.00799873
435800 0.00798049
435900 0.00785748
436000 0.0077332
436100 0.00757489
436200 0.00750077
436300 0.00761015
436400 0.00755022
436500 0.00754417
436600 0.00746248
436700 0.00750126
436800 0.0076191
436900 0.00771461
437000 0.00772624
437100 0.00789134
437200 0.00785327
437300 0.00757291
437400 0.00750088
437500 0.00752514
437600 0.0076062
437700 0.00748991
437800 0.00757675
437900 0.00753579
438000 0.00742112
438100 0.00762005
438200 0.00758585
438300 0.00763398
438400 0.00759914
438500 0.00760982
438600 0.00770879
438700 0.00776566
438800 0.0076873
438900 0.00746231
439000 0.00748124
439100 0.00749934
439200 0.00752053
439300 0.00757546
439400 0.00774969
439500 0.00752755
439600 0.0076976
439700 0.00765686
439800 0.00769091
439900 0.00782807
440000 0.0077244
440100 0.00775522
440200 0.00788495
440300 0.00781992
440400 0.00775862
440500 0.00771493
440600 0.00778997
440700 0.00765522
440800 0.00771209
440900 0.00763328
441000 0.00745611
441100 0.00751253
441200 0.00751284
441300 0.00760916
441400 0.00762211
441500 0.00757962
441600 0.00760861
441700 0.00762015
441800 0.00751506
441900 0.00738474
442000 0.00743531
442100 0.0073727
442200 0.00737573
442300 0.00754299
442400 0.00755744
442500 0.00747115
442600 0.00754865
442700 0.00744148
442800 0.00743273
442900 0.00747324
443000 0.0075965
443100 0.00768744
443200 0.00776874
443300 0.00772911
443400 0.0077578
443500 0.00784596
443600 0.007749
443700 0.00778724
443800 0.00784909
443900 0.00791176
444000 0.00785567
444100 0.0078032
444200 0.00763335
444300 0.00759571
444400 0.0076328
444500 0.00763513
444600 0.00761824
444700 0.00769937
444800 0.00786153
444900 0.00788836
445000 0.00798694
445100 0.00806895
445200 0.00800708
445300 0.00787787
445400 0.00788979
445500 0.00777349
445600 0.0076902
445700 0.00780984
445800 0.00796887
445900 0.00805509
446000 0.00806806
446100 0.0080615
446200 0.00794795
446300 0.0078129
446400 0.00786523
446500 0.00795329
446600 0.00788525
446700 0.00791016
446800 0.00790453
446900 0.00795865
447000 0.00789029
447100 0.00780364
447200 0.00794118
447300 0.00781133
447400 0.00770129
447500 0.00774103
447600 0.00775505
447700 0.00775414
447800 0.00779916
447900 0.0078228
448000 0.00772886
448100 0.00770481
448200 0.00772587
448300 0.00761514
448400 0.00790022
448500 0.00781411
448600 0.00765878
448700 0.00771571
448800 0.00767745
448900 0.00751295
449000 0.00741663
449100 0.00748968
449200 0.00764795
449300 0.00765962
449400 0.00776088
449500 0.00796163
449600 0.00801753
449700 0.0079556
449800 0.00796975
449900 0.00780144
450000 0.00776644
450100 0.00767288
450200 0.00748264
450300 0.00775077
450400 0.00765683
450500 0.00774523
450600 0.00786016
450700 0.00778035
450800 0.00774544
450900 0.00774604
451000 0.00778885
451100 0.00763022
451200 0.0075393
451300 0.00769518
451400 0.00782048
451500 0.00782947
451600 0.00761248
451700 0.00763322
451800 0.00771558
451900 0.00759547
452000 0.00771728
452100 0.00776004
452200 0.00793463
452300 0.00790621
452400 0.008041
452500 0.00797932
452600 0.00820344
452700 0.00817573
452800 0.00821397
452900 0.00807224
453000 0.00815946
453100 0.00810779
453200 0.00813243
453300 0.00786805
453400 0.00783791
453500 0.00776553
453600 0.00766932
453700 0.00760035
453800 0.00771476
453900 0.00773958
454000 0.0075927
454100 0.00752072
454200 0.0076835
454300 0.00786931
454400 0.00775003
454500 0.00775492
454600 0.00770674
454700 0.00752841
454800 0.00773901
454900 0.00767311
455000 0.00753793
455100 0.00771096
455200 0.00770454
455300 0.00762017
455400 0.00767335
455500 0.00770811
455600 0.00783308
455700 0.00796809
455800 0.00790617
455900 0.00776881
456000 0.00778215
456100 0.00776821
456200 0.00757082
456300 0.00777095
456400 0.0079301
456500 0.00794964
456600 0.00787229
456700 0.00774755
456800 0.00778896
456900 0.00768995
457000 0.00786698
457100 0.00788651
457200 0.0076232
457300 0.00760678
457400 0.00760152
457500 0.00754493
457600 0.0075642
457700 0.00778569
457800 0.00779681
457900 0.00785278
458000 0.00785528
458100 0.0077688
458200 0.00792276
458300 0.00786049
458400 0.00775274
458500 0.00780366
458600 0.00782981
458700 0.00767367
458800 0.00763366
458900 0.00762868
459000 0.00740955
459100 0.00750077
459200 0.00756473
459300 0.00761105
459400 0.00767077
459500 0.0077032
459600 0.0076522
459700 0.00768916
459800 0.00764383
459900 0.00760358
460000 0.0076856
460100 0.00751988
460200 0.0075141
460300 0.00765765
460400 0.00755654
460500 0.00769392
460600 0.00780427
460700 0.00768059
460800 0.00777916
460900 0.00772064
461000 0.00773198
461100 0.00774508
461200 0.0078529
461300 0.00772177
461400 0.00764838
461500 0.00778609
461600 0.00757218
461700 0.00756566
461800 0.00752073
461900 0.00759821
462000 0.0075878
462100 0.0077496
462200 0.00763812
462300 0.00777174
462400 0.00776812
462500 0.00787919
462600 0.00784903
462700 0.00784741
462800 0.00814958
462900 0.00800502
463000 0.00797026
463100 0.00792704
463200 0.00802383
463300 0.00798121
463400 0.00793851
463500 0.00787378
463600 0.00782113
463700 0.00794002
463800 0.00781868
463900 0.0076738
464000 0.00770172
464100 0.00760895
464200 0.00753418
464300 0.00753284
464400 0.00737386
464500 0.0073791
464600 0.00754698
464700 0.00746986
464800 0.00748555
464900 0.00747567
465000 0.00742724
465100 0.00755269
465200 0.00780116
465300 0.00795917
465400 0.00789834
465500 0.00786138
465600 0.00779696
465700 0.00763229
465800 0.0077229
465900 0.00777883
466000 0.00776745
466100 0.00784932
466200 0.00786298
466300 0.00787726
466400 0.00789928
466500 0.00786343
466600 0.00772834
466700 0.00751228
466800 0.0075481
466900 0.00761259
467000 0.00747917
467100 0.00746112
467200 0.00741154
467300 0.00757664
467400 0.00776233
467500 0.007953
467600 0.0080645
467700 0.00808744
467800 0.00803184
467900 0.0080073
468000 0.00799412
468100 0.00792287
468200 0.00782629
468300 0.00781581
468400 0.00791956
468500 0.0078723
468600 0.00793851
468700 0.00787926
468800 0.00787584
468900 0.00775928
469000 0.00778197
469100 0.00791852
469200 0.00776523
469300 0.00762358
469400 0.00752368
469500 0.00755339
469600 0.00763948
469700 0.00774852
469800 0.00795278
469900 0.00779213
470000 0.00765773
470100 0.00785336
470200 0.00780259
470300 0.00774581
470400 0.00792734
470500 0.00790114
470600 0.0079909
470700 0.00783789
470800 0.00768673
470900 0.00771707
471000 0.00761693
471100 0.00769012
471200 0.00765944
471300 0.00748715
471400 0.0078029
471500 0.00775111
471600 0.00777146
471700 0.00766314
471800 0.00760432
471900 0.00765407
472000 0.00755285
472100 0.00757528
472200 0.00759196
472300 0.00764792
472400 0.00774615
472500 0.00766477
472600 0.00759531
472700 0.0076611
472800 0.00749032
472900 0.00757968
473000 0.00742384
473100 0.00736298
473200 0.00748145
473300 0.00755592
473400 0.0076462
473500 0.00768134
473600 0.00791268
473700 0.00795746
473800 0.00794823
473900 0.00775258
474000 0.00786706
474100 0.00780122
474200 0.00766072
474300 0.00760527
474400 0.00772219
474500 0.00778849
474600 0.00786916
474700 0.00769109
474800 0.00771605
474900 0.00766923
475000 0.0075588
475100 0.00750748
475200 0.00760012
475300 0.00764308
475400 0.00783736
475500 0.00791982
475600 0.0079474
475700 0.00793306
475800 0.0078697
475900 0.00782045
476000 0.00783367
476100 0.00773844
476200 0.00768037
476300 0.007656
476400 0.00779033
476500 0.00763078
476600 0.00779432
476700 0.00778084
476800 0.00791633
476900 0.00791901
477000 0.00781266
477100 0.00781447
477200 0.0079479
477300 0.00797999
477400 0.00787456
477500 0.00786872
477600 0.0078866
477700 0.0078166
477800 0.00776377
477900 0.00773039
478000 0.00771884
478100 0.00773932
478200 0.00775641
478300 0.00778676
478400 0.00777617
478500 0.00778221
478600 0.00758811
478700 0.00758008
478800 0.00754589
478900 0.00762724
479000 0.00751065
479100 0.00736925
479200 0.00749016
479300 0.0073766
479400 0.00749546
479500 0.0075727
479600 0.00752076
479700 0.00772219
479800 0.00789766
479900 0.00782003
480000 0.00789373
480100 0.00782069
480200 0.00772356
480300 0.00775034
480400 0.00784348
480500 0.00776078
480600 0.00754026
480700 0.00750843
480800 0.00760031
480900 0.00780029
481000 0.00786963
481100 0.00775558
481200 0.00762586
481300 0.00754388
481400 0.00761304
481500 0.00763832
481600 0.00778306
481700 0.00790586
481800 0.00775042
481900 0.00789712
482000 0.00790701
482100 0.00784953
482200 0.00789428
482300 0.00790201
482400 0.00782811
482500 0.00778228
482600 0.00768433
482700 0.00759775
482800 0.00762452
482900 0.00758572
483000 0.00766075
483100 0.00750914
483200 0.00744191
483300 0.00749034
483400 0.00742141
483500 0.00757034
483600 0.00759101
483700 0.00765509
483800 0.007803
483900 0.00770904
484000 0.00786516
484100 0.00804672
484200 0.00773009
484300 0.00774679
484400 0.00760552
484500 0.00761062
484600 0.00751654
484700 0.00752562
484800 0.00774923
484900 0.00773975
485000 0.00770111
485100 0.007882
485200 0.00779455
485300 0.00772119
485400 0.00761892
485500 0.0077689
485600 0.00790622
485700 0.0080437
485800 0.00805464
485900 0.00792245
486000 0.007976
486100 0.00788148
486200 0.00780509
486300 0.00775636
486400 0.0079193
486500 0.00794704
486600 0.00780568
486700 0.00795269
486800 0.00793365
486900 0.00795597
487000 0.00784507
487100 0.00793296
487200 0.00783983
487300 0.00793928
487400 0.00792551
487500 0.00786046
487600 0.00777454
487700 0.00769727
487800 0.00775331
487900 0.00763061
488000 0.00756968
488100 0.00758754
488200 0.00754634
488300 0.0077064
488400 0.00768781
488500 0.00785343
488600 0.00773
488700 0.00788308
488800 0.00790923
488900 0.00768879
489000 0.00766925
489100 0.00770926
489200 0.00755713
489300 0.00757262
489400 0.00754958
489500 0.00748316
489600 0.00754425
489700 0.00749296
489800 0.00745669
489900 0.00745604
490000 0.00731267
490100 0.00730982
490200 0.0074072
490300 0.00744457
490400 0.00740615
490500 0.00746164
490600 0.0073846
490700 0.00754508
490800 0.00757462
490900 0.00754992
491000 0.00757619
491100 0.00735751
491200 0.00723287
491300 0.00734589
491400 0.00746381
491500 0.00749157
491600 0.00752545
491700 0.00750625
491800 0.00763676
491900 0.00772263
492000 0.00784861
492100 0.00771691
492200 0.0079148
492300 0.0078202
492400 0.00775697
492500 0.00760095
492600 0.00769102
492700 0.00763961
492800 0.00777766
492900 0.00753509
493000 0.00753468
493100 0.00744837
493200 0.00739645
493300 0.00736668
493400 0.00738632
493500 0.007493
493600 0.00740497
493700 0.00752196
493800 0.00741017
493900 0.00736859
494000 0.00735508
494100 0.00739832
494200 0.0075607
494300 0.00773698
494400 0.00767791
494500 0.00781072
494600 0.00774428
494700 0.00781387
494800 0.00777839
494900 0.00782114
495000 0.00788444
495100 0.00773023
495200 0.00757587
495300 0.00754241
495400 0.00781
495500 0.00790375
495600 0.0080124
495700 0.00802587
495800 0.00802275
495900 0.00774843
496000 0.00782462
496100 0.00777716
496200 0.007721
496300 0.00784326
496400 0.00783047
496500 0.00781063
496600 0.00788995
496700 0.00788771
496800 0.00796632
496900 0.00799126
497000 0.00813246
497100 0.00815855
497200 0.00808566
497300 0.00816826
497400 0.00815245
497500 0.00814977
497600 0.00813088
497700 0.0079516
497800 0.00791106
497900 0.00779551
498000 0.00780305
498100 0.00762698
498200 0.00771584
498300 0.00776138
498400 0.00784306
498500 0.00770577
498600 0.00787119
498700 0.00784699
498800 0.00778258
498900 0.00782068
499000 0.00787622
499100 0.00770569
499200 0.00762695
499300 0.00772534
499400 0.00775396
499500 0.00777809
499600 0.00782638
499700 0.00782636
499800 0.00774511
499900 0.00777505
500000 0.00778766
