1 4293.28
2 4194.4
3 4038.61
4 3943.66
5 3842.43
6 3770.54
7 3682.65
8 3567.51
9 3473.98
10 3396.45
11 3301.72
12 3230.14
13 3154.43
14 3099.11
15 3002.41
16 2918.5
17 2848.09
18 2797.79
19 2723.66
20 2652.58
21 2587.46
22 2523.83
23 2461.57
24 2416.84
25 2352.21
26 2282.93
27 2231.49
28 2169.86
29 2093.98
30 2035.44
31 1995.95
32 1943.44
33 1902.6
34 1864.97
35 1836.09
36 1786.57
37 1741.49
38 1696.45
39 1663.62
40 1619.96
41 1586.49
42 1547.9
43 1520.99
44 1479.4
45 1446.9
46 1421.83
47 1384.78
48 1357.13
49 1327.71
50 1290.77
51 1259.64
52 1234.96
53 1207.28
54 1179.42
55 1159.2
56 1120.46
57 1105.19
58 1076.39
59 1051.18
60 1023.35
61 1006.56
62 979.63
63 944.519
64 919.076
65 900.395
66 872.885
67 853.042
68 834.513
69 817.361
70 801.265
71 781.019
72 766.713
73 749.384
74 733.836
75 719.439
76 705.708
77 688.714
78 671.424
79 657.231
80 643.774
81 631.913
82 617.087
83 598.863
84 589.853
85 582.145
86 562.023
87 552.927
88 546.009
89 535.152
90 523.138
91 511.3
92 499.664
93 492.955
94 482.913
95 471.749
96 459.123
97 446.699
98 438.038
99 430.002
100 417.139
101 409.034
102 403.826
103 397.908
104 391.191
105 385.712
106 378.418
107 370.569
108 362.644
109 358.115
110 351.482
111 348.246
112 342.007
113 337.357
114 334.059
115 328.813
116 321.879
117 316.797
118 312.892
119 308.678
120 305.57
121 301.256
122 296.078
123 292.28
124 288.411
125 283.677
126 278.234
127 273.69
128 270.213
129 268.648
130 265.901
131 263.095
132 260.5
133 256.492
134 253.582
135 252.465
136 250.852
137 248.999
138 247.836
139 242.127
140 240.33
141 237.489
142 235.084
143 234.054
144 232.039
145 230.237
146 228.962
147 225.766
148 224.076
149 223.71
150 222.674
151 220.746
152 220.945
153 220.146
154 219.244
155 217.739
156 216.426
157 214.122
158 212.108
159 211.749
160 210.686
161 210.715
162 208.553
163 206.277
164 205.552
165 205.38
166 206.205
167 205.407
168 205.72
169 205.917
170 204.989
171 204.262
172 203.283
173 202.588
174 201.114
175 200.798
176 200.033
177 200.612
178 200.858
179 200.035
180 199.045
181 198.483
182 196.978
183 197.387
184 196.765
185 196.478
186 196.588
187 195.788
188 196.68
189 197.617
190 197.829
191 197.252
192 195.973
193 196.397
194 196.217
195 196.374
196 196.271
197 196.253
198 196.405
199 195.502
200 195.866
201 195.528
202 195.39
203 195.17
204 194.602
205 194.973
206 194.879
207 193.858
208 193.758
209 194.206
210 193.129
211 192.043
212 190.805
213 190.144
214 190.013
215 191.642
216 192.513
217 193.062
218 192.958
219 193.688
220 193.909
221 195.136
222 195.79
223 196.995
224 197.433
225 196.256
226 197.127
227 196.017
228 194.926
229 195.533
230 195.913
231 195.835
232 194.894
233 194.099
234 192.636
235 193.037
236 194.285
237 194.273
238 194.207
239 194.509
240 194.494
241 194.996
242 195.433
243 195.718
244 196.092
245 198.099
246 196.89
247 196.09
248 197.293
249 197.56
250 197.685
251 196.743
252 196.072
253 194.912
254 195.935
255 195.785
256 195.917
257 197.248
258 196.87
259 196.446
260 197.319
261 197.855
262 198.108
263 197.526
264 197.773
265 197.33
266 197.538
267 196.831
268 196.003
269 196.313
270 196.058
271 196.601
272 197.063
273 197.451
274 197.768
275 198.327
276 197.527
277 196.885
278 196.406
279 196.015
280 196.6
281 197.404
282 196.879
283 195.923
284 194.49
285 194.76
286 194.289
287 194.701
288 194.686
289 194.862
290 194.261
291 194.39
292 194.652
293 192.563
294 192.95
295 192.87
296 193.185
297 192.976
298 192.957
299 193.495
300 193.052
301 193.706
302 193.948
303 193.394
304 193.109
305 192.738
306 193.072
307 193.269
308 193.907
309 194.897
310 194.046
311 194.036
312 192.892
313 193.171
314 193.223
315 193.459
316 193.646
317 193.599
318 193.001
319 194.333
320 194.507
321 195.146
322 194.622
323 196.025
324 195.366
325 194.574
326 195.505
327 195.365
328 194.998
329 195.123
330 194.866
331 195.911
332 195.438
333 193.998
334 194.374
335 194.559
336 194.843
337 195.87
338 195.619
339 195.51
340 195.241
341 194.197
342 192.203
343 191.393
344 191.287
345 190.876
346 191.229
347 191.442
348 192.17
349 191.694
350 191.835
351 194.064
352 194.296
353 194.568
354 194.635
355 193.752
356 192.567
357 193.174
358 193.47
359 194.909
360 195.153
361 195.73
362 194.797
363 193.548
364 193.289
365 194.267
366 193.81
367 193.197
368 192.913
369 193.588
370 194.326
371 193.492
372 194.273
373 195.326
374 195.527
375 196.553
376 195.77
377 194.89
378 194.935
379 194.871
380 194.858
381 194.249
382 193.92
383 193.179
384 192.104
385 191.916
386 193.003
387 193.101
388 193.597
389 194.263
390 194.509
391 194.971
392 194.715
393 193.337
394 194.386
395 193.785
396 193.441
397 193.836
398 194.225
399 194.361
400 194.921
401 194.593
402 195.282
403 193.765
404 193.312
405 192.756
406 193.427
407 193.991
408 193.401
409 193.335
410 194.099
411 195.017
412 195.113
413 195.303
414 195.063
415 194.244
416 193.715
417 194.26
418 194.189
419 194.132
420 194.816
421 196.096
422 195.372
423 197.085
424 196.283
425 195.557
426 194.283
427 193.787
428 194.767
429 194.948
430 193.501
431 193.557
432 193.124
433 192.321
434 192.128
435 191.71
436 192.686
437 192.779
438 192.355
439 191.809
440 192.624
441 191.768
442 191.427
443 192.491
444 191.816
445 191.789
446 192.831
447 192.668
448 192.168
449 191.591
450 191.118
451 191.537
452 192.736
453 192.219
454 192.499
455 191.781
456 191.132
457 192.29
458 192.412
459 191.455
460 191.885
461 191.957
462 191.882
463 191.783
464 193.579
465 193.536
466 193.664
467 192.918
468 193.202
469 193.715
470 193.994
471 195.06
472 193.625
473 193.438
474 193.897
475 194.375
476 193.656
477 193.603
478 193.443
479 192.959
480 191.211
481 189.917
482 190.543
483 190.631
484 189.619
485 189.724
486 187.965
487 188.178
488 189.956
489 190.143
490 190.588
491 190.615
492 192.821
493 192.252
494 191.405
495 191.656
496 192.078
497 192.53
498 192.647
499 194.06
500 193.342
501 193.503
502 193.384
503 194.175
504 194.719
505 194.682
506 194.421
507 193.263
508 193.241
509 193.723
510 193.581
511 193.507
512 194.273
513 194.728
514 195.202
515 195.312
516 196.386
517 195.713
518 194.5
519 195.489
520 194.987
521 194.963
522 194.52
523 193.753
524 193.288
525 193.068
526 193.738
527 194.463
528 193.71
529 193.614
530 193.644
531 192.159
532 193.038
533 193.597
534 194.869
535 195.159
536 194.193
537 194.371
538 194.914
539 195.521
540 195.993
541 195.412
542 195.86
543 194.994
544 193.903
545 193.423
546 194.354
547 194.386
548 193.422
549 194.521
550 194.36
551 194.045
552 194.076
553 193.924
554 193.835
555 194.376
556 194.287
557 193.337
558 193.918
559 193.419
560 193.596
561 193.544
562 193.576
563 193.03
564 192.539
565 192.443
566 193.461
567 193.065
568 192.809
569 193.665
570 193.016
571 193.343
572 193.275
573 192.645
574 192.519
575 193.63
576 193.107
577 192.574
578 194.197
579 193.016
580 191.959
581 191.135
582 191.13
583 191.484
584 193.216
585 193.37
586 193.603
587 193.294
588 192.97
589 191.893
590 191.36
591 191.686
592 192.985
593 194.091
594 193.786
595 193.178
596 192.824
597 193.828
598 193.443
599 193.931
600 193.515
601 192.711
602 193.936
603 194.664
604 194.746
605 194.184
606 193.405
607 193.936
608 194.624
609 194.34
610 194.718
611 195.972
612 195.553
613 195.936
614 195.904
615 195.405
616 195.651
617 195.913
618 196.158
619 196.337
620 196.034
621 195.778
622 194.845
623 194.531
624 194.662
625 194.722
626 194.931
627 194.664
628 195.152
629 195.282
630 196.39
631 196.48
632 196.719
633 196.14
634 195.557
635 197.019
636 196.944
637 197.916
638 197.61
639 197.727
640 197.579
641 197.323
642 197.418
643 197.019
644 198.149
645 198.476
646 199.397
647 200.522
648 199.84
649 201.051
650 200.913
651 200.461
652 200.367
653 199.765
654 199.391
655 199.038
656 198.276
657 198.839
658 197.21
659 197.098
660 197.16
661 196.702
662 196.805
663 197.701
664 197.447
665 197.506
666 197.685
667 197.846
668 198.215
669 198.471
670 196.82
671 195.444
672 194.805
673 194.629
674 196.438
675 195.618
676 195.954
677 194.967
678 194.287
679 194.605
680 195.182
681 194.621
682 194.875
683 195.792
684 194.776
685 194.95
686 194.965
687 194.339
688 193.896
689 194.695
690 193.88
691 193.674
692 193.353
693 193.115
694 192.526
695 193.477
696 193.654
697 194.568
698 194.435
699 194.594
700 195.842
701 194.856
702 195.311
703 194.477
704 195.297
705 194.46
706 195.229
707 194.545
708 194.971
709 194.692
710 194.151
711 194.395
712 194.635
713 195.073
714 193.776
715 194.172
716 194.684
717 194.893
718 195.321
719 194.737
720 194.516
721 194.515
722 195.623
723 195.687
724 195.43
725 195.706
726 195.392
727 196.069
728 196.094
729 195.754
730 196.876
731 197.076
732 197.796
733 198.36
734 198.277
735 197.947
736 196.842
737 197.129
738 196.415
739 196.514
740 196.041
741 196.253
742 196.51
743 196.76
744 198.237
745 197.256
746 195.895
747 196.436
748 196.315
749 194.95
750 195.392
751 196.086
752 196.961
753 196.635
754 197.81
755 197.459
756 199.001
757 199.09
758 197.943
759 197.439
760 198.663
761 196.971
762 198.531
763 198.56
764 198.752
765 198.148
766 196.286
767 196.702
768 195.126
769 193.827
770 194.502
771 194.362
772 193.841
773 192.75
774 192.73
775 192.393
776 190.89
777 190.744
778 191.367
779 192.051
780 191.82
781 191.78
782 191.721
783 193.097
784 192.447
785 190.884
786 192.27
787 191.261
788 192.823
789 192.724
790 192.349
791 192.604
792 193.382
793 194.693
794 194.45
795 195.421
796 194.86
797 194.789
798 194.469
799 194.734
800 195.874
801 196.345
802 196.011
803 196.198
804 196.637
805 196.373
806 195.269
807 195.66
808 194.317
809 194.199
810 193.554
811 194.338
812 195.028
813 193.664
814 193.748
815 193.262
816 194.219
817 196.019
818 196.104
819 195.991
820 196.908
821 196.824
822 197.371
823 197.48
824 197.977
825 197.485
826 197.857
827 197.27
828 198.528
829 197.847
830 197.463
831 196.925
832 196.953
833 197.95
834 198.687
835 198.649
836 198.403
837 198.498
838 197.48
839 197.955
840 198.337
841 199.337
842 199.511
843 199.193
844 198.707
845 199.414
846 198.519
847 198.189
848 197.572
849 196.563
850 195.176
851 193.094
852 194.136
853 193.628
854 193.364
855 193.653
856 192.829
857 193.464
858 192.946
859 192.577
860 193.544
861 193.012
862 192.394
863 192.996
864 192.346
865 192.592
866 193.424
867 193.421
868 194.396
869 194.388
870 194.776
871 194.813
872 193.685
873 193.159
874 192.817
875 193.043
876 193.231
877 192.991
878 193.38
879 193.945
880 194.399
881 194.787
882 194.14
883 194.118
884 193.343
885 193.438
886 192.702
887 191.822
888 190.194
889 191.499
890 192.166
891 192.426
892 193.552
893 193.956
894 193.843
895 194.76
896 194.807
897 196.532
898 196.842
899 196.197
900 195.564
901 194.775
902 194.474
903 192.763
904 192.201
905 192.652
906 193.432
907 192.655
908 193.529
909 193.56
910 192.119
911 191.605
912 190.565
913 190.744
914 190.745
915 193.111
916 193.373
917 192.067
918 192.805
919 192.798
920 193.068
921 192.784
922 192.97
923 193.615
924 195.432
925 195.443
926 194.831
927 195.334
928 196.046
929 196.505
930 197.28
931 195.075
932 194.897
933 195.36
934 194.765
935 196.807
936 197.598
937 198.539
938 198.947
939 198.635
940 198.23
941 197.914
942 197.195
943 196.836
944 197.397
945 196.573
946 196.241
947 195.257
948 194.841
949 194.468
950 195.042
951 194.764
952 194.752
953 194.118
954 195.442
955 195.815
956 195.826
957 196.772
958 196.17
959 195.361
960 194.344
961 193.968
962 193.533
963 194.061
964 193.583
965 193.284
966 193.759
967 193.585
968 193.896
969 192.337
970 192.401
971 192.533
972 193.511
973 193.486
974 194.502
975 193.888
976 194.201
977 194.312
978 194.212
979 195.933
980 196.767
981 196.584
982 196.15
983 195.597
984 196.855
985 195.609
986 195.626
987 195.043
988 195.103
989 194.79
990 194.56
991 193.623
992 193.541
993 193.393
994 193.019
995 193.11
996 192.067
997 191.238
998 193.085
999 193.746
1000 193.132
