1 111420
2 59318
3 31982.1
4 16826.4
5 9026.22
6 4848.84
7 2779.93
8 1518.31
9 867.126
10 540.637
11 442.178
12 351.453
13 335.433
14 331.444
15 363.914
16 332.466
17 327.036
18 338.672
19 335.605
20 331.086
21 329.036
22 329.428
23 332.73
24 329.198
25 337.781
26 329.293
27 330.621
28 332.538
29 329.772
30 323.588
31 337.32
32 329.84
33 333.56
34 330.837
35 340.978
36 344.91
37 377.139
38 328.121
39 336.119
40 326.34
41 339.328
42 332.718
43 334.84
44 338.968
45 339.598
46 338.878
47 349.798
48 336.962
49 332.608
50 334.194
