1 4150.97
2 3965.46
3 3765.54
4 3597.84
5 3456.03
6 3307.02
7 3147.77
8 2999.9
9 2864.59
10 2726.57
11 2606.07
12 2486.2
13 2391.18
14 2299.11
15 2188.67
16 2099.05
17 2002.95
18 1917.85
19 1853.81
20 1782.98
21 1708.26
22 1632.21
23 1563.98
24 1506.77
25 1445.95
26 1396.05
27 1342.63
28 1291.48
29 1244.3
30 1191.58
31 1143.8
32 1103.15
33 1060.44
34 1011.82
35 975.967
36 942.303
37 901.6
38 870.706
39 833.576
40 800.588
41 771.838
42 742.544
43 717.941
44 689.215
45 662.812
46 635.741
47 615.437
48 596.897
49 574.817
50 552.306
51 536.065
52 516.771
53 498.14
54 478.329
55 461.516
56 447.719
57 432.261
58 416.187
59 404.243
60 390.791
61 377.624
62 366.245
63 352.543
64 340.17
65 330.584
66 320.039
67 310.736
68 301.793
69 293.676
70 284.949
71 277.508
72 270.386
73 263.816
74 256.116
75 249.956
76 243.131
77 237.926
78 232.383
79 227.206
80 221.568
81 216.986
82 212.538
83 208.401
84 204.361
85 200.576
86 196.503
87 193.332
88 190.342
89 188.12
90 185.811
91 183.082
92 180.518
93 178.105
94 175.85
95 173.66
96 171.499
97 170.123
98 168.18
99 166.96
100 165.031
101 163.551
102 162.304
103 161.669
104 160.997
105 160.216
106 159.496
107 158.771
108 157.816
109 157.173
110 156.86
111 156.086
112 155.511
113 154.87
114 154.308
115 153.992
116 153.757
117 153.227
118 152.695
119 152.27
120 152.022
121 152.176
122 151.885
123 151.39
124 150.697
125 150.83
126 150.5
127 150.142
128 150.368
129 150.052
130 150.044
131 149.439
132 149.021
133 148.741
134 148.613
135 148.221
136 147.906
137 147.662
138 147.599
139 147.485
140 147.579
141 147.754
142 147.79
143 147.695
144 147.437
145 147.489
146 147.253
147 147.292
148 147.249
149 147.282
150 147.46
151 147.568
152 147.556
153 147.871
154 148.111
155 148.028
156 147.852
157 147.934
158 148.185
159 148.429
160 148.425
161 148.073
162 147.698
163 147.676
164 147.69
165 147.564
166 147.726
167 147.753
168 147.776
169 147.582
170 147.72
171 147.513
172 147.508
173 147.436
174 147.396
175 147.46
176 147.44
177 147.115
178 147.214
179 147.362
180 146.937
181 147.255
182 147.366
183 147.648
184 147.239
185 147.297
186 147.498
187 147.48
188 147.635
189 147.646
190 147.734
191 147.529
192 147.14
193 147.185
194 147.249
195 147.139
196 147.309
197 147.003
198 147.299
199 147.32
200 147.079
201 146.734
202 146.953
203 146.526
204 146.62
205 146.976
206 147.093
207 146.979
208 146.721
209 146.804
210 146.502
211 146.534
212 146.654
213 146.713
214 146.543
215 146.692
216 146.505
217 146.497
218 146.823
219 146.57
220 146.912
221 147.173
222 146.883
223 147.266
224 147.29
225 147.199
226 147.285
227 147.131
228 147.125
229 147.069
230 147.053
231 147.251
232 146.926
233 146.679
234 146.464
235 146.533
236 146.673
237 146.552
238 146.954
239 147.009
240 146.908
241 147.235
242 147.244
243 147.27
244 147.163
245 147.401
246 147.385
247 147.423
248 147.517
249 147.528
250 147.377
