1 5.79956
2 3.14548
3 1.73714
4 0.975082
5 0.559659
6 0.330263
7 0.196297
8 0.117856
9 0.0721924
10 0.046537
11 0.040163
12 0.0378408
13 0.0335277
14 0.0338095
15 0.03169
16 0.0295707
17 0.0289088
18 0.033428
19 0.0337289
20 0.0345618
21 0.0331574
22 0.0294591
23 0.0350655
24 0.0338163
25 0.0342982
26 0.0333211
27 0.0322307
28 0.0278583
29 0.0302139
30 0.0315202
31 0.0302564
32 0.0303491
33 0.0318693
34 0.031008
35 0.0320617
36 0.0370279
37 0.0368927
38 0.0360812
39 0.032642
40 0.0321764
41 0.0338502
42 0.0318569
43 0.031403
44 0.0341148
45 0.0339591
46 0.0342057
47 0.0304098
48 0.0324889
49 0.0319173
50 0.033071
