1 4162.68
2 3947.24
3 3742.19
4 3551.15
5 3369.54
6 3197.98
7 3037.29
8 2884.79
9 2741.92
10 2605.38
11 2476.99
12 2354.65
13 2239.22
14 2128.73
15 2024.33
16 1925.75
17 1832.91
18 1745.1
19 1661.91
20 1582.02
21 1506.93
22 1436.06
23 1369.11
24 1305.33
25 1245.34
26 1187.64
27 1133.52
28 1082.16
29 1032.91
30 986.337
31 942.14
32 900.378
33 860.575
34 822.926
35 787.367
36 753.062
37 720.488
38 689.468
39 659.852
40 631.63
41 605.459
42 580.508
43 556.889
44 534.153
45 512.608
46 492.343
47 472.836
48 454.515
49 437.066
50 420.463
51 404.674
52 389.744
53 375.585
54 361.844
55 348.783
56 336.64
57 325.059
58 314.064
59 303.536
60 293.689
61 284.353
62 275.58
63 267.147
64 259.233
65 251.675
66 244.589
67 237.875
68 231.573
69 225.613
70 220.008
71 214.712
72 209.726
73 205.039
74 200.659
75 196.491
76 192.566
77 188.88
78 185.43
79 182.156
80 179.156
81 176.334
82 173.642
83 171.167
84 168.824
85 166.653
86 164.605
87 162.717
88 160.913
89 159.259
90 157.758
91 156.319
92 154.97
93 153.743
94 152.61
95 151.527
96 150.532
97 149.61
98 148.721
99 147.916
100 147.162
101 146.472
102 145.823
103 145.215
104 144.664
105 144.15
106 143.669
107 143.214
108 142.792
109 142.402
110 142.05
111 141.707
112 141.396
113 141.106
114 140.843
115 140.6
116 140.378
117 140.157
118 139.965
119 139.774
120 139.599
121 139.445
122 139.294
123 139.156
124 139.034
125 138.917
126 138.804
127 138.7
128 138.607
129 138.518
130 138.438
131 138.365
132 138.294
133 138.224
134 138.159
135 138.104
136 138.047
137 137.996
138 137.951
139 137.905
140 137.867
141 137.832
142 137.803
143 137.772
144 137.745
145 137.719
146 137.692
147 137.67
148 137.649
149 137.63
150 137.612
151 137.593
152 137.574
153 137.561
154 137.548
155 137.535
156 137.522
157 137.512
158 137.502
159 137.496
160 137.486
161 137.48
162 137.472
163 137.465
164 137.457
165 137.45
166 137.444
167 137.441
168 137.435
169 137.431
170 137.426
171 137.421
172 137.418
173 137.415
174 137.413
175 137.411
176 137.408
177 137.407
178 137.404
179 137.402
180 137.399
181 137.399
182 137.397
183 137.394
184 137.393
185 137.392
186 137.389
187 137.389
188 137.389
189 137.388
190 137.386
191 137.385
192 137.384
193 137.385
194 137.383
195 137.381
196 137.379
197 137.379
198 137.38
199 137.38
200 137.38
201 137.38
202 137.379
203 137.377
204 137.376
205 137.374
206 137.373
207 137.373
208 137.373
209 137.374
210 137.373
211 137.372
212 137.371
213 137.371
214 137.371
215 137.371
216 137.37
217 137.37
218 137.369
219 137.37
220 137.369
221 137.368
222 137.368
223 137.368
224 137.368
225 137.369
226 137.369
227 137.369
228 137.37
229 137.368
230 137.367
231 137.366
232 137.365
233 137.366
234 137.365
235 137.365
236 137.364
237 137.365
238 137.365
239 137.366
240 137.367
241 137.366
242 137.367
243 137.369
244 137.368
245 137.368
246 137.368
247 137.368
248 137.367
249 137.367
250 137.367
