1 131827
2 82129.6
3 57472.1
4 33449.5
5 21299.6
6 13432.6
7 8394
8 5442.13
9 3401.23
10 2191.78
11 1409.29
12 935.594
13 681.144
14 518.058
15 477.583
16 414.383
17 391.182
18 383.204
19 413.116
20 395.258
21 384.107
22 382.06
23 387.593
24 382.996
25 401.35
26 386.512
27 389.761
28 386.293
29 375.482
30 372.474
31 400.477
32 379.016
33 405
34 388.794
35 406.425
36 380.174
37 445.942
38 403.062
39 389.533
40 380.115
41 380.823
42 387.695
43 391.041
44 387.931
45 386.262
46 416.206
47 428.027
48 406.872
49 396.508
50 389.264
