1 83946.9
2 34634.8
3 15069.7
4 6718.57
5 3028.65
6 1398.59
7 691.555
8 409.928
9 319.762
10 293.9
11 289.352
12 286.781
13 286.376
14 285.93
15 286.043
16 285.855
17 286.461
18 286.754
19 288.736
20 287.176
21 286.751
22 285.458
23 287.412
24 286.059
25 286.004
26 286.519
27 287.396
28 286.549
29 285.863
30 286.119
31 286.385
32 287.979
33 286.811
34 286.075
35 286.621
36 287.125
37 288.274
38 288.222
39 286.567
40 285.83
41 285.921
42 286.263
43 286.194
44 286.275
45 286.038
46 286.414
47 287.13
48 287.045
49 287.955
50 287.725
