1 255.545
2 145.302
3 85.2799
4 59.0438
5 49.137
6 45.5808
7 44.0441
8 43.6215
9 43.6071
10 43.373
11 43.4057
12 43.4566
13 43.4657
14 43.5137
15 43.4236
16 43.5157
17 43.4871
18 43.5627
19 43.4838
20 43.4866
21 43.4019
22 43.3281
23 43.377
24 43.3462
25 43.4809
26 43.3965
27 43.505
28 43.5764
29 43.3784
30 43.3953
31 43.5194
32 43.5902
33 43.4717
34 43.5001
35 43.4751
36 43.4672
37 43.459
38 43.3808
39 43.3675
40 43.3714
41 43.5254
42 43.4182
43 43.3981
44 43.3045
45 43.388
46 43.4108
47 43.514
48 43.4345
49 43.4928
50 43.3965
