10 2.33688e+08
20 3.63815e+08
30 1.29338e+08
40 1.99603e+08
50 2.93722e+08
60 2.96862e+08
70 1.37176e+08
80 1.07978e+08
90 1.05005e+08
100 4.44229e+08
110 1.52214e+08
120 2.24528e+08
130 9.36206e+07
140 8.94584e+07
150 9.68257e+07
160 2.21966e+08
170 1.5364e+08
180 1.91619e+08
190 7.43662e+07
200 9.21715e+07
210 7.29277e+07
220 1.37809e+08
230 6.63065e+07
240 9.10652e+07
250 1.08756e+08
260 8.47387e+07
270 6.63783e+07
280 7.35e+07
290 5.48069e+07
300 5.87663e+07
310 9.91299e+07
320 5.88627e+07
330 1.01352e+08
340 1.29556e+08
350 4.41744e+07
360 6.60353e+07
370 3.77882e+07
380 2.26211e+08
390 6.85585e+07
400 6.64423e+07
410 1.01213e+08
420 3.12257e+07
430 3.13727e+07
440 3.81903e+07
450 3.32113e+07
460 5.47495e+07
470 3.13095e+07
480 5.85546e+07
490 8.29734e+07
500 2.7602e+07
510 3.23836e+07
520 5.80572e+07
530 5.84727e+07
540 1.97494e+07
550 3.37823e+07
560 5.03413e+07
570 4.14484e+07
580 1.99625e+07
590 2.90328e+07
600 1.76065e+07
610 4.55547e+07
620 2.19894e+07
630 2.54488e+07
640 1.36463e+07
650 1.54123e+07
660 1.41363e+07
670 1.28658e+07
680 1.21503e+07
690 3.69429e+07
700 1.32526e+07
710 1.44558e+07
720 1.02645e+07
730 9.70157e+06
740 9.53461e+06
750 1.16551e+07
760 1.05196e+07
770 1.05602e+07
780 8.08694e+06
790 1.28746e+07
800 1.67903e+07
810 8.17886e+06
820 3.41883e+07
830 2.08579e+07
840 7.13184e+06
850 8.4184e+06
860 6.09304e+06
870 6.9665e+06
880 5.85649e+06
890 7.46118e+06
900 6.10629e+06
910 5.88476e+06
920 1.3966e+07
930 1.45489e+07
940 8.85202e+06
950 5.29545e+06
960 5.47514e+06
970 1.59532e+07
980 4.98283e+06
990 4.5464e+06
1000 3.90866e+06
1010 1.63838e+07
1020 8.30987e+06
1030 1.30751e+07
1040 3.63294e+06
1050 1.53839e+07
1060 4.61853e+06
1070 3.0019e+06
1080 8.61437e+06
1090 2.90889e+06
1100 4.14832e+06
1110 2.40031e+06
1120 3.9634e+06
1130 2.23735e+06
1140 2.34935e+06
1150 5.24384e+06
1160 2.30819e+06
1170 4.97206e+06
1180 2.46098e+06
1190 5.98028e+06
1200 4.5303e+06
1210 3.47624e+06
1220 2.13824e+06
1230 3.33825e+06
1240 8.53981e+06
1250 1.827e+06
1260 1.87193e+06
1270 1.37412e+06
1280 1.34836e+06
1290 1.55593e+06
1300 4.4625e+06
1310 2.11331e+06
1320 7.78543e+06
1330 2.12895e+06
1340 6.35504e+06
1350 1.13329e+06
1360 1.44553e+06
1370 2.6656e+06
1380 2.93557e+06
1390 2.10392e+06
1400 1.04133e+06
1410 949365
1420 1.4538e+06
1430 810187
1440 766560
1450 724128
1460 689221
1470 1.58386e+06
1480 644381
1490 1.35966e+06
1500 2.20412e+06
1510 1.51817e+06
1520 893903
1530 2.36487e+06
1540 525237
1550 585152
1560 494773
1570 886299
1580 453800
1590 438665
1600 502479
1610 994585
1620 548784
1630 386007
1640 385635
1650 600911
1660 1.36211e+06
1670 848321
1680 363417
1690 721620
1700 650838
1710 585422
1720 499912
1730 828192
1740 281100
1750 253648
1760 359918
1770 238009
1780 254351
1790 609462
1800 301167
1810 215860
1820 644013
1830 554312
1840 185909
1850 623269
1860 491075
1870 630111
1880 160493
1890 311766
1900 527116
1910 287261
1920 215243
1930 293591
1940 178802
1950 129197
1960 172914
1970 118644
1980 128154
1990 110137
2000 125019
2010 131458
2020 246931
2030 133121
2040 97167.5
2050 104773
2060 87121.1
2070 88147.6
2080 116433
2090 105393
2100 80520.7
2110 92028.6
2120 118905
2130 96096.5
2140 143210
2150 67463.6
2160 642284
2170 454484
2180 69041.6
2190 111232
2200 138720
2210 90120.5
2220 56356.4
2230 347367
2240 135274
2250 46310.6
2260 261117
2270 198013
2280 68878.2
2290 39444
2300 98565.8
2310 83220.8
2320 35794
2330 51350.1
2340 41093
2350 92562.4
2360 31517.3
2370 30390.6
2380 129395
2390 29613.2
2400 31387.8
2410 50665.2
2420 158023
2430 25561
2440 29214.1
2450 81764.9
2460 23060.6
2470 33791.6
2480 42134.3
2490 66193.4
2500 71944
2510 22048.8
2520 32341
2530 67452.2
2540 22160.7
2550 35800.7
2560 17070.7
2570 15334
2580 18740
2590 30498.6
2600 17389.8
2610 16578.8
2620 12748
2630 12957.7
2640 16274.6
2650 12050
2660 35586.1
2670 28338.1
2680 14795.9
2690 15303.3
2700 22992.3
2710 20855
2720 12934.7
2730 13117.4
2740 36079.9
2750 31391.6
2760 9418.32
2770 10603.7
2780 8302.78
2790 29724.9
2800 6845.58
2810 24133.2
2820 6422.38
2830 7007.08
2840 7006.31
2850 32014.3
2860 7403.75
2870 7593.35
2880 7240.41
2890 7548.86
2900 8568.59
2910 4699.21
2920 6282.19
2930 6207.73
2940 4296.98
2950 5416.92
2960 4682.25
2970 6361.36
2980 4694.04
2990 6854.17
3000 4411.52
3010 5151.83
3020 4880.26
3030 5826.51
3040 3199.71
3050 3175.99
3060 6231.48
3070 3111.2
3080 3236.75
3090 4693.46
3100 2704.12
3110 10038.4
3120 3073.42
3130 5944.38
3140 3069.72
3150 2743.54
3160 2543.06
3170 4186.35
3180 2812.62
3190 2405.95
3200 1735.09
3210 2836.11
3220 6166.64
3230 1555.65
3240 1849.28
3250 2732.41
3260 1449.19
3270 1878.75
3280 4019.82
3290 1381.55
3300 1742.56
3310 3132.74
3320 1400.95
3330 1270.18
3340 1477.97
3350 2241.63
3360 988.287
3370 1110.97
3380 1330.28
3390 917.768
3400 3330.69
3410 2127.86
3420 1698.6
3430 859.961
3440 830.979
3450 1770.5
3460 4306.89
3470 741.409
3480 657.184
3490 1961.69
3500 907.886
3510 816.061
3520 1203.2
3530 662.564
3540 699.173
3550 841.486
3560 1830.58
3570 1118.26
3580 576.342
3590 461.533
3600 2338.58
3610 946.874
3620 1847.47
3630 427.66
3640 543.03
3650 625.589
3660 378.001
3670 409.263
3680 453.745
3690 338.039
3700 357.25
3710 423.205
3720 1405.59
3730 292.836
3740 798.403
3750 277.963
3760 423.382
3770 250.337
3780 301.172
3790 408.571
3800 576.017
3810 663.209
3820 212.936
3830 216.596
3840 292.282
3850 275.085
3860 229.337
3870 335.094
3880 209.819
3890 172.556
3900 346.486
3910 203.91
3920 257.917
3930 147.885
3940 521.524
3950 302.159
3960 168.906
3970 137.21
3980 180.343
3990 166.63
4000 288.899
4010 161.161
4020 351.149
4030 136.7
4040 526.169
4050 433.832
4060 305.019
4070 167.944
4080 91.1686
4090 117.308
4100 100.771
4110 116.398
4120 107.516
4130 117.821
4140 109.303
4150 97.4165
4160 69.9602
4170 128.067
4180 112.056
4190 69.3597
4200 72.9917
4210 62.6978
4220 103.192
4230 56.8388
4240 89.2192
4250 49.8295
4260 170.077
4270 49.2302
4280 148.844
4290 67.4371
4300 61.2432
4310 44.1647
4320 44.3799
4330 52.4545
4340 200.343
4350 36.7727
4360 41.5889
4370 33.2471
4380 33.69
4390 97.7803
4400 53.4779
4410 46.2026
4420 32.0253
4430 80.7983
4440 39.8875
4450 49.8672
4460 32.9028
4470 23.9982
4480 32.6847
4490 35.369
4500 24.2228
4510 35.2934
4520 20.1928
4530 32.8602
4540 47.3365
4550 26.2683
4560 54.3538
4570 54.162
4580 30.8974
4590 64.2351
4600 18.0455
4610 15.3129
4620 14.5809
4630 14.7523
4640 13.8304
4650 20.5455
4660 13.2756
4670 27.0467
4680 12.0548
4690 26.2077
4700 11.2394
4710 18.5233
4720 16.3532
4730 33.7022
4740 27.2541
4750 32.506
4760 12.479
4770 17.3317
4780 31.2118
4790 42.181
4800 14.2867
4810 17.3252
4820 10.002
4830 19.3746
4840 15.0517
4850 6.90321
4860 17.5807
4870 6.59303
4880 18.8524
4890 13.2568
4900 49.9058
4910 20.1477
4920 21.731
4930 5.55354
4940 5.62478
4950 5.82042
4960 28.9306
4970 17.2835
4980 6.20481
4990 5.24167
5000 4.93336
5010 8.87083
5020 4.10166
5030 6.83413
5040 6.62486
5050 3.78156
5060 6.76875
5070 3.64573
5080 4.35193
5090 3.15815
5100 8.80478
5110 4.99479
5120 3.28281
5130 3.2104
5140 2.66106
5150 5.68881
5160 2.68975
5170 2.73819
5180 2.36521
5190 8.13277
5200 2.25899
5210 2.21212
5220 2.44667
5230 2.02907
5240 3.99442
5250 3.41933
5260 2.86588
5270 1.88968
5280 2.00322
5290 3.75722
5300 1.72283
5310 7.46925
5320 1.67332
5330 1.44544
5340 1.66477
5350 4.73327
5360 1.56797
5370 4.34808
5380 1.55246
5390 1.33822
5400 3.19401
5410 1.53236
5420 1.43285
5430 3.61895
5440 1.12333
5450 1.07527
5460 2.64653
5470 1.43786
5480 1.33584
5490 0.883065
5500 1.0286
5510 1.54532
5520 1.91736
5530 0.795197
5540 1.73266
5550 1.41748
5560 0.695138
5570 3.53113
5580 0.793529
5590 0.690547
5600 2.61358
5610 0.587818
5620 0.60385
5630 2.66662
5640 0.852729
5650 0.942825
5660 0.564345
5670 0.48092
5680 0.514987
5690 0.743535
5700 0.707824
5710 0.990868
5720 0.493804
5730 0.558132
5740 0.395439
5750 0.639909
5760 0.495881
5770 0.802038
5780 0.50697
5790 0.343823
5800 0.314271
5810 0.375777
5820 0.304754
5830 0.859095
5840 0.352556
5850 1.67815
5860 0.265108
5870 0.29587
5880 0.379481
5890 0.372793
5900 0.328545
5910 0.676045
5920 0.928989
5930 0.292559
5940 0.222288
5950 0.629509
5960 0.187434
5970 0.190812
5980 0.174401
5990 0.169827
6000 0.553021
6010 0.163081
6020 0.18218
6030 0.293068
6040 0.296112
6050 0.269118
6060 0.353433
6070 0.272391
6080 0.138896
6090 0.226372
6100 0.371237
6110 0.174466
6120 0.613945
6130 0.103931
6140 0.112571
6150 0.111186
6160 0.184821
6170 0.339989
6180 0.088617
6190 0.0848323
6200 0.0839182
6210 0.0875646
6220 0.111058
6230 0.0745556
6240 0.292066
6250 0.115644
6260 0.0812583
6270 0.0662937
6280 0.309638
6290 0.36604
6300 0.0679969
6310 0.0933682
6320 0.0585324
6330 0.0799975
6340 0.0735721
6350 0.0733789
6360 0.0501484
6370 0.0603028
6380 0.0464107
6390 0.0805153
6400 0.121021
6410 0.0452755
6420 0.0916597
6430 0.105779
6440 0.0443835
6450 0.0366292
6460 0.0434945
6470 0.0344573
6480 0.0335949
6490 0.0419288
6500 0.176481
6510 0.0556146
6520 0.0386548
6530 0.0412315
6540 0.0373668
6550 0.122787
6560 0.058662
6570 0.0659792
6580 0.0301931
6590 0.0615094
6600 0.0236076
6610 0.0660246
6620 0.0555367
6630 0.0260666
6640 0.110692
6650 0.020009
6660 0.0192368
6670 0.0405376
6680 0.0332196
6690 0.0250637
6700 0.0375474
6710 0.029878
6720 0.0367922
6730 0.0252669
6740 0.0173441
6750 0.020275
6760 0.0232041
6770 0.014957
6780 0.0147801
6790 0.0145478
6800 0.0125551
6810 0.0146911
6820 0.0161704
6830 0.0120569
6840 0.0386489
6850 0.0146636
6860 0.0274873
6870 0.00968866
6880 0.0106023
6890 0.0278154
6900 0.00989025
6910 0.00842995
6920 0.0596471
6930 0.0335051
6940 0.0142966
6950 0.00939338
6960 0.0160058
6970 0.0195198
6980 0.0069825
6990 0.00743817
7000 0.00630469
7010 0.0136829
7020 0.036513
7030 0.00629709
7040 0.0173842
7050 0.0164179
7060 0.00940078
7070 0.0111773
7080 0.0148679
7090 0.00906055
7100 0.0129049
7110 0.00429834
7120 0.00985761
7130 0.0105099
7140 0.0038726
7150 0.010639
7160 0.00373852
7170 0.00955839
7180 0.00420266
7190 0.00337417
7200 0.00490754
7210 0.00363136
7220 0.00363456
7230 0.00294909
7240 0.00396972
7250 0.00273085
7260 0.00773084
7270 0.00323352
7280 0.00303337
7290 0.0031607
7300 0.0024127
7310 0.0022992
7320 0.00221851
7330 0.00299465
7340 0.00204737
7350 0.00216977
7360 0.00300504
7370 0.00203873
7380 0.00183483
7390 0.00185709
7400 0.00254677
7410 0.00641451
7420 0.00161694
7430 0.00191737
7440 0.00317059
7450 0.00145503
7460 0.00473603
7470 0.00576254
7480 0.00209251
7490 0.00131549
7500 0.00295082
7510 0.00124026
7520 0.00533285
7530 0.00120551
7540 0.00108216
7550 0.00105171
7560 0.00109616
7570 0.000994808
7580 0.000975091
7590 0.00110352
7600 0.0013592
7610 0.00179495
7620 0.000933966
7630 0.000850502
7640 0.00119568
7650 0.00101941
7660 0.001306
7670 0.00144854
7680 0.000875887
7690 0.00194528
7700 0.00389524
7710 0.00111413
7720 0.00176438
7730 0.00065872
7740 0.00282336
7750 0.00269534
7760 0.00119275
7770 0.00180159
7780 0.00073719
7790 0.00092814
7800 0.000835411
7810 0.000460087
7820 0.000467781
7830 0.000664603
7840 0.00158755
7850 0.00120076
7860 0.000570341
7870 0.00101903
7880 0.000396
7890 0.000353775
7900 0.000555115
7910 0.000392269
7920 0.000319952
7930 0.000497672
7940 0.000715083
7950 0.00199534
7960 0.000316638
7970 0.000289288
7980 0.000625158
7990 0.000394215
8000 0.000377232
8010 0.000479598
8020 0.000480702
8030 0.000227053
8040 0.000223559
8050 0.000285555
8060 0.000603622
8070 0.000702049
8080 0.00084818
8090 0.000219858
8100 0.000594992
8110 0.000195117
8120 0.000483419
8130 0.000337658
8140 0.000757587
8150 0.000150773
8160 0.000146255
8170 0.00039367
8180 0.000146162
8190 0.000137757
8200 0.000226302
8210 0.000257509
8220 0.000614704
8230 0.00022385
8240 0.000162417
8250 0.000126272
8260 0.000224478
8270 0.000251064
8280 0.000130074
8290 0.000130855
8300 0.000275473
8310 0.000150603
8320 9.12571e-05
8330 0.000101107
8340 0.000302027
8350 0.00018486
8360 9.26577e-05
8370 0.00023441
8380 0.000217344
8390 0.00026913
8400 0.000122069
8410 7.77839e-05
8420 0.000220439
8430 7.66123e-05
8440 6.21318e-05
8450 0.000100473
8460 5.86186e-05
8470 5.96139e-05
8480 6.62758e-05
8490 6.02752e-05
8500 0.000108126
8510 5.61196e-05
8520 0.000140743
8530 5.75649e-05
8540 4.86065e-05
8550 4.63188e-05
8560 6.48862e-05
8570 4.48097e-05
8580 4.00212e-05
8590 4.07067e-05
8600 0.000161372
8610 3.83032e-05
8620 4.17769e-05
8630 0.000107799
8640 6.45195e-05
8650 5.73565e-05
8660 0.000176096
8670 2.988e-05
8680 9.73372e-05
8690 3.92617e-05
8700 3.82279e-05
8710 3.25861e-05
8720 2.65908e-05
8730 2.42948e-05
8740 8.70987e-05
8750 4.17675e-05
8760 0.000200106
8770 5.16407e-05
8780 2.46986e-05
8790 2.24114e-05
8800 2.39746e-05
8810 2.45462e-05
8820 2.96418e-05
8830 2.80729e-05
8840 1.90488e-05
8850 2.33965e-05
8860 2.92852e-05
8870 1.5691e-05
8880 1.68415e-05
8890 4.31057e-05
8900 1.55068e-05
8910 1.43645e-05
8920 1.61506e-05
8930 1.412e-05
8940 1.26895e-05
8950 3.40501e-05
8960 1.36249e-05
8970 2.67557e-05
8980 1.1285e-05
8990 2.17439e-05
9000 1.01861e-05
9010 1.30087e-05
9020 2.21364e-05
9030 1.29758e-05
9040 2.60929e-05
9050 9.6921e-06
9060 1.27186e-05
9070 1.56894e-05
9080 1.15168e-05
9090 1.11754e-05
9100 1.77011e-05
9110 3.4965e-05
9120 9.20683e-06
