1 29.3773
2 28.0337
3 26.7305
4 25.463
5 24.4291
6 23.3871
7 22.2908
8 21.2427
9 20.2962
10 19.4396
11 18.5279
12 17.7184
13 16.9583
14 16.3024
15 15.5953
16 14.9596
17 14.3356
18 13.6889
19 13.1315
20 12.5768
21 12.0512
22 11.5652
23 11.069
24 10.6248
25 10.1532
26 9.79881
27 9.42795
28 9.03497
29 8.69242
30 8.29629
31 7.95094
32 7.64217
33 7.36009
34 7.0622
35 6.81052
36 6.53756
37 6.26781
38 6.01985
39 5.79591
40 5.55401
41 5.32547
42 5.11259
43 4.93877
44 4.72968
45 4.52545
46 4.34756
47 4.17077
48 4.03027
49 3.88197
50 3.73296
51 3.60343
52 3.46468
53 3.33243
54 3.19763
55 3.07724
56 2.96563
57 2.85241
58 2.73799
59 2.64374
60 2.54251
61 2.45269
62 2.36222
63 2.27377
64 2.17966
65 2.08727
66 2.01516
67 1.94453
68 1.86395
69 1.80109
70 1.73084
71 1.66986
72 1.61152
73 1.56371
74 1.51091
75 1.45906
76 1.4084
77 1.36358
78 1.31579
79 1.27041
80 1.22526
81 1.18307
82 1.1412
83 1.10464
84 1.06358
85 1.02687
86 0.990189
87 0.958184
88 0.928975
89 0.898301
90 0.871682
91 0.844213
92 0.816615
93 0.789084
94 0.766801
95 0.739205
96 0.713555
97 0.692257
98 0.669805
99 0.647503
100 0.629706
101 0.61023
102 0.592429
103 0.574971
104 0.556501
105 0.538469
106 0.523329
107 0.508096
108 0.492828
109 0.478798
110 0.469138
111 0.457866
112 0.445162
113 0.431786
114 0.421486
115 0.410847
116 0.40302
117 0.392934
118 0.385187
119 0.376645
120 0.370237
121 0.36555
122 0.360658
123 0.35441
124 0.347433
125 0.34401
126 0.335979
127 0.327318
128 0.322419
129 0.316502
130 0.311619
131 0.306447
132 0.304398
133 0.303493
134 0.299059
135 0.294794
136 0.291941
137 0.288019
138 0.287629
139 0.284415
140 0.282033
141 0.282737
142 0.281236
143 0.276374
144 0.273922
145 0.272656
146 0.270219
147 0.268311
148 0.270746
149 0.269849
150 0.271473
151 0.269255
152 0.265625
153 0.265943
154 0.264389
155 0.266679
156 0.266064
157 0.26598
158 0.263158
159 0.262584
160 0.260314
161 0.260388
162 0.257418
163 0.258953
164 0.261835
165 0.259759
166 0.262254
167 0.25998
168 0.261648
169 0.25866
170 0.267854
171 0.269391
172 0.266414
173 0.265033
174 0.264021
175 0.25983
176 0.259688
177 0.254953
178 0.253712
179 0.252007
180 0.251857
181 0.252224
182 0.253274
183 0.256806
184 0.25454
185 0.254752
186 0.256261
187 0.257988
188 0.256429
189 0.25711
190 0.259439
191 0.254153
192 0.252984
193 0.251703
194 0.252951
195 0.250305
196 0.25323
197 0.248424
198 0.24779
199 0.249155
200 0.246265
201 0.245431
202 0.247725
203 0.245015
204 0.243491
205 0.246475
206 0.244383
207 0.24406
208 0.244311
209 0.247302
210 0.243417
211 0.248419
212 0.249243
213 0.248382
214 0.251572
215 0.252429
216 0.251954
217 0.251452
218 0.254951
219 0.2525
220 0.257406
221 0.259731
222 0.258363
223 0.258604
224 0.263584
225 0.269105
226 0.26866
227 0.268895
228 0.269711
229 0.266982
230 0.261555
231 0.259334
232 0.255297
233 0.252904
234 0.246508
235 0.245945
236 0.247223
237 0.247718
238 0.249745
239 0.248484
240 0.250569
241 0.252984
242 0.254216
243 0.252136
244 0.254027
245 0.255255
246 0.256074
247 0.257131
248 0.258616
249 0.26085
250 0.261661
251 0.265887
252 0.265543
253 0.264158
254 0.26028
255 0.258006
256 0.256394
257 0.252482
258 0.253939
259 0.254029
260 0.252047
261 0.252784
262 0.253377
263 0.250885
264 0.253227
265 0.255167
266 0.258778
267 0.260712
268 0.258967
269 0.259538
270 0.263734
271 0.26343
272 0.261871
273 0.264902
274 0.262638
275 0.2655
276 0.265328
277 0.260479
278 0.262886
279 0.2622
280 0.261959
281 0.257984
282 0.25726
283 0.259225
284 0.256644
285 0.254078
286 0.254423
287 0.252571
288 0.253434
289 0.251445
290 0.250938
291 0.252869
292 0.251285
293 0.249557
294 0.249199
295 0.251533
296 0.248931
297 0.247564
298 0.247696
299 0.249206
300 0.252093
301 0.256542
302 0.25429
303 0.254755
304 0.253954
305 0.256944
306 0.256917
307 0.257499
308 0.259276
309 0.260509
310 0.260017
311 0.255924
312 0.255104
313 0.252311
314 0.251906
315 0.250632
316 0.25292
317 0.250201
318 0.252047
319 0.254695
320 0.253907
321 0.254071
322 0.251148
323 0.253138
324 0.255242
325 0.259031
326 0.256639
327 0.258271
328 0.257621
329 0.254016
330 0.253761
331 0.255761
332 0.253588
333 0.253796
334 0.25519
335 0.254725
336 0.25505
337 0.258647
338 0.26042
339 0.257086
340 0.257195
341 0.257664
342 0.256179
343 0.25655
344 0.254818
345 0.255623
346 0.255439
347 0.259853
348 0.260221
349 0.254189
350 0.251006
351 0.252689
352 0.250742
353 0.246169
354 0.246971
355 0.24569
356 0.242986
357 0.24326
358 0.246294
359 0.248565
360 0.247595
361 0.248424
362 0.246573
363 0.246124
364 0.246869
365 0.24794
366 0.243813
367 0.23979
368 0.240192
369 0.241239
370 0.241356
371 0.240438
372 0.246621
373 0.247072
374 0.249839
375 0.248011
376 0.244302
377 0.243583
378 0.243181
379 0.242647
380 0.242565
381 0.236372
382 0.239347
383 0.245995
384 0.246135
385 0.247819
386 0.2473
387 0.247508
388 0.247465
389 0.249148
390 0.245331
391 0.245287
392 0.244159
393 0.24404
394 0.243313
395 0.245308
396 0.246416
397 0.245799
398 0.246673
399 0.249008
400 0.252949
401 0.247884
402 0.25085
403 0.25072
404 0.251063
405 0.24828
406 0.246185
407 0.250526
408 0.248516
409 0.253005
410 0.251422
411 0.249424
412 0.253056
413 0.253372
414 0.252521
415 0.251403
416 0.250784
417 0.254617
418 0.253515
419 0.255709
420 0.255905
421 0.259195
422 0.260291
423 0.259081
424 0.256739
425 0.255003
426 0.26001
427 0.259476
428 0.258087
429 0.258399
430 0.260479
431 0.260328
432 0.260263
433 0.261854
434 0.260783
435 0.261584
436 0.257583
437 0.25681
438 0.258607
439 0.259422
440 0.258488
441 0.257786
442 0.257808
443 0.257685
444 0.25546
445 0.254462
446 0.252859
447 0.255133
448 0.256921
449 0.255676
450 0.249389
451 0.251031
452 0.251685
453 0.253454
454 0.255845
455 0.260162
456 0.259221
457 0.266233
458 0.269053
459 0.267515
460 0.265943
461 0.263155
462 0.260346
463 0.261239
464 0.262056
465 0.261174
466 0.260734
467 0.264155
468 0.263863
469 0.266459
470 0.264465
471 0.263854
472 0.256616
473 0.255349
474 0.256047
475 0.260051
476 0.261007
477 0.256637
478 0.257634
479 0.257033
480 0.259374
481 0.258426
482 0.261313
483 0.260973
484 0.261767
485 0.260908
486 0.260426
487 0.261626
488 0.264841
489 0.26221
490 0.264179
491 0.265545
492 0.259726
493 0.258694
494 0.260051
495 0.258746
496 0.256832
497 0.255705
498 0.256729
499 0.252647
500 0.251342
501 0.249933
502 0.246193
503 0.246325
504 0.240459
505 0.240296
506 0.240741
507 0.244774
508 0.244466
509 0.248471
510 0.246037
511 0.246664
512 0.24827
513 0.245637
514 0.249389
515 0.24943
516 0.247214
517 0.247046
518 0.245871
519 0.244728
520 0.247752
521 0.249118
522 0.247992
523 0.249468
524 0.24613
525 0.247811
526 0.246623
527 0.250714
528 0.250615
529 0.249242
530 0.250288
531 0.248552
532 0.250014
533 0.252698
534 0.250844
535 0.247064
536 0.245755
537 0.243695
538 0.246737
539 0.248952
540 0.244822
541 0.243689
542 0.242998
543 0.243506
544 0.24434
545 0.24669
546 0.24797
547 0.246542
548 0.248012
549 0.246073
550 0.246612
551 0.245836
552 0.243705
553 0.24183
554 0.244621
555 0.24723
556 0.248524
557 0.246805
558 0.248763
559 0.247581
560 0.246598
561 0.247948
562 0.246276
563 0.242995
564 0.242685
565 0.248638
566 0.249553
567 0.251391
568 0.251482
569 0.257486
570 0.259068
571 0.256337
572 0.258149
573 0.251416
574 0.247132
575 0.244385
576 0.246645
577 0.246475
578 0.245397
579 0.246409
580 0.247692
581 0.247755
582 0.246041
583 0.245973
584 0.248087
585 0.245397
586 0.245538
587 0.24608
588 0.245076
589 0.244925
590 0.246417
591 0.252091
592 0.251093
593 0.250766
594 0.251035
595 0.253712
596 0.254097
597 0.250407
598 0.246286
599 0.250888
600 0.253479
601 0.253923
602 0.252092
603 0.255414
604 0.2557
605 0.25436
606 0.253874
607 0.257432
608 0.256263
609 0.260965
610 0.263615
611 0.261065
612 0.260471
613 0.260274
614 0.256631
615 0.261169
616 0.256493
617 0.259837
618 0.259478
619 0.255151
620 0.255109
621 0.255518
622 0.251445
623 0.254899
624 0.254527
625 0.25468
626 0.25879
627 0.259786
628 0.259561
629 0.258303
630 0.256119
631 0.257711
632 0.255862
633 0.2487
634 0.245273
635 0.245363
636 0.242603
637 0.244328
638 0.244669
639 0.244999
640 0.246485
641 0.245583
642 0.246725
643 0.241153
644 0.244095
645 0.246826
646 0.248086
647 0.249007
648 0.248946
649 0.247771
650 0.247164
651 0.241113
652 0.242717
653 0.238777
654 0.239931
655 0.242134
656 0.241085
657 0.240915
658 0.24315
659 0.239623
660 0.239894
661 0.241685
662 0.245134
663 0.245356
664 0.245929
665 0.246706
666 0.247447
667 0.254801
668 0.257686
669 0.255478
670 0.255384
671 0.254114
672 0.254818
673 0.255471
674 0.257059
675 0.252091
676 0.256497
677 0.255844
678 0.259696
679 0.263231
680 0.261526
681 0.2619
682 0.26163
683 0.258073
684 0.257845
685 0.257626
686 0.259626
687 0.255554
688 0.259461
689 0.26359
690 0.259631
691 0.256812
692 0.256995
693 0.253473
694 0.253671
695 0.252346
696 0.251068
697 0.251437
698 0.251778
699 0.250709
700 0.251019
701 0.255538
702 0.255138
703 0.251391
704 0.251166
705 0.249837
706 0.249568
707 0.247997
708 0.250912
709 0.253163
710 0.249259
711 0.252365
712 0.252165
713 0.24994
714 0.25116
715 0.252302
716 0.251302
717 0.248718
718 0.25091
719 0.248594
720 0.250228
721 0.252116
722 0.251104
723 0.251205
724 0.248175
725 0.251934
726 0.256629
727 0.25663
728 0.260023
729 0.258784
730 0.257776
731 0.264055
732 0.266769
733 0.263605
734 0.261663
735 0.260747
736 0.261418
737 0.261101
738 0.261424
739 0.259483
740 0.259322
741 0.256653
742 0.254804
743 0.255997
744 0.260856
745 0.262371
746 0.257733
747 0.256653
748 0.25486
749 0.2567
750 0.261504
751 0.261016
752 0.262065
753 0.25962
754 0.265767
755 0.263753
756 0.259851
757 0.258391
758 0.25731
759 0.255387
760 0.256676
761 0.256055
762 0.258685
763 0.258146
764 0.261457
765 0.26044
766 0.261058
767 0.259852
768 0.259081
769 0.257426
770 0.252203
771 0.256695
772 0.25507
773 0.254011
774 0.253928
775 0.256732
776 0.259816
777 0.260217
778 0.2557
779 0.25242
780 0.250403
781 0.256533
782 0.256283
783 0.254175
784 0.252118
785 0.256244
786 0.26168
787 0.259208
788 0.263191
789 0.261104
790 0.259627
791 0.255442
792 0.258062
793 0.25998
794 0.26019
795 0.255741
796 0.257314
797 0.257879
798 0.255766
799 0.257466
800 0.258927
801 0.257239
802 0.255872
803 0.259209
804 0.256501
805 0.254113
806 0.256952
807 0.254851
808 0.253511
809 0.249166
810 0.248489
811 0.251007
812 0.249507
813 0.247374
814 0.249953
815 0.248784
816 0.251322
817 0.249082
818 0.250469
819 0.246702
820 0.242659
821 0.239014
822 0.239041
823 0.234772
824 0.235144
825 0.233752
826 0.232108
827 0.2299
828 0.233318
829 0.234657
830 0.236409
831 0.238157
832 0.239757
833 0.239842
834 0.244228
835 0.242228
836 0.243723
837 0.242881
838 0.245636
839 0.241681
840 0.243924
841 0.243525
842 0.244296
843 0.248284
844 0.248627
845 0.252668
846 0.25332
847 0.257523
848 0.256716
849 0.254941
850 0.254131
851 0.253733
852 0.255537
853 0.259462
854 0.255653
855 0.251609
856 0.250311
857 0.254643
858 0.250034
859 0.254194
860 0.252922
861 0.252801
862 0.255561
863 0.25841
864 0.259154
865 0.260584
866 0.257094
867 0.253537
868 0.255232
869 0.254743
870 0.253222
871 0.250309
872 0.252592
873 0.254885
874 0.253855
875 0.258329
876 0.25824
877 0.258183
878 0.255948
879 0.258455
880 0.260981
881 0.261874
882 0.261006
883 0.260314
884 0.257581
885 0.256543
886 0.253276
887 0.252541
888 0.251029
889 0.253325
890 0.25395
891 0.251388
892 0.251918
893 0.253494
894 0.251506
895 0.255211
896 0.255527
897 0.253005
898 0.252487
899 0.255893
900 0.25704
901 0.25682
902 0.259881
903 0.257174
904 0.253407
905 0.253218
906 0.257441
907 0.253212
908 0.254323
909 0.257135
910 0.253335
911 0.256057
912 0.250378
913 0.246475
914 0.248955
915 0.252273
916 0.251507
917 0.248249
918 0.247211
919 0.248057
920 0.248392
921 0.248526
922 0.249417
923 0.246072
924 0.24694
925 0.249328
926 0.252943
927 0.253244
928 0.252818
929 0.255471
930 0.25064
931 0.2446
932 0.245265
933 0.24395
934 0.242801
935 0.24434
936 0.249985
937 0.249009
938 0.250896
939 0.246484
940 0.245835
941 0.249929
942 0.247592
943 0.252156
944 0.249077
945 0.241918
946 0.244438
947 0.244198
948 0.244969
949 0.250538
950 0.250795
951 0.246329
952 0.246832
953 0.24615
954 0.245404
955 0.254541
956 0.254136
957 0.255486
958 0.255532
959 0.255509
960 0.25529
961 0.258308
962 0.256087
963 0.257685
964 0.259202
965 0.259696
966 0.259433
967 0.259067
968 0.261267
969 0.260233
970 0.262283
971 0.258361
972 0.257412
973 0.25718
974 0.260339
975 0.257354
976 0.256481
977 0.25597
978 0.256334
979 0.255007
980 0.255033
981 0.255595
982 0.258307
983 0.258396
984 0.258819
985 0.258608
986 0.259515
987 0.258382
988 0.263527
989 0.264525
990 0.264453
991 0.260854
992 0.262225
993 0.264287
994 0.263753
995 0.264969
996 0.261932
997 0.260534
998 0.260344
999 0.262119
1000 0.263365
