1 303.828
2 208.509
3 136.23
4 103.12
5 77.0009
6 63.6988
7 55.3804
8 51.6649
9 48.6367
10 48.1871
11 46.6106
12 47.1482
13 46.9552
14 46.1113
15 46.5678
16 48.2471
17 48.1438
18 46.4514
19 46.6882
20 45.8504
21 45.9857
22 45.6574
23 46.2163
24 46.2081
25 45.6394
26 45.7075
27 46.5012
28 46.0328
29 45.9478
30 46.0287
31 46.4876
32 46.2631
33 46.5766
34 46.7577
35 46.4619
36 47.0183
37 46.3969
38 45.5551
39 45.9493
40 46.446
41 47.8683
42 45.8107
43 46.0844
44 45.9649
45 46.0946
46 46.8295
47 46.8875
48 46.3321
49 46.415
50 46.4544
51 46.847
52 46.5535
53 47.4584
54 46.7333
55 46.8834
56 47.1332
57 47.0267
58 45.9894
59 47.0774
60 46.9107
61 46.0147
62 47.1258
63 47.5628
64 46.9588
65 45.6717
66 46.4529
67 46.787
68 46.7058
69 45.9728
70 45.9712
71 45.802
72 46.5437
73 46.1467
74 47.359
75 46.5087
76 46.6867
77 46.2939
78 45.8914
79 46.8188
80 47.6133
81 46.3024
82 46.0001
83 46.1823
84 47.2137
85 47.1039
86 45.6404
87 46.5205
88 46.8046
89 47.0877
90 46.5436
91 47.1268
92 46.28
93 46.3041
94 46.2349
95 46.3314
96 46.6209
97 46.8361
98 46.3653
99 46.5176
100 46.7908
