10 1.98145e+06
20 1.17936e+06
30 3.82303e+06
40 1.12722e+08
50 2.27283e+08
60 3.14857e+09
70 4.52235e+10
80 6.11968e+10
90 1.55314e+11
100 8.73242e+11
110 1.50772e+13
120 1.24043e+13
130 2.12522e+13
140 4.12791e+13
150 3.6335e+13
160 3.072e+13
170 4.19266e+13
180 2.60113e+15
190 1.98983e+16
200 1.37928e+17
210 6.06381e+17
220 1.8975e+18
230 2.01813e+19
240 3.15381e+20
250 1.03096e+20
260 9.24898e+19
270 1.36248e+20
280 5.85718e+21
290 2.9722e+21
300 1.6604e+22
310 9.97142e+22
320 4.99273e+23
330 1.7822e+24
340 3.36622e+24
350 1.6558e+25
360 1.47848e+26
370 1.80084e+26
380 2.32789e+27
390 3.5275e+28
400 6.01105e+28
410 4.39772e+30
420 6.74074e+30
430 2.30053e+30
440 2.57299e+30
450 4.96926e+30
460 2.48835e+30
470 3.57299e+30
480 2.25896e+32
490 6.04692e+33
500 6.53163e+35
510 2.20532e+37
520 2.74526e+37
530 1.80597e+38
540 2.15109e+38
550 8.46313e+39
560 2.19738e+41
570 8.03159e+41
580 3.2842e+42
590 4.40528e+42
600 1.79009e+43
610 3.04272e+43
620 8.33321e+43
630 1.49018e+44
640 8.40273e+44
650 1.22693e+45
660 8.19838e+46
670 2.68794e+47
680 3.54032e+49
690 2.29367e+50
700 7.45013e+51
710 3.55633e+53
720 7.06403e+54
730 1.76702e+55
740 2.24582e+56
750 2.32682e+57
760 1.857e+59
770 1.91805e+59
780 2.90732e+59
790 1.32124e+61
800 3.67394e+61
810 1.48709e+63
820 4.56394e+63
830 7.0154e+64
840 2.43204e+64
850 3.89736e+65
860 4.62584e+66
870 8.72331e+68
880 2.85615e+69
890 1.0893e+70
900 2.24662e+71
910 2.59138e+72
920 5.13332e+72
930 1.62791e+73
940 2.14835e+73
950 2.99443e+74
960 5.97809e+74
970 4.0315e+76
980 2.60857e+76
990 1.38184e+77
1000 2.60321e+77
1010 1.19044e+79
1020 4.95745e+78
1030 3.89474e+78
1040 1.42375e+79
1050 1.76206e+79
1060 2.2396e+80
1070 3.38259e+80
1080 3.88503e+81
1090 2.33617e+82
1100 1.42627e+82
1110 7.73146e+82
1120 6.27511e+83
1130 3.16806e+83
1140 5.15324e+84
1150 4.35853e+84
1160 7.62202e+85
1170 1.31118e+87
1180 8.51124e+87
1190 5.67515e+87
1200 1.13718e+88
1210 1.4974e+89
1220 7.15574e+89
1230 9.55927e+91
1240 2.38107e+92
1250 2.80741e+93
1260 1.02168e+94
1270 2.01131e+95
1280 1.93138e+95
1290 3.5252e+95
1300 2.12565e+96
1310 1.01294e+97
1320 1.94532e+97
1330 1.12124e+98
1340 5.55737e+97
1350 3.38784e+98
1360 2.49188e+100
1370 2.75718e+100
1380 4.75976e+100
1390 1.62147e+102
1400 5.95338e+103
1410 1.238e+105
1420 2.01262e+106
1430 7.55402e+106
1440 5.27161e+107
1450 1.1279e+108
1460 2.33515e+109
1470 2.39916e+110
1480 2.47565e+111
1490 2.50033e+112
1500 4.67653e+113
1510 8.58575e+114
1520 4.91152e+115
1530 6.32392e+115
1540 5.60426e+115
1550 2.27535e+116
1560 7.39466e+117
1570 9.61148e+118
1580 5.13647e+118
1590 1.18911e+119
1600 5.98668e+119
1610 1.31559e+121
1620 6.43571e+121
1630 1.15501e+122
1640 1.63313e+122
1650 1.14205e+123
1660 1.84346e+123
1670 1.03723e+123
1680 8.76179e+123
1690 1.23217e+125
1700 4.09956e+125
1710 4.25167e+125
1720 3.64235e+125
1730 2.57386e+125
1740 2.05998e+126
1750 4.38038e+126
1760 5.04567e+127
1770 3.76547e+128
1780 1.39884e+130
1790 1.45496e+131
1800 4.386e+131
1810 8.63826e+132
1820 5.86327e+133
1830 7.5895e+133
1840 1.31624e+134
1850 1.51814e+134
1860 2.8719e+135
1870 3.37179e+135
1880 5.52254e+135
1890 9.81881e+136
1900 4.5976e+137
1910 8.66145e+137
1920 2.17696e+139
1930 3.19242e+140
1940 2.04012e+142
1950 2.64536e+142
1960 8.89945e+142
1970 5.666e+143
1980 2.50329e+144
1990 1.75901e+145
2000 1.45793e+146
