1 95231.9
2 44465.9
3 21541.4
4 10229.3
5 5021.57
6 2512.79
7 1318.92
8 692.861
9 428.382
10 342.12
11 319.351
12 309.051
13 305.54
14 307.346
15 331.328
16 307.294
17 308.294
18 304.025
19 306.304
20 308.285
21 303.504
22 301.614
23 303.61
24 308.472
25 305.625
26 305.128
27 309.33
28 307.161
29 304.391
30 303.473
31 308.461
32 303.561
33 309.387
34 309.983
35 309.104
36 313.948
37 320.788
38 307.292
39 305.258
40 305.014
41 310.006
42 318.573
43 308.29
44 309.384
45 308.197
46 309.716
47 314.66
48 308.11
49 304.124
50 313.308
