1 26.7036
2 11.7568
3 5.383
4 2.49889
5 1.17182
6 0.551005
7 0.261863
8 0.127228
9 0.0631893
10 0.0365394
11 0.0285774
12 0.0249767
13 0.0238404
14 0.0237896
15 0.0260813
16 0.0241647
17 0.0236208
18 0.024454
19 0.0250007
20 0.0243905
21 0.0234107
22 0.0233183
23 0.0235287
24 0.0251048
25 0.0241879
26 0.0236759
27 0.0243133
28 0.0249758
29 0.0238856
30 0.0229921
31 0.0243782
32 0.0236857
33 0.0240398
34 0.0247753
35 0.0261481
36 0.0242172
37 0.024515
38 0.0238455
39 0.0243368
40 0.0238912
41 0.0245926
42 0.0238771
43 0.0248312
44 0.0248565
45 0.0247541
46 0.0248246
47 0.0238433
48 0.024114
49 0.0230272
50 0.0244561
