50 1066.11
100 1046.33
150 1027.57
200 1007.45
250 989.099
300 970.182
350 952.225
400 934.231
450 915.861
500 898.881
550 882.525
600 865.616
650 849.725
700 833.442
750 817.677
800 802.631
850 787.221
900 772.709
950 758.066
1000 744.007
1050 729.652
1100 715.935
1150 702.16
1200 688.945
1250 676.336
1300 663.656
1350 651.041
1400 638.422
1450 626.15
1500 614.242
1550 603.537
1600 592.153
1650 580.325
1700 569.287
1750 558.987
1800 548.677
1850 538.593
1900 527.908
1950 518.121
2000 507.771
2050 497.922
2100 488.431
2150 479.618
2200 470.626
2250 461.821
2300 452.728
2350 444.176
2400 435.99
2450 427.71
2500 419.523
2550 411.762
2600 404.29
2650 396.554
2700 389.351
2750 381.954
2800 374.686
2850 367.566
2900 360.896
2950 354.643
3000 347.823
3050 341.369
3100 335.2
3150 328.918
3200 322.627
3250 316.663
3300 311.108
3350 304.856
3400 299.171
3450 293.301
3500 287.725
3550 282.496
3600 277.314
3650 271.896
3700 266.789
3750 261.764
3800 256.816
3850 252.017
3900 247.049
3950 242.381
4000 237.832
4050 233.519
4100 229.186
4150 224.721
4200 220.521
4250 216.882
4300 212.795
4350 208.636
4400 204.866
4450 201.299
4500 197.677
4550 194.128
4600 190.548
4650 186.875
4700 183.49
4750 180.057
4800 176.79
4850 173.433
4900 170.328
4950 167.233
5000 164.225
5050 161.271
5100 158.223
5150 155.209
5200 152.135
5250 149.343
5300 146.589
5350 143.769
5400 141.058
5450 138.318
5500 135.8
5550 133.212
5600 130.772
5650 128.307
5700 125.931
5750 123.75
5800 121.488
5850 119.209
5900 117.026
5950 114.923
6000 112.692
6050 110.491
6100 108.514
6150 106.559
6200 104.392
6250 102.425
6300 100.36
6350 98.5558
6400 96.7724
6450 95.0347
6500 93.2611
6550 91.3835
6600 89.6279
6650 87.8366
6700 86.2176
6750 84.6988
6800 83.1778
6850 81.5241
6900 79.9985
6950 78.6015
7000 77.1376
7050 75.6774
7100 74.2314
7150 72.869
7200 71.5415
7250 70.219
7300 68.9333
7350 67.6555
7400 66.3399
7450 65.1318
7500 63.8717
7550 62.8116
7600 61.6656
7650 60.5373
7700 59.4814
7750 58.4163
7800 57.4131
7850 56.3607
7900 55.38
7950 54.3476
8000 53.3404
8050 52.3376
8100 51.3664
8150 50.502
8200 49.6117
8250 48.6872
8300 47.8432
8350 46.9924
8400 46.0887
8450 45.2455
8500 44.4104
8550 43.5729
8600 42.8193
8650 42.0715
8700 41.2905
8750 40.5249
8800 39.8229
8850 39.1165
8900 38.4422
8950 37.7447
9000 37.0796
9050 36.3789
9100 35.696
9150 35.0482
9200 34.4081
9250 33.8008
9300 33.2024
9350 32.6206
9400 32.0124
9450 31.4042
9500 30.8613
9550 30.2892
9600 29.7374
9650 29.2099
9700 28.6704
9750 28.135
9800 27.644
9850 27.1232
9900 26.6248
9950 26.1709
10000 25.693
10050 25.2245
10100 24.7662
10150 24.3299
10200 23.907
10250 23.482
10300 23.0904
10350 22.6699
10400 22.2683
10450 21.8544
10500 21.4446
10550 21.052
10600 20.6989
10650 20.3513
10700 19.9678
10750 19.5911
10800 19.2549
10850 18.8898
10900 18.5418
10950 18.1909
11000 17.8646
11050 17.5553
11100 17.2439
11150 16.9129
11200 16.6265
11250 16.321
11300 16.0399
11350 15.7347
11400 15.4402
11450 15.1539
11500 14.8806
11550 14.6165
11600 14.3649
11650 14.1076
11700 13.8474
11750 13.6125
11800 13.3577
11850 13.1142
11900 12.8808
11950 12.6537
12000 12.4138
12050 12.1974
12100 11.9672
12150 11.7483
12200 11.5407
12250 11.3264
12300 11.1101
12350 10.9127
12400 10.7088
12450 10.5104
12500 10.3362
12550 10.1569
12600 9.97327
12650 9.79518
12700 9.61958
12750 9.46117
12800 9.27695
12850 9.11122
12900 8.95182
12950 8.78752
13000 8.61831
13050 8.46194
13100 8.30751
13150 8.16254
13200 8.01559
13250 7.87098
13300 7.73107
13350 7.58346
13400 7.4489
13450 7.32437
13500 7.20015
13550 7.06337
13600 6.9393
13650 6.81124
13700 6.69343
13750 6.58117
13800 6.45466
13850 6.34629
13900 6.23269
13950 6.11681
14000 6.00463
14050 5.88845
14100 5.78707
14150 5.68691
14200 5.58469
14250 5.48484
14300 5.39186
14350 5.29789
14400 5.20459
14450 5.10947
14500 5.01889
14550 4.92206
14600 4.83497
14650 4.7517
14700 4.66474
14750 4.57713
14800 4.4976
14850 4.40852
14900 4.32693
14950 4.24834
15000 4.17097
15050 4.09148
15100 4.0186
15150 3.94545
15200 3.87141
15250 3.80415
15300 3.73891
15350 3.67149
15400 3.60635
15450 3.54372
15500 3.48079
15550 3.41593
15600 3.35631
15650 3.29886
15700 3.24335
15750 3.18729
15800 3.13167
15850 3.07931
15900 3.02797
15950 2.97494
16000 2.92267
16050 2.87338
16100 2.82159
16150 2.77091
16200 2.72071
16250 2.67006
16300 2.62036
16350 2.57604
16400 2.52615
16450 2.48326
16500 2.43888
16550 2.39683
16600 2.35275
16650 2.3117
16700 2.27251
16750 2.23226
16800 2.19184
16850 2.15162
16900 2.11627
16950 2.07837
17000 2.04111
17050 2.00325
17100 1.96439
17150 1.92669
17200 1.89248
17250 1.85812
17300 1.82519
17350 1.79451
17400 1.76212
17450 1.73162
17500 1.70093
17550 1.67009
17600 1.64119
17650 1.61233
17700 1.58368
17750 1.55734
17800 1.52874
17850 1.50047
17900 1.47298
17950 1.44767
18000 1.42197
18050 1.39847
18100 1.37306
18150 1.3493
18200 1.32566
18250 1.30145
18300 1.2774
18350 1.25536
18400 1.23391
18450 1.21093
18500 1.1893
18550 1.16795
18600 1.14832
18650 1.12826
18700 1.10766
18750 1.08827
18800 1.06797
18850 1.04918
18900 1.03025
18950 1.01262
19000 0.99481
19050 0.978176
19100 0.960444
19150 0.943285
19200 0.924699
19250 0.908873
19300 0.892128
19350 0.875601
19400 0.859701
19450 0.844092
19500 0.828882
19550 0.8151
19600 0.801907
19650 0.787867
19700 0.77495
19750 0.761273
19800 0.748267
19850 0.73491
19900 0.7214
19950 0.708293
20000 0.696428
20050 0.684142
20100 0.672063
20150 0.66051
20200 0.649212
20250 0.637081
20300 0.625403
20350 0.615019
20400 0.604154
20450 0.594068
20500 0.583657
20550 0.573746
20600 0.56371
20650 0.553823
20700 0.544172
20750 0.53461
20800 0.525264
20850 0.516518
20900 0.50765
20950 0.49895
21000 0.490005
21050 0.481484
21100 0.473165
21150 0.464632
21200 0.456217
21250 0.447864
21300 0.440107
21350 0.431903
21400 0.424447
21450 0.416939
21500 0.409601
21550 0.40232
21600 0.394902
21650 0.388385
21700 0.382084
21750 0.375893
21800 0.369698
21850 0.363333
21900 0.35716
21950 0.350977
22000 0.344547
22050 0.338741
22100 0.332887
22150 0.327288
22200 0.321849
22250 0.316256
22300 0.310963
22350 0.30531
22400 0.300093
22450 0.294601
22500 0.289259
22550 0.283801
22600 0.279004
22650 0.274464
22700 0.26974
22750 0.265111
22800 0.260531
22850 0.256085
22900 0.251559
22950 0.246996
23000 0.242456
23050 0.238233
23100 0.234241
23150 0.22999
23200 0.225982
23250 0.22167
23300 0.217838
23350 0.214024
23400 0.210046
23450 0.206344
23500 0.202835
23550 0.199123
23600 0.1959
23650 0.192545
23700 0.189036
23750 0.185854
23800 0.182764
23850 0.179748
23900 0.176623
23950 0.173682
24000 0.170676
24050 0.167779
24100 0.164853
24150 0.16205
24200 0.15916
24250 0.156351
24300 0.15363
24350 0.150879
24400 0.14829
24450 0.14582
24500 0.14336
24550 0.140924
24600 0.138419
24650 0.135965
24700 0.133548
24750 0.131223
24800 0.129021
24850 0.12687
24900 0.124594
24950 0.122371
25000 0.120323
25050 0.118138
25100 0.115977
25150 0.113967
25200 0.111942
25250 0.109961
25300 0.108124
25350 0.1062
25400 0.104478
25450 0.102717
25500 0.100994
25550 0.0992927
25600 0.0974679
25650 0.0958401
25700 0.0941374
25750 0.0925292
25800 0.0908538
25850 0.0892622
25900 0.0877326
25950 0.0862657
26000 0.0848558
26050 0.0834907
26100 0.082104
26150 0.0806894
26200 0.0792931
26250 0.0778547
26300 0.0766288
26350 0.0752958
26400 0.0740743
26450 0.0728094
26500 0.0715725
26550 0.0703816
26600 0.0692417
26650 0.0680714
26700 0.0669019
26750 0.0657961
26800 0.0647033
26850 0.0636428
26900 0.0625706
26950 0.0614374
27000 0.0604306
27050 0.0594053
27100 0.0584088
27150 0.0573902
27200 0.0563977
27250 0.0554702
27300 0.0545199
27350 0.0535774
27400 0.0525973
27450 0.0517057
27500 0.0508571
27550 0.0500718
27600 0.0492582
27650 0.0483819
27700 0.0475686
27750 0.0467545
27800 0.0459393
27850 0.0451744
27900 0.0443789
27950 0.043592
28000 0.0427985
28050 0.0420447
28100 0.041322
28150 0.0406248
28200 0.0399405
28250 0.0392835
28300 0.0386392
28350 0.0379306
28400 0.0372359
28450 0.0365976
28500 0.0359421
28550 0.0353081
28600 0.0347377
28650 0.0341568
28700 0.0335626
28750 0.032998
28800 0.0324325
28850 0.031855
28900 0.0313205
28950 0.0307813
29000 0.0302461
29050 0.0297144
29100 0.0291615
29150 0.0286668
29200 0.0281759
29250 0.0276781
29300 0.0271766
29350 0.0267246
29400 0.0262844
29450 0.0258273
29500 0.0253998
29550 0.0249845
29600 0.0245088
29650 0.0240813
29700 0.0236788
29750 0.023285
29800 0.0228695
29850 0.0224819
29900 0.0220728
29950 0.0216708
30000 0.0213099
30050 0.0209538
30100 0.0205917
30150 0.0202263
30200 0.0198841
30250 0.0195462
30300 0.0192045
30350 0.0188905
30400 0.0185333
30450 0.0182197
30500 0.0178892
30550 0.0175878
30600 0.017294
30650 0.0169929
30700 0.0167077
30750 0.0164277
30800 0.0161363
30850 0.0158695
30900 0.0156054
30950 0.0153468
31000 0.015091
31050 0.0148423
31100 0.0145678
31150 0.0143183
31200 0.0140837
31250 0.0138398
31300 0.0136121
31350 0.0133795
31400 0.0131396
31450 0.0129119
31500 0.0126937
31550 0.0124809
31600 0.0122656
31650 0.0120569
31700 0.0118553
31750 0.0116506
31800 0.011448
31850 0.0112463
31900 0.0110468
31950 0.0108605
32000 0.0106726
32050 0.0104746
32100 0.0102992
32150 0.0101171
32200 0.00994393
32250 0.0097748
32300 0.00961215
32350 0.0094393
32400 0.00927774
32450 0.00912525
32500 0.00897433
32550 0.00882106
32600 0.00867178
32650 0.00852762
32700 0.00837087
32750 0.00822965
32800 0.00810412
32850 0.00795689
32900 0.00782288
32950 0.00769917
33000 0.00757777
33050 0.00744997
33100 0.00732106
33150 0.00719862
33200 0.00707443
33250 0.0069492
33300 0.00683142
33350 0.00670746
33400 0.00658982
33450 0.00647643
33500 0.00635753
33550 0.0062562
33600 0.00614874
33650 0.00604154
33700 0.00594337
33750 0.00584876
33800 0.00574483
33850 0.00565095
33900 0.00555089
33950 0.00545758
34000 0.00536548
34050 0.00527538
34100 0.00518618
34150 0.00509919
34200 0.00501654
34250 0.00493329
34300 0.00485129
34350 0.0047692
34400 0.00468888
34450 0.00461304
34500 0.00453193
34550 0.0044579
34600 0.00438577
34650 0.00431
34700 0.00423566
34750 0.00416984
34800 0.00410425
34850 0.00403729
34900 0.00396687
34950 0.003901
35000 0.00383785
35050 0.00376973
35100 0.00370799
35150 0.00364074
35200 0.00357886
35250 0.00351912
35300 0.00345556
35350 0.00339691
35400 0.00333996
35450 0.00328662
35500 0.00323276
35550 0.00317971
35600 0.00312745
35650 0.00307371
35700 0.00301846
35750 0.00296902
35800 0.00291956
35850 0.00287087
35900 0.00282282
35950 0.00277665
36000 0.00273119
36050 0.00268422
36100 0.00263717
36150 0.00259586
36200 0.00255245
36250 0.00250942
36300 0.00246867
36350 0.00242583
36400 0.00238619
36450 0.00234559
36500 0.0023058
36550 0.00226733
36600 0.00222905
36650 0.00219147
36700 0.00215679
36750 0.00211862
36800 0.00208457
36850 0.00204984
36900 0.0020167
36950 0.00198287
37000 0.00194767
37050 0.00191584
37100 0.00188405
37150 0.00185239
37200 0.00182174
37250 0.00179175
37300 0.00175967
37350 0.00172878
37400 0.00169864
37450 0.0016696
37500 0.00164217
37550 0.00161476
37600 0.00158884
37650 0.00156245
37700 0.00153627
37750 0.001511
37800 0.00148355
37850 0.00145718
37900 0.00143359
37950 0.00140959
38000 0.00138661
38050 0.00136495
38100 0.00134093
38150 0.00131713
38200 0.00129551
38250 0.00127445
38300 0.00125416
38350 0.00123322
38400 0.00121189
38450 0.00119204
38500 0.00117195
38550 0.00115326
38600 0.00113437
38650 0.001115
38700 0.00109574
38750 0.00107867
38800 0.00106064
38850 0.00104352
38900 0.00102631
38950 0.00100819
39000 0.000991776
39050 0.000974825
39100 0.000958982
39150 0.000942954
39200 0.000927882
39250 0.000912696
39300 0.000896779
39350 0.000881096
39400 0.000866092
39450 0.000851248
39500 0.000836629
39550 0.000821803
39600 0.000807998
39650 0.000793897
39700 0.000780172
39750 0.000767195
39800 0.000754771
39850 0.00074192
39900 0.000729174
39950 0.000716378
40000 0.000704813
40050 0.000693407
40100 0.000682507
40150 0.000670625
40200 0.000660056
40250 0.000649017
40300 0.000638416
40350 0.00062797
40400 0.000617446
40450 0.000607474
40500 0.000596636
40550 0.000587
40600 0.000577049
40650 0.000567905
40700 0.000558003
40750 0.000548769
40800 0.000539878
40850 0.000531399
40900 0.000522841
40950 0.000514234
41000 0.000505721
41050 0.000496612
41100 0.000487994
41150 0.000480374
41200 0.000472748
41250 0.000464772
41300 0.000457085
41350 0.00044998
41400 0.000442163
41450 0.000434634
41500 0.000427205
41550 0.000419814
41600 0.0004127
41650 0.000405304
41700 0.000398601
41750 0.000391849
41800 0.000385209
41850 0.000378617
41900 0.000372321
41950 0.000365932
42000 0.000359751
42050 0.000353423
42100 0.000347564
42150 0.000341707
42200 0.000336045
42250 0.000330519
42300 0.000325205
42350 0.000319488
42400 0.000314253
42450 0.000309203
42500 0.000304006
42550 0.000299017
42600 0.000294
42650 0.000288789
42700 0.000284056
42750 0.000279594
42800 0.000274685
42850 0.000270164
42900 0.000265735
42950 0.000261423
43000 0.000256969
43050 0.000252628
43100 0.000248166
43150 0.000244077
43200 0.000240124
43250 0.000236261
43300 0.000232407
43350 0.000228714
43400 0.00022479
43450 0.000221007
43500 0.000217357
43550 0.000213872
43600 0.000210163
43650 0.000206632
43700 0.000203384
43750 0.000199863
43800 0.00019616
43850 0.000192698
43900 0.000189507
43950 0.000186276
44000 0.000183147
44050 0.00018008
44100 0.000176971
44150 0.000174021
44200 0.000171111
44250 0.000168298
44300 0.000165389
44350 0.000162597
44400 0.000160021
44450 0.000157271
44500 0.000154711
44550 0.000152145
44600 0.000149433
44650 0.000146995
44700 0.000144446
44750 0.00014207
44800 0.000139673
44850 0.000137434
44900 0.000135142
44950 0.000132991
45000 0.000130801
45050 0.00012862
45100 0.000126434
45150 0.000124321
45200 0.000122213
45250 0.000120255
45300 0.000118206
45350 0.000116221
45400 0.00011439
45450 0.000112461
45500 0.000110525
45550 0.000108674
45600 0.00010681
45650 0.00010502
45700 0.000103283
45750 0.000101649
45800 9.98835e-05
45850 9.81295e-05
45900 9.65263e-05
45950 9.48435e-05
46000 9.32585e-05
46050 9.18628e-05
46100 9.02612e-05
46150 8.87225e-05
46200 8.72991e-05
46250 8.58405e-05
46300 8.44665e-05
46350 8.30779e-05
46400 8.16397e-05
46450 8.02756e-05
46500 7.90582e-05
46550 7.77865e-05
46600 7.6507e-05
46650 7.52256e-05
46700 7.39308e-05
46750 7.27047e-05
46800 7.14675e-05
46850 7.03467e-05
46900 6.92069e-05
46950 6.801e-05
47000 6.69037e-05
47050 6.57955e-05
47100 6.47287e-05
47150 6.36619e-05
47200 6.27022e-05
47250 6.16187e-05
47300 6.06467e-05
47350 5.96158e-05
47400 5.86749e-05
47450 5.76824e-05
47500 5.67217e-05
47550 5.57876e-05
47600 5.48468e-05
47650 5.38892e-05
47700 5.29735e-05
47750 5.21136e-05
47800 5.12913e-05
47850 5.04391e-05
47900 4.96222e-05
47950 4.87742e-05
48000 4.79864e-05
48050 4.71921e-05
48100 4.63615e-05
48150 4.55312e-05
48200 4.47731e-05
48250 4.40393e-05
48300 4.33371e-05
48350 4.25791e-05
48400 4.18924e-05
48450 4.12365e-05
48500 4.06196e-05
48550 3.99395e-05
48600 3.92741e-05
48650 3.86203e-05
48700 3.79712e-05
48750 3.73559e-05
48800 3.67203e-05
48850 3.61034e-05
48900 3.54914e-05
48950 3.48776e-05
49000 3.42886e-05
49050 3.37333e-05
49100 3.31801e-05
49150 3.26127e-05
49200 3.20685e-05
49250 3.15255e-05
49300 3.09842e-05
49350 3.04714e-05
49400 2.99716e-05
49450 2.95106e-05
49500 2.90263e-05
49550 2.8548e-05
49600 2.80907e-05
49650 2.76268e-05
49700 2.71717e-05
49750 2.66948e-05
49800 2.62449e-05
49850 2.58128e-05
49900 2.54117e-05
49950 2.50092e-05
50000 2.45969e-05
50050 2.41761e-05
50100 2.37837e-05
50150 2.33924e-05
50200 2.30203e-05
50250 2.26529e-05
50300 2.22708e-05
50350 2.19038e-05
50400 2.15554e-05
50450 2.11813e-05
50500 2.08408e-05
50550 2.04936e-05
50600 2.01364e-05
50650 1.98087e-05
50700 1.94871e-05
50750 1.91485e-05
50800 1.88299e-05
50850 1.85373e-05
50900 1.82281e-05
50950 1.79359e-05
51000 1.76569e-05
51050 1.73492e-05
51100 1.7065e-05
51150 1.67917e-05
51200 1.65147e-05
51250 1.6258e-05
51300 1.59944e-05
51350 1.57255e-05
51400 1.54631e-05
51450 1.5201e-05
51500 1.4963e-05
51550 1.47242e-05
51600 1.44806e-05
51650 1.42408e-05
51700 1.39909e-05
51750 1.37728e-05
51800 1.35463e-05
51850 1.33273e-05
51900 1.31122e-05
51950 1.29021e-05
52000 1.27033e-05
52050 1.24966e-05
52100 1.22961e-05
52150 1.20924e-05
52200 1.19002e-05
52250 1.16988e-05
52300 1.15034e-05
52350 1.13273e-05
52400 1.11366e-05
52450 1.09636e-05
52500 1.07768e-05
52550 1.05894e-05
52600 1.04071e-05
52650 1.02385e-05
52700 1.00735e-05
52750 9.91731e-06
52800 9.75129e-06
52850 9.5827e-06
52900 9.43178e-06
52950 9.27884e-06
53000 9.12025e-06
53050 8.97005e-06
53100 8.82388e-06
53150 8.68333e-06
53200 8.53615e-06
53250 8.39295e-06
53300 8.25716e-06
53350 8.12442e-06
53400 7.99502e-06
53450 7.86182e-06
53500 7.73422e-06
53550 7.60399e-06
53600 7.47763e-06
53650 7.36159e-06
53700 7.23886e-06
53750 7.11176e-06
53800 6.99889e-06
53850 6.88974e-06
53900 6.77755e-06
53950 6.66345e-06
54000 6.56006e-06
54050 6.44636e-06
54100 6.34412e-06
54150 6.22763e-06
54200 6.12242e-06
54250 6.02125e-06
54300 5.91963e-06
54350 5.82388e-06
54400 5.73089e-06
54450 5.64033e-06
54500 5.55013e-06
54550 5.46039e-06
54600 5.36884e-06
54650 5.28295e-06
54700 5.19316e-06
54750 5.11184e-06
54800 5.02327e-06
54850 4.9393e-06
54900 4.85802e-06
54950 4.78149e-06
55000 4.69938e-06
55050 4.62541e-06
55100 4.55425e-06
55150 4.48225e-06
55200 4.40897e-06
55250 4.33622e-06
55300 4.2646e-06
55350 4.19296e-06
55400 4.1218e-06
55450 4.05259e-06
55500 3.98099e-06
55550 3.91465e-06
55600 3.8507e-06
55650 3.78932e-06
55700 3.72701e-06
55750 3.66777e-06
55800 3.60659e-06
55850 3.54381e-06
55900 3.4875e-06
55950 3.43375e-06
56000 3.37429e-06
56050 3.31948e-06
56100 3.26554e-06
56150 3.20896e-06
56200 3.15452e-06
56250 3.10179e-06
56300 3.05186e-06
56350 3.00562e-06
56400 2.9574e-06
56450 2.91206e-06
56500 2.86616e-06
56550 2.81923e-06
56600 2.77189e-06
56650 2.72307e-06
56700 2.67849e-06
56750 2.63233e-06
56800 2.5861e-06
56850 2.54386e-06
56900 2.50359e-06
56950 2.46466e-06
57000 2.41926e-06
57050 2.37905e-06
57100 2.34265e-06
57150 2.30587e-06
57200 2.2696e-06
57250 2.2319e-06
57300 2.19508e-06
57350 2.15756e-06
57400 2.12184e-06
57450 2.08561e-06
57500 2.05156e-06
57550 2.01739e-06
57600 1.98316e-06
57650 1.94909e-06
57700 1.91644e-06
57750 1.88689e-06
57800 1.85664e-06
57850 1.82516e-06
57900 1.7948e-06
57950 1.76636e-06
58000 1.73755e-06
58050 1.70972e-06
58100 1.68197e-06
58150 1.65347e-06
58200 1.6258e-06
58250 1.59813e-06
58300 1.57024e-06
58350 1.5441e-06
58400 1.51761e-06
58450 1.49287e-06
58500 1.46915e-06
58550 1.44434e-06
58600 1.41949e-06
58650 1.39719e-06
58700 1.37306e-06
58750 1.35041e-06
58800 1.32866e-06
58850 1.30583e-06
58900 1.28392e-06
58950 1.26386e-06
59000 1.24313e-06
59050 1.22253e-06
59100 1.20286e-06
59150 1.18314e-06
59200 1.16365e-06
59250 1.14368e-06
59300 1.12489e-06
59350 1.10555e-06
59400 1.08751e-06
59450 1.06975e-06
59500 1.05284e-06
59550 1.03593e-06
59600 1.0195e-06
59650 1.0034e-06
59700 9.88e-07
59750 9.71893e-07
59800 9.55722e-07
59850 9.41088e-07
59900 9.26209e-07
59950 9.10901e-07
60000 8.96515e-07
60050 8.82602e-07
60100 8.68399e-07
60150 8.54457e-07
60200 8.40868e-07
60250 8.26762e-07
60300 8.12342e-07
60350 7.99616e-07
60400 7.86003e-07
60450 7.73719e-07
60500 7.61279e-07
60550 7.48015e-07
60600 7.3569e-07
60650 7.22839e-07
60700 7.112e-07
60750 7.00399e-07
60800 6.89094e-07
60850 6.78202e-07
60900 6.67426e-07
60950 6.5713e-07
61000 6.46031e-07
61050 6.35248e-07
61100 6.25447e-07
61150 6.14766e-07
61200 6.05325e-07
61250 5.96375e-07
61300 5.86949e-07
61350 5.77627e-07
61400 5.67978e-07
61450 5.59289e-07
61500 5.49622e-07
61550 5.4103e-07
61600 5.32141e-07
61650 5.22967e-07
61700 5.14572e-07
61750 5.06601e-07
61800 4.98493e-07
61850 4.90667e-07
61900 4.82956e-07
61950 4.75336e-07
62000 4.67477e-07
62050 4.59626e-07
62100 4.52266e-07
62150 4.44885e-07
62200 4.37541e-07
62250 4.30238e-07
62300 4.22624e-07
62350 4.16079e-07
62400 4.09125e-07
62450 4.02025e-07
62500 3.95256e-07
62550 3.88884e-07
62600 3.82861e-07
62650 3.76157e-07
62700 3.70061e-07
62750 3.64294e-07
62800 3.58299e-07
62850 3.52832e-07
62900 3.47006e-07
62950 3.41633e-07
63000 3.3612e-07
63050 3.30728e-07
63100 3.2531e-07
63150 3.20035e-07
63200 3.15154e-07
63250 3.10289e-07
63300 3.05307e-07
63350 3.00684e-07
63400 2.95771e-07
63450 2.90956e-07
63500 2.86363e-07
63550 2.81636e-07
63600 2.77078e-07
63650 2.72772e-07
63700 2.68308e-07
63750 2.63893e-07
63800 2.59457e-07
63850 2.55329e-07
63900 2.51201e-07
63950 2.46853e-07
64000 2.43089e-07
64050 2.39178e-07
64100 2.35512e-07
64150 2.31764e-07
64200 2.27814e-07
64250 2.23932e-07
64300 2.2033e-07
64350 2.16579e-07
64400 2.13075e-07
64450 2.0952e-07
64500 2.06067e-07
64550 2.02856e-07
64600 1.99613e-07
64650 1.96299e-07
64700 1.93169e-07
64750 1.90239e-07
64800 1.87092e-07
64850 1.84078e-07
64900 1.81032e-07
64950 1.78194e-07
65000 1.75139e-07
65050 1.72319e-07
65100 1.69535e-07
65150 1.66826e-07
65200 1.6413e-07
65250 1.61356e-07
65300 1.58485e-07
65350 1.55948e-07
65400 1.53335e-07
65450 1.50772e-07
65500 1.48264e-07
65550 1.45981e-07
65600 1.43642e-07
65650 1.41263e-07
65700 1.39141e-07
65750 1.36931e-07
65800 1.34734e-07
65850 1.32482e-07
65900 1.30344e-07
65950 1.28253e-07
66000 1.26185e-07
66050 1.24036e-07
66100 1.22141e-07
66150 1.20209e-07
66200 1.18283e-07
66250 1.16406e-07
66300 1.14581e-07
66350 1.1266e-07
66400 1.10859e-07
66450 1.09125e-07
66500 1.07373e-07
66550 1.0562e-07
66600 1.03904e-07
66650 1.02101e-07
66700 1.00416e-07
66750 9.88601e-08
66800 9.73772e-08
66850 9.5733e-08
66900 9.42424e-08
66950 9.28354e-08
67000 9.13717e-08
67050 8.99193e-08
67100 8.84696e-08
67150 8.69516e-08
67200 8.55168e-08
67250 8.4103e-08
67300 8.27002e-08
67350 8.13786e-08
67400 8.00305e-08
67450 7.87297e-08
67500 7.7521e-08
67550 7.62284e-08
67600 7.49984e-08
67650 7.36912e-08
67700 7.2552e-08
67750 7.13284e-08
67800 7.01821e-08
67850 6.90944e-08
67900 6.79485e-08
67950 6.68525e-08
68000 6.58472e-08
68050 6.47775e-08
68100 6.3727e-08
68150 6.26523e-08
68200 6.16164e-08
68250 6.06284e-08
68300 5.96217e-08
68350 5.86877e-08
68400 5.77265e-08
68450 5.68248e-08
68500 5.59422e-08
68550 5.49799e-08
68600 5.41141e-08
68650 5.32087e-08
68700 5.2361e-08
68750 5.15164e-08
68800 5.07013e-08
68850 4.98869e-08
68900 4.9141e-08
68950 4.83778e-08
69000 4.75821e-08
69050 4.68249e-08
69100 4.60291e-08
69150 4.52628e-08
69200 4.4553e-08
69250 4.3859e-08
69300 4.31541e-08
69350 4.25147e-08
69400 4.17993e-08
69450 4.10988e-08
69500 4.04284e-08
69550 3.97335e-08
69600 3.90969e-08
69650 3.84636e-08
69700 3.77889e-08
69750 3.71547e-08
69800 3.65724e-08
69850 3.59997e-08
69900 3.54147e-08
69950 3.48248e-08
70000 3.42591e-08
70050 3.36869e-08
70100 3.31383e-08
70150 3.26251e-08
70200 3.2095e-08
70250 3.15731e-08
70300 3.10539e-08
70350 3.05579e-08
70400 3.00641e-08
70450 2.96077e-08
70500 2.91444e-08
70550 2.86899e-08
70600 2.82065e-08
70650 2.77472e-08
70700 2.73083e-08
70750 2.68751e-08
70800 2.64294e-08
70850 2.59866e-08
70900 2.55632e-08
70950 2.51629e-08
71000 2.47604e-08
71050 2.43427e-08
71100 2.39399e-08
71150 2.3559e-08
71200 2.31903e-08
71250 2.28132e-08
71300 2.24548e-08
71350 2.21122e-08
71400 2.1747e-08
71450 2.13918e-08
71500 2.10595e-08
71550 2.07493e-08
71600 2.04302e-08
71650 2.00842e-08
71700 1.97597e-08
71750 1.94429e-08
71800 1.91137e-08
71850 1.87955e-08
71900 1.84948e-08
71950 1.82157e-08
72000 1.79446e-08
72050 1.76548e-08
72100 1.73846e-08
72150 1.70932e-08
72200 1.68152e-08
72250 1.65442e-08
72300 1.62627e-08
72350 1.59882e-08
72400 1.57158e-08
72450 1.5467e-08
72500 1.52171e-08
72550 1.49774e-08
72600 1.47311e-08
72650 1.4494e-08
72700 1.42847e-08
72750 1.40606e-08
72800 1.38292e-08
72850 1.36124e-08
72900 1.33934e-08
72950 1.3179e-08
73000 1.2954e-08
73050 1.27453e-08
73100 1.25433e-08
73150 1.23321e-08
73200 1.21395e-08
73250 1.1957e-08
73300 1.17719e-08
73350 1.15775e-08
73400 1.13976e-08
73450 1.12059e-08
73500 1.10308e-08
73550 1.08565e-08
73600 1.06847e-08
73650 1.05026e-08
73700 1.03328e-08
73750 1.01643e-08
73800 9.99475e-09
73850 9.83015e-09
73900 9.6621e-09
73950 9.51155e-09
74000 9.36746e-09
74050 9.21806e-09
74100 9.08003e-09
74150 8.94185e-09
74200 8.79552e-09
74250 8.65591e-09
74300 8.51877e-09
74350 8.38941e-09
74400 8.25647e-09
74450 8.13172e-09
74500 8.00108e-09
74550 7.8741e-09
74600 7.75236e-09
74650 7.62759e-09
74700 7.50235e-09
74750 7.38363e-09
74800 7.26632e-09
74850 7.15392e-09
74900 7.0399e-09
74950 6.92669e-09
75000 6.81503e-09
75050 6.70457e-09
75100 6.59206e-09
75150 6.48532e-09
75200 6.37991e-09
75250 6.27384e-09
75300 6.17374e-09
75350 6.07248e-09
75400 5.97714e-09
75450 5.88404e-09
75500 5.78505e-09
75550 5.69661e-09
75600 5.60737e-09
75650 5.52157e-09
75700 5.43073e-09
75750 5.34214e-09
75800 5.25718e-09
75850 5.17121e-09
75900 5.09398e-09
75950 5.01344e-09
76000 4.92951e-09
76050 4.85099e-09
76100 4.77001e-09
76150 4.6925e-09
76200 4.61833e-09
76250 4.53884e-09
76300 4.46702e-09
76350 4.39529e-09
76400 4.32547e-09
76450 4.25641e-09
76500 4.18343e-09
76550 4.11883e-09
76600 4.05148e-09
76650 3.98478e-09
76700 3.92413e-09
76750 3.86007e-09
76800 3.79901e-09
76850 3.73592e-09
76900 3.67703e-09
76950 3.61959e-09
77000 3.56189e-09
77050 3.50261e-09
77100 3.44481e-09
77150 3.39026e-09
77200 3.33597e-09
77250 3.28364e-09
77300 3.23046e-09
77350 3.17623e-09
77400 3.12538e-09
77450 3.07247e-09
77500 3.02349e-09
77550 2.97405e-09
77600 2.92793e-09
77650 2.88151e-09
77700 2.83368e-09
77750 2.78756e-09
77800 2.74738e-09
77850 2.70426e-09
77900 2.66084e-09
77950 2.61616e-09
78000 2.57467e-09
78050 2.5353e-09
78100 2.49541e-09
78150 2.45581e-09
78200 2.41553e-09
78250 2.37556e-09
78300 2.33679e-09
78350 2.30201e-09
78400 2.2652e-09
78450 2.22515e-09
78500 2.1925e-09
78550 2.15489e-09
78600 2.1188e-09
78650 2.08359e-09
78700 2.04781e-09
78750 2.01431e-09
78800 1.9801e-09
78850 1.94811e-09
78900 1.91533e-09
78950 1.88545e-09
79000 1.85507e-09
79050 1.82526e-09
79100 1.79672e-09
79150 1.76609e-09
79200 1.73845e-09
79250 1.70947e-09
79300 1.6824e-09
79350 1.65454e-09
79400 1.62749e-09
79450 1.60082e-09
79500 1.57553e-09
79550 1.5493e-09
79600 1.52519e-09
79650 1.50102e-09
79700 1.47723e-09
79750 1.45401e-09
79800 1.43071e-09
79850 1.40724e-09
79900 1.38296e-09
79950 1.35929e-09
80000 1.33766e-09
80050 1.31688e-09
80100 1.2955e-09
80150 1.2747e-09
80200 1.25281e-09
80250 1.2335e-09
80300 1.21305e-09
80350 1.1949e-09
80400 1.17627e-09
80450 1.15765e-09
80500 1.1394e-09
80550 1.11962e-09
80600 1.10136e-09
80650 1.08413e-09
80700 1.06707e-09
80750 1.05027e-09
80800 1.03225e-09
80850 1.01664e-09
80900 1.00086e-09
80950 9.8585e-10
81000 9.70686e-10
81050 9.5476e-10
81100 9.38939e-10
81150 9.2399e-10
81200 9.09689e-10
81250 8.95143e-10
81300 8.81294e-10
81350 8.669e-10
81400 8.52566e-10
81450 8.38298e-10
81500 8.24017e-10
81550 8.10425e-10
81600 7.97161e-10
81650 7.84149e-10
81700 7.71087e-10
81750 7.59415e-10
81800 7.47241e-10
81850 7.35338e-10
81900 7.24481e-10
81950 7.12633e-10
82000 7.00962e-10
82050 6.90312e-10
82100 6.79631e-10
82150 6.68956e-10
82200 6.58153e-10
82250 6.47213e-10
82300 6.36819e-10
82350 6.26905e-10
82400 6.17265e-10
82450 6.07176e-10
82500 5.97436e-10
82550 5.87169e-10
82600 5.77615e-10
82650 5.68524e-10
82700 5.59409e-10
82750 5.5069e-10
82800 5.4267e-10
82850 5.34282e-10
82900 5.25681e-10
82950 5.16974e-10
83000 5.08558e-10
83050 5.00694e-10
83100 4.92842e-10
83150 4.853e-10
83200 4.77612e-10
83250 4.69971e-10
83300 4.62445e-10
83350 4.54918e-10
83400 4.47886e-10
83450 4.40933e-10
83500 4.3443e-10
83550 4.27627e-10
83600 4.20398e-10
83650 4.13725e-10
83700 4.07104e-10
83750 4.0052e-10
83800 3.94179e-10
83850 3.87954e-10
83900 3.81866e-10
83950 3.75857e-10
84000 3.69917e-10
84050 3.64167e-10
84100 3.58517e-10
84150 3.52573e-10
84200 3.47235e-10
84250 3.41621e-10
84300 3.3586e-10
84350 3.30784e-10
84400 3.2571e-10
84450 3.20566e-10
84500 3.15423e-10
84550 3.10181e-10
84600 3.05331e-10
84650 3.00568e-10
84700 2.95881e-10
84750 2.91295e-10
84800 2.86599e-10
84850 2.82161e-10
84900 2.775e-10
84950 2.73036e-10
85000 2.68643e-10
85050 2.6412e-10
85100 2.59666e-10
85150 2.55569e-10
85200 2.5158e-10
85250 2.47222e-10
85300 2.43284e-10
85350 2.39432e-10
85400 2.35444e-10
85450 2.31725e-10
85500 2.27917e-10
85550 2.24467e-10
85600 2.20849e-10
85650 2.17028e-10
85700 2.13593e-10
85750 2.09914e-10
85800 2.06724e-10
85850 2.03265e-10
85900 2.00177e-10
85950 1.96986e-10
86000 1.93779e-10
86050 1.90712e-10
86100 1.87772e-10
86150 1.84825e-10
86200 1.82071e-10
86250 1.79248e-10
86300 1.76389e-10
86350 1.7359e-10
86400 1.70803e-10
86450 1.68178e-10
86500 1.65246e-10
86550 1.6265e-10
86600 1.59957e-10
86650 1.57379e-10
86700 1.54781e-10
86750 1.52089e-10
86800 1.4955e-10
86850 1.47147e-10
86900 1.44858e-10
86950 1.42483e-10
87000 1.40299e-10
87050 1.38058e-10
87100 1.35899e-10
87150 1.33622e-10
87200 1.3142e-10
87250 1.29269e-10
87300 1.27248e-10
87350 1.25253e-10
87400 1.23147e-10
87450 1.21241e-10
87500 1.19282e-10
87550 1.17361e-10
87600 1.15535e-10
87650 1.13678e-10
87700 1.11769e-10
87750 1.0991e-10
87800 1.08098e-10
87850 1.06247e-10
87900 1.04573e-10
87950 1.02986e-10
88000 1.01413e-10
88050 9.99121e-11
