1 29.3491
2 27.9751
3 26.631
4 25.3433
5 24.2813
6 23.2171
7 22.105
8 21.0384
9 20.0678
10 19.1875
11 18.2645
12 17.446
13 16.6844
14 16.0181
15 15.3091
16 14.6626
17 14.0302
18 13.381
19 12.8158
20 12.2531
21 11.7289
22 11.2384
23 10.7402
24 10.3002
25 9.83111
26 9.47557
27 9.10512
28 8.71441
29 8.38215
30 7.98368
31 7.63717
32 7.33562
33 7.05475
34 6.75874
35 6.50772
36 6.23882
37 5.97182
38 5.73232
39 5.5138
40 5.27644
41 5.05377
42 4.84399
43 4.67363
44 4.46856
45 4.26865
46 4.09546
47 3.92219
48 3.7838
49 3.63869
50 3.49571
51 3.3721
52 3.23672
53 3.10779
54 2.97771
55 2.8628
56 2.75532
57 2.64685
58 2.53794
59 2.44769
60 2.34994
61 2.26482
62 2.18015
63 2.09576
64 2.00602
65 1.91882
66 1.8505
67 1.78318
68 1.70877
69 1.64938
70 1.58312
71 1.52671
72 1.47138
73 1.42677
74 1.37685
75 1.32805
76 1.28075
77 1.23839
78 1.19476
79 1.15386
80 1.11213
81 1.07286
82 1.0335
83 1.00034
84 0.960992
85 0.927076
86 0.893774
87 0.864225
88 0.837192
89 0.808638
90 0.784176
91 0.758163
92 0.732586
93 0.707523
94 0.687861
95 0.662356
96 0.639625
97 0.621298
98 0.601542
99 0.581679
100 0.565353
101 0.548199
102 0.533146
103 0.518233
104 0.501155
105 0.484985
106 0.472929
107 0.460585
108 0.447523
109 0.435642
110 0.427437
111 0.418939
112 0.408076
113 0.396669
114 0.389461
115 0.381253
116 0.374355
117 0.36458
118 0.358327
119 0.350879
120 0.345317
121 0.342142
122 0.33808
123 0.33433
124 0.327895
125 0.325891
126 0.319181
127 0.312068
128 0.307655
129 0.303568
130 0.29876
131 0.294761
132 0.293455
133 0.293394
134 0.290857
135 0.287892
136 0.285763
137 0.281773
138 0.28174
139 0.280295
140 0.279327
141 0.280443
142 0.279766
143 0.276625
144 0.275128
145 0.274133
146 0.272196
147 0.271131
148 0.273315
149 0.272465
150 0.274169
151 0.272142
152 0.267977
153 0.268166
154 0.267418
155 0.270477
156 0.269958
157 0.269558
158 0.267212
159 0.266395
160 0.265473
161 0.265332
162 0.262735
163 0.264662
164 0.267305
165 0.26564
166 0.267481
167 0.264985
168 0.266611
169 0.263515
170 0.273192
171 0.274541
172 0.271411
173 0.270487
174 0.269431
175 0.264193
176 0.263899
177 0.258693
178 0.25771
179 0.254813
180 0.255364
181 0.256288
182 0.257645
183 0.261777
184 0.259805
185 0.260568
186 0.261905
187 0.263048
188 0.261834
189 0.262502
190 0.265124
191 0.260063
192 0.258042
193 0.256646
194 0.257828
195 0.255136
196 0.257702
197 0.254019
198 0.253159
199 0.254686
200 0.251979
201 0.251002
202 0.253127
203 0.250341
204 0.249387
205 0.252556
206 0.251995
207 0.251635
208 0.251763
209 0.254753
210 0.250231
211 0.255446
212 0.256402
213 0.255637
214 0.258528
215 0.259565
216 0.258337
217 0.257577
218 0.2617
219 0.259587
220 0.26447
221 0.26701
222 0.265404
223 0.265955
224 0.270594
225 0.276814
226 0.276688
227 0.276658
228 0.277553
229 0.274005
230 0.269259
231 0.267431
232 0.263338
233 0.260872
234 0.254072
235 0.254028
236 0.254818
237 0.25425
238 0.25614
239 0.254505
240 0.255717
241 0.258679
242 0.259975
243 0.258486
244 0.260187
245 0.26215
246 0.263695
247 0.264108
248 0.265438
249 0.268
250 0.26821
