10 192.527
20 239.068
30 300.099
40 5608.72
50 31381.4
60 424832
70 2.73482e+06
80 4.72329e+06
90 1.49379e+07
100 1.05462e+08
110 6.84278e+08
120 1.58739e+09
130 2.50697e+09
140 4.76698e+09
150 1.0134e+10
160 8.52311e+09
170 7.42497e+09
180 1.2784e+11
190 1.45444e+12
200 6.58372e+12
210 3.41791e+13
220 1.49963e+14
230 1.32593e+15
240 1.79514e+16
250 2.37298e+16
260 2.08044e+16
270 1.98656e+16
280 3.92602e+17
290 8.48397e+17
300 1.70431e+18
310 6.22958e+18
320 2.4311e+19
330 1.73956e+20
340 5.51632e+20
350 1.02311e+21
360 8.43905e+21
370 3.23761e+22
380 1.42753e+23
390 3.83889e+24
400 6.32299e+24
410 2.03053e+26
420 6.65858e+26
430 6.34993e+26
440 7.15608e+26
450 6.5801e+26
460 7.25863e+26
470 6.26281e+26
480 9.52696e+27
490 3.36235e+29
500 3.05867e+31
510 1.18615e+33
520 4.2841e+33
530 1.61283e+34
540 4.4362e+34
550 4.02188e+35
560 1.50439e+37
570 6.69146e+37
580 5.17596e+38
590 6.30796e+38
600 1.23927e+39
610 3.27411e+39
620 1.0158e+40
630 1.73767e+40
640 1.42584e+41
650 2.96879e+41
660 3.31973e+42
670 2.28555e+43
680 2.23956e+45
690 3.07603e+46
700 3.51636e+47
710 2.89399e+49
720 3.20624e+50
730 2.81382e+51
740 1.25952e+52
750 1.09937e+53
760 1.59419e+55
770 2.58489e+55
780 2.75677e+55
790 6.25143e+56
800 3.11838e+57
810 1.1345e+59
820 2.90415e+59
830 4.76914e+60
840 4.98279e+60
850 3.80281e+61
860 2.79155e+62
870 3.85565e+64
880 4.62761e+65
890 1.13589e+66
900 1.17824e+67
910 1.90222e+68
920 4.36038e+68
930 2.31844e+69
940 3.86111e+69
950 1.8821e+70
960 3.77551e+70
970 3.23463e+72
980 6.47216e+72
990 8.97921e+72
1000 2.60272e+73
1010 5.18456e+74
1020 1.25923e+75
1030 1.08758e+75
1040 1.07789e+75
1050 1.89644e+75
1060 1.12195e+76
1070 6.65752e+76
1080 2.11329e+77
1090 2.16753e+78
1100 2.16074e+78
1110 4.25286e+78
1120 4.21695e+79
1130 6.75555e+79
1140 4.45737e+80
1150 6.13053e+80
1160 6.27623e+81
1170 5.59514e+82
1180 7.17055e+83
1190 1.12041e+84
1200 1.43081e+84
1210 8.50139e+84
1220 4.39125e+85
1230 4.54023e+87
1240 3.32939e+88
1250 1.3556e+89
1260 7.54913e+89
1270 9.44395e+90
1280 3.23632e+91
1290 3.28938e+91
1300 1.84772e+92
1310 9.35408e+92
1320 1.3806e+93
1330 9.16453e+93
1340 1.17967e+94
1350 3.55202e+94
1360 1.5292e+96
1370 3.22447e+96
1380 7.6587e+96
1390 7.51894e+97
1400 5.38823e+99
1410 1.29402e+101
1420 7.90115e+101
1430 6.32647e+102
1440 5.22716e+103
1450 1.75628e+104
1460 9.74507e+104
1470 4.0159e+106
1480 1.54043e+107
1490 2.30258e+108
1500 3.77839e+109
1510 3.97491e+110
1520 3.79786e+111
1530 5.12981e+111
1540 8.36166e+111
1550 2.09094e+112
1560 3.00799e+113
1570 7.92987e+114
1580 8.23126e+114
1590 2.53762e+115
1600 4.16097e+115
1610 6.85686e+116
1620 3.64989e+117
1630 1.32238e+118
1640 3.96316e+118
1650 7.03266e+118
1660 2.70822e+119
1670 3.05381e+119
1680 1.05837e+120
1690 6.43027e+120
1700 6.74315e+121
1710 1.10869e+122
1720 9.12222e+121
1730 7.64891e+121
1740 1.18121e+122
1750 8.30238e+122
1760 2.725e+123
1770 1.72936e+124
1780 7.10755e+125
1790 1.71385e+127
1800 1.00722e+128
1810 4.30909e+128
1820 5.2953e+129
1830 9.67728e+129
1840 1.50488e+130
1850 2.4091e+130
1860 1.69813e+131
1870 4.18909e+131
1880 6.89592e+131
1890 7.30763e+132
1900 2.734e+133
1910 8.10946e+133
1920 1.27557e+135
1930 1.45901e+136
1940 1.75656e+138
1950 4.63989e+138
1960 1.04797e+139
1970 3.57186e+139
1980 1.77003e+140
1990 1.29887e+141
2000 1.49333e+142
